#Nodes
0
1
2
3
4
5
6
7
8
9
10
11
12
13
14
15
16
17
18
19
20
21
22
23
24
25
26
27
28
29
30
31
32
33
34
35
36
37
38
39
40
41
42
43
44
45
46
47
48
49
50
51
52
53
54
55
56
57
58
59
60
61
62
63
64
65
66
67
68
69
70
71
72
73
74
75
76
77
78
79
80
81
82
83
84
85
86
87
88
89
90
91
92
93
94
95
96
97
98
99
100
101
102
103
104
105
106
107
108
109
110
111
112
113
114
115
116
117
118
119
120
121
122
123
124
125
126
127
128
129
130
131
132
133
134
135
136
137
138
139
140
141
142
143
144
145
146
147
148
149
150
151
152
153
154
155
156
157
158
159
160
161
162
163
164
165
166
167
168
169
170
171
172
173
174
175
176
177
178
179
180
181
182
183
184
185
186
187
188
189
190
191
192
193
194
195
196
197
198
199
200
201
202
203
204
205
206
207
208
209
210
211
212
213
214
215
216
217
218
219
220
221
222
223
224
225
226
227
228
229
230
231
232
233
234
235
236
237
238
239
240
241
242
243
244
245
246
247
248
249
250
251
252
253
254
255
256
257
258
259
260
261
262
263
264
265
266
267
268
269
270
271
272
273
274
275
276
277
278
279
280
281
282
283
284
285
286
287
288
289
290
291
292
293
294
295
296
297
298
299
300
301
302
303
304
305
306
307
308
309
310
311
312
313
314
315
316
317
318
319
320
321
322
323
324
325
326
327
328
329
330
331
332
333
334
335
336
337
338
339
340
341
342
343
344
345
346
347
348
349
350
351
352
353
354
355
356
357
358
359
360
361
362
363
364
365
366
367
368
369
370
371
372
373
374
375
376
377
378
379
380
381
382
383
384
385
386
387
388
389
390
391
392
393
394
395
396
397
398
399
#Edges
(0, 389)
(0, 134)
(0, 135)
(0, 108)
(0, 394)
(0, 395)
(0, 12)
(0, 269)
(0, 272)
(0, 152)
(0, 148)
(0, 149)
(0, 22)
(0, 218)
(0, 281)
(0, 154)
(0, 283)
(0, 156)
(0, 285)
(0, 159)
(0, 293)
(0, 166)
(0, 168)
(0, 298)
(0, 299)
(0, 48)
(0, 309)
(0, 183)
(0, 56)
(0, 57)
(0, 194)
(0, 11)
(0, 326)
(0, 328)
(0, 73)
(0, 331)
(0, 204)
(0, 334)
(0, 13)
(0, 338)
(0, 88)
(0, 345)
(0, 346)
(0, 165)
(0, 352)
(0, 97)
(0, 38)
(0, 16)
(0, 361)
(0, 236)
(0, 238)
(0, 126)
(0, 378)
(0, 379)
(0, 124)
(0, 254)
(0, 255)
(1, 256)
(1, 257)
(1, 260)
(1, 136)
(1, 137)
(1, 138)
(1, 8)
(1, 141)
(1, 270)
(1, 399)
(1, 273)
(1, 274)
(1, 157)
(1, 286)
(1, 287)
(1, 14)
(1, 162)
(1, 70)
(1, 39)
(1, 41)
(1, 170)
(1, 171)
(1, 302)
(1, 304)
(1, 177)
(1, 306)
(1, 30)
(1, 53)
(1, 182)
(1, 311)
(1, 184)
(1, 185)
(1, 314)
(1, 10)
(1, 319)
(1, 193)
(1, 196)
(1, 198)
(1, 71)
(1, 75)
(1, 206)
(1, 335)
(1, 336)
(1, 210)
(1, 339)
(1, 78)
(1, 215)
(1, 89)
(1, 221)
(1, 223)
(1, 224)
(1, 354)
(1, 358)
(1, 233)
(1, 235)
(1, 237)
(1, 117)
(1, 246)
(2, 51)
(2, 389)
(2, 135)
(2, 394)
(2, 144)
(2, 156)
(2, 29)
(2, 158)
(2, 288)
(2, 296)
(2, 299)
(2, 303)
(2, 307)
(2, 308)
(2, 54)
(2, 180)
(2, 199)
(2, 200)
(2, 209)
(2, 84)
(2, 95)
(2, 355)
(2, 361)
(2, 371)
(2, 118)
(2, 378)
(3, 385)
(3, 264)
(3, 393)
(3, 266)
(3, 396)
(3, 145)
(3, 280)
(3, 153)
(3, 282)
(3, 284)
(3, 37)
(3, 28)
(3, 43)
(3, 172)
(3, 173)
(3, 46)
(3, 93)
(3, 176)
(3, 55)
(3, 186)
(3, 59)
(3, 325)
(3, 203)
(3, 77)
(3, 208)
(3, 344)
(3, 349)
(3, 94)
(3, 353)
(3, 226)
(3, 99)
(3, 356)
(3, 101)
(3, 102)
(3, 104)
(3, 105)
(3, 111)
(3, 240)
(3, 369)
(3, 370)
(3, 243)
(3, 375)
(3, 120)
(3, 250)
(4, 385)
(4, 258)
(4, 262)
(4, 7)
(4, 9)
(4, 266)
(4, 145)
(4, 23)
(4, 153)
(4, 282)
(4, 284)
(4, 26)
(4, 197)
(4, 33)
(4, 34)
(4, 163)
(4, 36)
(4, 294)
(4, 297)
(4, 176)
(4, 55)
(4, 312)
(4, 186)
(4, 31)
(4, 61)
(4, 195)
(4, 325)
(4, 329)
(4, 74)
(4, 203)
(4, 332)
(4, 337)
(4, 82)
(4, 92)
(4, 349)
(4, 353)
(4, 229)
(4, 231)
(4, 232)
(4, 242)
(4, 243)
(4, 376)
(4, 121)
(4, 250)
(4, 123)
(4, 380)
(5, 130)
(5, 392)
(5, 393)
(5, 267)
(5, 396)
(5, 397)
(5, 142)
(5, 146)
(5, 151)
(5, 68)
(5, 164)
(5, 37)
(5, 301)
(5, 46)
(5, 175)
(5, 305)
(5, 179)
(5, 52)
(5, 181)
(5, 59)
(5, 317)
(5, 191)
(5, 321)
(5, 322)
(5, 323)
(5, 324)
(5, 327)
(5, 201)
(5, 330)
(5, 208)
(5, 344)
(5, 347)
(5, 351)
(5, 225)
(5, 228)
(5, 101)
(5, 80)
(5, 362)
(5, 107)
(5, 110)
(5, 239)
(5, 240)
(5, 369)
(5, 25)
(5, 373)
(5, 374)
(5, 375)
(5, 127)
(5, 381)
(5, 383)
(6, 386)
(6, 22)
(6, 391)
(6, 137)
(6, 10)
(6, 395)
(6, 398)
(6, 143)
(6, 16)
(6, 273)
(6, 274)
(6, 275)
(6, 277)
(6, 278)
(6, 24)
(6, 157)
(6, 289)
(6, 293)
(6, 39)
(6, 168)
(6, 41)
(6, 170)
(6, 71)
(6, 177)
(6, 56)
(6, 60)
(6, 62)
(6, 319)
(6, 194)
(6, 196)
(6, 70)
(6, 161)
(6, 205)
(6, 79)
(6, 336)
(6, 81)
(6, 210)
(6, 83)
(6, 340)
(6, 343)
(6, 88)
(6, 350)
(6, 165)
(6, 356)
(6, 238)
(6, 113)
(6, 147)
(6, 372)
(6, 212)
(6, 246)
(6, 377)
(6, 254)
(7, 258)
(7, 9)
(7, 266)
(7, 145)
(7, 23)
(7, 153)
(7, 282)
(7, 26)
(7, 33)
(7, 34)
(7, 163)
(7, 36)
(7, 294)
(7, 297)
(7, 173)
(7, 174)
(7, 176)
(7, 121)
(7, 312)
(7, 186)
(7, 197)
(7, 70)
(7, 329)
(7, 74)
(7, 55)
(7, 332)
(7, 82)
(7, 343)
(7, 92)
(7, 353)
(7, 356)
(7, 232)
(7, 368)
(7, 169)
(7, 376)
(7, 377)
(7, 250)
(7, 123)
(7, 253)
(8, 256)
(8, 257)
(8, 388)
(8, 129)
(8, 136)
(8, 137)
(8, 138)
(8, 141)
(8, 399)
(8, 149)
(8, 154)
(8, 157)
(8, 286)
(8, 287)
(8, 162)
(8, 39)
(8, 41)
(8, 170)
(8, 171)
(8, 304)
(8, 306)
(8, 182)
(8, 117)
(8, 10)
(8, 190)
(8, 319)
(8, 193)
(8, 198)
(8, 71)
(8, 96)
(8, 75)
(8, 206)
(8, 335)
(8, 336)
(8, 210)
(8, 339)
(8, 78)
(8, 214)
(8, 215)
(8, 89)
(8, 90)
(8, 221)
(8, 223)
(8, 224)
(8, 354)
(8, 358)
(8, 233)
(8, 365)
(8, 241)
(8, 245)
(8, 246)
(8, 247)
(8, 248)
(9, 385)
(9, 258)
(9, 266)
(9, 145)
(9, 23)
(9, 153)
(9, 282)
(9, 284)
(9, 26)
(9, 197)
(9, 33)
(9, 34)
(9, 163)
(9, 36)
(9, 294)
(9, 297)
(9, 173)
(9, 176)
(9, 55)
(9, 312)
(9, 186)
(9, 31)
(9, 325)
(9, 329)
(9, 74)
(9, 203)
(9, 332)
(9, 337)
(9, 82)
(9, 343)
(9, 92)
(9, 93)
(9, 353)
(9, 356)
(9, 231)
(9, 232)
(9, 242)
(9, 243)
(9, 376)
(9, 121)
(9, 250)
(9, 123)
(10, 129)
(10, 386)
(10, 137)
(10, 138)
(10, 395)
(10, 141)
(10, 398)
(10, 399)
(10, 16)
(10, 273)
(10, 274)
(10, 147)
(10, 90)
(10, 149)
(10, 22)
(10, 152)
(10, 281)
(10, 154)
(10, 157)
(10, 286)
(10, 287)
(10, 162)
(10, 293)
(10, 39)
(10, 168)
(10, 41)
(10, 170)
(10, 304)
(10, 177)
(10, 306)
(10, 88)
(10, 319)
(10, 193)
(10, 11)
(10, 196)
(10, 198)
(10, 71)
(10, 328)
(10, 331)
(10, 78)
(10, 336)
(10, 210)
(10, 339)
(10, 212)
(10, 214)
(10, 215)
(10, 216)
(10, 218)
(10, 350)
(10, 223)
(10, 352)
(10, 358)
(10, 103)
(10, 233)
(10, 238)
(10, 241)
(10, 246)
(10, 248)
(10, 254)
(11, 386)
(11, 134)
(11, 137)
(11, 394)
(11, 395)
(11, 12)
(11, 269)
(11, 398)
(11, 399)
(11, 272)
(11, 152)
(11, 147)
(11, 148)
(11, 149)
(11, 22)
(11, 218)
(11, 281)
(11, 154)
(11, 283)
(11, 156)
(11, 285)
(11, 88)
(11, 293)
(11, 38)
(11, 39)
(11, 168)
(11, 298)
(11, 48)
(11, 306)
(11, 57)
(11, 309)
(11, 183)
(11, 313)
(11, 65)
(11, 194)
(11, 196)
(11, 326)
(11, 71)
(11, 328)
(11, 73)
(11, 331)
(11, 204)
(11, 334)
(11, 13)
(11, 210)
(11, 212)
(11, 78)
(11, 214)
(11, 215)
(11, 216)
(11, 346)
(11, 165)
(11, 352)
(11, 97)
(11, 16)
(11, 103)
(11, 236)
(11, 238)
(11, 367)
(11, 241)
(11, 126)
(11, 378)
(11, 124)
(11, 254)
(11, 255)
(12, 389)
(12, 134)
(12, 135)
(12, 394)
(12, 395)
(12, 269)
(12, 272)
(12, 152)
(12, 148)
(12, 149)
(12, 218)
(12, 281)
(12, 154)
(12, 283)
(12, 156)
(12, 285)
(12, 160)
(12, 293)
(12, 38)
(12, 296)
(12, 298)
(12, 299)
(12, 180)
(12, 309)
(12, 183)
(12, 313)
(12, 65)
(12, 326)
(12, 199)
(12, 328)
(12, 73)
(12, 331)
(12, 204)
(12, 334)
(12, 13)
(12, 57)
(12, 216)
(12, 346)
(12, 352)
(12, 97)
(12, 355)
(12, 103)
(12, 361)
(12, 236)
(12, 367)
(12, 378)
(12, 379)
(12, 124)
(12, 126)
(13, 389)
(13, 394)
(13, 269)
(13, 272)
(13, 148)
(13, 149)
(13, 152)
(13, 281)
(13, 346)
(13, 285)
(13, 160)
(13, 296)
(13, 156)
(13, 298)
(13, 72)
(13, 180)
(13, 309)
(13, 183)
(13, 313)
(13, 65)
(13, 326)
(13, 199)
(13, 328)
(13, 73)
(13, 331)
(13, 216)
(13, 218)
(13, 352)
(13, 97)
(13, 355)
(13, 103)
(13, 361)
(13, 236)
(13, 367)
(13, 378)
(13, 124)
(14, 257)
(14, 260)
(14, 30)
(14, 141)
(14, 270)
(14, 273)
(14, 274)
(14, 174)
(14, 23)
(14, 157)
(14, 286)
(14, 162)
(14, 70)
(14, 169)
(14, 170)
(14, 171)
(14, 300)
(14, 302)
(14, 177)
(14, 53)
(14, 184)
(14, 185)
(14, 314)
(14, 315)
(14, 189)
(14, 319)
(14, 320)
(14, 193)
(14, 67)
(14, 198)
(14, 206)
(14, 207)
(14, 336)
(14, 89)
(14, 348)
(14, 221)
(14, 224)
(14, 354)
(14, 100)
(14, 233)
(14, 235)
(14, 364)
(14, 237)
(14, 125)
(14, 368)
(14, 115)
(14, 116)
(14, 117)
(14, 246)
(14, 41)
(14, 249)
(14, 253)
(15, 384)
(15, 267)
(15, 397)
(15, 45)
(15, 146)
(15, 25)
(15, 91)
(15, 42)
(15, 301)
(15, 52)
(15, 181)
(15, 188)
(15, 317)
(15, 191)
(15, 321)
(15, 323)
(15, 324)
(15, 333)
(15, 347)
(15, 225)
(15, 228)
(15, 107)
(15, 112)
(15, 374)
(15, 383)
(15, 381)
(15, 127)
(16, 386)
(16, 22)
(16, 134)
(16, 391)
(16, 137)
(16, 395)
(16, 269)
(16, 398)
(16, 24)
(16, 275)
(16, 277)
(16, 278)
(16, 152)
(16, 281)
(16, 154)
(16, 283)
(16, 218)
(16, 159)
(16, 289)
(16, 293)
(16, 166)
(16, 39)
(16, 168)
(16, 44)
(16, 48)
(16, 183)
(16, 56)
(16, 57)
(16, 60)
(16, 62)
(16, 19)
(16, 194)
(16, 196)
(16, 71)
(16, 73)
(16, 204)
(16, 205)
(16, 334)
(16, 338)
(16, 340)
(16, 88)
(16, 346)
(16, 350)
(16, 165)
(16, 352)
(16, 97)
(16, 38)
(16, 108)
(16, 210)
(16, 238)
(16, 113)
(16, 147)
(16, 372)
(16, 126)
(16, 212)
(16, 254)
(16, 255)
(17, 34)
(17, 227)
(17, 133)
(17, 359)
(17, 232)
(17, 234)
(17, 119)
(17, 268)
(17, 47)
(17, 276)
(17, 187)
(17, 150)
(17, 279)
(17, 312)
(17, 26)
(17, 251)
(17, 92)
(17, 202)
(18, 128)
(18, 259)
(18, 263)
(18, 265)
(18, 140)
(18, 142)
(18, 131)
(18, 27)
(18, 32)
(18, 290)
(18, 40)
(18, 310)
(18, 63)
(18, 192)
(18, 69)
(18, 327)
(18, 201)
(18, 219)
(18, 357)
(18, 362)
(18, 109)
(18, 239)
(18, 252)
(19, 386)
(19, 22)
(19, 134)
(19, 391)
(19, 392)
(19, 265)
(19, 140)
(19, 143)
(19, 275)
(19, 20)
(19, 277)
(19, 278)
(19, 283)
(19, 159)
(19, 289)
(19, 290)
(19, 155)
(19, 164)
(19, 293)
(19, 166)
(19, 167)
(19, 168)
(19, 44)
(19, 48)
(19, 49)
(19, 310)
(19, 56)
(19, 244)
(19, 60)
(19, 62)
(19, 194)
(19, 201)
(19, 330)
(19, 204)
(19, 334)
(19, 80)
(19, 81)
(19, 338)
(19, 83)
(19, 340)
(19, 213)
(19, 57)
(19, 165)
(19, 98)
(19, 357)
(19, 362)
(19, 108)
(19, 366)
(19, 113)
(19, 147)
(19, 372)
(19, 122)
(19, 126)
(19, 255)
(20, 130)
(20, 263)
(20, 392)
(20, 265)
(20, 140)
(20, 142)
(20, 143)
(20, 275)
(20, 277)
(20, 278)
(20, 155)
(20, 290)
(20, 164)
(20, 166)
(20, 167)
(20, 391)
(20, 44)
(20, 175)
(20, 49)
(20, 179)
(20, 310)
(20, 56)
(20, 59)
(20, 62)
(20, 192)
(20, 327)
(20, 201)
(20, 330)
(20, 109)
(20, 208)
(20, 213)
(20, 344)
(20, 80)
(20, 98)
(20, 357)
(20, 362)
(20, 110)
(20, 366)
(20, 239)
(20, 113)
(20, 244)
(20, 373)
(20, 122)
(21, 129)
(21, 387)
(21, 388)
(21, 342)
(21, 390)
(21, 139)
(21, 292)
(21, 178)
(21, 190)
(21, 245)
(21, 64)
(21, 72)
(21, 75)
(21, 76)
(21, 335)
(21, 339)
(21, 214)
(21, 217)
(21, 90)
(21, 223)
(21, 360)
(21, 365)
(21, 318)
(21, 247)
(21, 248)
(21, 382)
(22, 386)
(22, 134)
(22, 391)
(22, 137)
(22, 395)
(22, 269)
(22, 398)
(22, 24)
(22, 147)
(22, 277)
(22, 278)
(22, 152)
(22, 281)
(22, 154)
(22, 283)
(22, 218)
(22, 159)
(22, 289)
(22, 293)
(22, 166)
(22, 39)
(22, 168)
(22, 48)
(22, 183)
(22, 56)
(22, 57)
(22, 60)
(22, 62)
(22, 194)
(22, 196)
(22, 71)
(22, 73)
(22, 204)
(22, 205)
(22, 334)
(22, 338)
(22, 212)
(22, 88)
(22, 346)
(22, 350)
(22, 165)
(22, 352)
(22, 97)
(22, 38)
(22, 108)
(22, 210)
(22, 238)
(22, 113)
(22, 372)
(22, 126)
(22, 254)
(22, 255)
(23, 258)
(23, 276)
(23, 174)
(23, 26)
(23, 34)
(23, 163)
(23, 36)
(23, 297)
(23, 300)
(23, 302)
(23, 47)
(23, 121)
(23, 312)
(23, 185)
(23, 186)
(23, 249)
(23, 189)
(23, 320)
(23, 197)
(23, 70)
(23, 329)
(23, 74)
(23, 119)
(23, 332)
(23, 207)
(23, 92)
(23, 82)
(23, 343)
(23, 348)
(23, 227)
(23, 232)
(23, 364)
(23, 237)
(23, 368)
(23, 115)
(23, 169)
(23, 377)
(23, 123)
(23, 253)
(24, 386)
(24, 391)
(24, 137)
(24, 398)
(24, 143)
(24, 273)
(24, 274)
(24, 275)
(24, 277)
(24, 278)
(24, 157)
(24, 289)
(24, 293)
(24, 39)
(24, 168)
(24, 41)
(24, 170)
(24, 71)
(24, 173)
(24, 177)
(24, 56)
(24, 60)
(24, 62)
(24, 377)
(24, 194)
(24, 196)
(24, 70)
(24, 161)
(24, 205)
(24, 79)
(24, 81)
(24, 210)
(24, 83)
(24, 340)
(24, 343)
(24, 88)
(24, 350)
(24, 165)
(24, 356)
(24, 238)
(24, 113)
(24, 147)
(24, 372)
(24, 246)
(24, 212)
(24, 122)
(24, 319)
(24, 254)
(25, 132)
(25, 393)
(25, 267)
(25, 396)
(25, 397)
(25, 45)
(25, 151)
(25, 28)
(25, 91)
(25, 37)
(25, 42)
(25, 172)
(25, 301)
(25, 179)
(25, 52)
(25, 181)
(25, 188)
(25, 317)
(25, 191)
(25, 321)
(25, 324)
(25, 333)
(25, 208)
(25, 344)
(25, 347)
(25, 225)
(25, 226)
(25, 228)
(25, 101)
(25, 111)
(25, 240)
(25, 369)
(25, 374)
(25, 375)
(25, 120)
(25, 381)
(25, 383)
(26, 258)
(26, 261)
(26, 262)
(26, 268)
(26, 276)
(26, 150)
(26, 279)
(26, 31)
(26, 33)
(26, 34)
(26, 163)
(26, 36)
(26, 294)
(26, 297)
(26, 47)
(26, 312)
(26, 61)
(26, 329)
(26, 74)
(26, 332)
(26, 337)
(26, 82)
(26, 85)
(26, 92)
(26, 227)
(26, 229)
(26, 232)
(26, 234)
(26, 242)
(26, 123)
(26, 119)
(26, 376)
(26, 121)
(26, 251)
(26, 253)
(27, 128)
(27, 134)
(27, 135)
(27, 140)
(27, 158)
(27, 159)
(27, 288)
(27, 291)
(27, 38)
(27, 295)
(27, 40)
(27, 299)
(27, 303)
(27, 50)
(27, 57)
(27, 63)
(27, 32)
(27, 69)
(27, 200)
(27, 204)
(27, 209)
(27, 338)
(27, 35)
(27, 341)
(27, 87)
(27, 345)
(27, 219)
(27, 220)
(27, 222)
(27, 230)
(27, 106)
(27, 363)
(27, 108)
(27, 114)
(27, 118)
(27, 379)
(27, 252)
(28, 385)
(28, 132)
(28, 393)
(28, 396)
(28, 280)
(28, 284)
(28, 43)
(28, 172)
(28, 195)
(28, 325)
(28, 203)
(28, 77)
(28, 86)
(28, 349)
(28, 94)
(28, 226)
(28, 99)
(28, 102)
(28, 231)
(28, 105)
(28, 111)
(28, 240)
(28, 369)
(28, 370)
(28, 243)
(28, 375)
(28, 120)
(29, 51)
(29, 389)
(29, 135)
(29, 394)
(29, 144)
(29, 156)
(29, 158)
(29, 288)
(29, 296)
(29, 299)
(29, 303)
(29, 307)
(29, 180)
(29, 54)
(29, 308)
(29, 199)
(29, 200)
(29, 209)
(29, 84)
(29, 345)
(29, 95)
(29, 355)
(29, 361)
(29, 371)
(29, 118)
(29, 378)
(30, 256)
(30, 257)
(30, 260)
(30, 138)
(30, 141)
(30, 270)
(30, 271)
(30, 274)
(30, 174)
(30, 157)
(30, 286)
(30, 162)
(30, 70)
(30, 170)
(30, 171)
(30, 300)
(30, 302)
(30, 53)
(30, 182)
(30, 311)
(30, 184)
(30, 185)
(30, 314)
(30, 315)
(30, 189)
(30, 319)
(30, 193)
(30, 67)
(30, 198)
(30, 206)
(30, 207)
(30, 336)
(30, 89)
(30, 348)
(30, 221)
(30, 224)
(30, 354)
(30, 100)
(30, 358)
(30, 233)
(30, 235)
(30, 364)
(30, 237)
(30, 368)
(30, 115)
(30, 116)
(30, 117)
(30, 246)
(30, 249)
(30, 125)
(31, 261)
(31, 262)
(31, 145)
(31, 280)
(31, 153)
(31, 284)
(31, 33)
(31, 163)
(31, 294)
(31, 43)
(31, 61)
(31, 195)
(31, 325)
(31, 74)
(31, 203)
(31, 337)
(31, 85)
(31, 86)
(31, 349)
(31, 99)
(31, 229)
(31, 102)
(31, 231)
(31, 111)
(31, 242)
(31, 243)
(31, 376)
(31, 123)
(31, 380)
(32, 128)
(32, 263)
(32, 140)
(32, 291)
(32, 295)
(32, 40)
(32, 50)
(32, 63)
(32, 69)
(32, 338)
(32, 35)
(32, 341)
(32, 345)
(32, 219)
(32, 220)
(32, 222)
(32, 230)
(32, 106)
(32, 363)
(32, 108)
(32, 114)
(32, 252)
(33, 385)
(33, 258)
(33, 261)
(33, 262)
(33, 266)
(33, 145)
(33, 280)
(33, 153)
(33, 284)
(33, 197)
(33, 34)
(33, 163)
(33, 294)
(33, 297)
(33, 43)
(33, 176)
(33, 55)
(33, 186)
(33, 61)
(33, 195)
(33, 325)
(33, 74)
(33, 203)
(33, 332)
(33, 337)
(33, 85)
(33, 92)
(33, 349)
(33, 353)
(33, 99)
(33, 229)
(33, 102)
(33, 231)
(33, 242)
(33, 243)
(33, 376)
(33, 121)
(33, 123)
(33, 380)
(34, 258)
(34, 262)
(34, 268)
(34, 145)
(34, 276)
(34, 150)
(34, 279)
(34, 153)
(34, 163)
(34, 36)
(34, 294)
(34, 297)
(34, 47)
(34, 312)
(34, 61)
(34, 329)
(34, 74)
(34, 119)
(34, 332)
(34, 337)
(34, 82)
(34, 85)
(34, 92)
(34, 227)
(34, 229)
(34, 232)
(34, 234)
(34, 242)
(34, 123)
(34, 169)
(34, 376)
(34, 121)
(34, 251)
(34, 253)
(35, 128)
(35, 288)
(35, 291)
(35, 295)
(35, 40)
(35, 50)
(35, 307)
(35, 308)
(35, 58)
(35, 63)
(35, 66)
(35, 69)
(35, 200)
(35, 209)
(35, 211)
(35, 84)
(35, 341)
(35, 87)
(35, 219)
(35, 220)
(35, 222)
(35, 230)
(35, 106)
(35, 363)
(35, 114)
(35, 371)
(35, 118)
(35, 252)
(36, 258)
(36, 276)
(36, 174)
(36, 163)
(36, 297)
(36, 300)
(36, 302)
(36, 47)
(36, 121)
(36, 312)
(36, 185)
(36, 74)
(36, 320)
(36, 197)
(36, 70)
(36, 329)
(36, 202)
(36, 119)
(36, 332)
(36, 207)
(36, 92)
(36, 82)
(36, 343)
(36, 348)
(36, 227)
(36, 359)
(36, 232)
(36, 234)
(36, 364)
(36, 237)
(36, 368)
(36, 115)
(36, 169)
(36, 249)
(36, 123)
(36, 253)
(37, 385)
(37, 130)
(37, 392)
(37, 393)
(37, 396)
(37, 110)
(37, 151)
(37, 164)
(37, 167)
(37, 43)
(37, 172)
(37, 80)
(37, 175)
(37, 264)
(37, 179)
(37, 52)
(37, 181)
(37, 59)
(37, 321)
(37, 330)
(37, 77)
(37, 208)
(37, 344)
(37, 347)
(37, 94)
(37, 225)
(37, 226)
(37, 101)
(37, 104)
(37, 105)
(37, 46)
(37, 366)
(37, 239)
(37, 240)
(37, 369)
(37, 370)
(37, 373)
(37, 375)
(37, 381)
(37, 383)
(38, 389)
(38, 134)
(38, 135)
(38, 394)
(38, 269)
(38, 124)
(38, 281)
(38, 283)
(38, 156)
(38, 158)
(38, 159)
(38, 288)
(38, 291)
(38, 166)
(38, 295)
(38, 298)
(38, 299)
(38, 303)
(38, 48)
(38, 50)
(38, 180)
(38, 183)
(38, 57)
(38, 194)
(38, 69)
(38, 200)
(38, 73)
(38, 204)
(38, 334)
(38, 209)
(38, 338)
(38, 345)
(38, 346)
(38, 219)
(38, 222)
(38, 97)
(38, 361)
(38, 108)
(38, 114)
(38, 118)
(38, 378)
(38, 379)
(38, 252)
(38, 126)
(38, 255)
(39, 386)
(39, 137)
(39, 138)
(39, 395)
(39, 141)
(39, 398)
(39, 399)
(39, 273)
(39, 274)
(39, 147)
(39, 149)
(39, 152)
(39, 281)
(39, 154)
(39, 157)
(39, 286)
(39, 287)
(39, 162)
(39, 293)
(39, 168)
(39, 41)
(39, 170)
(39, 304)
(39, 177)
(39, 306)
(39, 60)
(39, 319)
(39, 196)
(39, 198)
(39, 71)
(39, 328)
(39, 331)
(39, 205)
(39, 78)
(39, 336)
(39, 210)
(39, 212)
(39, 214)
(39, 215)
(39, 88)
(39, 218)
(39, 350)
(39, 165)
(39, 352)
(39, 358)
(39, 233)
(39, 238)
(39, 241)
(39, 246)
(39, 254)
(40, 128)
(40, 288)
(40, 291)
(40, 295)
(40, 303)
(40, 50)
(40, 307)
(40, 308)
(40, 63)
(40, 66)
(40, 69)
(40, 200)
(40, 209)
(40, 211)
(40, 341)
(40, 87)
(40, 345)
(40, 219)
(40, 220)
(40, 222)
(40, 230)
(40, 106)
(40, 363)
(40, 114)
(40, 371)
(40, 118)
(40, 252)
(41, 257)
(41, 386)
(41, 137)
(41, 138)
(41, 215)
(41, 141)
(41, 398)
(41, 273)
(41, 274)
(41, 147)
(41, 157)
(41, 286)
(41, 287)
(41, 289)
(41, 162)
(41, 70)
(41, 170)
(41, 171)
(41, 174)
(41, 304)
(41, 177)
(41, 306)
(41, 185)
(41, 60)
(41, 319)
(41, 193)
(41, 196)
(41, 198)
(41, 161)
(41, 205)
(41, 206)
(41, 336)
(41, 210)
(41, 212)
(41, 78)
(41, 343)
(41, 88)
(41, 71)
(41, 350)
(41, 224)
(41, 354)
(41, 358)
(41, 233)
(41, 237)
(41, 238)
(41, 246)
(41, 377)
(41, 254)
(42, 384)
(42, 132)
(42, 267)
(42, 397)
(42, 45)
(42, 347)
(42, 301)
(42, 188)
(42, 317)
(42, 191)
(42, 321)
(42, 323)
(42, 324)
(42, 333)
(42, 91)
(42, 225)
(42, 228)
(42, 107)
(42, 112)
(42, 374)
(42, 383)
(42, 381)
(42, 127)
(43, 385)
(43, 264)
(43, 266)
(43, 396)
(43, 145)
(43, 280)
(43, 153)
(43, 282)
(43, 284)
(43, 294)
(43, 172)
(43, 46)
(43, 93)
(43, 176)
(43, 55)
(43, 59)
(43, 195)
(43, 325)
(43, 203)
(43, 77)
(43, 86)
(43, 349)
(43, 94)
(43, 226)
(43, 99)
(43, 101)
(43, 102)
(43, 231)
(43, 104)
(43, 105)
(43, 111)
(43, 240)
(43, 369)
(43, 370)
(43, 243)
(43, 375)
(43, 120)
(43, 250)
(43, 123)
(44, 386)
(44, 391)
(44, 392)
(44, 265)
(44, 140)
(44, 130)
(44, 143)
(44, 275)
(44, 277)
(44, 278)
(44, 155)
(44, 159)
(44, 289)
(44, 290)
(44, 164)
(44, 165)
(44, 166)
(44, 167)
(44, 48)
(44, 49)
(44, 310)
(44, 56)
(44, 372)
(44, 60)
(44, 62)
(44, 194)
(44, 327)
(44, 201)
(44, 330)
(44, 334)
(44, 79)
(44, 80)
(44, 81)
(44, 338)
(44, 83)
(44, 340)
(44, 213)
(44, 98)
(44, 357)
(44, 362)
(44, 366)
(44, 239)
(44, 113)
(44, 147)
(44, 244)
(44, 373)
(44, 122)
(44, 255)
(45, 384)
(45, 132)
(45, 267)
(45, 397)
(45, 240)
(45, 347)
(45, 301)
(45, 52)
(45, 181)
(45, 188)
(45, 317)
(45, 191)
(45, 321)
(45, 323)
(45, 324)
(45, 333)
(45, 91)
(45, 225)
(45, 228)
(45, 112)
(45, 374)
(45, 381)
(45, 383)
(46, 385)
(46, 392)
(46, 393)
(46, 266)
(46, 396)
(46, 77)
(46, 143)
(46, 275)
(46, 151)
(46, 282)
(46, 164)
(46, 167)
(46, 172)
(46, 173)
(46, 80)
(46, 93)
(46, 176)
(46, 264)
(46, 179)
(46, 55)
(46, 59)
(46, 325)
(46, 330)
(46, 98)
(46, 79)
(46, 208)
(46, 81)
(46, 83)
(46, 340)
(46, 213)
(46, 344)
(46, 122)
(46, 94)
(46, 353)
(46, 226)
(46, 356)
(46, 101)
(46, 104)
(46, 105)
(46, 366)
(46, 240)
(46, 369)
(46, 370)
(46, 243)
(46, 373)
(46, 375)
(46, 250)
(47, 268)
(47, 276)
(47, 163)
(47, 169)
(47, 174)
(47, 312)
(47, 189)
(47, 320)
(47, 67)
(47, 329)
(47, 202)
(47, 332)
(47, 207)
(47, 92)
(47, 121)
(47, 348)
(47, 227)
(47, 359)
(47, 232)
(47, 234)
(47, 364)
(47, 125)
(47, 368)
(47, 115)
(47, 116)
(47, 119)
(47, 249)
(47, 251)
(47, 253)
(48, 386)
(48, 134)
(48, 391)
(48, 265)
(48, 395)
(48, 269)
(48, 398)
(48, 275)
(48, 277)
(48, 278)
(48, 283)
(48, 156)
(48, 159)
(48, 155)
(48, 293)
(48, 166)
(48, 168)
(48, 299)
(48, 183)
(48, 56)
(48, 244)
(48, 60)
(48, 62)
(48, 194)
(48, 73)
(48, 204)
(48, 334)
(48, 338)
(48, 213)
(48, 57)
(48, 345)
(48, 165)
(48, 97)
(48, 357)
(48, 108)
(48, 238)
(48, 113)
(48, 147)
(48, 372)
(48, 126)
(48, 379)
(48, 254)
(48, 255)
(49, 130)
(49, 263)
(49, 392)
(49, 265)
(49, 140)
(49, 143)
(49, 275)
(49, 277)
(49, 278)
(49, 155)
(49, 159)
(49, 290)
(49, 164)
(49, 165)
(49, 166)
(49, 167)
(49, 391)
(49, 179)
(49, 310)
(49, 56)
(49, 244)
(49, 59)
(49, 62)
(49, 192)
(49, 194)
(49, 327)
(49, 201)
(49, 330)
(49, 80)
(49, 81)
(49, 340)
(49, 213)
(49, 344)
(49, 98)
(49, 357)
(49, 362)
(49, 366)
(49, 239)
(49, 113)
(49, 372)
(49, 373)
(49, 122)
(50, 128)
(50, 134)
(50, 135)
(50, 140)
(50, 158)
(50, 288)
(50, 291)
(50, 295)
(50, 299)
(50, 303)
(50, 307)
(50, 308)
(50, 54)
(50, 57)
(50, 63)
(50, 69)
(50, 200)
(50, 73)
(50, 204)
(50, 209)
(50, 338)
(50, 211)
(50, 84)
(50, 341)
(50, 87)
(50, 345)
(50, 219)
(50, 220)
(50, 222)
(50, 95)
(50, 230)
(50, 106)
(50, 363)
(50, 108)
(50, 114)
(50, 371)
(50, 118)
(50, 378)
(50, 379)
(50, 252)
(51, 389)
(51, 135)
(51, 144)
(51, 158)
(51, 288)
(51, 295)
(51, 296)
(51, 303)
(51, 307)
(51, 308)
(51, 54)
(51, 180)
(51, 58)
(51, 66)
(51, 199)
(51, 200)
(51, 209)
(51, 211)
(51, 84)
(51, 341)
(51, 87)
(51, 222)
(51, 95)
(51, 230)
(51, 361)
(51, 106)
(51, 363)
(51, 114)
(51, 371)
(51, 118)
(52, 130)
(52, 392)
(52, 393)
(52, 267)
(52, 396)
(52, 397)
(52, 142)
(52, 146)
(52, 151)
(52, 68)
(52, 112)
(52, 164)
(52, 301)
(52, 175)
(52, 305)
(52, 179)
(52, 181)
(52, 316)
(52, 317)
(52, 191)
(52, 321)
(52, 322)
(52, 323)
(52, 324)
(52, 208)
(52, 344)
(52, 347)
(52, 351)
(52, 225)
(52, 228)
(52, 101)
(52, 188)
(52, 107)
(52, 110)
(52, 239)
(52, 240)
(52, 369)
(52, 373)
(52, 374)
(52, 375)
(52, 127)
(52, 381)
(52, 383)
(53, 256)
(53, 257)
(53, 260)
(53, 136)
(53, 138)
(53, 141)
(53, 270)
(53, 271)
(53, 286)
(53, 162)
(53, 171)
(53, 300)
(53, 302)
(53, 182)
(53, 311)
(53, 184)
(53, 314)
(53, 315)
(53, 189)
(53, 193)
(53, 67)
(53, 198)
(53, 96)
(53, 206)
(53, 89)
(53, 348)
(53, 221)
(53, 224)
(53, 354)
(53, 100)
(53, 233)
(53, 235)
(53, 237)
(53, 116)
(53, 117)
(53, 249)
(53, 125)
(54, 389)
(54, 135)
(54, 144)
(54, 158)
(54, 288)
(54, 291)
(54, 295)
(54, 296)
(54, 299)
(54, 303)
(54, 307)
(54, 180)
(54, 308)
(54, 58)
(54, 66)
(54, 69)
(54, 199)
(54, 200)
(54, 209)
(54, 211)
(54, 84)
(54, 341)
(54, 87)
(54, 345)
(54, 220)
(54, 222)
(54, 95)
(54, 230)
(54, 361)
(54, 106)
(54, 363)
(54, 114)
(54, 371)
(54, 118)
(55, 385)
(55, 258)
(55, 264)
(55, 266)
(55, 145)
(55, 153)
(55, 282)
(55, 284)
(55, 197)
(55, 163)
(55, 294)
(55, 297)
(55, 172)
(55, 173)
(55, 176)
(55, 121)
(55, 186)
(55, 59)
(55, 325)
(55, 329)
(55, 74)
(55, 203)
(55, 332)
(55, 77)
(55, 79)
(55, 82)
(55, 83)
(55, 343)
(55, 93)
(55, 94)
(55, 353)
(55, 356)
(55, 102)
(55, 104)
(55, 105)
(55, 370)
(55, 243)
(55, 376)
(55, 377)
(55, 250)
(55, 123)
(56, 386)
(56, 134)
(56, 391)
(56, 265)
(56, 395)
(56, 398)
(56, 143)
(56, 275)
(56, 277)
(56, 278)
(56, 283)
(56, 159)
(56, 289)
(56, 290)
(56, 155)
(56, 293)
(56, 166)
(56, 167)
(56, 168)
(56, 372)
(56, 60)
(56, 62)
(56, 194)
(56, 113)
(56, 204)
(56, 205)
(56, 334)
(56, 81)
(56, 338)
(56, 83)
(56, 340)
(56, 213)
(56, 57)
(56, 350)
(56, 165)
(56, 97)
(56, 98)
(56, 357)
(56, 108)
(56, 366)
(56, 238)
(56, 147)
(56, 244)
(56, 126)
(56, 212)
(56, 122)
(56, 254)
(56, 255)
(57, 134)
(57, 391)
(57, 395)
(57, 269)
(57, 277)
(57, 281)
(57, 283)
(57, 156)
(57, 159)
(57, 288)
(57, 291)
(57, 293)
(57, 166)
(57, 295)
(57, 168)
(57, 299)
(57, 303)
(57, 183)
(57, 194)
(57, 200)
(57, 73)
(57, 204)
(57, 334)
(57, 338)
(57, 345)
(57, 346)
(57, 219)
(57, 135)
(57, 165)
(57, 97)
(57, 124)
(57, 108)
(57, 238)
(57, 113)
(57, 244)
(57, 126)
(57, 378)
(57, 379)
(57, 252)
(57, 254)
(57, 255)
(58, 66)
(58, 230)
(58, 106)
(58, 363)
(58, 144)
(58, 209)
(58, 114)
(58, 307)
(58, 308)
(58, 341)
(58, 118)
(58, 87)
(58, 371)
(58, 84)
(58, 95)
(58, 220)
(58, 222)
(58, 211)
(59, 385)
(59, 130)
(59, 392)
(59, 393)
(59, 266)
(59, 396)
(59, 77)
(59, 143)
(59, 275)
(59, 278)
(59, 151)
(59, 282)
(59, 164)
(59, 167)
(59, 172)
(59, 173)
(59, 80)
(59, 93)
(59, 176)
(59, 264)
(59, 179)
(59, 201)
(59, 330)
(59, 98)
(59, 79)
(59, 208)
(59, 81)
(59, 83)
(59, 340)
(59, 213)
(59, 344)
(59, 122)
(59, 94)
(59, 353)
(59, 226)
(59, 356)
(59, 101)
(59, 104)
(59, 105)
(59, 366)
(59, 240)
(59, 369)
(59, 370)
(59, 243)
(59, 373)
(59, 375)
(59, 250)
(60, 386)
(60, 391)
(60, 137)
(60, 395)
(60, 398)
(60, 143)
(60, 273)
(60, 275)
(60, 277)
(60, 278)
(60, 155)
(60, 159)
(60, 289)
(60, 293)
(60, 166)
(60, 168)
(60, 71)
(60, 173)
(60, 177)
(60, 244)
(60, 62)
(60, 194)
(60, 196)
(60, 161)
(60, 205)
(60, 334)
(60, 79)
(60, 81)
(60, 210)
(60, 83)
(60, 340)
(60, 213)
(60, 377)
(60, 88)
(60, 350)
(60, 165)
(60, 98)
(60, 356)
(60, 238)
(60, 113)
(60, 147)
(60, 372)
(60, 212)
(60, 122)
(60, 254)
(60, 255)
(61, 261)
(61, 262)
(61, 150)
(61, 279)
(61, 280)
(61, 284)
(61, 163)
(61, 294)
(61, 195)
(61, 74)
(61, 203)
(61, 337)
(61, 85)
(61, 92)
(61, 349)
(61, 229)
(61, 231)
(61, 242)
(61, 376)
(61, 123)
(61, 380)
(62, 386)
(62, 391)
(62, 398)
(62, 143)
(62, 275)
(62, 277)
(62, 278)
(62, 155)
(62, 159)
(62, 289)
(62, 293)
(62, 166)
(62, 167)
(62, 168)
(62, 173)
(62, 372)
(62, 194)
(62, 196)
(62, 161)
(62, 330)
(62, 205)
(62, 334)
(62, 79)
(62, 80)
(62, 81)
(62, 83)
(62, 212)
(62, 213)
(62, 93)
(62, 350)
(62, 165)
(62, 98)
(62, 356)
(62, 357)
(62, 366)
(62, 113)
(62, 147)
(62, 244)
(62, 340)
(62, 122)
(62, 254)
(62, 255)
(63, 128)
(63, 158)
(63, 288)
(63, 291)
(63, 295)
(63, 303)
(63, 307)
(63, 308)
(63, 66)
(63, 69)
(63, 200)
(63, 209)
(63, 211)
(63, 84)
(63, 341)
(63, 87)
(63, 345)
(63, 219)
(63, 220)
(63, 222)
(63, 230)
(63, 106)
(63, 363)
(63, 114)
(63, 371)
(63, 118)
(63, 379)
(63, 252)
(64, 256)
(64, 96)
(64, 387)
(64, 182)
(64, 390)
(64, 360)
(64, 75)
(64, 247)
(64, 76)
(64, 335)
(64, 136)
(64, 178)
(64, 139)
(64, 318)
(64, 342)
(64, 311)
(64, 217)
(64, 271)
(64, 382)
(64, 117)
(65, 129)
(65, 388)
(65, 394)
(65, 269)
(65, 399)
(65, 272)
(65, 152)
(65, 148)
(65, 149)
(65, 218)
(65, 281)
(65, 154)
(65, 285)
(65, 160)
(65, 298)
(65, 72)
(65, 309)
(65, 313)
(65, 190)
(65, 326)
(65, 328)
(65, 331)
(65, 78)
(65, 214)
(65, 215)
(65, 216)
(65, 346)
(65, 352)
(65, 355)
(65, 90)
(65, 103)
(65, 236)
(65, 365)
(65, 367)
(65, 241)
(65, 245)
(65, 248)
(65, 124)
(66, 307)
(66, 144)
(66, 158)
(66, 308)
(66, 209)
(66, 211)
(66, 84)
(66, 341)
(66, 87)
(66, 220)
(66, 222)
(66, 95)
(66, 230)
(66, 106)
(66, 363)
(66, 114)
(66, 371)
(66, 118)
(67, 257)
(67, 260)
(67, 270)
(67, 174)
(67, 169)
(67, 171)
(67, 300)
(67, 302)
(67, 184)
(67, 185)
(67, 314)
(67, 315)
(67, 189)
(67, 320)
(67, 202)
(67, 206)
(67, 207)
(67, 89)
(67, 348)
(67, 221)
(67, 224)
(67, 354)
(67, 100)
(67, 359)
(67, 235)
(67, 364)
(67, 237)
(67, 125)
(67, 368)
(67, 115)
(67, 116)
(67, 249)
(67, 253)
(68, 130)
(68, 259)
(68, 392)
(68, 393)
(68, 267)
(68, 142)
(68, 146)
(68, 131)
(68, 151)
(68, 164)
(68, 301)
(68, 175)
(68, 305)
(68, 179)
(68, 181)
(68, 310)
(68, 316)
(68, 317)
(68, 191)
(68, 192)
(68, 321)
(68, 322)
(68, 323)
(68, 327)
(68, 208)
(68, 344)
(68, 351)
(68, 225)
(68, 362)
(68, 107)
(68, 109)
(68, 110)
(68, 239)
(68, 373)
(68, 381)
(68, 127)
(69, 128)
(69, 135)
(69, 140)
(69, 158)
(69, 288)
(69, 291)
(69, 295)
(69, 299)
(69, 303)
(69, 307)
(69, 308)
(69, 200)
(69, 204)
(69, 209)
(69, 338)
(69, 211)
(69, 84)
(69, 341)
(69, 87)
(69, 345)
(69, 219)
(69, 220)
(69, 222)
(69, 230)
(69, 106)
(69, 363)
(69, 108)
(69, 114)
(69, 371)
(69, 118)
(69, 379)
(69, 252)
(70, 257)
(70, 141)
(70, 273)
(70, 274)
(70, 174)
(70, 157)
(70, 286)
(70, 161)
(70, 162)
(70, 82)
(70, 297)
(70, 170)
(70, 171)
(70, 300)
(70, 302)
(70, 177)
(70, 184)
(70, 185)
(70, 189)
(70, 319)
(70, 193)
(70, 196)
(70, 198)
(70, 71)
(70, 329)
(70, 205)
(70, 206)
(70, 207)
(70, 336)
(70, 210)
(70, 343)
(70, 89)
(70, 350)
(70, 224)
(70, 354)
(70, 233)
(70, 237)
(70, 368)
(70, 246)
(70, 169)
(70, 377)
(70, 253)
(71, 386)
(71, 137)
(71, 138)
(71, 395)
(71, 141)
(71, 398)
(71, 399)
(71, 273)
(71, 274)
(71, 147)
(71, 149)
(71, 152)
(71, 154)
(71, 157)
(71, 286)
(71, 287)
(71, 161)
(71, 162)
(71, 293)
(71, 168)
(71, 170)
(71, 304)
(71, 177)
(71, 306)
(71, 319)
(71, 193)
(71, 196)
(71, 198)
(71, 328)
(71, 205)
(71, 78)
(71, 336)
(71, 210)
(71, 212)
(71, 215)
(71, 88)
(71, 218)
(71, 350)
(71, 354)
(71, 358)
(71, 233)
(71, 238)
(71, 241)
(71, 246)
(71, 254)
(72, 129)
(72, 388)
(72, 399)
(72, 272)
(72, 152)
(72, 148)
(72, 149)
(72, 218)
(72, 281)
(72, 154)
(72, 285)
(72, 160)
(72, 292)
(72, 304)
(72, 309)
(72, 313)
(72, 190)
(72, 326)
(72, 328)
(72, 331)
(72, 78)
(72, 335)
(72, 339)
(72, 214)
(72, 215)
(72, 216)
(72, 346)
(72, 223)
(72, 352)
(72, 90)
(72, 103)
(72, 236)
(72, 365)
(72, 367)
(72, 241)
(72, 245)
(72, 248)
(73, 389)
(73, 134)
(73, 135)
(73, 108)
(73, 394)
(73, 395)
(73, 269)
(73, 148)
(73, 152)
(73, 281)
(73, 283)
(73, 156)
(73, 285)
(73, 158)
(73, 159)
(73, 288)
(73, 291)
(73, 293)
(73, 295)
(73, 296)
(73, 298)
(73, 299)
(73, 303)
(73, 180)
(73, 309)
(73, 183)
(73, 194)
(73, 326)
(73, 199)
(73, 200)
(73, 204)
(73, 334)
(73, 209)
(73, 338)
(73, 345)
(73, 346)
(73, 352)
(73, 97)
(73, 355)
(73, 361)
(73, 236)
(73, 378)
(73, 379)
(73, 124)
(73, 126)
(73, 255)
(74, 258)
(74, 262)
(74, 266)
(74, 145)
(74, 276)
(74, 153)
(74, 163)
(74, 294)
(74, 297)
(74, 312)
(74, 186)
(74, 197)
(74, 329)
(74, 203)
(74, 332)
(74, 337)
(74, 82)
(74, 92)
(74, 353)
(74, 227)
(74, 229)
(74, 232)
(74, 242)
(74, 243)
(74, 169)
(74, 376)
(74, 121)
(74, 123)
(74, 253)
(75, 256)
(75, 129)
(75, 387)
(75, 388)
(75, 390)
(75, 136)
(75, 138)
(75, 139)
(75, 190)
(75, 271)
(75, 287)
(75, 162)
(75, 292)
(75, 304)
(75, 178)
(75, 182)
(75, 311)
(75, 314)
(75, 318)
(75, 117)
(75, 198)
(75, 76)
(75, 335)
(75, 339)
(75, 342)
(75, 217)
(75, 90)
(75, 221)
(75, 223)
(75, 96)
(75, 358)
(75, 360)
(75, 365)
(75, 245)
(75, 247)
(75, 248)
(75, 382)
(76, 96)
(76, 387)
(76, 292)
(76, 390)
(76, 360)
(76, 139)
(76, 365)
(76, 335)
(76, 136)
(76, 178)
(76, 318)
(76, 342)
(76, 247)
(76, 217)
(76, 382)
(77, 385)
(77, 264)
(77, 393)
(77, 266)
(77, 396)
(77, 145)
(77, 280)
(77, 153)
(77, 282)
(77, 284)
(77, 197)
(77, 172)
(77, 173)
(77, 93)
(77, 176)
(77, 186)
(77, 325)
(77, 203)
(77, 79)
(77, 208)
(77, 122)
(77, 344)
(77, 349)
(77, 94)
(77, 353)
(77, 226)
(77, 356)
(77, 101)
(77, 102)
(77, 104)
(77, 105)
(77, 111)
(77, 240)
(77, 369)
(77, 370)
(77, 243)
(77, 375)
(77, 120)
(77, 250)
(77, 123)
(78, 129)
(78, 388)
(78, 137)
(78, 138)
(78, 395)
(78, 399)
(78, 272)
(78, 88)
(78, 148)
(78, 149)
(78, 152)
(78, 281)
(78, 154)
(78, 285)
(78, 287)
(78, 162)
(78, 293)
(78, 168)
(78, 170)
(78, 157)
(78, 304)
(78, 306)
(78, 309)
(78, 190)
(78, 196)
(78, 198)
(78, 328)
(78, 331)
(78, 335)
(78, 336)
(78, 210)
(78, 339)
(78, 212)
(78, 214)
(78, 215)
(78, 216)
(78, 218)
(78, 223)
(78, 352)
(78, 90)
(78, 358)
(78, 103)
(78, 233)
(78, 365)
(78, 238)
(78, 241)
(78, 245)
(78, 248)
(78, 254)
(79, 385)
(79, 258)
(79, 391)
(79, 264)
(79, 266)
(79, 386)
(79, 143)
(79, 275)
(79, 277)
(79, 278)
(79, 282)
(79, 155)
(79, 289)
(79, 165)
(79, 167)
(79, 173)
(79, 93)
(79, 176)
(79, 186)
(79, 197)
(79, 161)
(79, 330)
(79, 205)
(79, 80)
(79, 81)
(79, 83)
(79, 340)
(79, 213)
(79, 343)
(79, 122)
(79, 350)
(79, 353)
(79, 98)
(79, 356)
(79, 104)
(79, 113)
(79, 370)
(79, 147)
(79, 372)
(79, 377)
(79, 250)
(80, 130)
(80, 391)
(80, 392)
(80, 393)
(80, 143)
(80, 275)
(80, 110)
(80, 278)
(80, 151)
(80, 155)
(80, 290)
(80, 164)
(80, 167)
(80, 173)
(80, 175)
(80, 264)
(80, 179)
(80, 181)
(80, 310)
(80, 265)
(80, 327)
(80, 201)
(80, 330)
(80, 208)
(80, 81)
(80, 340)
(80, 213)
(80, 344)
(80, 93)
(80, 101)
(80, 98)
(80, 357)
(80, 104)
(80, 362)
(80, 366)
(80, 239)
(80, 369)
(80, 370)
(80, 244)
(80, 373)
(80, 375)
(80, 122)
(81, 386)
(81, 391)
(81, 264)
(81, 266)
(81, 398)
(81, 143)
(81, 275)
(81, 277)
(81, 278)
(81, 282)
(81, 155)
(81, 289)
(81, 165)
(81, 166)
(81, 167)
(81, 173)
(81, 93)
(81, 176)
(81, 372)
(81, 186)
(81, 194)
(81, 161)
(81, 330)
(81, 205)
(81, 83)
(81, 340)
(81, 213)
(81, 343)
(81, 122)
(81, 350)
(81, 353)
(81, 98)
(81, 356)
(81, 104)
(81, 366)
(81, 113)
(81, 147)
(81, 244)
(81, 212)
(81, 377)
(81, 250)
(82, 258)
(82, 266)
(82, 145)
(82, 153)
(82, 282)
(82, 161)
(82, 163)
(82, 297)
(82, 174)
(82, 176)
(82, 177)
(82, 121)
(82, 312)
(82, 185)
(82, 186)
(82, 197)
(82, 329)
(82, 332)
(82, 207)
(82, 343)
(82, 92)
(82, 353)
(82, 356)
(82, 232)
(82, 237)
(82, 368)
(82, 169)
(82, 376)
(82, 377)
(82, 250)
(82, 123)
(82, 253)
(83, 386)
(83, 391)
(83, 264)
(83, 266)
(83, 398)
(83, 143)
(83, 275)
(83, 277)
(83, 278)
(83, 282)
(83, 155)
(83, 289)
(83, 165)
(83, 167)
(83, 173)
(83, 93)
(83, 176)
(83, 177)
(83, 186)
(83, 377)
(83, 194)
(83, 197)
(83, 161)
(83, 205)
(83, 212)
(83, 213)
(83, 343)
(83, 122)
(83, 350)
(83, 353)
(83, 98)
(83, 356)
(83, 104)
(83, 113)
(83, 147)
(83, 372)
(83, 340)
(83, 250)
(84, 135)
(84, 144)
(84, 158)
(84, 288)
(84, 291)
(84, 295)
(84, 296)
(84, 303)
(84, 307)
(84, 180)
(84, 308)
(84, 199)
(84, 200)
(84, 209)
(84, 211)
(84, 341)
(84, 87)
(84, 345)
(84, 220)
(84, 222)
(84, 95)
(84, 230)
(84, 106)
(84, 363)
(84, 114)
(84, 371)
(84, 118)
(85, 133)
(85, 229)
(85, 294)
(85, 262)
(85, 92)
(85, 337)
(85, 242)
(85, 195)
(85, 150)
(85, 279)
(85, 376)
(85, 163)
(85, 251)
(85, 380)
(85, 261)
(86, 172)
(86, 226)
(86, 195)
(86, 132)
(86, 325)
(86, 102)
(86, 231)
(86, 284)
(86, 203)
(86, 396)
(86, 111)
(86, 99)
(86, 120)
(86, 243)
(86, 280)
(86, 380)
(86, 349)
(86, 94)
(87, 128)
(87, 144)
(87, 158)
(87, 288)
(87, 291)
(87, 295)
(87, 303)
(87, 307)
(87, 308)
(87, 200)
(87, 209)
(87, 211)
(87, 341)
(87, 345)
(87, 220)
(87, 222)
(87, 95)
(87, 230)
(87, 106)
(87, 363)
(87, 114)
(87, 371)
(87, 118)
(88, 386)
(88, 137)
(88, 395)
(88, 398)
(88, 399)
(88, 273)
(88, 147)
(88, 149)
(88, 152)
(88, 281)
(88, 154)
(88, 283)
(88, 218)
(88, 287)
(88, 289)
(88, 293)
(88, 168)
(88, 170)
(88, 157)
(88, 304)
(88, 177)
(88, 306)
(88, 194)
(88, 196)
(88, 328)
(88, 331)
(88, 205)
(88, 334)
(88, 336)
(88, 210)
(88, 212)
(88, 214)
(88, 215)
(88, 346)
(88, 350)
(88, 165)
(88, 352)
(88, 97)
(88, 358)
(88, 238)
(88, 241)
(88, 372)
(88, 246)
(88, 254)
(89, 256)
(89, 257)
(89, 260)
(89, 136)
(89, 138)
(89, 141)
(89, 270)
(89, 271)
(89, 274)
(89, 174)
(89, 157)
(89, 286)
(89, 287)
(89, 162)
(89, 170)
(89, 171)
(89, 300)
(89, 302)
(89, 182)
(89, 311)
(89, 184)
(89, 185)
(89, 314)
(89, 315)
(89, 189)
(89, 319)
(89, 193)
(89, 198)
(89, 206)
(89, 207)
(89, 336)
(89, 348)
(89, 221)
(89, 224)
(89, 354)
(89, 100)
(89, 358)
(89, 233)
(89, 235)
(89, 237)
(89, 115)
(89, 116)
(89, 117)
(89, 246)
(89, 249)
(89, 125)
(90, 129)
(90, 388)
(90, 390)
(90, 138)
(90, 399)
(90, 272)
(90, 149)
(90, 154)
(90, 287)
(90, 292)
(90, 304)
(90, 306)
(90, 190)
(90, 328)
(90, 331)
(90, 335)
(90, 339)
(90, 214)
(90, 215)
(90, 216)
(90, 217)
(90, 218)
(90, 223)
(90, 358)
(90, 103)
(90, 360)
(90, 365)
(90, 241)
(90, 245)
(90, 247)
(90, 248)
(91, 384)
(91, 132)
(91, 267)
(91, 397)
(91, 301)
(91, 188)
(91, 317)
(91, 191)
(91, 321)
(91, 323)
(91, 324)
(91, 333)
(91, 347)
(91, 228)
(91, 107)
(91, 112)
(91, 374)
(91, 383)
(91, 381)
(91, 127)
(92, 258)
(92, 262)
(92, 268)
(92, 276)
(92, 150)
(92, 279)
(92, 163)
(92, 294)
(92, 297)
(92, 312)
(92, 320)
(92, 329)
(92, 119)
(92, 332)
(92, 337)
(92, 227)
(92, 229)
(92, 232)
(92, 234)
(92, 242)
(92, 123)
(92, 169)
(92, 376)
(92, 121)
(92, 251)
(92, 253)
(93, 385)
(93, 258)
(93, 264)
(93, 266)
(93, 143)
(93, 145)
(93, 275)
(93, 278)
(93, 153)
(93, 282)
(93, 197)
(93, 289)
(93, 167)
(93, 172)
(93, 173)
(93, 176)
(93, 186)
(93, 325)
(93, 161)
(93, 330)
(93, 98)
(93, 340)
(93, 343)
(93, 122)
(93, 94)
(93, 353)
(93, 226)
(93, 356)
(93, 101)
(93, 104)
(93, 105)
(93, 370)
(93, 243)
(93, 375)
(93, 250)
(93, 123)
(94, 385)
(94, 264)
(94, 393)
(94, 266)
(94, 396)
(94, 145)
(94, 280)
(94, 153)
(94, 282)
(94, 284)
(94, 172)
(94, 173)
(94, 176)
(94, 186)
(94, 325)
(94, 203)
(94, 208)
(94, 344)
(94, 349)
(94, 353)
(94, 226)
(94, 99)
(94, 356)
(94, 101)
(94, 102)
(94, 231)
(94, 104)
(94, 105)
(94, 111)
(94, 240)
(94, 369)
(94, 370)
(94, 243)
(94, 375)
(94, 120)
(94, 250)
(94, 123)
(95, 389)
(95, 135)
(95, 394)
(95, 144)
(95, 156)
(95, 158)
(95, 288)
(95, 291)
(95, 295)
(95, 296)
(95, 299)
(95, 303)
(95, 307)
(95, 180)
(95, 308)
(95, 199)
(95, 200)
(95, 209)
(95, 345)
(95, 222)
(95, 230)
(95, 361)
(95, 106)
(95, 363)
(95, 114)
(95, 371)
(95, 118)
(95, 378)
(95, 379)
(96, 256)
(96, 387)
(96, 390)
(96, 136)
(96, 138)
(96, 139)
(96, 271)
(96, 178)
(96, 182)
(96, 311)
(96, 314)
(96, 318)
(96, 335)
(96, 342)
(96, 217)
(96, 221)
(96, 223)
(96, 360)
(96, 235)
(96, 117)
(96, 247)
(96, 382)
(97, 389)
(97, 134)
(97, 135)
(97, 108)
(97, 394)
(97, 395)
(97, 269)
(97, 152)
(97, 148)
(97, 218)
(97, 281)
(97, 154)
(97, 283)
(97, 156)
(97, 285)
(97, 159)
(97, 293)
(97, 166)
(97, 168)
(97, 298)
(97, 299)
(97, 303)
(97, 309)
(97, 183)
(97, 194)
(97, 326)
(97, 200)
(97, 204)
(97, 334)
(97, 338)
(97, 345)
(97, 346)
(97, 165)
(97, 352)
(97, 361)
(97, 236)
(97, 238)
(97, 126)
(97, 378)
(97, 379)
(97, 124)
(97, 254)
(97, 255)
(98, 130)
(98, 391)
(98, 392)
(98, 265)
(98, 143)
(98, 275)
(98, 277)
(98, 278)
(98, 155)
(98, 159)
(98, 289)
(98, 290)
(98, 164)
(98, 165)
(98, 166)
(98, 167)
(98, 173)
(98, 264)
(98, 310)
(98, 244)
(98, 194)
(98, 327)
(98, 201)
(98, 330)
(98, 340)
(98, 213)
(98, 344)
(98, 101)
(98, 356)
(98, 357)
(98, 104)
(98, 362)
(98, 366)
(98, 239)
(98, 113)
(98, 372)
(98, 373)
(98, 122)
(99, 396)
(99, 280)
(99, 284)
(99, 294)
(99, 172)
(99, 195)
(99, 325)
(99, 203)
(99, 349)
(99, 226)
(99, 102)
(99, 231)
(99, 105)
(99, 111)
(99, 242)
(99, 243)
(99, 120)
(99, 380)
(100, 257)
(100, 260)
(100, 141)
(100, 270)
(100, 271)
(100, 174)
(100, 286)
(100, 169)
(100, 171)
(100, 300)
(100, 302)
(100, 311)
(100, 184)
(100, 185)
(100, 314)
(100, 315)
(100, 189)
(100, 320)
(100, 193)
(100, 206)
(100, 207)
(100, 348)
(100, 221)
(100, 224)
(100, 354)
(100, 359)
(100, 235)
(100, 364)
(100, 237)
(100, 368)
(100, 115)
(100, 116)
(100, 117)
(100, 249)
(100, 125)
(101, 385)
(101, 130)
(101, 392)
(101, 393)
(101, 396)
(101, 110)
(101, 151)
(101, 164)
(101, 167)
(101, 172)
(101, 175)
(101, 176)
(101, 264)
(101, 179)
(101, 181)
(101, 321)
(101, 201)
(101, 330)
(101, 208)
(101, 344)
(101, 347)
(101, 225)
(101, 226)
(101, 104)
(101, 105)
(101, 366)
(101, 239)
(101, 240)
(101, 369)
(101, 370)
(101, 373)
(101, 375)
(101, 122)
(102, 385)
(102, 266)
(102, 396)
(102, 145)
(102, 280)
(102, 153)
(102, 284)
(102, 294)
(102, 172)
(102, 370)
(102, 176)
(102, 195)
(102, 325)
(102, 203)
(102, 349)
(102, 226)
(102, 231)
(102, 105)
(102, 111)
(102, 240)
(102, 369)
(102, 242)
(102, 243)
(102, 375)
(102, 120)
(102, 123)
(102, 380)
(103, 129)
(103, 388)
(103, 395)
(103, 399)
(103, 272)
(103, 152)
(103, 148)
(103, 149)
(103, 218)
(103, 281)
(103, 154)
(103, 285)
(103, 160)
(103, 298)
(103, 304)
(103, 306)
(103, 309)
(103, 313)
(103, 190)
(103, 326)
(103, 328)
(103, 331)
(103, 339)
(103, 214)
(103, 215)
(103, 216)
(103, 346)
(103, 223)
(103, 352)
(103, 355)
(103, 236)
(103, 365)
(103, 367)
(103, 241)
(103, 245)
(103, 248)
(103, 124)
(104, 385)
(104, 392)
(104, 393)
(104, 266)
(104, 396)
(104, 143)
(104, 275)
(104, 151)
(104, 282)
(104, 164)
(104, 167)
(104, 172)
(104, 173)
(104, 176)
(104, 264)
(104, 179)
(104, 186)
(104, 325)
(104, 330)
(104, 208)
(104, 340)
(104, 213)
(104, 344)
(104, 122)
(104, 353)
(104, 226)
(104, 356)
(104, 105)
(104, 366)
(104, 240)
(104, 369)
(104, 370)
(104, 243)
(104, 373)
(104, 375)
(104, 250)
(105, 385)
(105, 264)
(105, 393)
(105, 266)
(105, 396)
(105, 145)
(105, 280)
(105, 153)
(105, 282)
(105, 284)
(105, 172)
(105, 173)
(105, 176)
(105, 186)
(105, 325)
(105, 203)
(105, 208)
(105, 344)
(105, 349)
(105, 353)
(105, 226)
(105, 356)
(105, 231)
(105, 111)
(105, 240)
(105, 369)
(105, 370)
(105, 243)
(105, 375)
(105, 120)
(105, 250)
(106, 128)
(106, 135)
(106, 144)
(106, 158)
(106, 288)
(106, 291)
(106, 295)
(106, 303)
(106, 307)
(106, 308)
(106, 200)
(106, 209)
(106, 211)
(106, 341)
(106, 345)
(106, 219)
(106, 220)
(106, 222)
(106, 230)
(106, 363)
(106, 114)
(106, 371)
(106, 118)
(106, 252)
(107, 384)
(107, 267)
(107, 146)
(107, 301)
(107, 175)
(107, 305)
(107, 181)
(107, 188)
(107, 317)
(107, 191)
(107, 321)
(107, 322)
(107, 323)
(107, 324)
(107, 351)
(107, 225)
(107, 228)
(107, 316)
(107, 110)
(107, 112)
(107, 381)
(107, 127)
(108, 134)
(108, 391)
(108, 265)
(108, 140)
(108, 269)
(108, 277)
(108, 283)
(108, 156)
(108, 159)
(108, 288)
(108, 290)
(108, 291)
(108, 166)
(108, 295)
(108, 299)
(108, 303)
(108, 155)
(108, 183)
(108, 194)
(108, 200)
(108, 204)
(108, 334)
(108, 338)
(108, 345)
(108, 219)
(108, 135)
(108, 222)
(108, 357)
(108, 230)
(108, 114)
(108, 244)
(108, 378)
(108, 379)
(108, 252)
(108, 126)
(108, 255)
(109, 130)
(109, 259)
(109, 263)
(109, 392)
(109, 142)
(109, 146)
(109, 131)
(109, 290)
(109, 164)
(109, 175)
(109, 305)
(109, 310)
(109, 316)
(109, 192)
(109, 322)
(109, 327)
(109, 201)
(109, 351)
(109, 362)
(109, 110)
(109, 239)
(109, 373)
(110, 130)
(110, 259)
(110, 263)
(110, 392)
(110, 393)
(110, 267)
(110, 142)
(110, 146)
(110, 131)
(110, 151)
(110, 164)
(110, 301)
(110, 175)
(110, 305)
(110, 179)
(110, 181)
(110, 310)
(110, 316)
(110, 317)
(110, 191)
(110, 192)
(110, 321)
(110, 322)
(110, 323)
(110, 327)
(110, 201)
(110, 330)
(110, 208)
(110, 344)
(110, 351)
(110, 225)
(110, 362)
(110, 366)
(110, 239)
(110, 373)
(110, 381)
(110, 127)
(111, 385)
(111, 132)
(111, 396)
(111, 280)
(111, 284)
(111, 294)
(111, 172)
(111, 195)
(111, 325)
(111, 203)
(111, 349)
(111, 226)
(111, 231)
(111, 240)
(111, 369)
(111, 370)
(111, 243)
(111, 375)
(111, 120)
(111, 380)
(112, 384)
(112, 267)
(112, 146)
(112, 347)
(112, 301)
(112, 188)
(112, 317)
(112, 191)
(112, 321)
(112, 323)
(112, 324)
(112, 225)
(112, 228)
(112, 374)
(112, 383)
(112, 381)
(112, 127)
(113, 386)
(113, 134)
(113, 391)
(113, 265)
(113, 398)
(113, 143)
(113, 275)
(113, 238)
(113, 278)
(113, 155)
(113, 159)
(113, 289)
(113, 293)
(113, 166)
(113, 167)
(113, 168)
(113, 137)
(113, 372)
(113, 194)
(113, 196)
(113, 161)
(113, 330)
(113, 205)
(113, 334)
(113, 340)
(113, 213)
(113, 350)
(113, 165)
(113, 356)
(113, 357)
(113, 366)
(113, 147)
(113, 244)
(113, 126)
(113, 212)
(113, 122)
(113, 255)
(113, 254)
(113, 277)
(114, 128)
(114, 135)
(114, 144)
(114, 158)
(114, 288)
(114, 291)
(114, 295)
(114, 299)
(114, 303)
(114, 307)
(114, 308)
(114, 200)
(114, 209)
(114, 211)
(114, 341)
(114, 345)
(114, 219)
(114, 220)
(114, 222)
(114, 230)
(114, 363)
(114, 371)
(114, 118)
(114, 379)
(114, 252)
(115, 257)
(115, 260)
(115, 270)
(115, 276)
(115, 174)
(115, 169)
(115, 300)
(115, 302)
(115, 312)
(115, 185)
(115, 315)
(115, 189)
(115, 320)
(115, 329)
(115, 202)
(115, 206)
(115, 207)
(115, 184)
(115, 348)
(115, 224)
(115, 227)
(115, 359)
(115, 232)
(115, 234)
(115, 364)
(115, 237)
(115, 125)
(115, 368)
(115, 116)
(115, 119)
(115, 249)
(115, 253)
(116, 257)
(116, 260)
(116, 270)
(116, 174)
(116, 169)
(116, 171)
(116, 300)
(116, 302)
(116, 184)
(116, 314)
(116, 315)
(116, 189)
(116, 320)
(116, 202)
(116, 206)
(116, 207)
(116, 348)
(116, 221)
(116, 224)
(116, 359)
(116, 235)
(116, 364)
(116, 237)
(116, 125)
(116, 368)
(116, 249)
(116, 253)
(117, 256)
(117, 257)
(117, 387)
(117, 260)
(117, 390)
(117, 136)
(117, 138)
(117, 139)
(117, 141)
(117, 270)
(117, 271)
(117, 286)
(117, 287)
(117, 162)
(117, 171)
(117, 300)
(117, 182)
(117, 311)
(117, 184)
(117, 314)
(117, 315)
(117, 189)
(117, 193)
(117, 198)
(117, 206)
(117, 342)
(117, 221)
(117, 224)
(117, 354)
(117, 233)
(117, 235)
(117, 247)
(117, 382)
(118, 389)
(118, 135)
(118, 144)
(118, 158)
(118, 288)
(118, 291)
(118, 295)
(118, 296)
(118, 299)
(118, 303)
(118, 307)
(118, 308)
(118, 180)
(118, 199)
(118, 200)
(118, 209)
(118, 211)
(118, 341)
(118, 345)
(118, 219)
(118, 220)
(118, 222)
(118, 230)
(118, 361)
(118, 363)
(118, 371)
(118, 378)
(118, 379)
(118, 252)
(119, 268)
(119, 276)
(119, 163)
(119, 169)
(119, 312)
(119, 320)
(119, 329)
(119, 202)
(119, 332)
(119, 249)
(119, 348)
(119, 227)
(119, 359)
(119, 232)
(119, 234)
(119, 364)
(119, 368)
(119, 121)
(119, 251)
(119, 253)
(120, 385)
(120, 132)
(120, 393)
(120, 396)
(120, 397)
(120, 280)
(120, 284)
(120, 172)
(120, 325)
(120, 203)
(120, 333)
(120, 347)
(120, 349)
(120, 226)
(120, 231)
(120, 240)
(120, 369)
(120, 370)
(120, 243)
(120, 374)
(120, 375)
(120, 383)
(121, 258)
(121, 145)
(121, 276)
(121, 153)
(121, 163)
(121, 294)
(121, 169)
(121, 174)
(121, 312)
(121, 186)
(121, 197)
(121, 329)
(121, 332)
(121, 337)
(121, 343)
(121, 353)
(121, 227)
(121, 229)
(121, 232)
(121, 368)
(121, 242)
(121, 297)
(121, 376)
(121, 123)
(121, 253)
(122, 385)
(122, 386)
(122, 391)
(122, 392)
(122, 266)
(122, 143)
(122, 275)
(122, 277)
(122, 278)
(122, 282)
(122, 155)
(122, 289)
(122, 164)
(122, 165)
(122, 166)
(122, 167)
(122, 173)
(122, 176)
(122, 264)
(122, 372)
(122, 161)
(122, 201)
(122, 330)
(122, 205)
(122, 340)
(122, 213)
(122, 353)
(122, 356)
(122, 357)
(122, 366)
(122, 370)
(122, 147)
(122, 244)
(122, 373)
(122, 250)
(123, 385)
(123, 258)
(123, 266)
(123, 173)
(123, 145)
(123, 153)
(123, 282)
(123, 284)
(123, 197)
(123, 163)
(123, 294)
(123, 297)
(123, 370)
(123, 176)
(123, 186)
(123, 195)
(123, 325)
(123, 329)
(123, 203)
(123, 332)
(123, 337)
(123, 343)
(123, 349)
(123, 353)
(123, 356)
(123, 229)
(123, 231)
(123, 242)
(123, 243)
(123, 376)
(123, 250)
(124, 389)
(124, 134)
(124, 135)
(124, 394)
(124, 395)
(124, 269)
(124, 272)
(124, 152)
(124, 148)
(124, 149)
(124, 218)
(124, 281)
(124, 154)
(124, 283)
(124, 156)
(124, 285)
(124, 158)
(124, 160)
(124, 293)
(124, 296)
(124, 298)
(124, 299)
(124, 303)
(124, 200)
(124, 180)
(124, 309)
(124, 183)
(124, 313)
(124, 326)
(124, 199)
(124, 328)
(124, 331)
(124, 204)
(124, 334)
(124, 216)
(124, 345)
(124, 346)
(124, 352)
(124, 355)
(124, 361)
(124, 236)
(124, 367)
(124, 378)
(124, 379)
(124, 126)
(125, 257)
(125, 260)
(125, 270)
(125, 174)
(125, 169)
(125, 171)
(125, 300)
(125, 302)
(125, 184)
(125, 185)
(125, 314)
(125, 315)
(125, 189)
(125, 320)
(125, 202)
(125, 206)
(125, 207)
(125, 348)
(125, 221)
(125, 224)
(125, 359)
(125, 235)
(125, 364)
(125, 237)
(125, 368)
(125, 249)
(125, 253)
(126, 134)
(126, 391)
(126, 394)
(126, 395)
(126, 269)
(126, 277)
(126, 152)
(126, 281)
(126, 283)
(126, 156)
(126, 218)
(126, 159)
(126, 288)
(126, 291)
(126, 293)
(126, 166)
(126, 168)
(126, 298)
(126, 299)
(126, 303)
(126, 183)
(126, 194)
(126, 200)
(126, 204)
(126, 334)
(126, 338)
(126, 345)
(126, 346)
(126, 135)
(126, 165)
(126, 352)
(126, 361)
(126, 236)
(126, 238)
(126, 378)
(126, 379)
(126, 254)
(126, 255)
(127, 384)
(127, 267)
(127, 146)
(127, 301)
(127, 305)
(127, 181)
(127, 188)
(127, 317)
(127, 191)
(127, 321)
(127, 322)
(127, 323)
(127, 324)
(127, 351)
(127, 225)
(127, 228)
(127, 316)
(127, 381)
(128, 140)
(128, 295)
(128, 291)
(128, 341)
(128, 219)
(128, 220)
(128, 222)
(128, 230)
(128, 363)
(128, 211)
(128, 252)
(129, 388)
(129, 390)
(129, 138)
(129, 399)
(129, 272)
(129, 149)
(129, 154)
(129, 287)
(129, 162)
(129, 292)
(129, 304)
(129, 306)
(129, 190)
(129, 328)
(129, 331)
(129, 335)
(129, 339)
(129, 214)
(129, 215)
(129, 216)
(129, 217)
(129, 218)
(129, 223)
(129, 358)
(129, 360)
(129, 365)
(129, 241)
(129, 245)
(129, 247)
(129, 248)
(130, 259)
(130, 263)
(130, 392)
(130, 393)
(130, 142)
(130, 131)
(130, 151)
(130, 155)
(130, 290)
(130, 164)
(130, 167)
(130, 175)
(130, 305)
(130, 179)
(130, 181)
(130, 310)
(130, 265)
(130, 192)
(130, 322)
(130, 327)
(130, 201)
(130, 330)
(130, 208)
(130, 213)
(130, 344)
(130, 351)
(130, 225)
(130, 357)
(130, 362)
(130, 366)
(130, 239)
(130, 244)
(130, 373)
(131, 192)
(131, 322)
(131, 259)
(131, 327)
(131, 362)
(131, 263)
(131, 142)
(131, 239)
(131, 305)
(131, 146)
(131, 310)
(131, 175)
(131, 316)
(131, 351)
(132, 393)
(132, 396)
(132, 397)
(132, 301)
(132, 181)
(132, 188)
(132, 317)
(132, 321)
(132, 324)
(132, 333)
(132, 347)
(132, 226)
(132, 228)
(132, 240)
(132, 369)
(132, 374)
(132, 375)
(132, 381)
(132, 383)
(133, 251)
(133, 229)
(133, 262)
(133, 268)
(133, 150)
(133, 279)
(133, 187)
(134, 391)
(134, 395)
(134, 269)
(134, 277)
(134, 281)
(134, 283)
(134, 156)
(134, 159)
(134, 288)
(134, 291)
(134, 293)
(134, 166)
(134, 295)
(134, 168)
(134, 299)
(134, 303)
(134, 183)
(134, 194)
(134, 200)
(134, 204)
(134, 334)
(134, 338)
(134, 345)
(134, 346)
(134, 219)
(134, 135)
(134, 165)
(134, 244)
(134, 378)
(134, 379)
(134, 252)
(134, 255)
(135, 389)
(135, 394)
(135, 269)
(135, 283)
(135, 156)
(135, 158)
(135, 288)
(135, 291)
(135, 295)
(135, 296)
(135, 298)
(135, 299)
(135, 303)
(135, 307)
(135, 308)
(135, 183)
(135, 180)
(135, 199)
(135, 200)
(135, 204)
(135, 334)
(135, 209)
(135, 338)
(135, 341)
(135, 345)
(135, 220)
(135, 222)
(135, 355)
(135, 230)
(135, 361)
(135, 363)
(135, 378)
(135, 379)
(136, 256)
(136, 257)
(136, 387)
(136, 260)
(136, 390)
(136, 138)
(136, 139)
(136, 270)
(136, 271)
(136, 287)
(136, 162)
(136, 171)
(136, 178)
(136, 182)
(136, 311)
(136, 314)
(136, 318)
(136, 335)
(136, 339)
(136, 342)
(136, 217)
(136, 221)
(136, 223)
(136, 235)
(136, 247)
(136, 382)
(137, 386)
(137, 395)
(137, 141)
(137, 398)
(137, 399)
(137, 273)
(137, 274)
(137, 147)
(137, 149)
(137, 152)
(137, 281)
(137, 154)
(137, 157)
(137, 286)
(137, 287)
(137, 289)
(137, 162)
(137, 293)
(137, 168)
(137, 170)
(137, 304)
(137, 177)
(137, 306)
(137, 319)
(137, 196)
(137, 198)
(137, 161)
(137, 328)
(137, 205)
(137, 336)
(137, 210)
(137, 212)
(137, 215)
(137, 218)
(137, 350)
(137, 165)
(137, 358)
(137, 233)
(137, 238)
(137, 241)
(137, 372)
(137, 246)
(137, 254)
(138, 256)
(138, 257)
(138, 260)
(138, 390)
(138, 141)
(138, 399)
(138, 157)
(138, 286)
(138, 287)
(138, 162)
(138, 170)
(138, 171)
(138, 304)
(138, 306)
(138, 182)
(138, 311)
(138, 314)
(138, 319)
(138, 193)
(138, 198)
(138, 206)
(138, 335)
(138, 336)
(138, 210)
(138, 339)
(138, 215)
(138, 271)
(138, 221)
(138, 223)
(138, 224)
(138, 354)
(138, 358)
(138, 233)
(138, 235)
(138, 241)
(138, 246)
(138, 247)
(138, 248)
(139, 256)
(139, 387)
(139, 182)
(139, 390)
(139, 360)
(139, 247)
(139, 335)
(139, 178)
(139, 318)
(139, 342)
(139, 311)
(139, 217)
(139, 271)
(139, 382)
(140, 263)
(140, 265)
(140, 142)
(140, 155)
(140, 159)
(140, 290)
(140, 164)
(140, 166)
(140, 310)
(140, 192)
(140, 327)
(140, 201)
(140, 204)
(140, 338)
(140, 213)
(140, 219)
(140, 357)
(140, 362)
(140, 239)
(140, 244)
(140, 252)
(141, 256)
(141, 257)
(141, 260)
(141, 270)
(141, 273)
(141, 274)
(141, 174)
(141, 157)
(141, 286)
(141, 287)
(141, 162)
(141, 170)
(141, 171)
(141, 300)
(141, 302)
(141, 304)
(141, 177)
(141, 306)
(141, 182)
(141, 311)
(141, 184)
(141, 185)
(141, 314)
(141, 315)
(141, 189)
(141, 319)
(141, 193)
(141, 196)
(141, 198)
(141, 206)
(141, 207)
(141, 336)
(141, 210)
(141, 221)
(141, 224)
(141, 354)
(141, 358)
(141, 233)
(141, 235)
(141, 237)
(141, 246)
(142, 259)
(142, 263)
(142, 392)
(142, 265)
(142, 146)
(142, 151)
(142, 290)
(142, 164)
(142, 175)
(142, 305)
(142, 179)
(142, 310)
(142, 316)
(142, 192)
(142, 322)
(142, 327)
(142, 201)
(142, 330)
(142, 351)
(142, 357)
(142, 362)
(142, 366)
(142, 239)
(142, 373)
(143, 386)
(143, 391)
(143, 392)
(143, 265)
(143, 398)
(143, 275)
(143, 277)
(143, 278)
(143, 282)
(143, 155)
(143, 289)
(143, 164)
(143, 165)
(143, 166)
(143, 167)
(143, 173)
(143, 176)
(143, 264)
(143, 372)
(143, 194)
(143, 161)
(143, 201)
(143, 330)
(143, 205)
(143, 340)
(143, 213)
(143, 350)
(143, 356)
(143, 357)
(143, 366)
(143, 147)
(143, 244)
(143, 373)
(143, 250)
(144, 307)
(144, 158)
(144, 288)
(144, 296)
(144, 308)
(144, 180)
(144, 199)
(144, 200)
(144, 209)
(144, 211)
(144, 341)
(144, 222)
(144, 230)
(144, 363)
(144, 371)
(145, 385)
(145, 258)
(145, 266)
(145, 173)
(145, 280)
(145, 153)
(145, 282)
(145, 284)
(145, 197)
(145, 163)
(145, 294)
(145, 297)
(145, 172)
(145, 370)
(145, 176)
(145, 186)
(145, 195)
(145, 325)
(145, 329)
(145, 203)
(145, 332)
(145, 337)
(145, 349)
(145, 353)
(145, 356)
(145, 231)
(145, 242)
(145, 243)
(145, 376)
(145, 250)
(145, 380)
(146, 259)
(146, 267)
(146, 151)
(146, 301)
(146, 175)
(146, 305)
(146, 181)
(146, 188)
(146, 317)
(146, 191)
(146, 321)
(146, 322)
(146, 323)
(146, 324)
(146, 351)
(146, 225)
(146, 228)
(146, 316)
(146, 381)
(147, 386)
(147, 391)
(147, 395)
(147, 398)
(147, 273)
(147, 274)
(147, 275)
(147, 277)
(147, 278)
(147, 157)
(147, 289)
(147, 293)
(147, 166)
(147, 168)
(147, 177)
(147, 194)
(147, 196)
(147, 161)
(147, 205)
(147, 334)
(147, 210)
(147, 340)
(147, 377)
(147, 350)
(147, 165)
(147, 356)
(147, 238)
(147, 372)
(147, 246)
(147, 212)
(147, 254)
(147, 255)
(148, 389)
(148, 394)
(148, 395)
(148, 269)
(148, 399)
(148, 272)
(148, 152)
(148, 149)
(148, 218)
(148, 281)
(148, 154)
(148, 283)
(148, 156)
(148, 285)
(148, 160)
(148, 293)
(148, 298)
(148, 309)
(148, 183)
(148, 313)
(148, 326)
(148, 328)
(148, 331)
(148, 214)
(148, 215)
(148, 216)
(148, 346)
(148, 352)
(148, 355)
(148, 361)
(148, 236)
(148, 238)
(148, 367)
(148, 241)
(148, 248)
(148, 378)
(149, 388)
(149, 395)
(149, 269)
(149, 399)
(149, 272)
(149, 152)
(149, 218)
(149, 281)
(149, 154)
(149, 285)
(149, 287)
(149, 293)
(149, 168)
(149, 298)
(149, 304)
(149, 306)
(149, 309)
(149, 313)
(149, 190)
(149, 196)
(149, 326)
(149, 328)
(149, 331)
(149, 210)
(149, 339)
(149, 214)
(149, 215)
(149, 216)
(149, 346)
(149, 223)
(149, 352)
(149, 358)
(149, 236)
(149, 238)
(149, 367)
(149, 241)
(149, 245)
(149, 248)
(149, 254)
(150, 187)
(150, 229)
(150, 262)
(150, 337)
(150, 279)
(150, 251)
(150, 261)
(151, 392)
(151, 393)
(151, 267)
(151, 396)
(151, 164)
(151, 301)
(151, 175)
(151, 305)
(151, 179)
(151, 181)
(151, 317)
(151, 191)
(151, 321)
(151, 322)
(151, 323)
(151, 327)
(151, 201)
(151, 330)
(151, 208)
(151, 344)
(151, 347)
(151, 351)
(151, 225)
(151, 228)
(151, 362)
(151, 366)
(151, 239)
(151, 240)
(151, 369)
(151, 373)
(151, 374)
(151, 375)
(151, 381)
(151, 264)
(151, 383)
(152, 395)
(152, 269)
(152, 398)
(152, 399)
(152, 272)
(152, 218)
(152, 281)
(152, 154)
(152, 283)
(152, 156)
(152, 285)
(152, 293)
(152, 168)
(152, 298)
(152, 304)
(152, 306)
(152, 309)
(152, 183)
(152, 313)
(152, 196)
(152, 326)
(152, 328)
(152, 331)
(152, 334)
(152, 210)
(152, 212)
(152, 214)
(152, 215)
(152, 216)
(152, 346)
(152, 352)
(152, 236)
(152, 238)
(152, 367)
(152, 241)
(152, 248)
(152, 254)
(152, 255)
(153, 385)
(153, 258)
(153, 266)
(153, 173)
(153, 280)
(153, 282)
(153, 284)
(153, 197)
(153, 163)
(153, 294)
(153, 297)
(153, 172)
(153, 370)
(153, 176)
(153, 186)
(153, 195)
(153, 325)
(153, 203)
(153, 332)
(153, 337)
(153, 349)
(153, 353)
(153, 356)
(153, 231)
(153, 242)
(153, 243)
(153, 376)
(153, 250)
(153, 380)
(154, 395)
(154, 269)
(154, 398)
(154, 399)
(154, 272)
(154, 218)
(154, 281)
(154, 283)
(154, 285)
(154, 287)
(154, 293)
(154, 168)
(154, 298)
(154, 304)
(154, 306)
(154, 309)
(154, 190)
(154, 196)
(154, 326)
(154, 328)
(154, 331)
(154, 210)
(154, 339)
(154, 212)
(154, 214)
(154, 215)
(154, 216)
(154, 346)
(154, 223)
(154, 352)
(154, 358)
(154, 236)
(154, 238)
(154, 367)
(154, 241)
(154, 248)
(154, 254)
(155, 263)
(155, 392)
(155, 265)
(155, 275)
(155, 277)
(155, 278)
(155, 159)
(155, 289)
(155, 290)
(155, 164)
(155, 165)
(155, 166)
(155, 167)
(155, 391)
(155, 310)
(155, 372)
(155, 194)
(155, 327)
(155, 201)
(155, 330)
(155, 334)
(155, 338)
(155, 340)
(155, 213)
(155, 357)
(155, 362)
(155, 366)
(155, 239)
(155, 244)
(155, 373)
(155, 255)
(156, 389)
(156, 394)
(156, 395)
(156, 269)
(156, 272)
(156, 218)
(156, 281)
(156, 283)
(156, 285)
(156, 158)
(156, 288)
(156, 291)
(156, 296)
(156, 298)
(156, 299)
(156, 303)
(156, 180)
(156, 309)
(156, 183)
(156, 313)
(156, 160)
(156, 326)
(156, 199)
(156, 200)
(156, 204)
(156, 334)
(156, 345)
(156, 346)
(156, 352)
(156, 355)
(156, 361)
(156, 236)
(156, 367)
(156, 378)
(156, 379)
(156, 255)
(157, 257)
(157, 386)
(157, 398)
(157, 399)
(157, 273)
(157, 274)
(157, 286)
(157, 287)
(157, 161)
(157, 162)
(157, 170)
(157, 171)
(157, 174)
(157, 304)
(157, 177)
(157, 306)
(157, 185)
(157, 319)
(157, 193)
(157, 196)
(157, 198)
(157, 205)
(157, 206)
(157, 336)
(157, 210)
(157, 212)
(157, 215)
(157, 350)
(157, 224)
(157, 354)
(157, 358)
(157, 233)
(157, 237)
(157, 238)
(157, 246)
(157, 377)
(157, 254)
(158, 389)
(158, 394)
(158, 269)
(158, 288)
(158, 291)
(158, 295)
(158, 296)
(158, 299)
(158, 303)
(158, 307)
(158, 308)
(158, 183)
(158, 180)
(158, 199)
(158, 200)
(158, 204)
(158, 209)
(158, 341)
(158, 345)
(158, 220)
(158, 222)
(158, 230)
(158, 361)
(158, 363)
(158, 371)
(158, 378)
(158, 379)
(159, 391)
(159, 265)
(159, 395)
(159, 275)
(159, 277)
(159, 278)
(159, 283)
(159, 290)
(159, 293)
(159, 166)
(159, 168)
(159, 299)
(159, 183)
(159, 244)
(159, 194)
(159, 204)
(159, 334)
(159, 338)
(159, 213)
(159, 345)
(159, 219)
(159, 165)
(159, 357)
(159, 372)
(159, 379)
(159, 252)
(159, 255)
(160, 389)
(160, 394)
(160, 269)
(160, 272)
(160, 281)
(160, 285)
(160, 296)
(160, 298)
(160, 309)
(160, 183)
(160, 313)
(160, 326)
(160, 328)
(160, 331)
(160, 216)
(160, 346)
(160, 352)
(160, 355)
(160, 361)
(160, 236)
(160, 367)
(160, 378)
(161, 386)
(161, 391)
(161, 398)
(161, 273)
(161, 274)
(161, 275)
(161, 277)
(161, 278)
(161, 282)
(161, 289)
(161, 165)
(161, 173)
(161, 177)
(161, 185)
(161, 186)
(161, 377)
(161, 196)
(161, 197)
(161, 205)
(161, 210)
(161, 340)
(161, 343)
(161, 350)
(161, 353)
(161, 356)
(161, 372)
(161, 246)
(161, 212)
(161, 250)
(161, 319)
(162, 256)
(162, 257)
(162, 260)
(162, 399)
(162, 273)
(162, 274)
(162, 286)
(162, 287)
(162, 170)
(162, 171)
(162, 304)
(162, 177)
(162, 306)
(162, 182)
(162, 311)
(162, 184)
(162, 185)
(162, 314)
(162, 319)
(162, 193)
(162, 196)
(162, 198)
(162, 206)
(162, 335)
(162, 336)
(162, 210)
(162, 339)
(162, 215)
(162, 221)
(162, 223)
(162, 224)
(162, 354)
(162, 358)
(162, 233)
(162, 235)
(162, 237)
(162, 241)
(162, 246)
(163, 258)
(163, 262)
(163, 276)
(163, 279)
(163, 294)
(163, 297)
(163, 312)
(163, 186)
(163, 197)
(163, 329)
(163, 332)
(163, 337)
(163, 227)
(163, 229)
(163, 232)
(163, 242)
(163, 169)
(163, 376)
(163, 253)
(164, 263)
(164, 392)
(164, 393)
(164, 275)
(164, 290)
(164, 167)
(164, 175)
(164, 305)
(164, 179)
(164, 181)
(164, 310)
(164, 265)
(164, 192)
(164, 327)
(164, 201)
(164, 330)
(164, 208)
(164, 213)
(164, 344)
(164, 351)
(164, 357)
(164, 362)
(164, 366)
(164, 239)
(164, 244)
(164, 373)
(164, 264)
(165, 386)
(165, 391)
(165, 395)
(165, 398)
(165, 275)
(165, 277)
(165, 278)
(165, 283)
(165, 289)
(165, 293)
(165, 166)
(165, 167)
(165, 168)
(165, 244)
(165, 194)
(165, 196)
(165, 204)
(165, 205)
(165, 334)
(165, 210)
(165, 212)
(165, 213)
(165, 350)
(165, 338)
(165, 238)
(165, 372)
(165, 340)
(165, 254)
(165, 255)
(166, 386)
(166, 391)
(166, 265)
(166, 398)
(166, 275)
(166, 277)
(166, 278)
(166, 283)
(166, 289)
(166, 290)
(166, 293)
(166, 167)
(166, 168)
(166, 372)
(166, 194)
(166, 201)
(166, 330)
(166, 204)
(166, 334)
(166, 338)
(166, 340)
(166, 213)
(166, 357)
(166, 366)
(166, 244)
(166, 255)
(167, 391)
(167, 392)
(167, 265)
(167, 275)
(167, 277)
(167, 278)
(167, 290)
(167, 173)
(167, 264)
(167, 179)
(167, 310)
(167, 244)
(167, 194)
(167, 327)
(167, 201)
(167, 330)
(167, 208)
(167, 340)
(167, 213)
(167, 344)
(167, 357)
(167, 362)
(167, 366)
(167, 239)
(167, 372)
(167, 373)
(168, 386)
(168, 391)
(168, 395)
(168, 269)
(168, 398)
(168, 399)
(168, 277)
(168, 278)
(168, 281)
(168, 283)
(168, 218)
(168, 289)
(168, 293)
(168, 306)
(168, 183)
(168, 194)
(168, 196)
(168, 328)
(168, 204)
(168, 205)
(168, 334)
(168, 210)
(168, 212)
(168, 215)
(168, 346)
(168, 350)
(168, 352)
(168, 238)
(168, 372)
(168, 254)
(168, 255)
(169, 276)
(169, 174)
(169, 297)
(169, 300)
(169, 302)
(169, 312)
(169, 185)
(169, 249)
(169, 189)
(169, 319)
(169, 320)
(169, 329)
(169, 202)
(169, 332)
(169, 206)
(169, 207)
(169, 184)
(169, 343)
(169, 348)
(169, 224)
(169, 227)
(169, 359)
(169, 232)
(169, 364)
(169, 237)
(169, 368)
(169, 377)
(169, 253)
(170, 257)
(170, 398)
(170, 273)
(170, 274)
(170, 174)
(170, 286)
(170, 287)
(170, 171)
(170, 300)
(170, 302)
(170, 304)
(170, 177)
(170, 306)
(170, 184)
(170, 185)
(170, 319)
(170, 193)
(170, 196)
(170, 198)
(170, 205)
(170, 206)
(170, 336)
(170, 210)
(170, 212)
(170, 215)
(170, 221)
(170, 350)
(170, 224)
(170, 354)
(170, 358)
(170, 233)
(170, 237)
(170, 246)
(170, 377)
(171, 256)
(171, 257)
(171, 260)
(171, 270)
(171, 271)
(171, 273)
(171, 274)
(171, 174)
(171, 286)
(171, 287)
(171, 300)
(171, 302)
(171, 182)
(171, 311)
(171, 184)
(171, 185)
(171, 314)
(171, 315)
(171, 189)
(171, 319)
(171, 193)
(171, 198)
(171, 206)
(171, 207)
(171, 336)
(171, 348)
(171, 221)
(171, 224)
(171, 354)
(171, 358)
(171, 233)
(171, 235)
(171, 237)
(171, 246)
(171, 249)
(172, 385)
(172, 264)
(172, 393)
(172, 266)
(172, 396)
(172, 280)
(172, 282)
(172, 284)
(172, 173)
(172, 176)
(172, 186)
(172, 325)
(172, 203)
(172, 208)
(172, 344)
(172, 349)
(172, 353)
(172, 226)
(172, 231)
(172, 240)
(172, 369)
(172, 370)
(172, 243)
(172, 375)
(172, 250)
(173, 385)
(173, 258)
(173, 264)
(173, 266)
(173, 275)
(173, 278)
(173, 282)
(173, 289)
(173, 176)
(173, 186)
(173, 197)
(173, 330)
(173, 205)
(173, 340)
(173, 213)
(173, 343)
(173, 353)
(173, 356)
(173, 370)
(173, 243)
(173, 372)
(173, 377)
(173, 250)
(174, 257)
(174, 260)
(174, 273)
(174, 274)
(174, 286)
(174, 297)
(174, 300)
(174, 302)
(174, 177)
(174, 312)
(174, 185)
(174, 249)
(174, 189)
(174, 319)
(174, 320)
(174, 193)
(174, 198)
(174, 329)
(174, 332)
(174, 206)
(174, 207)
(174, 336)
(174, 184)
(174, 343)
(174, 348)
(174, 224)
(174, 354)
(174, 232)
(174, 233)
(174, 364)
(174, 237)
(174, 368)
(174, 246)
(174, 377)
(174, 253)
(175, 259)
(175, 263)
(175, 392)
(175, 393)
(175, 267)
(175, 290)
(175, 305)
(175, 179)
(175, 181)
(175, 310)
(175, 316)
(175, 191)
(175, 192)
(175, 321)
(175, 322)
(175, 323)
(175, 327)
(175, 201)
(175, 330)
(175, 208)
(175, 344)
(175, 351)
(175, 225)
(175, 362)
(175, 366)
(175, 239)
(175, 373)
(176, 385)
(176, 258)
(176, 264)
(176, 266)
(176, 282)
(176, 197)
(176, 297)
(176, 186)
(176, 325)
(176, 203)
(176, 340)
(176, 343)
(176, 353)
(176, 226)
(176, 356)
(176, 370)
(176, 243)
(176, 375)
(176, 250)
(177, 386)
(177, 398)
(177, 273)
(177, 274)
(177, 286)
(177, 289)
(177, 185)
(177, 377)
(177, 193)
(177, 196)
(177, 198)
(177, 205)
(177, 206)
(177, 336)
(177, 210)
(177, 212)
(177, 343)
(177, 350)
(177, 224)
(177, 354)
(177, 358)
(177, 233)
(177, 237)
(177, 246)
(177, 340)
(177, 319)
(177, 254)
(178, 256)
(178, 387)
(178, 388)
(178, 390)
(178, 292)
(178, 182)
(178, 318)
(178, 335)
(178, 339)
(178, 342)
(178, 217)
(178, 223)
(178, 360)
(178, 365)
(178, 247)
(178, 382)
(179, 392)
(179, 393)
(179, 267)
(179, 396)
(179, 305)
(179, 181)
(179, 310)
(179, 191)
(179, 321)
(179, 322)
(179, 327)
(179, 201)
(179, 330)
(179, 208)
(179, 344)
(179, 347)
(179, 351)
(179, 225)
(179, 362)
(179, 366)
(179, 239)
(179, 240)
(179, 369)
(179, 373)
(179, 375)
(179, 381)
(179, 264)
(179, 383)
(180, 389)
(180, 394)
(180, 269)
(180, 288)
(180, 291)
(180, 295)
(180, 296)
(180, 298)
(180, 299)
(180, 303)
(180, 307)
(180, 308)
(180, 183)
(180, 199)
(180, 200)
(180, 209)
(180, 345)
(180, 355)
(180, 361)
(180, 371)
(180, 378)
(180, 379)
(181, 392)
(181, 393)
(181, 267)
(181, 396)
(181, 397)
(181, 301)
(181, 305)
(181, 188)
(181, 317)
(181, 191)
(181, 321)
(181, 323)
(181, 324)
(181, 333)
(181, 208)
(181, 344)
(181, 347)
(181, 351)
(181, 225)
(181, 226)
(181, 228)
(181, 240)
(181, 369)
(181, 373)
(181, 374)
(181, 375)
(181, 381)
(181, 383)
(182, 256)
(182, 257)
(182, 387)
(182, 260)
(182, 390)
(182, 270)
(182, 271)
(182, 286)
(182, 287)
(182, 311)
(182, 314)
(182, 315)
(182, 193)
(182, 198)
(182, 206)
(182, 335)
(182, 336)
(182, 339)
(182, 342)
(182, 221)
(182, 223)
(182, 224)
(182, 354)
(182, 358)
(182, 233)
(182, 235)
(182, 247)
(182, 382)
(183, 389)
(183, 394)
(183, 395)
(183, 269)
(183, 272)
(183, 218)
(183, 281)
(183, 283)
(183, 285)
(183, 288)
(183, 293)
(183, 296)
(183, 298)
(183, 299)
(183, 303)
(183, 309)
(183, 313)
(183, 326)
(183, 200)
(183, 331)
(183, 204)
(183, 334)
(183, 338)
(183, 345)
(183, 346)
(183, 352)
(183, 355)
(183, 361)
(183, 236)
(183, 238)
(183, 378)
(183, 379)
(183, 255)
(184, 257)
(184, 260)
(184, 270)
(184, 271)
(184, 274)
(184, 286)
(184, 300)
(184, 302)
(184, 311)
(184, 185)
(184, 314)
(184, 315)
(184, 189)
(184, 319)
(184, 320)
(184, 193)
(184, 198)
(184, 206)
(184, 207)
(184, 336)
(184, 348)
(184, 221)
(184, 224)
(184, 354)
(184, 233)
(184, 235)
(184, 364)
(184, 237)
(184, 368)
(184, 246)
(184, 249)
(184, 253)
(185, 257)
(185, 260)
(185, 273)
(185, 274)
(185, 286)
(185, 300)
(185, 302)
(185, 249)
(185, 189)
(185, 319)
(185, 320)
(185, 193)
(185, 198)
(185, 329)
(185, 206)
(185, 207)
(185, 336)
(185, 343)
(185, 348)
(185, 221)
(185, 224)
(185, 354)
(185, 233)
(185, 364)
(185, 237)
(185, 368)
(185, 246)
(185, 377)
(185, 253)
(186, 385)
(186, 258)
(186, 264)
(186, 266)
(186, 282)
(186, 197)
(186, 294)
(186, 297)
(186, 325)
(186, 329)
(186, 203)
(186, 332)
(186, 343)
(186, 353)
(186, 356)
(186, 370)
(186, 243)
(186, 376)
(186, 377)
(186, 250)
(187, 227)
(187, 229)
(187, 234)
(187, 268)
(187, 279)
(187, 251)
(188, 384)
(188, 267)
(188, 397)
(188, 347)
(188, 301)
(188, 317)
(188, 191)
(188, 321)
(188, 323)
(188, 324)
(188, 333)
(188, 225)
(188, 228)
(188, 374)
(188, 381)
(188, 383)
(189, 257)
(189, 260)
(189, 270)
(189, 286)
(189, 300)
(189, 302)
(189, 314)
(189, 315)
(189, 319)
(189, 320)
(189, 193)
(189, 202)
(189, 206)
(189, 207)
(189, 348)
(189, 221)
(189, 224)
(189, 354)
(189, 359)
(189, 233)
(189, 235)
(189, 364)
(189, 237)
(189, 368)
(189, 249)
(189, 253)
(190, 388)
(190, 390)
(190, 399)
(190, 272)
(190, 287)
(190, 292)
(190, 304)
(190, 306)
(190, 328)
(190, 331)
(190, 335)
(190, 339)
(190, 214)
(190, 215)
(190, 216)
(190, 217)
(190, 223)
(190, 358)
(190, 360)
(190, 365)
(190, 241)
(190, 245)
(190, 247)
(190, 248)
(191, 384)
(191, 393)
(191, 267)
(191, 397)
(191, 301)
(191, 305)
(191, 316)
(191, 317)
(191, 321)
(191, 322)
(191, 323)
(191, 324)
(191, 208)
(191, 347)
(191, 351)
(191, 225)
(191, 228)
(191, 374)
(191, 381)
(191, 383)
(192, 259)
(192, 263)
(192, 392)
(192, 265)
(192, 290)
(192, 305)
(192, 310)
(192, 316)
(192, 322)
(192, 327)
(192, 201)
(192, 330)
(192, 351)
(192, 357)
(192, 362)
(192, 366)
(192, 239)
(192, 244)
(192, 373)
(193, 256)
(193, 257)
(193, 260)
(193, 270)
(193, 271)
(193, 273)
(193, 274)
(193, 286)
(193, 287)
(193, 300)
(193, 302)
(193, 304)
(193, 306)
(193, 311)
(193, 314)
(193, 315)
(193, 319)
(193, 198)
(193, 206)
(193, 207)
(193, 336)
(193, 210)
(193, 221)
(193, 224)
(193, 354)
(193, 358)
(193, 233)
(193, 235)
(193, 237)
(193, 246)
(194, 386)
(194, 391)
(194, 265)
(194, 395)
(194, 398)
(194, 275)
(194, 277)
(194, 278)
(194, 283)
(194, 289)
(194, 290)
(194, 293)
(194, 244)
(194, 204)
(194, 205)
(194, 334)
(194, 338)
(194, 340)
(194, 213)
(194, 350)
(194, 357)
(194, 238)
(194, 372)
(194, 212)
(194, 254)
(194, 255)
(195, 261)
(195, 262)
(195, 280)
(195, 284)
(195, 294)
(195, 325)
(195, 203)
(195, 337)
(195, 349)
(195, 229)
(195, 231)
(195, 242)
(195, 243)
(195, 376)
(195, 380)
(196, 386)
(196, 395)
(196, 398)
(196, 399)
(196, 273)
(196, 274)
(196, 286)
(196, 287)
(196, 289)
(196, 293)
(196, 304)
(196, 306)
(196, 319)
(196, 198)
(196, 205)
(196, 336)
(196, 210)
(196, 212)
(196, 215)
(196, 218)
(196, 350)
(196, 358)
(196, 233)
(196, 238)
(196, 372)
(196, 246)
(196, 377)
(196, 254)
(197, 385)
(197, 258)
(197, 266)
(197, 282)
(197, 294)
(197, 297)
(197, 325)
(197, 329)
(197, 203)
(197, 332)
(197, 343)
(197, 353)
(197, 356)
(197, 370)
(197, 243)
(197, 376)
(197, 377)
(197, 250)
(198, 256)
(198, 257)
(198, 260)
(198, 399)
(198, 273)
(198, 274)
(198, 286)
(198, 287)
(198, 300)
(198, 302)
(198, 304)
(198, 306)
(198, 314)
(198, 319)
(198, 206)
(198, 336)
(198, 210)
(198, 339)
(198, 215)
(198, 221)
(198, 223)
(198, 224)
(198, 354)
(198, 358)
(198, 233)
(198, 235)
(198, 237)
(198, 246)
(199, 389)
(199, 394)
(199, 288)
(199, 296)
(199, 298)
(199, 299)
(199, 303)
(199, 308)
(199, 200)
(199, 209)
(199, 345)
(199, 355)
(199, 361)
(199, 378)
(199, 379)
(200, 389)
(200, 394)
(200, 269)
(200, 288)
(200, 291)
(200, 295)
(200, 296)
(200, 299)
(200, 303)
(200, 307)
(200, 308)
(200, 204)
(200, 209)
(200, 338)
(200, 341)
(200, 345)
(200, 219)
(200, 220)
(200, 222)
(200, 230)
(200, 361)
(200, 363)
(200, 371)
(200, 378)
(200, 379)
(200, 252)
(201, 263)
(201, 392)
(201, 265)
(201, 275)
(201, 290)
(201, 391)
(201, 305)
(201, 310)
(201, 327)
(201, 330)
(201, 208)
(201, 213)
(201, 344)
(201, 351)
(201, 357)
(201, 362)
(201, 366)
(201, 239)
(201, 244)
(201, 373)
(202, 268)
(202, 276)
(202, 312)
(202, 320)
(202, 207)
(202, 348)
(202, 227)
(202, 359)
(202, 232)
(202, 234)
(202, 364)
(202, 253)
(202, 368)
(202, 249)
(203, 385)
(203, 258)
(203, 266)
(203, 280)
(203, 282)
(203, 284)
(203, 294)
(203, 370)
(203, 325)
(203, 349)
(203, 353)
(203, 226)
(203, 231)
(203, 242)
(203, 243)
(203, 376)
(203, 250)
(203, 380)
(204, 395)
(204, 269)
(204, 277)
(204, 283)
(204, 288)
(204, 291)
(204, 293)
(204, 295)
(204, 299)
(204, 303)
(204, 334)
(204, 338)
(204, 345)
(204, 346)
(204, 219)
(204, 361)
(204, 244)
(204, 378)
(204, 379)
(204, 252)
(204, 255)
(205, 386)
(205, 391)
(205, 398)
(205, 273)
(205, 274)
(205, 275)
(205, 277)
(205, 278)
(205, 289)
(205, 293)
(205, 377)
(205, 210)
(205, 340)
(205, 343)
(205, 350)
(205, 356)
(205, 238)
(205, 372)
(205, 246)
(205, 212)
(205, 254)
(206, 257)
(206, 260)
(206, 270)
(206, 273)
(206, 274)
(206, 286)
(206, 287)
(206, 300)
(206, 302)
(206, 311)
(206, 314)
(206, 315)
(206, 319)
(206, 207)
(206, 336)
(206, 348)
(206, 221)
(206, 224)
(206, 354)
(206, 358)
(206, 233)
(206, 235)
(206, 364)
(206, 237)
(206, 368)
(206, 246)
(206, 249)
(207, 257)
(207, 260)
(207, 270)
(207, 274)
(207, 286)
(207, 300)
(207, 302)
(207, 312)
(207, 315)
(207, 319)
(207, 320)
(207, 329)
(207, 332)
(207, 377)
(207, 348)
(207, 221)
(207, 224)
(207, 354)
(207, 359)
(207, 232)
(207, 235)
(207, 364)
(207, 237)
(207, 368)
(207, 246)
(207, 249)
(207, 253)
(208, 392)
(208, 393)
(208, 267)
(208, 396)
(208, 305)
(208, 310)
(208, 321)
(208, 330)
(208, 344)
(208, 347)
(208, 351)
(208, 225)
(208, 226)
(208, 362)
(208, 366)
(208, 239)
(208, 240)
(208, 369)
(208, 370)
(208, 373)
(208, 375)
(208, 381)
(208, 264)
(208, 383)
(209, 389)
(209, 288)
(209, 291)
(209, 295)
(209, 296)
(209, 299)
(209, 303)
(209, 307)
(209, 308)
(209, 211)
(209, 341)
(209, 345)
(209, 219)
(209, 220)
(209, 222)
(209, 230)
(209, 361)
(209, 363)
(209, 371)
(209, 378)
(209, 379)
(209, 252)
(210, 386)
(210, 395)
(210, 398)
(210, 399)
(210, 273)
(210, 274)
(210, 286)
(210, 287)
(210, 289)
(210, 293)
(210, 304)
(210, 306)
(210, 319)
(210, 328)
(210, 336)
(210, 212)
(210, 215)
(210, 218)
(210, 350)
(210, 358)
(210, 233)
(210, 238)
(210, 241)
(210, 246)
(210, 254)
(211, 295)
(211, 307)
(211, 308)
(211, 291)
(211, 341)
(211, 220)
(211, 222)
(211, 230)
(211, 363)
(211, 371)
(212, 386)
(212, 391)
(212, 395)
(212, 398)
(212, 273)
(212, 274)
(212, 277)
(212, 278)
(212, 289)
(212, 293)
(212, 304)
(212, 306)
(212, 319)
(212, 336)
(212, 340)
(212, 215)
(212, 218)
(212, 350)
(212, 238)
(212, 372)
(212, 246)
(212, 377)
(212, 254)
(213, 391)
(213, 392)
(213, 265)
(213, 277)
(213, 278)
(213, 289)
(213, 290)
(213, 264)
(213, 310)
(213, 244)
(213, 327)
(213, 330)
(213, 340)
(213, 357)
(213, 362)
(213, 366)
(213, 239)
(213, 275)
(213, 372)
(213, 373)
(214, 388)
(214, 399)
(214, 272)
(214, 218)
(214, 281)
(214, 285)
(214, 287)
(214, 292)
(214, 304)
(214, 306)
(214, 309)
(214, 326)
(214, 328)
(214, 331)
(214, 335)
(214, 339)
(214, 215)
(214, 216)
(214, 346)
(214, 223)
(214, 352)
(214, 358)
(214, 236)
(214, 365)
(214, 367)
(214, 241)
(214, 245)
(214, 248)
(215, 388)
(215, 395)
(215, 398)
(215, 399)
(215, 272)
(215, 218)
(215, 281)
(215, 285)
(215, 287)
(215, 293)
(215, 304)
(215, 306)
(215, 309)
(215, 328)
(215, 331)
(215, 335)
(215, 336)
(215, 339)
(215, 216)
(215, 346)
(215, 223)
(215, 352)
(215, 358)
(215, 233)
(215, 365)
(215, 238)
(215, 241)
(215, 245)
(215, 248)
(215, 254)
(216, 388)
(216, 395)
(216, 399)
(216, 272)
(216, 218)
(216, 281)
(216, 285)
(216, 298)
(216, 304)
(216, 306)
(216, 309)
(216, 313)
(216, 326)
(216, 328)
(216, 331)
(216, 339)
(216, 346)
(216, 223)
(216, 352)
(216, 236)
(216, 365)
(216, 367)
(216, 241)
(216, 245)
(216, 248)
(217, 256)
(217, 387)
(217, 388)
(217, 390)
(217, 292)
(217, 318)
(217, 335)
(217, 339)
(217, 342)
(217, 223)
(217, 360)
(217, 365)
(217, 245)
(217, 247)
(217, 248)
(217, 382)
(218, 395)
(218, 269)
(218, 398)
(218, 399)
(218, 272)
(218, 281)
(218, 283)
(218, 285)
(218, 293)
(218, 298)
(218, 304)
(218, 306)
(218, 309)
(218, 313)
(218, 326)
(218, 328)
(218, 331)
(218, 346)
(218, 352)
(218, 236)
(218, 238)
(218, 367)
(218, 241)
(218, 248)
(218, 254)
(219, 263)
(219, 265)
(219, 288)
(219, 290)
(219, 291)
(219, 295)
(219, 299)
(219, 303)
(219, 338)
(219, 341)
(219, 345)
(219, 220)
(219, 222)
(219, 230)
(219, 363)
(219, 379)
(219, 252)
(220, 288)
(220, 291)
(220, 295)
(220, 299)
(220, 303)
(220, 307)
(220, 308)
(220, 341)
(220, 345)
(220, 222)
(220, 230)
(220, 363)
(220, 371)
(220, 379)
(220, 252)
(221, 256)
(221, 257)
(221, 260)
(221, 270)
(221, 271)
(221, 286)
(221, 300)
(221, 302)
(221, 311)
(221, 314)
(221, 315)
(221, 319)
(221, 336)
(221, 348)
(221, 224)
(221, 354)
(221, 233)
(221, 235)
(221, 237)
(221, 249)
(222, 307)
(222, 288)
(222, 291)
(222, 295)
(222, 299)
(222, 303)
(222, 308)
(222, 338)
(222, 341)
(222, 345)
(222, 230)
(222, 363)
(222, 371)
(222, 379)
(222, 252)
(223, 256)
(223, 388)
(223, 390)
(223, 399)
(223, 287)
(223, 292)
(223, 304)
(223, 306)
(223, 328)
(223, 331)
(223, 335)
(223, 336)
(223, 339)
(223, 358)
(223, 360)
(223, 365)
(223, 241)
(223, 245)
(223, 247)
(223, 248)
(223, 382)
(224, 256)
(224, 257)
(224, 260)
(224, 270)
(224, 271)
(224, 273)
(224, 274)
(224, 286)
(224, 287)
(224, 300)
(224, 302)
(224, 311)
(224, 314)
(224, 315)
(224, 319)
(224, 336)
(224, 348)
(224, 354)
(224, 358)
(224, 233)
(224, 235)
(224, 364)
(224, 237)
(224, 368)
(224, 246)
(224, 249)
(225, 393)
(225, 267)
(225, 396)
(225, 397)
(225, 301)
(225, 305)
(225, 316)
(225, 317)
(225, 321)
(225, 322)
(225, 323)
(225, 324)
(225, 333)
(225, 344)
(225, 347)
(225, 351)
(225, 228)
(225, 240)
(225, 369)
(225, 373)
(225, 374)
(225, 375)
(225, 381)
(225, 383)
(226, 385)
(226, 264)
(226, 393)
(226, 266)
(226, 396)
(226, 280)
(226, 284)
(226, 325)
(226, 344)
(226, 347)
(226, 349)
(226, 231)
(226, 240)
(226, 369)
(226, 370)
(226, 243)
(226, 375)
(226, 383)
(227, 279)
(227, 268)
(227, 276)
(227, 312)
(227, 320)
(227, 329)
(227, 332)
(227, 337)
(227, 229)
(227, 359)
(227, 232)
(227, 234)
(227, 364)
(227, 368)
(227, 251)
(227, 253)
(228, 384)
(228, 393)
(228, 267)
(228, 397)
(228, 347)
(228, 317)
(228, 321)
(228, 323)
(228, 324)
(228, 333)
(228, 301)
(228, 240)
(228, 374)
(228, 381)
(228, 383)
(229, 262)
(229, 276)
(229, 279)
(229, 261)
(229, 294)
(229, 337)
(229, 251)
(229, 242)
(229, 376)
(229, 380)
(230, 288)
(230, 295)
(230, 299)
(230, 303)
(230, 307)
(230, 308)
(230, 291)
(230, 341)
(230, 345)
(230, 363)
(230, 371)
(230, 379)
(230, 252)
(231, 385)
(231, 261)
(231, 262)
(231, 280)
(231, 284)
(231, 294)
(231, 325)
(231, 349)
(231, 242)
(231, 243)
(231, 376)
(231, 380)
(232, 268)
(232, 276)
(232, 297)
(232, 312)
(232, 320)
(232, 329)
(232, 332)
(232, 337)
(232, 348)
(232, 359)
(232, 234)
(232, 364)
(232, 368)
(232, 376)
(232, 249)
(232, 251)
(232, 253)
(233, 256)
(233, 257)
(233, 260)
(233, 270)
(233, 273)
(233, 274)
(233, 286)
(233, 287)
(233, 300)
(233, 302)
(233, 304)
(233, 306)
(233, 314)
(233, 319)
(233, 336)
(233, 350)
(233, 354)
(233, 358)
(233, 235)
(233, 237)
(233, 246)
(234, 320)
(234, 359)
(234, 268)
(234, 364)
(234, 276)
(234, 312)
(234, 251)
(234, 253)
(235, 256)
(235, 257)
(235, 260)
(235, 271)
(235, 300)
(235, 302)
(235, 286)
(235, 311)
(235, 314)
(235, 315)
(235, 270)
(235, 348)
(235, 354)
(235, 237)
(235, 249)
(236, 389)
(236, 394)
(236, 395)
(236, 269)
(236, 272)
(236, 281)
(236, 283)
(236, 285)
(236, 293)
(236, 298)
(236, 309)
(236, 313)
(236, 326)
(236, 328)
(236, 331)
(236, 346)
(236, 352)
(236, 355)
(236, 361)
(236, 367)
(236, 378)
(237, 257)
(237, 260)
(237, 270)
(237, 273)
(237, 274)
(237, 286)
(237, 300)
(237, 302)
(237, 314)
(237, 315)
(237, 377)
(237, 320)
(237, 329)
(237, 336)
(237, 343)
(237, 348)
(237, 354)
(237, 364)
(237, 368)
(237, 246)
(237, 249)
(237, 319)
(237, 253)
(238, 386)
(238, 395)
(238, 269)
(238, 398)
(238, 399)
(238, 277)
(238, 281)
(238, 283)
(238, 285)
(238, 289)
(238, 293)
(238, 304)
(238, 306)
(238, 328)
(238, 331)
(238, 334)
(238, 346)
(238, 350)
(238, 352)
(238, 241)
(238, 372)
(238, 254)
(238, 255)
(239, 259)
(239, 263)
(239, 392)
(239, 265)
(239, 290)
(239, 305)
(239, 310)
(239, 322)
(239, 327)
(239, 330)
(239, 344)
(239, 351)
(239, 357)
(239, 362)
(239, 366)
(239, 244)
(239, 373)
(240, 385)
(240, 264)
(240, 393)
(240, 396)
(240, 397)
(240, 301)
(240, 317)
(240, 321)
(240, 333)
(240, 344)
(240, 347)
(240, 369)
(240, 370)
(240, 374)
(240, 375)
(240, 381)
(240, 383)
(241, 388)
(241, 395)
(241, 399)
(241, 272)
(241, 281)
(241, 285)
(241, 287)
(241, 292)
(241, 304)
(241, 306)
(241, 309)
(241, 328)
(241, 331)
(241, 335)
(241, 339)
(241, 346)
(241, 352)
(241, 358)
(241, 365)
(241, 367)
(241, 245)
(241, 248)
(241, 254)
(242, 258)
(242, 261)
(242, 262)
(242, 279)
(242, 280)
(242, 284)
(242, 294)
(242, 325)
(242, 337)
(242, 349)
(242, 243)
(242, 376)
(242, 380)
(243, 385)
(243, 258)
(243, 264)
(243, 266)
(243, 396)
(243, 280)
(243, 282)
(243, 294)
(243, 297)
(243, 325)
(243, 284)
(243, 349)
(243, 353)
(243, 356)
(243, 370)
(243, 375)
(243, 376)
(243, 250)
(244, 263)
(244, 392)
(244, 265)
(244, 277)
(244, 278)
(244, 290)
(244, 391)
(244, 310)
(244, 327)
(244, 330)
(244, 334)
(244, 338)
(244, 340)
(244, 357)
(244, 362)
(244, 366)
(244, 275)
(244, 372)
(244, 373)
(244, 255)
(245, 388)
(245, 390)
(245, 399)
(245, 272)
(245, 292)
(245, 304)
(245, 331)
(245, 328)
(245, 335)
(245, 339)
(245, 360)
(245, 365)
(245, 248)
(246, 257)
(246, 398)
(246, 273)
(246, 274)
(246, 286)
(246, 287)
(246, 300)
(246, 302)
(246, 304)
(246, 306)
(246, 319)
(246, 336)
(246, 343)
(246, 350)
(246, 354)
(246, 358)
(246, 377)
(247, 256)
(247, 387)
(247, 388)
(247, 390)
(247, 271)
(247, 287)
(247, 292)
(247, 311)
(247, 318)
(247, 335)
(247, 339)
(247, 342)
(247, 360)
(247, 365)
(247, 382)
(248, 388)
(248, 399)
(248, 272)
(248, 285)
(248, 287)
(248, 292)
(248, 304)
(248, 306)
(248, 309)
(248, 328)
(248, 331)
(248, 335)
(248, 339)
(248, 352)
(248, 358)
(248, 365)
(248, 367)
(249, 257)
(249, 260)
(249, 300)
(249, 302)
(249, 312)
(249, 314)
(249, 315)
(249, 320)
(249, 270)
(249, 348)
(249, 359)
(249, 364)
(249, 368)
(249, 253)
(250, 385)
(250, 258)
(250, 264)
(250, 266)
(250, 275)
(250, 278)
(250, 282)
(250, 289)
(250, 297)
(250, 325)
(250, 340)
(250, 343)
(250, 353)
(250, 356)
(250, 370)
(250, 377)
(251, 262)
(251, 268)
(251, 337)
(251, 276)
(251, 279)
(251, 312)
(252, 263)
(252, 265)
(252, 288)
(252, 290)
(252, 295)
(252, 299)
(252, 303)
(252, 338)
(252, 291)
(252, 341)
(252, 345)
(252, 363)
(252, 379)
(253, 268)
(253, 276)
(253, 297)
(253, 300)
(253, 302)
(253, 312)
(253, 320)
(253, 329)
(253, 332)
(253, 348)
(253, 359)
(253, 364)
(253, 368)
(254, 386)
(254, 391)
(254, 395)
(254, 398)
(254, 399)
(254, 273)
(254, 277)
(254, 281)
(254, 283)
(254, 289)
(254, 293)
(254, 304)
(254, 306)
(254, 328)
(254, 331)
(254, 334)
(254, 346)
(254, 350)
(254, 352)
(254, 372)
(254, 255)
(255, 386)
(255, 391)
(255, 395)
(255, 269)
(255, 398)
(255, 275)
(255, 277)
(255, 278)
(255, 281)
(255, 283)
(255, 293)
(255, 299)
(255, 334)
(255, 338)
(255, 345)
(255, 357)
(255, 372)
(255, 378)
(255, 379)
(256, 257)
(256, 387)
(256, 260)
(256, 390)
(256, 270)
(256, 271)
(256, 287)
(256, 304)
(256, 286)
(256, 311)
(256, 314)
(256, 335)
(256, 336)
(256, 339)
(256, 342)
(256, 354)
(256, 358)
(256, 382)
(257, 260)
(257, 271)
(257, 273)
(257, 274)
(257, 287)
(257, 300)
(257, 302)
(257, 286)
(257, 311)
(257, 314)
(257, 315)
(257, 319)
(257, 336)
(257, 270)
(257, 348)
(257, 354)
(257, 358)
(257, 368)
(258, 385)
(258, 266)
(258, 282)
(258, 294)
(258, 297)
(258, 325)
(258, 329)
(258, 332)
(258, 343)
(258, 353)
(258, 356)
(258, 376)
(258, 377)
(259, 322)
(259, 327)
(259, 362)
(259, 263)
(259, 305)
(259, 310)
(259, 316)
(259, 351)
(260, 271)
(260, 286)
(260, 300)
(260, 302)
(260, 311)
(260, 314)
(260, 315)
(260, 319)
(260, 336)
(260, 270)
(260, 348)
(260, 354)
(260, 364)
(261, 262)
(261, 294)
(261, 284)
(261, 337)
(261, 279)
(261, 376)
(261, 380)
(261, 349)
(262, 279)
(262, 294)
(262, 337)
(262, 376)
(262, 380)
(263, 392)
(263, 265)
(263, 366)
(263, 290)
(263, 305)
(263, 310)
(263, 322)
(263, 327)
(263, 330)
(263, 351)
(263, 357)
(263, 362)
(263, 373)
(264, 385)
(264, 392)
(264, 393)
(264, 266)
(264, 396)
(264, 275)
(264, 282)
(264, 325)
(264, 330)
(264, 340)
(264, 344)
(264, 353)
(264, 356)
(264, 366)
(264, 369)
(264, 370)
(264, 373)
(264, 375)
(265, 391)
(265, 392)
(265, 277)
(265, 278)
(265, 290)
(265, 310)
(265, 327)
(265, 330)
(265, 338)
(265, 357)
(265, 362)
(265, 366)
(265, 275)
(265, 373)
(266, 385)
(266, 282)
(266, 284)
(266, 294)
(266, 297)
(266, 325)
(266, 343)
(266, 353)
(266, 356)
(266, 370)
(266, 375)
(266, 376)
(267, 384)
(267, 393)
(267, 397)
(267, 305)
(267, 316)
(267, 317)
(267, 321)
(267, 322)
(267, 323)
(267, 324)
(267, 301)
(267, 344)
(267, 347)
(267, 351)
(267, 374)
(267, 381)
(267, 383)
(268, 320)
(268, 359)
(268, 276)
(268, 279)
(268, 312)
(269, 389)
(269, 394)
(269, 395)
(269, 272)
(269, 281)
(269, 283)
(269, 285)
(269, 288)
(269, 293)
(269, 296)
(269, 298)
(269, 299)
(269, 303)
(269, 309)
(269, 313)
(269, 326)
(269, 328)
(269, 331)
(269, 334)
(269, 345)
(269, 346)
(269, 352)
(269, 355)
(269, 361)
(269, 367)
(269, 378)
(269, 379)
(270, 271)
(270, 300)
(270, 302)
(270, 286)
(270, 311)
(270, 314)
(270, 315)
(270, 348)
(270, 354)
(270, 364)
(271, 387)
(271, 311)
(271, 314)
(271, 315)
(271, 342)
(271, 354)
(272, 394)
(272, 395)
(272, 399)
(272, 281)
(272, 285)
(272, 298)
(272, 309)
(272, 313)
(272, 326)
(272, 328)
(272, 331)
(272, 346)
(272, 352)
(272, 355)
(272, 367)
(273, 386)
(273, 398)
(273, 274)
(273, 286)
(273, 287)
(273, 289)
(273, 302)
(273, 306)
(273, 319)
(273, 336)
(273, 343)
(273, 350)
(273, 354)
(273, 358)
(273, 377)
(274, 386)
(274, 398)
(274, 289)
(274, 300)
(274, 302)
(274, 306)
(274, 286)
(274, 319)
(274, 336)
(274, 343)
(274, 350)
(274, 354)
(274, 358)
(274, 368)
(274, 377)
(275, 386)
(275, 391)
(275, 392)
(275, 398)
(275, 277)
(275, 278)
(275, 289)
(275, 290)
(275, 330)
(275, 340)
(275, 356)
(275, 357)
(275, 366)
(275, 372)
(275, 373)
(276, 279)
(276, 297)
(276, 312)
(276, 320)
(276, 329)
(276, 332)
(276, 337)
(276, 359)
(276, 364)
(276, 368)
(276, 376)
(277, 386)
(277, 278)
(277, 391)
(277, 398)
(277, 283)
(277, 289)
(277, 290)
(277, 293)
(277, 330)
(277, 334)
(277, 338)
(277, 340)
(277, 350)
(277, 357)
(277, 366)
(277, 372)
(278, 386)
(278, 391)
(278, 398)
(278, 289)
(278, 330)
(278, 340)
(278, 350)
(278, 356)
(278, 357)
(278, 366)
(278, 372)
(279, 337)
(279, 376)
(280, 385)
(280, 294)
(280, 284)
(280, 325)
(280, 349)
(280, 380)
(281, 394)
(281, 395)
(281, 399)
(281, 283)
(281, 285)
(281, 293)
(281, 298)
(281, 309)
(281, 313)
(281, 326)
(281, 328)
(281, 331)
(281, 334)
(281, 346)
(281, 352)
(281, 355)
(281, 367)
(281, 378)
(282, 385)
(282, 289)
(282, 297)
(282, 325)
(282, 340)
(282, 343)
(282, 353)
(282, 356)
(282, 370)
(282, 377)
(283, 394)
(283, 395)
(283, 285)
(283, 293)
(283, 298)
(283, 299)
(283, 303)
(283, 309)
(283, 326)
(283, 328)
(283, 334)
(283, 338)
(283, 345)
(283, 346)
(283, 352)
(283, 361)
(283, 378)
(283, 379)
(284, 385)
(284, 294)
(284, 325)
(284, 349)
(284, 370)
(284, 376)
(284, 380)
(285, 389)
(285, 394)
(285, 395)
(285, 399)
(285, 293)
(285, 298)
(285, 309)
(285, 313)
(285, 326)
(285, 328)
(285, 331)
(285, 346)
(285, 352)
(285, 355)
(285, 361)
(285, 367)
(285, 378)
(286, 287)
(286, 300)
(286, 302)
(286, 304)
(286, 306)
(286, 314)
(286, 319)
(286, 336)
(286, 354)
(286, 358)
(287, 388)
(287, 399)
(287, 304)
(287, 306)
(287, 319)
(287, 335)
(287, 336)
(287, 339)
(287, 354)
(287, 358)
(288, 389)
(288, 394)
(288, 295)
(288, 296)
(288, 299)
(288, 303)
(288, 307)
(288, 308)
(288, 338)
(288, 291)
(288, 341)
(288, 345)
(288, 361)
(288, 363)
(288, 371)
(288, 378)
(288, 379)
(289, 386)
(289, 391)
(289, 398)
(289, 293)
(289, 340)
(289, 343)
(289, 350)
(289, 353)
(289, 356)
(289, 372)
(289, 377)
(290, 391)
(290, 392)
(290, 310)
(290, 327)
(290, 330)
(290, 338)
(290, 357)
(290, 362)
(290, 366)
(290, 373)
(291, 295)
(291, 299)
(291, 303)
(291, 307)
(291, 308)
(291, 338)
(291, 341)
(291, 345)
(291, 363)
(291, 371)
(291, 378)
(291, 379)
(292, 387)
(292, 388)
(292, 390)
(292, 318)
(292, 335)
(292, 339)
(292, 360)
(292, 365)
(292, 382)
(293, 386)
(293, 391)
(293, 395)
(293, 398)
(293, 328)
(293, 331)
(293, 334)
(293, 346)
(293, 350)
(293, 352)
(293, 372)
(294, 385)
(294, 297)
(294, 325)
(294, 332)
(294, 337)
(294, 349)
(294, 376)
(294, 380)
(295, 299)
(295, 303)
(295, 307)
(295, 308)
(295, 338)
(295, 341)
(295, 345)
(295, 363)
(295, 371)
(295, 378)
(295, 379)
(296, 389)
(296, 394)
(296, 298)
(296, 299)
(296, 303)
(296, 308)
(296, 313)
(296, 345)
(296, 355)
(296, 361)
(296, 378)
(296, 379)
(297, 312)
(297, 329)
(297, 332)
(297, 337)
(297, 343)
(297, 353)
(297, 356)
(297, 368)
(297, 376)
(297, 377)
(298, 389)
(298, 394)
(298, 395)
(298, 299)
(298, 309)
(298, 313)
(298, 326)
(298, 328)
(298, 331)
(298, 346)
(298, 352)
(298, 355)
(298, 361)
(298, 367)
(298, 378)
(298, 379)
(299, 389)
(299, 394)
(299, 303)
(299, 308)
(299, 334)
(299, 338)
(299, 341)
(299, 345)
(299, 346)
(299, 361)
(299, 363)
(299, 378)
(299, 379)
(300, 302)
(300, 314)
(300, 315)
(300, 319)
(300, 320)
(300, 348)
(300, 354)
(300, 359)
(300, 364)
(300, 368)
(301, 384)
(301, 393)
(301, 396)
(301, 397)
(301, 347)
(301, 317)
(301, 321)
(301, 323)
(301, 324)
(301, 333)
(301, 369)
(301, 374)
(301, 381)
(301, 383)
(302, 314)
(302, 315)
(302, 319)
(302, 320)
(302, 336)
(302, 348)
(302, 354)
(302, 359)
(302, 364)
(302, 368)
(303, 389)
(303, 307)
(303, 394)
(303, 308)
(303, 338)
(303, 341)
(303, 345)
(303, 361)
(303, 363)
(303, 371)
(303, 378)
(303, 379)
(304, 388)
(304, 399)
(304, 306)
(304, 331)
(304, 328)
(304, 335)
(304, 336)
(304, 339)
(304, 354)
(304, 358)
(304, 365)
(305, 392)
(305, 310)
(305, 316)
(305, 322)
(305, 323)
(305, 327)
(305, 351)
(305, 362)
(305, 373)
(306, 395)
(306, 398)
(306, 399)
(306, 319)
(306, 328)
(306, 331)
(306, 335)
(306, 336)
(306, 339)
(306, 350)
(306, 354)
(306, 358)
(307, 308)
(307, 341)
(307, 363)
(307, 371)
(308, 341)
(308, 345)
(308, 363)
(308, 371)
(309, 394)
(309, 395)
(309, 399)
(309, 313)
(309, 326)
(309, 328)
(309, 331)
(309, 346)
(309, 352)
(309, 355)
(309, 361)
(309, 367)
(309, 378)
(310, 392)
(310, 366)
(310, 322)
(310, 327)
(310, 330)
(310, 344)
(310, 351)
(310, 357)
(310, 362)
(310, 373)
(311, 387)
(311, 390)
(311, 314)
(311, 315)
(311, 342)
(311, 354)
(311, 382)
(312, 348)
(312, 320)
(312, 329)
(312, 332)
(312, 337)
(312, 359)
(312, 364)
(312, 368)
(313, 389)
(313, 394)
(313, 326)
(313, 328)
(313, 331)
(313, 346)
(313, 352)
(313, 355)
(313, 361)
(313, 367)
(313, 378)
(314, 315)
(314, 348)
(314, 354)
(315, 348)
(315, 354)
(315, 364)
(316, 322)
(316, 323)
(316, 351)
(317, 384)
(317, 393)
(317, 396)
(317, 397)
(317, 347)
(317, 321)
(317, 323)
(317, 324)
(317, 333)
(317, 369)
(317, 374)
(317, 381)
(317, 383)
(318, 387)
(318, 390)
(318, 360)
(318, 335)
(318, 342)
(318, 382)
(319, 336)
(319, 343)
(319, 350)
(319, 354)
(319, 358)
(319, 368)
(319, 377)
(320, 348)
(320, 329)
(320, 332)
(320, 359)
(320, 364)
(320, 368)
(321, 384)
(321, 393)
(321, 396)
(321, 397)
(321, 323)
(321, 324)
(321, 333)
(321, 344)
(321, 347)
(321, 351)
(321, 369)
(321, 374)
(321, 375)
(321, 381)
(321, 383)
(322, 392)
(322, 323)
(322, 327)
(322, 351)
(322, 362)
(323, 384)
(323, 347)
(323, 324)
(323, 351)
(323, 381)
(323, 383)
(324, 384)
(324, 397)
(324, 347)
(324, 333)
(324, 374)
(324, 383)
(324, 381)
(325, 385)
(325, 396)
(325, 349)
(325, 353)
(325, 369)
(325, 370)
(325, 375)
(325, 376)
(325, 380)
(326, 389)
(326, 394)
(326, 395)
(326, 328)
(326, 331)
(326, 346)
(326, 352)
(326, 355)
(326, 361)
(326, 367)
(326, 378)
(327, 392)
(327, 366)
(327, 330)
(327, 344)
(327, 351)
(327, 357)
(327, 362)
(327, 373)
(328, 388)
(328, 395)
(328, 399)
(328, 331)
(328, 339)
(328, 346)
(328, 352)
(328, 367)
(329, 332)
(329, 343)
(329, 353)
(329, 364)
(329, 368)
(329, 376)
(329, 377)
(330, 391)
(330, 392)
(330, 393)
(330, 340)
(330, 344)
(330, 357)
(330, 362)
(330, 366)
(330, 373)
(331, 388)
(331, 394)
(331, 395)
(331, 399)
(331, 346)
(331, 339)
(331, 352)
(331, 355)
(331, 367)
(332, 337)
(332, 343)
(332, 353)
(332, 368)
(332, 376)
(333, 384)
(333, 396)
(333, 397)
(333, 347)
(333, 369)
(333, 374)
(333, 381)
(333, 383)
(334, 386)
(334, 391)
(334, 398)
(334, 395)
(334, 338)
(334, 345)
(334, 346)
(334, 352)
(334, 372)
(334, 378)
(334, 379)
(335, 387)
(335, 388)
(335, 390)
(335, 399)
(335, 339)
(335, 342)
(335, 358)
(335, 360)
(335, 365)
(335, 382)
(336, 399)
(336, 350)
(336, 354)
(336, 358)
(337, 376)
(337, 380)
(338, 391)
(338, 345)
(338, 357)
(338, 378)
(338, 379)
(339, 388)
(339, 390)
(339, 399)
(339, 358)
(339, 360)
(339, 365)
(340, 386)
(340, 391)
(340, 398)
(340, 343)
(340, 350)
(340, 353)
(340, 356)
(340, 366)
(340, 372)
(340, 377)
(341, 345)
(341, 363)
(341, 371)
(341, 379)
(342, 387)
(342, 390)
(342, 360)
(342, 382)
(343, 377)
(343, 350)
(343, 353)
(343, 356)
(343, 368)
(344, 392)
(344, 393)
(344, 396)
(344, 347)
(344, 351)
(344, 362)
(344, 366)
(344, 369)
(344, 370)
(344, 373)
(344, 375)
(344, 381)
(344, 383)
(345, 389)
(345, 361)
(345, 363)
(345, 378)
(345, 379)
(346, 389)
(346, 394)
(346, 395)
(346, 352)
(346, 355)
(346, 361)
(346, 367)
(346, 378)
(346, 379)
(347, 384)
(347, 393)
(347, 396)
(347, 397)
(347, 369)
(347, 374)
(347, 375)
(347, 381)
(347, 383)
(348, 359)
(348, 364)
(348, 368)
(349, 385)
(349, 376)
(349, 380)
(350, 386)
(350, 391)
(350, 395)
(350, 398)
(350, 372)
(350, 377)
(351, 392)
(351, 362)
(351, 373)
(352, 394)
(352, 395)
(352, 399)
(352, 355)
(352, 361)
(352, 367)
(352, 378)
(353, 385)
(353, 356)
(353, 370)
(353, 376)
(353, 377)
(354, 358)
(355, 389)
(355, 394)
(355, 361)
(355, 367)
(355, 378)
(356, 385)
(356, 386)
(356, 370)
(356, 372)
(356, 377)
(357, 391)
(357, 392)
(357, 362)
(357, 366)
(357, 373)
(358, 399)
(359, 364)
(359, 368)
(360, 387)
(360, 388)
(360, 390)
(360, 365)
(360, 382)
(361, 389)
(361, 394)
(361, 378)
(361, 379)
(362, 392)
(362, 366)
(362, 373)
(363, 371)
(364, 368)
(365, 388)
(365, 390)
(365, 399)
(366, 391)
(366, 392)
(366, 373)
(367, 394)
(368, 377)
(369, 385)
(369, 393)
(369, 396)
(369, 397)
(369, 370)
(369, 374)
(369, 375)
(369, 381)
(369, 383)
(370, 385)
(370, 393)
(370, 396)
(370, 375)
(372, 386)
(372, 391)
(372, 398)
(373, 392)
(373, 393)
(374, 384)
(374, 393)
(374, 396)
(374, 397)
(374, 375)
(374, 381)
(374, 383)
(375, 385)
(375, 393)
(375, 396)
(375, 397)
(375, 381)
(375, 383)
(376, 380)
(377, 386)
(377, 398)
(378, 389)
(378, 394)
(378, 379)
(379, 389)
(379, 394)
(381, 384)
(381, 393)
(381, 396)
(381, 397)
(381, 383)
(382, 387)
(382, 390)
(383, 384)
(383, 393)
(383, 396)
(383, 397)
(384, 397)
(385, 396)
(386, 391)
(386, 395)
(386, 398)
(387, 390)
(388, 390)
(388, 399)
(389, 394)
(391, 398)
(392, 393)
(393, 396)
(393, 397)
(395, 398)
(395, 399)
(396, 397)
