#Nodes
0
1
2
3
4
5
6
7
8
9
10
11
12
13
14
15
16
17
18
19
20
21
22
23
24
25
26
27
28
29
30
31
32
33
34
35
36
37
38
39
40
41
42
43
44
45
46
47
48
49
50
51
52
53
54
55
56
57
58
59
60
61
62
63
64
65
66
67
68
69
70
71
72
73
74
75
76
77
78
79
80
81
82
83
84
85
86
87
88
89
90
91
92
93
94
95
96
97
98
99
100
101
102
103
104
105
106
107
108
109
110
111
112
113
114
115
116
117
118
119
120
121
122
123
124
125
126
127
128
129
130
131
132
133
134
135
136
137
138
139
140
141
142
143
144
145
146
147
148
149
150
151
152
153
154
155
156
157
158
159
160
161
162
163
164
165
166
167
168
169
170
171
172
173
174
175
176
177
178
179
180
181
182
183
184
185
186
187
188
189
190
191
192
193
194
195
196
197
198
199
200
201
202
203
204
205
206
207
208
209
210
211
212
213
214
215
216
217
218
219
220
221
222
223
224
225
226
227
228
229
230
231
232
233
234
235
236
237
238
239
240
241
242
243
244
245
246
247
248
249
250
251
252
253
254
255
256
257
258
259
260
261
262
263
264
265
266
267
268
269
270
271
272
273
274
275
276
277
278
279
280
281
282
283
284
285
286
287
288
289
290
291
292
293
294
295
296
297
298
299
300
301
302
303
304
305
306
307
308
309
310
311
312
313
314
315
316
317
318
319
320
321
322
323
324
325
326
327
328
329
330
331
332
333
334
335
336
337
338
339
340
341
342
343
344
345
346
347
348
349
350
351
352
353
354
355
356
357
358
359
360
361
362
363
364
365
366
367
368
369
370
371
372
373
374
375
376
377
378
379
380
381
382
383
384
385
386
387
388
389
390
391
392
393
394
395
396
397
398
399
#Edges
(0, 257)
(0, 107)
(0, 135)
(0, 13)
(0, 397)
(0, 15)
(0, 17)
(0, 146)
(0, 280)
(0, 27)
(0, 293)
(0, 38)
(0, 295)
(0, 300)
(0, 175)
(0, 306)
(0, 308)
(0, 184)
(0, 318)
(0, 320)
(0, 199)
(0, 76)
(0, 79)
(0, 80)
(0, 81)
(0, 83)
(0, 342)
(0, 87)
(0, 216)
(0, 225)
(0, 99)
(0, 102)
(0, 105)
(0, 167)
(0, 111)
(0, 368)
(0, 371)
(0, 117)
(0, 248)
(0, 377)
(0, 254)
(0, 127)
(1, 129)
(1, 258)
(1, 263)
(1, 77)
(1, 277)
(1, 24)
(1, 283)
(1, 157)
(1, 35)
(1, 304)
(1, 57)
(1, 188)
(1, 190)
(1, 328)
(1, 73)
(1, 226)
(1, 205)
(1, 337)
(1, 210)
(1, 212)
(1, 214)
(1, 347)
(1, 92)
(1, 354)
(1, 110)
(1, 240)
(1, 370)
(1, 244)
(1, 62)
(1, 253)
(1, 21)
(2, 130)
(2, 4)
(2, 8)
(2, 10)
(2, 141)
(2, 143)
(2, 16)
(2, 18)
(2, 276)
(2, 279)
(2, 284)
(2, 43)
(2, 174)
(2, 72)
(2, 313)
(2, 314)
(2, 189)
(2, 66)
(2, 67)
(2, 69)
(2, 71)
(2, 200)
(2, 203)
(2, 13)
(2, 80)
(2, 58)
(2, 228)
(2, 349)
(2, 356)
(2, 101)
(2, 231)
(2, 317)
(2, 369)
(2, 115)
(2, 20)
(2, 251)
(2, 381)
(3, 384)
(3, 385)
(3, 387)
(3, 388)
(3, 5)
(3, 262)
(3, 193)
(3, 393)
(3, 128)
(3, 139)
(3, 12)
(3, 147)
(3, 150)
(3, 152)
(3, 25)
(3, 282)
(3, 28)
(3, 287)
(3, 65)
(3, 39)
(3, 170)
(3, 44)
(3, 301)
(3, 47)
(3, 49)
(3, 51)
(3, 309)
(3, 9)
(3, 312)
(3, 186)
(3, 319)
(3, 192)
(3, 321)
(3, 197)
(3, 70)
(3, 202)
(3, 334)
(3, 335)
(3, 209)
(3, 211)
(3, 343)
(3, 89)
(3, 94)
(3, 224)
(3, 230)
(3, 104)
(3, 361)
(3, 234)
(3, 365)
(3, 242)
(3, 19)
(3, 245)
(3, 118)
(3, 122)
(3, 126)
(3, 255)
(4, 130)
(4, 259)
(4, 389)
(4, 8)
(4, 138)
(4, 141)
(4, 271)
(4, 16)
(4, 273)
(4, 276)
(4, 279)
(4, 284)
(4, 30)
(4, 261)
(4, 42)
(4, 174)
(4, 307)
(4, 313)
(4, 314)
(4, 31)
(4, 317)
(4, 66)
(4, 67)
(4, 68)
(4, 69)
(4, 200)
(4, 203)
(4, 204)
(4, 58)
(4, 228)
(4, 143)
(4, 349)
(4, 351)
(4, 356)
(4, 101)
(4, 231)
(4, 233)
(4, 106)
(4, 189)
(4, 369)
(4, 115)
(4, 374)
(4, 20)
(4, 250)
(4, 251)
(4, 381)
(5, 384)
(5, 256)
(5, 387)
(5, 388)
(5, 6)
(5, 266)
(5, 12)
(5, 147)
(5, 22)
(5, 24)
(5, 282)
(5, 32)
(5, 35)
(5, 165)
(5, 39)
(5, 301)
(5, 304)
(5, 128)
(5, 309)
(5, 57)
(5, 186)
(5, 188)
(5, 319)
(5, 192)
(5, 321)
(5, 197)
(5, 198)
(5, 73)
(5, 335)
(5, 210)
(5, 339)
(5, 343)
(5, 345)
(5, 218)
(5, 92)
(5, 181)
(5, 70)
(5, 230)
(5, 366)
(5, 19)
(5, 122)
(5, 126)
(5, 255)
(6, 128)
(6, 263)
(6, 266)
(6, 12)
(6, 19)
(6, 90)
(6, 22)
(6, 24)
(6, 281)
(6, 282)
(6, 157)
(6, 32)
(6, 112)
(6, 35)
(6, 165)
(6, 297)
(6, 299)
(6, 304)
(6, 309)
(6, 310)
(6, 57)
(6, 186)
(6, 188)
(6, 181)
(6, 198)
(6, 327)
(6, 77)
(6, 210)
(6, 339)
(6, 212)
(6, 214)
(6, 343)
(6, 345)
(6, 218)
(6, 226)
(6, 230)
(6, 240)
(6, 113)
(6, 373)
(6, 375)
(6, 123)
(7, 257)
(7, 107)
(7, 135)
(7, 137)
(7, 10)
(7, 268)
(7, 397)
(7, 270)
(7, 146)
(7, 148)
(7, 280)
(7, 34)
(7, 166)
(7, 295)
(7, 296)
(7, 175)
(7, 176)
(7, 306)
(7, 308)
(7, 184)
(7, 187)
(7, 318)
(7, 320)
(7, 323)
(7, 326)
(7, 74)
(7, 269)
(7, 208)
(7, 81)
(7, 213)
(7, 342)
(7, 88)
(7, 346)
(7, 79)
(7, 352)
(7, 38)
(7, 105)
(7, 167)
(7, 237)
(7, 372)
(7, 377)
(7, 254)
(8, 130)
(8, 259)
(8, 389)
(8, 141)
(8, 271)
(8, 16)
(8, 276)
(8, 279)
(8, 284)
(8, 30)
(8, 261)
(8, 42)
(8, 43)
(8, 174)
(8, 72)
(8, 313)
(8, 314)
(8, 317)
(8, 66)
(8, 67)
(8, 68)
(8, 69)
(8, 71)
(8, 200)
(8, 203)
(8, 204)
(8, 58)
(8, 228)
(8, 143)
(8, 349)
(8, 356)
(8, 101)
(8, 231)
(8, 233)
(8, 106)
(8, 189)
(8, 369)
(8, 115)
(8, 20)
(8, 250)
(8, 251)
(8, 381)
(9, 384)
(9, 391)
(9, 139)
(9, 194)
(9, 45)
(9, 145)
(9, 147)
(9, 150)
(9, 154)
(9, 28)
(9, 26)
(9, 159)
(9, 161)
(9, 292)
(9, 301)
(9, 48)
(9, 49)
(9, 51)
(9, 60)
(9, 192)
(9, 193)
(9, 322)
(9, 325)
(9, 70)
(9, 202)
(9, 75)
(9, 206)
(9, 335)
(9, 336)
(9, 334)
(9, 164)
(9, 91)
(9, 94)
(9, 351)
(9, 97)
(9, 229)
(9, 104)
(9, 365)
(9, 366)
(9, 242)
(9, 243)
(9, 246)
(9, 376)
(9, 126)
(9, 255)
(10, 135)
(10, 13)
(10, 397)
(10, 146)
(10, 276)
(10, 160)
(10, 34)
(10, 294)
(10, 167)
(10, 296)
(10, 43)
(10, 175)
(10, 176)
(10, 306)
(10, 314)
(10, 187)
(10, 318)
(10, 323)
(10, 69)
(10, 326)
(10, 71)
(10, 79)
(10, 208)
(10, 81)
(10, 58)
(10, 349)
(10, 20)
(10, 80)
(10, 228)
(10, 38)
(10, 231)
(10, 105)
(10, 107)
(10, 236)
(10, 18)
(10, 238)
(10, 111)
(10, 377)
(10, 251)
(10, 254)
(11, 131)
(11, 134)
(11, 392)
(11, 396)
(11, 142)
(11, 144)
(11, 46)
(11, 29)
(11, 33)
(11, 290)
(11, 302)
(11, 177)
(11, 178)
(11, 180)
(11, 53)
(11, 56)
(11, 59)
(11, 316)
(11, 195)
(11, 332)
(11, 78)
(11, 207)
(11, 341)
(11, 215)
(11, 217)
(11, 96)
(11, 100)
(11, 357)
(11, 103)
(11, 235)
(11, 108)
(11, 239)
(11, 114)
(11, 119)
(11, 378)
(11, 382)
(11, 85)
(12, 384)
(12, 256)
(12, 387)
(12, 388)
(12, 128)
(12, 45)
(12, 147)
(12, 22)
(12, 24)
(12, 282)
(12, 28)
(12, 159)
(12, 32)
(12, 165)
(12, 39)
(12, 44)
(12, 301)
(12, 304)
(12, 49)
(12, 309)
(12, 57)
(12, 186)
(12, 70)
(12, 319)
(12, 192)
(12, 321)
(12, 197)
(12, 198)
(12, 73)
(12, 206)
(12, 335)
(12, 339)
(12, 343)
(12, 218)
(12, 92)
(12, 94)
(12, 181)
(12, 230)
(12, 365)
(12, 366)
(12, 242)
(12, 19)
(12, 122)
(12, 126)
(12, 255)
(13, 43)
(13, 135)
(13, 397)
(13, 15)
(13, 146)
(13, 67)
(13, 276)
(13, 280)
(13, 38)
(13, 167)
(13, 296)
(13, 71)
(13, 175)
(13, 176)
(13, 306)
(13, 308)
(13, 314)
(13, 187)
(13, 189)
(13, 318)
(13, 323)
(13, 69)
(13, 199)
(13, 72)
(13, 79)
(13, 208)
(13, 81)
(13, 83)
(13, 87)
(13, 58)
(13, 80)
(13, 228)
(13, 102)
(13, 231)
(13, 105)
(13, 107)
(13, 18)
(13, 238)
(13, 111)
(13, 368)
(13, 371)
(13, 117)
(13, 248)
(13, 377)
(13, 251)
(13, 254)
(13, 127)
(14, 393)
(14, 395)
(14, 269)
(14, 144)
(14, 148)
(14, 278)
(14, 25)
(14, 152)
(14, 196)
(14, 155)
(14, 287)
(14, 36)
(14, 37)
(14, 40)
(14, 41)
(14, 303)
(14, 52)
(14, 315)
(14, 63)
(14, 65)
(14, 195)
(14, 324)
(14, 211)
(14, 88)
(14, 346)
(14, 348)
(14, 350)
(14, 98)
(14, 361)
(14, 109)
(14, 367)
(14, 241)
(14, 372)
(14, 118)
(14, 380)
(14, 382)
(15, 257)
(15, 107)
(15, 135)
(15, 397)
(15, 17)
(15, 146)
(15, 280)
(15, 27)
(15, 293)
(15, 38)
(15, 295)
(15, 71)
(15, 300)
(15, 175)
(15, 306)
(15, 308)
(15, 184)
(15, 318)
(15, 320)
(15, 323)
(15, 199)
(15, 72)
(15, 76)
(15, 79)
(15, 80)
(15, 81)
(15, 83)
(15, 342)
(15, 87)
(15, 225)
(15, 99)
(15, 102)
(15, 105)
(15, 167)
(15, 111)
(15, 368)
(15, 371)
(15, 117)
(15, 248)
(15, 377)
(15, 254)
(15, 127)
(16, 130)
(16, 259)
(16, 389)
(16, 141)
(16, 143)
(16, 284)
(16, 30)
(16, 261)
(16, 169)
(16, 298)
(16, 174)
(16, 307)
(16, 313)
(16, 314)
(16, 31)
(16, 189)
(16, 42)
(16, 66)
(16, 67)
(16, 68)
(16, 200)
(16, 204)
(16, 84)
(16, 356)
(16, 101)
(16, 233)
(16, 106)
(16, 317)
(16, 369)
(16, 115)
(16, 250)
(16, 381)
(17, 257)
(17, 135)
(17, 397)
(17, 146)
(17, 280)
(17, 27)
(17, 293)
(17, 295)
(17, 300)
(17, 306)
(17, 308)
(17, 184)
(17, 320)
(17, 76)
(17, 81)
(17, 83)
(17, 342)
(17, 87)
(17, 216)
(17, 352)
(17, 225)
(17, 99)
(17, 368)
(17, 371)
(17, 248)
(17, 127)
(18, 139)
(18, 143)
(18, 276)
(18, 279)
(18, 26)
(18, 284)
(18, 69)
(18, 160)
(18, 161)
(18, 34)
(18, 294)
(18, 167)
(18, 296)
(18, 156)
(18, 43)
(18, 175)
(18, 176)
(18, 115)
(18, 313)
(18, 58)
(18, 187)
(18, 318)
(18, 323)
(18, 325)
(18, 71)
(18, 203)
(18, 79)
(18, 208)
(18, 228)
(18, 349)
(18, 20)
(18, 336)
(18, 356)
(18, 229)
(18, 231)
(18, 107)
(18, 236)
(18, 109)
(18, 238)
(18, 243)
(18, 246)
(18, 377)
(18, 254)
(19, 384)
(19, 385)
(19, 387)
(19, 388)
(19, 262)
(19, 44)
(19, 128)
(19, 147)
(19, 22)
(19, 24)
(19, 282)
(19, 28)
(19, 32)
(19, 165)
(19, 39)
(19, 172)
(19, 301)
(19, 304)
(19, 49)
(19, 309)
(19, 312)
(19, 57)
(19, 186)
(19, 70)
(19, 319)
(19, 192)
(19, 321)
(19, 197)
(19, 198)
(19, 73)
(19, 335)
(19, 343)
(19, 218)
(19, 93)
(19, 94)
(19, 181)
(19, 230)
(19, 234)
(19, 365)
(19, 366)
(19, 242)
(19, 245)
(19, 122)
(19, 126)
(19, 255)
(20, 259)
(20, 138)
(20, 271)
(20, 115)
(20, 273)
(20, 276)
(20, 279)
(20, 153)
(20, 154)
(20, 284)
(20, 26)
(20, 158)
(20, 69)
(20, 161)
(20, 294)
(20, 48)
(20, 42)
(20, 43)
(20, 174)
(20, 176)
(20, 307)
(20, 313)
(20, 314)
(20, 187)
(20, 66)
(20, 75)
(20, 325)
(20, 71)
(20, 203)
(20, 336)
(20, 58)
(20, 228)
(20, 143)
(20, 101)
(20, 349)
(20, 351)
(20, 229)
(20, 356)
(20, 374)
(20, 231)
(20, 236)
(20, 238)
(20, 369)
(20, 243)
(20, 246)
(20, 250)
(20, 381)
(21, 263)
(21, 283)
(21, 157)
(21, 240)
(21, 35)
(21, 299)
(21, 188)
(21, 62)
(21, 226)
(21, 77)
(21, 337)
(21, 210)
(21, 339)
(21, 212)
(21, 214)
(21, 345)
(21, 90)
(21, 354)
(21, 112)
(21, 113)
(21, 244)
(21, 373)
(22, 384)
(22, 256)
(22, 388)
(22, 265)
(22, 128)
(22, 45)
(22, 147)
(22, 24)
(22, 159)
(22, 35)
(22, 165)
(22, 39)
(22, 301)
(22, 304)
(22, 49)
(22, 182)
(22, 57)
(22, 70)
(22, 319)
(22, 192)
(22, 321)
(22, 197)
(22, 198)
(22, 73)
(22, 206)
(22, 335)
(22, 210)
(22, 343)
(22, 218)
(22, 92)
(22, 226)
(22, 230)
(22, 338)
(22, 366)
(22, 122)
(22, 126)
(23, 386)
(23, 132)
(23, 133)
(23, 265)
(23, 394)
(23, 267)
(23, 140)
(23, 398)
(23, 399)
(23, 274)
(23, 275)
(23, 151)
(23, 285)
(23, 286)
(23, 288)
(23, 289)
(23, 162)
(23, 163)
(23, 173)
(23, 305)
(23, 50)
(23, 179)
(23, 54)
(23, 311)
(23, 185)
(23, 61)
(23, 331)
(23, 55)
(23, 221)
(23, 222)
(23, 355)
(23, 359)
(23, 360)
(23, 363)
(23, 116)
(23, 120)
(23, 121)
(23, 252)
(23, 125)
(24, 384)
(24, 256)
(24, 129)
(24, 265)
(24, 45)
(24, 147)
(24, 110)
(24, 159)
(24, 35)
(24, 70)
(24, 301)
(24, 304)
(24, 49)
(24, 182)
(24, 73)
(24, 57)
(24, 188)
(24, 190)
(24, 198)
(24, 328)
(24, 329)
(24, 206)
(24, 210)
(24, 212)
(24, 214)
(24, 343)
(24, 218)
(24, 92)
(24, 226)
(24, 355)
(24, 230)
(24, 338)
(24, 366)
(24, 370)
(24, 126)
(25, 385)
(25, 387)
(25, 262)
(25, 65)
(25, 136)
(25, 393)
(25, 109)
(25, 144)
(25, 149)
(25, 278)
(25, 152)
(25, 155)
(25, 287)
(25, 36)
(25, 41)
(25, 170)
(25, 44)
(25, 47)
(25, 303)
(25, 52)
(25, 312)
(25, 63)
(25, 193)
(25, 195)
(25, 196)
(25, 119)
(25, 334)
(25, 209)
(25, 211)
(25, 89)
(25, 348)
(25, 350)
(25, 224)
(25, 104)
(25, 361)
(25, 234)
(25, 365)
(25, 367)
(25, 242)
(25, 372)
(25, 245)
(25, 118)
(25, 247)
(25, 380)
(25, 382)
(25, 255)
(26, 391)
(26, 138)
(26, 139)
(26, 194)
(26, 271)
(26, 145)
(26, 150)
(26, 279)
(26, 153)
(26, 154)
(26, 156)
(26, 160)
(26, 161)
(26, 91)
(26, 292)
(26, 294)
(26, 28)
(26, 45)
(26, 48)
(26, 49)
(26, 51)
(26, 60)
(26, 322)
(26, 75)
(26, 325)
(26, 201)
(26, 202)
(26, 203)
(26, 206)
(26, 335)
(26, 336)
(26, 164)
(26, 143)
(26, 349)
(26, 94)
(26, 351)
(26, 97)
(26, 229)
(26, 104)
(26, 236)
(26, 238)
(26, 242)
(26, 243)
(26, 246)
(26, 376)
(26, 374)
(27, 257)
(27, 397)
(27, 146)
(27, 280)
(27, 293)
(27, 295)
(27, 300)
(27, 308)
(27, 184)
(27, 320)
(27, 199)
(27, 76)
(27, 83)
(27, 342)
(27, 87)
(27, 216)
(27, 225)
(27, 99)
(27, 102)
(27, 368)
(27, 371)
(27, 117)
(27, 248)
(27, 127)
(28, 384)
(28, 387)
(28, 391)
(28, 139)
(28, 45)
(28, 145)
(28, 147)
(28, 150)
(28, 154)
(28, 156)
(28, 197)
(28, 161)
(28, 292)
(28, 39)
(28, 301)
(28, 48)
(28, 49)
(28, 51)
(28, 159)
(28, 60)
(28, 319)
(28, 192)
(28, 193)
(28, 322)
(28, 325)
(28, 70)
(28, 202)
(28, 75)
(28, 334)
(28, 335)
(28, 336)
(28, 211)
(28, 206)
(28, 343)
(28, 164)
(28, 91)
(28, 94)
(28, 97)
(28, 229)
(28, 104)
(28, 361)
(28, 365)
(28, 366)
(28, 242)
(28, 243)
(28, 246)
(28, 376)
(28, 122)
(28, 126)
(28, 255)
(29, 131)
(29, 260)
(29, 134)
(29, 392)
(29, 142)
(29, 144)
(29, 149)
(29, 89)
(29, 46)
(29, 239)
(29, 33)
(29, 290)
(29, 36)
(29, 170)
(29, 302)
(29, 47)
(29, 177)
(29, 178)
(29, 180)
(29, 53)
(29, 56)
(29, 52)
(29, 316)
(29, 96)
(29, 195)
(29, 196)
(29, 119)
(29, 332)
(29, 78)
(29, 207)
(29, 209)
(29, 340)
(29, 341)
(29, 215)
(29, 217)
(29, 220)
(29, 350)
(29, 95)
(29, 224)
(29, 136)
(29, 100)
(29, 357)
(29, 103)
(29, 362)
(29, 235)
(29, 108)
(29, 367)
(29, 241)
(29, 114)
(29, 247)
(29, 378)
(29, 379)
(29, 380)
(29, 382)
(29, 85)
(30, 130)
(30, 259)
(30, 261)
(30, 141)
(30, 31)
(30, 389)
(30, 169)
(30, 298)
(30, 174)
(30, 317)
(30, 68)
(30, 200)
(30, 204)
(30, 82)
(30, 223)
(30, 233)
(30, 106)
(30, 369)
(30, 42)
(30, 250)
(30, 381)
(31, 130)
(31, 259)
(31, 389)
(31, 390)
(31, 138)
(31, 271)
(31, 273)
(31, 275)
(31, 279)
(31, 153)
(31, 179)
(31, 284)
(31, 158)
(31, 261)
(31, 133)
(31, 169)
(31, 298)
(31, 174)
(31, 307)
(31, 311)
(31, 313)
(31, 223)
(31, 61)
(31, 42)
(31, 194)
(31, 68)
(31, 200)
(31, 201)
(31, 330)
(31, 204)
(31, 333)
(31, 84)
(31, 143)
(31, 221)
(31, 351)
(31, 353)
(31, 356)
(31, 101)
(31, 359)
(31, 233)
(31, 106)
(31, 363)
(31, 364)
(31, 369)
(31, 115)
(31, 374)
(31, 250)
(31, 381)
(32, 128)
(32, 385)
(32, 387)
(32, 388)
(32, 264)
(32, 44)
(32, 266)
(32, 272)
(32, 89)
(32, 281)
(32, 282)
(32, 291)
(32, 165)
(32, 39)
(32, 297)
(32, 170)
(32, 299)
(32, 172)
(32, 47)
(32, 304)
(32, 309)
(32, 310)
(32, 312)
(32, 57)
(32, 186)
(32, 95)
(32, 70)
(32, 319)
(32, 192)
(32, 321)
(32, 197)
(32, 198)
(32, 327)
(32, 339)
(32, 86)
(32, 343)
(32, 345)
(32, 218)
(32, 93)
(32, 181)
(32, 224)
(32, 227)
(32, 230)
(32, 358)
(32, 234)
(32, 112)
(32, 123)
(32, 245)
(32, 375)
(32, 249)
(32, 122)
(32, 379)
(32, 383)
(33, 131)
(33, 134)
(33, 392)
(33, 396)
(33, 142)
(33, 144)
(33, 290)
(33, 46)
(33, 177)
(33, 178)
(33, 53)
(33, 56)
(33, 316)
(33, 332)
(33, 78)
(33, 207)
(33, 341)
(33, 215)
(33, 217)
(33, 96)
(33, 100)
(33, 357)
(33, 103)
(33, 235)
(33, 108)
(33, 239)
(33, 114)
(33, 119)
(33, 378)
(33, 382)
(33, 85)
(34, 65)
(34, 139)
(34, 269)
(34, 148)
(34, 152)
(34, 175)
(34, 156)
(34, 69)
(34, 287)
(34, 160)
(34, 161)
(34, 155)
(34, 294)
(34, 167)
(34, 296)
(34, 303)
(34, 176)
(34, 187)
(34, 318)
(34, 193)
(34, 323)
(34, 325)
(34, 326)
(34, 202)
(34, 334)
(34, 79)
(34, 208)
(34, 211)
(34, 88)
(34, 348)
(34, 336)
(34, 229)
(34, 104)
(34, 361)
(34, 107)
(34, 236)
(34, 109)
(34, 238)
(34, 372)
(34, 246)
(34, 377)
(34, 254)
(35, 263)
(35, 266)
(35, 77)
(35, 90)
(35, 277)
(35, 283)
(35, 157)
(35, 112)
(35, 165)
(35, 299)
(35, 304)
(35, 310)
(35, 57)
(35, 188)
(35, 198)
(35, 328)
(35, 73)
(35, 226)
(35, 205)
(35, 337)
(35, 210)
(35, 339)
(35, 212)
(35, 214)
(35, 345)
(35, 218)
(35, 354)
(35, 230)
(35, 240)
(35, 113)
(35, 244)
(35, 373)
(36, 260)
(36, 392)
(36, 393)
(36, 395)
(36, 144)
(36, 278)
(36, 196)
(36, 155)
(36, 37)
(36, 40)
(36, 348)
(36, 41)
(36, 303)
(36, 52)
(36, 315)
(36, 63)
(36, 65)
(36, 195)
(36, 324)
(36, 78)
(36, 340)
(36, 341)
(36, 220)
(36, 350)
(36, 96)
(36, 98)
(36, 103)
(36, 362)
(36, 367)
(36, 241)
(36, 372)
(36, 119)
(36, 380)
(36, 382)
(37, 260)
(37, 137)
(37, 395)
(37, 268)
(37, 278)
(37, 196)
(37, 166)
(37, 40)
(37, 348)
(37, 52)
(37, 183)
(37, 315)
(37, 63)
(37, 324)
(37, 340)
(37, 346)
(37, 220)
(37, 350)
(37, 98)
(37, 362)
(37, 237)
(37, 241)
(37, 41)
(37, 191)
(37, 380)
(38, 257)
(38, 107)
(38, 135)
(38, 137)
(38, 397)
(38, 270)
(38, 146)
(38, 148)
(38, 280)
(38, 295)
(38, 296)
(38, 175)
(38, 176)
(38, 306)
(38, 308)
(38, 184)
(38, 187)
(38, 318)
(38, 320)
(38, 323)
(38, 326)
(38, 74)
(38, 76)
(38, 269)
(38, 208)
(38, 81)
(38, 83)
(38, 213)
(38, 342)
(38, 88)
(38, 346)
(38, 79)
(38, 352)
(38, 105)
(38, 167)
(38, 111)
(38, 368)
(38, 371)
(38, 248)
(38, 377)
(38, 254)
(39, 384)
(39, 385)
(39, 387)
(39, 388)
(39, 262)
(39, 193)
(39, 264)
(39, 393)
(39, 128)
(39, 147)
(39, 152)
(39, 282)
(39, 165)
(39, 170)
(39, 172)
(39, 301)
(39, 47)
(39, 49)
(39, 309)
(39, 312)
(39, 186)
(39, 70)
(39, 319)
(39, 192)
(39, 321)
(39, 197)
(39, 198)
(39, 202)
(39, 334)
(39, 335)
(39, 209)
(39, 211)
(39, 343)
(39, 89)
(39, 93)
(39, 94)
(39, 181)
(39, 224)
(39, 230)
(39, 104)
(39, 234)
(39, 44)
(39, 365)
(39, 242)
(39, 245)
(39, 118)
(39, 122)
(39, 126)
(39, 255)
(40, 137)
(40, 395)
(40, 268)
(40, 278)
(40, 196)
(40, 166)
(40, 41)
(40, 52)
(40, 183)
(40, 315)
(40, 63)
(40, 324)
(40, 340)
(40, 348)
(40, 346)
(40, 220)
(40, 98)
(40, 237)
(40, 241)
(40, 191)
(40, 380)
(41, 393)
(41, 395)
(41, 269)
(41, 148)
(41, 278)
(41, 152)
(41, 196)
(41, 155)
(41, 166)
(41, 348)
(41, 303)
(41, 52)
(41, 137)
(41, 315)
(41, 191)
(41, 65)
(41, 195)
(41, 324)
(41, 213)
(41, 88)
(41, 346)
(41, 220)
(41, 350)
(41, 98)
(41, 367)
(41, 241)
(41, 372)
(41, 63)
(41, 380)
(41, 382)
(42, 130)
(42, 259)
(42, 389)
(42, 138)
(42, 66)
(42, 271)
(42, 273)
(42, 275)
(42, 279)
(42, 153)
(42, 179)
(42, 284)
(42, 158)
(42, 261)
(42, 133)
(42, 169)
(42, 174)
(42, 221)
(42, 48)
(42, 307)
(42, 311)
(42, 313)
(42, 223)
(42, 317)
(42, 194)
(42, 68)
(42, 200)
(42, 201)
(42, 330)
(42, 203)
(42, 204)
(42, 84)
(42, 143)
(42, 349)
(42, 351)
(42, 353)
(42, 356)
(42, 101)
(42, 359)
(42, 233)
(42, 106)
(42, 363)
(42, 61)
(42, 369)
(42, 115)
(42, 374)
(42, 250)
(42, 381)
(43, 143)
(43, 67)
(43, 276)
(43, 284)
(43, 294)
(43, 167)
(43, 296)
(43, 175)
(43, 176)
(43, 313)
(43, 314)
(43, 187)
(43, 189)
(43, 318)
(43, 66)
(43, 323)
(43, 69)
(43, 71)
(43, 72)
(43, 203)
(43, 79)
(43, 208)
(43, 58)
(43, 228)
(43, 349)
(43, 80)
(43, 356)
(43, 231)
(43, 105)
(43, 107)
(43, 236)
(43, 238)
(43, 111)
(43, 115)
(43, 377)
(43, 251)
(43, 254)
(44, 128)
(44, 385)
(44, 387)
(44, 388)
(44, 262)
(44, 264)
(44, 393)
(44, 149)
(44, 281)
(44, 282)
(44, 165)
(44, 170)
(44, 172)
(44, 302)
(44, 47)
(44, 136)
(44, 178)
(44, 180)
(44, 309)
(44, 312)
(44, 186)
(44, 70)
(44, 319)
(44, 192)
(44, 321)
(44, 197)
(44, 181)
(44, 247)
(44, 334)
(44, 209)
(44, 86)
(44, 343)
(44, 89)
(44, 93)
(44, 95)
(44, 224)
(44, 227)
(44, 358)
(44, 234)
(44, 365)
(44, 242)
(44, 123)
(44, 245)
(44, 118)
(44, 375)
(44, 249)
(44, 122)
(44, 379)
(44, 255)
(45, 384)
(45, 256)
(45, 391)
(45, 265)
(45, 140)
(45, 194)
(45, 145)
(45, 147)
(45, 150)
(45, 154)
(45, 286)
(45, 159)
(45, 292)
(45, 301)
(45, 48)
(45, 49)
(45, 51)
(45, 182)
(45, 73)
(45, 60)
(45, 192)
(45, 322)
(45, 54)
(45, 70)
(45, 201)
(45, 202)
(45, 75)
(45, 206)
(45, 335)
(45, 338)
(45, 164)
(45, 91)
(45, 92)
(45, 94)
(45, 97)
(45, 355)
(45, 366)
(45, 243)
(45, 246)
(45, 376)
(45, 55)
(45, 126)
(46, 131)
(46, 260)
(46, 134)
(46, 392)
(46, 396)
(46, 142)
(46, 144)
(46, 149)
(46, 290)
(46, 177)
(46, 178)
(46, 53)
(46, 56)
(46, 316)
(46, 195)
(46, 119)
(46, 332)
(46, 78)
(46, 207)
(46, 340)
(46, 341)
(46, 215)
(46, 217)
(46, 220)
(46, 350)
(46, 96)
(46, 100)
(46, 357)
(46, 103)
(46, 362)
(46, 235)
(46, 108)
(46, 239)
(46, 114)
(46, 247)
(46, 378)
(46, 382)
(46, 85)
(47, 128)
(47, 385)
(47, 387)
(47, 388)
(47, 262)
(47, 65)
(47, 264)
(47, 393)
(47, 144)
(47, 131)
(47, 149)
(47, 152)
(47, 282)
(47, 170)
(47, 172)
(47, 302)
(47, 303)
(47, 136)
(47, 178)
(47, 180)
(47, 309)
(47, 312)
(47, 186)
(47, 316)
(47, 319)
(47, 321)
(47, 195)
(47, 197)
(47, 119)
(47, 334)
(47, 209)
(47, 86)
(47, 89)
(47, 93)
(47, 95)
(47, 224)
(47, 227)
(47, 358)
(47, 234)
(47, 365)
(47, 367)
(47, 245)
(47, 118)
(47, 247)
(47, 249)
(47, 122)
(47, 379)
(47, 382)
(47, 255)
(48, 51)
(48, 259)
(48, 133)
(48, 391)
(48, 138)
(48, 140)
(48, 194)
(48, 271)
(48, 115)
(48, 273)
(48, 150)
(48, 279)
(48, 153)
(48, 154)
(48, 158)
(48, 161)
(48, 91)
(48, 292)
(48, 174)
(48, 49)
(48, 307)
(48, 54)
(48, 311)
(48, 313)
(48, 60)
(48, 322)
(48, 75)
(48, 325)
(48, 97)
(48, 201)
(48, 203)
(48, 206)
(48, 335)
(48, 336)
(48, 84)
(48, 164)
(48, 143)
(48, 101)
(48, 349)
(48, 94)
(48, 351)
(48, 353)
(48, 356)
(48, 229)
(48, 246)
(48, 145)
(48, 363)
(48, 243)
(48, 374)
(48, 376)
(48, 55)
(48, 250)
(48, 381)
(49, 384)
(49, 256)
(49, 391)
(49, 265)
(49, 139)
(49, 194)
(49, 145)
(49, 147)
(49, 150)
(49, 154)
(49, 159)
(49, 292)
(49, 301)
(49, 51)
(49, 182)
(49, 60)
(49, 192)
(49, 322)
(49, 197)
(49, 70)
(49, 54)
(49, 73)
(49, 202)
(49, 75)
(49, 206)
(49, 335)
(49, 338)
(49, 343)
(49, 164)
(49, 91)
(49, 92)
(49, 94)
(49, 97)
(49, 230)
(49, 365)
(49, 366)
(49, 242)
(49, 243)
(49, 246)
(49, 376)
(49, 126)
(49, 255)
(50, 129)
(50, 258)
(50, 132)
(50, 265)
(50, 394)
(50, 267)
(50, 398)
(50, 399)
(50, 151)
(50, 285)
(50, 286)
(50, 288)
(50, 289)
(50, 162)
(50, 163)
(50, 173)
(50, 305)
(50, 182)
(50, 55)
(50, 190)
(50, 54)
(50, 329)
(50, 331)
(50, 338)
(50, 222)
(50, 355)
(50, 110)
(50, 370)
(50, 116)
(50, 120)
(50, 252)
(50, 125)
(51, 391)
(51, 138)
(51, 139)
(51, 194)
(51, 145)
(51, 147)
(51, 150)
(51, 154)
(51, 156)
(51, 159)
(51, 161)
(51, 292)
(51, 301)
(51, 60)
(51, 192)
(51, 193)
(51, 322)
(51, 325)
(51, 70)
(51, 202)
(51, 75)
(51, 206)
(51, 335)
(51, 336)
(51, 334)
(51, 164)
(51, 91)
(51, 94)
(51, 351)
(51, 97)
(51, 229)
(51, 104)
(51, 365)
(51, 366)
(51, 242)
(51, 243)
(51, 246)
(51, 376)
(51, 255)
(52, 393)
(52, 395)
(52, 144)
(52, 278)
(52, 152)
(52, 196)
(52, 155)
(52, 287)
(52, 348)
(52, 303)
(52, 315)
(52, 63)
(52, 65)
(52, 195)
(52, 324)
(52, 209)
(52, 211)
(52, 220)
(52, 350)
(52, 98)
(52, 103)
(52, 367)
(52, 241)
(52, 372)
(52, 118)
(52, 119)
(52, 380)
(52, 382)
(53, 260)
(53, 134)
(53, 392)
(53, 396)
(53, 142)
(53, 290)
(53, 177)
(53, 56)
(53, 332)
(53, 78)
(53, 207)
(53, 340)
(53, 341)
(53, 215)
(53, 217)
(53, 220)
(53, 350)
(53, 96)
(53, 357)
(53, 103)
(53, 362)
(53, 235)
(53, 108)
(53, 239)
(53, 241)
(53, 114)
(53, 378)
(53, 382)
(54, 256)
(54, 386)
(54, 132)
(54, 133)
(54, 391)
(54, 265)
(54, 394)
(54, 267)
(54, 140)
(54, 194)
(54, 398)
(54, 399)
(54, 145)
(54, 110)
(54, 151)
(54, 153)
(54, 201)
(54, 285)
(54, 286)
(54, 159)
(54, 288)
(54, 289)
(54, 162)
(54, 163)
(54, 292)
(54, 173)
(54, 305)
(54, 182)
(54, 311)
(54, 61)
(54, 322)
(54, 329)
(54, 55)
(54, 206)
(54, 120)
(54, 338)
(54, 164)
(54, 91)
(54, 92)
(54, 221)
(54, 222)
(54, 97)
(54, 355)
(54, 359)
(54, 363)
(54, 366)
(54, 116)
(54, 376)
(54, 252)
(54, 125)
(55, 256)
(55, 386)
(55, 132)
(55, 133)
(55, 391)
(55, 265)
(55, 394)
(55, 267)
(55, 140)
(55, 194)
(55, 398)
(55, 399)
(55, 145)
(55, 275)
(55, 151)
(55, 153)
(55, 201)
(55, 285)
(55, 286)
(55, 159)
(55, 288)
(55, 289)
(55, 162)
(55, 163)
(55, 292)
(55, 173)
(55, 179)
(55, 158)
(55, 182)
(55, 311)
(55, 61)
(55, 322)
(55, 97)
(55, 329)
(55, 206)
(55, 120)
(55, 338)
(55, 84)
(55, 164)
(55, 91)
(55, 221)
(55, 222)
(55, 353)
(55, 355)
(55, 359)
(55, 363)
(55, 366)
(55, 116)
(55, 376)
(55, 252)
(55, 125)
(56, 131)
(56, 260)
(56, 134)
(56, 392)
(56, 396)
(56, 142)
(56, 144)
(56, 149)
(56, 239)
(56, 290)
(56, 302)
(56, 177)
(56, 178)
(56, 180)
(56, 316)
(56, 195)
(56, 119)
(56, 332)
(56, 78)
(56, 207)
(56, 340)
(56, 341)
(56, 215)
(56, 217)
(56, 220)
(56, 350)
(56, 96)
(56, 136)
(56, 100)
(56, 357)
(56, 103)
(56, 362)
(56, 235)
(56, 108)
(56, 367)
(56, 241)
(56, 114)
(56, 247)
(56, 378)
(56, 379)
(56, 382)
(56, 85)
(57, 384)
(57, 128)
(57, 263)
(57, 266)
(57, 90)
(57, 281)
(57, 157)
(57, 112)
(57, 165)
(57, 299)
(57, 304)
(57, 309)
(57, 310)
(57, 188)
(57, 319)
(57, 181)
(57, 198)
(57, 327)
(57, 73)
(57, 77)
(57, 210)
(57, 339)
(57, 212)
(57, 214)
(57, 343)
(57, 345)
(57, 218)
(57, 226)
(57, 230)
(57, 240)
(57, 113)
(57, 373)
(57, 375)
(57, 123)
(57, 126)
(58, 138)
(58, 271)
(58, 67)
(58, 276)
(58, 279)
(58, 284)
(58, 69)
(58, 294)
(58, 174)
(58, 176)
(58, 313)
(58, 314)
(58, 187)
(58, 189)
(58, 66)
(58, 323)
(58, 325)
(58, 71)
(58, 72)
(58, 203)
(58, 80)
(58, 228)
(58, 143)
(58, 349)
(58, 356)
(58, 101)
(58, 231)
(58, 236)
(58, 238)
(58, 115)
(58, 374)
(58, 377)
(58, 251)
(58, 254)
(59, 131)
(59, 264)
(59, 272)
(59, 149)
(59, 291)
(59, 297)
(59, 172)
(59, 302)
(59, 177)
(59, 178)
(59, 180)
(59, 316)
(59, 64)
(59, 375)
(59, 85)
(59, 86)
(59, 217)
(59, 93)
(59, 95)
(59, 227)
(59, 100)
(59, 358)
(59, 108)
(59, 247)
(59, 249)
(59, 136)
(59, 379)
(59, 383)
(60, 391)
(60, 138)
(60, 139)
(60, 140)
(60, 194)
(60, 271)
(60, 145)
(60, 147)
(60, 150)
(60, 279)
(60, 153)
(60, 154)
(60, 159)
(60, 161)
(60, 292)
(60, 301)
(60, 192)
(60, 322)
(60, 325)
(60, 201)
(60, 202)
(60, 75)
(60, 206)
(60, 335)
(60, 336)
(60, 164)
(60, 91)
(60, 94)
(60, 351)
(60, 97)
(60, 229)
(60, 104)
(60, 366)
(60, 242)
(60, 243)
(60, 246)
(60, 376)
(60, 374)
(60, 255)
(61, 386)
(61, 132)
(61, 179)
(61, 390)
(61, 394)
(61, 267)
(61, 140)
(61, 398)
(61, 399)
(61, 273)
(61, 274)
(61, 275)
(61, 151)
(61, 153)
(61, 286)
(61, 133)
(61, 289)
(61, 162)
(61, 163)
(61, 164)
(61, 173)
(61, 307)
(61, 158)
(61, 311)
(61, 185)
(61, 194)
(61, 201)
(61, 330)
(61, 333)
(61, 120)
(61, 84)
(61, 344)
(61, 219)
(61, 221)
(61, 223)
(61, 353)
(61, 359)
(61, 360)
(61, 363)
(61, 364)
(61, 116)
(61, 376)
(61, 121)
(61, 252)
(61, 125)
(62, 354)
(62, 283)
(62, 263)
(62, 328)
(62, 157)
(62, 226)
(62, 77)
(62, 205)
(62, 240)
(62, 337)
(62, 244)
(62, 277)
(62, 214)
(62, 212)
(62, 347)
(62, 253)
(63, 137)
(63, 395)
(63, 269)
(63, 278)
(63, 196)
(63, 155)
(63, 166)
(63, 348)
(63, 303)
(63, 183)
(63, 315)
(63, 191)
(63, 195)
(63, 324)
(63, 340)
(63, 213)
(63, 88)
(63, 346)
(63, 220)
(63, 350)
(63, 98)
(63, 367)
(63, 241)
(63, 372)
(63, 380)
(64, 131)
(64, 264)
(64, 272)
(64, 149)
(64, 281)
(64, 282)
(64, 291)
(64, 297)
(64, 172)
(64, 302)
(64, 177)
(64, 178)
(64, 180)
(64, 181)
(64, 312)
(64, 186)
(64, 316)
(64, 309)
(64, 327)
(64, 375)
(64, 85)
(64, 86)
(64, 89)
(64, 93)
(64, 95)
(64, 227)
(64, 100)
(64, 358)
(64, 123)
(64, 247)
(64, 249)
(64, 136)
(64, 379)
(64, 383)
(65, 387)
(65, 262)
(65, 393)
(65, 139)
(65, 109)
(65, 152)
(65, 155)
(65, 156)
(65, 287)
(65, 160)
(65, 170)
(65, 303)
(65, 193)
(65, 202)
(65, 334)
(65, 209)
(65, 211)
(65, 88)
(65, 348)
(65, 224)
(65, 104)
(65, 361)
(65, 234)
(65, 365)
(65, 367)
(65, 242)
(65, 372)
(65, 245)
(65, 118)
(65, 255)
(66, 130)
(66, 259)
(66, 138)
(66, 141)
(66, 271)
(66, 276)
(66, 279)
(66, 284)
(66, 174)
(66, 307)
(66, 313)
(66, 314)
(66, 317)
(66, 67)
(66, 69)
(66, 71)
(66, 200)
(66, 203)
(66, 228)
(66, 143)
(66, 349)
(66, 351)
(66, 356)
(66, 101)
(66, 231)
(66, 233)
(66, 106)
(66, 238)
(66, 189)
(66, 369)
(66, 115)
(66, 374)
(66, 250)
(66, 251)
(66, 381)
(67, 228)
(67, 231)
(67, 72)
(67, 71)
(67, 141)
(67, 189)
(67, 80)
(67, 276)
(67, 314)
(67, 251)
(67, 317)
(68, 130)
(68, 259)
(68, 261)
(68, 141)
(68, 389)
(68, 169)
(68, 298)
(68, 174)
(68, 317)
(68, 200)
(68, 204)
(68, 82)
(68, 223)
(68, 233)
(68, 106)
(68, 369)
(68, 250)
(68, 381)
(69, 138)
(69, 271)
(69, 276)
(69, 279)
(69, 284)
(69, 161)
(69, 294)
(69, 167)
(69, 176)
(69, 313)
(69, 314)
(69, 187)
(69, 189)
(69, 323)
(69, 325)
(69, 71)
(69, 203)
(69, 79)
(69, 336)
(69, 228)
(69, 143)
(69, 101)
(69, 349)
(69, 351)
(69, 208)
(69, 356)
(69, 229)
(69, 231)
(69, 107)
(69, 236)
(69, 238)
(69, 115)
(69, 374)
(69, 377)
(69, 251)
(69, 254)
(70, 384)
(70, 128)
(70, 387)
(70, 388)
(70, 262)
(70, 147)
(70, 150)
(70, 282)
(70, 165)
(70, 301)
(70, 304)
(70, 309)
(70, 312)
(70, 186)
(70, 319)
(70, 192)
(70, 321)
(70, 197)
(70, 198)
(70, 73)
(70, 202)
(70, 334)
(70, 335)
(70, 206)
(70, 343)
(70, 94)
(70, 230)
(70, 234)
(70, 365)
(70, 366)
(70, 242)
(70, 245)
(70, 122)
(70, 126)
(70, 255)
(71, 276)
(71, 284)
(71, 167)
(71, 176)
(71, 313)
(71, 314)
(71, 187)
(71, 189)
(71, 323)
(71, 72)
(71, 79)
(71, 80)
(71, 349)
(71, 228)
(71, 102)
(71, 231)
(71, 107)
(71, 238)
(71, 111)
(71, 371)
(71, 117)
(71, 248)
(71, 377)
(71, 251)
(71, 254)
(72, 228)
(72, 102)
(72, 231)
(72, 199)
(72, 111)
(72, 80)
(72, 276)
(72, 117)
(72, 248)
(72, 314)
(72, 251)
(72, 189)
(72, 127)
(73, 384)
(73, 256)
(73, 129)
(73, 265)
(73, 147)
(73, 110)
(73, 159)
(73, 301)
(73, 304)
(73, 182)
(73, 188)
(73, 190)
(73, 192)
(73, 198)
(73, 328)
(73, 329)
(73, 206)
(73, 210)
(73, 212)
(73, 214)
(73, 343)
(73, 218)
(73, 91)
(73, 92)
(73, 226)
(73, 355)
(73, 230)
(73, 338)
(73, 366)
(73, 370)
(73, 126)
(74, 257)
(74, 135)
(74, 137)
(74, 268)
(74, 397)
(74, 270)
(74, 146)
(74, 148)
(74, 166)
(74, 167)
(74, 296)
(74, 175)
(74, 306)
(74, 183)
(74, 315)
(74, 318)
(74, 191)
(74, 326)
(74, 269)
(74, 81)
(74, 213)
(74, 342)
(74, 88)
(74, 346)
(74, 79)
(74, 348)
(74, 352)
(74, 105)
(74, 107)
(74, 237)
(74, 372)
(74, 254)
(75, 391)
(75, 138)
(75, 139)
(75, 194)
(75, 271)
(75, 145)
(75, 238)
(75, 150)
(75, 279)
(75, 153)
(75, 154)
(75, 156)
(75, 161)
(75, 292)
(75, 294)
(75, 301)
(75, 322)
(75, 325)
(75, 201)
(75, 202)
(75, 203)
(75, 206)
(75, 335)
(75, 336)
(75, 164)
(75, 91)
(75, 349)
(75, 94)
(75, 351)
(75, 97)
(75, 229)
(75, 104)
(75, 366)
(75, 242)
(75, 243)
(75, 246)
(75, 376)
(75, 374)
(75, 255)
(76, 257)
(76, 107)
(76, 135)
(76, 397)
(76, 146)
(76, 280)
(76, 293)
(76, 295)
(76, 300)
(76, 175)
(76, 306)
(76, 308)
(76, 184)
(76, 318)
(76, 320)
(76, 199)
(76, 79)
(76, 80)
(76, 81)
(76, 83)
(76, 342)
(76, 87)
(76, 216)
(76, 225)
(76, 99)
(76, 102)
(76, 105)
(76, 167)
(76, 111)
(76, 368)
(76, 371)
(76, 117)
(76, 248)
(76, 254)
(76, 127)
(77, 263)
(77, 277)
(77, 283)
(77, 157)
(77, 240)
(77, 299)
(77, 188)
(77, 328)
(77, 226)
(77, 337)
(77, 210)
(77, 339)
(77, 212)
(77, 214)
(77, 345)
(77, 90)
(77, 354)
(77, 112)
(77, 113)
(77, 244)
(77, 373)
(78, 131)
(78, 260)
(78, 134)
(78, 392)
(78, 396)
(78, 142)
(78, 144)
(78, 149)
(78, 239)
(78, 290)
(78, 177)
(78, 178)
(78, 195)
(78, 196)
(78, 119)
(78, 332)
(78, 207)
(78, 340)
(78, 341)
(78, 215)
(78, 217)
(78, 220)
(78, 350)
(78, 96)
(78, 100)
(78, 357)
(78, 103)
(78, 362)
(78, 235)
(78, 108)
(78, 367)
(78, 241)
(78, 114)
(78, 247)
(78, 378)
(78, 380)
(78, 382)
(78, 85)
(79, 257)
(79, 135)
(79, 397)
(79, 270)
(79, 146)
(79, 148)
(79, 280)
(79, 167)
(79, 296)
(79, 175)
(79, 176)
(79, 306)
(79, 308)
(79, 184)
(79, 187)
(79, 318)
(79, 320)
(79, 323)
(79, 326)
(79, 269)
(79, 208)
(79, 81)
(79, 83)
(79, 213)
(79, 342)
(79, 88)
(79, 105)
(79, 107)
(79, 236)
(79, 111)
(79, 368)
(79, 371)
(79, 248)
(79, 377)
(79, 254)
(80, 276)
(80, 280)
(80, 308)
(80, 314)
(80, 189)
(80, 323)
(80, 199)
(80, 83)
(80, 87)
(80, 228)
(80, 102)
(80, 231)
(80, 107)
(80, 111)
(80, 368)
(80, 371)
(80, 117)
(80, 248)
(80, 377)
(80, 251)
(80, 254)
(80, 127)
(81, 257)
(81, 107)
(81, 135)
(81, 137)
(81, 397)
(81, 270)
(81, 146)
(81, 148)
(81, 280)
(81, 295)
(81, 296)
(81, 175)
(81, 176)
(81, 306)
(81, 308)
(81, 184)
(81, 187)
(81, 318)
(81, 320)
(81, 323)
(81, 326)
(81, 269)
(81, 208)
(81, 83)
(81, 213)
(81, 342)
(81, 87)
(81, 88)
(81, 352)
(81, 225)
(81, 102)
(81, 105)
(81, 167)
(81, 111)
(81, 368)
(81, 371)
(81, 248)
(81, 377)
(81, 254)
(81, 127)
(82, 219)
(82, 389)
(82, 390)
(82, 232)
(82, 204)
(82, 330)
(82, 171)
(82, 364)
(82, 333)
(82, 168)
(82, 274)
(82, 169)
(82, 344)
(82, 223)
(82, 124)
(82, 298)
(82, 261)
(83, 257)
(83, 107)
(83, 135)
(83, 397)
(83, 146)
(83, 280)
(83, 293)
(83, 295)
(83, 300)
(83, 306)
(83, 308)
(83, 184)
(83, 318)
(83, 320)
(83, 323)
(83, 199)
(83, 342)
(83, 87)
(83, 216)
(83, 225)
(83, 99)
(83, 102)
(83, 105)
(83, 167)
(83, 111)
(83, 368)
(83, 371)
(83, 117)
(83, 248)
(83, 377)
(83, 254)
(83, 127)
(84, 386)
(84, 259)
(84, 132)
(84, 179)
(84, 390)
(84, 391)
(84, 138)
(84, 140)
(84, 271)
(84, 273)
(84, 275)
(84, 279)
(84, 153)
(84, 284)
(84, 158)
(84, 133)
(84, 292)
(84, 169)
(84, 174)
(84, 307)
(84, 311)
(84, 313)
(84, 223)
(84, 194)
(84, 200)
(84, 201)
(84, 330)
(84, 203)
(84, 164)
(84, 143)
(84, 221)
(84, 351)
(84, 353)
(84, 356)
(84, 101)
(84, 359)
(84, 106)
(84, 363)
(84, 369)
(84, 115)
(84, 374)
(84, 376)
(84, 250)
(84, 381)
(85, 131)
(85, 134)
(85, 392)
(85, 396)
(85, 144)
(85, 149)
(85, 302)
(85, 177)
(85, 178)
(85, 180)
(85, 316)
(85, 247)
(85, 332)
(85, 207)
(85, 86)
(85, 217)
(85, 378)
(85, 95)
(85, 96)
(85, 227)
(85, 100)
(85, 235)
(85, 108)
(85, 114)
(85, 119)
(85, 136)
(85, 379)
(85, 382)
(86, 128)
(86, 385)
(86, 131)
(86, 388)
(86, 264)
(86, 272)
(86, 149)
(86, 281)
(86, 282)
(86, 291)
(86, 165)
(86, 297)
(86, 170)
(86, 172)
(86, 302)
(86, 136)
(86, 178)
(86, 180)
(86, 309)
(86, 312)
(86, 186)
(86, 316)
(86, 181)
(86, 321)
(86, 327)
(86, 375)
(86, 209)
(86, 89)
(86, 93)
(86, 95)
(86, 224)
(86, 227)
(86, 358)
(86, 234)
(86, 123)
(86, 245)
(86, 247)
(86, 249)
(86, 379)
(86, 383)
(87, 257)
(87, 107)
(87, 135)
(87, 397)
(87, 146)
(87, 280)
(87, 293)
(87, 295)
(87, 300)
(87, 306)
(87, 308)
(87, 184)
(87, 320)
(87, 199)
(87, 342)
(87, 216)
(87, 225)
(87, 99)
(87, 102)
(87, 105)
(87, 167)
(87, 111)
(87, 368)
(87, 371)
(87, 117)
(87, 248)
(87, 254)
(87, 127)
(88, 135)
(88, 137)
(88, 268)
(88, 269)
(88, 270)
(88, 148)
(88, 175)
(88, 156)
(88, 287)
(88, 160)
(88, 155)
(88, 166)
(88, 167)
(88, 296)
(88, 303)
(88, 306)
(88, 315)
(88, 318)
(88, 191)
(88, 326)
(88, 208)
(88, 213)
(88, 346)
(88, 348)
(88, 361)
(88, 107)
(88, 236)
(88, 109)
(88, 372)
(88, 105)
(89, 128)
(89, 385)
(89, 387)
(89, 388)
(89, 262)
(89, 264)
(89, 393)
(89, 144)
(89, 131)
(89, 149)
(89, 282)
(89, 170)
(89, 172)
(89, 302)
(89, 136)
(89, 178)
(89, 180)
(89, 309)
(89, 312)
(89, 186)
(89, 316)
(89, 319)
(89, 321)
(89, 195)
(89, 197)
(89, 181)
(89, 375)
(89, 209)
(89, 343)
(89, 93)
(89, 95)
(89, 224)
(89, 227)
(89, 358)
(89, 119)
(89, 234)
(89, 365)
(89, 367)
(89, 245)
(89, 118)
(89, 247)
(89, 249)
(89, 122)
(89, 379)
(90, 263)
(90, 266)
(90, 281)
(90, 157)
(90, 112)
(90, 297)
(90, 299)
(90, 304)
(90, 310)
(90, 188)
(90, 198)
(90, 327)
(90, 210)
(90, 339)
(90, 212)
(90, 214)
(90, 345)
(90, 218)
(90, 226)
(90, 240)
(90, 113)
(90, 244)
(90, 373)
(90, 123)
(91, 384)
(91, 256)
(91, 132)
(91, 133)
(91, 391)
(91, 265)
(91, 394)
(91, 267)
(91, 140)
(91, 194)
(91, 145)
(91, 147)
(91, 150)
(91, 151)
(91, 153)
(91, 201)
(91, 154)
(91, 286)
(91, 159)
(91, 162)
(91, 163)
(91, 292)
(91, 301)
(91, 94)
(91, 182)
(91, 311)
(91, 322)
(91, 329)
(91, 206)
(91, 335)
(91, 120)
(91, 338)
(91, 164)
(91, 92)
(91, 222)
(91, 97)
(91, 355)
(91, 363)
(91, 366)
(91, 243)
(91, 376)
(91, 126)
(92, 384)
(92, 256)
(92, 258)
(92, 129)
(92, 265)
(92, 394)
(92, 267)
(92, 147)
(92, 110)
(92, 286)
(92, 159)
(92, 288)
(92, 301)
(92, 304)
(92, 305)
(92, 182)
(92, 190)
(92, 322)
(92, 198)
(92, 328)
(92, 329)
(92, 331)
(92, 206)
(92, 338)
(92, 222)
(92, 97)
(92, 355)
(92, 230)
(92, 366)
(92, 370)
(92, 126)
(93, 128)
(93, 385)
(93, 387)
(93, 388)
(93, 264)
(93, 266)
(93, 272)
(93, 131)
(93, 149)
(93, 281)
(93, 282)
(93, 291)
(93, 165)
(93, 297)
(93, 170)
(93, 172)
(93, 302)
(93, 136)
(93, 178)
(93, 180)
(93, 309)
(93, 310)
(93, 312)
(93, 186)
(93, 316)
(93, 319)
(93, 321)
(93, 197)
(93, 181)
(93, 327)
(93, 247)
(93, 209)
(93, 343)
(93, 95)
(93, 224)
(93, 227)
(93, 358)
(93, 234)
(93, 123)
(93, 245)
(93, 375)
(93, 249)
(93, 122)
(93, 379)
(93, 383)
(94, 384)
(94, 387)
(94, 388)
(94, 262)
(94, 391)
(94, 139)
(94, 145)
(94, 147)
(94, 150)
(94, 152)
(94, 154)
(94, 156)
(94, 287)
(94, 161)
(94, 197)
(94, 292)
(94, 193)
(94, 301)
(94, 319)
(94, 192)
(94, 321)
(94, 322)
(94, 325)
(94, 202)
(94, 334)
(94, 335)
(94, 336)
(94, 211)
(94, 206)
(94, 343)
(94, 97)
(94, 229)
(94, 104)
(94, 361)
(94, 365)
(94, 366)
(94, 242)
(94, 243)
(94, 246)
(94, 122)
(94, 126)
(94, 255)
(95, 128)
(95, 385)
(95, 387)
(95, 388)
(95, 262)
(95, 264)
(95, 272)
(95, 131)
(95, 149)
(95, 281)
(95, 282)
(95, 291)
(95, 165)
(95, 170)
(95, 172)
(95, 302)
(95, 177)
(95, 178)
(95, 180)
(95, 309)
(95, 312)
(95, 186)
(95, 316)
(95, 319)
(95, 321)
(95, 181)
(95, 375)
(95, 209)
(95, 122)
(95, 224)
(95, 144)
(95, 227)
(95, 358)
(95, 119)
(95, 234)
(95, 123)
(95, 245)
(95, 118)
(95, 247)
(95, 249)
(95, 136)
(95, 379)
(95, 383)
(96, 131)
(96, 260)
(96, 134)
(96, 392)
(96, 396)
(96, 142)
(96, 144)
(96, 149)
(96, 239)
(96, 290)
(96, 177)
(96, 178)
(96, 316)
(96, 195)
(96, 196)
(96, 119)
(96, 332)
(96, 207)
(96, 340)
(96, 341)
(96, 215)
(96, 217)
(96, 220)
(96, 350)
(96, 98)
(96, 100)
(96, 357)
(96, 103)
(96, 362)
(96, 235)
(96, 108)
(96, 367)
(96, 241)
(96, 114)
(96, 247)
(96, 378)
(96, 380)
(96, 382)
(97, 256)
(97, 132)
(97, 133)
(97, 391)
(97, 265)
(97, 394)
(97, 267)
(97, 140)
(97, 194)
(97, 173)
(97, 273)
(97, 147)
(97, 150)
(97, 151)
(97, 153)
(97, 154)
(97, 286)
(97, 159)
(97, 162)
(97, 163)
(97, 292)
(97, 301)
(97, 158)
(97, 182)
(97, 311)
(97, 322)
(97, 201)
(97, 206)
(97, 335)
(97, 120)
(97, 338)
(97, 164)
(97, 222)
(97, 351)
(97, 353)
(97, 355)
(97, 145)
(97, 363)
(97, 366)
(97, 243)
(97, 246)
(97, 376)
(98, 260)
(98, 392)
(98, 395)
(98, 144)
(98, 278)
(98, 196)
(98, 367)
(98, 348)
(98, 315)
(98, 191)
(98, 195)
(98, 324)
(98, 340)
(98, 341)
(98, 215)
(98, 220)
(98, 350)
(98, 103)
(98, 362)
(98, 239)
(98, 241)
(98, 380)
(98, 382)
(99, 257)
(99, 135)
(99, 397)
(99, 146)
(99, 280)
(99, 293)
(99, 295)
(99, 300)
(99, 306)
(99, 308)
(99, 184)
(99, 320)
(99, 199)
(99, 342)
(99, 216)
(99, 352)
(99, 225)
(99, 102)
(99, 368)
(99, 371)
(99, 117)
(99, 248)
(99, 127)
(100, 131)
(100, 134)
(100, 392)
(100, 396)
(100, 290)
(100, 302)
(100, 177)
(100, 178)
(100, 180)
(100, 316)
(100, 332)
(100, 207)
(100, 217)
(100, 235)
(100, 108)
(100, 114)
(100, 119)
(100, 378)
(100, 379)
(101, 130)
(101, 259)
(101, 133)
(101, 138)
(101, 271)
(101, 273)
(101, 276)
(101, 279)
(101, 153)
(101, 154)
(101, 284)
(101, 158)
(101, 161)
(101, 174)
(101, 307)
(101, 313)
(101, 314)
(101, 223)
(101, 317)
(101, 194)
(101, 325)
(101, 200)
(101, 201)
(101, 203)
(101, 336)
(101, 228)
(101, 143)
(101, 349)
(101, 351)
(101, 353)
(101, 356)
(101, 229)
(101, 231)
(101, 233)
(101, 106)
(101, 238)
(101, 369)
(101, 115)
(101, 374)
(101, 250)
(101, 381)
(102, 257)
(102, 107)
(102, 397)
(102, 146)
(102, 280)
(102, 293)
(102, 295)
(102, 300)
(102, 308)
(102, 184)
(102, 320)
(102, 323)
(102, 199)
(102, 225)
(102, 105)
(102, 167)
(102, 111)
(102, 368)
(102, 371)
(102, 117)
(102, 248)
(102, 377)
(102, 254)
(102, 127)
(103, 131)
(103, 260)
(103, 134)
(103, 392)
(103, 395)
(103, 142)
(103, 144)
(103, 149)
(103, 278)
(103, 196)
(103, 239)
(103, 290)
(103, 177)
(103, 178)
(103, 195)
(103, 324)
(103, 119)
(103, 332)
(103, 207)
(103, 340)
(103, 341)
(103, 215)
(103, 220)
(103, 350)
(103, 357)
(103, 362)
(103, 235)
(103, 108)
(103, 367)
(103, 241)
(103, 114)
(103, 247)
(103, 378)
(103, 380)
(103, 382)
(104, 387)
(104, 262)
(104, 393)
(104, 139)
(104, 109)
(104, 150)
(104, 152)
(104, 155)
(104, 156)
(104, 287)
(104, 160)
(104, 161)
(104, 197)
(104, 294)
(104, 303)
(104, 192)
(104, 193)
(104, 325)
(104, 202)
(104, 334)
(104, 335)
(104, 336)
(104, 209)
(104, 211)
(104, 118)
(104, 208)
(104, 229)
(104, 361)
(104, 236)
(104, 365)
(104, 242)
(104, 243)
(104, 372)
(104, 245)
(104, 246)
(104, 122)
(104, 255)
(105, 257)
(105, 107)
(105, 135)
(105, 137)
(105, 397)
(105, 270)
(105, 146)
(105, 148)
(105, 280)
(105, 295)
(105, 296)
(105, 175)
(105, 176)
(105, 306)
(105, 308)
(105, 184)
(105, 187)
(105, 318)
(105, 320)
(105, 323)
(105, 326)
(105, 269)
(105, 208)
(105, 213)
(105, 342)
(105, 352)
(105, 167)
(105, 111)
(105, 368)
(105, 371)
(105, 248)
(105, 377)
(105, 254)
(105, 127)
(106, 130)
(106, 259)
(106, 389)
(106, 307)
(106, 138)
(106, 141)
(106, 271)
(106, 273)
(106, 284)
(106, 158)
(106, 261)
(106, 169)
(106, 298)
(106, 174)
(106, 179)
(106, 313)
(106, 317)
(106, 200)
(106, 330)
(106, 204)
(106, 143)
(106, 223)
(106, 353)
(106, 356)
(106, 233)
(106, 369)
(106, 115)
(106, 374)
(106, 250)
(106, 381)
(107, 257)
(107, 135)
(107, 397)
(107, 270)
(107, 146)
(107, 148)
(107, 280)
(107, 167)
(107, 296)
(107, 175)
(107, 176)
(107, 306)
(107, 308)
(107, 184)
(107, 187)
(107, 318)
(107, 320)
(107, 323)
(107, 326)
(107, 199)
(107, 208)
(107, 213)
(107, 342)
(107, 236)
(107, 111)
(107, 368)
(107, 371)
(107, 117)
(107, 248)
(107, 377)
(107, 254)
(107, 127)
(108, 131)
(108, 134)
(108, 392)
(108, 396)
(108, 142)
(108, 144)
(108, 290)
(108, 302)
(108, 177)
(108, 178)
(108, 180)
(108, 316)
(108, 332)
(108, 207)
(108, 217)
(108, 357)
(108, 235)
(108, 114)
(108, 119)
(108, 378)
(109, 262)
(109, 393)
(109, 139)
(109, 269)
(109, 148)
(109, 152)
(109, 155)
(109, 156)
(109, 287)
(109, 160)
(109, 161)
(109, 294)
(109, 303)
(109, 176)
(109, 193)
(109, 325)
(109, 202)
(109, 334)
(109, 208)
(109, 211)
(109, 348)
(109, 118)
(109, 229)
(109, 361)
(109, 236)
(109, 365)
(109, 238)
(109, 242)
(109, 372)
(109, 246)
(110, 256)
(110, 129)
(110, 258)
(110, 265)
(110, 394)
(110, 267)
(110, 277)
(110, 151)
(110, 283)
(110, 285)
(110, 286)
(110, 159)
(110, 288)
(110, 305)
(110, 182)
(110, 190)
(110, 328)
(110, 329)
(110, 331)
(110, 205)
(110, 338)
(110, 222)
(110, 355)
(110, 370)
(110, 253)
(111, 257)
(111, 135)
(111, 397)
(111, 146)
(111, 276)
(111, 280)
(111, 293)
(111, 167)
(111, 175)
(111, 306)
(111, 308)
(111, 184)
(111, 187)
(111, 318)
(111, 320)
(111, 323)
(111, 199)
(111, 228)
(111, 231)
(111, 368)
(111, 371)
(111, 117)
(111, 248)
(111, 377)
(111, 251)
(111, 254)
(111, 127)
(112, 263)
(112, 266)
(112, 281)
(112, 157)
(112, 165)
(112, 297)
(112, 299)
(112, 304)
(112, 181)
(112, 310)
(112, 188)
(112, 198)
(112, 327)
(112, 210)
(112, 339)
(112, 212)
(112, 214)
(112, 345)
(112, 218)
(112, 226)
(112, 240)
(112, 113)
(112, 244)
(112, 373)
(112, 375)
(112, 123)
(113, 263)
(113, 266)
(113, 157)
(113, 299)
(113, 310)
(113, 188)
(113, 327)
(113, 210)
(113, 339)
(113, 212)
(113, 214)
(113, 345)
(113, 218)
(113, 226)
(113, 240)
(113, 244)
(113, 373)
(114, 131)
(114, 260)
(114, 134)
(114, 392)
(114, 396)
(114, 142)
(114, 144)
(114, 290)
(114, 177)
(114, 178)
(114, 195)
(114, 196)
(114, 332)
(114, 207)
(114, 340)
(114, 341)
(114, 215)
(114, 217)
(114, 220)
(114, 350)
(114, 357)
(114, 362)
(114, 235)
(114, 239)
(114, 241)
(114, 119)
(114, 378)
(114, 380)
(114, 382)
(115, 130)
(115, 259)
(115, 138)
(115, 271)
(115, 273)
(115, 276)
(115, 279)
(115, 153)
(115, 154)
(115, 284)
(115, 158)
(115, 161)
(115, 294)
(115, 174)
(115, 307)
(115, 313)
(115, 314)
(115, 317)
(115, 325)
(115, 200)
(115, 203)
(115, 336)
(115, 228)
(115, 143)
(115, 349)
(115, 351)
(115, 353)
(115, 356)
(115, 229)
(115, 231)
(115, 233)
(115, 238)
(115, 189)
(115, 369)
(115, 374)
(115, 250)
(115, 381)
(116, 386)
(116, 132)
(116, 394)
(116, 267)
(116, 140)
(116, 398)
(116, 399)
(116, 151)
(116, 285)
(116, 286)
(116, 288)
(116, 289)
(116, 162)
(116, 163)
(116, 173)
(116, 305)
(116, 311)
(116, 185)
(116, 329)
(116, 331)
(116, 221)
(116, 222)
(116, 355)
(116, 359)
(116, 360)
(116, 120)
(116, 121)
(116, 252)
(116, 125)
(117, 397)
(117, 146)
(117, 280)
(117, 293)
(117, 295)
(117, 300)
(117, 308)
(117, 184)
(117, 320)
(117, 199)
(117, 368)
(117, 371)
(117, 248)
(117, 377)
(117, 254)
(117, 127)
(118, 128)
(118, 385)
(118, 387)
(118, 388)
(118, 262)
(118, 193)
(118, 264)
(118, 393)
(118, 144)
(118, 149)
(118, 152)
(118, 282)
(118, 155)
(118, 287)
(118, 170)
(118, 172)
(118, 302)
(118, 303)
(118, 136)
(118, 309)
(118, 312)
(118, 186)
(118, 319)
(118, 321)
(118, 195)
(118, 197)
(118, 202)
(118, 119)
(118, 334)
(118, 209)
(118, 211)
(118, 224)
(118, 358)
(118, 361)
(118, 234)
(118, 365)
(118, 367)
(118, 242)
(118, 245)
(118, 247)
(118, 122)
(118, 379)
(118, 255)
(119, 385)
(119, 131)
(119, 260)
(119, 134)
(119, 392)
(119, 142)
(119, 144)
(119, 149)
(119, 239)
(119, 290)
(119, 170)
(119, 302)
(119, 177)
(119, 178)
(119, 180)
(119, 316)
(119, 195)
(119, 196)
(119, 332)
(119, 207)
(119, 209)
(119, 341)
(119, 215)
(119, 217)
(119, 220)
(119, 350)
(119, 224)
(119, 136)
(119, 357)
(119, 362)
(119, 235)
(119, 367)
(119, 241)
(119, 247)
(119, 378)
(119, 379)
(119, 380)
(119, 382)
(120, 386)
(120, 132)
(120, 265)
(120, 394)
(120, 267)
(120, 140)
(120, 398)
(120, 399)
(120, 275)
(120, 151)
(120, 285)
(120, 286)
(120, 288)
(120, 289)
(120, 162)
(120, 163)
(120, 173)
(120, 305)
(120, 182)
(120, 311)
(120, 185)
(120, 329)
(120, 331)
(120, 338)
(120, 221)
(120, 222)
(120, 355)
(120, 359)
(120, 360)
(120, 363)
(120, 376)
(120, 252)
(120, 125)
(121, 386)
(121, 132)
(121, 390)
(121, 398)
(121, 399)
(121, 274)
(121, 275)
(121, 162)
(121, 168)
(121, 171)
(121, 179)
(121, 311)
(121, 185)
(121, 330)
(121, 333)
(121, 344)
(121, 219)
(121, 221)
(121, 223)
(121, 353)
(121, 359)
(121, 360)
(121, 363)
(121, 364)
(121, 232)
(121, 252)
(121, 125)
(122, 384)
(122, 385)
(122, 387)
(122, 388)
(122, 262)
(122, 193)
(122, 264)
(122, 393)
(122, 128)
(122, 147)
(122, 282)
(122, 165)
(122, 170)
(122, 172)
(122, 301)
(122, 304)
(122, 309)
(122, 312)
(122, 186)
(122, 319)
(122, 192)
(122, 321)
(122, 197)
(122, 198)
(122, 202)
(122, 334)
(122, 335)
(122, 209)
(122, 343)
(122, 181)
(122, 224)
(122, 230)
(122, 358)
(122, 234)
(122, 365)
(122, 242)
(122, 245)
(122, 126)
(122, 255)
(123, 128)
(123, 388)
(123, 264)
(123, 266)
(123, 272)
(123, 281)
(123, 282)
(123, 291)
(123, 165)
(123, 297)
(123, 299)
(123, 172)
(123, 304)
(123, 180)
(123, 309)
(123, 310)
(123, 312)
(123, 186)
(123, 319)
(123, 321)
(123, 198)
(123, 327)
(123, 339)
(123, 345)
(123, 218)
(123, 181)
(123, 227)
(123, 358)
(123, 375)
(123, 249)
(123, 379)
(123, 383)
(124, 390)
(124, 232)
(124, 169)
(124, 298)
(124, 171)
(124, 364)
(124, 333)
(124, 168)
(124, 344)
(125, 386)
(125, 132)
(125, 265)
(125, 394)
(125, 267)
(125, 140)
(125, 398)
(125, 399)
(125, 275)
(125, 151)
(125, 285)
(125, 286)
(125, 288)
(125, 289)
(125, 162)
(125, 163)
(125, 173)
(125, 305)
(125, 182)
(125, 311)
(125, 185)
(125, 329)
(125, 331)
(125, 338)
(125, 221)
(125, 222)
(125, 355)
(125, 359)
(125, 360)
(125, 363)
(125, 252)
(126, 384)
(126, 256)
(126, 388)
(126, 265)
(126, 128)
(126, 147)
(126, 150)
(126, 159)
(126, 165)
(126, 301)
(126, 304)
(126, 182)
(126, 319)
(126, 192)
(126, 321)
(126, 322)
(126, 197)
(126, 198)
(126, 206)
(126, 335)
(126, 338)
(126, 343)
(126, 218)
(126, 230)
(126, 366)
(126, 255)
(127, 257)
(127, 135)
(127, 397)
(127, 146)
(127, 280)
(127, 293)
(127, 295)
(127, 300)
(127, 308)
(127, 184)
(127, 320)
(127, 199)
(127, 216)
(127, 225)
(127, 167)
(127, 368)
(127, 371)
(127, 248)
(127, 254)
(128, 384)
(128, 385)
(128, 387)
(128, 388)
(128, 262)
(128, 264)
(128, 147)
(128, 281)
(128, 282)
(128, 165)
(128, 170)
(128, 172)
(128, 301)
(128, 304)
(128, 309)
(128, 312)
(128, 186)
(128, 319)
(128, 192)
(128, 321)
(128, 197)
(128, 198)
(128, 334)
(128, 335)
(128, 209)
(128, 343)
(128, 218)
(128, 181)
(128, 224)
(128, 230)
(128, 358)
(128, 234)
(128, 365)
(128, 242)
(128, 245)
(128, 375)
(128, 255)
(129, 256)
(129, 258)
(129, 226)
(129, 394)
(129, 277)
(129, 283)
(129, 285)
(129, 288)
(129, 305)
(129, 182)
(129, 265)
(129, 190)
(129, 328)
(129, 329)
(129, 331)
(129, 205)
(129, 337)
(129, 338)
(129, 347)
(129, 222)
(129, 354)
(129, 355)
(129, 370)
(129, 253)
(130, 259)
(130, 389)
(130, 141)
(130, 143)
(130, 284)
(130, 261)
(130, 169)
(130, 298)
(130, 174)
(130, 313)
(130, 314)
(130, 189)
(130, 200)
(130, 204)
(130, 356)
(130, 233)
(130, 317)
(130, 369)
(130, 250)
(130, 381)
(131, 385)
(131, 134)
(131, 392)
(131, 396)
(131, 144)
(131, 149)
(131, 177)
(131, 170)
(131, 172)
(131, 302)
(131, 264)
(131, 178)
(131, 180)
(131, 312)
(131, 316)
(131, 195)
(131, 332)
(131, 207)
(131, 209)
(131, 217)
(131, 350)
(131, 224)
(131, 227)
(131, 357)
(131, 358)
(131, 235)
(131, 367)
(131, 136)
(131, 247)
(131, 249)
(131, 378)
(131, 379)
(131, 382)
(132, 386)
(132, 133)
(132, 265)
(132, 394)
(132, 267)
(132, 140)
(132, 398)
(132, 399)
(132, 145)
(132, 274)
(132, 275)
(132, 151)
(132, 153)
(132, 285)
(132, 286)
(132, 289)
(132, 162)
(132, 163)
(132, 164)
(132, 173)
(132, 179)
(132, 158)
(132, 311)
(132, 185)
(132, 194)
(132, 201)
(132, 330)
(132, 219)
(132, 221)
(132, 222)
(132, 223)
(132, 353)
(132, 355)
(132, 359)
(132, 360)
(132, 363)
(132, 364)
(132, 376)
(132, 252)
(133, 386)
(133, 259)
(133, 179)
(133, 391)
(133, 145)
(133, 138)
(133, 140)
(133, 194)
(133, 399)
(133, 273)
(133, 275)
(133, 279)
(133, 153)
(133, 154)
(133, 286)
(133, 162)
(133, 292)
(133, 174)
(133, 307)
(133, 158)
(133, 311)
(133, 223)
(133, 322)
(133, 201)
(133, 330)
(133, 164)
(133, 271)
(133, 221)
(133, 351)
(133, 353)
(133, 359)
(133, 363)
(133, 369)
(133, 374)
(133, 376)
(133, 250)
(133, 252)
(133, 381)
(134, 260)
(134, 392)
(134, 396)
(134, 142)
(134, 290)
(134, 177)
(134, 178)
(134, 316)
(134, 332)
(134, 207)
(134, 341)
(134, 215)
(134, 217)
(134, 357)
(134, 362)
(134, 235)
(134, 239)
(134, 378)
(134, 382)
(135, 257)
(135, 137)
(135, 397)
(135, 270)
(135, 146)
(135, 148)
(135, 280)
(135, 293)
(135, 295)
(135, 296)
(135, 175)
(135, 306)
(135, 308)
(135, 184)
(135, 187)
(135, 318)
(135, 320)
(135, 323)
(135, 326)
(135, 269)
(135, 213)
(135, 342)
(135, 352)
(135, 225)
(135, 167)
(135, 368)
(135, 371)
(135, 248)
(135, 377)
(135, 254)
(136, 385)
(136, 387)
(136, 388)
(136, 262)
(136, 264)
(136, 393)
(136, 144)
(136, 149)
(136, 282)
(136, 170)
(136, 172)
(136, 302)
(136, 177)
(136, 178)
(136, 180)
(136, 309)
(136, 312)
(136, 186)
(136, 316)
(136, 321)
(136, 195)
(136, 209)
(136, 224)
(136, 227)
(136, 358)
(136, 234)
(136, 367)
(136, 245)
(136, 247)
(136, 249)
(136, 379)
(136, 382)
(137, 257)
(137, 268)
(137, 269)
(137, 270)
(137, 146)
(137, 148)
(137, 155)
(137, 166)
(137, 296)
(137, 175)
(137, 306)
(137, 183)
(137, 315)
(137, 318)
(137, 191)
(137, 326)
(137, 213)
(137, 342)
(137, 346)
(137, 348)
(137, 352)
(137, 237)
(137, 372)
(138, 259)
(138, 391)
(138, 194)
(138, 271)
(138, 273)
(138, 279)
(138, 153)
(138, 154)
(138, 284)
(138, 158)
(138, 161)
(138, 292)
(138, 294)
(138, 174)
(138, 307)
(138, 313)
(138, 322)
(138, 325)
(138, 200)
(138, 201)
(138, 203)
(138, 336)
(138, 164)
(138, 143)
(138, 349)
(138, 351)
(138, 353)
(138, 356)
(138, 229)
(138, 246)
(138, 145)
(138, 363)
(138, 238)
(138, 369)
(138, 243)
(138, 374)
(138, 376)
(138, 250)
(138, 381)
(139, 391)
(139, 150)
(139, 152)
(139, 154)
(139, 156)
(139, 287)
(139, 160)
(139, 161)
(139, 294)
(139, 176)
(139, 193)
(139, 325)
(139, 202)
(139, 334)
(139, 335)
(139, 208)
(139, 211)
(139, 336)
(139, 229)
(139, 361)
(139, 236)
(139, 365)
(139, 238)
(139, 242)
(139, 243)
(139, 246)
(139, 255)
(140, 386)
(140, 179)
(140, 391)
(140, 145)
(140, 265)
(140, 394)
(140, 267)
(140, 194)
(140, 398)
(140, 399)
(140, 273)
(140, 275)
(140, 151)
(140, 153)
(140, 154)
(140, 286)
(140, 159)
(140, 162)
(140, 163)
(140, 292)
(140, 173)
(140, 307)
(140, 158)
(140, 182)
(140, 311)
(140, 223)
(140, 322)
(140, 201)
(140, 330)
(140, 206)
(140, 164)
(140, 221)
(140, 222)
(140, 351)
(140, 353)
(140, 355)
(140, 359)
(140, 363)
(140, 376)
(140, 252)
(141, 259)
(141, 389)
(141, 261)
(141, 169)
(141, 298)
(141, 174)
(141, 314)
(141, 189)
(141, 200)
(141, 204)
(141, 233)
(141, 317)
(141, 369)
(141, 250)
(141, 381)
(142, 260)
(142, 392)
(142, 396)
(142, 144)
(142, 290)
(142, 177)
(142, 195)
(142, 332)
(142, 207)
(142, 340)
(142, 341)
(142, 215)
(142, 217)
(142, 220)
(142, 350)
(142, 357)
(142, 362)
(142, 235)
(142, 239)
(142, 241)
(142, 378)
(142, 382)
(143, 259)
(143, 271)
(143, 273)
(143, 276)
(143, 279)
(143, 153)
(143, 154)
(143, 284)
(143, 158)
(143, 161)
(143, 294)
(143, 174)
(143, 307)
(143, 313)
(143, 314)
(143, 317)
(143, 325)
(143, 200)
(143, 203)
(143, 336)
(143, 228)
(143, 349)
(143, 351)
(143, 229)
(143, 356)
(143, 374)
(143, 231)
(143, 238)
(143, 189)
(143, 369)
(143, 243)
(143, 246)
(143, 250)
(143, 381)
(144, 385)
(144, 260)
(144, 392)
(144, 393)
(144, 149)
(144, 278)
(144, 239)
(144, 290)
(144, 170)
(144, 302)
(144, 177)
(144, 178)
(144, 180)
(144, 316)
(144, 195)
(144, 196)
(144, 332)
(144, 209)
(144, 340)
(144, 341)
(144, 215)
(144, 220)
(144, 350)
(144, 224)
(144, 357)
(144, 362)
(144, 235)
(144, 367)
(144, 241)
(144, 245)
(144, 247)
(144, 378)
(144, 379)
(144, 380)
(144, 382)
(145, 256)
(145, 391)
(145, 265)
(145, 394)
(145, 267)
(145, 194)
(145, 271)
(145, 273)
(145, 147)
(145, 150)
(145, 153)
(145, 154)
(145, 286)
(145, 159)
(145, 162)
(145, 292)
(145, 301)
(145, 307)
(145, 158)
(145, 182)
(145, 311)
(145, 322)
(145, 246)
(145, 201)
(145, 206)
(145, 335)
(145, 336)
(145, 338)
(145, 164)
(145, 351)
(145, 353)
(145, 355)
(145, 363)
(145, 366)
(145, 243)
(145, 374)
(145, 376)
(146, 257)
(146, 397)
(146, 270)
(146, 148)
(146, 280)
(146, 293)
(146, 295)
(146, 296)
(146, 175)
(146, 306)
(146, 308)
(146, 184)
(146, 187)
(146, 318)
(146, 320)
(146, 323)
(146, 326)
(146, 199)
(146, 269)
(146, 213)
(146, 342)
(146, 352)
(146, 225)
(146, 167)
(146, 368)
(146, 371)
(146, 248)
(146, 377)
(146, 254)
(147, 384)
(147, 256)
(147, 388)
(147, 391)
(147, 265)
(147, 150)
(147, 159)
(147, 292)
(147, 301)
(147, 304)
(147, 182)
(147, 319)
(147, 192)
(147, 321)
(147, 322)
(147, 197)
(147, 198)
(147, 206)
(147, 335)
(147, 338)
(147, 343)
(147, 355)
(147, 230)
(147, 366)
(147, 242)
(147, 376)
(147, 255)
(148, 269)
(148, 270)
(148, 303)
(148, 156)
(148, 287)
(148, 160)
(148, 155)
(148, 167)
(148, 296)
(148, 175)
(148, 176)
(148, 306)
(148, 187)
(148, 318)
(148, 323)
(148, 326)
(148, 208)
(148, 213)
(148, 346)
(148, 348)
(148, 361)
(148, 236)
(148, 372)
(148, 377)
(148, 254)
(149, 385)
(149, 262)
(149, 392)
(149, 393)
(149, 282)
(149, 177)
(149, 170)
(149, 172)
(149, 302)
(149, 264)
(149, 178)
(149, 180)
(149, 309)
(149, 312)
(149, 186)
(149, 316)
(149, 195)
(149, 209)
(149, 350)
(149, 224)
(149, 227)
(149, 358)
(149, 234)
(149, 367)
(149, 245)
(149, 247)
(149, 249)
(149, 378)
(149, 379)
(149, 382)
(150, 384)
(150, 391)
(150, 194)
(150, 154)
(150, 159)
(150, 161)
(150, 292)
(150, 301)
(150, 192)
(150, 322)
(150, 325)
(150, 201)
(150, 202)
(150, 206)
(150, 335)
(150, 336)
(150, 164)
(150, 351)
(150, 229)
(150, 365)
(150, 366)
(150, 242)
(150, 243)
(150, 246)
(150, 376)
(150, 255)
(151, 386)
(151, 265)
(151, 394)
(151, 267)
(151, 398)
(151, 399)
(151, 275)
(151, 285)
(151, 286)
(151, 159)
(151, 288)
(151, 289)
(151, 162)
(151, 163)
(151, 164)
(151, 173)
(151, 305)
(151, 182)
(151, 311)
(151, 185)
(151, 329)
(151, 331)
(151, 338)
(151, 221)
(151, 222)
(151, 355)
(151, 359)
(151, 360)
(151, 363)
(151, 376)
(151, 252)
(152, 385)
(152, 387)
(152, 262)
(152, 393)
(152, 155)
(152, 156)
(152, 287)
(152, 160)
(152, 170)
(152, 303)
(152, 193)
(152, 202)
(152, 334)
(152, 209)
(152, 211)
(152, 348)
(152, 224)
(152, 361)
(152, 234)
(152, 365)
(152, 367)
(152, 242)
(152, 372)
(152, 245)
(152, 255)
(153, 259)
(153, 179)
(153, 391)
(153, 194)
(153, 271)
(153, 273)
(153, 275)
(153, 279)
(153, 154)
(153, 284)
(153, 158)
(153, 162)
(153, 292)
(153, 174)
(153, 221)
(153, 307)
(153, 311)
(153, 313)
(153, 223)
(153, 322)
(153, 246)
(153, 201)
(153, 330)
(153, 203)
(153, 336)
(153, 164)
(153, 349)
(153, 351)
(153, 353)
(153, 356)
(153, 359)
(153, 363)
(153, 369)
(153, 243)
(153, 374)
(153, 376)
(153, 250)
(153, 381)
(154, 391)
(154, 194)
(154, 271)
(154, 273)
(154, 279)
(154, 158)
(154, 161)
(154, 292)
(154, 294)
(154, 307)
(154, 313)
(154, 322)
(154, 325)
(154, 201)
(154, 202)
(154, 203)
(154, 206)
(154, 335)
(154, 336)
(154, 164)
(154, 349)
(154, 351)
(154, 356)
(154, 229)
(154, 238)
(154, 243)
(154, 246)
(154, 376)
(154, 374)
(155, 393)
(155, 269)
(155, 278)
(155, 156)
(155, 287)
(155, 160)
(155, 303)
(155, 270)
(155, 193)
(155, 334)
(155, 208)
(155, 211)
(155, 213)
(155, 348)
(155, 361)
(155, 367)
(155, 372)
(156, 393)
(156, 287)
(156, 160)
(156, 161)
(156, 294)
(156, 303)
(156, 176)
(156, 187)
(156, 193)
(156, 325)
(156, 202)
(156, 334)
(156, 208)
(156, 211)
(156, 336)
(156, 229)
(156, 361)
(156, 236)
(156, 365)
(156, 238)
(156, 242)
(156, 243)
(156, 372)
(156, 246)
(156, 255)
(157, 263)
(157, 266)
(157, 299)
(157, 310)
(157, 188)
(157, 226)
(157, 210)
(157, 339)
(157, 212)
(157, 214)
(157, 345)
(157, 218)
(157, 354)
(157, 240)
(157, 244)
(157, 373)
(158, 386)
(158, 259)
(158, 179)
(158, 391)
(158, 194)
(158, 271)
(158, 273)
(158, 275)
(158, 279)
(158, 284)
(158, 162)
(158, 292)
(158, 174)
(158, 307)
(158, 311)
(158, 313)
(158, 223)
(158, 322)
(158, 200)
(158, 201)
(158, 330)
(158, 203)
(158, 164)
(158, 221)
(158, 351)
(158, 353)
(158, 356)
(158, 359)
(158, 363)
(158, 369)
(158, 374)
(158, 376)
(158, 250)
(158, 381)
(159, 384)
(159, 256)
(159, 391)
(159, 265)
(159, 394)
(159, 267)
(159, 194)
(159, 286)
(159, 288)
(159, 162)
(159, 292)
(159, 301)
(159, 182)
(159, 322)
(159, 329)
(159, 206)
(159, 335)
(159, 338)
(159, 164)
(159, 222)
(159, 355)
(159, 230)
(159, 366)
(159, 370)
(159, 376)
(160, 269)
(160, 175)
(160, 287)
(160, 161)
(160, 294)
(160, 296)
(160, 303)
(160, 176)
(160, 187)
(160, 193)
(160, 325)
(160, 202)
(160, 334)
(160, 208)
(160, 211)
(160, 348)
(160, 336)
(160, 229)
(160, 361)
(160, 236)
(160, 238)
(160, 243)
(160, 372)
(160, 246)
(161, 391)
(161, 271)
(161, 279)
(161, 284)
(161, 287)
(161, 292)
(161, 294)
(161, 176)
(161, 313)
(161, 187)
(161, 325)
(161, 202)
(161, 203)
(161, 335)
(161, 336)
(161, 349)
(161, 351)
(161, 208)
(161, 356)
(161, 229)
(161, 361)
(161, 236)
(161, 238)
(161, 243)
(161, 246)
(161, 374)
(162, 386)
(162, 391)
(162, 265)
(162, 394)
(162, 267)
(162, 194)
(162, 398)
(162, 399)
(162, 275)
(162, 201)
(162, 285)
(162, 286)
(162, 288)
(162, 289)
(162, 163)
(162, 292)
(162, 173)
(162, 305)
(162, 179)
(162, 182)
(162, 311)
(162, 185)
(162, 322)
(162, 329)
(162, 330)
(162, 206)
(162, 338)
(162, 164)
(162, 221)
(162, 222)
(162, 353)
(162, 355)
(162, 359)
(162, 360)
(162, 363)
(162, 376)
(162, 252)
(163, 386)
(163, 265)
(163, 394)
(163, 267)
(163, 398)
(163, 399)
(163, 275)
(163, 285)
(163, 286)
(163, 288)
(163, 289)
(163, 173)
(163, 305)
(163, 182)
(163, 311)
(163, 185)
(163, 329)
(163, 331)
(163, 338)
(163, 221)
(163, 222)
(163, 355)
(163, 359)
(163, 360)
(163, 363)
(163, 376)
(163, 252)
(164, 391)
(164, 265)
(164, 394)
(164, 267)
(164, 194)
(164, 271)
(164, 273)
(164, 286)
(164, 292)
(164, 307)
(164, 182)
(164, 311)
(164, 322)
(164, 246)
(164, 201)
(164, 206)
(164, 335)
(164, 336)
(164, 399)
(164, 351)
(164, 353)
(164, 355)
(164, 359)
(164, 363)
(164, 366)
(164, 243)
(164, 374)
(164, 376)
(165, 384)
(165, 385)
(165, 387)
(165, 388)
(165, 264)
(165, 266)
(165, 281)
(165, 282)
(165, 291)
(165, 297)
(165, 299)
(165, 172)
(165, 301)
(165, 304)
(165, 309)
(165, 310)
(165, 312)
(165, 186)
(165, 319)
(165, 192)
(165, 321)
(165, 197)
(165, 198)
(165, 327)
(165, 339)
(165, 343)
(165, 345)
(165, 218)
(165, 181)
(165, 230)
(165, 358)
(165, 234)
(165, 375)
(165, 249)
(166, 352)
(166, 324)
(166, 395)
(166, 268)
(166, 269)
(166, 270)
(166, 237)
(166, 213)
(166, 183)
(166, 346)
(166, 315)
(166, 348)
(166, 191)
(167, 257)
(167, 397)
(167, 270)
(167, 280)
(167, 296)
(167, 175)
(167, 176)
(167, 306)
(167, 308)
(167, 184)
(167, 187)
(167, 318)
(167, 320)
(167, 323)
(167, 326)
(167, 269)
(167, 208)
(167, 213)
(167, 342)
(167, 236)
(167, 368)
(167, 371)
(167, 248)
(167, 377)
(167, 254)
(168, 179)
(168, 390)
(168, 360)
(168, 169)
(168, 330)
(168, 171)
(168, 364)
(168, 333)
(168, 221)
(168, 232)
(168, 274)
(168, 275)
(168, 344)
(168, 185)
(168, 219)
(168, 298)
(168, 223)
(169, 259)
(169, 389)
(169, 390)
(169, 274)
(169, 261)
(169, 298)
(169, 171)
(169, 179)
(169, 200)
(169, 330)
(169, 204)
(169, 333)
(169, 344)
(169, 219)
(169, 223)
(169, 232)
(169, 233)
(169, 364)
(169, 369)
(169, 250)
(169, 381)
(170, 385)
(170, 387)
(170, 388)
(170, 262)
(170, 193)
(170, 264)
(170, 393)
(170, 282)
(170, 172)
(170, 302)
(170, 303)
(170, 178)
(170, 180)
(170, 309)
(170, 312)
(170, 186)
(170, 319)
(170, 321)
(170, 195)
(170, 197)
(170, 181)
(170, 334)
(170, 209)
(170, 343)
(170, 224)
(170, 227)
(170, 358)
(170, 234)
(170, 365)
(170, 367)
(170, 242)
(170, 245)
(170, 247)
(170, 249)
(170, 379)
(170, 255)
(171, 390)
(171, 232)
(171, 298)
(171, 364)
(171, 333)
(171, 274)
(171, 344)
(171, 219)
(172, 385)
(172, 387)
(172, 388)
(172, 262)
(172, 264)
(172, 272)
(172, 281)
(172, 282)
(172, 291)
(172, 297)
(172, 302)
(172, 178)
(172, 180)
(172, 309)
(172, 312)
(172, 186)
(172, 316)
(172, 319)
(172, 321)
(172, 197)
(172, 181)
(172, 247)
(172, 209)
(172, 343)
(172, 224)
(172, 227)
(172, 358)
(172, 234)
(172, 245)
(172, 375)
(172, 249)
(172, 379)
(172, 383)
(173, 386)
(173, 265)
(173, 394)
(173, 267)
(173, 398)
(173, 399)
(173, 275)
(173, 285)
(173, 286)
(173, 288)
(173, 289)
(173, 305)
(173, 182)
(173, 311)
(173, 185)
(173, 329)
(173, 331)
(173, 338)
(173, 221)
(173, 222)
(173, 355)
(173, 359)
(173, 360)
(173, 363)
(173, 252)
(174, 259)
(174, 261)
(174, 271)
(174, 273)
(174, 276)
(174, 279)
(174, 179)
(174, 284)
(174, 389)
(174, 307)
(174, 313)
(174, 314)
(174, 223)
(174, 317)
(174, 194)
(174, 200)
(174, 201)
(174, 330)
(174, 203)
(174, 204)
(174, 349)
(174, 351)
(174, 353)
(174, 356)
(174, 233)
(174, 369)
(174, 374)
(174, 250)
(174, 381)
(175, 257)
(175, 397)
(175, 270)
(175, 280)
(175, 296)
(175, 176)
(175, 306)
(175, 308)
(175, 184)
(175, 187)
(175, 318)
(175, 320)
(175, 323)
(175, 326)
(175, 269)
(175, 208)
(175, 213)
(175, 342)
(175, 352)
(175, 236)
(175, 368)
(175, 371)
(175, 248)
(175, 377)
(175, 254)
(176, 276)
(176, 294)
(176, 296)
(176, 187)
(176, 318)
(176, 323)
(176, 325)
(176, 326)
(176, 203)
(176, 208)
(176, 349)
(176, 336)
(176, 229)
(176, 231)
(176, 236)
(176, 238)
(176, 377)
(176, 254)
(177, 260)
(177, 392)
(177, 396)
(177, 290)
(177, 302)
(177, 178)
(177, 180)
(177, 316)
(177, 195)
(177, 332)
(177, 207)
(177, 341)
(177, 215)
(177, 217)
(177, 350)
(177, 357)
(177, 235)
(177, 239)
(177, 247)
(177, 378)
(177, 379)
(177, 382)
(178, 385)
(178, 392)
(178, 302)
(178, 264)
(178, 180)
(178, 312)
(178, 316)
(178, 195)
(178, 332)
(178, 209)
(178, 217)
(178, 350)
(178, 224)
(178, 227)
(178, 358)
(178, 234)
(178, 235)
(178, 367)
(178, 245)
(178, 247)
(178, 249)
(178, 378)
(178, 379)
(178, 382)
(179, 386)
(179, 259)
(179, 390)
(179, 399)
(179, 273)
(179, 274)
(179, 275)
(179, 307)
(179, 311)
(179, 185)
(179, 194)
(179, 201)
(179, 330)
(179, 333)
(179, 344)
(179, 219)
(179, 221)
(179, 223)
(179, 353)
(179, 359)
(179, 360)
(179, 363)
(179, 364)
(179, 369)
(179, 250)
(179, 252)
(179, 381)
(180, 385)
(180, 264)
(180, 272)
(180, 281)
(180, 282)
(180, 291)
(180, 302)
(180, 309)
(180, 312)
(180, 186)
(180, 316)
(180, 181)
(180, 375)
(180, 209)
(180, 224)
(180, 227)
(180, 358)
(180, 234)
(180, 245)
(180, 247)
(180, 249)
(180, 378)
(180, 379)
(180, 383)
(181, 385)
(181, 388)
(181, 264)
(181, 266)
(181, 272)
(181, 281)
(181, 282)
(181, 291)
(181, 297)
(181, 299)
(181, 302)
(181, 304)
(181, 309)
(181, 310)
(181, 312)
(181, 186)
(181, 319)
(181, 321)
(181, 197)
(181, 198)
(181, 327)
(181, 339)
(181, 343)
(181, 345)
(181, 218)
(181, 224)
(181, 227)
(181, 230)
(181, 358)
(181, 234)
(181, 375)
(181, 249)
(181, 379)
(181, 383)
(182, 384)
(182, 256)
(182, 258)
(182, 265)
(182, 394)
(182, 267)
(182, 285)
(182, 286)
(182, 288)
(182, 292)
(182, 301)
(182, 305)
(182, 190)
(182, 322)
(182, 329)
(182, 331)
(182, 206)
(182, 338)
(182, 222)
(182, 355)
(182, 366)
(182, 370)
(182, 376)
(183, 352)
(183, 324)
(183, 395)
(183, 268)
(183, 269)
(183, 270)
(183, 237)
(183, 213)
(183, 346)
(183, 315)
(183, 191)
(184, 257)
(184, 397)
(184, 280)
(184, 293)
(184, 295)
(184, 300)
(184, 306)
(184, 308)
(184, 318)
(184, 320)
(184, 326)
(184, 199)
(184, 342)
(184, 216)
(184, 352)
(184, 225)
(184, 368)
(184, 371)
(184, 248)
(185, 386)
(185, 390)
(185, 398)
(185, 399)
(185, 274)
(185, 275)
(185, 289)
(185, 311)
(185, 330)
(185, 333)
(185, 344)
(185, 219)
(185, 221)
(185, 223)
(185, 359)
(185, 360)
(185, 363)
(185, 364)
(185, 252)
(186, 385)
(186, 387)
(186, 388)
(186, 262)
(186, 264)
(186, 266)
(186, 272)
(186, 281)
(186, 282)
(186, 291)
(186, 297)
(186, 302)
(186, 309)
(186, 312)
(186, 319)
(186, 192)
(186, 321)
(186, 197)
(186, 327)
(186, 247)
(186, 209)
(186, 343)
(186, 218)
(186, 224)
(186, 227)
(186, 230)
(186, 358)
(186, 234)
(186, 365)
(186, 245)
(186, 375)
(186, 249)
(186, 379)
(186, 383)
(187, 397)
(187, 276)
(187, 294)
(187, 296)
(187, 306)
(187, 318)
(187, 323)
(187, 325)
(187, 326)
(187, 208)
(187, 349)
(187, 228)
(187, 229)
(187, 231)
(187, 236)
(187, 238)
(187, 377)
(187, 254)
(188, 263)
(188, 266)
(188, 277)
(188, 283)
(188, 299)
(188, 304)
(188, 310)
(188, 198)
(188, 328)
(188, 226)
(188, 205)
(188, 337)
(188, 210)
(188, 339)
(188, 212)
(188, 214)
(188, 345)
(188, 218)
(188, 354)
(188, 230)
(188, 240)
(188, 244)
(188, 373)
(189, 276)
(189, 284)
(189, 313)
(189, 317)
(189, 200)
(189, 228)
(189, 314)
(189, 356)
(189, 231)
(189, 233)
(189, 251)
(190, 256)
(190, 258)
(190, 265)
(190, 394)
(190, 277)
(190, 283)
(190, 285)
(190, 286)
(190, 288)
(190, 305)
(190, 328)
(190, 329)
(190, 331)
(190, 226)
(190, 205)
(190, 337)
(190, 338)
(190, 347)
(190, 222)
(190, 354)
(190, 355)
(190, 370)
(190, 253)
(191, 395)
(191, 268)
(191, 269)
(191, 270)
(191, 278)
(191, 315)
(191, 324)
(191, 213)
(191, 346)
(191, 348)
(191, 352)
(191, 237)
(192, 384)
(192, 385)
(192, 387)
(192, 388)
(192, 262)
(192, 193)
(192, 282)
(192, 301)
(192, 304)
(192, 309)
(192, 312)
(192, 319)
(192, 321)
(192, 197)
(192, 198)
(192, 202)
(192, 334)
(192, 335)
(192, 206)
(192, 343)
(192, 230)
(192, 234)
(192, 365)
(192, 366)
(192, 242)
(192, 245)
(192, 255)
(193, 387)
(193, 262)
(193, 393)
(193, 287)
(193, 303)
(193, 321)
(193, 197)
(193, 202)
(193, 334)
(193, 335)
(193, 209)
(193, 211)
(193, 224)
(193, 361)
(193, 234)
(193, 365)
(193, 242)
(193, 372)
(193, 245)
(193, 246)
(193, 255)
(194, 259)
(194, 391)
(194, 271)
(194, 273)
(194, 275)
(194, 279)
(194, 286)
(194, 292)
(194, 307)
(194, 311)
(194, 223)
(194, 322)
(194, 374)
(194, 201)
(194, 330)
(194, 206)
(194, 336)
(194, 221)
(194, 351)
(194, 353)
(194, 359)
(194, 363)
(194, 243)
(194, 246)
(194, 376)
(194, 250)
(195, 260)
(195, 392)
(195, 393)
(195, 278)
(195, 239)
(195, 290)
(195, 302)
(195, 196)
(195, 209)
(195, 340)
(195, 341)
(195, 215)
(195, 220)
(195, 350)
(195, 224)
(195, 357)
(195, 362)
(195, 235)
(195, 367)
(195, 241)
(195, 247)
(195, 378)
(195, 380)
(195, 382)
(196, 260)
(196, 392)
(196, 395)
(196, 278)
(196, 367)
(196, 220)
(196, 315)
(196, 324)
(196, 340)
(196, 341)
(196, 215)
(196, 348)
(196, 350)
(196, 357)
(196, 362)
(196, 235)
(196, 239)
(196, 241)
(196, 380)
(196, 382)
(197, 384)
(197, 385)
(197, 387)
(197, 388)
(197, 262)
(197, 282)
(197, 301)
(197, 304)
(197, 309)
(197, 312)
(197, 319)
(197, 321)
(197, 198)
(197, 202)
(197, 334)
(197, 335)
(197, 209)
(197, 343)
(197, 224)
(197, 230)
(197, 234)
(197, 365)
(197, 366)
(197, 242)
(197, 245)
(197, 255)
(198, 384)
(198, 256)
(198, 388)
(198, 263)
(198, 266)
(198, 281)
(198, 299)
(198, 301)
(198, 304)
(198, 309)
(198, 310)
(198, 319)
(198, 321)
(198, 210)
(198, 339)
(198, 212)
(198, 214)
(198, 343)
(198, 345)
(198, 218)
(198, 226)
(198, 230)
(198, 240)
(198, 373)
(199, 397)
(199, 280)
(199, 293)
(199, 295)
(199, 300)
(199, 308)
(199, 320)
(199, 225)
(199, 368)
(199, 371)
(199, 248)
(199, 254)
(200, 259)
(200, 389)
(200, 271)
(200, 273)
(200, 279)
(200, 284)
(200, 261)
(200, 298)
(200, 307)
(200, 313)
(200, 314)
(200, 317)
(200, 330)
(200, 203)
(200, 204)
(200, 223)
(200, 353)
(200, 356)
(200, 233)
(200, 369)
(200, 374)
(200, 250)
(200, 381)
(201, 386)
(201, 259)
(201, 391)
(201, 399)
(201, 273)
(201, 275)
(201, 279)
(201, 286)
(201, 292)
(201, 307)
(201, 311)
(201, 223)
(201, 322)
(201, 330)
(201, 206)
(201, 271)
(201, 221)
(201, 351)
(201, 353)
(201, 356)
(201, 359)
(201, 363)
(201, 374)
(201, 376)
(201, 250)
(201, 381)
(202, 262)
(202, 393)
(202, 387)
(202, 287)
(202, 301)
(202, 319)
(202, 321)
(202, 325)
(202, 334)
(202, 335)
(202, 336)
(202, 211)
(202, 343)
(202, 229)
(202, 361)
(202, 365)
(202, 242)
(202, 243)
(202, 246)
(202, 255)
(203, 259)
(203, 271)
(203, 273)
(203, 276)
(203, 279)
(203, 284)
(203, 294)
(203, 307)
(203, 313)
(203, 314)
(203, 325)
(203, 336)
(203, 228)
(203, 349)
(203, 351)
(203, 229)
(203, 356)
(203, 374)
(203, 231)
(203, 236)
(203, 238)
(203, 369)
(203, 243)
(203, 246)
(203, 250)
(203, 381)
(204, 259)
(204, 389)
(204, 261)
(204, 317)
(204, 330)
(204, 333)
(204, 223)
(204, 233)
(204, 369)
(204, 250)
(204, 298)
(204, 381)
(205, 258)
(205, 277)
(205, 283)
(205, 328)
(205, 331)
(205, 226)
(205, 337)
(205, 210)
(205, 212)
(205, 214)
(205, 347)
(205, 354)
(205, 240)
(205, 370)
(205, 244)
(205, 253)
(206, 384)
(206, 256)
(206, 391)
(206, 394)
(206, 267)
(206, 265)
(206, 286)
(206, 292)
(206, 301)
(206, 311)
(206, 322)
(206, 329)
(206, 335)
(206, 338)
(206, 222)
(206, 355)
(206, 366)
(206, 243)
(206, 376)
(207, 260)
(207, 392)
(207, 396)
(207, 290)
(207, 332)
(207, 340)
(207, 341)
(207, 215)
(207, 217)
(207, 220)
(207, 357)
(207, 362)
(207, 235)
(207, 239)
(207, 378)
(207, 382)
(208, 269)
(208, 287)
(208, 294)
(208, 296)
(208, 318)
(208, 323)
(208, 325)
(208, 326)
(208, 336)
(208, 211)
(208, 229)
(208, 361)
(208, 236)
(208, 238)
(208, 372)
(208, 246)
(208, 377)
(208, 254)
(209, 385)
(209, 387)
(209, 388)
(209, 262)
(209, 264)
(209, 393)
(209, 282)
(209, 302)
(209, 303)
(209, 309)
(209, 312)
(209, 319)
(209, 321)
(209, 334)
(209, 211)
(209, 224)
(209, 358)
(209, 361)
(209, 234)
(209, 365)
(209, 367)
(209, 242)
(209, 245)
(209, 247)
(209, 379)
(209, 382)
(209, 255)
(210, 263)
(210, 266)
(210, 277)
(210, 283)
(210, 299)
(210, 304)
(210, 310)
(210, 328)
(210, 226)
(210, 337)
(210, 339)
(210, 212)
(210, 214)
(210, 345)
(210, 218)
(210, 354)
(210, 230)
(210, 240)
(210, 370)
(210, 244)
(210, 373)
(211, 387)
(211, 262)
(211, 393)
(211, 287)
(211, 303)
(211, 334)
(211, 348)
(211, 361)
(211, 234)
(211, 236)
(211, 365)
(211, 242)
(211, 372)
(211, 245)
(211, 255)
(212, 263)
(212, 266)
(212, 283)
(212, 299)
(212, 304)
(212, 328)
(212, 226)
(212, 337)
(212, 339)
(212, 214)
(212, 345)
(212, 218)
(212, 347)
(212, 354)
(212, 240)
(212, 370)
(212, 244)
(212, 373)
(212, 277)
(213, 257)
(213, 268)
(213, 397)
(213, 270)
(213, 269)
(213, 296)
(213, 306)
(213, 315)
(213, 318)
(213, 326)
(213, 342)
(213, 346)
(213, 348)
(213, 352)
(213, 237)
(213, 372)
(214, 263)
(214, 266)
(214, 283)
(214, 299)
(214, 304)
(214, 328)
(214, 226)
(214, 337)
(214, 339)
(214, 345)
(214, 218)
(214, 347)
(214, 354)
(214, 240)
(214, 370)
(214, 244)
(214, 373)
(214, 277)
(215, 260)
(215, 392)
(215, 290)
(215, 332)
(215, 340)
(215, 341)
(215, 220)
(215, 350)
(215, 357)
(215, 362)
(215, 235)
(215, 239)
(215, 241)
(215, 378)
(215, 380)
(215, 382)
(216, 257)
(216, 397)
(216, 280)
(216, 293)
(216, 295)
(216, 300)
(216, 308)
(216, 320)
(216, 342)
(216, 352)
(216, 225)
(216, 368)
(216, 371)
(216, 248)
(217, 392)
(217, 396)
(217, 290)
(217, 316)
(217, 332)
(217, 357)
(217, 235)
(217, 378)
(218, 384)
(218, 388)
(218, 263)
(218, 266)
(218, 281)
(218, 282)
(218, 297)
(218, 299)
(218, 304)
(218, 309)
(218, 310)
(218, 319)
(218, 327)
(218, 339)
(218, 343)
(218, 345)
(218, 226)
(218, 230)
(218, 240)
(218, 373)
(218, 375)
(219, 386)
(219, 390)
(219, 399)
(219, 274)
(219, 275)
(219, 330)
(219, 333)
(219, 344)
(219, 221)
(219, 223)
(219, 359)
(219, 360)
(219, 363)
(219, 364)
(219, 232)
(219, 252)
(220, 260)
(220, 392)
(220, 395)
(220, 278)
(220, 239)
(220, 290)
(220, 324)
(220, 340)
(220, 341)
(220, 350)
(220, 357)
(220, 362)
(220, 235)
(220, 367)
(220, 241)
(220, 378)
(220, 380)
(220, 382)
(221, 386)
(221, 390)
(221, 267)
(221, 398)
(221, 399)
(221, 273)
(221, 274)
(221, 275)
(221, 289)
(221, 307)
(221, 311)
(221, 330)
(221, 333)
(221, 344)
(221, 223)
(221, 353)
(221, 359)
(221, 360)
(221, 363)
(221, 364)
(221, 252)
(222, 256)
(222, 386)
(222, 265)
(222, 394)
(222, 267)
(222, 258)
(222, 398)
(222, 399)
(222, 285)
(222, 286)
(222, 288)
(222, 289)
(222, 305)
(222, 311)
(222, 329)
(222, 331)
(222, 338)
(222, 355)
(222, 370)
(222, 376)
(222, 252)
(223, 386)
(223, 259)
(223, 389)
(223, 390)
(223, 273)
(223, 274)
(223, 275)
(223, 261)
(223, 307)
(223, 311)
(223, 330)
(223, 333)
(223, 344)
(223, 353)
(223, 359)
(223, 363)
(223, 364)
(223, 369)
(223, 250)
(223, 252)
(223, 381)
(224, 385)
(224, 387)
(224, 388)
(224, 262)
(224, 264)
(224, 393)
(224, 282)
(224, 302)
(224, 309)
(224, 312)
(224, 319)
(224, 321)
(224, 247)
(224, 334)
(224, 343)
(224, 227)
(224, 358)
(224, 234)
(224, 365)
(224, 367)
(224, 242)
(224, 245)
(224, 375)
(224, 249)
(224, 379)
(224, 255)
(225, 257)
(225, 397)
(225, 280)
(225, 293)
(225, 295)
(225, 300)
(225, 306)
(225, 308)
(225, 320)
(225, 342)
(225, 352)
(225, 368)
(225, 371)
(225, 248)
(226, 263)
(226, 266)
(226, 283)
(226, 299)
(226, 304)
(226, 328)
(226, 337)
(226, 339)
(226, 345)
(226, 347)
(226, 354)
(226, 240)
(226, 370)
(226, 244)
(226, 373)
(226, 277)
(227, 385)
(227, 264)
(227, 272)
(227, 281)
(227, 282)
(227, 291)
(227, 297)
(227, 302)
(227, 309)
(227, 312)
(227, 316)
(227, 327)
(227, 375)
(227, 358)
(227, 234)
(227, 247)
(227, 249)
(227, 379)
(227, 383)
(228, 279)
(228, 284)
(228, 349)
(228, 313)
(228, 317)
(228, 323)
(228, 377)
(228, 314)
(228, 356)
(228, 231)
(228, 238)
(228, 276)
(228, 251)
(229, 391)
(229, 271)
(229, 279)
(229, 284)
(229, 287)
(229, 292)
(229, 294)
(229, 313)
(229, 325)
(229, 335)
(229, 336)
(229, 349)
(229, 351)
(229, 356)
(229, 374)
(229, 361)
(229, 236)
(229, 238)
(229, 243)
(229, 246)
(230, 384)
(230, 256)
(230, 388)
(230, 266)
(230, 282)
(230, 301)
(230, 304)
(230, 309)
(230, 319)
(230, 321)
(230, 335)
(230, 339)
(230, 343)
(230, 345)
(230, 366)
(230, 255)
(231, 279)
(231, 284)
(231, 294)
(231, 313)
(231, 314)
(231, 317)
(231, 323)
(231, 377)
(231, 349)
(231, 356)
(231, 238)
(231, 276)
(231, 251)
(231, 254)
(232, 390)
(232, 298)
(232, 364)
(232, 333)
(232, 274)
(232, 344)
(233, 259)
(233, 389)
(233, 284)
(233, 261)
(233, 298)
(233, 313)
(233, 314)
(233, 317)
(233, 356)
(233, 369)
(233, 250)
(233, 381)
(234, 385)
(234, 387)
(234, 388)
(234, 262)
(234, 264)
(234, 393)
(234, 282)
(234, 302)
(234, 303)
(234, 309)
(234, 312)
(234, 319)
(234, 321)
(234, 334)
(234, 343)
(234, 358)
(234, 365)
(234, 242)
(234, 245)
(234, 247)
(234, 249)
(234, 379)
(234, 255)
(235, 260)
(235, 392)
(235, 396)
(235, 290)
(235, 332)
(235, 340)
(235, 341)
(235, 350)
(235, 357)
(235, 362)
(235, 239)
(235, 241)
(235, 247)
(235, 378)
(235, 380)
(235, 382)
(236, 294)
(236, 296)
(236, 287)
(236, 318)
(236, 323)
(236, 325)
(236, 336)
(236, 349)
(236, 361)
(236, 238)
(236, 243)
(236, 246)
(236, 377)
(236, 254)
(237, 352)
(237, 326)
(237, 395)
(237, 268)
(237, 269)
(237, 270)
(237, 342)
(237, 346)
(237, 315)
(238, 271)
(238, 276)
(238, 279)
(238, 284)
(238, 294)
(238, 313)
(238, 323)
(238, 325)
(238, 336)
(238, 349)
(238, 351)
(238, 356)
(238, 374)
(238, 243)
(238, 246)
(238, 377)
(238, 254)
(239, 260)
(239, 392)
(239, 290)
(239, 332)
(239, 340)
(239, 341)
(239, 350)
(239, 357)
(239, 362)
(239, 241)
(239, 378)
(239, 380)
(239, 382)
(240, 263)
(240, 266)
(240, 283)
(240, 299)
(240, 304)
(240, 328)
(240, 337)
(240, 339)
(240, 345)
(240, 347)
(240, 354)
(240, 244)
(240, 373)
(240, 277)
(241, 260)
(241, 392)
(241, 395)
(241, 278)
(241, 290)
(241, 315)
(241, 324)
(241, 340)
(241, 341)
(241, 350)
(241, 357)
(241, 362)
(241, 367)
(241, 380)
(241, 382)
(242, 385)
(242, 388)
(242, 262)
(242, 393)
(242, 387)
(242, 287)
(242, 301)
(242, 303)
(242, 319)
(242, 321)
(242, 334)
(242, 335)
(242, 343)
(242, 361)
(242, 365)
(242, 243)
(242, 245)
(242, 246)
(242, 255)
(243, 391)
(243, 271)
(243, 279)
(243, 292)
(243, 294)
(243, 322)
(243, 325)
(243, 335)
(243, 336)
(243, 349)
(243, 351)
(243, 374)
(243, 246)
(243, 376)
(244, 263)
(244, 283)
(244, 299)
(244, 328)
(244, 337)
(244, 339)
(244, 345)
(244, 347)
(244, 354)
(244, 373)
(244, 277)
(245, 385)
(245, 387)
(245, 388)
(245, 262)
(245, 264)
(245, 393)
(245, 282)
(245, 302)
(245, 303)
(245, 309)
(245, 312)
(245, 319)
(245, 321)
(245, 334)
(245, 343)
(245, 358)
(245, 361)
(245, 365)
(245, 367)
(245, 247)
(245, 379)
(245, 255)
(246, 391)
(246, 271)
(246, 279)
(246, 287)
(246, 292)
(246, 294)
(246, 322)
(246, 325)
(246, 334)
(246, 335)
(246, 336)
(246, 349)
(246, 351)
(246, 361)
(246, 374)
(246, 376)
(246, 255)
(247, 385)
(247, 262)
(247, 392)
(247, 393)
(247, 302)
(247, 282)
(247, 264)
(247, 309)
(247, 312)
(247, 316)
(247, 350)
(247, 358)
(247, 367)
(247, 249)
(247, 378)
(247, 379)
(247, 382)
(248, 257)
(248, 397)
(248, 280)
(248, 293)
(248, 295)
(248, 300)
(248, 306)
(248, 308)
(248, 318)
(248, 320)
(248, 323)
(248, 342)
(248, 368)
(248, 371)
(248, 377)
(248, 254)
(249, 385)
(249, 388)
(249, 264)
(249, 266)
(249, 272)
(249, 281)
(249, 282)
(249, 291)
(249, 297)
(249, 302)
(249, 309)
(249, 310)
(249, 312)
(249, 316)
(249, 327)
(249, 358)
(249, 375)
(249, 379)
(249, 383)
(250, 259)
(250, 261)
(250, 271)
(250, 273)
(250, 279)
(250, 284)
(250, 389)
(250, 307)
(250, 313)
(250, 317)
(250, 330)
(250, 349)
(250, 351)
(250, 353)
(250, 356)
(250, 363)
(250, 369)
(250, 374)
(250, 381)
(251, 276)
(251, 284)
(251, 317)
(251, 313)
(251, 314)
(252, 386)
(252, 390)
(252, 394)
(252, 267)
(252, 398)
(252, 399)
(252, 274)
(252, 275)
(252, 286)
(252, 289)
(252, 330)
(252, 311)
(252, 344)
(252, 353)
(252, 359)
(252, 360)
(252, 363)
(252, 364)
(253, 288)
(253, 354)
(253, 283)
(253, 305)
(253, 328)
(253, 331)
(253, 258)
(253, 337)
(253, 370)
(253, 277)
(253, 347)
(254, 257)
(254, 397)
(254, 276)
(254, 280)
(254, 294)
(254, 296)
(254, 306)
(254, 308)
(254, 318)
(254, 323)
(254, 326)
(254, 342)
(254, 368)
(254, 371)
(254, 377)
(255, 384)
(255, 385)
(255, 387)
(255, 388)
(255, 262)
(255, 393)
(255, 287)
(255, 301)
(255, 312)
(255, 319)
(255, 321)
(255, 334)
(255, 335)
(255, 343)
(255, 361)
(255, 365)
(256, 384)
(256, 265)
(256, 394)
(256, 267)
(256, 286)
(256, 288)
(256, 301)
(256, 304)
(256, 305)
(256, 322)
(256, 329)
(256, 335)
(256, 338)
(256, 355)
(256, 366)
(256, 370)
(256, 376)
(257, 397)
(257, 270)
(257, 280)
(257, 293)
(257, 295)
(257, 296)
(257, 300)
(257, 306)
(257, 308)
(257, 318)
(257, 320)
(257, 326)
(257, 342)
(257, 352)
(257, 368)
(257, 371)
(258, 265)
(258, 394)
(258, 277)
(258, 283)
(258, 285)
(258, 288)
(258, 305)
(258, 328)
(258, 329)
(258, 331)
(258, 338)
(258, 347)
(258, 355)
(258, 370)
(259, 261)
(259, 271)
(259, 273)
(259, 279)
(259, 284)
(259, 389)
(259, 307)
(259, 313)
(259, 317)
(259, 330)
(259, 349)
(259, 351)
(259, 353)
(259, 356)
(259, 363)
(259, 369)
(259, 374)
(259, 381)
(260, 392)
(260, 395)
(260, 278)
(260, 290)
(260, 324)
(260, 332)
(260, 340)
(260, 341)
(260, 350)
(260, 357)
(260, 362)
(260, 367)
(260, 378)
(260, 380)
(260, 382)
(261, 389)
(261, 298)
(261, 317)
(261, 333)
(261, 369)
(261, 381)
(262, 385)
(262, 387)
(262, 388)
(262, 393)
(262, 282)
(262, 303)
(262, 287)
(262, 309)
(262, 312)
(262, 319)
(262, 321)
(262, 334)
(262, 343)
(262, 361)
(262, 365)
(262, 367)
(263, 266)
(263, 283)
(263, 299)
(263, 304)
(263, 310)
(263, 328)
(263, 337)
(263, 339)
(263, 345)
(263, 354)
(263, 373)
(264, 385)
(264, 387)
(264, 388)
(264, 272)
(264, 281)
(264, 282)
(264, 291)
(264, 297)
(264, 302)
(264, 309)
(264, 312)
(264, 316)
(264, 319)
(264, 321)
(264, 327)
(264, 358)
(264, 375)
(264, 379)
(264, 383)
(265, 384)
(265, 391)
(265, 394)
(265, 267)
(265, 285)
(265, 286)
(265, 288)
(265, 292)
(265, 301)
(265, 305)
(265, 311)
(265, 322)
(265, 329)
(265, 331)
(265, 338)
(265, 355)
(265, 366)
(265, 370)
(265, 376)
(266, 272)
(266, 281)
(266, 282)
(266, 291)
(266, 297)
(266, 299)
(266, 304)
(266, 309)
(266, 310)
(266, 327)
(266, 345)
(266, 339)
(266, 373)
(266, 375)
(267, 386)
(267, 394)
(267, 398)
(267, 399)
(267, 285)
(267, 286)
(267, 288)
(267, 289)
(267, 305)
(267, 331)
(267, 329)
(267, 311)
(267, 338)
(267, 355)
(267, 359)
(267, 360)
(267, 363)
(267, 376)
(268, 352)
(268, 326)
(268, 269)
(268, 270)
(268, 306)
(268, 342)
(268, 346)
(268, 315)
(269, 270)
(269, 296)
(269, 306)
(269, 315)
(269, 318)
(269, 326)
(269, 342)
(269, 346)
(269, 348)
(269, 352)
(269, 372)
(270, 397)
(270, 296)
(270, 306)
(270, 315)
(270, 318)
(270, 326)
(270, 342)
(270, 346)
(270, 348)
(270, 352)
(270, 372)
(271, 391)
(271, 273)
(271, 276)
(271, 279)
(271, 284)
(271, 292)
(271, 294)
(271, 307)
(271, 313)
(271, 325)
(271, 336)
(271, 349)
(271, 351)
(271, 353)
(271, 356)
(271, 363)
(271, 369)
(271, 374)
(271, 376)
(271, 381)
(272, 281)
(272, 282)
(272, 291)
(272, 297)
(272, 302)
(272, 309)
(272, 310)
(272, 312)
(272, 316)
(272, 327)
(272, 379)
(272, 358)
(272, 375)
(272, 383)
(273, 391)
(273, 275)
(273, 279)
(273, 284)
(273, 292)
(273, 307)
(273, 311)
(273, 313)
(273, 322)
(273, 330)
(273, 336)
(273, 349)
(273, 351)
(273, 353)
(273, 356)
(273, 359)
(273, 363)
(273, 369)
(273, 374)
(273, 376)
(273, 381)
(274, 386)
(274, 390)
(274, 398)
(274, 399)
(274, 275)
(274, 330)
(274, 333)
(274, 344)
(274, 353)
(274, 359)
(274, 360)
(274, 363)
(274, 364)
(275, 386)
(275, 390)
(275, 398)
(275, 399)
(275, 307)
(275, 311)
(275, 330)
(275, 333)
(275, 344)
(275, 353)
(275, 359)
(275, 360)
(275, 363)
(275, 364)
(276, 279)
(276, 284)
(276, 294)
(276, 349)
(276, 313)
(276, 317)
(276, 323)
(276, 314)
(276, 356)
(276, 377)
(277, 283)
(277, 328)
(277, 337)
(277, 347)
(277, 354)
(277, 370)
(278, 395)
(278, 303)
(278, 315)
(278, 324)
(278, 340)
(278, 341)
(278, 346)
(278, 348)
(278, 350)
(278, 362)
(278, 367)
(278, 372)
(278, 380)
(278, 382)
(279, 391)
(279, 284)
(279, 294)
(279, 307)
(279, 313)
(279, 314)
(279, 325)
(279, 336)
(279, 349)
(279, 351)
(279, 353)
(279, 356)
(279, 369)
(279, 374)
(279, 381)
(280, 397)
(280, 293)
(280, 295)
(280, 296)
(280, 300)
(280, 306)
(280, 308)
(280, 318)
(280, 320)
(280, 323)
(280, 326)
(280, 342)
(280, 352)
(280, 368)
(280, 371)
(280, 377)
(281, 388)
(281, 282)
(281, 291)
(281, 297)
(281, 299)
(281, 309)
(281, 310)
(281, 312)
(281, 327)
(281, 339)
(281, 345)
(281, 358)
(281, 375)
(281, 379)
(281, 383)
(282, 385)
(282, 388)
(282, 387)
(282, 291)
(282, 297)
(282, 302)
(282, 309)
(282, 310)
(282, 312)
(282, 319)
(282, 321)
(282, 327)
(282, 343)
(282, 358)
(282, 375)
(282, 379)
(282, 383)
(283, 328)
(283, 337)
(283, 347)
(283, 354)
(283, 370)
(284, 294)
(284, 307)
(284, 313)
(284, 314)
(284, 317)
(284, 325)
(284, 336)
(284, 349)
(284, 351)
(284, 356)
(284, 369)
(284, 374)
(284, 381)
(285, 394)
(285, 398)
(285, 399)
(285, 286)
(285, 288)
(285, 289)
(285, 305)
(285, 329)
(285, 331)
(285, 338)
(285, 355)
(285, 370)
(286, 386)
(286, 391)
(286, 394)
(286, 398)
(286, 399)
(286, 288)
(286, 289)
(286, 292)
(286, 305)
(286, 311)
(286, 322)
(286, 329)
(286, 331)
(286, 338)
(286, 355)
(286, 363)
(286, 366)
(286, 370)
(286, 376)
(287, 387)
(287, 393)
(287, 365)
(287, 294)
(287, 303)
(287, 325)
(287, 334)
(287, 348)
(287, 361)
(287, 372)
(288, 394)
(288, 398)
(288, 399)
(288, 289)
(288, 305)
(288, 329)
(288, 331)
(288, 338)
(288, 355)
(288, 370)
(289, 386)
(289, 394)
(289, 398)
(289, 399)
(289, 305)
(289, 331)
(289, 355)
(289, 359)
(289, 360)
(290, 392)
(290, 396)
(290, 332)
(290, 340)
(290, 341)
(290, 350)
(290, 357)
(290, 362)
(290, 378)
(290, 382)
(291, 297)
(291, 302)
(291, 309)
(291, 310)
(291, 312)
(291, 316)
(291, 327)
(291, 345)
(291, 379)
(291, 358)
(291, 375)
(291, 383)
(292, 391)
(292, 301)
(292, 307)
(292, 311)
(292, 322)
(292, 335)
(292, 336)
(292, 351)
(292, 353)
(292, 363)
(292, 366)
(292, 374)
(292, 376)
(293, 397)
(293, 295)
(293, 300)
(293, 308)
(293, 320)
(293, 342)
(293, 368)
(293, 371)
(294, 296)
(294, 313)
(294, 323)
(294, 325)
(294, 336)
(294, 349)
(294, 351)
(294, 361)
(294, 374)
(294, 377)
(295, 397)
(295, 300)
(295, 306)
(295, 308)
(295, 318)
(295, 320)
(295, 326)
(295, 342)
(295, 352)
(295, 368)
(295, 371)
(296, 397)
(296, 306)
(296, 308)
(296, 318)
(296, 323)
(296, 326)
(296, 342)
(296, 372)
(296, 377)
(297, 299)
(297, 310)
(297, 309)
(297, 327)
(297, 339)
(297, 345)
(297, 358)
(297, 375)
(297, 383)
(298, 389)
(298, 333)
(298, 369)
(299, 304)
(299, 310)
(299, 327)
(299, 339)
(299, 345)
(299, 373)
(299, 375)
(300, 397)
(300, 308)
(300, 320)
(300, 342)
(300, 368)
(300, 371)
(301, 384)
(301, 387)
(301, 388)
(301, 304)
(301, 319)
(301, 321)
(301, 322)
(301, 335)
(301, 343)
(301, 365)
(301, 366)
(302, 385)
(302, 309)
(302, 316)
(302, 312)
(302, 358)
(302, 375)
(302, 378)
(302, 379)
(302, 382)
(302, 383)
(303, 387)
(303, 393)
(303, 365)
(303, 334)
(303, 348)
(303, 361)
(303, 367)
(303, 372)
(304, 384)
(304, 388)
(304, 310)
(304, 319)
(304, 321)
(304, 339)
(304, 343)
(304, 345)
(304, 373)
(305, 394)
(305, 398)
(305, 329)
(305, 331)
(305, 338)
(305, 355)
(305, 370)
(306, 397)
(306, 308)
(306, 318)
(306, 320)
(306, 323)
(306, 326)
(306, 342)
(306, 346)
(306, 352)
(306, 368)
(306, 371)
(306, 377)
(307, 391)
(307, 311)
(307, 313)
(307, 330)
(307, 336)
(307, 349)
(307, 351)
(307, 353)
(307, 356)
(307, 359)
(307, 363)
(307, 369)
(307, 374)
(307, 376)
(307, 381)
(308, 397)
(308, 318)
(308, 320)
(308, 323)
(308, 326)
(308, 342)
(308, 368)
(308, 371)
(308, 377)
(309, 385)
(309, 387)
(309, 388)
(309, 310)
(309, 312)
(309, 319)
(309, 321)
(309, 327)
(309, 343)
(309, 358)
(309, 375)
(309, 379)
(309, 383)
(310, 327)
(310, 339)
(310, 345)
(310, 373)
(310, 375)
(310, 383)
(311, 386)
(311, 391)
(311, 394)
(311, 398)
(311, 399)
(311, 322)
(311, 330)
(311, 351)
(311, 353)
(311, 355)
(311, 359)
(311, 360)
(311, 363)
(311, 376)
(312, 385)
(312, 387)
(312, 388)
(312, 393)
(312, 319)
(312, 321)
(312, 343)
(312, 358)
(312, 365)
(312, 375)
(312, 379)
(313, 349)
(313, 317)
(313, 325)
(313, 336)
(313, 314)
(313, 351)
(313, 356)
(313, 369)
(313, 374)
(313, 381)
(314, 317)
(314, 349)
(314, 356)
(314, 369)
(314, 381)
(315, 395)
(315, 324)
(315, 346)
(315, 348)
(315, 372)
(315, 380)
(316, 396)
(316, 332)
(316, 358)
(316, 378)
(316, 379)
(316, 382)
(316, 383)
(317, 389)
(317, 356)
(317, 369)
(317, 381)
(318, 397)
(318, 320)
(318, 323)
(318, 326)
(318, 342)
(318, 352)
(318, 368)
(318, 371)
(318, 377)
(319, 384)
(319, 385)
(319, 387)
(319, 388)
(319, 321)
(319, 334)
(319, 335)
(319, 343)
(319, 358)
(319, 365)
(320, 397)
(320, 326)
(320, 342)
(320, 352)
(320, 368)
(320, 371)
(321, 384)
(321, 385)
(321, 387)
(321, 388)
(321, 393)
(321, 334)
(321, 335)
(321, 343)
(321, 358)
(321, 365)
(321, 375)
(322, 384)
(322, 391)
(322, 394)
(322, 335)
(322, 336)
(322, 338)
(322, 351)
(322, 355)
(322, 363)
(322, 366)
(322, 376)
(323, 397)
(323, 326)
(323, 371)
(323, 377)
(324, 395)
(324, 340)
(324, 341)
(324, 346)
(324, 348)
(324, 350)
(324, 362)
(324, 367)
(324, 380)
(325, 391)
(325, 336)
(325, 349)
(325, 351)
(325, 356)
(325, 361)
(325, 374)
(326, 397)
(326, 342)
(326, 346)
(326, 352)
(326, 372)
(326, 377)
(327, 339)
(327, 345)
(327, 358)
(327, 373)
(327, 375)
(327, 383)
(328, 329)
(328, 337)
(328, 347)
(328, 354)
(328, 370)
(329, 394)
(329, 331)
(329, 338)
(329, 355)
(329, 366)
(329, 370)
(330, 386)
(330, 390)
(330, 399)
(330, 333)
(330, 344)
(330, 353)
(330, 359)
(330, 360)
(330, 363)
(330, 364)
(330, 369)
(330, 381)
(331, 394)
(331, 398)
(331, 338)
(331, 355)
(331, 370)
(332, 392)
(332, 396)
(332, 341)
(332, 357)
(332, 378)
(332, 382)
(333, 386)
(333, 390)
(333, 344)
(333, 359)
(333, 364)
(333, 360)
(334, 385)
(334, 387)
(334, 388)
(334, 393)
(334, 335)
(334, 343)
(334, 361)
(334, 365)
(335, 384)
(335, 387)
(335, 388)
(335, 391)
(335, 336)
(335, 343)
(335, 365)
(335, 366)
(335, 376)
(336, 391)
(336, 349)
(336, 351)
(336, 356)
(336, 374)
(337, 347)
(337, 354)
(338, 384)
(338, 394)
(338, 355)
(338, 366)
(338, 370)
(338, 376)
(339, 345)
(339, 373)
(339, 375)
(340, 392)
(340, 395)
(340, 341)
(340, 350)
(340, 357)
(340, 362)
(340, 378)
(340, 380)
(340, 382)
(341, 392)
(341, 395)
(341, 350)
(341, 357)
(341, 362)
(341, 367)
(341, 378)
(341, 380)
(341, 382)
(342, 397)
(342, 346)
(342, 352)
(342, 368)
(342, 371)
(343, 384)
(343, 385)
(343, 387)
(343, 388)
(343, 365)
(343, 366)
(344, 386)
(344, 390)
(344, 359)
(344, 360)
(344, 364)
(345, 373)
(345, 375)
(346, 395)
(346, 348)
(346, 352)
(346, 372)
(347, 354)
(347, 370)
(348, 393)
(348, 395)
(348, 361)
(348, 367)
(348, 372)
(348, 380)
(349, 351)
(349, 356)
(349, 369)
(349, 374)
(349, 381)
(350, 392)
(350, 395)
(350, 357)
(350, 362)
(350, 367)
(350, 378)
(350, 380)
(350, 382)
(351, 391)
(351, 353)
(351, 356)
(351, 363)
(351, 369)
(351, 374)
(351, 376)
(351, 381)
(352, 397)
(353, 386)
(353, 390)
(353, 391)
(353, 399)
(353, 356)
(353, 359)
(353, 363)
(353, 364)
(353, 369)
(353, 374)
(353, 376)
(353, 381)
(354, 370)
(355, 394)
(355, 398)
(355, 399)
(355, 366)
(355, 370)
(355, 376)
(356, 369)
(356, 374)
(356, 381)
(357, 392)
(357, 396)
(357, 362)
(357, 378)
(357, 380)
(357, 382)
(358, 385)
(358, 388)
(358, 379)
(358, 375)
(358, 383)
(359, 386)
(359, 390)
(359, 398)
(359, 399)
(359, 376)
(359, 360)
(359, 363)
(359, 364)
(360, 386)
(360, 390)
(360, 398)
(360, 399)
(360, 363)
(360, 364)
(361, 393)
(361, 387)
(361, 365)
(361, 372)
(362, 392)
(362, 395)
(362, 367)
(362, 378)
(362, 380)
(362, 382)
(363, 386)
(363, 390)
(363, 391)
(363, 398)
(363, 399)
(363, 376)
(363, 364)
(363, 374)
(364, 386)
(364, 390)
(364, 399)
(365, 385)
(365, 388)
(365, 393)
(365, 387)
(366, 384)
(366, 391)
(366, 376)
(367, 385)
(367, 392)
(367, 393)
(367, 395)
(367, 372)
(367, 380)
(367, 382)
(368, 397)
(368, 371)
(368, 377)
(369, 389)
(369, 374)
(369, 381)
(370, 394)
(371, 397)
(371, 377)
(372, 393)
(374, 391)
(374, 376)
(374, 381)
(375, 385)
(375, 388)
(375, 379)
(375, 383)
(376, 391)
(376, 394)
(377, 397)
(378, 392)
(378, 396)
(378, 382)
(379, 385)
(379, 382)
(379, 383)
(380, 392)
(380, 395)
(380, 382)
(381, 389)
(382, 392)
(384, 388)
(385, 388)
(385, 393)
(385, 387)
(386, 390)
(386, 394)
(386, 398)
(386, 399)
(387, 388)
(387, 393)
(390, 399)
(392, 396)
(394, 398)
(394, 399)
(398, 399)
