#Nodes
0
1
2
3
4
5
6
7
8
9
10
11
12
13
14
15
16
17
18
19
20
21
22
23
24
25
26
27
28
29
30
31
32
33
34
35
36
37
38
39
40
41
42
43
44
45
46
47
48
49
50
51
52
53
54
55
56
57
58
59
60
61
62
63
64
65
66
67
68
69
70
71
72
73
74
75
76
77
78
79
80
81
82
83
84
85
86
87
88
89
90
91
92
93
94
95
96
97
98
99
100
101
102
103
104
105
106
107
108
109
110
111
112
113
114
115
116
117
118
119
120
121
122
123
124
125
126
127
128
129
130
131
132
133
134
135
136
137
138
139
140
141
142
143
144
145
146
147
148
149
150
151
152
153
154
155
156
157
158
159
160
161
162
163
164
165
166
167
168
169
170
171
172
173
174
175
176
177
178
179
180
181
182
183
184
185
186
187
188
189
190
191
192
193
194
195
196
197
198
199
200
201
202
203
204
205
206
207
208
209
210
211
212
213
214
215
216
217
218
219
220
221
222
223
224
225
226
227
228
229
230
231
232
233
234
235
236
237
238
239
240
241
242
243
244
245
246
247
248
249
250
251
252
253
254
255
256
257
258
259
260
261
262
263
264
265
266
267
268
269
270
271
272
273
274
275
276
277
278
279
280
281
282
283
284
285
286
287
288
289
290
291
292
293
294
295
296
297
298
299
300
301
302
303
304
305
306
307
308
309
310
311
312
313
314
315
316
317
318
319
320
321
322
323
324
325
326
327
328
329
330
331
332
333
334
335
336
337
338
339
340
341
342
343
344
345
346
347
348
349
350
351
352
353
354
355
356
357
358
359
360
361
362
363
364
365
366
367
368
369
370
371
372
373
374
375
376
377
378
379
380
381
382
383
384
385
386
387
388
389
390
391
392
393
394
395
396
397
398
399
#Edges
(0, 258)
(0, 132)
(0, 390)
(0, 135)
(0, 392)
(0, 393)
(0, 138)
(0, 267)
(0, 141)
(0, 272)
(0, 275)
(0, 4)
(0, 282)
(0, 284)
(0, 154)
(0, 286)
(0, 161)
(0, 34)
(0, 163)
(0, 134)
(0, 166)
(0, 28)
(0, 170)
(0, 7)
(0, 301)
(0, 47)
(0, 49)
(0, 158)
(0, 62)
(0, 65)
(0, 193)
(0, 66)
(0, 326)
(0, 13)
(0, 80)
(0, 81)
(0, 341)
(0, 356)
(0, 357)
(0, 360)
(0, 233)
(0, 236)
(0, 365)
(0, 232)
(0, 114)
(0, 243)
(0, 116)
(0, 374)
(0, 248)
(1, 257)
(1, 2)
(1, 259)
(1, 214)
(1, 51)
(1, 266)
(1, 151)
(1, 396)
(1, 397)
(1, 77)
(1, 144)
(1, 131)
(1, 277)
(1, 22)
(1, 279)
(1, 29)
(1, 240)
(1, 290)
(1, 293)
(1, 48)
(1, 296)
(1, 169)
(1, 298)
(1, 44)
(1, 303)
(1, 176)
(1, 178)
(1, 307)
(1, 53)
(1, 201)
(1, 187)
(1, 60)
(1, 191)
(1, 64)
(1, 194)
(1, 11)
(1, 69)
(1, 70)
(1, 210)
(1, 203)
(1, 204)
(1, 333)
(1, 335)
(1, 338)
(1, 339)
(1, 342)
(1, 215)
(1, 88)
(1, 96)
(1, 225)
(1, 230)
(1, 106)
(1, 235)
(1, 237)
(1, 368)
(1, 241)
(1, 115)
(1, 245)
(1, 125)
(1, 382)
(1, 21)
(2, 257)
(2, 51)
(2, 44)
(2, 397)
(2, 144)
(2, 19)
(2, 20)
(2, 22)
(2, 151)
(2, 24)
(2, 155)
(2, 368)
(2, 290)
(2, 164)
(2, 293)
(2, 48)
(2, 296)
(2, 300)
(2, 303)
(2, 176)
(2, 307)
(2, 55)
(2, 56)
(2, 314)
(2, 60)
(2, 318)
(2, 194)
(2, 69)
(2, 70)
(2, 328)
(2, 201)
(2, 202)
(2, 203)
(2, 204)
(2, 162)
(2, 208)
(2, 338)
(2, 339)
(2, 342)
(2, 90)
(2, 347)
(2, 93)
(2, 224)
(2, 16)
(2, 230)
(2, 361)
(2, 106)
(2, 107)
(2, 240)
(2, 251)
(3, 260)
(3, 8)
(3, 11)
(3, 270)
(3, 17)
(3, 20)
(3, 280)
(3, 47)
(3, 285)
(3, 159)
(3, 32)
(3, 161)
(3, 165)
(3, 39)
(3, 168)
(3, 297)
(3, 302)
(3, 175)
(3, 304)
(3, 50)
(3, 310)
(3, 185)
(3, 58)
(3, 70)
(3, 189)
(3, 191)
(3, 198)
(3, 329)
(3, 334)
(3, 120)
(3, 86)
(3, 343)
(3, 345)
(3, 99)
(3, 359)
(3, 233)
(3, 107)
(3, 366)
(3, 111)
(3, 157)
(3, 113)
(3, 383)
(3, 376)
(3, 121)
(3, 122)
(3, 319)
(3, 254)
(3, 255)
(4, 258)
(4, 390)
(4, 135)
(4, 392)
(4, 10)
(4, 141)
(4, 17)
(4, 275)
(4, 154)
(4, 284)
(4, 282)
(4, 286)
(4, 161)
(4, 291)
(4, 165)
(4, 166)
(4, 28)
(4, 7)
(4, 301)
(4, 47)
(4, 49)
(4, 54)
(4, 189)
(4, 134)
(4, 65)
(4, 66)
(4, 33)
(4, 13)
(4, 81)
(4, 163)
(4, 213)
(4, 356)
(4, 232)
(4, 233)
(4, 236)
(4, 365)
(4, 114)
(4, 116)
(4, 375)
(4, 121)
(5, 129)
(5, 259)
(5, 131)
(5, 150)
(5, 281)
(5, 283)
(5, 156)
(5, 30)
(5, 167)
(5, 41)
(5, 177)
(5, 181)
(5, 317)
(5, 190)
(5, 321)
(5, 322)
(5, 325)
(5, 336)
(5, 215)
(5, 216)
(5, 218)
(5, 350)
(5, 223)
(5, 100)
(5, 358)
(5, 231)
(5, 108)
(5, 238)
(5, 61)
(5, 369)
(5, 245)
(5, 378)
(5, 125)
(6, 136)
(6, 9)
(6, 394)
(6, 12)
(6, 142)
(6, 273)
(6, 147)
(6, 148)
(6, 23)
(6, 36)
(6, 295)
(6, 40)
(6, 171)
(6, 52)
(6, 312)
(6, 188)
(6, 323)
(6, 68)
(6, 197)
(6, 331)
(6, 340)
(6, 222)
(6, 352)
(6, 354)
(6, 227)
(6, 102)
(6, 316)
(6, 67)
(6, 110)
(6, 242)
(6, 249)
(7, 384)
(7, 258)
(7, 390)
(7, 135)
(7, 392)
(7, 393)
(7, 267)
(7, 141)
(7, 301)
(7, 275)
(7, 282)
(7, 284)
(7, 154)
(7, 286)
(7, 33)
(7, 163)
(7, 166)
(7, 28)
(7, 173)
(7, 46)
(7, 49)
(7, 158)
(7, 54)
(7, 116)
(7, 62)
(7, 65)
(7, 193)
(7, 66)
(7, 196)
(7, 13)
(7, 356)
(7, 357)
(7, 232)
(7, 365)
(7, 114)
(7, 243)
(7, 244)
(7, 374)
(7, 252)
(8, 257)
(8, 260)
(8, 11)
(8, 396)
(8, 270)
(8, 19)
(8, 20)
(8, 277)
(8, 22)
(8, 280)
(8, 39)
(8, 285)
(8, 32)
(8, 289)
(8, 293)
(8, 113)
(8, 296)
(8, 297)
(8, 302)
(8, 175)
(8, 304)
(8, 50)
(8, 310)
(8, 313)
(8, 186)
(8, 70)
(8, 319)
(8, 198)
(8, 329)
(8, 204)
(8, 77)
(8, 120)
(8, 86)
(8, 343)
(8, 345)
(8, 58)
(8, 165)
(8, 99)
(8, 359)
(8, 107)
(8, 191)
(8, 366)
(8, 157)
(8, 168)
(8, 115)
(8, 376)
(8, 122)
(8, 255)
(8, 254)
(8, 383)
(9, 136)
(9, 394)
(9, 395)
(9, 12)
(9, 269)
(9, 142)
(9, 15)
(9, 273)
(9, 147)
(9, 148)
(9, 23)
(9, 289)
(9, 36)
(9, 295)
(9, 40)
(9, 297)
(9, 171)
(9, 174)
(9, 52)
(9, 182)
(9, 312)
(9, 314)
(9, 316)
(9, 318)
(9, 323)
(9, 68)
(9, 197)
(9, 71)
(9, 331)
(9, 207)
(9, 184)
(9, 340)
(9, 92)
(9, 222)
(9, 352)
(9, 67)
(9, 227)
(9, 102)
(9, 188)
(9, 110)
(9, 242)
(9, 246)
(9, 249)
(9, 251)
(9, 124)
(10, 386)
(10, 260)
(10, 134)
(10, 263)
(10, 258)
(10, 399)
(10, 17)
(10, 280)
(10, 282)
(10, 47)
(10, 284)
(10, 154)
(10, 159)
(10, 161)
(10, 291)
(10, 165)
(10, 294)
(10, 28)
(10, 175)
(10, 304)
(10, 185)
(10, 189)
(10, 319)
(10, 66)
(10, 33)
(10, 334)
(10, 141)
(10, 209)
(10, 105)
(10, 346)
(10, 232)
(10, 233)
(10, 236)
(10, 365)
(10, 113)
(10, 114)
(10, 117)
(10, 375)
(10, 121)
(10, 122)
(10, 380)
(10, 253)
(10, 255)
(11, 257)
(11, 51)
(11, 396)
(11, 144)
(11, 20)
(11, 277)
(11, 22)
(11, 175)
(11, 285)
(11, 288)
(11, 27)
(11, 293)
(11, 296)
(11, 50)
(11, 302)
(11, 303)
(11, 157)
(11, 178)
(11, 307)
(11, 53)
(11, 310)
(11, 201)
(11, 313)
(11, 186)
(11, 315)
(11, 60)
(11, 191)
(11, 32)
(11, 195)
(11, 70)
(11, 329)
(11, 204)
(11, 333)
(11, 77)
(11, 338)
(11, 83)
(11, 214)
(11, 88)
(11, 219)
(11, 58)
(11, 187)
(11, 230)
(11, 235)
(11, 29)
(11, 237)
(11, 366)
(11, 368)
(11, 115)
(11, 118)
(11, 254)
(12, 136)
(12, 137)
(12, 394)
(12, 269)
(12, 142)
(12, 273)
(12, 67)
(12, 148)
(12, 289)
(12, 36)
(12, 38)
(12, 295)
(12, 168)
(12, 297)
(12, 370)
(12, 179)
(12, 308)
(12, 182)
(12, 183)
(12, 312)
(12, 52)
(12, 316)
(12, 323)
(12, 68)
(12, 71)
(12, 331)
(12, 207)
(12, 184)
(12, 99)
(12, 377)
(12, 345)
(12, 92)
(12, 354)
(12, 227)
(12, 102)
(12, 188)
(12, 234)
(12, 110)
(12, 111)
(12, 40)
(12, 242)
(12, 123)
(12, 246)
(12, 119)
(12, 120)
(12, 249)
(12, 379)
(12, 124)
(13, 258)
(13, 132)
(13, 390)
(13, 135)
(13, 392)
(13, 393)
(13, 138)
(13, 267)
(13, 141)
(13, 272)
(13, 275)
(13, 282)
(13, 284)
(13, 154)
(13, 286)
(13, 161)
(13, 34)
(13, 163)
(13, 134)
(13, 166)
(13, 28)
(13, 170)
(13, 301)
(13, 49)
(13, 158)
(13, 62)
(13, 65)
(13, 193)
(13, 66)
(13, 196)
(13, 80)
(13, 81)
(13, 341)
(13, 356)
(13, 357)
(13, 360)
(13, 365)
(13, 232)
(13, 114)
(13, 243)
(13, 116)
(13, 374)
(13, 248)
(14, 256)
(14, 262)
(14, 264)
(14, 139)
(14, 274)
(14, 276)
(14, 26)
(14, 31)
(14, 160)
(14, 349)
(14, 180)
(14, 311)
(14, 57)
(14, 320)
(14, 324)
(14, 76)
(14, 79)
(14, 337)
(14, 82)
(14, 84)
(14, 217)
(14, 221)
(14, 353)
(14, 226)
(14, 101)
(14, 247)
(14, 126)
(14, 127)
(15, 395)
(15, 23)
(15, 24)
(15, 312)
(15, 295)
(15, 300)
(15, 174)
(15, 94)
(15, 55)
(15, 184)
(15, 314)
(15, 318)
(15, 224)
(15, 197)
(15, 208)
(15, 56)
(15, 90)
(15, 93)
(15, 222)
(15, 351)
(15, 352)
(15, 251)
(16, 128)
(16, 388)
(16, 265)
(16, 397)
(16, 144)
(16, 22)
(16, 151)
(16, 24)
(16, 155)
(16, 368)
(16, 290)
(16, 292)
(16, 293)
(16, 48)
(16, 43)
(16, 300)
(16, 303)
(16, 176)
(16, 51)
(16, 55)
(16, 56)
(16, 318)
(16, 194)
(16, 69)
(16, 328)
(16, 202)
(16, 203)
(16, 204)
(16, 162)
(16, 206)
(16, 335)
(16, 208)
(16, 339)
(16, 342)
(16, 164)
(16, 90)
(16, 347)
(16, 93)
(16, 94)
(16, 224)
(16, 225)
(16, 98)
(16, 229)
(16, 230)
(16, 361)
(16, 106)
(16, 363)
(16, 44)
(16, 240)
(17, 260)
(17, 134)
(17, 154)
(17, 280)
(17, 282)
(17, 47)
(17, 284)
(17, 285)
(17, 159)
(17, 161)
(17, 291)
(17, 165)
(17, 28)
(17, 302)
(17, 175)
(17, 304)
(17, 50)
(17, 185)
(17, 189)
(17, 319)
(17, 66)
(17, 198)
(17, 329)
(17, 334)
(17, 213)
(17, 346)
(17, 232)
(17, 233)
(17, 236)
(17, 365)
(17, 366)
(17, 113)
(17, 114)
(17, 375)
(17, 376)
(17, 121)
(17, 122)
(17, 253)
(17, 255)
(18, 271)
(18, 274)
(18, 276)
(18, 367)
(18, 160)
(18, 37)
(18, 309)
(18, 192)
(18, 324)
(18, 199)
(18, 72)
(18, 73)
(18, 332)
(18, 337)
(18, 82)
(18, 85)
(18, 87)
(18, 91)
(18, 348)
(18, 349)
(18, 353)
(18, 226)
(18, 104)
(18, 239)
(18, 371)
(18, 373)
(19, 136)
(19, 269)
(19, 270)
(19, 20)
(19, 22)
(19, 151)
(19, 289)
(19, 290)
(19, 293)
(19, 39)
(19, 296)
(19, 297)
(19, 300)
(19, 70)
(19, 176)
(19, 50)
(19, 310)
(19, 55)
(19, 184)
(19, 314)
(19, 316)
(19, 318)
(19, 191)
(19, 182)
(19, 198)
(19, 71)
(19, 329)
(19, 203)
(19, 204)
(19, 207)
(19, 208)
(19, 56)
(19, 86)
(19, 343)
(19, 345)
(19, 230)
(19, 359)
(19, 107)
(19, 111)
(19, 168)
(19, 246)
(19, 120)
(19, 251)
(19, 124)
(19, 254)
(19, 383)
(20, 257)
(20, 396)
(20, 270)
(20, 277)
(20, 22)
(20, 151)
(20, 39)
(20, 175)
(20, 285)
(20, 32)
(20, 289)
(20, 290)
(20, 293)
(20, 113)
(20, 296)
(20, 297)
(20, 176)
(20, 300)
(20, 302)
(20, 303)
(20, 304)
(20, 157)
(20, 50)
(20, 310)
(20, 201)
(20, 70)
(20, 191)
(20, 198)
(20, 329)
(20, 203)
(20, 204)
(20, 77)
(20, 208)
(20, 86)
(20, 343)
(20, 345)
(20, 230)
(20, 359)
(20, 60)
(20, 107)
(20, 368)
(20, 168)
(20, 115)
(20, 246)
(20, 120)
(20, 55)
(20, 122)
(20, 251)
(20, 254)
(20, 383)
(21, 257)
(21, 259)
(21, 389)
(21, 51)
(21, 266)
(21, 396)
(21, 77)
(21, 143)
(21, 131)
(21, 277)
(21, 279)
(21, 152)
(21, 283)
(21, 29)
(21, 261)
(21, 112)
(21, 27)
(21, 210)
(21, 169)
(21, 298)
(21, 303)
(21, 178)
(21, 307)
(21, 181)
(21, 187)
(21, 60)
(21, 317)
(21, 190)
(21, 53)
(21, 64)
(21, 83)
(21, 201)
(21, 333)
(21, 78)
(21, 205)
(21, 338)
(21, 339)
(21, 214)
(21, 215)
(21, 88)
(21, 220)
(21, 96)
(21, 97)
(21, 358)
(21, 235)
(21, 237)
(21, 368)
(21, 241)
(21, 140)
(21, 115)
(21, 245)
(21, 125)
(21, 382)
(22, 257)
(22, 342)
(22, 51)
(22, 44)
(22, 396)
(22, 270)
(22, 144)
(22, 277)
(22, 151)
(22, 157)
(22, 32)
(22, 290)
(22, 293)
(22, 39)
(22, 296)
(22, 169)
(22, 300)
(22, 303)
(22, 176)
(22, 307)
(22, 310)
(22, 55)
(22, 60)
(22, 191)
(22, 69)
(22, 70)
(22, 201)
(22, 203)
(22, 204)
(22, 162)
(22, 77)
(22, 208)
(22, 338)
(22, 339)
(22, 214)
(22, 230)
(22, 106)
(22, 107)
(22, 29)
(22, 368)
(22, 115)
(22, 254)
(22, 383)
(23, 395)
(23, 142)
(23, 147)
(23, 36)
(23, 295)
(23, 40)
(23, 171)
(23, 174)
(23, 184)
(23, 314)
(23, 316)
(23, 68)
(23, 197)
(23, 331)
(23, 312)
(23, 340)
(23, 222)
(23, 351)
(23, 352)
(23, 249)
(24, 265)
(24, 395)
(24, 151)
(24, 155)
(24, 48)
(24, 290)
(24, 164)
(24, 43)
(24, 300)
(24, 174)
(24, 44)
(24, 176)
(24, 55)
(24, 56)
(24, 314)
(24, 318)
(24, 69)
(24, 328)
(24, 202)
(24, 203)
(24, 162)
(24, 208)
(24, 342)
(24, 90)
(24, 347)
(24, 93)
(24, 94)
(24, 351)
(24, 224)
(24, 98)
(24, 229)
(24, 361)
(24, 106)
(24, 363)
(24, 251)
(25, 134)
(25, 135)
(25, 272)
(25, 154)
(25, 280)
(25, 282)
(25, 47)
(25, 284)
(25, 285)
(25, 288)
(25, 161)
(25, 34)
(25, 163)
(25, 37)
(25, 35)
(25, 28)
(25, 199)
(25, 172)
(25, 45)
(25, 302)
(25, 175)
(25, 313)
(25, 186)
(25, 315)
(25, 319)
(25, 32)
(25, 66)
(25, 195)
(25, 326)
(25, 327)
(25, 72)
(25, 73)
(25, 81)
(25, 211)
(25, 213)
(25, 219)
(25, 58)
(25, 228)
(25, 360)
(25, 233)
(25, 109)
(25, 366)
(25, 367)
(25, 114)
(25, 118)
(25, 376)
(26, 256)
(26, 192)
(26, 387)
(26, 262)
(26, 391)
(26, 264)
(26, 139)
(26, 268)
(26, 274)
(26, 276)
(26, 31)
(26, 160)
(26, 299)
(26, 221)
(26, 180)
(26, 311)
(26, 57)
(26, 320)
(26, 324)
(26, 76)
(26, 75)
(26, 332)
(26, 79)
(26, 337)
(26, 82)
(26, 84)
(26, 217)
(26, 91)
(26, 349)
(26, 353)
(26, 226)
(26, 101)
(26, 239)
(26, 371)
(26, 247)
(26, 381)
(26, 126)
(26, 127)
(27, 45)
(27, 261)
(27, 268)
(27, 77)
(27, 143)
(27, 146)
(27, 277)
(27, 279)
(27, 152)
(27, 29)
(27, 389)
(27, 288)
(27, 35)
(27, 298)
(27, 299)
(27, 172)
(27, 178)
(27, 306)
(27, 309)
(27, 59)
(27, 313)
(27, 186)
(27, 315)
(27, 53)
(27, 63)
(27, 64)
(27, 32)
(27, 83)
(27, 195)
(27, 327)
(27, 396)
(27, 333)
(27, 78)
(27, 109)
(27, 210)
(27, 211)
(27, 85)
(27, 214)
(27, 87)
(27, 219)
(27, 220)
(27, 58)
(27, 199)
(27, 97)
(27, 355)
(27, 228)
(27, 103)
(27, 235)
(27, 237)
(27, 239)
(27, 112)
(27, 241)
(27, 140)
(27, 115)
(27, 187)
(27, 118)
(27, 250)
(27, 42)
(28, 258)
(28, 390)
(28, 135)
(28, 392)
(28, 393)
(28, 141)
(28, 272)
(28, 275)
(28, 282)
(28, 284)
(28, 154)
(28, 286)
(28, 161)
(28, 34)
(28, 163)
(28, 165)
(28, 166)
(28, 301)
(28, 47)
(28, 49)
(28, 158)
(28, 189)
(28, 134)
(28, 193)
(28, 66)
(28, 326)
(28, 81)
(28, 213)
(28, 356)
(28, 360)
(28, 233)
(28, 236)
(28, 365)
(28, 232)
(28, 114)
(28, 116)
(28, 62)
(28, 121)
(29, 257)
(29, 261)
(29, 51)
(29, 266)
(29, 396)
(29, 144)
(29, 277)
(29, 279)
(29, 152)
(29, 157)
(29, 288)
(29, 290)
(29, 293)
(29, 296)
(29, 169)
(29, 298)
(29, 44)
(29, 303)
(29, 178)
(29, 307)
(29, 53)
(29, 201)
(29, 313)
(29, 186)
(29, 315)
(29, 60)
(29, 191)
(29, 64)
(29, 32)
(29, 83)
(29, 195)
(29, 70)
(29, 210)
(29, 187)
(29, 203)
(29, 333)
(29, 77)
(29, 338)
(29, 339)
(29, 214)
(29, 215)
(29, 88)
(29, 58)
(29, 96)
(29, 355)
(29, 230)
(29, 235)
(29, 237)
(29, 368)
(29, 241)
(29, 115)
(29, 382)
(29, 254)
(30, 385)
(30, 130)
(30, 259)
(30, 388)
(30, 133)
(30, 397)
(30, 131)
(30, 149)
(30, 150)
(30, 281)
(30, 283)
(30, 156)
(30, 292)
(30, 167)
(30, 41)
(30, 43)
(30, 177)
(30, 317)
(30, 321)
(30, 194)
(30, 206)
(30, 335)
(30, 339)
(30, 212)
(30, 215)
(30, 216)
(30, 89)
(30, 218)
(30, 350)
(30, 223)
(30, 96)
(30, 225)
(30, 100)
(30, 358)
(30, 231)
(30, 362)
(30, 61)
(30, 240)
(30, 372)
(30, 125)
(31, 320)
(31, 353)
(31, 101)
(31, 84)
(31, 264)
(31, 139)
(31, 76)
(31, 256)
(31, 79)
(31, 180)
(31, 57)
(31, 311)
(31, 217)
(31, 349)
(31, 126)
(31, 127)
(32, 257)
(32, 261)
(32, 396)
(32, 277)
(32, 280)
(32, 285)
(32, 288)
(32, 35)
(32, 293)
(32, 296)
(32, 45)
(32, 302)
(32, 175)
(32, 50)
(32, 310)
(32, 201)
(32, 313)
(32, 186)
(32, 315)
(32, 60)
(32, 319)
(32, 83)
(32, 195)
(32, 70)
(32, 329)
(32, 333)
(32, 77)
(32, 211)
(32, 214)
(32, 219)
(32, 58)
(32, 355)
(32, 228)
(32, 237)
(32, 366)
(32, 157)
(32, 115)
(32, 118)
(32, 376)
(32, 250)
(32, 191)
(32, 254)
(33, 258)
(33, 141)
(33, 154)
(33, 286)
(33, 291)
(33, 294)
(33, 301)
(33, 54)
(33, 244)
(33, 189)
(33, 65)
(33, 196)
(33, 356)
(33, 232)
(33, 236)
(33, 365)
(33, 116)
(33, 375)
(33, 252)
(34, 132)
(34, 390)
(34, 135)
(34, 392)
(34, 393)
(34, 138)
(34, 271)
(34, 272)
(34, 275)
(34, 282)
(34, 158)
(34, 163)
(34, 134)
(34, 166)
(34, 49)
(34, 170)
(34, 45)
(34, 72)
(34, 62)
(34, 193)
(34, 66)
(34, 326)
(34, 200)
(34, 109)
(34, 80)
(34, 81)
(34, 213)
(34, 37)
(34, 356)
(34, 360)
(34, 365)
(34, 367)
(34, 104)
(34, 243)
(34, 373)
(34, 248)
(34, 341)
(35, 64)
(35, 261)
(35, 268)
(35, 271)
(35, 146)
(35, 152)
(35, 239)
(35, 288)
(35, 37)
(35, 299)
(35, 172)
(35, 45)
(35, 309)
(35, 73)
(35, 313)
(35, 186)
(35, 315)
(35, 63)
(35, 192)
(35, 160)
(35, 83)
(35, 195)
(35, 326)
(35, 327)
(35, 72)
(35, 140)
(35, 332)
(35, 333)
(35, 109)
(35, 211)
(35, 213)
(35, 87)
(35, 219)
(35, 348)
(35, 58)
(35, 199)
(35, 355)
(35, 228)
(35, 237)
(35, 367)
(35, 59)
(35, 371)
(35, 118)
(35, 250)
(35, 85)
(36, 142)
(36, 147)
(36, 148)
(36, 295)
(36, 40)
(36, 171)
(36, 312)
(36, 188)
(36, 323)
(36, 68)
(36, 197)
(36, 331)
(36, 340)
(36, 222)
(36, 352)
(36, 227)
(36, 102)
(36, 316)
(36, 110)
(36, 249)
(37, 271)
(37, 272)
(37, 274)
(37, 239)
(37, 160)
(37, 199)
(37, 172)
(37, 45)
(37, 72)
(37, 309)
(37, 192)
(37, 324)
(37, 326)
(37, 327)
(37, 200)
(37, 73)
(37, 332)
(37, 81)
(37, 82)
(37, 211)
(37, 341)
(37, 87)
(37, 91)
(37, 348)
(37, 226)
(37, 228)
(37, 360)
(37, 109)
(37, 367)
(37, 104)
(37, 371)
(37, 373)
(37, 85)
(38, 386)
(38, 263)
(38, 136)
(38, 137)
(38, 394)
(38, 399)
(38, 273)
(38, 67)
(38, 370)
(38, 179)
(38, 308)
(38, 182)
(38, 183)
(38, 52)
(38, 188)
(38, 323)
(38, 71)
(38, 331)
(38, 207)
(38, 209)
(38, 99)
(38, 377)
(38, 92)
(38, 354)
(38, 227)
(38, 102)
(38, 105)
(38, 234)
(38, 110)
(38, 111)
(38, 242)
(38, 123)
(38, 119)
(38, 249)
(38, 379)
(38, 253)
(39, 260)
(39, 136)
(39, 269)
(39, 270)
(39, 157)
(39, 289)
(39, 70)
(39, 113)
(39, 296)
(39, 297)
(39, 300)
(39, 302)
(39, 175)
(39, 304)
(39, 50)
(39, 310)
(39, 55)
(39, 184)
(39, 316)
(39, 318)
(39, 191)
(39, 67)
(39, 182)
(39, 198)
(39, 71)
(39, 329)
(39, 204)
(39, 207)
(39, 208)
(39, 86)
(39, 343)
(39, 345)
(39, 92)
(39, 99)
(39, 359)
(39, 107)
(39, 111)
(39, 168)
(39, 242)
(39, 246)
(39, 120)
(39, 122)
(39, 251)
(39, 124)
(39, 254)
(39, 383)
(40, 136)
(40, 394)
(40, 269)
(40, 142)
(40, 273)
(40, 147)
(40, 148)
(40, 289)
(40, 295)
(40, 297)
(40, 171)
(40, 370)
(40, 52)
(40, 182)
(40, 312)
(40, 316)
(40, 323)
(40, 68)
(40, 197)
(40, 71)
(40, 331)
(40, 207)
(40, 184)
(40, 340)
(40, 86)
(40, 345)
(40, 92)
(40, 222)
(40, 352)
(40, 354)
(40, 227)
(40, 102)
(40, 188)
(40, 67)
(40, 110)
(40, 111)
(40, 242)
(40, 246)
(40, 120)
(40, 249)
(40, 124)
(41, 129)
(41, 259)
(41, 266)
(41, 131)
(41, 150)
(41, 281)
(41, 283)
(41, 156)
(41, 167)
(41, 177)
(41, 181)
(41, 317)
(41, 190)
(41, 321)
(41, 322)
(41, 325)
(41, 336)
(41, 215)
(41, 216)
(41, 218)
(41, 223)
(41, 100)
(41, 358)
(41, 231)
(41, 108)
(41, 238)
(41, 61)
(41, 369)
(41, 245)
(41, 378)
(41, 125)
(42, 64)
(42, 387)
(42, 261)
(42, 262)
(42, 391)
(42, 268)
(42, 398)
(42, 143)
(42, 145)
(42, 146)
(42, 278)
(42, 152)
(42, 153)
(42, 389)
(42, 298)
(42, 299)
(42, 305)
(42, 306)
(42, 180)
(42, 59)
(42, 287)
(42, 74)
(42, 63)
(42, 320)
(42, 140)
(42, 330)
(42, 75)
(42, 76)
(42, 333)
(42, 78)
(42, 205)
(42, 210)
(42, 344)
(42, 220)
(42, 221)
(42, 97)
(42, 355)
(42, 103)
(42, 112)
(42, 241)
(42, 247)
(42, 381)
(43, 128)
(43, 385)
(43, 388)
(43, 133)
(43, 265)
(43, 397)
(43, 89)
(43, 155)
(43, 162)
(43, 164)
(43, 167)
(43, 44)
(43, 48)
(43, 194)
(43, 69)
(43, 328)
(43, 202)
(43, 206)
(43, 335)
(43, 212)
(43, 342)
(43, 292)
(43, 218)
(43, 347)
(43, 93)
(43, 225)
(43, 98)
(43, 100)
(43, 229)
(43, 361)
(43, 106)
(43, 363)
(43, 240)
(44, 257)
(44, 131)
(44, 51)
(44, 266)
(44, 397)
(44, 144)
(44, 151)
(44, 155)
(44, 368)
(44, 290)
(44, 164)
(44, 293)
(44, 48)
(44, 296)
(44, 169)
(44, 303)
(44, 176)
(44, 307)
(44, 56)
(44, 60)
(44, 194)
(44, 69)
(44, 328)
(44, 201)
(44, 203)
(44, 204)
(44, 162)
(44, 206)
(44, 335)
(44, 208)
(44, 338)
(44, 339)
(44, 342)
(44, 215)
(44, 88)
(44, 218)
(44, 93)
(44, 96)
(44, 225)
(44, 230)
(44, 361)
(44, 106)
(44, 240)
(44, 382)
(45, 134)
(45, 135)
(45, 271)
(45, 272)
(45, 367)
(45, 285)
(45, 288)
(45, 161)
(45, 199)
(45, 172)
(45, 309)
(45, 59)
(45, 313)
(45, 186)
(45, 315)
(45, 63)
(45, 192)
(45, 195)
(45, 326)
(45, 327)
(45, 72)
(45, 73)
(45, 81)
(45, 211)
(45, 213)
(45, 87)
(45, 219)
(45, 348)
(45, 58)
(45, 355)
(45, 228)
(45, 360)
(45, 109)
(45, 366)
(45, 239)
(45, 104)
(45, 83)
(45, 118)
(45, 376)
(45, 250)
(45, 85)
(46, 384)
(46, 65)
(46, 196)
(46, 357)
(46, 267)
(46, 173)
(46, 244)
(46, 374)
(46, 116)
(46, 252)
(46, 286)
(47, 260)
(47, 134)
(47, 135)
(47, 141)
(47, 154)
(47, 280)
(47, 282)
(47, 284)
(47, 285)
(47, 159)
(47, 161)
(47, 291)
(47, 165)
(47, 302)
(47, 175)
(47, 304)
(47, 185)
(47, 189)
(47, 319)
(47, 66)
(47, 326)
(47, 329)
(47, 334)
(47, 81)
(47, 163)
(47, 213)
(47, 356)
(47, 232)
(47, 233)
(47, 236)
(47, 365)
(47, 366)
(47, 113)
(47, 114)
(47, 376)
(47, 121)
(47, 122)
(47, 255)
(48, 128)
(48, 385)
(48, 131)
(48, 388)
(48, 51)
(48, 265)
(48, 397)
(48, 144)
(48, 151)
(48, 155)
(48, 240)
(48, 290)
(48, 292)
(48, 293)
(48, 167)
(48, 303)
(48, 176)
(48, 307)
(48, 56)
(48, 96)
(48, 194)
(48, 69)
(48, 328)
(48, 202)
(48, 203)
(48, 162)
(48, 206)
(48, 335)
(48, 208)
(48, 338)
(48, 339)
(48, 342)
(48, 164)
(48, 218)
(48, 347)
(48, 93)
(48, 224)
(48, 225)
(48, 98)
(48, 229)
(48, 230)
(48, 361)
(48, 106)
(48, 363)
(48, 368)
(49, 384)
(49, 258)
(49, 132)
(49, 390)
(49, 135)
(49, 392)
(49, 393)
(49, 138)
(49, 267)
(49, 141)
(49, 173)
(49, 275)
(49, 282)
(49, 284)
(49, 154)
(49, 286)
(49, 163)
(49, 134)
(49, 166)
(49, 170)
(49, 301)
(49, 158)
(49, 116)
(49, 62)
(49, 65)
(49, 193)
(49, 66)
(49, 196)
(49, 80)
(49, 356)
(49, 357)
(49, 232)
(49, 365)
(49, 114)
(49, 243)
(49, 244)
(49, 374)
(49, 248)
(49, 252)
(50, 260)
(50, 270)
(50, 280)
(50, 285)
(50, 159)
(50, 289)
(50, 165)
(50, 113)
(50, 296)
(50, 297)
(50, 302)
(50, 175)
(50, 304)
(50, 310)
(50, 185)
(50, 70)
(50, 319)
(50, 182)
(50, 198)
(50, 71)
(50, 329)
(50, 204)
(50, 334)
(50, 207)
(50, 120)
(50, 86)
(50, 343)
(50, 345)
(50, 99)
(50, 359)
(50, 107)
(50, 191)
(50, 366)
(50, 111)
(50, 157)
(50, 168)
(50, 246)
(50, 376)
(50, 122)
(50, 383)
(50, 124)
(50, 254)
(50, 255)
(51, 257)
(51, 259)
(51, 214)
(51, 266)
(51, 151)
(51, 396)
(51, 397)
(51, 77)
(51, 144)
(51, 131)
(51, 277)
(51, 279)
(51, 283)
(51, 240)
(51, 290)
(51, 293)
(51, 296)
(51, 169)
(51, 298)
(51, 303)
(51, 176)
(51, 178)
(51, 307)
(51, 53)
(51, 187)
(51, 60)
(51, 317)
(51, 194)
(51, 69)
(51, 201)
(51, 203)
(51, 333)
(51, 335)
(51, 338)
(51, 339)
(51, 342)
(51, 215)
(51, 88)
(51, 218)
(51, 96)
(51, 225)
(51, 230)
(51, 106)
(51, 235)
(51, 237)
(51, 368)
(51, 241)
(51, 115)
(51, 245)
(51, 125)
(51, 382)
(52, 263)
(52, 136)
(52, 137)
(52, 394)
(52, 269)
(52, 142)
(52, 399)
(52, 273)
(52, 67)
(52, 148)
(52, 289)
(52, 295)
(52, 168)
(52, 297)
(52, 370)
(52, 179)
(52, 308)
(52, 182)
(52, 183)
(52, 312)
(52, 316)
(52, 323)
(52, 68)
(52, 71)
(52, 331)
(52, 207)
(52, 209)
(52, 99)
(52, 377)
(52, 345)
(52, 92)
(52, 354)
(52, 227)
(52, 102)
(52, 188)
(52, 234)
(52, 110)
(52, 111)
(52, 242)
(52, 123)
(52, 246)
(52, 119)
(52, 120)
(52, 249)
(52, 379)
(52, 124)
(53, 257)
(53, 259)
(53, 261)
(53, 266)
(53, 396)
(53, 77)
(53, 143)
(53, 144)
(53, 146)
(53, 277)
(53, 279)
(53, 152)
(53, 283)
(53, 389)
(53, 288)
(53, 112)
(53, 293)
(53, 296)
(53, 169)
(53, 298)
(53, 303)
(53, 178)
(53, 307)
(53, 181)
(53, 201)
(53, 186)
(53, 187)
(53, 60)
(53, 190)
(53, 64)
(53, 83)
(53, 195)
(53, 210)
(53, 333)
(53, 78)
(53, 205)
(53, 338)
(53, 339)
(53, 214)
(53, 215)
(53, 88)
(53, 220)
(53, 96)
(53, 97)
(53, 355)
(53, 235)
(53, 237)
(53, 368)
(53, 241)
(53, 140)
(53, 115)
(53, 245)
(53, 125)
(53, 382)
(54, 116)
(54, 258)
(54, 356)
(54, 294)
(54, 65)
(54, 232)
(54, 301)
(54, 365)
(54, 141)
(54, 173)
(54, 244)
(54, 375)
(54, 196)
(54, 252)
(54, 286)
(55, 269)
(55, 270)
(55, 151)
(55, 289)
(55, 290)
(55, 293)
(55, 296)
(55, 300)
(55, 174)
(55, 176)
(55, 312)
(55, 314)
(55, 318)
(55, 69)
(55, 70)
(55, 328)
(55, 203)
(55, 204)
(55, 162)
(55, 208)
(55, 184)
(55, 86)
(55, 90)
(55, 93)
(55, 222)
(55, 351)
(55, 224)
(55, 230)
(55, 359)
(55, 106)
(55, 107)
(55, 368)
(55, 56)
(55, 246)
(55, 251)
(55, 124)
(55, 383)
(56, 265)
(56, 395)
(56, 144)
(56, 151)
(56, 155)
(56, 290)
(56, 164)
(56, 300)
(56, 174)
(56, 176)
(56, 184)
(56, 314)
(56, 318)
(56, 69)
(56, 328)
(56, 202)
(56, 203)
(56, 204)
(56, 162)
(56, 208)
(56, 342)
(56, 90)
(56, 347)
(56, 93)
(56, 94)
(56, 351)
(56, 224)
(56, 98)
(56, 229)
(56, 230)
(56, 361)
(56, 106)
(56, 251)
(57, 256)
(57, 262)
(57, 264)
(57, 139)
(57, 276)
(57, 349)
(57, 180)
(57, 311)
(57, 320)
(57, 75)
(57, 76)
(57, 79)
(57, 84)
(57, 217)
(57, 221)
(57, 353)
(57, 101)
(57, 247)
(57, 126)
(57, 127)
(58, 257)
(58, 261)
(58, 396)
(58, 146)
(58, 277)
(58, 280)
(58, 285)
(58, 288)
(58, 296)
(58, 302)
(58, 175)
(58, 310)
(58, 201)
(58, 313)
(58, 186)
(58, 315)
(58, 60)
(58, 319)
(58, 83)
(58, 195)
(58, 327)
(58, 329)
(58, 333)
(58, 77)
(58, 211)
(58, 213)
(58, 214)
(58, 219)
(58, 355)
(58, 228)
(58, 237)
(58, 366)
(58, 157)
(58, 115)
(58, 118)
(58, 376)
(58, 250)
(58, 191)
(58, 254)
(59, 64)
(59, 389)
(59, 262)
(59, 391)
(59, 268)
(59, 143)
(59, 146)
(59, 152)
(59, 239)
(59, 261)
(59, 288)
(59, 220)
(59, 298)
(59, 299)
(59, 172)
(59, 306)
(59, 309)
(59, 73)
(59, 313)
(59, 186)
(59, 315)
(59, 63)
(59, 192)
(59, 160)
(59, 83)
(59, 195)
(59, 324)
(59, 327)
(59, 140)
(59, 332)
(59, 333)
(59, 78)
(59, 109)
(59, 210)
(59, 211)
(59, 85)
(59, 87)
(59, 219)
(59, 348)
(59, 221)
(59, 199)
(59, 97)
(59, 355)
(59, 228)
(59, 103)
(59, 237)
(59, 367)
(59, 112)
(59, 371)
(59, 118)
(59, 250)
(59, 381)
(60, 257)
(60, 214)
(60, 266)
(60, 151)
(60, 396)
(60, 397)
(60, 144)
(60, 277)
(60, 279)
(60, 157)
(60, 288)
(60, 290)
(60, 293)
(60, 296)
(60, 169)
(60, 298)
(60, 303)
(60, 176)
(60, 178)
(60, 307)
(60, 310)
(60, 186)
(60, 187)
(60, 191)
(60, 69)
(60, 70)
(60, 201)
(60, 203)
(60, 204)
(60, 333)
(60, 77)
(60, 338)
(60, 339)
(60, 342)
(60, 215)
(60, 88)
(60, 96)
(60, 230)
(60, 106)
(60, 235)
(60, 237)
(60, 368)
(60, 115)
(60, 382)
(60, 254)
(61, 385)
(61, 130)
(61, 131)
(61, 388)
(61, 133)
(61, 149)
(61, 150)
(61, 281)
(61, 283)
(61, 156)
(61, 167)
(61, 177)
(61, 95)
(61, 317)
(61, 321)
(61, 194)
(61, 206)
(61, 335)
(61, 212)
(61, 215)
(61, 216)
(61, 89)
(61, 218)
(61, 350)
(61, 223)
(61, 225)
(61, 100)
(61, 358)
(61, 231)
(61, 362)
(61, 240)
(61, 372)
(61, 125)
(62, 132)
(62, 390)
(62, 135)
(62, 392)
(62, 393)
(62, 138)
(62, 267)
(62, 272)
(62, 275)
(62, 282)
(62, 286)
(62, 163)
(62, 166)
(62, 170)
(62, 301)
(62, 158)
(62, 104)
(62, 193)
(62, 66)
(62, 200)
(62, 80)
(62, 81)
(62, 341)
(62, 356)
(62, 357)
(62, 360)
(62, 365)
(62, 232)
(62, 243)
(62, 116)
(62, 248)
(63, 64)
(63, 389)
(63, 262)
(63, 391)
(63, 268)
(63, 143)
(63, 146)
(63, 152)
(63, 239)
(63, 261)
(63, 288)
(63, 220)
(63, 298)
(63, 299)
(63, 172)
(63, 306)
(63, 309)
(63, 73)
(63, 313)
(63, 186)
(63, 315)
(63, 192)
(63, 160)
(63, 83)
(63, 195)
(63, 324)
(63, 327)
(63, 140)
(63, 332)
(63, 333)
(63, 78)
(63, 109)
(63, 210)
(63, 211)
(63, 85)
(63, 87)
(63, 219)
(63, 348)
(63, 221)
(63, 199)
(63, 97)
(63, 355)
(63, 228)
(63, 103)
(63, 237)
(63, 367)
(63, 112)
(63, 371)
(63, 118)
(63, 250)
(63, 381)
(64, 259)
(64, 389)
(64, 266)
(64, 396)
(64, 77)
(64, 143)
(64, 146)
(64, 277)
(64, 279)
(64, 152)
(64, 261)
(64, 288)
(64, 210)
(64, 169)
(64, 298)
(64, 299)
(64, 178)
(64, 306)
(64, 307)
(64, 186)
(64, 315)
(64, 195)
(64, 201)
(64, 187)
(64, 333)
(64, 78)
(64, 205)
(64, 338)
(64, 83)
(64, 214)
(64, 215)
(64, 88)
(64, 219)
(64, 220)
(64, 97)
(64, 355)
(64, 228)
(64, 103)
(64, 235)
(64, 237)
(64, 112)
(64, 241)
(64, 140)
(64, 115)
(64, 245)
(64, 250)
(64, 382)
(65, 384)
(65, 258)
(65, 390)
(65, 392)
(65, 393)
(65, 267)
(65, 141)
(65, 301)
(65, 275)
(65, 282)
(65, 158)
(65, 166)
(65, 173)
(65, 286)
(65, 116)
(65, 196)
(65, 356)
(65, 357)
(65, 232)
(65, 365)
(65, 244)
(65, 374)
(65, 252)
(66, 258)
(66, 390)
(66, 135)
(66, 392)
(66, 393)
(66, 138)
(66, 267)
(66, 141)
(66, 272)
(66, 275)
(66, 282)
(66, 284)
(66, 154)
(66, 286)
(66, 161)
(66, 163)
(66, 134)
(66, 166)
(66, 301)
(66, 158)
(66, 189)
(66, 193)
(66, 326)
(66, 81)
(66, 213)
(66, 356)
(66, 360)
(66, 233)
(66, 236)
(66, 365)
(66, 232)
(66, 114)
(66, 116)
(66, 121)
(67, 263)
(67, 136)
(67, 137)
(67, 394)
(67, 269)
(67, 270)
(67, 273)
(67, 289)
(67, 295)
(67, 168)
(67, 297)
(67, 242)
(67, 179)
(67, 308)
(67, 182)
(67, 183)
(67, 312)
(67, 316)
(67, 377)
(67, 323)
(67, 71)
(67, 331)
(67, 207)
(67, 184)
(67, 99)
(67, 142)
(67, 86)
(67, 343)
(67, 345)
(67, 92)
(67, 354)
(67, 227)
(67, 102)
(67, 359)
(67, 188)
(67, 234)
(67, 107)
(67, 110)
(67, 111)
(67, 370)
(67, 123)
(67, 246)
(67, 119)
(67, 120)
(67, 249)
(67, 379)
(67, 124)
(67, 383)
(68, 142)
(68, 273)
(68, 147)
(68, 148)
(68, 295)
(68, 171)
(68, 312)
(68, 188)
(68, 323)
(68, 197)
(68, 331)
(68, 340)
(68, 352)
(68, 354)
(68, 227)
(68, 102)
(68, 316)
(68, 110)
(68, 249)
(69, 257)
(69, 265)
(69, 397)
(69, 144)
(69, 151)
(69, 155)
(69, 368)
(69, 290)
(69, 164)
(69, 293)
(69, 296)
(69, 169)
(69, 300)
(69, 303)
(69, 176)
(69, 307)
(69, 318)
(69, 96)
(69, 194)
(69, 70)
(69, 328)
(69, 201)
(69, 202)
(69, 203)
(69, 204)
(69, 162)
(69, 206)
(69, 335)
(69, 208)
(69, 338)
(69, 339)
(69, 342)
(69, 90)
(69, 347)
(69, 93)
(69, 224)
(69, 225)
(69, 98)
(69, 229)
(69, 230)
(69, 361)
(69, 106)
(69, 240)
(69, 251)
(70, 257)
(70, 396)
(70, 270)
(70, 144)
(70, 277)
(70, 151)
(70, 175)
(70, 285)
(70, 289)
(70, 290)
(70, 293)
(70, 296)
(70, 300)
(70, 302)
(70, 303)
(70, 176)
(70, 157)
(70, 310)
(70, 201)
(70, 318)
(70, 191)
(70, 198)
(70, 329)
(70, 203)
(70, 204)
(70, 77)
(70, 208)
(70, 338)
(70, 86)
(70, 343)
(70, 230)
(70, 359)
(70, 107)
(70, 368)
(70, 168)
(70, 115)
(70, 251)
(70, 254)
(70, 383)
(71, 260)
(71, 263)
(71, 136)
(71, 137)
(71, 394)
(71, 269)
(71, 270)
(71, 399)
(71, 273)
(71, 184)
(71, 159)
(71, 289)
(71, 168)
(71, 297)
(71, 242)
(71, 304)
(71, 179)
(71, 308)
(71, 182)
(71, 183)
(71, 312)
(71, 185)
(71, 249)
(71, 316)
(71, 198)
(71, 331)
(71, 334)
(71, 207)
(71, 209)
(71, 99)
(71, 86)
(71, 343)
(71, 345)
(71, 92)
(71, 227)
(71, 102)
(71, 359)
(71, 105)
(71, 234)
(71, 107)
(71, 111)
(71, 113)
(71, 370)
(71, 123)
(71, 246)
(71, 119)
(71, 120)
(71, 377)
(71, 122)
(71, 379)
(71, 124)
(71, 253)
(71, 383)
(72, 138)
(72, 271)
(72, 272)
(72, 239)
(72, 160)
(72, 199)
(72, 172)
(72, 309)
(72, 192)
(72, 326)
(72, 327)
(72, 200)
(72, 73)
(72, 332)
(72, 81)
(72, 211)
(72, 213)
(72, 87)
(72, 348)
(72, 228)
(72, 360)
(72, 109)
(72, 367)
(72, 104)
(72, 371)
(72, 373)
(72, 118)
(72, 85)
(72, 341)
(73, 268)
(73, 271)
(73, 272)
(73, 146)
(73, 239)
(73, 160)
(73, 91)
(73, 299)
(73, 172)
(73, 309)
(73, 313)
(73, 315)
(73, 192)
(73, 83)
(73, 195)
(73, 324)
(73, 326)
(73, 327)
(73, 332)
(73, 81)
(73, 82)
(73, 211)
(73, 213)
(73, 87)
(73, 219)
(73, 348)
(73, 199)
(73, 226)
(73, 355)
(73, 228)
(73, 360)
(73, 109)
(73, 367)
(73, 104)
(73, 371)
(73, 373)
(73, 118)
(73, 250)
(73, 85)
(74, 256)
(74, 387)
(74, 389)
(74, 391)
(74, 268)
(74, 398)
(74, 143)
(74, 145)
(74, 278)
(74, 152)
(74, 153)
(74, 287)
(74, 299)
(74, 305)
(74, 306)
(74, 180)
(74, 320)
(74, 140)
(74, 330)
(74, 75)
(74, 76)
(74, 205)
(74, 78)
(74, 210)
(74, 344)
(74, 220)
(74, 221)
(74, 97)
(74, 103)
(74, 112)
(74, 241)
(74, 247)
(74, 381)
(75, 256)
(75, 387)
(75, 389)
(75, 262)
(75, 391)
(75, 268)
(75, 398)
(75, 143)
(75, 145)
(75, 278)
(75, 160)
(75, 299)
(75, 221)
(75, 305)
(75, 306)
(75, 180)
(75, 320)
(75, 324)
(75, 140)
(75, 330)
(75, 332)
(75, 205)
(75, 78)
(75, 344)
(75, 217)
(75, 220)
(75, 349)
(75, 226)
(75, 103)
(75, 239)
(75, 112)
(75, 371)
(75, 76)
(75, 247)
(75, 381)
(75, 127)
(76, 256)
(76, 387)
(76, 262)
(76, 391)
(76, 264)
(76, 139)
(76, 268)
(76, 145)
(76, 276)
(76, 278)
(76, 221)
(76, 305)
(76, 180)
(76, 311)
(76, 320)
(76, 324)
(76, 330)
(76, 79)
(76, 84)
(76, 217)
(76, 349)
(76, 226)
(76, 101)
(76, 103)
(76, 247)
(76, 381)
(76, 126)
(76, 127)
(77, 257)
(77, 261)
(77, 266)
(77, 396)
(77, 144)
(77, 277)
(77, 279)
(77, 152)
(77, 285)
(77, 288)
(77, 293)
(77, 296)
(77, 169)
(77, 298)
(77, 303)
(77, 157)
(77, 178)
(77, 307)
(77, 310)
(77, 201)
(77, 313)
(77, 186)
(77, 315)
(77, 191)
(77, 195)
(77, 210)
(77, 187)
(77, 204)
(77, 333)
(77, 338)
(77, 83)
(77, 214)
(77, 88)
(77, 219)
(77, 355)
(77, 230)
(77, 235)
(77, 237)
(77, 368)
(77, 115)
(77, 382)
(77, 118)
(77, 254)
(78, 259)
(78, 261)
(78, 391)
(78, 268)
(78, 398)
(78, 143)
(78, 145)
(78, 146)
(78, 387)
(78, 278)
(78, 279)
(78, 152)
(78, 153)
(78, 389)
(78, 298)
(78, 299)
(78, 178)
(78, 305)
(78, 306)
(78, 181)
(78, 287)
(78, 190)
(78, 140)
(78, 330)
(78, 333)
(78, 205)
(78, 210)
(78, 83)
(78, 344)
(78, 220)
(78, 221)
(78, 97)
(78, 355)
(78, 103)
(78, 235)
(78, 112)
(78, 241)
(78, 187)
(78, 245)
(78, 247)
(78, 250)
(78, 381)
(79, 256)
(79, 353)
(79, 101)
(79, 84)
(79, 264)
(79, 139)
(79, 180)
(79, 311)
(79, 217)
(79, 349)
(79, 126)
(79, 127)
(80, 132)
(80, 390)
(80, 135)
(80, 392)
(80, 393)
(80, 138)
(80, 267)
(80, 272)
(80, 275)
(80, 158)
(80, 163)
(80, 166)
(80, 170)
(80, 193)
(80, 200)
(80, 341)
(80, 356)
(80, 360)
(80, 104)
(80, 243)
(80, 248)
(81, 390)
(81, 135)
(81, 138)
(81, 109)
(81, 272)
(81, 275)
(81, 282)
(81, 284)
(81, 154)
(81, 161)
(81, 163)
(81, 134)
(81, 166)
(81, 172)
(81, 104)
(81, 193)
(81, 326)
(81, 200)
(81, 211)
(81, 341)
(81, 356)
(81, 360)
(81, 233)
(81, 365)
(81, 366)
(81, 367)
(81, 232)
(81, 114)
(81, 118)
(81, 376)
(81, 213)
(82, 192)
(82, 262)
(82, 268)
(82, 271)
(82, 274)
(82, 276)
(82, 367)
(82, 160)
(82, 349)
(82, 309)
(82, 320)
(82, 324)
(82, 199)
(82, 332)
(82, 337)
(82, 85)
(82, 87)
(82, 91)
(82, 348)
(82, 221)
(82, 353)
(82, 226)
(82, 239)
(82, 371)
(82, 373)
(82, 126)
(83, 261)
(83, 268)
(83, 143)
(83, 146)
(83, 277)
(83, 279)
(83, 152)
(83, 389)
(83, 288)
(83, 298)
(83, 299)
(83, 172)
(83, 178)
(83, 306)
(83, 309)
(83, 313)
(83, 186)
(83, 315)
(83, 195)
(83, 327)
(83, 396)
(83, 333)
(83, 109)
(83, 210)
(83, 211)
(83, 85)
(83, 214)
(83, 87)
(83, 219)
(83, 220)
(83, 199)
(83, 97)
(83, 355)
(83, 228)
(83, 235)
(83, 237)
(83, 239)
(83, 112)
(83, 241)
(83, 140)
(83, 115)
(83, 187)
(83, 118)
(83, 250)
(84, 320)
(84, 353)
(84, 180)
(84, 101)
(84, 264)
(84, 139)
(84, 256)
(84, 337)
(84, 276)
(84, 311)
(84, 217)
(84, 349)
(84, 126)
(84, 127)
(85, 262)
(85, 268)
(85, 271)
(85, 272)
(85, 146)
(85, 239)
(85, 160)
(85, 91)
(85, 299)
(85, 172)
(85, 309)
(85, 315)
(85, 192)
(85, 324)
(85, 327)
(85, 140)
(85, 332)
(85, 211)
(85, 87)
(85, 219)
(85, 348)
(85, 221)
(85, 199)
(85, 226)
(85, 355)
(85, 228)
(85, 104)
(85, 109)
(85, 367)
(85, 371)
(85, 373)
(85, 118)
(85, 250)
(86, 136)
(86, 269)
(86, 270)
(86, 289)
(86, 168)
(86, 297)
(86, 300)
(86, 304)
(86, 308)
(86, 310)
(86, 312)
(86, 314)
(86, 316)
(86, 318)
(86, 182)
(86, 198)
(86, 329)
(86, 204)
(86, 207)
(86, 208)
(86, 184)
(86, 99)
(86, 343)
(86, 345)
(86, 92)
(86, 379)
(86, 102)
(86, 359)
(86, 107)
(86, 111)
(86, 113)
(86, 242)
(86, 246)
(86, 120)
(86, 377)
(86, 122)
(86, 251)
(86, 124)
(86, 254)
(86, 383)
(87, 262)
(87, 268)
(87, 271)
(87, 272)
(87, 274)
(87, 239)
(87, 160)
(87, 91)
(87, 299)
(87, 172)
(87, 309)
(87, 315)
(87, 192)
(87, 324)
(87, 327)
(87, 332)
(87, 109)
(87, 211)
(87, 219)
(87, 348)
(87, 221)
(87, 199)
(87, 226)
(87, 355)
(87, 228)
(87, 360)
(87, 146)
(87, 367)
(87, 104)
(87, 371)
(87, 373)
(87, 118)
(87, 250)
(88, 257)
(88, 259)
(88, 261)
(88, 266)
(88, 396)
(88, 397)
(88, 144)
(88, 205)
(88, 131)
(88, 277)
(88, 279)
(88, 152)
(88, 283)
(88, 389)
(88, 293)
(88, 296)
(88, 169)
(88, 298)
(88, 303)
(88, 178)
(88, 307)
(88, 181)
(88, 201)
(88, 187)
(88, 317)
(88, 190)
(88, 97)
(88, 210)
(88, 333)
(88, 335)
(88, 338)
(88, 339)
(88, 214)
(88, 215)
(88, 218)
(88, 96)
(88, 225)
(88, 230)
(88, 358)
(88, 235)
(88, 237)
(88, 368)
(88, 241)
(88, 115)
(88, 245)
(88, 125)
(88, 382)
(89, 128)
(89, 385)
(89, 130)
(89, 131)
(89, 388)
(89, 133)
(89, 397)
(89, 149)
(89, 150)
(89, 156)
(89, 292)
(89, 167)
(89, 177)
(89, 95)
(89, 317)
(89, 321)
(89, 194)
(89, 206)
(89, 335)
(89, 212)
(89, 216)
(89, 218)
(89, 350)
(89, 223)
(89, 225)
(89, 100)
(89, 362)
(89, 363)
(89, 364)
(89, 240)
(89, 372)
(90, 265)
(90, 395)
(90, 151)
(90, 290)
(90, 300)
(90, 174)
(90, 176)
(90, 94)
(90, 184)
(90, 314)
(90, 318)
(90, 197)
(90, 328)
(90, 202)
(90, 162)
(90, 208)
(90, 347)
(90, 93)
(90, 222)
(90, 351)
(90, 224)
(90, 98)
(90, 229)
(90, 361)
(90, 106)
(90, 251)
(91, 262)
(91, 271)
(91, 276)
(91, 367)
(91, 160)
(91, 192)
(91, 324)
(91, 199)
(91, 332)
(91, 337)
(91, 348)
(91, 349)
(91, 353)
(91, 226)
(91, 274)
(91, 239)
(91, 371)
(91, 373)
(91, 126)
(92, 105)
(92, 263)
(92, 136)
(92, 137)
(92, 394)
(92, 269)
(92, 270)
(92, 399)
(92, 273)
(92, 184)
(92, 159)
(92, 289)
(92, 168)
(92, 297)
(92, 242)
(92, 304)
(92, 179)
(92, 308)
(92, 182)
(92, 183)
(92, 312)
(92, 185)
(92, 249)
(92, 316)
(92, 323)
(92, 198)
(92, 331)
(92, 334)
(92, 207)
(92, 209)
(92, 99)
(92, 343)
(92, 345)
(92, 354)
(92, 227)
(92, 102)
(92, 359)
(92, 188)
(92, 234)
(92, 107)
(92, 110)
(92, 111)
(92, 370)
(92, 123)
(92, 246)
(92, 119)
(92, 120)
(92, 377)
(92, 379)
(92, 124)
(92, 253)
(92, 383)
(93, 128)
(93, 265)
(93, 151)
(93, 155)
(93, 290)
(93, 164)
(93, 300)
(93, 174)
(93, 176)
(93, 314)
(93, 318)
(93, 328)
(93, 202)
(93, 203)
(93, 162)
(93, 208)
(93, 342)
(93, 347)
(93, 94)
(93, 351)
(93, 224)
(93, 98)
(93, 229)
(93, 361)
(93, 106)
(93, 363)
(93, 251)
(94, 128)
(94, 265)
(94, 395)
(94, 155)
(94, 162)
(94, 164)
(94, 174)
(94, 176)
(94, 314)
(94, 318)
(94, 328)
(94, 202)
(94, 208)
(94, 347)
(94, 351)
(94, 224)
(94, 98)
(94, 229)
(94, 361)
(94, 106)
(94, 363)
(94, 251)
(95, 385)
(95, 130)
(95, 133)
(95, 321)
(95, 362)
(95, 364)
(95, 177)
(95, 372)
(95, 149)
(95, 150)
(95, 212)
(95, 350)
(95, 223)
(96, 257)
(96, 259)
(96, 214)
(96, 266)
(96, 151)
(96, 396)
(96, 397)
(96, 144)
(96, 131)
(96, 279)
(96, 283)
(96, 240)
(96, 290)
(96, 293)
(96, 167)
(96, 169)
(96, 298)
(96, 303)
(96, 178)
(96, 307)
(96, 181)
(96, 187)
(96, 317)
(96, 190)
(96, 194)
(96, 201)
(96, 203)
(96, 206)
(96, 335)
(96, 338)
(96, 339)
(96, 342)
(96, 215)
(96, 216)
(96, 218)
(96, 225)
(96, 100)
(96, 230)
(96, 358)
(96, 106)
(96, 235)
(96, 368)
(96, 241)
(96, 245)
(96, 125)
(96, 382)
(97, 129)
(97, 387)
(97, 261)
(97, 391)
(97, 266)
(97, 140)
(97, 398)
(97, 143)
(97, 146)
(97, 259)
(97, 279)
(97, 152)
(97, 153)
(97, 283)
(97, 389)
(97, 169)
(97, 298)
(97, 299)
(97, 178)
(97, 305)
(97, 306)
(97, 181)
(97, 287)
(97, 190)
(97, 325)
(97, 187)
(97, 333)
(97, 205)
(97, 210)
(97, 214)
(97, 215)
(97, 344)
(97, 220)
(97, 355)
(97, 358)
(97, 103)
(97, 235)
(97, 238)
(97, 125)
(97, 112)
(97, 241)
(97, 245)
(97, 381)
(97, 382)
(98, 128)
(98, 388)
(98, 265)
(98, 155)
(98, 176)
(98, 162)
(98, 164)
(98, 174)
(98, 328)
(98, 202)
(98, 292)
(98, 347)
(98, 351)
(98, 224)
(98, 229)
(98, 361)
(98, 106)
(98, 363)
(99, 386)
(99, 260)
(99, 105)
(99, 263)
(99, 136)
(99, 137)
(99, 394)
(99, 269)
(99, 270)
(99, 399)
(99, 111)
(99, 159)
(99, 289)
(99, 291)
(99, 165)
(99, 168)
(99, 297)
(99, 242)
(99, 304)
(99, 179)
(99, 308)
(99, 310)
(99, 183)
(99, 185)
(99, 319)
(99, 182)
(99, 198)
(99, 329)
(99, 334)
(99, 207)
(99, 209)
(99, 343)
(99, 345)
(99, 346)
(99, 123)
(99, 102)
(99, 359)
(99, 124)
(99, 234)
(99, 107)
(99, 255)
(99, 113)
(99, 370)
(99, 246)
(99, 119)
(99, 120)
(99, 377)
(99, 122)
(99, 379)
(99, 380)
(99, 253)
(99, 383)
(100, 385)
(100, 130)
(100, 259)
(100, 388)
(100, 133)
(100, 397)
(100, 131)
(100, 149)
(100, 150)
(100, 281)
(100, 283)
(100, 156)
(100, 292)
(100, 167)
(100, 177)
(100, 317)
(100, 321)
(100, 194)
(100, 206)
(100, 335)
(100, 339)
(100, 212)
(100, 215)
(100, 216)
(100, 218)
(100, 350)
(100, 223)
(100, 225)
(100, 358)
(100, 231)
(100, 362)
(100, 240)
(100, 372)
(100, 125)
(101, 320)
(101, 353)
(101, 180)
(101, 264)
(101, 139)
(101, 337)
(101, 276)
(101, 311)
(101, 217)
(101, 349)
(101, 126)
(101, 127)
(102, 263)
(102, 136)
(102, 137)
(102, 394)
(102, 269)
(102, 142)
(102, 273)
(102, 148)
(102, 289)
(102, 295)
(102, 168)
(102, 297)
(102, 370)
(102, 179)
(102, 308)
(102, 182)
(102, 183)
(102, 312)
(102, 316)
(102, 323)
(102, 331)
(102, 207)
(102, 184)
(102, 377)
(102, 345)
(102, 354)
(102, 227)
(102, 188)
(102, 234)
(102, 110)
(102, 111)
(102, 242)
(102, 123)
(102, 246)
(102, 120)
(102, 249)
(102, 379)
(102, 124)
(103, 387)
(103, 261)
(103, 262)
(103, 391)
(103, 268)
(103, 398)
(103, 143)
(103, 145)
(103, 146)
(103, 278)
(103, 152)
(103, 153)
(103, 389)
(103, 298)
(103, 299)
(103, 305)
(103, 306)
(103, 180)
(103, 287)
(103, 320)
(103, 140)
(103, 330)
(103, 333)
(103, 205)
(103, 210)
(103, 344)
(103, 220)
(103, 221)
(103, 355)
(103, 112)
(103, 241)
(103, 247)
(103, 381)
(104, 132)
(104, 135)
(104, 138)
(104, 271)
(104, 272)
(104, 170)
(104, 172)
(104, 192)
(104, 193)
(104, 326)
(104, 199)
(104, 200)
(104, 341)
(104, 348)
(104, 360)
(104, 109)
(104, 367)
(104, 373)
(104, 248)
(105, 386)
(105, 260)
(105, 263)
(105, 137)
(105, 394)
(105, 399)
(105, 159)
(105, 291)
(105, 294)
(105, 370)
(105, 304)
(105, 179)
(105, 308)
(105, 182)
(105, 183)
(105, 185)
(105, 189)
(105, 119)
(105, 334)
(105, 207)
(105, 209)
(105, 345)
(105, 346)
(105, 123)
(105, 234)
(105, 111)
(105, 242)
(105, 117)
(105, 375)
(105, 120)
(105, 377)
(105, 379)
(105, 380)
(105, 253)
(106, 257)
(106, 265)
(106, 397)
(106, 144)
(106, 151)
(106, 155)
(106, 368)
(106, 290)
(106, 164)
(106, 293)
(106, 296)
(106, 300)
(106, 303)
(106, 176)
(106, 307)
(106, 314)
(106, 318)
(106, 194)
(106, 328)
(106, 201)
(106, 202)
(106, 203)
(106, 204)
(106, 162)
(106, 206)
(106, 335)
(106, 208)
(106, 338)
(106, 339)
(106, 342)
(106, 347)
(106, 224)
(106, 225)
(106, 229)
(106, 230)
(106, 361)
(106, 240)
(106, 251)
(107, 136)
(107, 269)
(107, 270)
(107, 289)
(107, 293)
(107, 113)
(107, 296)
(107, 297)
(107, 176)
(107, 300)
(107, 304)
(107, 310)
(107, 312)
(107, 314)
(107, 316)
(107, 318)
(107, 191)
(107, 182)
(107, 198)
(107, 329)
(107, 204)
(107, 207)
(107, 208)
(107, 184)
(107, 343)
(107, 345)
(107, 359)
(107, 111)
(107, 168)
(107, 246)
(107, 120)
(107, 122)
(107, 251)
(107, 124)
(107, 254)
(107, 383)
(108, 129)
(108, 259)
(108, 398)
(108, 131)
(108, 281)
(108, 153)
(108, 283)
(108, 156)
(108, 287)
(108, 181)
(108, 317)
(108, 190)
(108, 321)
(108, 322)
(108, 325)
(108, 336)
(108, 358)
(108, 231)
(108, 238)
(108, 369)
(108, 245)
(108, 378)
(108, 125)
(109, 271)
(109, 272)
(109, 146)
(109, 239)
(109, 288)
(109, 199)
(109, 172)
(109, 309)
(109, 313)
(109, 186)
(109, 315)
(109, 192)
(109, 195)
(109, 326)
(109, 327)
(109, 332)
(109, 211)
(109, 213)
(109, 219)
(109, 348)
(109, 355)
(109, 228)
(109, 360)
(109, 367)
(109, 371)
(109, 118)
(109, 250)
(110, 136)
(110, 137)
(110, 394)
(110, 269)
(110, 142)
(110, 273)
(110, 147)
(110, 148)
(110, 171)
(110, 370)
(110, 179)
(110, 182)
(110, 183)
(110, 312)
(110, 188)
(110, 323)
(110, 331)
(110, 340)
(110, 377)
(110, 352)
(110, 354)
(110, 227)
(110, 316)
(110, 242)
(110, 249)
(110, 123)
(110, 124)
(111, 260)
(111, 263)
(111, 136)
(111, 137)
(111, 394)
(111, 269)
(111, 270)
(111, 399)
(111, 273)
(111, 159)
(111, 289)
(111, 168)
(111, 297)
(111, 242)
(111, 304)
(111, 179)
(111, 308)
(111, 182)
(111, 183)
(111, 185)
(111, 316)
(111, 198)
(111, 329)
(111, 334)
(111, 207)
(111, 209)
(111, 343)
(111, 345)
(111, 123)
(111, 359)
(111, 234)
(111, 113)
(111, 370)
(111, 383)
(111, 246)
(111, 119)
(111, 120)
(111, 377)
(111, 122)
(111, 379)
(111, 124)
(111, 253)
(111, 255)
(112, 387)
(112, 261)
(112, 391)
(112, 268)
(112, 143)
(112, 146)
(112, 278)
(112, 279)
(112, 152)
(112, 389)
(112, 298)
(112, 299)
(112, 178)
(112, 287)
(112, 305)
(112, 306)
(112, 315)
(112, 140)
(112, 330)
(112, 333)
(112, 205)
(112, 210)
(112, 344)
(112, 220)
(112, 221)
(112, 355)
(112, 228)
(112, 235)
(112, 237)
(112, 239)
(112, 241)
(112, 187)
(112, 245)
(112, 247)
(112, 250)
(112, 381)
(113, 260)
(113, 263)
(113, 270)
(113, 399)
(113, 121)
(113, 280)
(113, 120)
(113, 285)
(113, 159)
(113, 161)
(113, 291)
(113, 165)
(113, 168)
(113, 297)
(113, 302)
(113, 175)
(113, 304)
(113, 308)
(113, 310)
(113, 183)
(113, 185)
(113, 189)
(113, 319)
(113, 198)
(113, 329)
(113, 334)
(113, 207)
(113, 209)
(113, 343)
(113, 345)
(113, 346)
(113, 359)
(113, 233)
(113, 236)
(113, 366)
(113, 255)
(113, 157)
(113, 246)
(113, 376)
(113, 377)
(113, 122)
(113, 379)
(113, 253)
(113, 254)
(113, 383)
(114, 258)
(114, 390)
(114, 135)
(114, 141)
(114, 275)
(114, 280)
(114, 282)
(114, 284)
(114, 154)
(114, 286)
(114, 161)
(114, 291)
(114, 165)
(114, 166)
(114, 301)
(114, 189)
(114, 134)
(114, 319)
(114, 326)
(114, 163)
(114, 213)
(114, 356)
(114, 232)
(114, 233)
(114, 236)
(114, 365)
(114, 376)
(114, 121)
(114, 255)
(115, 257)
(115, 261)
(115, 396)
(115, 144)
(115, 277)
(115, 279)
(115, 285)
(115, 288)
(115, 293)
(115, 296)
(115, 169)
(115, 298)
(115, 303)
(115, 157)
(115, 178)
(115, 307)
(115, 310)
(115, 313)
(115, 186)
(115, 315)
(115, 191)
(115, 195)
(115, 201)
(115, 187)
(115, 204)
(115, 333)
(115, 338)
(115, 214)
(115, 219)
(115, 355)
(115, 230)
(115, 235)
(115, 237)
(115, 366)
(115, 368)
(115, 382)
(115, 118)
(115, 254)
(116, 384)
(116, 258)
(116, 390)
(116, 392)
(116, 393)
(116, 267)
(116, 141)
(116, 301)
(116, 275)
(116, 282)
(116, 286)
(116, 163)
(116, 166)
(116, 173)
(116, 158)
(116, 196)
(116, 356)
(116, 357)
(116, 232)
(116, 365)
(116, 243)
(116, 244)
(116, 374)
(116, 252)
(117, 386)
(117, 263)
(117, 137)
(117, 399)
(117, 159)
(117, 291)
(117, 294)
(117, 179)
(117, 308)
(117, 183)
(117, 185)
(117, 189)
(117, 119)
(117, 334)
(117, 209)
(117, 121)
(117, 346)
(117, 379)
(117, 234)
(117, 375)
(117, 377)
(117, 123)
(117, 380)
(117, 253)
(118, 261)
(118, 396)
(118, 146)
(118, 277)
(118, 239)
(118, 285)
(118, 288)
(118, 199)
(118, 172)
(118, 302)
(118, 157)
(118, 309)
(118, 313)
(118, 186)
(118, 315)
(118, 191)
(118, 195)
(118, 326)
(118, 327)
(118, 333)
(118, 211)
(118, 213)
(118, 214)
(118, 219)
(118, 355)
(118, 228)
(118, 237)
(118, 366)
(118, 367)
(118, 376)
(118, 250)
(119, 386)
(119, 260)
(119, 263)
(119, 136)
(119, 137)
(119, 394)
(119, 399)
(119, 273)
(119, 159)
(119, 291)
(119, 294)
(119, 168)
(119, 297)
(119, 370)
(119, 304)
(119, 179)
(119, 308)
(119, 182)
(119, 183)
(119, 185)
(119, 334)
(119, 207)
(119, 209)
(119, 345)
(119, 346)
(119, 123)
(119, 234)
(119, 242)
(119, 120)
(119, 377)
(119, 379)
(119, 380)
(119, 253)
(120, 260)
(120, 263)
(120, 136)
(120, 394)
(120, 269)
(120, 270)
(120, 399)
(120, 273)
(120, 184)
(120, 159)
(120, 289)
(120, 168)
(120, 297)
(120, 242)
(120, 304)
(120, 179)
(120, 308)
(120, 310)
(120, 183)
(120, 312)
(120, 185)
(120, 316)
(120, 182)
(120, 198)
(120, 329)
(120, 334)
(120, 207)
(120, 209)
(120, 343)
(120, 345)
(120, 123)
(120, 359)
(120, 234)
(120, 255)
(120, 370)
(120, 246)
(120, 377)
(120, 122)
(120, 379)
(120, 124)
(120, 253)
(120, 383)
(121, 258)
(121, 260)
(121, 134)
(121, 141)
(121, 280)
(121, 282)
(121, 284)
(121, 154)
(121, 159)
(121, 161)
(121, 291)
(121, 165)
(121, 294)
(121, 302)
(121, 175)
(121, 304)
(121, 185)
(121, 189)
(121, 319)
(121, 329)
(121, 334)
(121, 346)
(121, 232)
(121, 233)
(121, 236)
(121, 365)
(121, 366)
(121, 375)
(121, 376)
(121, 122)
(121, 380)
(121, 253)
(121, 255)
(122, 260)
(122, 263)
(122, 270)
(122, 399)
(122, 280)
(122, 285)
(122, 159)
(122, 161)
(122, 291)
(122, 165)
(122, 168)
(122, 297)
(122, 302)
(122, 175)
(122, 304)
(122, 308)
(122, 310)
(122, 185)
(122, 189)
(122, 319)
(122, 198)
(122, 329)
(122, 334)
(122, 207)
(122, 343)
(122, 345)
(122, 346)
(122, 359)
(122, 233)
(122, 236)
(122, 366)
(122, 255)
(122, 157)
(122, 376)
(122, 377)
(122, 379)
(122, 253)
(122, 254)
(122, 383)
(123, 386)
(123, 263)
(123, 136)
(123, 137)
(123, 394)
(123, 399)
(123, 273)
(123, 159)
(123, 291)
(123, 294)
(123, 370)
(123, 179)
(123, 308)
(123, 182)
(123, 183)
(123, 185)
(123, 334)
(123, 207)
(123, 209)
(123, 345)
(123, 346)
(123, 354)
(123, 227)
(123, 234)
(123, 242)
(123, 377)
(123, 379)
(123, 380)
(123, 253)
(124, 136)
(124, 394)
(124, 269)
(124, 270)
(124, 273)
(124, 289)
(124, 295)
(124, 168)
(124, 297)
(124, 300)
(124, 242)
(124, 308)
(124, 182)
(124, 183)
(124, 312)
(124, 314)
(124, 249)
(124, 316)
(124, 318)
(124, 323)
(124, 198)
(124, 331)
(124, 207)
(124, 184)
(124, 227)
(124, 343)
(124, 345)
(124, 222)
(124, 251)
(124, 359)
(124, 188)
(124, 370)
(124, 246)
(124, 377)
(124, 379)
(124, 383)
(125, 129)
(125, 259)
(125, 266)
(125, 397)
(125, 131)
(125, 279)
(125, 281)
(125, 283)
(125, 156)
(125, 167)
(125, 369)
(125, 169)
(125, 298)
(125, 178)
(125, 307)
(125, 181)
(125, 187)
(125, 317)
(125, 190)
(125, 322)
(125, 325)
(125, 205)
(125, 335)
(125, 336)
(125, 338)
(125, 339)
(125, 215)
(125, 216)
(125, 218)
(125, 225)
(125, 358)
(125, 231)
(125, 235)
(125, 210)
(125, 238)
(125, 240)
(125, 241)
(125, 245)
(125, 378)
(125, 382)
(126, 256)
(126, 262)
(126, 264)
(126, 139)
(126, 274)
(126, 276)
(126, 160)
(126, 349)
(126, 180)
(126, 311)
(126, 320)
(126, 324)
(126, 337)
(126, 217)
(126, 221)
(126, 353)
(126, 226)
(126, 127)
(127, 256)
(127, 387)
(127, 264)
(127, 139)
(127, 145)
(127, 278)
(127, 180)
(127, 311)
(127, 320)
(127, 330)
(127, 217)
(127, 247)
(128, 385)
(128, 388)
(128, 133)
(128, 265)
(128, 397)
(128, 155)
(128, 164)
(128, 194)
(128, 292)
(128, 328)
(128, 202)
(128, 206)
(128, 212)
(128, 347)
(128, 229)
(128, 361)
(128, 363)
(128, 240)
(129, 259)
(129, 398)
(129, 281)
(129, 153)
(129, 283)
(129, 287)
(129, 369)
(129, 181)
(129, 190)
(129, 322)
(129, 325)
(129, 205)
(129, 336)
(129, 344)
(129, 220)
(129, 358)
(129, 231)
(129, 238)
(129, 241)
(129, 245)
(129, 378)
(130, 385)
(130, 133)
(130, 321)
(130, 362)
(130, 167)
(130, 364)
(130, 177)
(130, 372)
(130, 149)
(130, 150)
(130, 212)
(130, 156)
(130, 350)
(130, 223)
(131, 385)
(131, 259)
(131, 266)
(131, 397)
(131, 150)
(131, 279)
(131, 281)
(131, 283)
(131, 156)
(131, 167)
(131, 169)
(131, 307)
(131, 181)
(131, 317)
(131, 190)
(131, 321)
(131, 322)
(131, 194)
(131, 206)
(131, 335)
(131, 338)
(131, 339)
(131, 342)
(131, 215)
(131, 216)
(131, 218)
(131, 223)
(131, 225)
(131, 358)
(131, 231)
(131, 235)
(131, 240)
(131, 369)
(131, 245)
(131, 382)
(132, 390)
(132, 135)
(132, 392)
(132, 393)
(132, 138)
(132, 267)
(132, 272)
(132, 275)
(132, 158)
(132, 163)
(132, 166)
(132, 170)
(132, 193)
(132, 200)
(132, 341)
(132, 356)
(132, 360)
(132, 243)
(132, 248)
(133, 385)
(133, 388)
(133, 149)
(133, 150)
(133, 156)
(133, 292)
(133, 167)
(133, 177)
(133, 206)
(133, 212)
(133, 216)
(133, 218)
(133, 350)
(133, 223)
(133, 362)
(133, 363)
(133, 364)
(133, 372)
(134, 258)
(134, 390)
(134, 135)
(134, 141)
(134, 272)
(134, 275)
(134, 280)
(134, 282)
(134, 284)
(134, 154)
(134, 161)
(134, 163)
(134, 165)
(134, 166)
(134, 301)
(134, 189)
(134, 319)
(134, 193)
(134, 326)
(134, 211)
(134, 213)
(134, 356)
(134, 360)
(134, 233)
(134, 236)
(134, 365)
(134, 366)
(134, 232)
(134, 376)
(135, 258)
(135, 390)
(135, 392)
(135, 393)
(135, 138)
(135, 141)
(135, 272)
(135, 275)
(135, 282)
(135, 284)
(135, 154)
(135, 286)
(135, 161)
(135, 163)
(135, 166)
(135, 170)
(135, 301)
(135, 158)
(135, 193)
(135, 326)
(135, 200)
(135, 341)
(135, 356)
(135, 360)
(135, 233)
(135, 236)
(135, 365)
(135, 232)
(135, 213)
(136, 263)
(136, 137)
(136, 394)
(136, 269)
(136, 270)
(136, 273)
(136, 289)
(136, 295)
(136, 168)
(136, 297)
(136, 242)
(136, 179)
(136, 308)
(136, 182)
(136, 183)
(136, 312)
(136, 316)
(136, 377)
(136, 323)
(136, 198)
(136, 331)
(136, 207)
(136, 184)
(136, 142)
(136, 343)
(136, 345)
(136, 354)
(136, 227)
(136, 359)
(136, 188)
(136, 234)
(136, 370)
(136, 246)
(136, 249)
(136, 379)
(136, 383)
(137, 386)
(137, 263)
(137, 394)
(137, 399)
(137, 273)
(137, 370)
(137, 179)
(137, 308)
(137, 182)
(137, 183)
(137, 188)
(137, 323)
(137, 207)
(137, 209)
(137, 377)
(137, 354)
(137, 227)
(137, 234)
(137, 242)
(137, 249)
(137, 379)
(137, 380)
(137, 253)
(138, 390)
(138, 392)
(138, 393)
(138, 267)
(138, 272)
(138, 275)
(138, 282)
(138, 158)
(138, 163)
(138, 166)
(138, 170)
(138, 193)
(138, 326)
(138, 200)
(138, 341)
(138, 356)
(138, 360)
(138, 365)
(138, 243)
(138, 373)
(138, 248)
(139, 320)
(139, 256)
(139, 264)
(139, 311)
(139, 180)
(139, 247)
(139, 217)
(139, 349)
(140, 387)
(140, 389)
(140, 262)
(140, 391)
(140, 268)
(140, 143)
(140, 146)
(140, 279)
(140, 152)
(140, 261)
(140, 288)
(140, 298)
(140, 299)
(140, 178)
(140, 305)
(140, 306)
(140, 309)
(140, 315)
(140, 195)
(140, 327)
(140, 332)
(140, 333)
(140, 205)
(140, 210)
(140, 220)
(140, 221)
(140, 355)
(140, 228)
(140, 237)
(140, 239)
(140, 241)
(140, 187)
(140, 247)
(140, 250)
(140, 381)
(141, 258)
(141, 390)
(141, 392)
(141, 393)
(141, 267)
(141, 275)
(141, 282)
(141, 284)
(141, 154)
(141, 286)
(141, 161)
(141, 163)
(141, 166)
(141, 301)
(141, 158)
(141, 189)
(141, 196)
(141, 356)
(141, 357)
(141, 232)
(141, 233)
(141, 236)
(141, 365)
(141, 244)
(141, 374)
(141, 375)
(141, 252)
(142, 394)
(142, 269)
(142, 273)
(142, 147)
(142, 148)
(142, 295)
(142, 171)
(142, 370)
(142, 312)
(142, 188)
(142, 323)
(142, 331)
(142, 340)
(142, 352)
(142, 354)
(142, 227)
(142, 316)
(142, 242)
(142, 249)
(143, 387)
(143, 261)
(143, 391)
(143, 268)
(143, 398)
(143, 145)
(143, 146)
(143, 278)
(143, 279)
(143, 152)
(143, 153)
(143, 389)
(143, 298)
(143, 299)
(143, 178)
(143, 305)
(143, 306)
(143, 181)
(143, 287)
(143, 190)
(143, 330)
(143, 333)
(143, 205)
(143, 210)
(143, 344)
(143, 220)
(143, 221)
(143, 355)
(143, 235)
(143, 241)
(143, 187)
(143, 245)
(143, 247)
(143, 250)
(143, 381)
(144, 257)
(144, 214)
(144, 266)
(144, 396)
(144, 397)
(144, 151)
(144, 368)
(144, 290)
(144, 164)
(144, 293)
(144, 296)
(144, 169)
(144, 303)
(144, 176)
(144, 307)
(144, 187)
(144, 194)
(144, 328)
(144, 201)
(144, 203)
(144, 204)
(144, 162)
(144, 206)
(144, 335)
(144, 208)
(144, 338)
(144, 339)
(144, 342)
(144, 215)
(144, 225)
(144, 230)
(144, 361)
(144, 235)
(144, 240)
(144, 382)
(145, 256)
(145, 387)
(145, 391)
(145, 398)
(145, 278)
(145, 153)
(145, 287)
(145, 305)
(145, 306)
(145, 180)
(145, 330)
(145, 205)
(145, 344)
(145, 220)
(145, 247)
(145, 381)
(146, 389)
(146, 262)
(146, 391)
(146, 268)
(146, 279)
(146, 152)
(146, 261)
(146, 288)
(146, 298)
(146, 299)
(146, 172)
(146, 178)
(146, 306)
(146, 309)
(146, 313)
(146, 186)
(146, 315)
(146, 192)
(146, 160)
(146, 195)
(146, 327)
(146, 332)
(146, 333)
(146, 205)
(146, 210)
(146, 211)
(146, 214)
(146, 219)
(146, 220)
(146, 221)
(146, 199)
(146, 355)
(146, 228)
(146, 237)
(146, 239)
(146, 241)
(146, 371)
(146, 187)
(146, 250)
(146, 381)
(147, 352)
(147, 148)
(147, 323)
(147, 295)
(147, 331)
(147, 227)
(147, 340)
(147, 171)
(147, 249)
(147, 188)
(148, 394)
(148, 273)
(148, 171)
(148, 188)
(148, 323)
(148, 331)
(148, 340)
(148, 352)
(148, 354)
(148, 227)
(148, 370)
(148, 249)
(149, 385)
(149, 388)
(149, 150)
(149, 156)
(149, 292)
(149, 167)
(149, 177)
(149, 223)
(149, 321)
(149, 206)
(149, 212)
(149, 216)
(149, 218)
(149, 350)
(149, 362)
(149, 364)
(149, 372)
(150, 385)
(150, 388)
(150, 281)
(150, 156)
(150, 292)
(150, 167)
(150, 177)
(150, 317)
(150, 321)
(150, 206)
(150, 335)
(150, 212)
(150, 216)
(150, 218)
(150, 350)
(150, 223)
(150, 225)
(150, 231)
(150, 362)
(150, 364)
(150, 372)
(151, 257)
(151, 397)
(151, 155)
(151, 368)
(151, 290)
(151, 164)
(151, 293)
(151, 296)
(151, 300)
(151, 303)
(151, 176)
(151, 307)
(151, 314)
(151, 318)
(151, 194)
(151, 328)
(151, 201)
(151, 202)
(151, 203)
(151, 204)
(151, 162)
(151, 208)
(151, 338)
(151, 339)
(151, 342)
(151, 347)
(151, 224)
(151, 225)
(151, 230)
(151, 361)
(151, 240)
(151, 251)
(152, 387)
(152, 389)
(152, 391)
(152, 266)
(152, 268)
(152, 279)
(152, 261)
(152, 288)
(152, 298)
(152, 299)
(152, 178)
(152, 305)
(152, 306)
(152, 186)
(152, 315)
(152, 195)
(152, 396)
(152, 187)
(152, 333)
(152, 205)
(152, 210)
(152, 214)
(152, 219)
(152, 220)
(152, 355)
(152, 228)
(152, 235)
(152, 237)
(152, 241)
(152, 245)
(152, 250)
(152, 381)
(152, 382)
(153, 387)
(153, 398)
(153, 278)
(153, 287)
(153, 305)
(153, 306)
(153, 181)
(153, 190)
(153, 322)
(153, 325)
(153, 330)
(153, 205)
(153, 336)
(153, 344)
(153, 220)
(153, 358)
(153, 238)
(153, 369)
(153, 378)
(154, 258)
(154, 390)
(154, 275)
(154, 280)
(154, 282)
(154, 284)
(154, 286)
(154, 161)
(154, 291)
(154, 165)
(154, 166)
(154, 301)
(154, 189)
(154, 319)
(154, 326)
(154, 163)
(154, 213)
(154, 356)
(154, 232)
(154, 233)
(154, 236)
(154, 365)
(154, 375)
(154, 376)
(154, 255)
(155, 385)
(155, 388)
(155, 265)
(155, 397)
(155, 290)
(155, 292)
(155, 176)
(155, 194)
(155, 328)
(155, 202)
(155, 203)
(155, 162)
(155, 206)
(155, 335)
(155, 212)
(155, 342)
(155, 164)
(155, 347)
(155, 224)
(155, 225)
(155, 229)
(155, 361)
(155, 363)
(155, 240)
(156, 385)
(156, 259)
(156, 281)
(156, 283)
(156, 167)
(156, 177)
(156, 181)
(156, 317)
(156, 190)
(156, 321)
(156, 322)
(156, 335)
(156, 336)
(156, 215)
(156, 216)
(156, 218)
(156, 350)
(156, 223)
(156, 225)
(156, 358)
(156, 231)
(156, 362)
(156, 369)
(156, 245)
(156, 378)
(157, 257)
(157, 260)
(157, 396)
(157, 270)
(157, 277)
(157, 280)
(157, 285)
(157, 288)
(157, 293)
(157, 296)
(157, 302)
(157, 175)
(157, 304)
(157, 310)
(157, 201)
(157, 313)
(157, 186)
(157, 315)
(157, 319)
(157, 195)
(157, 198)
(157, 329)
(157, 204)
(157, 211)
(157, 214)
(157, 343)
(157, 219)
(157, 165)
(157, 359)
(157, 237)
(157, 366)
(157, 376)
(157, 191)
(157, 254)
(158, 384)
(158, 390)
(158, 392)
(158, 393)
(158, 267)
(158, 301)
(158, 275)
(158, 282)
(158, 286)
(158, 163)
(158, 166)
(158, 170)
(158, 173)
(158, 193)
(158, 196)
(158, 341)
(158, 356)
(158, 357)
(158, 232)
(158, 365)
(158, 243)
(158, 244)
(158, 374)
(158, 248)
(159, 386)
(159, 260)
(159, 263)
(159, 399)
(159, 280)
(159, 291)
(159, 165)
(159, 294)
(159, 168)
(159, 297)
(159, 175)
(159, 304)
(159, 179)
(159, 308)
(159, 182)
(159, 183)
(159, 185)
(159, 189)
(159, 319)
(159, 198)
(159, 329)
(159, 334)
(159, 207)
(159, 209)
(159, 343)
(159, 345)
(159, 346)
(159, 359)
(159, 233)
(159, 234)
(159, 236)
(159, 375)
(159, 377)
(159, 379)
(159, 380)
(159, 253)
(159, 255)
(160, 192)
(160, 262)
(160, 391)
(160, 268)
(160, 271)
(160, 274)
(160, 276)
(160, 367)
(160, 299)
(160, 172)
(160, 221)
(160, 180)
(160, 309)
(160, 320)
(160, 324)
(160, 327)
(160, 332)
(160, 337)
(160, 348)
(160, 349)
(160, 199)
(160, 226)
(160, 228)
(160, 239)
(160, 371)
(160, 247)
(160, 250)
(160, 381)
(161, 260)
(161, 390)
(161, 272)
(161, 280)
(161, 282)
(161, 284)
(161, 285)
(161, 163)
(161, 165)
(161, 166)
(161, 302)
(161, 175)
(161, 189)
(161, 319)
(161, 326)
(161, 211)
(161, 213)
(161, 356)
(161, 360)
(161, 233)
(161, 236)
(161, 365)
(161, 366)
(161, 232)
(161, 376)
(161, 255)
(162, 265)
(162, 397)
(162, 368)
(162, 290)
(162, 164)
(162, 293)
(162, 296)
(162, 300)
(162, 174)
(162, 303)
(162, 176)
(162, 314)
(162, 318)
(162, 194)
(162, 328)
(162, 202)
(162, 203)
(162, 204)
(162, 208)
(162, 339)
(162, 342)
(162, 347)
(162, 351)
(162, 224)
(162, 229)
(162, 230)
(162, 361)
(162, 240)
(162, 251)
(163, 258)
(163, 390)
(163, 392)
(163, 393)
(163, 267)
(163, 272)
(163, 275)
(163, 282)
(163, 284)
(163, 286)
(163, 166)
(163, 170)
(163, 301)
(163, 193)
(163, 326)
(163, 200)
(163, 341)
(163, 356)
(163, 360)
(163, 233)
(163, 236)
(163, 365)
(163, 232)
(163, 243)
(163, 248)
(163, 213)
(164, 388)
(164, 265)
(164, 397)
(164, 290)
(164, 292)
(164, 176)
(164, 194)
(164, 328)
(164, 202)
(164, 203)
(164, 206)
(164, 335)
(164, 212)
(164, 342)
(164, 347)
(164, 224)
(164, 225)
(164, 229)
(164, 361)
(164, 363)
(164, 240)
(165, 260)
(165, 263)
(165, 280)
(165, 284)
(165, 285)
(165, 291)
(165, 302)
(165, 175)
(165, 304)
(165, 310)
(165, 185)
(165, 189)
(165, 319)
(165, 198)
(165, 329)
(165, 334)
(165, 343)
(165, 346)
(165, 359)
(165, 232)
(165, 233)
(165, 236)
(165, 366)
(165, 376)
(165, 253)
(165, 255)
(166, 258)
(166, 390)
(166, 392)
(166, 393)
(166, 267)
(166, 272)
(166, 275)
(166, 282)
(166, 284)
(166, 286)
(166, 170)
(166, 301)
(166, 193)
(166, 326)
(166, 200)
(166, 341)
(166, 356)
(166, 357)
(166, 360)
(166, 365)
(166, 232)
(166, 243)
(166, 374)
(166, 248)
(167, 385)
(167, 259)
(167, 388)
(167, 397)
(167, 281)
(167, 283)
(167, 292)
(167, 177)
(167, 317)
(167, 321)
(167, 194)
(167, 206)
(167, 335)
(167, 339)
(167, 212)
(167, 215)
(167, 216)
(167, 218)
(167, 350)
(167, 223)
(167, 225)
(167, 358)
(167, 231)
(167, 362)
(167, 240)
(167, 372)
(168, 260)
(168, 263)
(168, 269)
(168, 270)
(168, 399)
(168, 289)
(168, 297)
(168, 302)
(168, 175)
(168, 304)
(168, 308)
(168, 310)
(168, 183)
(168, 184)
(168, 185)
(168, 316)
(168, 182)
(168, 198)
(168, 329)
(168, 334)
(168, 207)
(168, 209)
(168, 343)
(168, 345)
(168, 359)
(168, 234)
(168, 242)
(168, 383)
(168, 246)
(168, 377)
(168, 379)
(168, 253)
(168, 254)
(168, 255)
(169, 257)
(169, 259)
(169, 214)
(169, 266)
(169, 396)
(169, 397)
(169, 279)
(169, 283)
(169, 240)
(169, 290)
(169, 293)
(169, 296)
(169, 298)
(169, 303)
(169, 178)
(169, 307)
(169, 181)
(169, 201)
(169, 187)
(169, 317)
(169, 190)
(169, 194)
(169, 210)
(169, 203)
(169, 333)
(169, 335)
(169, 338)
(169, 339)
(169, 342)
(169, 215)
(169, 216)
(169, 218)
(169, 225)
(169, 230)
(169, 358)
(169, 235)
(169, 237)
(169, 368)
(169, 241)
(169, 245)
(169, 382)
(170, 390)
(170, 392)
(170, 393)
(170, 267)
(170, 272)
(170, 275)
(170, 193)
(170, 200)
(170, 341)
(170, 360)
(170, 243)
(170, 248)
(171, 352)
(171, 323)
(171, 295)
(171, 331)
(171, 227)
(171, 340)
(171, 312)
(171, 249)
(171, 188)
(172, 261)
(172, 268)
(172, 271)
(172, 272)
(172, 239)
(172, 288)
(172, 299)
(172, 309)
(172, 313)
(172, 186)
(172, 315)
(172, 192)
(172, 195)
(172, 324)
(172, 326)
(172, 327)
(172, 332)
(172, 211)
(172, 213)
(172, 219)
(172, 348)
(172, 199)
(172, 355)
(172, 228)
(172, 360)
(172, 367)
(172, 371)
(172, 250)
(173, 384)
(173, 258)
(173, 196)
(173, 357)
(173, 390)
(173, 392)
(173, 393)
(173, 267)
(173, 301)
(173, 244)
(173, 374)
(173, 252)
(173, 286)
(174, 395)
(174, 312)
(174, 295)
(174, 300)
(174, 184)
(174, 314)
(174, 318)
(174, 197)
(174, 328)
(174, 202)
(174, 208)
(174, 347)
(174, 222)
(174, 351)
(174, 224)
(174, 251)
(175, 260)
(175, 270)
(175, 277)
(175, 280)
(175, 285)
(175, 185)
(175, 302)
(175, 304)
(175, 310)
(175, 313)
(175, 186)
(175, 189)
(175, 319)
(175, 198)
(175, 329)
(175, 334)
(175, 213)
(175, 343)
(175, 359)
(175, 233)
(175, 236)
(175, 366)
(175, 376)
(175, 191)
(175, 254)
(175, 255)
(176, 257)
(176, 397)
(176, 290)
(176, 293)
(176, 296)
(176, 300)
(176, 303)
(176, 314)
(176, 318)
(176, 194)
(176, 328)
(176, 202)
(176, 203)
(176, 204)
(176, 208)
(176, 338)
(176, 339)
(176, 342)
(176, 347)
(176, 224)
(176, 230)
(176, 361)
(176, 368)
(176, 251)
(176, 383)
(177, 385)
(177, 281)
(177, 223)
(177, 321)
(177, 336)
(177, 216)
(177, 350)
(177, 231)
(177, 362)
(177, 364)
(177, 372)
(178, 257)
(178, 259)
(178, 389)
(178, 266)
(178, 396)
(178, 277)
(178, 279)
(178, 283)
(178, 261)
(178, 288)
(178, 210)
(178, 298)
(178, 303)
(178, 306)
(178, 307)
(178, 181)
(178, 186)
(178, 187)
(178, 190)
(178, 195)
(178, 201)
(178, 333)
(178, 205)
(178, 338)
(178, 339)
(178, 214)
(178, 215)
(178, 220)
(178, 355)
(178, 235)
(178, 237)
(178, 241)
(178, 245)
(178, 250)
(178, 382)
(179, 386)
(179, 263)
(179, 394)
(179, 399)
(179, 273)
(179, 294)
(179, 370)
(179, 308)
(179, 182)
(179, 183)
(179, 185)
(179, 188)
(179, 334)
(179, 207)
(179, 209)
(179, 345)
(179, 346)
(179, 354)
(179, 227)
(179, 234)
(179, 242)
(179, 377)
(179, 379)
(179, 380)
(179, 253)
(180, 256)
(180, 387)
(180, 262)
(180, 391)
(180, 264)
(180, 268)
(180, 276)
(180, 278)
(180, 221)
(180, 305)
(180, 311)
(180, 320)
(180, 324)
(180, 330)
(180, 217)
(180, 349)
(180, 226)
(180, 247)
(180, 381)
(181, 259)
(181, 389)
(181, 266)
(181, 398)
(181, 216)
(181, 279)
(181, 281)
(181, 283)
(181, 287)
(181, 369)
(181, 298)
(181, 187)
(181, 317)
(181, 190)
(181, 322)
(181, 325)
(181, 205)
(181, 336)
(181, 210)
(181, 215)
(181, 344)
(181, 220)
(181, 358)
(181, 231)
(181, 235)
(181, 238)
(181, 241)
(181, 245)
(181, 378)
(181, 382)
(182, 263)
(182, 394)
(182, 269)
(182, 270)
(182, 399)
(182, 273)
(182, 184)
(182, 289)
(182, 297)
(182, 242)
(182, 304)
(182, 308)
(182, 183)
(182, 312)
(182, 185)
(182, 249)
(182, 316)
(182, 323)
(182, 198)
(182, 331)
(182, 334)
(182, 207)
(182, 209)
(182, 343)
(182, 345)
(182, 354)
(182, 227)
(182, 359)
(182, 188)
(182, 234)
(182, 370)
(182, 246)
(182, 377)
(182, 379)
(182, 253)
(182, 383)
(183, 386)
(183, 260)
(183, 263)
(183, 394)
(183, 269)
(183, 399)
(183, 273)
(183, 291)
(183, 297)
(183, 242)
(183, 304)
(183, 308)
(183, 185)
(183, 249)
(183, 198)
(183, 334)
(183, 207)
(183, 209)
(183, 343)
(183, 345)
(183, 346)
(183, 354)
(183, 227)
(183, 359)
(183, 234)
(183, 370)
(183, 246)
(183, 377)
(183, 379)
(183, 380)
(183, 253)
(184, 395)
(184, 269)
(184, 270)
(184, 289)
(184, 295)
(184, 297)
(184, 300)
(184, 312)
(184, 314)
(184, 316)
(184, 318)
(184, 197)
(184, 331)
(184, 207)
(184, 208)
(184, 345)
(184, 222)
(184, 351)
(184, 359)
(184, 242)
(184, 246)
(184, 249)
(184, 251)
(184, 383)
(185, 386)
(185, 260)
(185, 263)
(185, 399)
(185, 280)
(185, 291)
(185, 294)
(185, 297)
(185, 302)
(185, 304)
(185, 308)
(185, 189)
(185, 319)
(185, 198)
(185, 329)
(185, 334)
(185, 207)
(185, 209)
(185, 343)
(185, 345)
(185, 346)
(185, 359)
(185, 233)
(185, 234)
(185, 236)
(185, 375)
(185, 377)
(185, 379)
(185, 380)
(185, 253)
(185, 255)
(186, 257)
(186, 261)
(186, 396)
(186, 277)
(186, 285)
(186, 288)
(186, 296)
(186, 302)
(186, 310)
(186, 313)
(186, 315)
(186, 191)
(186, 195)
(186, 327)
(186, 201)
(186, 333)
(186, 211)
(186, 214)
(186, 219)
(186, 355)
(186, 228)
(186, 237)
(186, 366)
(186, 187)
(186, 376)
(186, 250)
(186, 254)
(187, 257)
(187, 259)
(187, 261)
(187, 266)
(187, 396)
(187, 277)
(187, 279)
(187, 283)
(187, 389)
(187, 288)
(187, 293)
(187, 296)
(187, 298)
(187, 303)
(187, 307)
(187, 201)
(187, 190)
(187, 195)
(187, 210)
(187, 333)
(187, 205)
(187, 338)
(187, 339)
(187, 214)
(187, 215)
(187, 220)
(187, 355)
(187, 235)
(187, 237)
(187, 368)
(187, 241)
(187, 245)
(187, 382)
(188, 394)
(188, 269)
(188, 273)
(188, 295)
(188, 370)
(188, 312)
(188, 316)
(188, 323)
(188, 331)
(188, 340)
(188, 352)
(188, 354)
(188, 227)
(188, 242)
(188, 249)
(189, 386)
(189, 260)
(189, 263)
(189, 258)
(189, 399)
(189, 280)
(189, 282)
(189, 284)
(189, 291)
(189, 294)
(189, 304)
(189, 319)
(189, 334)
(189, 209)
(189, 346)
(189, 232)
(189, 233)
(189, 236)
(189, 365)
(189, 375)
(189, 380)
(189, 253)
(189, 255)
(190, 259)
(190, 389)
(190, 266)
(190, 398)
(190, 216)
(190, 279)
(190, 281)
(190, 283)
(190, 287)
(190, 369)
(190, 298)
(190, 317)
(190, 322)
(190, 325)
(190, 205)
(190, 336)
(190, 210)
(190, 215)
(190, 344)
(190, 218)
(190, 220)
(190, 358)
(190, 231)
(190, 235)
(190, 238)
(190, 241)
(190, 245)
(190, 378)
(190, 382)
(191, 257)
(191, 396)
(191, 270)
(191, 277)
(191, 280)
(191, 285)
(191, 288)
(191, 293)
(191, 296)
(191, 302)
(191, 303)
(191, 307)
(191, 310)
(191, 201)
(191, 313)
(191, 195)
(191, 198)
(191, 329)
(191, 204)
(191, 338)
(191, 214)
(191, 219)
(191, 230)
(191, 359)
(191, 237)
(191, 366)
(191, 368)
(191, 376)
(191, 254)
(191, 383)
(192, 262)
(192, 268)
(192, 271)
(192, 274)
(192, 276)
(192, 367)
(192, 299)
(192, 221)
(192, 309)
(192, 320)
(192, 324)
(192, 327)
(192, 332)
(192, 337)
(192, 348)
(192, 349)
(192, 199)
(192, 226)
(192, 355)
(192, 228)
(192, 239)
(192, 371)
(192, 373)
(192, 250)
(193, 390)
(193, 392)
(193, 393)
(193, 267)
(193, 272)
(193, 275)
(193, 282)
(193, 286)
(193, 326)
(193, 200)
(193, 341)
(193, 356)
(193, 360)
(193, 365)
(193, 243)
(193, 248)
(194, 385)
(194, 388)
(194, 265)
(194, 266)
(194, 397)
(194, 240)
(194, 290)
(194, 292)
(194, 303)
(194, 307)
(194, 317)
(194, 328)
(194, 203)
(194, 206)
(194, 335)
(194, 338)
(194, 339)
(194, 212)
(194, 342)
(194, 215)
(194, 216)
(194, 218)
(194, 225)
(194, 229)
(194, 230)
(194, 361)
(194, 363)
(194, 368)
(194, 382)
(195, 261)
(195, 396)
(195, 277)
(195, 285)
(195, 288)
(195, 298)
(195, 299)
(195, 309)
(195, 313)
(195, 315)
(195, 327)
(195, 201)
(195, 333)
(195, 210)
(195, 211)
(195, 214)
(195, 219)
(195, 199)
(195, 355)
(195, 228)
(195, 237)
(195, 366)
(195, 376)
(195, 250)
(196, 384)
(196, 258)
(196, 390)
(196, 392)
(196, 393)
(196, 267)
(196, 275)
(196, 286)
(196, 301)
(196, 356)
(196, 357)
(196, 244)
(196, 374)
(196, 252)
(197, 395)
(197, 269)
(197, 295)
(197, 312)
(197, 314)
(197, 316)
(197, 318)
(197, 331)
(197, 340)
(197, 222)
(197, 351)
(197, 352)
(197, 251)
(198, 260)
(198, 263)
(198, 269)
(198, 270)
(198, 399)
(198, 280)
(198, 285)
(198, 289)
(198, 297)
(198, 302)
(198, 304)
(198, 308)
(198, 310)
(198, 319)
(198, 329)
(198, 334)
(198, 207)
(198, 343)
(198, 345)
(198, 359)
(198, 366)
(198, 255)
(198, 246)
(198, 376)
(198, 377)
(198, 379)
(198, 254)
(198, 383)
(199, 262)
(199, 268)
(199, 271)
(199, 272)
(199, 239)
(199, 299)
(199, 309)
(199, 315)
(199, 324)
(199, 326)
(199, 327)
(199, 332)
(199, 211)
(199, 219)
(199, 348)
(199, 226)
(199, 355)
(199, 228)
(199, 360)
(199, 367)
(199, 371)
(199, 373)
(199, 250)
(200, 271)
(200, 272)
(200, 275)
(200, 326)
(200, 341)
(200, 360)
(200, 367)
(200, 243)
(200, 373)
(200, 248)
(201, 257)
(201, 214)
(201, 266)
(201, 396)
(201, 397)
(201, 277)
(201, 279)
(201, 288)
(201, 290)
(201, 293)
(201, 296)
(201, 298)
(201, 303)
(201, 307)
(201, 203)
(201, 204)
(201, 333)
(201, 338)
(201, 339)
(201, 342)
(201, 215)
(201, 230)
(201, 235)
(201, 237)
(201, 368)
(201, 382)
(201, 254)
(202, 388)
(202, 265)
(202, 292)
(202, 314)
(202, 318)
(202, 328)
(202, 203)
(202, 208)
(202, 342)
(202, 347)
(202, 351)
(202, 224)
(202, 229)
(202, 361)
(202, 363)
(203, 257)
(203, 396)
(203, 397)
(203, 368)
(203, 290)
(203, 293)
(203, 296)
(203, 300)
(203, 303)
(203, 307)
(203, 318)
(203, 328)
(203, 204)
(203, 335)
(203, 208)
(203, 338)
(203, 339)
(203, 342)
(203, 225)
(203, 230)
(203, 361)
(203, 240)
(203, 251)
(204, 257)
(204, 396)
(204, 270)
(204, 289)
(204, 290)
(204, 293)
(204, 296)
(204, 300)
(204, 303)
(204, 307)
(204, 310)
(204, 314)
(204, 318)
(204, 208)
(204, 338)
(204, 342)
(204, 230)
(204, 359)
(204, 368)
(204, 251)
(204, 254)
(204, 383)
(205, 387)
(205, 389)
(205, 391)
(205, 266)
(205, 398)
(205, 259)
(205, 278)
(205, 279)
(205, 283)
(205, 287)
(205, 261)
(205, 241)
(205, 298)
(205, 305)
(205, 306)
(205, 322)
(205, 325)
(205, 330)
(205, 333)
(205, 210)
(205, 215)
(205, 344)
(205, 220)
(205, 358)
(205, 235)
(205, 238)
(205, 369)
(205, 245)
(205, 378)
(205, 381)
(205, 382)
(206, 385)
(206, 388)
(206, 265)
(206, 397)
(206, 292)
(206, 317)
(206, 328)
(206, 335)
(206, 339)
(206, 212)
(206, 342)
(206, 216)
(206, 218)
(206, 350)
(206, 225)
(206, 229)
(206, 361)
(206, 362)
(206, 363)
(206, 240)
(206, 372)
(207, 260)
(207, 263)
(207, 394)
(207, 269)
(207, 270)
(207, 399)
(207, 273)
(207, 289)
(207, 297)
(207, 242)
(207, 304)
(207, 308)
(207, 312)
(207, 249)
(207, 316)
(207, 331)
(207, 334)
(207, 209)
(207, 343)
(207, 345)
(207, 227)
(207, 359)
(207, 234)
(207, 370)
(207, 246)
(207, 377)
(207, 379)
(207, 253)
(207, 383)
(208, 270)
(208, 289)
(208, 290)
(208, 293)
(208, 296)
(208, 300)
(208, 303)
(208, 314)
(208, 318)
(208, 328)
(208, 342)
(208, 347)
(208, 351)
(208, 224)
(208, 230)
(208, 361)
(208, 368)
(208, 251)
(208, 383)
(209, 386)
(209, 260)
(209, 263)
(209, 394)
(209, 399)
(209, 273)
(209, 291)
(209, 294)
(209, 297)
(209, 370)
(209, 304)
(209, 308)
(209, 334)
(209, 345)
(209, 346)
(209, 234)
(209, 242)
(209, 375)
(209, 377)
(209, 379)
(209, 380)
(209, 253)
(209, 255)
(210, 259)
(210, 261)
(210, 266)
(210, 396)
(210, 279)
(210, 283)
(210, 389)
(210, 288)
(210, 298)
(210, 299)
(210, 287)
(210, 305)
(210, 306)
(210, 307)
(210, 315)
(210, 333)
(210, 214)
(210, 215)
(210, 220)
(210, 355)
(210, 235)
(210, 237)
(210, 241)
(210, 245)
(210, 250)
(210, 382)
(211, 261)
(211, 272)
(211, 277)
(211, 367)
(211, 285)
(211, 288)
(211, 302)
(211, 309)
(211, 313)
(211, 315)
(211, 326)
(211, 327)
(211, 213)
(211, 219)
(211, 348)
(211, 355)
(211, 228)
(211, 360)
(211, 237)
(211, 366)
(211, 239)
(211, 376)
(211, 250)
(212, 385)
(212, 388)
(212, 292)
(212, 223)
(212, 335)
(212, 216)
(212, 218)
(212, 350)
(212, 225)
(212, 229)
(212, 362)
(212, 363)
(212, 364)
(212, 240)
(212, 372)
(213, 272)
(213, 280)
(213, 282)
(213, 284)
(213, 285)
(213, 302)
(213, 313)
(213, 315)
(213, 319)
(213, 326)
(213, 327)
(213, 219)
(213, 360)
(213, 233)
(213, 365)
(213, 366)
(213, 367)
(213, 232)
(213, 376)
(214, 257)
(214, 261)
(214, 266)
(214, 396)
(214, 277)
(214, 279)
(214, 389)
(214, 288)
(214, 293)
(214, 296)
(214, 298)
(214, 303)
(214, 307)
(214, 313)
(214, 315)
(214, 333)
(214, 338)
(214, 339)
(214, 215)
(214, 219)
(214, 355)
(214, 230)
(214, 235)
(214, 237)
(214, 368)
(214, 241)
(214, 382)
(214, 250)
(214, 254)
(215, 259)
(215, 266)
(215, 397)
(215, 279)
(215, 281)
(215, 283)
(215, 368)
(215, 369)
(215, 298)
(215, 303)
(215, 307)
(215, 317)
(215, 322)
(215, 335)
(215, 338)
(215, 339)
(215, 216)
(215, 218)
(215, 225)
(215, 358)
(215, 231)
(215, 235)
(215, 240)
(215, 241)
(215, 245)
(215, 382)
(216, 385)
(216, 259)
(216, 388)
(216, 266)
(216, 397)
(216, 281)
(216, 283)
(216, 317)
(216, 321)
(216, 322)
(216, 335)
(216, 339)
(216, 218)
(216, 350)
(216, 223)
(216, 225)
(216, 358)
(216, 231)
(216, 362)
(216, 240)
(216, 245)
(216, 382)
(217, 256)
(217, 262)
(217, 264)
(217, 276)
(217, 349)
(217, 311)
(217, 320)
(217, 324)
(217, 337)
(217, 221)
(217, 353)
(217, 226)
(217, 247)
(218, 385)
(218, 259)
(218, 388)
(218, 266)
(218, 397)
(218, 281)
(218, 283)
(218, 317)
(218, 321)
(218, 335)
(218, 339)
(218, 342)
(218, 350)
(218, 223)
(218, 225)
(218, 358)
(218, 231)
(218, 240)
(218, 245)
(218, 382)
(219, 261)
(219, 396)
(219, 277)
(219, 239)
(219, 285)
(219, 288)
(219, 302)
(219, 309)
(219, 313)
(219, 315)
(219, 326)
(219, 327)
(219, 333)
(219, 355)
(219, 228)
(219, 237)
(219, 366)
(219, 367)
(219, 376)
(219, 250)
(220, 259)
(220, 261)
(220, 391)
(220, 268)
(220, 398)
(220, 387)
(220, 278)
(220, 279)
(220, 283)
(220, 389)
(220, 298)
(220, 299)
(220, 305)
(220, 306)
(220, 287)
(220, 325)
(220, 330)
(220, 333)
(220, 344)
(220, 355)
(220, 235)
(220, 238)
(220, 241)
(220, 245)
(220, 247)
(220, 381)
(221, 256)
(221, 387)
(221, 262)
(221, 391)
(221, 268)
(221, 276)
(221, 278)
(221, 299)
(221, 305)
(221, 306)
(221, 309)
(221, 320)
(221, 324)
(221, 332)
(221, 337)
(221, 349)
(221, 226)
(221, 239)
(221, 371)
(221, 247)
(221, 381)
(222, 395)
(222, 269)
(222, 295)
(222, 312)
(222, 314)
(222, 316)
(222, 318)
(222, 331)
(222, 340)
(222, 351)
(222, 352)
(222, 251)
(223, 385)
(223, 281)
(223, 321)
(223, 350)
(223, 231)
(223, 362)
(223, 364)
(223, 317)
(223, 372)
(224, 265)
(224, 395)
(224, 300)
(224, 314)
(224, 318)
(224, 328)
(224, 347)
(224, 351)
(224, 229)
(224, 361)
(224, 251)
(225, 385)
(225, 259)
(225, 388)
(225, 266)
(225, 397)
(225, 235)
(225, 283)
(225, 240)
(225, 290)
(225, 292)
(225, 303)
(225, 307)
(225, 317)
(225, 335)
(225, 338)
(225, 339)
(225, 342)
(225, 230)
(225, 361)
(225, 363)
(225, 368)
(225, 382)
(226, 262)
(226, 391)
(226, 268)
(226, 271)
(226, 276)
(226, 299)
(226, 309)
(226, 320)
(226, 324)
(226, 332)
(226, 337)
(226, 348)
(226, 349)
(226, 353)
(226, 274)
(226, 239)
(226, 371)
(226, 247)
(226, 381)
(227, 394)
(227, 269)
(227, 273)
(227, 295)
(227, 370)
(227, 308)
(227, 312)
(227, 316)
(227, 323)
(227, 331)
(227, 340)
(227, 377)
(227, 352)
(227, 354)
(227, 234)
(227, 242)
(227, 246)
(227, 249)
(227, 379)
(228, 261)
(228, 268)
(228, 271)
(228, 288)
(228, 299)
(228, 309)
(228, 313)
(228, 315)
(228, 327)
(228, 332)
(228, 333)
(228, 348)
(228, 355)
(228, 237)
(228, 367)
(228, 371)
(228, 250)
(228, 239)
(229, 388)
(229, 265)
(229, 397)
(229, 292)
(229, 328)
(229, 342)
(229, 347)
(229, 351)
(229, 361)
(229, 363)
(229, 240)
(230, 257)
(230, 396)
(230, 397)
(230, 277)
(230, 368)
(230, 290)
(230, 293)
(230, 296)
(230, 300)
(230, 303)
(230, 307)
(230, 328)
(230, 338)
(230, 339)
(230, 342)
(230, 361)
(230, 240)
(231, 259)
(231, 266)
(231, 281)
(231, 283)
(231, 321)
(231, 322)
(231, 325)
(231, 336)
(231, 358)
(231, 238)
(231, 317)
(231, 369)
(231, 245)
(231, 378)
(232, 258)
(232, 390)
(232, 392)
(232, 393)
(232, 267)
(232, 275)
(232, 282)
(232, 284)
(232, 286)
(232, 301)
(232, 326)
(232, 356)
(232, 233)
(232, 236)
(232, 365)
(232, 375)
(233, 260)
(233, 280)
(233, 282)
(233, 284)
(233, 285)
(233, 291)
(233, 302)
(233, 304)
(233, 319)
(233, 326)
(233, 329)
(233, 334)
(233, 356)
(233, 236)
(233, 365)
(233, 366)
(233, 376)
(233, 255)
(234, 386)
(234, 263)
(234, 394)
(234, 399)
(234, 273)
(234, 291)
(234, 294)
(234, 297)
(234, 370)
(234, 304)
(234, 308)
(234, 334)
(234, 343)
(234, 345)
(234, 346)
(234, 354)
(234, 242)
(234, 246)
(234, 377)
(234, 379)
(234, 380)
(234, 253)
(235, 257)
(235, 259)
(235, 261)
(235, 266)
(235, 396)
(235, 277)
(235, 279)
(235, 283)
(235, 389)
(235, 293)
(235, 298)
(235, 303)
(235, 307)
(235, 317)
(235, 333)
(235, 338)
(235, 339)
(235, 358)
(235, 237)
(235, 368)
(235, 241)
(235, 245)
(235, 382)
(236, 258)
(236, 260)
(236, 280)
(236, 282)
(236, 284)
(236, 291)
(236, 294)
(236, 301)
(236, 302)
(236, 304)
(236, 319)
(236, 334)
(236, 346)
(236, 356)
(236, 365)
(236, 375)
(236, 376)
(236, 380)
(236, 253)
(236, 255)
(237, 257)
(237, 261)
(237, 396)
(237, 277)
(237, 279)
(237, 285)
(237, 389)
(237, 288)
(237, 293)
(237, 296)
(237, 298)
(237, 307)
(237, 313)
(237, 315)
(237, 327)
(237, 333)
(237, 338)
(237, 355)
(237, 241)
(237, 250)
(237, 254)
(238, 259)
(238, 398)
(238, 281)
(238, 283)
(238, 287)
(238, 322)
(238, 325)
(238, 336)
(238, 344)
(238, 358)
(238, 369)
(238, 245)
(238, 378)
(239, 261)
(239, 262)
(239, 391)
(239, 268)
(239, 271)
(239, 276)
(239, 299)
(239, 309)
(239, 315)
(239, 320)
(239, 324)
(239, 327)
(239, 332)
(239, 348)
(239, 355)
(239, 367)
(239, 371)
(239, 247)
(239, 250)
(239, 381)
(240, 385)
(240, 388)
(240, 265)
(240, 266)
(240, 397)
(240, 290)
(240, 292)
(240, 303)
(240, 307)
(240, 317)
(240, 328)
(240, 335)
(240, 338)
(240, 339)
(240, 342)
(240, 361)
(240, 363)
(240, 368)
(240, 382)
(241, 259)
(241, 261)
(241, 266)
(241, 396)
(241, 279)
(241, 389)
(241, 283)
(241, 298)
(241, 305)
(241, 306)
(241, 307)
(241, 287)
(241, 333)
(241, 338)
(241, 344)
(241, 355)
(241, 358)
(241, 245)
(241, 382)
(242, 263)
(242, 394)
(242, 269)
(242, 399)
(242, 273)
(242, 289)
(242, 297)
(242, 308)
(242, 312)
(242, 316)
(242, 377)
(242, 323)
(242, 331)
(242, 343)
(242, 345)
(242, 354)
(242, 359)
(242, 370)
(242, 246)
(242, 249)
(242, 379)
(242, 383)
(243, 384)
(243, 390)
(243, 392)
(243, 393)
(243, 267)
(243, 275)
(243, 286)
(243, 341)
(243, 356)
(243, 357)
(243, 374)
(243, 248)
(244, 384)
(244, 258)
(244, 390)
(244, 392)
(244, 393)
(244, 267)
(244, 301)
(244, 286)
(244, 356)
(244, 357)
(244, 374)
(244, 252)
(245, 259)
(245, 389)
(245, 266)
(245, 279)
(245, 281)
(245, 283)
(245, 287)
(245, 298)
(245, 307)
(245, 317)
(245, 322)
(245, 325)
(245, 336)
(245, 338)
(245, 339)
(245, 358)
(245, 369)
(245, 378)
(245, 382)
(246, 263)
(246, 394)
(246, 269)
(246, 270)
(246, 273)
(246, 289)
(246, 297)
(246, 300)
(246, 304)
(246, 308)
(246, 312)
(246, 316)
(246, 318)
(246, 377)
(246, 331)
(246, 343)
(246, 345)
(246, 379)
(246, 359)
(246, 249)
(246, 251)
(246, 383)
(247, 256)
(247, 387)
(247, 389)
(247, 262)
(247, 391)
(247, 268)
(247, 278)
(247, 299)
(247, 305)
(247, 306)
(247, 320)
(247, 324)
(247, 330)
(247, 332)
(247, 344)
(247, 349)
(247, 371)
(247, 381)
(248, 390)
(248, 392)
(248, 393)
(248, 267)
(248, 275)
(248, 341)
(248, 360)
(249, 394)
(249, 269)
(249, 273)
(249, 295)
(249, 297)
(249, 312)
(249, 316)
(249, 323)
(249, 331)
(249, 340)
(249, 352)
(249, 354)
(249, 370)
(249, 377)
(250, 261)
(250, 268)
(250, 277)
(250, 389)
(250, 288)
(250, 298)
(250, 299)
(250, 306)
(250, 309)
(250, 313)
(250, 315)
(250, 327)
(250, 332)
(250, 333)
(250, 348)
(250, 355)
(250, 367)
(250, 371)
(251, 395)
(251, 269)
(251, 270)
(251, 289)
(251, 290)
(251, 295)
(251, 300)
(251, 312)
(251, 314)
(251, 316)
(251, 318)
(251, 328)
(251, 351)
(251, 383)
(252, 384)
(252, 258)
(252, 356)
(252, 357)
(252, 390)
(252, 267)
(252, 301)
(252, 374)
(252, 286)
(253, 386)
(253, 260)
(253, 263)
(253, 399)
(253, 291)
(253, 304)
(253, 308)
(253, 334)
(253, 343)
(253, 345)
(253, 346)
(253, 294)
(253, 375)
(253, 377)
(253, 379)
(253, 380)
(253, 255)
(254, 257)
(254, 260)
(254, 396)
(254, 270)
(254, 277)
(254, 280)
(254, 285)
(254, 288)
(254, 293)
(254, 296)
(254, 302)
(254, 304)
(254, 310)
(254, 313)
(254, 319)
(254, 329)
(254, 343)
(254, 359)
(254, 366)
(254, 376)
(254, 383)
(255, 260)
(255, 263)
(255, 270)
(255, 399)
(255, 280)
(255, 284)
(255, 285)
(255, 291)
(255, 302)
(255, 304)
(255, 308)
(255, 310)
(255, 319)
(255, 329)
(255, 334)
(255, 343)
(255, 345)
(255, 346)
(255, 359)
(255, 366)
(255, 376)
(255, 379)
(255, 380)
(256, 387)
(256, 262)
(256, 391)
(256, 278)
(256, 305)
(256, 320)
(256, 330)
(256, 349)
(256, 381)
(257, 266)
(257, 396)
(257, 397)
(257, 277)
(257, 279)
(257, 288)
(257, 290)
(257, 293)
(257, 296)
(257, 298)
(257, 303)
(257, 307)
(257, 310)
(257, 333)
(257, 338)
(257, 339)
(257, 342)
(257, 368)
(257, 382)
(258, 390)
(258, 392)
(258, 267)
(258, 275)
(258, 282)
(258, 286)
(258, 284)
(258, 301)
(258, 356)
(258, 357)
(258, 365)
(258, 374)
(258, 375)
(259, 389)
(259, 266)
(259, 279)
(259, 281)
(259, 283)
(259, 298)
(259, 307)
(259, 317)
(259, 322)
(259, 325)
(259, 335)
(259, 336)
(259, 338)
(259, 339)
(259, 358)
(259, 369)
(259, 378)
(259, 382)
(260, 263)
(260, 270)
(260, 399)
(260, 280)
(260, 284)
(260, 285)
(260, 291)
(260, 297)
(260, 302)
(260, 304)
(260, 308)
(260, 310)
(260, 319)
(260, 329)
(260, 334)
(260, 343)
(260, 345)
(260, 346)
(260, 359)
(260, 366)
(260, 376)
(260, 377)
(260, 379)
(260, 380)
(261, 389)
(261, 391)
(261, 268)
(261, 279)
(261, 288)
(261, 299)
(261, 306)
(261, 309)
(261, 313)
(261, 315)
(261, 327)
(261, 396)
(261, 333)
(261, 355)
(261, 298)
(261, 277)
(262, 387)
(262, 391)
(262, 268)
(262, 274)
(262, 276)
(262, 299)
(262, 305)
(262, 306)
(262, 309)
(262, 320)
(262, 324)
(262, 332)
(262, 337)
(262, 348)
(262, 349)
(262, 371)
(262, 381)
(263, 386)
(263, 394)
(263, 399)
(263, 291)
(263, 297)
(263, 304)
(263, 308)
(263, 334)
(263, 343)
(263, 345)
(263, 346)
(263, 294)
(263, 359)
(263, 370)
(263, 377)
(263, 379)
(263, 380)
(264, 353)
(264, 337)
(264, 276)
(264, 311)
(264, 349)
(265, 388)
(265, 397)
(265, 292)
(265, 328)
(265, 342)
(265, 347)
(265, 351)
(265, 361)
(265, 363)
(266, 389)
(266, 396)
(266, 397)
(266, 279)
(266, 283)
(266, 298)
(266, 303)
(266, 307)
(266, 317)
(266, 322)
(266, 333)
(266, 335)
(266, 338)
(266, 339)
(266, 358)
(266, 368)
(266, 382)
(267, 384)
(267, 390)
(267, 392)
(267, 393)
(267, 275)
(267, 282)
(267, 286)
(267, 301)
(267, 356)
(267, 357)
(267, 365)
(267, 374)
(268, 387)
(268, 389)
(268, 391)
(268, 276)
(268, 299)
(268, 305)
(268, 306)
(268, 309)
(268, 320)
(268, 324)
(268, 327)
(268, 332)
(268, 348)
(268, 349)
(268, 355)
(268, 371)
(268, 381)
(269, 394)
(269, 270)
(269, 273)
(269, 289)
(269, 295)
(269, 297)
(269, 300)
(269, 308)
(269, 312)
(269, 314)
(269, 316)
(269, 318)
(269, 323)
(269, 331)
(269, 343)
(269, 345)
(269, 359)
(269, 370)
(269, 377)
(269, 379)
(269, 383)
(270, 285)
(270, 289)
(270, 296)
(270, 297)
(270, 300)
(270, 302)
(270, 304)
(270, 310)
(270, 329)
(270, 343)
(270, 345)
(270, 359)
(270, 383)
(271, 272)
(271, 309)
(271, 324)
(271, 326)
(271, 327)
(271, 332)
(271, 348)
(271, 360)
(271, 274)
(271, 367)
(271, 371)
(271, 373)
(271, 341)
(272, 275)
(272, 282)
(272, 326)
(272, 327)
(272, 341)
(272, 348)
(272, 360)
(272, 367)
(272, 373)
(273, 394)
(273, 297)
(273, 308)
(273, 312)
(273, 316)
(273, 323)
(273, 331)
(273, 345)
(273, 354)
(273, 370)
(273, 377)
(273, 379)
(274, 276)
(274, 324)
(274, 332)
(274, 337)
(274, 348)
(274, 349)
(274, 353)
(274, 371)
(274, 373)
(275, 390)
(275, 392)
(275, 393)
(275, 282)
(275, 286)
(275, 284)
(275, 301)
(275, 341)
(275, 356)
(275, 357)
(275, 360)
(275, 365)
(275, 374)
(276, 311)
(276, 320)
(276, 324)
(276, 332)
(276, 337)
(276, 348)
(276, 349)
(276, 353)
(276, 371)
(277, 396)
(277, 285)
(277, 288)
(277, 293)
(277, 296)
(277, 298)
(277, 302)
(277, 303)
(277, 307)
(277, 310)
(277, 313)
(277, 315)
(277, 329)
(277, 333)
(277, 338)
(277, 355)
(277, 366)
(277, 368)
(277, 376)
(278, 387)
(278, 391)
(278, 398)
(278, 287)
(278, 305)
(278, 306)
(278, 320)
(278, 330)
(278, 344)
(278, 381)
(279, 389)
(279, 396)
(279, 283)
(279, 298)
(279, 306)
(279, 307)
(279, 317)
(279, 333)
(279, 338)
(279, 339)
(279, 355)
(279, 358)
(279, 382)
(280, 284)
(280, 285)
(280, 291)
(280, 302)
(280, 304)
(280, 310)
(280, 313)
(280, 319)
(280, 329)
(280, 334)
(280, 343)
(280, 359)
(280, 366)
(280, 376)
(281, 283)
(281, 321)
(281, 322)
(281, 325)
(281, 336)
(281, 358)
(281, 317)
(281, 369)
(281, 378)
(282, 390)
(282, 392)
(282, 393)
(282, 286)
(282, 284)
(282, 301)
(282, 326)
(282, 356)
(282, 360)
(282, 365)
(283, 287)
(283, 298)
(283, 322)
(283, 325)
(283, 335)
(283, 336)
(283, 339)
(283, 358)
(283, 317)
(283, 369)
(283, 378)
(283, 382)
(284, 390)
(284, 286)
(284, 291)
(284, 301)
(284, 319)
(284, 326)
(284, 356)
(284, 365)
(284, 375)
(284, 376)
(285, 396)
(285, 288)
(285, 296)
(285, 302)
(285, 304)
(285, 310)
(285, 313)
(285, 315)
(285, 319)
(285, 329)
(285, 343)
(285, 366)
(285, 376)
(286, 384)
(286, 390)
(286, 392)
(286, 393)
(286, 301)
(286, 356)
(286, 357)
(286, 365)
(286, 374)
(287, 387)
(287, 389)
(287, 398)
(287, 305)
(287, 306)
(287, 322)
(287, 325)
(287, 330)
(287, 336)
(287, 344)
(287, 358)
(287, 369)
(287, 378)
(288, 396)
(288, 298)
(288, 309)
(288, 313)
(288, 327)
(288, 333)
(288, 355)
(288, 366)
(288, 376)
(288, 315)
(289, 295)
(289, 297)
(289, 300)
(289, 304)
(289, 308)
(289, 312)
(289, 314)
(289, 316)
(289, 318)
(289, 331)
(289, 343)
(289, 345)
(289, 359)
(289, 383)
(290, 396)
(290, 397)
(290, 293)
(290, 296)
(290, 300)
(290, 303)
(290, 307)
(290, 314)
(290, 318)
(290, 328)
(290, 335)
(290, 338)
(290, 339)
(290, 342)
(290, 361)
(290, 368)
(291, 386)
(291, 399)
(291, 294)
(291, 304)
(291, 308)
(291, 319)
(291, 334)
(291, 346)
(291, 375)
(291, 377)
(291, 379)
(291, 380)
(292, 385)
(292, 388)
(292, 397)
(292, 328)
(292, 335)
(292, 347)
(292, 361)
(292, 362)
(292, 363)
(292, 372)
(293, 396)
(293, 397)
(293, 296)
(293, 300)
(293, 303)
(293, 307)
(293, 310)
(293, 338)
(293, 339)
(293, 342)
(293, 368)
(294, 386)
(294, 399)
(294, 375)
(294, 334)
(294, 346)
(294, 379)
(294, 380)
(295, 395)
(295, 312)
(295, 314)
(295, 316)
(295, 318)
(295, 323)
(295, 331)
(295, 340)
(295, 352)
(296, 396)
(296, 300)
(296, 303)
(296, 307)
(296, 310)
(296, 338)
(296, 339)
(296, 342)
(296, 368)
(296, 383)
(297, 394)
(297, 399)
(297, 300)
(297, 304)
(297, 308)
(297, 310)
(297, 312)
(297, 316)
(297, 329)
(297, 331)
(297, 334)
(297, 343)
(297, 345)
(297, 359)
(297, 370)
(297, 377)
(297, 379)
(297, 383)
(298, 389)
(298, 396)
(298, 306)
(298, 307)
(298, 333)
(298, 338)
(298, 355)
(298, 358)
(298, 382)
(299, 387)
(299, 389)
(299, 391)
(299, 305)
(299, 306)
(299, 309)
(299, 320)
(299, 324)
(299, 327)
(299, 332)
(299, 333)
(299, 348)
(299, 355)
(299, 371)
(299, 315)
(299, 381)
(300, 314)
(300, 318)
(300, 312)
(300, 351)
(300, 359)
(300, 368)
(300, 383)
(301, 390)
(301, 392)
(301, 393)
(301, 356)
(301, 357)
(301, 365)
(301, 374)
(302, 304)
(302, 310)
(302, 313)
(302, 319)
(302, 329)
(302, 343)
(302, 359)
(302, 366)
(302, 376)
(303, 396)
(303, 397)
(303, 307)
(303, 335)
(303, 338)
(303, 339)
(303, 342)
(303, 361)
(303, 368)
(303, 382)
(304, 399)
(304, 308)
(304, 310)
(304, 319)
(304, 329)
(304, 334)
(304, 343)
(304, 345)
(304, 346)
(304, 359)
(304, 366)
(304, 376)
(304, 377)
(304, 379)
(304, 383)
(305, 387)
(305, 389)
(305, 391)
(305, 398)
(305, 306)
(305, 320)
(305, 330)
(305, 344)
(305, 381)
(306, 387)
(306, 389)
(306, 391)
(306, 398)
(306, 330)
(306, 333)
(306, 344)
(306, 355)
(306, 381)
(307, 396)
(307, 397)
(307, 333)
(307, 335)
(307, 338)
(307, 339)
(307, 342)
(307, 368)
(307, 382)
(308, 386)
(308, 394)
(308, 399)
(308, 334)
(308, 343)
(308, 345)
(308, 346)
(308, 354)
(308, 359)
(308, 370)
(308, 377)
(308, 379)
(308, 380)
(309, 391)
(309, 324)
(309, 327)
(309, 332)
(309, 348)
(309, 355)
(309, 367)
(309, 371)
(309, 315)
(310, 396)
(310, 313)
(310, 319)
(310, 329)
(310, 343)
(310, 345)
(310, 359)
(310, 366)
(310, 376)
(310, 383)
(311, 320)
(311, 353)
(311, 337)
(311, 349)
(312, 395)
(312, 323)
(312, 314)
(312, 316)
(312, 318)
(312, 331)
(312, 340)
(312, 345)
(312, 352)
(312, 383)
(313, 396)
(313, 326)
(313, 327)
(313, 333)
(313, 355)
(313, 366)
(313, 376)
(313, 315)
(314, 395)
(314, 316)
(314, 318)
(314, 328)
(314, 347)
(314, 351)
(314, 383)
(315, 396)
(315, 327)
(315, 333)
(315, 355)
(315, 366)
(315, 367)
(315, 376)
(316, 394)
(316, 318)
(316, 323)
(316, 331)
(316, 340)
(316, 345)
(316, 352)
(316, 354)
(316, 370)
(316, 383)
(317, 385)
(317, 397)
(317, 321)
(317, 322)
(317, 335)
(317, 336)
(317, 339)
(317, 350)
(317, 358)
(317, 369)
(317, 382)
(318, 395)
(318, 328)
(318, 347)
(318, 351)
(318, 383)
(319, 329)
(319, 334)
(319, 343)
(319, 359)
(319, 366)
(319, 376)
(320, 387)
(320, 391)
(320, 324)
(320, 332)
(320, 337)
(320, 349)
(320, 353)
(320, 371)
(320, 381)
(321, 322)
(321, 336)
(321, 350)
(321, 358)
(321, 362)
(321, 369)
(321, 378)
(322, 398)
(322, 344)
(322, 325)
(322, 336)
(322, 358)
(322, 369)
(322, 378)
(322, 382)
(323, 394)
(323, 331)
(323, 340)
(323, 352)
(323, 354)
(323, 370)
(324, 391)
(324, 332)
(324, 337)
(324, 348)
(324, 349)
(324, 353)
(324, 367)
(324, 371)
(324, 381)
(325, 398)
(325, 336)
(325, 344)
(325, 358)
(325, 369)
(325, 378)
(326, 365)
(326, 327)
(326, 360)
(326, 366)
(326, 367)
(326, 376)
(327, 332)
(327, 333)
(327, 348)
(327, 355)
(327, 367)
(327, 371)
(328, 388)
(328, 397)
(328, 342)
(328, 347)
(328, 351)
(328, 361)
(328, 363)
(329, 334)
(329, 343)
(329, 345)
(329, 359)
(329, 366)
(329, 376)
(329, 383)
(330, 387)
(330, 391)
(330, 398)
(330, 344)
(330, 381)
(331, 394)
(331, 340)
(331, 352)
(331, 354)
(331, 370)
(332, 391)
(332, 337)
(332, 348)
(332, 349)
(332, 355)
(332, 367)
(332, 371)
(332, 381)
(333, 389)
(333, 396)
(333, 338)
(333, 355)
(333, 382)
(334, 386)
(334, 399)
(334, 343)
(334, 345)
(334, 346)
(334, 359)
(334, 375)
(334, 377)
(334, 379)
(334, 380)
(335, 385)
(335, 388)
(335, 397)
(335, 338)
(335, 339)
(335, 342)
(335, 361)
(335, 363)
(335, 368)
(335, 382)
(336, 358)
(336, 369)
(336, 378)
(337, 349)
(337, 348)
(337, 353)
(337, 371)
(338, 396)
(338, 397)
(338, 339)
(338, 342)
(338, 368)
(338, 382)
(339, 396)
(339, 397)
(339, 342)
(339, 361)
(339, 368)
(339, 382)
(340, 352)
(341, 392)
(341, 393)
(341, 360)
(341, 367)
(341, 373)
(342, 388)
(342, 397)
(342, 347)
(342, 361)
(342, 363)
(342, 368)
(343, 399)
(343, 345)
(343, 359)
(343, 377)
(343, 379)
(343, 383)
(344, 387)
(344, 389)
(344, 391)
(344, 398)
(344, 369)
(344, 378)
(344, 381)
(345, 394)
(345, 399)
(345, 359)
(345, 370)
(345, 377)
(345, 379)
(345, 383)
(346, 386)
(346, 399)
(346, 375)
(346, 377)
(346, 379)
(346, 380)
(347, 388)
(347, 351)
(347, 361)
(347, 363)
(348, 360)
(348, 367)
(348, 371)
(348, 373)
(349, 391)
(349, 353)
(349, 371)
(350, 385)
(350, 388)
(350, 362)
(350, 364)
(350, 372)
(351, 395)
(352, 395)
(354, 394)
(354, 379)
(354, 370)
(354, 377)
(355, 389)
(355, 396)
(356, 390)
(356, 392)
(356, 393)
(356, 357)
(356, 365)
(356, 374)
(357, 384)
(357, 390)
(357, 392)
(357, 393)
(357, 365)
(357, 374)
(358, 369)
(358, 378)
(358, 382)
(359, 377)
(359, 379)
(359, 383)
(360, 367)
(360, 373)
(361, 388)
(361, 397)
(361, 363)
(361, 368)
(362, 385)
(362, 388)
(362, 364)
(362, 372)
(363, 385)
(363, 388)
(363, 397)
(364, 385)
(364, 372)
(365, 390)
(365, 392)
(365, 393)
(366, 376)
(367, 371)
(367, 373)
(368, 396)
(368, 397)
(368, 382)
(369, 398)
(369, 378)
(370, 394)
(370, 399)
(370, 379)
(370, 377)
(371, 391)
(371, 381)
(372, 385)
(372, 388)
(374, 384)
(374, 390)
(374, 392)
(374, 393)
(375, 386)
(375, 399)
(375, 380)
(377, 386)
(377, 394)
(377, 399)
(377, 379)
(377, 380)
(378, 398)
(379, 386)
(379, 394)
(379, 399)
(379, 380)
(380, 386)
(380, 399)
(381, 387)
(381, 389)
(381, 391)
(381, 398)
(382, 389)
(382, 396)
(382, 397)
(384, 392)
(384, 393)
(385, 388)
(385, 397)
(386, 399)
(387, 389)
(387, 391)
(387, 398)
(388, 397)
(389, 391)
(389, 398)
(390, 392)
(390, 393)
(392, 393)
(394, 399)
