#Nodes
0
1
2
3
4
5
6
7
8
9
10
11
12
13
14
15
16
17
18
19
20
21
22
23
24
25
26
27
28
29
30
31
32
33
34
35
36
37
38
39
40
41
42
43
44
45
46
47
48
49
50
51
52
53
54
55
56
57
58
59
60
61
62
63
64
65
66
67
68
69
70
71
72
73
74
75
76
77
78
79
80
81
82
83
84
85
86
87
88
89
90
91
92
93
94
95
96
97
98
99
100
101
102
103
104
105
106
107
108
109
110
111
112
113
114
115
116
117
118
119
120
121
122
123
124
125
126
127
128
129
130
131
132
133
134
135
136
137
138
139
140
141
142
143
144
145
146
147
148
149
150
151
152
153
154
155
156
157
158
159
160
161
162
163
164
165
166
167
168
169
170
171
172
173
174
175
176
177
178
179
180
181
182
183
184
185
186
187
188
189
190
191
192
193
194
195
196
197
198
199
200
201
202
203
204
205
206
207
208
209
210
211
212
213
214
215
216
217
218
219
220
221
222
223
224
225
226
227
228
229
230
231
232
233
234
235
236
237
238
239
240
241
242
243
244
245
246
247
248
249
250
251
252
253
254
255
256
257
258
259
260
261
262
263
264
265
266
267
268
269
270
271
272
273
274
275
276
277
278
279
280
281
282
283
284
285
286
287
288
289
290
291
292
293
294
295
296
297
298
299
300
301
302
303
304
305
306
307
308
309
310
311
312
313
314
315
316
317
318
319
320
321
322
323
324
325
326
327
328
329
330
331
332
333
334
335
336
337
338
339
340
341
342
343
344
345
346
347
348
349
350
351
352
353
354
355
356
357
358
359
360
361
362
363
364
365
366
367
368
369
370
371
372
373
374
375
376
377
378
379
380
381
382
383
384
385
386
387
388
389
390
391
392
393
394
395
396
397
398
399
#Edges
(0, 128)
(0, 261)
(0, 263)
(0, 151)
(0, 145)
(0, 146)
(0, 22)
(0, 279)
(0, 156)
(0, 32)
(0, 37)
(0, 167)
(0, 297)
(0, 172)
(0, 174)
(0, 47)
(0, 306)
(0, 308)
(0, 194)
(0, 139)
(0, 68)
(0, 28)
(0, 338)
(0, 99)
(0, 342)
(0, 345)
(0, 98)
(0, 227)
(0, 230)
(0, 112)
(0, 114)
(0, 122)
(0, 124)
(1, 135)
(1, 9)
(1, 138)
(1, 267)
(1, 140)
(1, 397)
(1, 14)
(1, 272)
(1, 195)
(1, 276)
(1, 284)
(1, 29)
(1, 292)
(1, 165)
(1, 39)
(1, 186)
(1, 95)
(1, 316)
(1, 191)
(1, 323)
(1, 198)
(1, 328)
(1, 73)
(1, 330)
(1, 269)
(1, 340)
(1, 213)
(1, 86)
(1, 36)
(1, 347)
(1, 93)
(1, 351)
(1, 144)
(1, 67)
(1, 107)
(1, 364)
(1, 109)
(1, 372)
(1, 84)
(1, 380)
(1, 381)
(2, 257)
(2, 389)
(2, 134)
(2, 65)
(2, 265)
(2, 215)
(2, 142)
(2, 399)
(2, 273)
(2, 18)
(2, 277)
(2, 280)
(2, 153)
(2, 154)
(2, 155)
(2, 157)
(2, 69)
(2, 290)
(2, 40)
(2, 41)
(2, 170)
(2, 171)
(2, 45)
(2, 302)
(2, 56)
(2, 315)
(2, 321)
(2, 11)
(2, 196)
(2, 325)
(2, 31)
(2, 247)
(2, 34)
(2, 335)
(2, 82)
(2, 339)
(2, 341)
(2, 343)
(2, 216)
(2, 346)
(2, 221)
(2, 223)
(2, 59)
(2, 100)
(2, 359)
(2, 105)
(2, 234)
(2, 108)
(2, 110)
(2, 366)
(2, 243)
(2, 245)
(2, 374)
(2, 375)
(2, 376)
(2, 125)
(2, 21)
(3, 387)
(3, 393)
(3, 394)
(3, 396)
(3, 24)
(3, 275)
(3, 149)
(3, 152)
(3, 287)
(3, 288)
(3, 296)
(3, 169)
(3, 42)
(3, 178)
(3, 52)
(3, 310)
(3, 311)
(3, 184)
(3, 313)
(3, 188)
(3, 320)
(3, 322)
(3, 197)
(3, 202)
(3, 183)
(3, 81)
(3, 121)
(3, 344)
(3, 218)
(3, 91)
(3, 349)
(3, 222)
(3, 355)
(3, 360)
(3, 233)
(3, 362)
(3, 235)
(3, 240)
(3, 168)
(3, 242)
(3, 115)
(3, 137)
(3, 251)
(3, 106)
(4, 257)
(4, 130)
(4, 131)
(4, 51)
(4, 8)
(4, 11)
(4, 12)
(4, 13)
(4, 115)
(4, 153)
(4, 26)
(4, 170)
(4, 61)
(4, 305)
(4, 50)
(4, 179)
(4, 312)
(4, 57)
(4, 317)
(4, 325)
(4, 329)
(4, 119)
(4, 332)
(4, 79)
(4, 337)
(4, 87)
(4, 216)
(4, 89)
(4, 92)
(4, 221)
(4, 355)
(4, 231)
(4, 104)
(4, 106)
(4, 103)
(4, 111)
(4, 123)
(4, 118)
(4, 375)
(4, 376)
(4, 377)
(4, 383)
(4, 255)
(5, 386)
(5, 260)
(5, 133)
(5, 135)
(5, 267)
(5, 14)
(5, 16)
(5, 274)
(5, 276)
(5, 23)
(5, 25)
(5, 282)
(5, 289)
(5, 162)
(5, 35)
(5, 299)
(5, 304)
(5, 309)
(5, 182)
(5, 116)
(5, 58)
(5, 53)
(5, 191)
(5, 66)
(5, 195)
(5, 199)
(5, 328)
(5, 331)
(5, 334)
(5, 210)
(5, 213)
(5, 214)
(5, 176)
(5, 93)
(5, 237)
(5, 367)
(5, 369)
(5, 372)
(5, 248)
(6, 256)
(6, 385)
(6, 258)
(6, 261)
(6, 263)
(6, 147)
(6, 278)
(6, 285)
(6, 32)
(6, 161)
(6, 292)
(6, 391)
(6, 7)
(6, 189)
(6, 64)
(6, 326)
(6, 327)
(6, 72)
(6, 73)
(6, 204)
(6, 206)
(6, 209)
(6, 212)
(6, 78)
(6, 88)
(6, 164)
(6, 71)
(6, 350)
(6, 354)
(6, 33)
(6, 358)
(6, 370)
(6, 19)
(6, 117)
(6, 122)
(6, 124)
(6, 254)
(7, 256)
(7, 129)
(7, 258)
(7, 391)
(7, 9)
(7, 269)
(7, 147)
(7, 148)
(7, 278)
(7, 285)
(7, 161)
(7, 292)
(7, 71)
(7, 55)
(7, 186)
(7, 189)
(7, 64)
(7, 323)
(7, 326)
(7, 327)
(7, 72)
(7, 73)
(7, 204)
(7, 206)
(7, 207)
(7, 209)
(7, 212)
(7, 78)
(7, 88)
(7, 164)
(7, 350)
(7, 354)
(7, 33)
(7, 358)
(7, 109)
(7, 370)
(7, 19)
(7, 117)
(7, 249)
(7, 254)
(8, 257)
(8, 130)
(8, 131)
(8, 51)
(8, 65)
(8, 87)
(8, 12)
(8, 13)
(8, 115)
(8, 26)
(8, 277)
(8, 56)
(8, 24)
(8, 153)
(8, 154)
(8, 155)
(8, 157)
(8, 294)
(8, 296)
(8, 170)
(8, 43)
(8, 61)
(8, 305)
(8, 50)
(8, 179)
(8, 52)
(8, 312)
(8, 57)
(8, 317)
(8, 321)
(8, 11)
(8, 325)
(8, 329)
(8, 119)
(8, 335)
(8, 337)
(8, 118)
(8, 343)
(8, 216)
(8, 89)
(8, 346)
(8, 92)
(8, 221)
(8, 355)
(8, 231)
(8, 104)
(8, 105)
(8, 106)
(8, 103)
(8, 18)
(8, 111)
(8, 123)
(8, 374)
(8, 375)
(8, 376)
(8, 377)
(8, 383)
(8, 255)
(9, 264)
(9, 138)
(9, 268)
(9, 269)
(9, 144)
(9, 67)
(9, 276)
(9, 284)
(9, 285)
(9, 161)
(9, 292)
(9, 165)
(9, 29)
(9, 73)
(9, 186)
(9, 95)
(9, 316)
(9, 323)
(9, 198)
(9, 33)
(9, 140)
(9, 330)
(9, 204)
(9, 206)
(9, 397)
(9, 340)
(9, 78)
(9, 86)
(9, 36)
(9, 351)
(9, 364)
(9, 109)
(9, 19)
(9, 212)
(9, 380)
(9, 381)
(10, 137)
(10, 270)
(10, 149)
(10, 158)
(10, 287)
(10, 291)
(10, 49)
(10, 301)
(10, 46)
(10, 177)
(10, 184)
(10, 185)
(10, 190)
(10, 228)
(10, 203)
(10, 217)
(10, 90)
(10, 220)
(10, 96)
(10, 356)
(10, 235)
(10, 241)
(10, 246)
(10, 378)
(11, 257)
(11, 130)
(11, 131)
(11, 389)
(11, 51)
(11, 65)
(11, 265)
(11, 12)
(11, 13)
(11, 399)
(11, 17)
(11, 18)
(11, 277)
(11, 153)
(11, 154)
(11, 155)
(11, 157)
(11, 69)
(11, 34)
(11, 294)
(11, 170)
(11, 171)
(11, 61)
(11, 305)
(11, 50)
(11, 179)
(11, 52)
(11, 312)
(11, 59)
(11, 317)
(11, 321)
(11, 196)
(11, 325)
(11, 335)
(11, 56)
(11, 118)
(11, 343)
(11, 216)
(11, 89)
(11, 346)
(11, 92)
(11, 221)
(11, 123)
(11, 103)
(11, 104)
(11, 105)
(11, 106)
(11, 111)
(11, 383)
(11, 374)
(11, 375)
(11, 376)
(11, 379)
(11, 21)
(11, 125)
(11, 255)
(12, 257)
(12, 130)
(12, 65)
(12, 265)
(12, 399)
(12, 17)
(12, 153)
(12, 154)
(12, 69)
(12, 34)
(12, 170)
(12, 171)
(12, 44)
(12, 179)
(12, 54)
(12, 312)
(12, 317)
(12, 321)
(12, 196)
(12, 325)
(12, 211)
(12, 216)
(12, 89)
(12, 103)
(12, 243)
(12, 118)
(12, 375)
(12, 376)
(12, 379)
(12, 125)
(12, 383)
(13, 257)
(13, 130)
(13, 131)
(13, 81)
(13, 87)
(13, 396)
(13, 24)
(13, 18)
(13, 277)
(13, 56)
(13, 152)
(13, 153)
(13, 26)
(13, 155)
(13, 157)
(13, 51)
(13, 294)
(13, 296)
(13, 170)
(13, 43)
(13, 61)
(13, 305)
(13, 50)
(13, 115)
(13, 52)
(13, 57)
(13, 312)
(13, 313)
(13, 317)
(13, 321)
(13, 75)
(13, 325)
(13, 329)
(13, 119)
(13, 332)
(13, 335)
(13, 337)
(13, 251)
(13, 343)
(13, 216)
(13, 89)
(13, 92)
(13, 221)
(13, 355)
(13, 231)
(13, 104)
(13, 105)
(13, 106)
(13, 103)
(13, 111)
(13, 242)
(13, 123)
(13, 374)
(13, 375)
(13, 377)
(13, 383)
(13, 255)
(14, 386)
(14, 260)
(14, 135)
(14, 395)
(14, 140)
(14, 397)
(14, 272)
(14, 274)
(14, 276)
(14, 289)
(14, 35)
(14, 298)
(14, 299)
(14, 173)
(14, 304)
(14, 309)
(14, 58)
(14, 95)
(14, 316)
(14, 191)
(14, 195)
(14, 330)
(14, 331)
(14, 210)
(14, 213)
(14, 176)
(14, 347)
(14, 348)
(14, 93)
(14, 351)
(14, 360)
(14, 188)
(14, 107)
(14, 237)
(14, 367)
(14, 369)
(14, 116)
(14, 248)
(14, 380)
(15, 384)
(15, 388)
(15, 390)
(15, 22)
(15, 279)
(15, 286)
(15, 31)
(15, 160)
(15, 293)
(15, 38)
(15, 295)
(15, 297)
(15, 174)
(15, 30)
(15, 187)
(15, 62)
(15, 63)
(15, 200)
(15, 201)
(15, 333)
(15, 77)
(15, 80)
(15, 342)
(15, 37)
(15, 98)
(15, 227)
(15, 357)
(15, 112)
(15, 113)
(15, 244)
(15, 245)
(15, 120)
(16, 386)
(16, 259)
(16, 132)
(16, 133)
(16, 135)
(16, 136)
(16, 267)
(16, 398)
(16, 144)
(16, 274)
(16, 276)
(16, 23)
(16, 25)
(16, 282)
(16, 27)
(16, 289)
(16, 162)
(16, 36)
(16, 165)
(16, 39)
(16, 299)
(16, 304)
(16, 181)
(16, 182)
(16, 314)
(16, 53)
(16, 191)
(16, 193)
(16, 66)
(16, 195)
(16, 324)
(16, 199)
(16, 328)
(16, 74)
(16, 334)
(16, 83)
(16, 84)
(16, 214)
(16, 176)
(16, 219)
(16, 93)
(16, 351)
(16, 101)
(16, 237)
(16, 367)
(16, 371)
(16, 372)
(16, 127)
(17, 257)
(17, 65)
(17, 265)
(17, 399)
(17, 273)
(17, 280)
(17, 153)
(17, 154)
(17, 69)
(17, 34)
(17, 166)
(17, 170)
(17, 171)
(17, 44)
(17, 179)
(17, 54)
(17, 312)
(17, 59)
(17, 317)
(17, 321)
(17, 196)
(17, 325)
(17, 211)
(17, 216)
(17, 89)
(17, 223)
(17, 100)
(17, 243)
(17, 118)
(17, 376)
(17, 379)
(17, 125)
(17, 383)
(18, 257)
(18, 130)
(18, 389)
(18, 277)
(18, 24)
(18, 153)
(18, 154)
(18, 155)
(18, 157)
(18, 34)
(18, 294)
(18, 296)
(18, 170)
(18, 43)
(18, 45)
(18, 302)
(18, 305)
(18, 50)
(18, 51)
(18, 52)
(18, 312)
(18, 313)
(18, 315)
(18, 61)
(18, 321)
(18, 325)
(18, 75)
(18, 335)
(18, 56)
(18, 343)
(18, 216)
(18, 346)
(18, 92)
(18, 221)
(18, 224)
(18, 102)
(18, 359)
(18, 104)
(18, 105)
(18, 234)
(18, 108)
(18, 366)
(18, 111)
(18, 240)
(18, 40)
(18, 242)
(18, 374)
(18, 375)
(18, 376)
(18, 123)
(18, 21)
(18, 106)
(18, 126)
(18, 255)
(19, 256)
(19, 129)
(19, 258)
(19, 391)
(19, 264)
(19, 269)
(19, 67)
(19, 148)
(19, 278)
(19, 285)
(19, 161)
(19, 292)
(19, 55)
(19, 186)
(19, 64)
(19, 323)
(19, 326)
(19, 33)
(19, 72)
(19, 73)
(19, 204)
(19, 206)
(19, 207)
(19, 209)
(19, 340)
(19, 78)
(19, 249)
(19, 88)
(19, 164)
(19, 358)
(19, 364)
(19, 109)
(19, 370)
(19, 212)
(19, 254)
(20, 81)
(20, 392)
(20, 26)
(20, 291)
(20, 49)
(20, 301)
(20, 177)
(20, 57)
(20, 329)
(20, 332)
(20, 79)
(20, 208)
(20, 337)
(20, 87)
(20, 228)
(20, 90)
(20, 91)
(20, 220)
(20, 94)
(20, 355)
(20, 356)
(20, 231)
(20, 241)
(20, 373)
(20, 119)
(20, 377)
(20, 378)
(21, 257)
(21, 389)
(21, 134)
(21, 65)
(21, 265)
(21, 215)
(21, 142)
(21, 399)
(21, 273)
(21, 277)
(21, 280)
(21, 153)
(21, 154)
(21, 155)
(21, 157)
(21, 69)
(21, 290)
(21, 40)
(21, 41)
(21, 170)
(21, 171)
(21, 44)
(21, 45)
(21, 302)
(21, 51)
(21, 312)
(21, 315)
(21, 321)
(21, 196)
(21, 325)
(21, 31)
(21, 247)
(21, 34)
(21, 335)
(21, 56)
(21, 339)
(21, 343)
(21, 216)
(21, 346)
(21, 221)
(21, 223)
(21, 59)
(21, 100)
(21, 359)
(21, 105)
(21, 234)
(21, 108)
(21, 110)
(21, 366)
(21, 243)
(21, 374)
(21, 375)
(21, 376)
(21, 379)
(21, 125)
(21, 255)
(22, 384)
(22, 388)
(22, 390)
(22, 151)
(22, 145)
(22, 279)
(22, 286)
(22, 31)
(22, 32)
(22, 293)
(22, 38)
(22, 295)
(22, 297)
(22, 172)
(22, 174)
(22, 306)
(22, 30)
(22, 187)
(22, 318)
(22, 63)
(22, 139)
(22, 70)
(22, 200)
(22, 201)
(22, 333)
(22, 77)
(22, 336)
(22, 338)
(22, 85)
(22, 342)
(22, 345)
(22, 37)
(22, 80)
(22, 98)
(22, 227)
(22, 167)
(22, 112)
(22, 244)
(22, 117)
(22, 120)
(22, 124)
(23, 386)
(23, 259)
(23, 132)
(23, 133)
(23, 135)
(23, 267)
(23, 398)
(23, 274)
(23, 25)
(23, 282)
(23, 27)
(23, 289)
(23, 162)
(23, 39)
(23, 299)
(23, 304)
(23, 181)
(23, 182)
(23, 314)
(23, 53)
(23, 193)
(23, 66)
(23, 195)
(23, 324)
(23, 199)
(23, 328)
(23, 74)
(23, 334)
(23, 214)
(23, 176)
(23, 219)
(23, 93)
(23, 237)
(23, 367)
(23, 372)
(24, 51)
(24, 387)
(24, 393)
(24, 396)
(24, 131)
(24, 277)
(24, 152)
(24, 157)
(24, 294)
(24, 296)
(24, 42)
(24, 43)
(24, 221)
(24, 305)
(24, 50)
(24, 115)
(24, 52)
(24, 57)
(24, 310)
(24, 311)
(24, 56)
(24, 313)
(24, 61)
(24, 320)
(24, 322)
(24, 75)
(24, 197)
(24, 202)
(24, 183)
(24, 332)
(24, 335)
(24, 81)
(24, 343)
(24, 344)
(24, 91)
(24, 92)
(24, 349)
(24, 224)
(24, 355)
(24, 231)
(24, 362)
(24, 111)
(24, 240)
(24, 168)
(24, 242)
(24, 123)
(24, 374)
(24, 375)
(24, 251)
(24, 106)
(24, 126)
(24, 255)
(25, 386)
(25, 259)
(25, 132)
(25, 133)
(25, 136)
(25, 267)
(25, 398)
(25, 274)
(25, 282)
(25, 27)
(25, 162)
(25, 36)
(25, 165)
(25, 39)
(25, 299)
(25, 176)
(25, 181)
(25, 182)
(25, 314)
(25, 53)
(25, 193)
(25, 66)
(25, 195)
(25, 324)
(25, 199)
(25, 328)
(25, 74)
(25, 334)
(25, 83)
(25, 84)
(25, 214)
(25, 219)
(25, 93)
(25, 101)
(25, 237)
(25, 367)
(25, 371)
(25, 372)
(25, 127)
(26, 130)
(26, 131)
(26, 392)
(26, 61)
(26, 305)
(26, 57)
(26, 317)
(26, 329)
(26, 332)
(26, 79)
(26, 208)
(26, 337)
(26, 87)
(26, 89)
(26, 91)
(26, 92)
(26, 94)
(26, 355)
(26, 231)
(26, 104)
(26, 106)
(26, 103)
(26, 111)
(26, 115)
(26, 373)
(26, 119)
(26, 377)
(26, 123)
(26, 383)
(27, 259)
(27, 132)
(27, 133)
(27, 136)
(27, 267)
(27, 398)
(27, 274)
(27, 282)
(27, 162)
(27, 39)
(27, 176)
(27, 181)
(27, 182)
(27, 314)
(27, 53)
(27, 193)
(27, 66)
(27, 195)
(27, 324)
(27, 199)
(27, 328)
(27, 74)
(27, 334)
(27, 84)
(27, 214)
(27, 219)
(27, 93)
(27, 101)
(27, 371)
(27, 372)
(27, 127)
(28, 128)
(28, 261)
(28, 263)
(28, 151)
(28, 145)
(28, 146)
(28, 147)
(28, 279)
(28, 281)
(28, 156)
(28, 32)
(28, 37)
(28, 167)
(28, 297)
(28, 71)
(28, 172)
(28, 47)
(28, 306)
(28, 308)
(28, 194)
(28, 68)
(28, 225)
(28, 338)
(28, 99)
(28, 345)
(28, 353)
(28, 98)
(28, 227)
(28, 230)
(28, 124)
(28, 365)
(28, 114)
(28, 122)
(28, 252)
(29, 264)
(29, 138)
(29, 267)
(29, 268)
(29, 397)
(29, 144)
(29, 67)
(29, 284)
(29, 162)
(29, 36)
(29, 165)
(29, 39)
(29, 136)
(29, 181)
(29, 186)
(29, 316)
(29, 319)
(29, 193)
(29, 195)
(29, 198)
(29, 328)
(29, 73)
(29, 330)
(29, 83)
(29, 84)
(29, 86)
(29, 101)
(29, 314)
(29, 351)
(29, 229)
(29, 236)
(29, 371)
(29, 372)
(29, 381)
(29, 127)
(30, 384)
(30, 388)
(30, 98)
(30, 266)
(30, 151)
(30, 145)
(30, 279)
(30, 286)
(30, 31)
(30, 32)
(30, 293)
(30, 38)
(30, 295)
(30, 297)
(30, 172)
(30, 174)
(30, 306)
(30, 187)
(30, 318)
(30, 63)
(30, 139)
(30, 70)
(30, 200)
(30, 201)
(30, 333)
(30, 77)
(30, 336)
(30, 338)
(30, 341)
(30, 342)
(30, 345)
(30, 350)
(30, 37)
(30, 80)
(30, 354)
(30, 227)
(30, 358)
(30, 361)
(30, 167)
(30, 110)
(30, 112)
(30, 244)
(30, 117)
(30, 120)
(30, 124)
(30, 85)
(31, 384)
(31, 388)
(31, 389)
(31, 390)
(31, 142)
(31, 273)
(31, 110)
(31, 280)
(31, 286)
(31, 159)
(31, 160)
(31, 290)
(31, 293)
(31, 38)
(31, 295)
(31, 40)
(31, 41)
(31, 307)
(31, 187)
(31, 134)
(31, 63)
(31, 200)
(31, 201)
(31, 62)
(31, 333)
(31, 77)
(31, 336)
(31, 339)
(31, 341)
(31, 215)
(31, 80)
(31, 59)
(31, 357)
(31, 359)
(31, 234)
(31, 108)
(31, 366)
(31, 113)
(31, 244)
(31, 245)
(31, 247)
(31, 120)
(31, 85)
(32, 258)
(32, 261)
(32, 391)
(32, 151)
(32, 145)
(32, 147)
(32, 278)
(32, 279)
(32, 156)
(32, 164)
(32, 70)
(32, 295)
(32, 297)
(32, 263)
(32, 172)
(32, 174)
(32, 47)
(32, 72)
(32, 306)
(32, 318)
(32, 194)
(32, 139)
(32, 68)
(32, 326)
(32, 327)
(32, 200)
(32, 201)
(32, 98)
(32, 77)
(32, 336)
(32, 209)
(32, 338)
(32, 342)
(32, 345)
(32, 71)
(32, 350)
(32, 37)
(32, 354)
(32, 227)
(32, 230)
(32, 358)
(32, 361)
(32, 167)
(32, 117)
(32, 120)
(32, 122)
(32, 124)
(33, 256)
(33, 129)
(33, 258)
(33, 391)
(33, 269)
(33, 271)
(33, 67)
(33, 148)
(33, 285)
(33, 161)
(33, 292)
(33, 303)
(33, 180)
(33, 55)
(33, 186)
(33, 189)
(33, 64)
(33, 323)
(33, 73)
(33, 204)
(33, 206)
(33, 207)
(33, 209)
(33, 340)
(33, 78)
(33, 164)
(33, 350)
(33, 95)
(33, 354)
(33, 363)
(33, 364)
(33, 109)
(33, 370)
(33, 249)
(33, 254)
(34, 257)
(34, 389)
(34, 134)
(34, 65)
(34, 265)
(34, 142)
(34, 399)
(34, 273)
(34, 110)
(34, 154)
(34, 280)
(34, 153)
(34, 179)
(34, 157)
(34, 69)
(34, 290)
(34, 40)
(34, 41)
(34, 170)
(34, 171)
(34, 44)
(34, 307)
(34, 312)
(34, 59)
(34, 321)
(34, 196)
(34, 325)
(34, 211)
(34, 375)
(34, 56)
(34, 82)
(34, 339)
(34, 215)
(34, 216)
(34, 346)
(34, 223)
(34, 97)
(34, 100)
(34, 359)
(34, 105)
(34, 234)
(34, 108)
(34, 366)
(34, 243)
(34, 118)
(34, 247)
(34, 376)
(34, 379)
(34, 125)
(35, 386)
(35, 260)
(35, 135)
(35, 395)
(35, 274)
(35, 289)
(35, 298)
(35, 299)
(35, 304)
(35, 309)
(35, 182)
(35, 58)
(35, 66)
(35, 199)
(35, 331)
(35, 205)
(35, 210)
(35, 176)
(35, 232)
(35, 237)
(35, 367)
(35, 369)
(35, 116)
(35, 248)
(36, 259)
(36, 133)
(36, 136)
(36, 138)
(36, 267)
(36, 397)
(36, 398)
(36, 144)
(36, 67)
(36, 276)
(36, 282)
(36, 284)
(36, 162)
(36, 165)
(36, 39)
(36, 93)
(36, 53)
(36, 181)
(36, 314)
(36, 316)
(36, 74)
(36, 319)
(36, 193)
(36, 86)
(36, 195)
(36, 198)
(36, 328)
(36, 330)
(36, 83)
(36, 84)
(36, 214)
(36, 101)
(36, 186)
(36, 351)
(36, 229)
(36, 236)
(36, 371)
(36, 372)
(36, 191)
(36, 381)
(36, 127)
(37, 384)
(37, 388)
(37, 151)
(37, 145)
(37, 279)
(37, 156)
(37, 286)
(37, 293)
(37, 38)
(37, 295)
(37, 297)
(37, 172)
(37, 174)
(37, 306)
(37, 187)
(37, 318)
(37, 63)
(37, 194)
(37, 139)
(37, 68)
(37, 70)
(37, 200)
(37, 201)
(37, 333)
(37, 77)
(37, 80)
(37, 338)
(37, 342)
(37, 345)
(37, 98)
(37, 227)
(37, 230)
(37, 167)
(37, 112)
(37, 244)
(37, 117)
(37, 120)
(37, 122)
(37, 124)
(38, 384)
(38, 388)
(38, 390)
(38, 279)
(38, 286)
(38, 159)
(38, 160)
(38, 293)
(38, 295)
(38, 174)
(38, 187)
(38, 62)
(38, 63)
(38, 200)
(38, 201)
(38, 333)
(38, 77)
(38, 80)
(38, 342)
(38, 98)
(38, 227)
(38, 357)
(38, 112)
(38, 113)
(38, 244)
(38, 245)
(38, 120)
(39, 386)
(39, 259)
(39, 132)
(39, 133)
(39, 135)
(39, 136)
(39, 138)
(39, 267)
(39, 397)
(39, 398)
(39, 144)
(39, 274)
(39, 67)
(39, 276)
(39, 282)
(39, 284)
(39, 176)
(39, 162)
(39, 165)
(39, 304)
(39, 53)
(39, 181)
(39, 182)
(39, 314)
(39, 316)
(39, 74)
(39, 319)
(39, 193)
(39, 86)
(39, 195)
(39, 324)
(39, 198)
(39, 199)
(39, 328)
(39, 330)
(39, 83)
(39, 84)
(39, 213)
(39, 214)
(39, 219)
(39, 93)
(39, 351)
(39, 101)
(39, 236)
(39, 371)
(39, 372)
(39, 191)
(39, 381)
(39, 127)
(40, 257)
(40, 389)
(40, 134)
(40, 265)
(40, 266)
(40, 215)
(40, 142)
(40, 277)
(40, 153)
(40, 154)
(40, 283)
(40, 157)
(40, 290)
(40, 155)
(40, 294)
(40, 170)
(40, 43)
(40, 45)
(40, 302)
(40, 51)
(40, 105)
(40, 56)
(40, 315)
(40, 321)
(40, 75)
(40, 196)
(40, 247)
(40, 77)
(40, 335)
(40, 336)
(40, 339)
(40, 341)
(40, 343)
(40, 346)
(40, 221)
(40, 59)
(40, 102)
(40, 359)
(40, 361)
(40, 234)
(40, 363)
(40, 108)
(40, 110)
(40, 366)
(40, 244)
(40, 374)
(40, 375)
(40, 85)
(40, 255)
(41, 134)
(41, 265)
(41, 142)
(41, 399)
(41, 273)
(41, 150)
(41, 280)
(41, 154)
(41, 159)
(41, 160)
(41, 290)
(41, 166)
(41, 171)
(41, 44)
(41, 307)
(41, 54)
(41, 59)
(41, 60)
(41, 62)
(41, 192)
(41, 196)
(41, 69)
(41, 82)
(41, 339)
(41, 215)
(41, 223)
(41, 97)
(41, 100)
(41, 357)
(41, 359)
(41, 238)
(41, 113)
(41, 243)
(41, 245)
(41, 247)
(41, 125)
(41, 382)
(42, 387)
(42, 262)
(42, 393)
(42, 394)
(42, 396)
(42, 141)
(42, 143)
(42, 272)
(42, 275)
(42, 152)
(42, 288)
(42, 294)
(42, 296)
(42, 169)
(42, 43)
(42, 300)
(42, 303)
(42, 178)
(42, 52)
(42, 310)
(42, 311)
(42, 313)
(42, 188)
(42, 320)
(42, 322)
(42, 75)
(42, 197)
(42, 202)
(42, 183)
(42, 344)
(42, 218)
(42, 347)
(42, 349)
(42, 222)
(42, 224)
(42, 233)
(42, 362)
(42, 107)
(42, 240)
(42, 168)
(42, 242)
(42, 115)
(42, 121)
(42, 251)
(42, 126)
(43, 387)
(43, 262)
(43, 393)
(43, 396)
(43, 141)
(43, 271)
(43, 277)
(43, 152)
(43, 153)
(43, 283)
(43, 157)
(43, 155)
(43, 294)
(43, 296)
(43, 300)
(43, 45)
(43, 302)
(43, 303)
(43, 305)
(43, 50)
(43, 51)
(43, 52)
(43, 56)
(43, 313)
(43, 315)
(43, 61)
(43, 320)
(43, 322)
(43, 197)
(43, 221)
(43, 75)
(43, 335)
(43, 343)
(43, 344)
(43, 218)
(43, 143)
(43, 92)
(43, 349)
(43, 224)
(43, 102)
(43, 105)
(43, 234)
(43, 363)
(43, 108)
(43, 111)
(43, 240)
(43, 168)
(43, 242)
(43, 115)
(43, 374)
(43, 375)
(43, 251)
(43, 106)
(43, 126)
(43, 255)
(44, 134)
(44, 265)
(44, 399)
(44, 273)
(44, 150)
(44, 280)
(44, 154)
(44, 159)
(44, 290)
(44, 163)
(44, 166)
(44, 171)
(44, 307)
(44, 54)
(44, 59)
(44, 60)
(44, 192)
(44, 65)
(44, 196)
(44, 69)
(44, 82)
(44, 211)
(44, 223)
(44, 97)
(44, 100)
(44, 238)
(44, 243)
(44, 247)
(44, 376)
(44, 379)
(44, 125)
(44, 382)
(45, 389)
(45, 266)
(45, 215)
(45, 271)
(45, 277)
(45, 105)
(45, 283)
(45, 157)
(45, 52)
(45, 155)
(45, 294)
(45, 300)
(45, 302)
(45, 303)
(45, 50)
(45, 51)
(45, 180)
(45, 56)
(45, 313)
(45, 315)
(45, 189)
(45, 320)
(45, 75)
(45, 143)
(45, 335)
(45, 336)
(45, 85)
(45, 341)
(45, 343)
(45, 346)
(45, 207)
(45, 221)
(45, 224)
(45, 102)
(45, 359)
(45, 361)
(45, 234)
(45, 363)
(45, 108)
(45, 110)
(45, 366)
(45, 240)
(45, 242)
(45, 374)
(45, 375)
(45, 126)
(45, 255)
(46, 137)
(46, 395)
(46, 270)
(46, 149)
(46, 287)
(46, 288)
(46, 291)
(46, 169)
(46, 298)
(46, 173)
(46, 175)
(46, 48)
(46, 311)
(46, 184)
(46, 185)
(46, 190)
(46, 202)
(46, 203)
(46, 205)
(46, 217)
(46, 90)
(46, 220)
(46, 222)
(46, 96)
(46, 356)
(46, 360)
(46, 235)
(46, 239)
(46, 232)
(47, 128)
(47, 385)
(47, 261)
(47, 263)
(47, 151)
(47, 145)
(47, 146)
(47, 147)
(47, 279)
(47, 281)
(47, 156)
(47, 167)
(47, 297)
(47, 71)
(47, 172)
(47, 306)
(47, 308)
(47, 194)
(47, 68)
(47, 326)
(47, 327)
(47, 338)
(47, 99)
(47, 345)
(47, 352)
(47, 353)
(47, 98)
(47, 227)
(47, 230)
(47, 124)
(47, 225)
(47, 365)
(47, 114)
(47, 122)
(47, 252)
(48, 260)
(48, 395)
(48, 270)
(48, 275)
(48, 287)
(48, 288)
(48, 169)
(48, 298)
(48, 173)
(48, 175)
(48, 178)
(48, 309)
(48, 184)
(48, 185)
(48, 58)
(48, 232)
(48, 190)
(48, 331)
(48, 205)
(48, 348)
(48, 222)
(48, 360)
(48, 233)
(48, 239)
(48, 369)
(49, 392)
(49, 137)
(49, 149)
(49, 158)
(49, 291)
(49, 301)
(49, 177)
(49, 185)
(49, 190)
(49, 228)
(49, 203)
(49, 208)
(49, 217)
(49, 90)
(49, 220)
(49, 94)
(49, 96)
(49, 356)
(49, 235)
(49, 241)
(49, 373)
(49, 246)
(49, 378)
(50, 257)
(50, 130)
(50, 387)
(50, 51)
(50, 87)
(50, 396)
(50, 131)
(50, 277)
(50, 56)
(50, 152)
(50, 153)
(50, 155)
(50, 157)
(50, 294)
(50, 296)
(50, 170)
(50, 61)
(50, 221)
(50, 305)
(50, 115)
(50, 52)
(50, 57)
(50, 312)
(50, 313)
(50, 315)
(50, 317)
(50, 321)
(50, 325)
(50, 75)
(50, 335)
(50, 337)
(50, 251)
(50, 343)
(50, 216)
(50, 89)
(50, 346)
(50, 92)
(50, 349)
(50, 355)
(50, 231)
(50, 104)
(50, 105)
(50, 106)
(50, 103)
(50, 111)
(50, 242)
(50, 123)
(50, 374)
(50, 375)
(50, 377)
(50, 255)
(50, 126)
(50, 383)
(51, 257)
(51, 130)
(51, 131)
(51, 389)
(51, 396)
(51, 277)
(51, 152)
(51, 153)
(51, 154)
(51, 155)
(51, 157)
(51, 294)
(51, 296)
(51, 170)
(51, 61)
(51, 302)
(51, 305)
(51, 115)
(51, 52)
(51, 312)
(51, 313)
(51, 315)
(51, 317)
(51, 321)
(51, 325)
(51, 75)
(51, 335)
(51, 56)
(51, 343)
(51, 216)
(51, 89)
(51, 346)
(51, 92)
(51, 221)
(51, 355)
(51, 104)
(51, 105)
(51, 234)
(51, 108)
(51, 111)
(51, 242)
(51, 123)
(51, 374)
(51, 375)
(51, 376)
(51, 255)
(51, 106)
(51, 126)
(51, 383)
(52, 130)
(52, 387)
(52, 393)
(52, 396)
(52, 131)
(52, 277)
(52, 152)
(52, 153)
(52, 155)
(52, 157)
(52, 294)
(52, 296)
(52, 221)
(52, 305)
(52, 115)
(52, 57)
(52, 310)
(52, 56)
(52, 313)
(52, 315)
(52, 61)
(52, 320)
(52, 322)
(52, 197)
(52, 75)
(52, 335)
(52, 81)
(52, 343)
(52, 92)
(52, 349)
(52, 224)
(52, 355)
(52, 231)
(52, 104)
(52, 105)
(52, 106)
(52, 111)
(52, 240)
(52, 242)
(52, 123)
(52, 374)
(52, 375)
(52, 251)
(52, 126)
(52, 255)
(53, 386)
(53, 259)
(53, 132)
(53, 133)
(53, 135)
(53, 136)
(53, 267)
(53, 398)
(53, 144)
(53, 274)
(53, 276)
(53, 282)
(53, 289)
(53, 162)
(53, 165)
(53, 299)
(53, 304)
(53, 181)
(53, 182)
(53, 314)
(53, 193)
(53, 66)
(53, 195)
(53, 324)
(53, 199)
(53, 328)
(53, 74)
(53, 334)
(53, 83)
(53, 84)
(53, 214)
(53, 176)
(53, 219)
(53, 93)
(53, 351)
(53, 101)
(53, 237)
(53, 367)
(53, 371)
(53, 372)
(53, 127)
(54, 265)
(54, 399)
(54, 273)
(54, 150)
(54, 280)
(54, 163)
(54, 166)
(54, 171)
(54, 60)
(54, 192)
(54, 65)
(54, 196)
(54, 69)
(54, 82)
(54, 211)
(54, 223)
(54, 97)
(54, 100)
(54, 243)
(54, 379)
(54, 125)
(54, 382)
(55, 256)
(55, 129)
(55, 107)
(55, 262)
(55, 391)
(55, 64)
(55, 393)
(55, 140)
(55, 269)
(55, 271)
(55, 141)
(55, 148)
(55, 283)
(55, 285)
(55, 292)
(55, 168)
(55, 300)
(55, 242)
(55, 303)
(55, 180)
(55, 189)
(55, 320)
(55, 323)
(55, 206)
(55, 207)
(55, 340)
(55, 121)
(55, 164)
(55, 218)
(55, 143)
(55, 350)
(55, 95)
(55, 224)
(55, 102)
(55, 361)
(55, 363)
(55, 364)
(55, 109)
(55, 240)
(55, 370)
(55, 126)
(55, 249)
(55, 380)
(55, 254)
(56, 257)
(56, 130)
(56, 131)
(56, 389)
(56, 65)
(56, 277)
(56, 153)
(56, 154)
(56, 155)
(56, 157)
(56, 294)
(56, 170)
(56, 171)
(56, 302)
(56, 305)
(56, 179)
(56, 312)
(56, 313)
(56, 315)
(56, 61)
(56, 321)
(56, 196)
(56, 325)
(56, 75)
(56, 335)
(56, 118)
(56, 343)
(56, 216)
(56, 89)
(56, 346)
(56, 92)
(56, 221)
(56, 123)
(56, 359)
(56, 104)
(56, 105)
(56, 234)
(56, 108)
(56, 366)
(56, 111)
(56, 374)
(56, 375)
(56, 376)
(56, 383)
(56, 106)
(56, 126)
(56, 255)
(57, 130)
(57, 131)
(57, 81)
(57, 392)
(57, 396)
(57, 152)
(57, 296)
(57, 305)
(57, 311)
(57, 61)
(57, 329)
(57, 183)
(57, 332)
(57, 79)
(57, 208)
(57, 337)
(57, 251)
(57, 87)
(57, 91)
(57, 92)
(57, 94)
(57, 355)
(57, 231)
(57, 104)
(57, 106)
(57, 103)
(57, 111)
(57, 115)
(57, 373)
(57, 119)
(57, 377)
(57, 378)
(57, 123)
(58, 386)
(58, 260)
(58, 135)
(58, 395)
(58, 274)
(58, 239)
(58, 289)
(58, 298)
(58, 299)
(58, 173)
(58, 304)
(58, 309)
(58, 232)
(58, 331)
(58, 205)
(58, 210)
(58, 176)
(58, 348)
(58, 360)
(58, 237)
(58, 367)
(58, 369)
(58, 116)
(58, 248)
(59, 257)
(59, 389)
(59, 134)
(59, 65)
(59, 265)
(59, 142)
(59, 399)
(59, 273)
(59, 110)
(59, 280)
(59, 153)
(59, 154)
(59, 69)
(59, 159)
(59, 290)
(59, 170)
(59, 171)
(59, 307)
(59, 62)
(59, 321)
(59, 196)
(59, 325)
(59, 82)
(59, 339)
(59, 215)
(59, 216)
(59, 346)
(59, 223)
(59, 97)
(59, 100)
(59, 357)
(59, 359)
(59, 105)
(59, 234)
(59, 108)
(59, 366)
(59, 243)
(59, 245)
(59, 247)
(59, 376)
(59, 379)
(59, 125)
(60, 192)
(60, 97)
(60, 163)
(60, 113)
(60, 166)
(60, 243)
(60, 238)
(60, 273)
(60, 82)
(60, 307)
(60, 62)
(60, 150)
(60, 280)
(60, 100)
(60, 159)
(60, 125)
(60, 382)
(60, 223)
(61, 257)
(61, 130)
(61, 131)
(61, 81)
(61, 87)
(61, 396)
(61, 277)
(61, 152)
(61, 153)
(61, 157)
(61, 294)
(61, 296)
(61, 170)
(61, 305)
(61, 115)
(61, 312)
(61, 317)
(61, 123)
(61, 321)
(61, 75)
(61, 325)
(61, 329)
(61, 119)
(61, 332)
(61, 335)
(61, 337)
(61, 343)
(61, 216)
(61, 89)
(61, 91)
(61, 92)
(61, 221)
(61, 355)
(61, 231)
(61, 104)
(61, 106)
(61, 103)
(61, 111)
(61, 383)
(61, 374)
(61, 375)
(61, 377)
(61, 251)
(61, 255)
(62, 384)
(62, 390)
(62, 142)
(62, 273)
(62, 280)
(62, 286)
(62, 159)
(62, 160)
(62, 290)
(62, 134)
(62, 307)
(62, 187)
(62, 80)
(62, 82)
(62, 339)
(62, 215)
(62, 223)
(62, 97)
(62, 100)
(62, 357)
(62, 238)
(62, 113)
(62, 243)
(62, 245)
(62, 247)
(62, 293)
(63, 384)
(63, 388)
(63, 390)
(63, 139)
(63, 279)
(63, 286)
(63, 160)
(63, 293)
(63, 295)
(63, 297)
(63, 174)
(63, 187)
(63, 318)
(63, 70)
(63, 200)
(63, 201)
(63, 333)
(63, 77)
(63, 336)
(63, 338)
(63, 85)
(63, 342)
(63, 345)
(63, 80)
(63, 98)
(63, 227)
(63, 357)
(63, 167)
(63, 112)
(63, 244)
(63, 245)
(63, 120)
(64, 256)
(64, 129)
(64, 262)
(64, 391)
(64, 266)
(64, 141)
(64, 271)
(64, 148)
(64, 283)
(64, 285)
(64, 161)
(64, 292)
(64, 300)
(64, 302)
(64, 303)
(64, 180)
(64, 189)
(64, 318)
(64, 117)
(64, 323)
(64, 206)
(64, 207)
(64, 336)
(64, 209)
(64, 341)
(64, 164)
(64, 143)
(64, 350)
(64, 224)
(64, 354)
(64, 102)
(64, 358)
(64, 361)
(64, 363)
(64, 364)
(64, 109)
(64, 370)
(64, 126)
(64, 120)
(64, 249)
(64, 254)
(64, 85)
(65, 257)
(65, 130)
(65, 265)
(65, 399)
(65, 273)
(65, 280)
(65, 153)
(65, 154)
(65, 157)
(65, 69)
(65, 290)
(65, 170)
(65, 171)
(65, 179)
(65, 312)
(65, 317)
(65, 321)
(65, 196)
(65, 325)
(65, 211)
(65, 216)
(65, 89)
(65, 346)
(65, 92)
(65, 221)
(65, 223)
(65, 100)
(65, 105)
(65, 243)
(65, 118)
(65, 375)
(65, 376)
(65, 379)
(65, 125)
(65, 383)
(66, 386)
(66, 132)
(66, 133)
(66, 135)
(66, 398)
(66, 274)
(66, 282)
(66, 289)
(66, 162)
(66, 299)
(66, 304)
(66, 182)
(66, 116)
(66, 314)
(66, 195)
(66, 199)
(66, 328)
(66, 74)
(66, 334)
(66, 214)
(66, 176)
(66, 219)
(66, 93)
(66, 237)
(66, 367)
(66, 372)
(66, 248)
(67, 264)
(67, 236)
(67, 138)
(67, 267)
(67, 268)
(67, 397)
(67, 144)
(67, 276)
(67, 284)
(67, 292)
(67, 165)
(67, 73)
(67, 186)
(67, 316)
(67, 319)
(67, 198)
(67, 140)
(67, 330)
(67, 78)
(67, 269)
(67, 212)
(67, 86)
(67, 351)
(67, 84)
(67, 226)
(67, 229)
(67, 364)
(67, 109)
(67, 381)
(67, 368)
(67, 340)
(67, 191)
(67, 253)
(68, 128)
(68, 261)
(68, 263)
(68, 151)
(68, 145)
(68, 146)
(68, 147)
(68, 279)
(68, 281)
(68, 156)
(68, 167)
(68, 297)
(68, 71)
(68, 172)
(68, 306)
(68, 308)
(68, 194)
(68, 225)
(68, 338)
(68, 99)
(68, 345)
(68, 353)
(68, 227)
(68, 230)
(68, 124)
(68, 365)
(68, 114)
(68, 122)
(68, 252)
(69, 257)
(69, 130)
(69, 134)
(69, 265)
(69, 399)
(69, 273)
(69, 280)
(69, 153)
(69, 154)
(69, 290)
(69, 166)
(69, 170)
(69, 171)
(69, 179)
(69, 312)
(69, 321)
(69, 196)
(69, 325)
(69, 82)
(69, 211)
(69, 216)
(69, 89)
(69, 346)
(69, 223)
(69, 100)
(69, 105)
(69, 243)
(69, 118)
(69, 375)
(69, 376)
(69, 379)
(69, 125)
(69, 383)
(70, 256)
(70, 258)
(70, 388)
(70, 98)
(70, 266)
(70, 151)
(70, 145)
(70, 147)
(70, 278)
(70, 279)
(70, 283)
(70, 164)
(70, 295)
(70, 297)
(70, 172)
(70, 174)
(70, 306)
(70, 189)
(70, 318)
(70, 139)
(70, 326)
(70, 71)
(70, 200)
(70, 201)
(70, 333)
(70, 77)
(70, 336)
(70, 338)
(70, 341)
(70, 342)
(70, 345)
(70, 350)
(70, 354)
(70, 230)
(70, 358)
(70, 361)
(70, 167)
(70, 112)
(70, 244)
(70, 117)
(70, 120)
(70, 122)
(70, 124)
(70, 85)
(71, 128)
(71, 385)
(71, 258)
(71, 261)
(71, 391)
(71, 139)
(71, 145)
(71, 147)
(71, 278)
(71, 151)
(71, 156)
(71, 161)
(71, 164)
(71, 167)
(71, 297)
(71, 263)
(71, 172)
(71, 306)
(71, 194)
(71, 326)
(71, 327)
(71, 72)
(71, 204)
(71, 209)
(71, 338)
(71, 88)
(71, 345)
(71, 352)
(71, 353)
(71, 354)
(71, 99)
(71, 230)
(71, 358)
(71, 365)
(71, 114)
(71, 117)
(71, 122)
(71, 124)
(72, 128)
(72, 385)
(72, 258)
(72, 261)
(72, 391)
(72, 147)
(72, 278)
(72, 156)
(72, 285)
(72, 161)
(72, 164)
(72, 263)
(72, 172)
(72, 194)
(72, 326)
(72, 327)
(72, 76)
(72, 204)
(72, 78)
(72, 209)
(72, 212)
(72, 88)
(72, 122)
(72, 352)
(72, 354)
(72, 99)
(72, 230)
(72, 358)
(72, 365)
(72, 117)
(72, 250)
(72, 124)
(73, 391)
(73, 264)
(73, 138)
(73, 268)
(73, 269)
(73, 284)
(73, 285)
(73, 161)
(73, 292)
(73, 186)
(73, 316)
(73, 330)
(73, 204)
(73, 206)
(73, 209)
(73, 340)
(73, 78)
(73, 86)
(73, 88)
(73, 226)
(73, 229)
(73, 109)
(73, 381)
(73, 368)
(73, 212)
(73, 253)
(74, 259)
(74, 132)
(74, 133)
(74, 136)
(74, 267)
(74, 398)
(74, 282)
(74, 162)
(74, 165)
(74, 176)
(74, 181)
(74, 182)
(74, 314)
(74, 193)
(74, 195)
(74, 324)
(74, 198)
(74, 199)
(74, 328)
(74, 334)
(74, 83)
(74, 84)
(74, 214)
(74, 219)
(74, 93)
(74, 101)
(74, 236)
(74, 371)
(74, 372)
(74, 127)
(75, 387)
(75, 262)
(75, 393)
(75, 266)
(75, 141)
(75, 271)
(75, 277)
(75, 152)
(75, 283)
(75, 157)
(75, 155)
(75, 294)
(75, 296)
(75, 300)
(75, 302)
(75, 303)
(75, 180)
(75, 313)
(75, 315)
(75, 320)
(75, 322)
(75, 197)
(75, 221)
(75, 335)
(75, 343)
(75, 344)
(75, 218)
(75, 143)
(75, 349)
(75, 224)
(75, 102)
(75, 105)
(75, 234)
(75, 363)
(75, 108)
(75, 240)
(75, 168)
(75, 242)
(75, 374)
(75, 375)
(75, 121)
(75, 106)
(75, 126)
(75, 255)
(76, 352)
(76, 385)
(76, 99)
(76, 327)
(76, 128)
(76, 263)
(76, 365)
(76, 353)
(76, 114)
(76, 88)
(76, 250)
(77, 384)
(77, 388)
(77, 98)
(77, 266)
(77, 139)
(77, 145)
(77, 174)
(77, 151)
(77, 283)
(77, 167)
(77, 286)
(77, 293)
(77, 295)
(77, 297)
(77, 302)
(77, 187)
(77, 189)
(77, 318)
(77, 200)
(77, 201)
(77, 333)
(77, 336)
(77, 338)
(77, 341)
(77, 342)
(77, 215)
(77, 345)
(77, 350)
(77, 80)
(77, 354)
(77, 102)
(77, 358)
(77, 361)
(77, 234)
(77, 363)
(77, 108)
(77, 110)
(77, 366)
(77, 112)
(77, 244)
(77, 117)
(77, 120)
(77, 85)
(78, 256)
(78, 385)
(78, 258)
(78, 391)
(78, 264)
(78, 268)
(78, 269)
(78, 278)
(78, 285)
(78, 161)
(78, 292)
(78, 186)
(78, 326)
(78, 327)
(78, 204)
(78, 206)
(78, 209)
(78, 212)
(78, 88)
(78, 164)
(78, 226)
(78, 109)
(78, 368)
(78, 370)
(78, 253)
(78, 254)
(79, 131)
(79, 392)
(79, 337)
(79, 329)
(79, 332)
(79, 208)
(79, 81)
(79, 87)
(79, 91)
(79, 94)
(79, 355)
(79, 231)
(79, 104)
(79, 103)
(79, 115)
(79, 373)
(79, 119)
(79, 377)
(79, 378)
(79, 123)
(80, 384)
(80, 388)
(80, 390)
(80, 279)
(80, 286)
(80, 159)
(80, 160)
(80, 293)
(80, 295)
(80, 174)
(80, 187)
(80, 200)
(80, 201)
(80, 333)
(80, 342)
(80, 98)
(80, 227)
(80, 357)
(80, 110)
(80, 112)
(80, 113)
(80, 244)
(80, 245)
(80, 247)
(80, 120)
(81, 387)
(81, 392)
(81, 137)
(81, 396)
(81, 131)
(81, 149)
(81, 152)
(81, 288)
(81, 291)
(81, 296)
(81, 169)
(81, 305)
(81, 94)
(81, 310)
(81, 311)
(81, 184)
(81, 202)
(81, 183)
(81, 332)
(81, 208)
(81, 337)
(81, 91)
(81, 349)
(81, 222)
(81, 355)
(81, 356)
(81, 231)
(81, 106)
(81, 235)
(81, 241)
(81, 115)
(81, 373)
(81, 119)
(81, 377)
(81, 378)
(81, 251)
(82, 134)
(82, 265)
(82, 142)
(82, 399)
(82, 273)
(82, 150)
(82, 280)
(82, 154)
(82, 159)
(82, 160)
(82, 290)
(82, 163)
(82, 166)
(82, 171)
(82, 307)
(82, 192)
(82, 196)
(82, 339)
(82, 223)
(82, 97)
(82, 100)
(82, 357)
(82, 238)
(82, 113)
(82, 243)
(82, 245)
(82, 247)
(82, 125)
(82, 382)
(83, 259)
(83, 132)
(83, 136)
(83, 138)
(83, 267)
(83, 398)
(83, 144)
(83, 282)
(83, 284)
(83, 162)
(83, 165)
(83, 181)
(83, 314)
(83, 319)
(83, 193)
(83, 324)
(83, 198)
(83, 328)
(83, 84)
(83, 86)
(83, 101)
(83, 229)
(83, 236)
(83, 371)
(83, 372)
(83, 381)
(83, 127)
(84, 259)
(84, 132)
(84, 133)
(84, 136)
(84, 138)
(84, 267)
(84, 397)
(84, 398)
(84, 144)
(84, 276)
(84, 282)
(84, 284)
(84, 162)
(84, 165)
(84, 181)
(84, 314)
(84, 316)
(84, 319)
(84, 193)
(84, 86)
(84, 195)
(84, 324)
(84, 198)
(84, 328)
(84, 330)
(84, 214)
(84, 219)
(84, 101)
(84, 93)
(84, 351)
(84, 229)
(84, 236)
(84, 371)
(84, 372)
(84, 191)
(84, 381)
(84, 127)
(85, 389)
(85, 266)
(85, 139)
(85, 271)
(85, 110)
(85, 98)
(85, 283)
(85, 286)
(85, 155)
(85, 295)
(85, 302)
(85, 315)
(85, 189)
(85, 318)
(85, 200)
(85, 201)
(85, 333)
(85, 207)
(85, 336)
(85, 339)
(85, 341)
(85, 215)
(85, 143)
(85, 350)
(85, 354)
(85, 102)
(85, 359)
(85, 361)
(85, 234)
(85, 363)
(85, 108)
(85, 366)
(85, 244)
(85, 117)
(85, 120)
(86, 264)
(86, 138)
(86, 267)
(86, 268)
(86, 397)
(86, 144)
(86, 276)
(86, 284)
(86, 165)
(86, 93)
(86, 136)
(86, 314)
(86, 316)
(86, 319)
(86, 193)
(86, 195)
(86, 198)
(86, 328)
(86, 330)
(86, 269)
(86, 340)
(86, 213)
(86, 214)
(86, 186)
(86, 351)
(86, 229)
(86, 236)
(86, 109)
(86, 372)
(86, 191)
(86, 381)
(87, 130)
(87, 131)
(87, 392)
(87, 305)
(87, 312)
(87, 317)
(87, 329)
(87, 332)
(87, 208)
(87, 337)
(87, 89)
(87, 91)
(87, 92)
(87, 94)
(87, 355)
(87, 231)
(87, 104)
(87, 106)
(87, 103)
(87, 111)
(87, 115)
(87, 373)
(87, 119)
(87, 377)
(87, 123)
(87, 383)
(88, 385)
(88, 258)
(88, 391)
(88, 264)
(88, 268)
(88, 147)
(88, 278)
(88, 285)
(88, 161)
(88, 164)
(88, 186)
(88, 326)
(88, 327)
(88, 204)
(88, 209)
(88, 212)
(88, 226)
(88, 368)
(88, 250)
(88, 253)
(89, 257)
(89, 130)
(89, 131)
(89, 153)
(89, 170)
(89, 305)
(89, 179)
(89, 312)
(89, 317)
(89, 321)
(89, 325)
(89, 329)
(89, 119)
(89, 337)
(89, 216)
(89, 92)
(89, 221)
(89, 379)
(89, 103)
(89, 104)
(89, 106)
(89, 111)
(89, 383)
(89, 118)
(89, 375)
(89, 376)
(89, 377)
(89, 123)
(89, 255)
(90, 392)
(90, 137)
(90, 149)
(90, 158)
(90, 287)
(90, 291)
(90, 301)
(90, 177)
(90, 311)
(90, 184)
(90, 185)
(90, 190)
(90, 228)
(90, 203)
(90, 208)
(90, 217)
(90, 91)
(90, 220)
(90, 94)
(90, 96)
(90, 356)
(90, 235)
(90, 241)
(90, 373)
(90, 246)
(90, 378)
(91, 131)
(91, 392)
(91, 137)
(91, 396)
(91, 149)
(91, 152)
(91, 291)
(91, 296)
(91, 177)
(91, 94)
(91, 310)
(91, 311)
(91, 184)
(91, 185)
(91, 202)
(91, 203)
(91, 332)
(91, 208)
(91, 337)
(91, 349)
(91, 222)
(91, 96)
(91, 355)
(91, 356)
(91, 231)
(91, 106)
(91, 235)
(91, 241)
(91, 115)
(91, 373)
(91, 119)
(91, 377)
(91, 378)
(91, 251)
(91, 183)
(92, 257)
(92, 130)
(92, 131)
(92, 115)
(92, 277)
(92, 153)
(92, 154)
(92, 155)
(92, 157)
(92, 294)
(92, 296)
(92, 170)
(92, 305)
(92, 179)
(92, 312)
(92, 317)
(92, 321)
(92, 325)
(92, 329)
(92, 119)
(92, 332)
(92, 335)
(92, 337)
(92, 118)
(92, 343)
(92, 216)
(92, 346)
(92, 221)
(92, 355)
(92, 231)
(92, 104)
(92, 105)
(92, 106)
(92, 103)
(92, 111)
(92, 123)
(92, 374)
(92, 375)
(92, 376)
(92, 377)
(92, 383)
(92, 255)
(93, 386)
(93, 259)
(93, 133)
(93, 135)
(93, 138)
(93, 267)
(93, 397)
(93, 398)
(93, 144)
(93, 274)
(93, 276)
(93, 282)
(93, 289)
(93, 162)
(93, 165)
(93, 299)
(93, 304)
(93, 181)
(93, 182)
(93, 116)
(93, 314)
(93, 316)
(93, 191)
(93, 193)
(93, 195)
(93, 198)
(93, 199)
(93, 328)
(93, 330)
(93, 334)
(93, 213)
(93, 214)
(93, 176)
(93, 219)
(93, 351)
(93, 237)
(93, 367)
(93, 371)
(93, 372)
(93, 248)
(94, 131)
(94, 392)
(94, 137)
(94, 396)
(94, 291)
(94, 177)
(94, 311)
(94, 329)
(94, 183)
(94, 332)
(94, 208)
(94, 337)
(94, 220)
(94, 355)
(94, 356)
(94, 231)
(94, 241)
(94, 115)
(94, 373)
(94, 119)
(94, 377)
(94, 378)
(94, 251)
(95, 129)
(95, 262)
(95, 393)
(95, 394)
(95, 140)
(95, 397)
(95, 272)
(95, 188)
(95, 276)
(95, 292)
(95, 168)
(95, 300)
(95, 180)
(95, 316)
(95, 191)
(95, 320)
(95, 323)
(95, 197)
(95, 330)
(95, 206)
(95, 269)
(95, 141)
(95, 210)
(95, 340)
(95, 213)
(95, 121)
(95, 344)
(95, 218)
(95, 347)
(95, 348)
(95, 148)
(95, 233)
(95, 362)
(95, 107)
(95, 364)
(95, 109)
(95, 249)
(95, 380)
(96, 392)
(96, 137)
(96, 270)
(96, 149)
(96, 158)
(96, 287)
(96, 288)
(96, 291)
(96, 169)
(96, 301)
(96, 175)
(96, 177)
(96, 311)
(96, 184)
(96, 185)
(96, 190)
(96, 228)
(96, 202)
(96, 203)
(96, 217)
(96, 220)
(96, 222)
(96, 356)
(96, 235)
(96, 239)
(96, 241)
(96, 246)
(96, 378)
(96, 183)
(97, 265)
(97, 399)
(97, 273)
(97, 150)
(97, 280)
(97, 159)
(97, 160)
(97, 163)
(97, 166)
(97, 171)
(97, 307)
(97, 192)
(97, 196)
(97, 223)
(97, 100)
(97, 357)
(97, 238)
(97, 113)
(97, 243)
(97, 245)
(97, 247)
(97, 125)
(97, 382)
(98, 384)
(98, 388)
(98, 151)
(98, 145)
(98, 147)
(98, 279)
(98, 156)
(98, 295)
(98, 297)
(98, 172)
(98, 174)
(98, 306)
(98, 187)
(98, 318)
(98, 194)
(98, 139)
(98, 200)
(98, 201)
(98, 333)
(98, 336)
(98, 338)
(98, 342)
(98, 345)
(98, 350)
(98, 354)
(98, 227)
(98, 358)
(98, 230)
(98, 167)
(98, 112)
(98, 244)
(98, 117)
(98, 120)
(98, 122)
(98, 124)
(99, 128)
(99, 385)
(99, 258)
(99, 261)
(99, 263)
(99, 145)
(99, 146)
(99, 147)
(99, 278)
(99, 151)
(99, 281)
(99, 156)
(99, 172)
(99, 306)
(99, 308)
(99, 194)
(99, 326)
(99, 327)
(99, 352)
(99, 353)
(99, 230)
(99, 124)
(99, 225)
(99, 365)
(99, 114)
(99, 122)
(99, 252)
(100, 134)
(100, 265)
(100, 142)
(100, 399)
(100, 273)
(100, 150)
(100, 280)
(100, 154)
(100, 159)
(100, 160)
(100, 290)
(100, 163)
(100, 166)
(100, 171)
(100, 307)
(100, 192)
(100, 196)
(100, 211)
(100, 223)
(100, 357)
(100, 238)
(100, 113)
(100, 243)
(100, 245)
(100, 247)
(100, 379)
(100, 125)
(100, 382)
(101, 259)
(101, 132)
(101, 133)
(101, 136)
(101, 267)
(101, 398)
(101, 282)
(101, 162)
(101, 165)
(101, 181)
(101, 314)
(101, 319)
(101, 193)
(101, 324)
(101, 198)
(101, 328)
(101, 214)
(101, 219)
(101, 236)
(101, 371)
(101, 372)
(101, 127)
(102, 256)
(102, 389)
(102, 266)
(102, 215)
(102, 271)
(102, 277)
(102, 283)
(102, 157)
(102, 155)
(102, 294)
(102, 300)
(102, 242)
(102, 302)
(102, 303)
(102, 180)
(102, 313)
(102, 315)
(102, 189)
(102, 318)
(102, 143)
(102, 335)
(102, 336)
(102, 341)
(102, 343)
(102, 207)
(102, 350)
(102, 224)
(102, 354)
(102, 359)
(102, 361)
(102, 234)
(102, 363)
(102, 108)
(102, 110)
(102, 366)
(102, 370)
(102, 244)
(102, 126)
(102, 374)
(102, 105)
(102, 120)
(102, 254)
(103, 130)
(103, 131)
(103, 153)
(103, 170)
(103, 305)
(103, 179)
(103, 312)
(103, 317)
(103, 325)
(103, 329)
(103, 375)
(103, 332)
(103, 337)
(103, 216)
(103, 231)
(103, 104)
(103, 106)
(103, 111)
(103, 118)
(103, 119)
(103, 376)
(103, 377)
(103, 123)
(103, 383)
(104, 257)
(104, 130)
(104, 131)
(104, 115)
(104, 153)
(104, 157)
(104, 170)
(104, 305)
(104, 179)
(104, 312)
(104, 317)
(104, 321)
(104, 325)
(104, 329)
(104, 119)
(104, 332)
(104, 337)
(104, 118)
(104, 216)
(104, 221)
(104, 355)
(104, 231)
(104, 106)
(104, 111)
(104, 123)
(104, 374)
(104, 375)
(104, 376)
(104, 377)
(104, 383)
(104, 255)
(105, 257)
(105, 130)
(105, 389)
(105, 134)
(105, 265)
(105, 266)
(105, 215)
(105, 142)
(105, 399)
(105, 277)
(105, 153)
(105, 154)
(105, 155)
(105, 157)
(105, 290)
(105, 294)
(105, 170)
(105, 171)
(105, 302)
(105, 305)
(105, 312)
(105, 315)
(105, 321)
(105, 196)
(105, 325)
(105, 335)
(105, 339)
(105, 341)
(105, 343)
(105, 216)
(105, 346)
(105, 221)
(105, 359)
(105, 234)
(105, 108)
(105, 110)
(105, 366)
(105, 111)
(105, 374)
(105, 375)
(105, 376)
(105, 255)
(106, 130)
(106, 387)
(106, 396)
(106, 131)
(106, 277)
(106, 152)
(106, 153)
(106, 157)
(106, 294)
(106, 296)
(106, 221)
(106, 305)
(106, 115)
(106, 183)
(106, 312)
(106, 313)
(106, 317)
(106, 322)
(106, 329)
(106, 119)
(106, 332)
(106, 335)
(106, 337)
(106, 251)
(106, 343)
(106, 349)
(106, 355)
(106, 231)
(106, 111)
(106, 242)
(106, 123)
(106, 374)
(106, 375)
(106, 377)
(106, 383)
(106, 255)
(107, 129)
(107, 387)
(107, 262)
(107, 393)
(107, 394)
(107, 140)
(107, 269)
(107, 272)
(107, 275)
(107, 148)
(107, 168)
(107, 300)
(107, 178)
(107, 180)
(107, 188)
(107, 320)
(107, 322)
(107, 323)
(107, 197)
(107, 141)
(107, 210)
(107, 340)
(107, 213)
(107, 121)
(107, 344)
(107, 218)
(107, 347)
(107, 348)
(107, 233)
(107, 362)
(107, 364)
(107, 109)
(107, 240)
(107, 242)
(107, 249)
(107, 380)
(108, 257)
(108, 389)
(108, 134)
(108, 266)
(108, 215)
(108, 142)
(108, 271)
(108, 277)
(108, 153)
(108, 154)
(108, 283)
(108, 157)
(108, 290)
(108, 155)
(108, 294)
(108, 170)
(108, 302)
(108, 315)
(108, 321)
(108, 196)
(108, 335)
(108, 336)
(108, 339)
(108, 341)
(108, 343)
(108, 346)
(108, 143)
(108, 221)
(108, 224)
(108, 359)
(108, 361)
(108, 234)
(108, 363)
(108, 110)
(108, 366)
(108, 244)
(108, 374)
(108, 375)
(108, 126)
(108, 255)
(109, 256)
(109, 129)
(109, 262)
(109, 391)
(109, 140)
(109, 397)
(109, 272)
(109, 148)
(109, 285)
(109, 161)
(109, 292)
(109, 180)
(109, 186)
(109, 316)
(109, 323)
(109, 330)
(109, 206)
(109, 269)
(109, 141)
(109, 340)
(109, 213)
(109, 164)
(109, 207)
(109, 364)
(109, 370)
(109, 249)
(109, 380)
(109, 254)
(110, 389)
(110, 134)
(110, 265)
(110, 266)
(110, 142)
(110, 273)
(110, 277)
(110, 154)
(110, 283)
(110, 286)
(110, 290)
(110, 155)
(110, 293)
(110, 295)
(110, 302)
(110, 315)
(110, 196)
(110, 200)
(110, 333)
(110, 336)
(110, 339)
(110, 341)
(110, 215)
(110, 346)
(110, 187)
(110, 357)
(110, 359)
(110, 361)
(110, 234)
(110, 366)
(110, 244)
(110, 245)
(110, 247)
(110, 120)
(111, 257)
(111, 130)
(111, 131)
(111, 396)
(111, 115)
(111, 277)
(111, 152)
(111, 153)
(111, 157)
(111, 294)
(111, 296)
(111, 170)
(111, 305)
(111, 179)
(111, 312)
(111, 317)
(111, 321)
(111, 325)
(111, 329)
(111, 119)
(111, 332)
(111, 335)
(111, 337)
(111, 118)
(111, 343)
(111, 216)
(111, 221)
(111, 355)
(111, 231)
(111, 123)
(111, 374)
(111, 375)
(111, 376)
(111, 377)
(111, 383)
(111, 255)
(112, 384)
(112, 388)
(112, 390)
(112, 151)
(112, 145)
(112, 279)
(112, 286)
(112, 293)
(112, 295)
(112, 297)
(112, 174)
(112, 306)
(112, 187)
(112, 139)
(112, 200)
(112, 201)
(112, 333)
(112, 338)
(112, 342)
(112, 345)
(112, 227)
(112, 167)
(112, 244)
(113, 384)
(113, 390)
(113, 142)
(113, 273)
(113, 280)
(113, 286)
(113, 160)
(113, 290)
(113, 134)
(113, 159)
(113, 307)
(113, 187)
(113, 339)
(113, 223)
(113, 357)
(113, 238)
(113, 245)
(113, 247)
(113, 293)
(114, 128)
(114, 385)
(114, 261)
(114, 263)
(114, 145)
(114, 146)
(114, 147)
(114, 151)
(114, 281)
(114, 156)
(114, 167)
(114, 172)
(114, 306)
(114, 308)
(114, 194)
(114, 327)
(114, 352)
(114, 353)
(114, 230)
(114, 124)
(114, 225)
(114, 365)
(114, 122)
(114, 252)
(115, 130)
(115, 387)
(115, 392)
(115, 396)
(115, 131)
(115, 152)
(115, 294)
(115, 296)
(115, 221)
(115, 305)
(115, 310)
(115, 311)
(115, 313)
(115, 322)
(115, 329)
(115, 202)
(115, 183)
(115, 332)
(115, 208)
(115, 337)
(115, 349)
(115, 355)
(115, 231)
(115, 242)
(115, 123)
(115, 373)
(115, 374)
(115, 119)
(115, 377)
(115, 251)
(115, 255)
(116, 386)
(116, 260)
(116, 135)
(116, 395)
(116, 397)
(116, 272)
(116, 274)
(116, 276)
(116, 289)
(116, 298)
(116, 299)
(116, 173)
(116, 304)
(116, 309)
(116, 188)
(116, 232)
(116, 191)
(116, 195)
(116, 331)
(116, 205)
(116, 210)
(116, 213)
(116, 214)
(116, 176)
(116, 347)
(116, 348)
(116, 360)
(116, 237)
(116, 367)
(116, 369)
(116, 372)
(116, 248)
(116, 380)
(117, 256)
(117, 258)
(117, 261)
(117, 391)
(117, 139)
(117, 145)
(117, 167)
(117, 147)
(117, 278)
(117, 151)
(117, 283)
(117, 285)
(117, 161)
(117, 164)
(117, 295)
(117, 297)
(117, 172)
(117, 174)
(117, 306)
(117, 189)
(117, 318)
(117, 194)
(117, 326)
(117, 327)
(117, 200)
(117, 207)
(117, 336)
(117, 209)
(117, 338)
(117, 345)
(117, 350)
(117, 354)
(117, 230)
(117, 358)
(117, 361)
(117, 363)
(117, 370)
(117, 120)
(117, 122)
(117, 124)
(117, 254)
(118, 257)
(118, 130)
(118, 265)
(118, 399)
(118, 153)
(118, 154)
(118, 170)
(118, 171)
(118, 305)
(118, 179)
(118, 312)
(118, 317)
(118, 321)
(118, 196)
(118, 325)
(118, 211)
(118, 216)
(118, 123)
(118, 375)
(118, 376)
(118, 379)
(118, 125)
(118, 383)
(119, 130)
(119, 131)
(119, 392)
(119, 396)
(119, 305)
(119, 317)
(119, 329)
(119, 332)
(119, 208)
(119, 337)
(119, 355)
(119, 231)
(119, 373)
(119, 251)
(119, 377)
(119, 378)
(119, 123)
(120, 384)
(120, 388)
(120, 266)
(120, 139)
(120, 145)
(120, 174)
(120, 151)
(120, 283)
(120, 167)
(120, 286)
(120, 295)
(120, 297)
(120, 302)
(120, 306)
(120, 187)
(120, 189)
(120, 318)
(120, 200)
(120, 201)
(120, 333)
(120, 336)
(120, 338)
(120, 341)
(120, 342)
(120, 215)
(120, 345)
(120, 350)
(120, 354)
(120, 358)
(120, 361)
(120, 234)
(120, 363)
(120, 366)
(120, 244)
(120, 124)
(121, 129)
(121, 387)
(121, 262)
(121, 393)
(121, 394)
(121, 140)
(121, 141)
(121, 271)
(121, 272)
(121, 275)
(121, 148)
(121, 152)
(121, 168)
(121, 300)
(121, 303)
(121, 178)
(121, 180)
(121, 310)
(121, 313)
(121, 188)
(121, 320)
(121, 322)
(121, 323)
(121, 197)
(121, 143)
(121, 340)
(121, 344)
(121, 218)
(121, 347)
(121, 348)
(121, 349)
(121, 224)
(121, 233)
(121, 362)
(121, 364)
(121, 240)
(121, 242)
(121, 249)
(121, 380)
(121, 126)
(122, 128)
(122, 385)
(122, 258)
(122, 261)
(122, 263)
(122, 151)
(122, 145)
(122, 146)
(122, 147)
(122, 278)
(122, 279)
(122, 156)
(122, 167)
(122, 297)
(122, 172)
(122, 306)
(122, 308)
(122, 194)
(122, 139)
(122, 326)
(122, 327)
(122, 338)
(122, 345)
(122, 353)
(122, 227)
(122, 230)
(122, 358)
(122, 365)
(122, 124)
(123, 257)
(123, 130)
(123, 131)
(123, 396)
(123, 153)
(123, 157)
(123, 296)
(123, 170)
(123, 305)
(123, 179)
(123, 312)
(123, 317)
(123, 321)
(123, 325)
(123, 329)
(123, 332)
(123, 335)
(123, 337)
(123, 343)
(123, 216)
(123, 221)
(123, 355)
(123, 231)
(123, 374)
(123, 375)
(123, 376)
(123, 377)
(123, 383)
(123, 255)
(124, 128)
(124, 258)
(124, 261)
(124, 263)
(124, 151)
(124, 145)
(124, 146)
(124, 147)
(124, 278)
(124, 279)
(124, 156)
(124, 295)
(124, 297)
(124, 172)
(124, 174)
(124, 306)
(124, 318)
(124, 194)
(124, 139)
(124, 326)
(124, 327)
(124, 200)
(124, 338)
(124, 342)
(124, 345)
(124, 354)
(124, 227)
(124, 230)
(124, 358)
(124, 167)
(124, 365)
(125, 257)
(125, 134)
(125, 265)
(125, 142)
(125, 399)
(125, 273)
(125, 280)
(125, 153)
(125, 154)
(125, 290)
(125, 166)
(125, 170)
(125, 171)
(125, 307)
(125, 179)
(125, 312)
(125, 192)
(125, 321)
(125, 196)
(125, 325)
(125, 211)
(125, 216)
(125, 346)
(125, 223)
(125, 243)
(125, 247)
(125, 376)
(125, 379)
(125, 382)
(126, 129)
(126, 387)
(126, 262)
(126, 393)
(126, 266)
(126, 141)
(126, 271)
(126, 148)
(126, 277)
(126, 152)
(126, 283)
(126, 157)
(126, 155)
(126, 294)
(126, 296)
(126, 300)
(126, 302)
(126, 303)
(126, 180)
(126, 313)
(126, 315)
(126, 189)
(126, 320)
(126, 322)
(126, 323)
(126, 197)
(126, 221)
(126, 143)
(126, 335)
(126, 343)
(126, 344)
(126, 218)
(126, 207)
(126, 349)
(126, 224)
(126, 362)
(126, 363)
(126, 240)
(126, 168)
(126, 242)
(126, 374)
(126, 249)
(126, 234)
(126, 255)
(127, 259)
(127, 132)
(127, 133)
(127, 136)
(127, 267)
(127, 398)
(127, 144)
(127, 282)
(127, 284)
(127, 162)
(127, 165)
(127, 181)
(127, 314)
(127, 319)
(127, 193)
(127, 324)
(127, 198)
(127, 328)
(127, 214)
(127, 219)
(127, 236)
(127, 371)
(127, 372)
(128, 385)
(128, 261)
(128, 263)
(128, 145)
(128, 146)
(128, 147)
(128, 151)
(128, 281)
(128, 156)
(128, 172)
(128, 306)
(128, 308)
(128, 194)
(128, 326)
(128, 327)
(128, 352)
(128, 353)
(128, 230)
(128, 225)
(128, 365)
(128, 252)
(129, 256)
(129, 262)
(129, 391)
(129, 393)
(129, 140)
(129, 269)
(129, 271)
(129, 141)
(129, 148)
(129, 285)
(129, 292)
(129, 168)
(129, 300)
(129, 303)
(129, 180)
(129, 189)
(129, 320)
(129, 323)
(129, 206)
(129, 207)
(129, 340)
(129, 164)
(129, 218)
(129, 143)
(129, 350)
(129, 224)
(129, 361)
(129, 363)
(129, 364)
(129, 240)
(129, 370)
(129, 249)
(129, 380)
(129, 254)
(130, 257)
(130, 131)
(130, 153)
(130, 157)
(130, 170)
(130, 305)
(130, 179)
(130, 312)
(130, 317)
(130, 321)
(130, 325)
(130, 329)
(130, 332)
(130, 335)
(130, 337)
(130, 343)
(130, 216)
(130, 221)
(130, 231)
(130, 383)
(130, 374)
(130, 375)
(130, 376)
(130, 377)
(130, 379)
(130, 255)
(131, 392)
(131, 396)
(131, 152)
(131, 157)
(131, 294)
(131, 296)
(131, 349)
(131, 305)
(131, 311)
(131, 317)
(131, 329)
(131, 183)
(131, 332)
(131, 208)
(131, 337)
(131, 221)
(131, 355)
(131, 231)
(131, 383)
(131, 373)
(131, 374)
(131, 375)
(131, 377)
(131, 251)
(131, 255)
(132, 259)
(132, 133)
(132, 136)
(132, 398)
(132, 282)
(132, 162)
(132, 176)
(132, 181)
(132, 182)
(132, 314)
(132, 193)
(132, 324)
(132, 199)
(132, 328)
(132, 334)
(132, 214)
(132, 219)
(132, 371)
(132, 372)
(133, 386)
(133, 259)
(133, 135)
(133, 136)
(133, 267)
(133, 398)
(133, 274)
(133, 276)
(133, 282)
(133, 289)
(133, 162)
(133, 165)
(133, 299)
(133, 304)
(133, 181)
(133, 182)
(133, 314)
(133, 193)
(133, 195)
(133, 324)
(133, 199)
(133, 328)
(133, 334)
(133, 214)
(133, 176)
(133, 219)
(133, 351)
(133, 237)
(133, 367)
(133, 371)
(133, 372)
(134, 389)
(134, 390)
(134, 265)
(134, 142)
(134, 399)
(134, 273)
(134, 238)
(134, 280)
(134, 154)
(134, 286)
(134, 159)
(134, 160)
(134, 290)
(134, 293)
(134, 171)
(134, 307)
(134, 187)
(134, 321)
(134, 196)
(134, 339)
(134, 341)
(134, 215)
(134, 346)
(134, 223)
(134, 357)
(134, 359)
(134, 234)
(134, 366)
(134, 243)
(134, 244)
(134, 245)
(134, 247)
(135, 386)
(135, 260)
(135, 267)
(135, 140)
(135, 397)
(135, 272)
(135, 274)
(135, 276)
(135, 289)
(135, 162)
(135, 299)
(135, 304)
(135, 309)
(135, 182)
(135, 316)
(135, 191)
(135, 195)
(135, 199)
(135, 328)
(135, 330)
(135, 331)
(135, 210)
(135, 213)
(135, 214)
(135, 176)
(135, 347)
(135, 348)
(135, 351)
(135, 237)
(135, 367)
(135, 369)
(135, 372)
(135, 248)
(135, 380)
(136, 259)
(136, 138)
(136, 267)
(136, 398)
(136, 144)
(136, 282)
(136, 284)
(136, 162)
(136, 165)
(136, 181)
(136, 314)
(136, 319)
(136, 193)
(136, 195)
(136, 324)
(136, 198)
(136, 328)
(136, 214)
(136, 219)
(136, 229)
(136, 236)
(136, 371)
(136, 372)
(137, 392)
(137, 396)
(137, 270)
(137, 275)
(137, 149)
(137, 287)
(137, 288)
(137, 291)
(137, 169)
(137, 175)
(137, 177)
(137, 310)
(137, 311)
(137, 184)
(137, 185)
(137, 190)
(137, 202)
(137, 203)
(137, 217)
(137, 220)
(137, 222)
(137, 355)
(137, 356)
(137, 235)
(137, 241)
(137, 246)
(137, 378)
(137, 251)
(137, 183)
(138, 267)
(138, 268)
(138, 397)
(138, 144)
(138, 276)
(138, 284)
(138, 162)
(138, 165)
(138, 314)
(138, 316)
(138, 319)
(138, 193)
(138, 195)
(138, 198)
(138, 328)
(138, 140)
(138, 330)
(138, 269)
(138, 340)
(138, 213)
(138, 214)
(138, 186)
(138, 351)
(138, 229)
(138, 236)
(138, 372)
(138, 191)
(138, 381)
(139, 258)
(139, 388)
(139, 151)
(139, 145)
(139, 147)
(139, 278)
(139, 279)
(139, 164)
(139, 295)
(139, 297)
(139, 172)
(139, 174)
(139, 306)
(139, 189)
(139, 318)
(139, 194)
(139, 326)
(139, 200)
(139, 201)
(139, 333)
(139, 336)
(139, 338)
(139, 341)
(139, 342)
(139, 345)
(139, 350)
(139, 354)
(139, 227)
(139, 358)
(139, 230)
(139, 361)
(139, 167)
(139, 244)
(140, 262)
(140, 397)
(140, 272)
(140, 276)
(140, 292)
(140, 168)
(140, 188)
(140, 191)
(140, 323)
(140, 330)
(140, 269)
(140, 141)
(140, 210)
(140, 340)
(140, 213)
(140, 218)
(140, 347)
(140, 348)
(140, 351)
(140, 148)
(140, 316)
(140, 362)
(140, 364)
(140, 249)
(140, 380)
(141, 387)
(141, 262)
(141, 393)
(141, 394)
(141, 271)
(141, 272)
(141, 148)
(141, 292)
(141, 168)
(141, 300)
(141, 242)
(141, 303)
(141, 178)
(141, 180)
(141, 313)
(141, 188)
(141, 320)
(141, 322)
(141, 323)
(141, 197)
(141, 143)
(141, 206)
(141, 207)
(141, 340)
(141, 344)
(141, 218)
(141, 347)
(141, 349)
(141, 224)
(141, 233)
(141, 362)
(141, 363)
(141, 364)
(141, 240)
(141, 370)
(141, 249)
(141, 380)
(142, 389)
(142, 390)
(142, 265)
(142, 399)
(142, 273)
(142, 238)
(142, 280)
(142, 154)
(142, 286)
(142, 159)
(142, 160)
(142, 290)
(142, 293)
(142, 171)
(142, 307)
(142, 187)
(142, 321)
(142, 196)
(142, 339)
(142, 341)
(142, 215)
(142, 346)
(142, 223)
(142, 357)
(142, 359)
(142, 234)
(142, 366)
(142, 243)
(142, 244)
(142, 245)
(142, 247)
(143, 256)
(143, 387)
(143, 262)
(143, 393)
(143, 266)
(143, 271)
(143, 148)
(143, 277)
(143, 283)
(143, 155)
(143, 294)
(143, 168)
(143, 300)
(143, 242)
(143, 302)
(143, 303)
(143, 180)
(143, 313)
(143, 315)
(143, 189)
(143, 320)
(143, 322)
(143, 323)
(143, 197)
(143, 206)
(143, 335)
(143, 336)
(143, 341)
(143, 343)
(143, 218)
(143, 207)
(143, 350)
(143, 224)
(143, 361)
(143, 234)
(143, 363)
(143, 240)
(143, 370)
(143, 249)
(143, 254)
(144, 267)
(144, 397)
(144, 398)
(144, 276)
(144, 282)
(144, 284)
(144, 162)
(144, 165)
(144, 181)
(144, 314)
(144, 316)
(144, 319)
(144, 193)
(144, 195)
(144, 198)
(144, 328)
(144, 330)
(144, 269)
(144, 340)
(144, 213)
(144, 214)
(144, 186)
(144, 351)
(144, 229)
(144, 236)
(144, 371)
(144, 372)
(144, 191)
(144, 381)
(145, 258)
(145, 388)
(145, 261)
(145, 263)
(145, 151)
(145, 146)
(145, 147)
(145, 278)
(145, 279)
(145, 156)
(145, 295)
(145, 297)
(145, 172)
(145, 174)
(145, 306)
(145, 318)
(145, 194)
(145, 326)
(145, 327)
(145, 200)
(145, 201)
(145, 338)
(145, 342)
(145, 345)
(145, 354)
(145, 227)
(145, 358)
(145, 230)
(145, 167)
(146, 261)
(146, 263)
(146, 151)
(146, 281)
(146, 156)
(146, 167)
(146, 172)
(146, 306)
(146, 308)
(146, 194)
(146, 225)
(146, 352)
(146, 353)
(146, 230)
(146, 365)
(146, 252)
(147, 385)
(147, 258)
(147, 261)
(147, 263)
(147, 278)
(147, 151)
(147, 156)
(147, 285)
(147, 161)
(147, 164)
(147, 167)
(147, 297)
(147, 391)
(147, 172)
(147, 306)
(147, 318)
(147, 194)
(147, 326)
(147, 327)
(147, 204)
(147, 209)
(147, 338)
(147, 345)
(147, 350)
(147, 354)
(147, 230)
(147, 358)
(147, 365)
(148, 256)
(148, 262)
(148, 393)
(148, 269)
(148, 271)
(148, 272)
(148, 285)
(148, 292)
(148, 168)
(148, 300)
(148, 303)
(148, 180)
(148, 189)
(148, 320)
(148, 323)
(148, 197)
(148, 206)
(148, 207)
(148, 340)
(148, 164)
(148, 218)
(148, 224)
(148, 363)
(148, 364)
(148, 240)
(148, 370)
(148, 249)
(148, 380)
(148, 254)
(149, 392)
(149, 270)
(149, 287)
(149, 288)
(149, 291)
(149, 169)
(149, 175)
(149, 177)
(149, 310)
(149, 311)
(149, 184)
(149, 185)
(149, 190)
(149, 228)
(149, 202)
(149, 203)
(149, 217)
(149, 220)
(149, 222)
(149, 356)
(149, 235)
(149, 239)
(149, 241)
(149, 246)
(149, 378)
(149, 251)
(149, 183)
(150, 192)
(150, 163)
(150, 166)
(150, 238)
(150, 307)
(150, 280)
(150, 382)
(150, 223)
(151, 388)
(151, 261)
(151, 263)
(151, 279)
(151, 156)
(151, 295)
(151, 297)
(151, 172)
(151, 174)
(151, 306)
(151, 318)
(151, 194)
(151, 326)
(151, 200)
(151, 201)
(151, 338)
(151, 342)
(151, 345)
(151, 227)
(151, 358)
(151, 230)
(151, 167)
(152, 387)
(152, 393)
(152, 394)
(152, 396)
(152, 275)
(152, 288)
(152, 294)
(152, 296)
(152, 169)
(152, 305)
(152, 178)
(152, 310)
(152, 311)
(152, 184)
(152, 313)
(152, 320)
(152, 322)
(152, 197)
(152, 202)
(152, 183)
(152, 344)
(152, 218)
(152, 349)
(152, 222)
(152, 355)
(152, 231)
(152, 233)
(152, 362)
(152, 235)
(152, 240)
(152, 168)
(152, 242)
(152, 251)
(152, 255)
(153, 257)
(153, 389)
(153, 265)
(153, 399)
(153, 277)
(153, 154)
(153, 155)
(153, 157)
(153, 290)
(153, 294)
(153, 170)
(153, 171)
(153, 305)
(153, 179)
(153, 312)
(153, 315)
(153, 317)
(153, 321)
(153, 196)
(153, 325)
(153, 335)
(153, 343)
(153, 216)
(153, 346)
(153, 221)
(153, 383)
(153, 374)
(153, 375)
(153, 376)
(153, 379)
(153, 255)
(154, 257)
(154, 389)
(154, 265)
(154, 215)
(154, 399)
(154, 273)
(154, 280)
(154, 155)
(154, 157)
(154, 290)
(154, 170)
(154, 171)
(154, 179)
(154, 312)
(154, 321)
(154, 196)
(154, 325)
(154, 211)
(154, 247)
(154, 335)
(154, 339)
(154, 343)
(154, 216)
(154, 346)
(154, 221)
(154, 223)
(154, 359)
(154, 234)
(154, 366)
(154, 243)
(154, 374)
(154, 375)
(154, 376)
(154, 379)
(154, 383)
(155, 257)
(155, 389)
(155, 266)
(155, 215)
(155, 271)
(155, 277)
(155, 283)
(155, 157)
(155, 290)
(155, 294)
(155, 170)
(155, 300)
(155, 302)
(155, 303)
(155, 313)
(155, 315)
(155, 321)
(155, 335)
(155, 339)
(155, 341)
(155, 343)
(155, 346)
(155, 221)
(155, 224)
(155, 359)
(155, 234)
(155, 363)
(155, 366)
(155, 240)
(155, 242)
(155, 374)
(155, 375)
(155, 255)
(156, 385)
(156, 261)
(156, 263)
(156, 278)
(156, 279)
(156, 281)
(156, 167)
(156, 297)
(156, 172)
(156, 306)
(156, 308)
(156, 194)
(156, 326)
(156, 327)
(156, 338)
(156, 345)
(156, 352)
(156, 353)
(156, 227)
(156, 358)
(156, 230)
(156, 225)
(156, 365)
(156, 252)
(157, 257)
(157, 389)
(157, 277)
(157, 294)
(157, 296)
(157, 170)
(157, 302)
(157, 305)
(157, 312)
(157, 313)
(157, 315)
(157, 321)
(157, 325)
(157, 335)
(157, 343)
(157, 216)
(157, 346)
(157, 221)
(157, 224)
(157, 359)
(157, 234)
(157, 366)
(157, 242)
(157, 374)
(157, 375)
(157, 376)
(157, 383)
(157, 255)
(158, 291)
(158, 356)
(158, 177)
(158, 203)
(158, 301)
(158, 241)
(158, 185)
(158, 246)
(158, 217)
(158, 228)
(158, 378)
(158, 220)
(158, 190)
(159, 390)
(159, 265)
(159, 273)
(159, 280)
(159, 286)
(159, 160)
(159, 290)
(159, 293)
(159, 307)
(159, 187)
(159, 339)
(159, 223)
(159, 357)
(159, 238)
(159, 243)
(159, 245)
(159, 247)
(160, 384)
(160, 390)
(160, 273)
(160, 280)
(160, 286)
(160, 290)
(160, 293)
(160, 307)
(160, 187)
(160, 333)
(160, 339)
(160, 357)
(160, 238)
(160, 245)
(160, 247)
(161, 256)
(161, 385)
(161, 258)
(161, 391)
(161, 264)
(161, 269)
(161, 278)
(161, 285)
(161, 164)
(161, 186)
(161, 326)
(161, 327)
(161, 204)
(161, 206)
(161, 209)
(161, 212)
(161, 292)
(161, 354)
(161, 358)
(161, 370)
(161, 249)
(161, 254)
(162, 386)
(162, 259)
(162, 267)
(162, 398)
(162, 274)
(162, 276)
(162, 282)
(162, 176)
(162, 165)
(162, 299)
(162, 304)
(162, 181)
(162, 182)
(162, 314)
(162, 316)
(162, 191)
(162, 193)
(162, 195)
(162, 324)
(162, 198)
(162, 199)
(162, 328)
(162, 334)
(162, 214)
(162, 219)
(162, 351)
(162, 236)
(162, 367)
(162, 371)
(162, 372)
(163, 192)
(163, 166)
(163, 238)
(163, 307)
(163, 382)
(163, 223)
(164, 256)
(164, 258)
(164, 391)
(164, 278)
(164, 285)
(164, 292)
(164, 180)
(164, 189)
(164, 318)
(164, 323)
(164, 326)
(164, 204)
(164, 206)
(164, 207)
(164, 209)
(164, 350)
(164, 354)
(164, 358)
(164, 361)
(164, 363)
(164, 370)
(164, 249)
(164, 254)
(165, 259)
(165, 267)
(165, 397)
(165, 398)
(165, 276)
(165, 282)
(165, 284)
(165, 181)
(165, 314)
(165, 316)
(165, 319)
(165, 193)
(165, 195)
(165, 324)
(165, 198)
(165, 328)
(165, 330)
(165, 214)
(165, 351)
(165, 229)
(165, 236)
(165, 371)
(165, 372)
(165, 191)
(165, 381)
(166, 265)
(166, 399)
(166, 280)
(166, 171)
(166, 307)
(166, 192)
(166, 211)
(166, 223)
(166, 273)
(166, 238)
(166, 243)
(166, 379)
(166, 382)
(167, 388)
(167, 261)
(167, 263)
(167, 279)
(167, 295)
(167, 297)
(167, 172)
(167, 174)
(167, 306)
(167, 318)
(167, 194)
(167, 326)
(167, 200)
(167, 201)
(167, 333)
(167, 338)
(167, 342)
(167, 345)
(167, 227)
(167, 358)
(167, 230)
(168, 387)
(168, 262)
(168, 393)
(168, 394)
(168, 271)
(168, 272)
(168, 275)
(168, 294)
(168, 296)
(168, 300)
(168, 303)
(168, 178)
(168, 180)
(168, 310)
(168, 313)
(168, 188)
(168, 320)
(168, 322)
(168, 323)
(168, 197)
(168, 344)
(168, 218)
(168, 347)
(168, 348)
(168, 349)
(168, 224)
(168, 233)
(168, 362)
(168, 364)
(168, 240)
(168, 242)
(168, 249)
(168, 380)
(169, 394)
(169, 395)
(169, 396)
(169, 270)
(169, 275)
(169, 287)
(169, 288)
(169, 298)
(169, 173)
(169, 175)
(169, 178)
(169, 310)
(169, 311)
(169, 184)
(169, 185)
(169, 188)
(169, 190)
(169, 202)
(169, 203)
(169, 205)
(169, 344)
(169, 348)
(169, 349)
(169, 222)
(169, 360)
(169, 233)
(169, 362)
(169, 235)
(169, 239)
(169, 369)
(169, 251)
(169, 183)
(170, 257)
(170, 389)
(170, 265)
(170, 399)
(170, 277)
(170, 179)
(170, 290)
(170, 294)
(170, 171)
(170, 305)
(170, 243)
(170, 312)
(170, 317)
(170, 321)
(170, 196)
(170, 325)
(170, 335)
(170, 211)
(170, 343)
(170, 216)
(170, 346)
(170, 221)
(170, 359)
(170, 383)
(170, 374)
(170, 375)
(170, 376)
(170, 379)
(170, 255)
(171, 257)
(171, 389)
(171, 265)
(171, 399)
(171, 273)
(171, 280)
(171, 290)
(171, 179)
(171, 312)
(171, 321)
(171, 196)
(171, 325)
(171, 211)
(171, 375)
(171, 339)
(171, 215)
(171, 216)
(171, 346)
(171, 223)
(171, 359)
(171, 243)
(171, 247)
(171, 376)
(171, 379)
(171, 383)
(172, 385)
(172, 258)
(172, 261)
(172, 263)
(172, 278)
(172, 279)
(172, 295)
(172, 297)
(172, 174)
(172, 306)
(172, 308)
(172, 194)
(172, 326)
(172, 327)
(172, 338)
(172, 342)
(172, 345)
(172, 353)
(172, 227)
(172, 230)
(172, 358)
(172, 365)
(173, 260)
(173, 394)
(173, 395)
(173, 270)
(173, 275)
(173, 287)
(173, 288)
(173, 298)
(173, 175)
(173, 178)
(173, 309)
(173, 184)
(173, 188)
(173, 232)
(173, 331)
(173, 205)
(173, 210)
(173, 348)
(173, 222)
(173, 360)
(173, 233)
(173, 239)
(173, 369)
(174, 384)
(174, 388)
(174, 279)
(174, 286)
(174, 293)
(174, 295)
(174, 297)
(174, 306)
(174, 187)
(174, 318)
(174, 200)
(174, 201)
(174, 333)
(174, 336)
(174, 338)
(174, 342)
(174, 345)
(174, 227)
(174, 230)
(174, 244)
(175, 260)
(175, 395)
(175, 270)
(175, 275)
(175, 287)
(175, 288)
(175, 298)
(175, 184)
(175, 185)
(175, 232)
(175, 190)
(175, 203)
(175, 331)
(175, 205)
(175, 222)
(175, 360)
(175, 235)
(175, 239)
(175, 369)
(176, 386)
(176, 267)
(176, 398)
(176, 274)
(176, 276)
(176, 282)
(176, 289)
(176, 299)
(176, 304)
(176, 309)
(176, 182)
(176, 314)
(176, 191)
(176, 195)
(176, 199)
(176, 328)
(176, 334)
(176, 214)
(176, 219)
(176, 237)
(176, 367)
(176, 372)
(176, 248)
(177, 392)
(177, 291)
(177, 301)
(177, 311)
(177, 185)
(177, 190)
(177, 228)
(177, 203)
(177, 208)
(177, 217)
(177, 220)
(177, 356)
(177, 235)
(177, 241)
(177, 373)
(177, 246)
(177, 378)
(178, 387)
(178, 262)
(178, 393)
(178, 394)
(178, 395)
(178, 272)
(178, 275)
(178, 287)
(178, 288)
(178, 298)
(178, 310)
(178, 311)
(178, 184)
(178, 188)
(178, 320)
(178, 322)
(178, 197)
(178, 202)
(178, 183)
(178, 210)
(178, 344)
(178, 218)
(178, 347)
(178, 348)
(178, 349)
(178, 222)
(178, 360)
(178, 233)
(178, 362)
(178, 235)
(178, 240)
(178, 369)
(178, 251)
(179, 257)
(179, 265)
(179, 399)
(179, 312)
(179, 317)
(179, 321)
(179, 196)
(179, 325)
(179, 211)
(179, 216)
(179, 375)
(179, 376)
(179, 379)
(179, 383)
(180, 256)
(180, 262)
(180, 393)
(180, 266)
(180, 271)
(180, 283)
(180, 285)
(180, 292)
(180, 300)
(180, 242)
(180, 302)
(180, 303)
(180, 313)
(180, 189)
(180, 320)
(180, 323)
(180, 197)
(180, 206)
(180, 207)
(180, 341)
(180, 218)
(180, 350)
(180, 224)
(180, 354)
(180, 361)
(180, 363)
(180, 364)
(180, 240)
(180, 370)
(180, 249)
(180, 254)
(181, 259)
(181, 267)
(181, 398)
(181, 282)
(181, 284)
(181, 182)
(181, 314)
(181, 319)
(181, 193)
(181, 195)
(181, 324)
(181, 198)
(181, 199)
(181, 328)
(181, 214)
(181, 219)
(181, 236)
(181, 371)
(181, 372)
(182, 386)
(182, 259)
(182, 267)
(182, 398)
(182, 274)
(182, 282)
(182, 289)
(182, 299)
(182, 304)
(182, 314)
(182, 193)
(182, 195)
(182, 324)
(182, 199)
(182, 328)
(182, 334)
(182, 214)
(182, 219)
(182, 237)
(182, 367)
(182, 372)
(182, 248)
(183, 387)
(183, 392)
(183, 394)
(183, 396)
(183, 275)
(183, 287)
(183, 288)
(183, 291)
(183, 296)
(183, 310)
(183, 311)
(183, 184)
(183, 185)
(183, 322)
(183, 202)
(183, 203)
(183, 332)
(183, 344)
(183, 349)
(183, 222)
(183, 355)
(183, 356)
(183, 231)
(183, 233)
(183, 362)
(183, 235)
(183, 241)
(183, 251)
(184, 394)
(184, 395)
(184, 396)
(184, 270)
(184, 275)
(184, 287)
(184, 288)
(184, 291)
(184, 298)
(184, 310)
(184, 311)
(184, 185)
(184, 190)
(184, 202)
(184, 203)
(184, 344)
(184, 349)
(184, 222)
(184, 356)
(184, 360)
(184, 233)
(184, 235)
(184, 239)
(184, 241)
(184, 251)
(185, 392)
(185, 270)
(185, 287)
(185, 288)
(185, 291)
(185, 311)
(185, 190)
(185, 228)
(185, 202)
(185, 203)
(185, 217)
(185, 220)
(185, 222)
(185, 356)
(185, 235)
(185, 239)
(185, 241)
(185, 246)
(185, 378)
(186, 264)
(186, 268)
(186, 269)
(186, 284)
(186, 292)
(186, 316)
(186, 319)
(186, 198)
(186, 330)
(186, 204)
(186, 340)
(186, 226)
(186, 229)
(186, 381)
(186, 368)
(186, 212)
(186, 253)
(187, 384)
(187, 388)
(187, 390)
(187, 295)
(187, 286)
(187, 200)
(187, 201)
(187, 333)
(187, 339)
(187, 342)
(187, 215)
(187, 293)
(187, 357)
(187, 244)
(187, 245)
(187, 247)
(188, 387)
(188, 262)
(188, 393)
(188, 394)
(188, 395)
(188, 272)
(188, 275)
(188, 288)
(188, 298)
(188, 309)
(188, 310)
(188, 320)
(188, 322)
(188, 197)
(188, 210)
(188, 340)
(188, 213)
(188, 344)
(188, 218)
(188, 347)
(188, 348)
(188, 349)
(188, 360)
(188, 233)
(188, 362)
(188, 364)
(188, 240)
(188, 369)
(188, 380)
(189, 256)
(189, 391)
(189, 266)
(189, 271)
(189, 283)
(189, 285)
(189, 292)
(189, 295)
(189, 300)
(189, 302)
(189, 303)
(189, 315)
(189, 318)
(189, 323)
(189, 206)
(189, 207)
(189, 336)
(189, 341)
(189, 350)
(189, 224)
(189, 354)
(189, 358)
(189, 361)
(189, 234)
(189, 363)
(189, 370)
(189, 249)
(189, 254)
(190, 270)
(190, 287)
(190, 291)
(190, 228)
(190, 203)
(190, 217)
(190, 220)
(190, 222)
(190, 356)
(190, 235)
(190, 239)
(190, 241)
(190, 246)
(191, 386)
(191, 267)
(191, 269)
(191, 272)
(191, 274)
(191, 276)
(191, 304)
(191, 309)
(191, 314)
(191, 316)
(191, 195)
(191, 328)
(191, 330)
(191, 397)
(191, 210)
(191, 340)
(191, 213)
(191, 214)
(191, 347)
(191, 348)
(191, 351)
(191, 364)
(191, 367)
(191, 372)
(191, 380)
(192, 243)
(192, 238)
(192, 273)
(192, 307)
(192, 280)
(192, 382)
(192, 223)
(193, 259)
(193, 267)
(193, 398)
(193, 276)
(193, 282)
(193, 284)
(193, 314)
(193, 316)
(193, 319)
(193, 195)
(193, 324)
(193, 198)
(193, 199)
(193, 328)
(193, 330)
(193, 214)
(193, 219)
(193, 351)
(193, 236)
(193, 371)
(193, 372)
(194, 385)
(194, 258)
(194, 261)
(194, 263)
(194, 278)
(194, 279)
(194, 281)
(194, 297)
(194, 306)
(194, 308)
(194, 326)
(194, 327)
(194, 338)
(194, 345)
(194, 352)
(194, 353)
(194, 227)
(194, 230)
(194, 358)
(194, 225)
(194, 365)
(195, 386)
(195, 259)
(195, 267)
(195, 397)
(195, 398)
(195, 274)
(195, 276)
(195, 282)
(195, 289)
(195, 299)
(195, 304)
(195, 314)
(195, 316)
(195, 198)
(195, 199)
(195, 328)
(195, 330)
(195, 334)
(195, 213)
(195, 214)
(195, 219)
(195, 351)
(195, 237)
(195, 367)
(195, 371)
(195, 372)
(196, 257)
(196, 389)
(196, 265)
(196, 399)
(196, 273)
(196, 280)
(196, 290)
(196, 307)
(196, 312)
(196, 321)
(196, 325)
(196, 211)
(196, 375)
(196, 339)
(196, 215)
(196, 216)
(196, 346)
(196, 223)
(196, 359)
(196, 366)
(196, 243)
(196, 245)
(196, 247)
(196, 376)
(196, 379)
(197, 387)
(197, 262)
(197, 393)
(197, 394)
(197, 396)
(197, 271)
(197, 272)
(197, 275)
(197, 288)
(197, 294)
(197, 296)
(197, 300)
(197, 303)
(197, 310)
(197, 313)
(197, 320)
(197, 322)
(197, 344)
(197, 218)
(197, 347)
(197, 349)
(197, 224)
(197, 233)
(197, 362)
(197, 240)
(197, 242)
(197, 251)
(198, 259)
(198, 267)
(198, 268)
(198, 397)
(198, 398)
(198, 276)
(198, 284)
(198, 314)
(198, 316)
(198, 319)
(198, 328)
(198, 330)
(198, 214)
(198, 351)
(198, 229)
(198, 236)
(198, 371)
(198, 372)
(198, 381)
(199, 386)
(199, 259)
(199, 267)
(199, 398)
(199, 274)
(199, 282)
(199, 289)
(199, 299)
(199, 304)
(199, 314)
(199, 324)
(199, 328)
(199, 334)
(199, 214)
(199, 219)
(199, 237)
(199, 367)
(199, 372)
(199, 248)
(200, 384)
(200, 388)
(200, 390)
(200, 266)
(200, 279)
(200, 283)
(200, 286)
(200, 293)
(200, 295)
(200, 297)
(200, 306)
(200, 318)
(200, 201)
(200, 333)
(200, 336)
(200, 338)
(200, 341)
(200, 342)
(200, 345)
(200, 350)
(200, 354)
(200, 227)
(200, 361)
(200, 366)
(200, 244)
(201, 384)
(201, 388)
(201, 390)
(201, 279)
(201, 293)
(201, 295)
(201, 297)
(201, 306)
(201, 286)
(201, 318)
(201, 333)
(201, 336)
(201, 338)
(201, 342)
(201, 345)
(201, 227)
(201, 244)
(202, 387)
(202, 392)
(202, 394)
(202, 396)
(202, 270)
(202, 275)
(202, 287)
(202, 288)
(202, 291)
(202, 296)
(202, 310)
(202, 311)
(202, 322)
(202, 203)
(202, 344)
(202, 349)
(202, 222)
(202, 355)
(202, 356)
(202, 231)
(202, 233)
(202, 362)
(202, 235)
(202, 241)
(202, 251)
(203, 392)
(203, 270)
(203, 287)
(203, 291)
(203, 301)
(203, 311)
(203, 228)
(203, 217)
(203, 220)
(203, 222)
(203, 356)
(203, 235)
(203, 241)
(203, 246)
(203, 378)
(204, 385)
(204, 258)
(204, 391)
(204, 264)
(204, 268)
(204, 278)
(204, 285)
(204, 292)
(204, 326)
(204, 327)
(204, 209)
(204, 212)
(204, 226)
(204, 368)
(204, 250)
(204, 253)
(205, 395)
(205, 260)
(205, 360)
(205, 298)
(205, 331)
(205, 270)
(205, 239)
(205, 369)
(205, 210)
(205, 309)
(205, 248)
(205, 232)
(205, 287)
(206, 256)
(206, 262)
(206, 391)
(206, 269)
(206, 271)
(206, 285)
(206, 292)
(206, 300)
(206, 303)
(206, 323)
(206, 207)
(206, 209)
(206, 340)
(206, 350)
(206, 224)
(206, 354)
(206, 361)
(206, 363)
(206, 364)
(206, 370)
(206, 249)
(206, 254)
(207, 256)
(207, 262)
(207, 391)
(207, 266)
(207, 271)
(207, 283)
(207, 285)
(207, 292)
(207, 300)
(207, 302)
(207, 303)
(207, 318)
(207, 320)
(207, 323)
(207, 336)
(207, 341)
(207, 350)
(207, 224)
(207, 354)
(207, 361)
(207, 363)
(207, 364)
(207, 370)
(207, 249)
(207, 254)
(208, 392)
(208, 337)
(208, 291)
(208, 301)
(208, 329)
(208, 332)
(208, 220)
(208, 355)
(208, 356)
(208, 231)
(208, 241)
(208, 373)
(208, 377)
(208, 378)
(209, 256)
(209, 385)
(209, 258)
(209, 263)
(209, 278)
(209, 285)
(209, 292)
(209, 391)
(209, 326)
(209, 327)
(209, 212)
(209, 350)
(209, 354)
(209, 358)
(209, 370)
(209, 254)
(210, 386)
(210, 260)
(210, 394)
(210, 395)
(210, 397)
(210, 272)
(210, 275)
(210, 276)
(210, 298)
(210, 304)
(210, 309)
(210, 331)
(210, 213)
(210, 347)
(210, 348)
(210, 360)
(210, 233)
(210, 362)
(210, 367)
(210, 369)
(210, 248)
(210, 380)
(211, 265)
(211, 399)
(211, 280)
(211, 312)
(211, 325)
(211, 216)
(211, 223)
(211, 273)
(211, 243)
(211, 376)
(211, 379)
(211, 382)
(212, 391)
(212, 264)
(212, 268)
(212, 284)
(212, 285)
(212, 226)
(212, 229)
(212, 253)
(212, 368)
(212, 250)
(212, 381)
(213, 386)
(213, 267)
(213, 397)
(213, 272)
(213, 276)
(213, 304)
(213, 309)
(213, 316)
(213, 328)
(213, 330)
(213, 269)
(213, 340)
(213, 347)
(213, 348)
(213, 351)
(213, 364)
(213, 372)
(213, 380)
(214, 386)
(214, 259)
(214, 267)
(214, 397)
(214, 398)
(214, 274)
(214, 276)
(214, 282)
(214, 289)
(214, 299)
(214, 304)
(214, 314)
(214, 316)
(214, 324)
(214, 328)
(214, 330)
(214, 334)
(214, 219)
(214, 351)
(214, 237)
(214, 367)
(214, 371)
(214, 372)
(215, 389)
(215, 265)
(215, 266)
(215, 399)
(215, 273)
(215, 277)
(215, 280)
(215, 283)
(215, 286)
(215, 290)
(215, 302)
(215, 315)
(215, 321)
(215, 336)
(215, 339)
(215, 341)
(215, 346)
(215, 357)
(215, 359)
(215, 234)
(215, 366)
(215, 243)
(215, 244)
(215, 245)
(215, 247)
(216, 257)
(216, 389)
(216, 265)
(216, 399)
(216, 305)
(216, 312)
(216, 317)
(216, 383)
(216, 321)
(216, 325)
(216, 335)
(216, 343)
(216, 346)
(216, 221)
(216, 243)
(216, 374)
(216, 375)
(216, 376)
(216, 379)
(216, 255)
(217, 291)
(217, 356)
(217, 235)
(217, 301)
(217, 241)
(217, 246)
(217, 228)
(217, 220)
(217, 287)
(218, 387)
(218, 262)
(218, 393)
(218, 394)
(218, 271)
(218, 272)
(218, 275)
(218, 288)
(218, 300)
(218, 303)
(218, 310)
(218, 313)
(218, 320)
(218, 322)
(218, 323)
(218, 340)
(218, 344)
(218, 347)
(218, 348)
(218, 349)
(218, 224)
(218, 233)
(218, 362)
(218, 364)
(218, 240)
(218, 242)
(218, 249)
(218, 380)
(219, 259)
(219, 267)
(219, 398)
(219, 274)
(219, 282)
(219, 314)
(219, 324)
(219, 328)
(219, 334)
(219, 371)
(219, 372)
(220, 392)
(220, 291)
(220, 301)
(220, 228)
(220, 356)
(220, 235)
(220, 241)
(220, 373)
(220, 246)
(220, 378)
(221, 257)
(221, 389)
(221, 277)
(221, 294)
(221, 296)
(221, 302)
(221, 305)
(221, 312)
(221, 313)
(221, 315)
(221, 317)
(221, 321)
(221, 325)
(221, 335)
(221, 343)
(221, 346)
(221, 234)
(221, 242)
(221, 374)
(221, 375)
(221, 376)
(221, 383)
(221, 255)
(222, 387)
(222, 394)
(222, 395)
(222, 396)
(222, 270)
(222, 275)
(222, 287)
(222, 288)
(222, 291)
(222, 296)
(222, 298)
(222, 310)
(222, 311)
(222, 322)
(222, 344)
(222, 349)
(222, 355)
(222, 356)
(222, 360)
(222, 233)
(222, 362)
(222, 235)
(222, 239)
(222, 251)
(223, 265)
(223, 399)
(223, 273)
(223, 280)
(223, 290)
(223, 307)
(223, 325)
(223, 339)
(223, 357)
(223, 238)
(223, 243)
(223, 245)
(223, 247)
(223, 376)
(223, 379)
(223, 382)
(224, 387)
(224, 262)
(224, 393)
(224, 266)
(224, 271)
(224, 277)
(224, 283)
(224, 294)
(224, 300)
(224, 242)
(224, 302)
(224, 303)
(224, 313)
(224, 315)
(224, 320)
(224, 322)
(224, 323)
(224, 335)
(224, 341)
(224, 343)
(224, 344)
(224, 361)
(224, 362)
(224, 363)
(224, 240)
(224, 370)
(224, 374)
(224, 249)
(224, 234)
(225, 352)
(225, 353)
(225, 261)
(225, 230)
(225, 263)
(225, 365)
(225, 308)
(225, 281)
(225, 252)
(226, 229)
(226, 264)
(226, 268)
(226, 253)
(226, 368)
(226, 250)
(226, 284)
(226, 381)
(227, 384)
(227, 388)
(227, 279)
(227, 295)
(227, 297)
(227, 306)
(227, 333)
(227, 338)
(227, 342)
(227, 345)
(227, 230)
(228, 291)
(228, 356)
(228, 392)
(228, 301)
(228, 241)
(228, 246)
(228, 378)
(229, 264)
(229, 268)
(229, 284)
(229, 319)
(229, 236)
(229, 381)
(229, 368)
(229, 253)
(230, 385)
(230, 258)
(230, 261)
(230, 263)
(230, 278)
(230, 279)
(230, 281)
(230, 297)
(230, 306)
(230, 308)
(230, 326)
(230, 327)
(230, 338)
(230, 342)
(230, 345)
(230, 353)
(230, 358)
(230, 365)
(231, 392)
(231, 396)
(231, 296)
(231, 305)
(231, 311)
(231, 329)
(231, 332)
(231, 337)
(231, 349)
(231, 355)
(231, 356)
(231, 373)
(231, 377)
(231, 378)
(231, 251)
(232, 395)
(232, 260)
(232, 360)
(232, 298)
(232, 331)
(232, 270)
(232, 239)
(232, 369)
(232, 309)
(232, 248)
(232, 287)
(233, 387)
(233, 262)
(233, 393)
(233, 394)
(233, 395)
(233, 272)
(233, 275)
(233, 287)
(233, 288)
(233, 298)
(233, 310)
(233, 311)
(233, 320)
(233, 322)
(233, 344)
(233, 347)
(233, 348)
(233, 349)
(233, 360)
(233, 362)
(233, 240)
(233, 369)
(233, 251)
(234, 389)
(234, 266)
(234, 271)
(234, 277)
(234, 283)
(234, 290)
(234, 294)
(234, 302)
(234, 303)
(234, 315)
(234, 321)
(234, 335)
(234, 336)
(234, 339)
(234, 341)
(234, 343)
(234, 346)
(234, 359)
(234, 361)
(234, 363)
(234, 366)
(234, 244)
(234, 374)
(234, 255)
(235, 392)
(235, 394)
(235, 396)
(235, 270)
(235, 275)
(235, 287)
(235, 288)
(235, 291)
(235, 310)
(235, 311)
(235, 349)
(235, 355)
(235, 356)
(235, 241)
(235, 378)
(235, 251)
(236, 259)
(236, 267)
(236, 268)
(236, 398)
(236, 284)
(236, 314)
(236, 319)
(236, 324)
(236, 328)
(236, 351)
(236, 371)
(236, 381)
(237, 386)
(237, 260)
(237, 274)
(237, 282)
(237, 289)
(237, 299)
(237, 304)
(237, 309)
(237, 331)
(237, 334)
(237, 367)
(237, 372)
(237, 248)
(238, 390)
(238, 273)
(238, 280)
(238, 307)
(238, 357)
(238, 243)
(238, 245)
(238, 247)
(239, 260)
(239, 395)
(239, 270)
(239, 275)
(239, 287)
(239, 288)
(239, 298)
(239, 331)
(239, 360)
(239, 369)
(240, 387)
(240, 262)
(240, 393)
(240, 394)
(240, 396)
(240, 271)
(240, 277)
(240, 294)
(240, 296)
(240, 300)
(240, 302)
(240, 303)
(240, 310)
(240, 313)
(240, 320)
(240, 322)
(240, 323)
(240, 335)
(240, 343)
(240, 344)
(240, 349)
(240, 362)
(240, 363)
(240, 242)
(240, 374)
(240, 249)
(240, 251)
(240, 255)
(241, 392)
(241, 291)
(241, 301)
(241, 311)
(241, 356)
(241, 373)
(241, 246)
(241, 378)
(242, 387)
(242, 262)
(242, 393)
(242, 394)
(242, 396)
(242, 271)
(242, 277)
(242, 294)
(242, 296)
(242, 300)
(242, 302)
(242, 303)
(242, 310)
(242, 313)
(242, 315)
(242, 320)
(242, 322)
(242, 335)
(242, 343)
(242, 344)
(242, 349)
(242, 362)
(242, 374)
(242, 251)
(242, 255)
(243, 257)
(243, 389)
(243, 265)
(243, 273)
(243, 399)
(243, 280)
(243, 290)
(243, 307)
(243, 321)
(243, 325)
(243, 339)
(243, 346)
(243, 359)
(243, 245)
(243, 247)
(243, 376)
(243, 379)
(243, 382)
(244, 384)
(244, 388)
(244, 390)
(244, 266)
(244, 283)
(244, 286)
(244, 293)
(244, 295)
(244, 297)
(244, 318)
(244, 333)
(244, 336)
(244, 338)
(244, 339)
(244, 341)
(244, 342)
(244, 350)
(244, 354)
(244, 359)
(244, 361)
(244, 366)
(244, 245)
(245, 384)
(245, 390)
(245, 265)
(245, 273)
(245, 280)
(245, 286)
(245, 290)
(245, 293)
(245, 307)
(245, 333)
(245, 339)
(245, 357)
(245, 359)
(245, 366)
(245, 247)
(246, 291)
(246, 356)
(246, 301)
(246, 378)
(247, 389)
(247, 390)
(247, 265)
(247, 399)
(247, 273)
(247, 280)
(247, 286)
(247, 290)
(247, 293)
(247, 307)
(247, 339)
(247, 346)
(247, 357)
(247, 359)
(247, 366)
(248, 386)
(248, 299)
(248, 260)
(248, 395)
(248, 274)
(248, 289)
(248, 298)
(248, 304)
(248, 309)
(248, 331)
(248, 367)
(248, 369)
(249, 256)
(249, 262)
(249, 391)
(249, 393)
(249, 269)
(249, 271)
(249, 285)
(249, 292)
(249, 300)
(249, 303)
(249, 320)
(249, 323)
(249, 340)
(249, 350)
(249, 361)
(249, 363)
(249, 364)
(249, 370)
(249, 380)
(249, 254)
(250, 352)
(250, 385)
(250, 327)
(250, 264)
(250, 268)
(250, 368)
(250, 253)
(251, 392)
(251, 393)
(251, 394)
(251, 396)
(251, 387)
(251, 288)
(251, 296)
(251, 305)
(251, 310)
(251, 311)
(251, 313)
(251, 322)
(251, 332)
(251, 344)
(251, 349)
(251, 355)
(251, 362)
(251, 275)
(252, 352)
(252, 353)
(252, 263)
(252, 365)
(252, 308)
(252, 281)
(253, 264)
(253, 268)
(253, 368)
(253, 284)
(253, 381)
(254, 256)
(254, 258)
(254, 391)
(254, 266)
(254, 271)
(254, 278)
(254, 283)
(254, 285)
(254, 292)
(254, 300)
(254, 303)
(254, 318)
(254, 323)
(254, 326)
(254, 336)
(254, 350)
(254, 354)
(254, 358)
(254, 361)
(254, 363)
(254, 364)
(254, 370)
(255, 257)
(255, 387)
(255, 389)
(255, 396)
(255, 277)
(255, 294)
(255, 296)
(255, 302)
(255, 305)
(255, 312)
(255, 313)
(255, 315)
(255, 321)
(255, 325)
(255, 335)
(255, 343)
(255, 346)
(255, 355)
(255, 374)
(255, 375)
(255, 383)
(256, 258)
(256, 391)
(256, 266)
(256, 271)
(256, 278)
(256, 283)
(256, 285)
(256, 292)
(256, 300)
(256, 303)
(256, 318)
(256, 323)
(256, 326)
(256, 336)
(256, 350)
(256, 354)
(256, 358)
(256, 361)
(256, 363)
(256, 370)
(257, 389)
(257, 265)
(257, 399)
(257, 273)
(257, 277)
(257, 290)
(257, 294)
(257, 305)
(257, 312)
(257, 315)
(257, 317)
(257, 321)
(257, 325)
(257, 335)
(257, 343)
(257, 346)
(257, 359)
(257, 374)
(257, 375)
(257, 376)
(257, 379)
(257, 383)
(258, 385)
(258, 261)
(258, 263)
(258, 278)
(258, 285)
(258, 391)
(258, 306)
(258, 318)
(258, 326)
(258, 327)
(258, 338)
(258, 345)
(258, 350)
(258, 354)
(258, 358)
(258, 370)
(259, 267)
(259, 398)
(259, 282)
(259, 314)
(259, 324)
(259, 328)
(259, 334)
(259, 371)
(259, 372)
(260, 386)
(260, 395)
(260, 270)
(260, 274)
(260, 289)
(260, 298)
(260, 299)
(260, 304)
(260, 309)
(260, 331)
(260, 348)
(260, 360)
(260, 367)
(260, 369)
(261, 385)
(261, 263)
(261, 278)
(261, 281)
(261, 297)
(261, 327)
(261, 306)
(261, 308)
(261, 326)
(261, 338)
(261, 345)
(261, 352)
(261, 353)
(261, 358)
(261, 365)
(262, 387)
(262, 393)
(262, 394)
(262, 271)
(262, 272)
(262, 275)
(262, 292)
(262, 300)
(262, 303)
(262, 313)
(262, 320)
(262, 322)
(262, 323)
(262, 340)
(262, 344)
(262, 347)
(262, 348)
(262, 349)
(262, 362)
(262, 363)
(262, 364)
(262, 380)
(263, 385)
(263, 278)
(263, 281)
(263, 327)
(263, 306)
(263, 308)
(263, 326)
(263, 345)
(263, 352)
(263, 353)
(263, 358)
(263, 365)
(264, 268)
(264, 368)
(264, 284)
(264, 381)
(264, 319)
(265, 389)
(265, 399)
(265, 273)
(265, 280)
(265, 290)
(265, 307)
(265, 312)
(265, 321)
(265, 325)
(265, 339)
(265, 346)
(265, 359)
(265, 366)
(265, 376)
(265, 379)
(266, 389)
(266, 271)
(266, 277)
(266, 283)
(266, 295)
(266, 300)
(266, 302)
(266, 303)
(266, 315)
(266, 318)
(266, 336)
(266, 339)
(266, 341)
(266, 343)
(266, 350)
(266, 354)
(266, 359)
(266, 361)
(266, 363)
(266, 366)
(266, 370)
(267, 386)
(267, 397)
(267, 398)
(267, 274)
(267, 276)
(267, 282)
(267, 284)
(267, 304)
(267, 314)
(267, 316)
(267, 328)
(267, 330)
(267, 351)
(267, 367)
(267, 371)
(267, 372)
(268, 284)
(268, 319)
(268, 368)
(268, 381)
(269, 391)
(269, 397)
(269, 323)
(269, 276)
(269, 284)
(269, 285)
(269, 292)
(269, 316)
(269, 330)
(269, 340)
(269, 351)
(269, 364)
(269, 380)
(269, 381)
(270, 395)
(270, 275)
(270, 287)
(270, 288)
(270, 298)
(270, 311)
(270, 331)
(270, 360)
(270, 369)
(271, 393)
(271, 277)
(271, 283)
(271, 292)
(271, 294)
(271, 300)
(271, 302)
(271, 303)
(271, 313)
(271, 315)
(271, 320)
(271, 323)
(271, 336)
(271, 341)
(271, 343)
(271, 350)
(271, 354)
(271, 361)
(271, 363)
(271, 370)
(272, 393)
(272, 394)
(272, 397)
(272, 275)
(272, 276)
(272, 309)
(272, 320)
(272, 323)
(272, 330)
(272, 340)
(272, 344)
(272, 347)
(272, 348)
(272, 360)
(272, 362)
(272, 364)
(272, 369)
(272, 380)
(273, 389)
(273, 399)
(273, 280)
(273, 290)
(273, 307)
(273, 321)
(273, 325)
(273, 339)
(273, 346)
(273, 357)
(273, 359)
(273, 376)
(273, 379)
(273, 382)
(274, 386)
(274, 276)
(274, 282)
(274, 289)
(274, 299)
(274, 304)
(274, 309)
(274, 328)
(274, 334)
(274, 314)
(274, 367)
(274, 372)
(275, 387)
(275, 393)
(275, 394)
(275, 395)
(275, 287)
(275, 288)
(275, 310)
(275, 311)
(275, 320)
(275, 322)
(275, 344)
(275, 347)
(275, 348)
(275, 349)
(275, 360)
(275, 362)
(275, 369)
(275, 298)
(276, 386)
(276, 397)
(276, 304)
(276, 309)
(276, 314)
(276, 316)
(276, 328)
(276, 330)
(276, 340)
(276, 347)
(276, 351)
(276, 367)
(276, 372)
(276, 380)
(277, 387)
(277, 389)
(277, 283)
(277, 294)
(277, 296)
(277, 300)
(277, 302)
(277, 303)
(277, 305)
(277, 313)
(277, 315)
(277, 320)
(277, 321)
(277, 335)
(277, 341)
(277, 343)
(277, 346)
(277, 359)
(277, 363)
(277, 366)
(277, 374)
(277, 375)
(278, 385)
(278, 391)
(278, 285)
(278, 327)
(278, 306)
(278, 326)
(278, 338)
(278, 345)
(278, 350)
(278, 354)
(278, 358)
(279, 384)
(279, 388)
(279, 295)
(279, 297)
(279, 306)
(279, 333)
(279, 338)
(279, 342)
(279, 345)
(280, 389)
(280, 399)
(280, 290)
(280, 307)
(280, 321)
(280, 325)
(280, 339)
(280, 346)
(280, 357)
(280, 359)
(280, 376)
(280, 379)
(280, 382)
(281, 352)
(281, 353)
(281, 365)
(281, 308)
(282, 386)
(282, 398)
(282, 299)
(282, 314)
(282, 324)
(282, 328)
(282, 334)
(282, 351)
(282, 367)
(282, 371)
(282, 372)
(283, 389)
(283, 295)
(283, 300)
(283, 302)
(283, 303)
(283, 315)
(283, 318)
(283, 336)
(283, 341)
(283, 343)
(283, 350)
(283, 354)
(283, 359)
(283, 361)
(283, 363)
(283, 366)
(283, 370)
(284, 397)
(284, 314)
(284, 316)
(284, 319)
(284, 328)
(284, 330)
(284, 351)
(284, 368)
(284, 371)
(284, 381)
(285, 391)
(285, 292)
(285, 323)
(285, 326)
(285, 350)
(285, 354)
(285, 358)
(285, 361)
(285, 363)
(285, 364)
(285, 370)
(286, 384)
(286, 388)
(286, 390)
(286, 290)
(286, 295)
(286, 333)
(286, 336)
(286, 339)
(286, 342)
(286, 293)
(286, 357)
(286, 359)
(286, 366)
(287, 394)
(287, 395)
(287, 288)
(287, 291)
(287, 298)
(287, 310)
(287, 311)
(287, 356)
(287, 360)
(287, 369)
(288, 387)
(288, 394)
(288, 395)
(288, 396)
(288, 310)
(288, 311)
(288, 322)
(288, 344)
(288, 348)
(288, 349)
(288, 360)
(288, 362)
(288, 369)
(288, 298)
(289, 386)
(289, 299)
(289, 304)
(289, 309)
(289, 331)
(289, 334)
(289, 367)
(289, 372)
(290, 389)
(290, 399)
(290, 302)
(290, 307)
(290, 321)
(290, 325)
(290, 339)
(290, 341)
(290, 346)
(290, 315)
(290, 357)
(290, 359)
(290, 366)
(291, 392)
(291, 301)
(291, 311)
(291, 356)
(291, 373)
(291, 378)
(292, 391)
(292, 323)
(292, 303)
(292, 340)
(292, 350)
(292, 363)
(292, 364)
(292, 370)
(292, 380)
(293, 384)
(293, 388)
(293, 390)
(293, 295)
(293, 333)
(293, 339)
(293, 342)
(293, 357)
(294, 387)
(294, 389)
(294, 393)
(294, 396)
(294, 296)
(294, 300)
(294, 302)
(294, 303)
(294, 305)
(294, 313)
(294, 315)
(294, 320)
(294, 321)
(294, 322)
(294, 335)
(294, 343)
(294, 346)
(294, 349)
(294, 374)
(294, 375)
(295, 384)
(295, 388)
(295, 297)
(295, 306)
(295, 318)
(295, 333)
(295, 336)
(295, 338)
(295, 341)
(295, 342)
(295, 345)
(295, 350)
(295, 354)
(295, 358)
(295, 361)
(295, 366)
(296, 393)
(296, 394)
(296, 396)
(296, 387)
(296, 305)
(296, 310)
(296, 311)
(296, 313)
(296, 320)
(296, 322)
(296, 332)
(296, 335)
(296, 343)
(296, 344)
(296, 349)
(296, 355)
(296, 362)
(296, 374)
(297, 384)
(297, 388)
(297, 306)
(297, 318)
(297, 333)
(297, 338)
(297, 342)
(297, 345)
(297, 358)
(298, 394)
(298, 395)
(298, 309)
(298, 331)
(298, 348)
(298, 360)
(298, 369)
(299, 386)
(299, 304)
(299, 309)
(299, 372)
(299, 328)
(299, 331)
(299, 334)
(299, 367)
(300, 387)
(300, 393)
(300, 302)
(300, 303)
(300, 313)
(300, 315)
(300, 320)
(300, 322)
(300, 323)
(300, 343)
(300, 344)
(300, 361)
(300, 362)
(300, 363)
(300, 364)
(300, 370)
(301, 356)
(301, 392)
(301, 373)
(301, 378)
(302, 389)
(302, 303)
(302, 313)
(302, 315)
(302, 335)
(302, 336)
(302, 339)
(302, 341)
(302, 343)
(302, 346)
(302, 350)
(302, 359)
(302, 361)
(302, 363)
(302, 366)
(302, 374)
(303, 393)
(303, 313)
(303, 315)
(303, 320)
(303, 322)
(303, 323)
(303, 341)
(303, 350)
(303, 361)
(303, 363)
(303, 364)
(303, 370)
(304, 386)
(304, 397)
(304, 309)
(304, 316)
(304, 328)
(304, 330)
(304, 331)
(304, 347)
(304, 348)
(304, 351)
(304, 367)
(304, 369)
(304, 372)
(304, 380)
(305, 396)
(305, 312)
(305, 317)
(305, 321)
(305, 325)
(305, 329)
(305, 332)
(305, 335)
(305, 337)
(305, 343)
(305, 355)
(305, 374)
(305, 375)
(305, 377)
(305, 383)
(306, 388)
(306, 327)
(306, 318)
(306, 326)
(306, 338)
(306, 342)
(306, 345)
(306, 354)
(306, 358)
(307, 390)
(307, 399)
(307, 339)
(307, 357)
(307, 382)
(308, 352)
(308, 353)
(308, 365)
(309, 386)
(309, 395)
(309, 331)
(309, 347)
(309, 348)
(309, 360)
(309, 367)
(309, 369)
(310, 393)
(310, 394)
(310, 396)
(310, 387)
(310, 311)
(310, 313)
(310, 320)
(310, 322)
(310, 344)
(310, 349)
(310, 355)
(310, 360)
(310, 362)
(311, 392)
(311, 394)
(311, 396)
(311, 387)
(311, 332)
(311, 344)
(311, 349)
(311, 355)
(311, 356)
(311, 378)
(312, 399)
(312, 317)
(312, 321)
(312, 325)
(312, 335)
(312, 343)
(312, 346)
(312, 374)
(312, 375)
(312, 376)
(312, 379)
(312, 383)
(313, 387)
(313, 393)
(313, 394)
(313, 396)
(313, 315)
(313, 320)
(313, 322)
(313, 335)
(313, 343)
(313, 344)
(313, 349)
(313, 362)
(313, 363)
(313, 374)
(314, 386)
(314, 398)
(314, 316)
(314, 319)
(314, 324)
(314, 328)
(314, 334)
(314, 351)
(314, 371)
(314, 372)
(315, 389)
(315, 321)
(315, 335)
(315, 336)
(315, 339)
(315, 341)
(315, 343)
(315, 346)
(315, 359)
(315, 361)
(315, 363)
(315, 366)
(315, 374)
(315, 375)
(316, 386)
(316, 397)
(316, 351)
(316, 328)
(316, 330)
(316, 364)
(316, 372)
(316, 340)
(316, 380)
(316, 381)
(317, 321)
(317, 325)
(317, 329)
(317, 337)
(317, 375)
(317, 376)
(317, 377)
(317, 379)
(317, 383)
(318, 326)
(318, 333)
(318, 336)
(318, 338)
(318, 341)
(318, 342)
(318, 345)
(318, 350)
(318, 354)
(318, 358)
(318, 361)
(318, 363)
(318, 370)
(319, 371)
(319, 381)
(320, 393)
(320, 394)
(320, 387)
(320, 363)
(320, 322)
(320, 323)
(320, 344)
(320, 347)
(320, 349)
(320, 362)
(320, 364)
(321, 389)
(321, 399)
(321, 325)
(321, 335)
(321, 339)
(321, 343)
(321, 346)
(321, 359)
(321, 374)
(321, 375)
(321, 376)
(321, 379)
(321, 383)
(322, 387)
(322, 393)
(322, 394)
(322, 396)
(322, 344)
(322, 349)
(322, 362)
(323, 363)
(323, 391)
(323, 393)
(323, 340)
(323, 364)
(323, 370)
(323, 380)
(324, 398)
(324, 334)
(324, 371)
(324, 372)
(325, 389)
(325, 399)
(325, 335)
(325, 343)
(325, 346)
(325, 374)
(325, 375)
(325, 376)
(325, 379)
(325, 383)
(326, 385)
(326, 391)
(326, 327)
(326, 338)
(326, 345)
(326, 350)
(326, 354)
(326, 358)
(327, 385)
(327, 391)
(327, 352)
(327, 353)
(327, 358)
(327, 365)
(328, 386)
(328, 397)
(328, 398)
(328, 330)
(328, 334)
(328, 351)
(328, 367)
(328, 371)
(328, 372)
(329, 392)
(329, 332)
(329, 337)
(329, 355)
(329, 373)
(329, 377)
(329, 383)
(330, 397)
(330, 351)
(330, 364)
(330, 372)
(330, 340)
(330, 380)
(330, 381)
(331, 386)
(331, 395)
(331, 367)
(331, 348)
(331, 360)
(331, 369)
(332, 392)
(332, 396)
(332, 337)
(332, 355)
(332, 356)
(332, 373)
(332, 377)
(332, 378)
(333, 384)
(333, 388)
(333, 390)
(333, 338)
(333, 342)
(333, 345)
(333, 336)
(333, 357)
(334, 386)
(334, 398)
(334, 367)
(334, 372)
(335, 389)
(335, 343)
(335, 346)
(335, 359)
(335, 366)
(335, 374)
(335, 375)
(336, 389)
(336, 338)
(336, 339)
(336, 341)
(336, 350)
(336, 354)
(336, 359)
(336, 361)
(336, 363)
(336, 366)
(336, 370)
(337, 392)
(337, 396)
(337, 355)
(337, 373)
(337, 377)
(337, 383)
(338, 388)
(338, 342)
(338, 345)
(338, 350)
(338, 354)
(338, 358)
(339, 389)
(339, 390)
(339, 399)
(339, 366)
(339, 341)
(339, 346)
(339, 357)
(339, 359)
(340, 397)
(340, 351)
(340, 347)
(340, 364)
(340, 380)
(341, 389)
(341, 350)
(341, 354)
(341, 359)
(341, 361)
(341, 363)
(341, 366)
(342, 384)
(342, 388)
(342, 390)
(342, 345)
(343, 387)
(343, 389)
(343, 346)
(343, 359)
(343, 366)
(343, 374)
(343, 375)
(344, 387)
(344, 393)
(344, 394)
(344, 396)
(344, 347)
(344, 348)
(344, 349)
(344, 360)
(344, 362)
(345, 388)
(345, 354)
(345, 358)
(346, 389)
(346, 399)
(346, 359)
(346, 366)
(346, 374)
(346, 375)
(346, 376)
(346, 379)
(347, 393)
(347, 394)
(347, 397)
(347, 348)
(347, 360)
(347, 362)
(347, 364)
(347, 369)
(347, 380)
(348, 393)
(348, 394)
(348, 395)
(348, 360)
(348, 362)
(348, 369)
(348, 380)
(349, 393)
(349, 394)
(349, 396)
(349, 355)
(349, 387)
(349, 362)
(350, 391)
(350, 354)
(350, 358)
(350, 361)
(350, 363)
(350, 370)
(351, 386)
(351, 397)
(351, 372)
(351, 380)
(351, 381)
(352, 385)
(352, 353)
(352, 365)
(353, 385)
(353, 365)
(354, 391)
(354, 358)
(354, 361)
(354, 363)
(354, 370)
(355, 387)
(355, 392)
(355, 396)
(355, 373)
(355, 377)
(355, 378)
(356, 392)
(356, 373)
(356, 378)
(357, 384)
(357, 390)
(358, 385)
(358, 391)
(358, 361)
(358, 370)
(359, 389)
(359, 399)
(359, 366)
(360, 394)
(360, 395)
(360, 362)
(360, 369)
(361, 366)
(361, 363)
(361, 370)
(362, 393)
(362, 394)
(362, 387)
(362, 380)
(363, 366)
(363, 370)
(364, 393)
(364, 397)
(364, 370)
(364, 380)
(365, 385)
(366, 389)
(367, 386)
(367, 372)
(368, 381)
(369, 386)
(369, 394)
(369, 395)
(370, 391)
(371, 398)
(371, 372)
(372, 386)
(372, 397)
(372, 398)
(373, 392)
(373, 377)
(373, 378)
(374, 389)
(374, 375)
(375, 389)
(375, 399)
(375, 376)
(375, 379)
(375, 383)
(376, 399)
(376, 379)
(376, 383)
(377, 392)
(377, 383)
(378, 392)
(379, 399)
(379, 383)
(380, 397)
(384, 388)
(384, 390)
(385, 391)
(386, 397)
(387, 393)
(387, 394)
(387, 396)
(388, 390)
(389, 399)
(392, 396)
(393, 394)
(394, 395)
(394, 396)
