#Nodes
0
1
2
3
4
5
6
7
8
9
10
11
12
13
14
15
16
17
18
19
20
21
22
23
24
25
26
27
28
29
30
31
32
33
34
35
36
37
38
39
40
41
42
43
44
45
46
47
48
49
50
51
52
53
54
55
56
57
58
59
60
61
62
63
64
65
66
67
68
69
70
71
72
73
74
75
76
77
78
79
80
81
82
83
84
85
86
87
88
89
90
91
92
93
94
95
96
97
98
99
100
101
102
103
104
105
106
107
108
109
110
111
112
113
114
115
116
117
118
119
120
121
122
123
124
125
126
127
128
129
130
131
132
133
134
135
136
137
138
139
140
141
142
143
144
145
146
147
148
149
150
151
152
153
154
155
156
157
158
159
160
161
162
163
164
165
166
167
168
169
170
171
172
173
174
175
176
177
178
179
180
181
182
183
184
185
186
187
188
189
190
191
192
193
194
195
196
197
198
199
200
201
202
203
204
205
206
207
208
209
210
211
212
213
214
215
216
217
218
219
220
221
222
223
224
225
226
227
228
229
230
231
232
233
234
235
236
237
238
239
240
241
242
243
244
245
246
247
248
249
250
251
252
253
254
255
256
257
258
259
260
261
262
263
264
265
266
267
268
269
270
271
272
273
274
275
276
277
278
279
280
281
282
283
284
285
286
287
288
289
290
291
292
293
294
295
296
297
298
299
300
301
302
303
304
305
306
307
308
309
310
311
312
313
314
315
316
317
318
319
320
321
322
323
324
325
326
327
328
329
330
331
332
333
334
335
336
337
338
339
340
341
342
343
344
345
346
347
348
349
350
351
352
353
354
355
356
357
358
359
360
361
362
363
364
365
366
367
368
369
370
371
372
373
374
375
376
377
378
379
380
381
382
383
384
385
386
387
388
389
390
391
392
393
394
395
396
397
398
399
#Edges
(0, 129)
(0, 13)
(0, 273)
(0, 26)
(0, 28)
(0, 159)
(0, 288)
(0, 294)
(0, 170)
(0, 172)
(0, 301)
(0, 177)
(0, 178)
(0, 58)
(0, 316)
(0, 319)
(0, 192)
(0, 66)
(0, 200)
(0, 333)
(0, 334)
(0, 248)
(0, 212)
(0, 206)
(0, 88)
(0, 91)
(0, 348)
(0, 93)
(0, 100)
(0, 357)
(0, 231)
(0, 109)
(0, 368)
(0, 371)
(0, 117)
(0, 376)
(0, 379)
(0, 126)
(1, 256)
(1, 136)
(1, 265)
(1, 396)
(1, 397)
(1, 398)
(1, 271)
(1, 216)
(1, 147)
(1, 277)
(1, 23)
(1, 282)
(1, 47)
(1, 156)
(1, 30)
(1, 291)
(1, 292)
(1, 41)
(1, 303)
(1, 309)
(1, 56)
(1, 59)
(1, 245)
(1, 181)
(1, 322)
(1, 118)
(1, 225)
(1, 328)
(1, 73)
(1, 330)
(1, 79)
(1, 80)
(1, 344)
(1, 345)
(1, 94)
(1, 353)
(1, 105)
(1, 236)
(1, 365)
(1, 112)
(1, 254)
(1, 374)
(1, 375)
(1, 122)
(1, 251)
(1, 382)
(1, 127)
(2, 68)
(2, 258)
(2, 388)
(2, 133)
(2, 268)
(2, 13)
(2, 77)
(2, 273)
(2, 18)
(2, 281)
(2, 26)
(2, 28)
(2, 36)
(2, 39)
(2, 92)
(2, 50)
(2, 175)
(2, 177)
(2, 178)
(2, 180)
(2, 53)
(2, 55)
(2, 313)
(2, 58)
(2, 66)
(2, 323)
(2, 196)
(2, 197)
(2, 12)
(2, 74)
(2, 119)
(2, 333)
(2, 206)
(2, 207)
(2, 208)
(2, 339)
(2, 212)
(2, 78)
(2, 348)
(2, 96)
(2, 97)
(2, 359)
(2, 233)
(2, 109)
(2, 367)
(2, 368)
(2, 117)
(2, 361)
(2, 248)
(2, 84)
(2, 379)
(2, 252)
(3, 260)
(3, 390)
(3, 7)
(3, 15)
(3, 17)
(3, 19)
(3, 21)
(3, 286)
(3, 31)
(3, 161)
(3, 173)
(3, 48)
(3, 183)
(3, 312)
(3, 64)
(3, 335)
(3, 211)
(3, 341)
(3, 214)
(3, 223)
(3, 110)
(3, 111)
(3, 369)
(3, 242)
(3, 372)
(3, 249)
(3, 378)
(3, 380)
(3, 255)
(4, 385)
(4, 132)
(4, 8)
(4, 137)
(4, 267)
(4, 143)
(4, 11)
(4, 146)
(4, 9)
(4, 25)
(4, 297)
(4, 300)
(4, 311)
(4, 186)
(4, 60)
(4, 65)
(4, 194)
(4, 139)
(4, 198)
(4, 336)
(4, 227)
(4, 95)
(4, 99)
(4, 363)
(4, 121)
(5, 384)
(5, 171)
(5, 260)
(5, 390)
(5, 7)
(5, 393)
(5, 12)
(5, 150)
(5, 23)
(5, 26)
(5, 155)
(5, 284)
(5, 30)
(5, 292)
(5, 134)
(5, 40)
(5, 156)
(5, 170)
(5, 199)
(5, 175)
(5, 48)
(5, 72)
(5, 50)
(5, 59)
(5, 183)
(5, 314)
(5, 315)
(5, 64)
(5, 66)
(5, 197)
(5, 327)
(5, 328)
(5, 73)
(5, 341)
(5, 164)
(5, 93)
(5, 222)
(5, 229)
(5, 352)
(5, 98)
(5, 379)
(5, 356)
(5, 357)
(5, 230)
(5, 233)
(5, 234)
(5, 237)
(5, 111)
(5, 113)
(5, 116)
(5, 187)
(5, 378)
(5, 251)
(6, 385)
(6, 130)
(6, 9)
(6, 394)
(6, 267)
(6, 140)
(6, 141)
(6, 16)
(6, 278)
(6, 89)
(6, 283)
(6, 160)
(6, 35)
(6, 293)
(6, 299)
(6, 45)
(6, 176)
(6, 49)
(6, 10)
(6, 54)
(6, 57)
(6, 266)
(6, 317)
(6, 65)
(6, 324)
(6, 198)
(6, 332)
(6, 340)
(6, 342)
(6, 217)
(6, 186)
(6, 95)
(6, 102)
(6, 360)
(6, 106)
(6, 235)
(6, 366)
(6, 125)
(6, 104)
(6, 114)
(6, 243)
(6, 244)
(6, 247)
(6, 250)
(6, 381)
(7, 384)
(7, 260)
(7, 390)
(7, 15)
(7, 279)
(7, 155)
(7, 284)
(7, 31)
(7, 164)
(7, 37)
(7, 113)
(7, 40)
(7, 170)
(7, 171)
(7, 48)
(7, 183)
(7, 312)
(7, 314)
(7, 64)
(7, 327)
(7, 72)
(7, 76)
(7, 82)
(7, 341)
(7, 214)
(7, 199)
(7, 98)
(7, 234)
(7, 237)
(7, 111)
(7, 369)
(7, 242)
(7, 116)
(7, 378)
(7, 380)
(7, 255)
(8, 385)
(8, 132)
(8, 137)
(8, 267)
(8, 143)
(8, 11)
(8, 146)
(8, 9)
(8, 25)
(8, 32)
(8, 162)
(8, 297)
(8, 300)
(8, 51)
(8, 311)
(8, 186)
(8, 60)
(8, 65)
(8, 194)
(8, 139)
(8, 198)
(8, 336)
(8, 227)
(8, 95)
(8, 99)
(8, 363)
(8, 121)
(9, 385)
(9, 132)
(9, 137)
(9, 267)
(9, 140)
(9, 143)
(9, 11)
(9, 146)
(9, 278)
(9, 25)
(9, 283)
(9, 32)
(9, 162)
(9, 293)
(9, 297)
(9, 300)
(9, 51)
(9, 311)
(9, 186)
(9, 60)
(9, 65)
(9, 194)
(9, 139)
(9, 198)
(9, 205)
(9, 336)
(9, 99)
(9, 342)
(9, 95)
(9, 226)
(9, 227)
(9, 102)
(9, 104)
(9, 363)
(9, 121)
(10, 130)
(10, 266)
(10, 141)
(10, 16)
(10, 278)
(10, 89)
(10, 160)
(10, 293)
(10, 45)
(10, 125)
(10, 176)
(10, 52)
(10, 54)
(10, 57)
(10, 394)
(10, 63)
(10, 65)
(10, 195)
(10, 324)
(10, 325)
(10, 75)
(10, 340)
(10, 217)
(10, 346)
(10, 102)
(10, 103)
(10, 360)
(10, 106)
(10, 235)
(10, 108)
(10, 366)
(10, 317)
(10, 104)
(10, 114)
(10, 243)
(10, 244)
(10, 247)
(10, 381)
(11, 194)
(11, 227)
(11, 132)
(11, 165)
(11, 326)
(11, 297)
(11, 363)
(11, 143)
(11, 336)
(11, 146)
(11, 99)
(11, 139)
(11, 311)
(11, 137)
(11, 121)
(11, 25)
(11, 60)
(12, 384)
(12, 258)
(12, 388)
(12, 134)
(12, 393)
(12, 268)
(12, 273)
(12, 18)
(12, 150)
(12, 26)
(12, 284)
(12, 288)
(12, 164)
(12, 39)
(12, 40)
(12, 170)
(12, 171)
(12, 50)
(12, 175)
(12, 178)
(12, 53)
(12, 55)
(12, 58)
(12, 315)
(12, 316)
(12, 319)
(12, 96)
(12, 66)
(12, 196)
(12, 197)
(12, 199)
(12, 72)
(12, 206)
(12, 208)
(12, 212)
(12, 36)
(12, 92)
(12, 93)
(12, 222)
(12, 229)
(12, 352)
(12, 98)
(12, 187)
(12, 356)
(12, 357)
(12, 231)
(12, 233)
(12, 109)
(12, 113)
(12, 116)
(12, 84)
(12, 379)
(13, 387)
(13, 133)
(13, 152)
(13, 281)
(13, 28)
(13, 159)
(13, 294)
(13, 301)
(13, 177)
(13, 180)
(13, 53)
(13, 313)
(13, 191)
(13, 323)
(13, 200)
(13, 333)
(13, 334)
(13, 77)
(13, 339)
(13, 212)
(13, 206)
(13, 88)
(13, 91)
(13, 348)
(13, 97)
(13, 359)
(13, 361)
(13, 109)
(13, 368)
(13, 117)
(13, 248)
(13, 252)
(13, 126)
(14, 128)
(14, 257)
(14, 389)
(14, 136)
(14, 265)
(14, 215)
(14, 396)
(14, 399)
(14, 145)
(14, 274)
(14, 276)
(14, 110)
(14, 56)
(14, 23)
(14, 282)
(14, 47)
(14, 156)
(14, 287)
(14, 161)
(14, 167)
(14, 173)
(14, 303)
(14, 48)
(14, 309)
(14, 312)
(14, 245)
(14, 321)
(14, 322)
(14, 203)
(14, 181)
(14, 15)
(14, 331)
(14, 80)
(14, 209)
(14, 213)
(14, 343)
(14, 271)
(14, 225)
(14, 228)
(14, 362)
(14, 107)
(14, 238)
(14, 382)
(14, 374)
(14, 375)
(14, 148)
(14, 122)
(14, 124)
(14, 254)
(14, 127)
(15, 128)
(15, 260)
(15, 390)
(15, 136)
(15, 265)
(15, 274)
(15, 19)
(15, 276)
(15, 110)
(15, 23)
(15, 282)
(15, 287)
(15, 161)
(15, 21)
(15, 164)
(15, 199)
(15, 173)
(15, 48)
(15, 183)
(15, 312)
(15, 116)
(15, 31)
(15, 64)
(15, 327)
(15, 56)
(15, 211)
(15, 341)
(15, 214)
(15, 223)
(15, 225)
(15, 228)
(15, 230)
(15, 234)
(15, 237)
(15, 238)
(15, 111)
(15, 242)
(15, 372)
(15, 148)
(15, 378)
(15, 251)
(15, 380)
(15, 255)
(16, 130)
(16, 137)
(16, 266)
(16, 278)
(16, 160)
(16, 293)
(16, 45)
(16, 57)
(16, 317)
(16, 65)
(16, 324)
(16, 325)
(16, 75)
(16, 340)
(16, 102)
(16, 104)
(16, 235)
(16, 108)
(16, 366)
(16, 381)
(16, 114)
(16, 243)
(16, 247)
(16, 125)
(17, 19)
(17, 321)
(17, 228)
(17, 167)
(17, 203)
(17, 269)
(17, 335)
(17, 173)
(17, 211)
(17, 372)
(17, 21)
(17, 214)
(17, 249)
(17, 276)
(17, 223)
(17, 189)
(17, 286)
(17, 255)
(18, 258)
(18, 131)
(18, 388)
(18, 134)
(18, 392)
(18, 393)
(18, 138)
(18, 268)
(18, 68)
(18, 33)
(18, 290)
(18, 163)
(18, 36)
(18, 39)
(18, 168)
(18, 175)
(18, 264)
(18, 50)
(18, 53)
(18, 310)
(18, 201)
(18, 315)
(18, 96)
(18, 196)
(18, 197)
(18, 329)
(18, 202)
(18, 55)
(18, 207)
(18, 208)
(18, 84)
(18, 90)
(18, 347)
(18, 92)
(18, 222)
(18, 352)
(18, 356)
(18, 229)
(18, 232)
(18, 233)
(18, 367)
(18, 370)
(18, 119)
(19, 64)
(19, 31)
(19, 111)
(19, 173)
(19, 335)
(19, 369)
(19, 242)
(19, 211)
(19, 372)
(19, 21)
(19, 214)
(19, 312)
(19, 249)
(19, 223)
(19, 380)
(19, 286)
(19, 255)
(20, 386)
(20, 131)
(20, 262)
(20, 392)
(20, 394)
(20, 395)
(20, 141)
(20, 270)
(20, 138)
(20, 272)
(20, 151)
(20, 280)
(20, 153)
(20, 90)
(20, 33)
(20, 290)
(20, 163)
(20, 49)
(20, 296)
(20, 42)
(20, 174)
(20, 176)
(20, 264)
(20, 306)
(20, 307)
(20, 308)
(20, 310)
(20, 201)
(20, 266)
(20, 318)
(20, 63)
(20, 193)
(20, 69)
(20, 71)
(20, 54)
(20, 329)
(20, 202)
(20, 204)
(20, 115)
(20, 35)
(20, 85)
(20, 217)
(20, 218)
(20, 347)
(20, 351)
(20, 144)
(20, 358)
(20, 360)
(20, 106)
(20, 168)
(20, 370)
(20, 243)
(20, 244)
(20, 62)
(20, 89)
(20, 377)
(21, 31)
(21, 111)
(21, 173)
(21, 269)
(21, 335)
(21, 369)
(21, 242)
(21, 211)
(21, 372)
(21, 214)
(21, 312)
(21, 249)
(21, 223)
(21, 380)
(21, 189)
(21, 286)
(21, 255)
(22, 256)
(22, 259)
(22, 391)
(22, 397)
(22, 143)
(22, 147)
(22, 149)
(22, 24)
(22, 285)
(22, 32)
(22, 289)
(22, 34)
(22, 166)
(22, 295)
(22, 297)
(22, 298)
(22, 135)
(22, 302)
(22, 157)
(22, 305)
(22, 51)
(22, 309)
(22, 182)
(22, 185)
(22, 188)
(22, 61)
(22, 320)
(22, 67)
(22, 118)
(22, 79)
(22, 81)
(22, 338)
(22, 344)
(22, 345)
(22, 219)
(22, 349)
(22, 350)
(22, 353)
(22, 226)
(22, 355)
(22, 38)
(22, 364)
(22, 246)
(22, 121)
(22, 123)
(23, 128)
(23, 136)
(23, 265)
(23, 396)
(23, 399)
(23, 274)
(23, 148)
(23, 277)
(23, 282)
(23, 47)
(23, 156)
(23, 30)
(23, 31)
(23, 161)
(23, 110)
(23, 291)
(23, 292)
(23, 199)
(23, 303)
(23, 48)
(23, 181)
(23, 312)
(23, 187)
(23, 322)
(23, 327)
(23, 328)
(23, 73)
(23, 80)
(23, 56)
(23, 216)
(23, 164)
(23, 271)
(23, 122)
(23, 225)
(23, 98)
(23, 59)
(23, 228)
(23, 230)
(23, 234)
(23, 237)
(23, 238)
(23, 111)
(23, 112)
(23, 242)
(23, 116)
(23, 382)
(23, 374)
(23, 375)
(23, 378)
(23, 251)
(23, 254)
(23, 127)
(24, 256)
(24, 391)
(24, 397)
(24, 216)
(24, 147)
(24, 149)
(24, 157)
(24, 32)
(24, 289)
(24, 34)
(24, 166)
(24, 295)
(24, 298)
(24, 135)
(24, 302)
(24, 305)
(24, 309)
(24, 182)
(24, 185)
(24, 188)
(24, 181)
(24, 320)
(24, 322)
(24, 79)
(24, 80)
(24, 81)
(24, 338)
(24, 344)
(24, 345)
(24, 219)
(24, 349)
(24, 350)
(24, 353)
(24, 38)
(24, 245)
(24, 118)
(24, 123)
(24, 382)
(25, 194)
(25, 227)
(25, 132)
(25, 165)
(25, 326)
(25, 297)
(25, 363)
(25, 60)
(25, 336)
(25, 146)
(25, 99)
(25, 373)
(25, 311)
(25, 137)
(25, 121)
(25, 70)
(26, 384)
(26, 129)
(26, 258)
(26, 388)
(26, 134)
(26, 268)
(26, 273)
(26, 150)
(26, 284)
(26, 159)
(26, 288)
(26, 36)
(26, 39)
(26, 40)
(26, 170)
(26, 171)
(26, 172)
(26, 301)
(26, 175)
(26, 177)
(26, 178)
(26, 53)
(26, 313)
(26, 58)
(26, 315)
(26, 316)
(26, 319)
(26, 96)
(26, 66)
(26, 323)
(26, 197)
(26, 72)
(26, 333)
(26, 206)
(26, 208)
(26, 248)
(26, 212)
(26, 91)
(26, 92)
(26, 93)
(26, 222)
(26, 229)
(26, 352)
(26, 98)
(26, 50)
(26, 100)
(26, 357)
(26, 231)
(26, 233)
(26, 109)
(26, 368)
(26, 113)
(26, 117)
(26, 376)
(26, 379)
(27, 386)
(27, 131)
(27, 133)
(27, 262)
(27, 270)
(27, 290)
(27, 163)
(27, 46)
(27, 308)
(27, 180)
(27, 190)
(27, 68)
(27, 71)
(27, 74)
(27, 204)
(27, 78)
(27, 207)
(27, 85)
(27, 87)
(27, 354)
(27, 359)
(27, 367)
(27, 370)
(27, 62)
(27, 119)
(27, 253)
(27, 383)
(28, 387)
(28, 133)
(28, 152)
(28, 281)
(28, 159)
(28, 294)
(28, 301)
(28, 177)
(28, 180)
(28, 53)
(28, 313)
(28, 191)
(28, 323)
(28, 200)
(28, 333)
(28, 334)
(28, 77)
(28, 339)
(28, 212)
(28, 206)
(28, 88)
(28, 91)
(28, 348)
(28, 97)
(28, 359)
(28, 361)
(28, 109)
(28, 368)
(28, 117)
(28, 248)
(28, 252)
(28, 126)
(29, 259)
(29, 263)
(29, 142)
(29, 43)
(29, 146)
(29, 285)
(29, 289)
(29, 34)
(29, 165)
(29, 295)
(29, 391)
(29, 70)
(29, 302)
(29, 349)
(29, 304)
(29, 179)
(29, 311)
(29, 184)
(29, 188)
(29, 61)
(29, 67)
(29, 326)
(29, 210)
(29, 227)
(29, 86)
(29, 220)
(29, 221)
(29, 224)
(29, 355)
(29, 101)
(29, 364)
(29, 239)
(29, 241)
(29, 83)
(29, 373)
(29, 246)
(30, 134)
(30, 393)
(30, 398)
(30, 277)
(30, 282)
(30, 156)
(30, 158)
(30, 291)
(30, 292)
(30, 41)
(30, 94)
(30, 59)
(30, 315)
(30, 197)
(30, 199)
(30, 328)
(30, 73)
(30, 330)
(30, 164)
(30, 222)
(30, 352)
(30, 98)
(30, 187)
(30, 356)
(30, 229)
(30, 230)
(30, 105)
(30, 234)
(30, 236)
(30, 237)
(30, 112)
(30, 113)
(30, 374)
(30, 122)
(30, 251)
(30, 254)
(31, 260)
(31, 390)
(31, 265)
(31, 110)
(31, 155)
(31, 284)
(31, 161)
(31, 164)
(31, 40)
(31, 199)
(31, 173)
(31, 48)
(31, 183)
(31, 312)
(31, 116)
(31, 314)
(31, 64)
(31, 327)
(31, 72)
(31, 76)
(31, 82)
(31, 211)
(31, 341)
(31, 214)
(31, 223)
(31, 225)
(31, 98)
(31, 228)
(31, 230)
(31, 234)
(31, 237)
(31, 238)
(31, 111)
(31, 369)
(31, 242)
(31, 372)
(31, 378)
(31, 251)
(31, 380)
(31, 255)
(32, 259)
(32, 391)
(32, 44)
(32, 139)
(32, 143)
(32, 34)
(32, 146)
(32, 147)
(32, 154)
(32, 285)
(32, 289)
(32, 162)
(32, 99)
(32, 166)
(32, 295)
(32, 297)
(32, 298)
(32, 300)
(32, 302)
(32, 305)
(32, 51)
(32, 182)
(32, 185)
(32, 186)
(32, 60)
(32, 61)
(32, 320)
(32, 194)
(32, 205)
(32, 79)
(32, 81)
(32, 338)
(32, 227)
(32, 342)
(32, 345)
(32, 349)
(32, 350)
(32, 226)
(32, 355)
(32, 38)
(32, 365)
(32, 373)
(32, 246)
(32, 120)
(32, 121)
(32, 123)
(33, 261)
(33, 392)
(33, 393)
(33, 138)
(33, 140)
(33, 398)
(33, 144)
(33, 158)
(33, 163)
(33, 49)
(33, 168)
(33, 41)
(33, 42)
(33, 299)
(33, 176)
(33, 264)
(33, 94)
(33, 310)
(33, 329)
(33, 196)
(33, 201)
(33, 202)
(33, 332)
(33, 90)
(33, 347)
(33, 222)
(33, 356)
(33, 232)
(33, 105)
(33, 236)
(33, 250)
(34, 51)
(34, 259)
(34, 391)
(34, 142)
(34, 143)
(34, 146)
(34, 147)
(34, 149)
(34, 285)
(34, 289)
(34, 162)
(34, 166)
(34, 295)
(34, 297)
(34, 298)
(34, 135)
(34, 302)
(34, 349)
(34, 304)
(34, 305)
(34, 179)
(34, 182)
(34, 184)
(34, 185)
(34, 188)
(34, 61)
(34, 320)
(34, 194)
(34, 67)
(34, 81)
(34, 338)
(34, 221)
(34, 350)
(34, 353)
(34, 226)
(34, 355)
(34, 101)
(34, 38)
(34, 364)
(34, 240)
(34, 373)
(34, 246)
(34, 121)
(34, 123)
(35, 386)
(35, 131)
(35, 262)
(35, 392)
(35, 394)
(35, 395)
(35, 141)
(35, 272)
(35, 275)
(35, 151)
(35, 280)
(35, 153)
(35, 90)
(35, 69)
(35, 163)
(35, 168)
(35, 42)
(35, 114)
(35, 174)
(35, 176)
(35, 49)
(35, 306)
(35, 307)
(35, 308)
(35, 310)
(35, 201)
(35, 52)
(35, 266)
(35, 318)
(35, 63)
(35, 193)
(35, 204)
(35, 130)
(35, 54)
(35, 329)
(35, 202)
(35, 332)
(35, 115)
(35, 217)
(35, 218)
(35, 347)
(35, 351)
(35, 144)
(35, 358)
(35, 360)
(35, 106)
(35, 317)
(35, 104)
(35, 370)
(35, 243)
(35, 244)
(35, 62)
(35, 89)
(35, 247)
(35, 377)
(36, 68)
(36, 258)
(36, 388)
(36, 134)
(36, 264)
(36, 393)
(36, 268)
(36, 273)
(36, 150)
(36, 281)
(36, 288)
(36, 39)
(36, 171)
(36, 50)
(36, 175)
(36, 177)
(36, 178)
(36, 180)
(36, 53)
(36, 55)
(36, 313)
(36, 58)
(36, 315)
(36, 316)
(36, 96)
(36, 66)
(36, 323)
(36, 196)
(36, 197)
(36, 333)
(36, 206)
(36, 207)
(36, 208)
(36, 212)
(36, 92)
(36, 93)
(36, 222)
(36, 229)
(36, 352)
(36, 357)
(36, 359)
(36, 233)
(36, 109)
(36, 368)
(36, 117)
(36, 119)
(36, 248)
(36, 84)
(36, 379)
(36, 252)
(37, 384)
(37, 129)
(37, 260)
(37, 390)
(37, 64)
(37, 279)
(37, 155)
(37, 284)
(37, 288)
(37, 40)
(37, 170)
(37, 171)
(37, 183)
(37, 314)
(37, 316)
(37, 319)
(37, 192)
(37, 72)
(37, 76)
(37, 82)
(37, 341)
(37, 93)
(37, 100)
(37, 357)
(37, 231)
(37, 369)
(37, 116)
(37, 376)
(38, 256)
(38, 259)
(38, 391)
(38, 397)
(38, 143)
(38, 147)
(38, 149)
(38, 285)
(38, 289)
(38, 166)
(38, 295)
(38, 297)
(38, 298)
(38, 135)
(38, 302)
(38, 305)
(38, 51)
(38, 309)
(38, 182)
(38, 185)
(38, 188)
(38, 61)
(38, 320)
(38, 67)
(38, 118)
(38, 79)
(38, 81)
(38, 338)
(38, 344)
(38, 345)
(38, 219)
(38, 349)
(38, 350)
(38, 353)
(38, 226)
(38, 355)
(38, 364)
(38, 240)
(38, 246)
(38, 121)
(38, 123)
(39, 68)
(39, 258)
(39, 131)
(39, 388)
(39, 134)
(39, 264)
(39, 138)
(39, 268)
(39, 281)
(39, 290)
(39, 163)
(39, 50)
(39, 175)
(39, 177)
(39, 178)
(39, 180)
(39, 53)
(39, 55)
(39, 313)
(39, 58)
(39, 315)
(39, 190)
(39, 96)
(39, 323)
(39, 196)
(39, 197)
(39, 74)
(39, 333)
(39, 78)
(39, 207)
(39, 208)
(39, 212)
(39, 87)
(39, 347)
(39, 92)
(39, 222)
(39, 352)
(39, 229)
(39, 359)
(39, 233)
(39, 109)
(39, 367)
(39, 368)
(39, 370)
(39, 119)
(39, 84)
(39, 379)
(39, 252)
(39, 253)
(39, 383)
(40, 384)
(40, 171)
(40, 260)
(40, 390)
(40, 150)
(40, 279)
(40, 155)
(40, 284)
(40, 164)
(40, 134)
(40, 170)
(40, 199)
(40, 50)
(40, 175)
(40, 48)
(40, 178)
(40, 183)
(40, 314)
(40, 187)
(40, 64)
(40, 66)
(40, 327)
(40, 72)
(40, 76)
(40, 82)
(40, 58)
(40, 341)
(40, 93)
(40, 229)
(40, 98)
(40, 379)
(40, 356)
(40, 357)
(40, 230)
(40, 231)
(40, 233)
(40, 234)
(40, 237)
(40, 111)
(40, 113)
(40, 116)
(40, 378)
(40, 251)
(41, 256)
(41, 261)
(41, 393)
(41, 140)
(41, 398)
(41, 147)
(41, 277)
(41, 154)
(41, 283)
(41, 156)
(41, 158)
(41, 162)
(41, 291)
(41, 292)
(41, 299)
(41, 300)
(41, 44)
(41, 59)
(41, 202)
(41, 328)
(41, 73)
(41, 330)
(41, 205)
(41, 79)
(41, 338)
(41, 342)
(41, 216)
(41, 345)
(41, 90)
(41, 122)
(41, 94)
(41, 226)
(41, 356)
(41, 232)
(41, 105)
(41, 236)
(41, 365)
(41, 112)
(41, 374)
(41, 120)
(41, 250)
(42, 386)
(42, 131)
(42, 262)
(42, 392)
(42, 394)
(42, 395)
(42, 141)
(42, 270)
(42, 138)
(42, 272)
(42, 151)
(42, 280)
(42, 153)
(42, 90)
(42, 69)
(42, 290)
(42, 163)
(42, 49)
(42, 168)
(42, 174)
(42, 176)
(42, 264)
(42, 306)
(42, 307)
(42, 308)
(42, 310)
(42, 201)
(42, 266)
(42, 318)
(42, 63)
(42, 193)
(42, 204)
(42, 54)
(42, 329)
(42, 202)
(42, 332)
(42, 85)
(42, 89)
(42, 218)
(42, 347)
(42, 351)
(42, 144)
(42, 358)
(42, 360)
(42, 106)
(42, 232)
(42, 370)
(42, 244)
(42, 62)
(42, 377)
(43, 259)
(43, 263)
(43, 142)
(43, 285)
(43, 289)
(43, 165)
(43, 295)
(43, 391)
(43, 302)
(43, 304)
(43, 179)
(43, 184)
(43, 185)
(43, 188)
(43, 61)
(43, 67)
(43, 70)
(43, 210)
(43, 83)
(43, 86)
(43, 220)
(43, 221)
(43, 224)
(43, 355)
(43, 101)
(43, 364)
(43, 239)
(43, 240)
(43, 241)
(43, 373)
(43, 246)
(44, 256)
(44, 385)
(44, 261)
(44, 267)
(44, 140)
(44, 398)
(44, 143)
(44, 147)
(44, 154)
(44, 283)
(44, 158)
(44, 162)
(44, 291)
(44, 166)
(44, 297)
(44, 299)
(44, 300)
(44, 305)
(44, 51)
(44, 186)
(44, 320)
(44, 139)
(44, 198)
(44, 330)
(44, 205)
(44, 79)
(44, 338)
(44, 342)
(44, 345)
(44, 95)
(44, 226)
(44, 105)
(44, 236)
(44, 365)
(44, 112)
(44, 120)
(44, 121)
(44, 250)
(45, 130)
(45, 137)
(45, 266)
(45, 267)
(45, 141)
(45, 278)
(45, 89)
(45, 160)
(45, 293)
(45, 125)
(45, 176)
(45, 54)
(45, 57)
(45, 394)
(45, 65)
(45, 324)
(45, 325)
(45, 75)
(45, 332)
(45, 340)
(45, 217)
(45, 346)
(45, 102)
(45, 103)
(45, 360)
(45, 106)
(45, 235)
(45, 108)
(45, 366)
(45, 317)
(45, 104)
(45, 114)
(45, 243)
(45, 244)
(45, 247)
(45, 381)
(46, 386)
(46, 131)
(46, 262)
(46, 395)
(46, 270)
(46, 280)
(46, 290)
(46, 163)
(46, 296)
(46, 308)
(46, 190)
(46, 68)
(46, 71)
(46, 74)
(46, 62)
(46, 204)
(46, 78)
(46, 207)
(46, 85)
(46, 87)
(46, 347)
(46, 351)
(46, 354)
(46, 367)
(46, 370)
(46, 318)
(46, 119)
(46, 377)
(46, 253)
(46, 383)
(47, 256)
(47, 257)
(47, 389)
(47, 136)
(47, 265)
(47, 128)
(47, 215)
(47, 396)
(47, 397)
(47, 399)
(47, 216)
(47, 274)
(47, 148)
(47, 277)
(47, 282)
(47, 156)
(47, 157)
(47, 287)
(47, 219)
(47, 303)
(47, 309)
(47, 56)
(47, 245)
(47, 181)
(47, 322)
(47, 118)
(47, 225)
(47, 331)
(47, 80)
(47, 209)
(47, 213)
(47, 343)
(47, 344)
(47, 271)
(47, 353)
(47, 228)
(47, 145)
(47, 362)
(47, 107)
(47, 254)
(47, 374)
(47, 375)
(47, 122)
(47, 124)
(47, 382)
(47, 127)
(48, 128)
(48, 260)
(48, 390)
(48, 136)
(48, 265)
(48, 274)
(48, 276)
(48, 110)
(48, 282)
(48, 156)
(48, 161)
(48, 164)
(48, 199)
(48, 173)
(48, 303)
(48, 183)
(48, 312)
(48, 116)
(48, 187)
(48, 64)
(48, 327)
(48, 56)
(48, 341)
(48, 214)
(48, 225)
(48, 98)
(48, 59)
(48, 228)
(48, 230)
(48, 234)
(48, 237)
(48, 238)
(48, 111)
(48, 242)
(48, 372)
(48, 148)
(48, 378)
(48, 251)
(48, 380)
(48, 255)
(49, 386)
(49, 262)
(49, 392)
(49, 394)
(49, 395)
(49, 141)
(49, 138)
(49, 272)
(49, 151)
(49, 153)
(49, 90)
(49, 293)
(49, 168)
(49, 299)
(49, 114)
(49, 174)
(49, 176)
(49, 306)
(49, 307)
(49, 310)
(49, 201)
(49, 104)
(49, 266)
(49, 318)
(49, 63)
(49, 193)
(49, 267)
(49, 69)
(49, 130)
(49, 54)
(49, 329)
(49, 202)
(49, 332)
(49, 217)
(49, 218)
(49, 347)
(49, 351)
(49, 144)
(49, 102)
(49, 358)
(49, 360)
(49, 106)
(49, 317)
(49, 232)
(49, 370)
(49, 243)
(49, 244)
(49, 89)
(49, 247)
(50, 384)
(50, 258)
(50, 388)
(50, 134)
(50, 264)
(50, 393)
(50, 268)
(50, 273)
(50, 150)
(50, 68)
(50, 284)
(50, 288)
(50, 170)
(50, 171)
(50, 175)
(50, 177)
(50, 178)
(50, 53)
(50, 55)
(50, 313)
(50, 58)
(50, 315)
(50, 316)
(50, 96)
(50, 66)
(50, 323)
(50, 196)
(50, 197)
(50, 333)
(50, 206)
(50, 207)
(50, 208)
(50, 212)
(50, 92)
(50, 93)
(50, 222)
(50, 229)
(50, 352)
(50, 356)
(50, 357)
(50, 233)
(50, 109)
(50, 368)
(50, 113)
(50, 84)
(50, 379)
(51, 385)
(51, 261)
(51, 139)
(51, 140)
(51, 143)
(51, 146)
(51, 147)
(51, 154)
(51, 283)
(51, 162)
(51, 166)
(51, 297)
(51, 299)
(51, 300)
(51, 305)
(51, 182)
(51, 186)
(51, 60)
(51, 320)
(51, 194)
(51, 198)
(51, 205)
(51, 79)
(51, 81)
(51, 338)
(51, 342)
(51, 345)
(51, 349)
(51, 95)
(51, 226)
(51, 99)
(51, 105)
(51, 365)
(51, 246)
(51, 120)
(51, 121)
(51, 250)
(51, 123)
(52, 130)
(52, 115)
(52, 266)
(52, 141)
(52, 272)
(52, 275)
(52, 151)
(52, 280)
(52, 153)
(52, 218)
(52, 69)
(52, 160)
(52, 169)
(52, 174)
(52, 176)
(52, 306)
(52, 307)
(52, 54)
(52, 394)
(52, 63)
(52, 193)
(52, 195)
(52, 325)
(52, 75)
(52, 337)
(52, 340)
(52, 217)
(52, 346)
(52, 358)
(52, 103)
(52, 360)
(52, 235)
(52, 108)
(52, 366)
(52, 243)
(52, 244)
(52, 89)
(52, 247)
(52, 381)
(53, 68)
(53, 258)
(53, 388)
(53, 133)
(53, 264)
(53, 268)
(53, 273)
(53, 281)
(53, 92)
(53, 175)
(53, 177)
(53, 178)
(53, 180)
(53, 55)
(53, 313)
(53, 58)
(53, 315)
(53, 190)
(53, 96)
(53, 66)
(53, 323)
(53, 196)
(53, 197)
(53, 74)
(53, 333)
(53, 206)
(53, 207)
(53, 208)
(53, 339)
(53, 212)
(53, 78)
(53, 87)
(53, 348)
(53, 352)
(53, 97)
(53, 359)
(53, 233)
(53, 109)
(53, 367)
(53, 368)
(53, 119)
(53, 248)
(53, 84)
(53, 379)
(53, 252)
(53, 383)
(54, 130)
(54, 392)
(54, 394)
(54, 267)
(54, 141)
(54, 272)
(54, 275)
(54, 278)
(54, 151)
(54, 153)
(54, 160)
(54, 293)
(54, 174)
(54, 176)
(54, 306)
(54, 307)
(54, 310)
(54, 201)
(54, 57)
(54, 266)
(54, 317)
(54, 63)
(54, 193)
(54, 395)
(54, 69)
(54, 329)
(54, 332)
(54, 340)
(54, 217)
(54, 218)
(54, 351)
(54, 144)
(54, 102)
(54, 358)
(54, 103)
(54, 360)
(54, 106)
(54, 366)
(54, 104)
(54, 114)
(54, 243)
(54, 244)
(54, 89)
(54, 247)
(54, 381)
(55, 68)
(55, 258)
(55, 131)
(55, 388)
(55, 134)
(55, 392)
(55, 138)
(55, 268)
(55, 281)
(55, 290)
(55, 163)
(55, 168)
(55, 175)
(55, 264)
(55, 180)
(55, 310)
(55, 313)
(55, 315)
(55, 190)
(55, 96)
(55, 323)
(55, 196)
(55, 197)
(55, 329)
(55, 74)
(55, 333)
(55, 78)
(55, 207)
(55, 208)
(55, 212)
(55, 87)
(55, 347)
(55, 92)
(55, 222)
(55, 352)
(55, 229)
(55, 359)
(55, 233)
(55, 367)
(55, 370)
(55, 119)
(55, 84)
(55, 379)
(55, 252)
(55, 253)
(55, 383)
(56, 256)
(56, 128)
(56, 136)
(56, 265)
(56, 396)
(56, 399)
(56, 216)
(56, 274)
(56, 148)
(56, 277)
(56, 282)
(56, 156)
(56, 287)
(56, 161)
(56, 110)
(56, 291)
(56, 292)
(56, 303)
(56, 309)
(56, 312)
(56, 59)
(56, 245)
(56, 181)
(56, 322)
(56, 118)
(56, 327)
(56, 328)
(56, 73)
(56, 330)
(56, 80)
(56, 213)
(56, 344)
(56, 345)
(56, 271)
(56, 225)
(56, 228)
(56, 230)
(56, 234)
(56, 107)
(56, 237)
(56, 238)
(56, 112)
(56, 254)
(56, 374)
(56, 375)
(56, 122)
(56, 251)
(56, 382)
(56, 127)
(57, 130)
(57, 137)
(57, 266)
(57, 267)
(57, 141)
(57, 278)
(57, 89)
(57, 160)
(57, 293)
(57, 317)
(57, 65)
(57, 324)
(57, 325)
(57, 75)
(57, 332)
(57, 340)
(57, 217)
(57, 346)
(57, 102)
(57, 360)
(57, 106)
(57, 235)
(57, 108)
(57, 366)
(57, 125)
(57, 104)
(57, 114)
(57, 243)
(57, 244)
(57, 247)
(57, 381)
(58, 384)
(58, 129)
(58, 258)
(58, 388)
(58, 134)
(58, 268)
(58, 273)
(58, 150)
(58, 284)
(58, 159)
(58, 288)
(58, 294)
(58, 170)
(58, 171)
(58, 172)
(58, 301)
(58, 175)
(58, 177)
(58, 178)
(58, 313)
(58, 315)
(58, 316)
(58, 319)
(58, 192)
(58, 96)
(58, 66)
(58, 323)
(58, 197)
(58, 72)
(58, 333)
(58, 206)
(58, 248)
(58, 212)
(58, 91)
(58, 92)
(58, 93)
(58, 229)
(58, 352)
(58, 100)
(58, 357)
(58, 231)
(58, 233)
(58, 109)
(58, 368)
(58, 113)
(58, 371)
(58, 117)
(58, 376)
(58, 379)
(58, 126)
(59, 256)
(59, 393)
(59, 271)
(59, 277)
(59, 282)
(59, 156)
(59, 110)
(59, 291)
(59, 292)
(59, 199)
(59, 303)
(59, 265)
(59, 187)
(59, 322)
(59, 327)
(59, 328)
(59, 73)
(59, 330)
(59, 216)
(59, 164)
(59, 94)
(59, 225)
(59, 98)
(59, 356)
(59, 230)
(59, 234)
(59, 236)
(59, 237)
(59, 238)
(59, 112)
(59, 374)
(59, 375)
(59, 122)
(59, 251)
(59, 254)
(59, 127)
(60, 385)
(60, 132)
(60, 137)
(60, 267)
(60, 143)
(60, 146)
(60, 162)
(60, 326)
(60, 297)
(60, 300)
(60, 311)
(60, 186)
(60, 65)
(60, 194)
(60, 139)
(60, 198)
(60, 336)
(60, 227)
(60, 95)
(60, 99)
(60, 363)
(60, 121)
(61, 259)
(61, 263)
(61, 142)
(61, 146)
(61, 149)
(61, 285)
(61, 289)
(61, 165)
(61, 295)
(61, 297)
(61, 298)
(61, 391)
(61, 70)
(61, 302)
(61, 221)
(61, 304)
(61, 305)
(61, 179)
(61, 184)
(61, 185)
(61, 188)
(61, 67)
(61, 326)
(61, 81)
(61, 210)
(61, 83)
(61, 86)
(61, 220)
(61, 349)
(61, 350)
(61, 224)
(61, 355)
(61, 101)
(61, 364)
(61, 239)
(61, 240)
(61, 241)
(61, 373)
(61, 246)
(61, 121)
(61, 123)
(62, 386)
(62, 131)
(62, 262)
(62, 395)
(62, 270)
(62, 272)
(62, 151)
(62, 280)
(62, 153)
(62, 290)
(62, 163)
(62, 296)
(62, 169)
(62, 174)
(62, 306)
(62, 307)
(62, 308)
(62, 310)
(62, 201)
(62, 318)
(62, 193)
(62, 69)
(62, 71)
(62, 329)
(62, 204)
(62, 78)
(62, 85)
(62, 87)
(62, 347)
(62, 351)
(62, 144)
(62, 354)
(62, 358)
(62, 367)
(62, 370)
(62, 115)
(62, 190)
(62, 377)
(62, 253)
(62, 383)
(63, 130)
(63, 115)
(63, 266)
(63, 141)
(63, 272)
(63, 275)
(63, 151)
(63, 280)
(63, 153)
(63, 346)
(63, 69)
(63, 160)
(63, 169)
(63, 174)
(63, 176)
(63, 306)
(63, 307)
(63, 394)
(63, 318)
(63, 193)
(63, 195)
(63, 325)
(63, 75)
(63, 337)
(63, 340)
(63, 217)
(63, 218)
(63, 351)
(63, 144)
(63, 358)
(63, 103)
(63, 360)
(63, 106)
(63, 108)
(63, 366)
(63, 114)
(63, 243)
(63, 244)
(63, 89)
(63, 247)
(63, 381)
(64, 384)
(64, 171)
(64, 260)
(64, 390)
(64, 110)
(64, 279)
(64, 155)
(64, 284)
(64, 164)
(64, 113)
(64, 170)
(64, 199)
(64, 173)
(64, 183)
(64, 312)
(64, 116)
(64, 314)
(64, 327)
(64, 72)
(64, 76)
(64, 82)
(64, 341)
(64, 214)
(64, 223)
(64, 98)
(64, 230)
(64, 234)
(64, 237)
(64, 238)
(64, 111)
(64, 369)
(64, 242)
(64, 372)
(64, 378)
(64, 251)
(64, 380)
(64, 255)
(65, 130)
(65, 132)
(65, 137)
(65, 266)
(65, 267)
(65, 278)
(65, 160)
(65, 293)
(65, 317)
(65, 324)
(65, 336)
(65, 340)
(65, 99)
(65, 102)
(65, 104)
(65, 235)
(65, 108)
(65, 366)
(65, 381)
(65, 114)
(65, 247)
(65, 125)
(66, 384)
(66, 129)
(66, 258)
(66, 388)
(66, 134)
(66, 268)
(66, 273)
(66, 150)
(66, 284)
(66, 159)
(66, 288)
(66, 294)
(66, 170)
(66, 171)
(66, 172)
(66, 301)
(66, 175)
(66, 177)
(66, 178)
(66, 313)
(66, 315)
(66, 316)
(66, 319)
(66, 192)
(66, 96)
(66, 323)
(66, 197)
(66, 72)
(66, 333)
(66, 206)
(66, 248)
(66, 212)
(66, 91)
(66, 93)
(66, 229)
(66, 352)
(66, 100)
(66, 357)
(66, 231)
(66, 233)
(66, 109)
(66, 368)
(66, 113)
(66, 371)
(66, 117)
(66, 376)
(66, 379)
(66, 126)
(67, 259)
(67, 263)
(67, 142)
(67, 149)
(67, 285)
(67, 289)
(67, 165)
(67, 295)
(67, 298)
(67, 391)
(67, 70)
(67, 302)
(67, 349)
(67, 304)
(67, 179)
(67, 184)
(67, 185)
(67, 188)
(67, 326)
(67, 210)
(67, 83)
(67, 86)
(67, 220)
(67, 221)
(67, 350)
(67, 224)
(67, 355)
(67, 101)
(67, 364)
(67, 239)
(67, 240)
(67, 241)
(67, 373)
(67, 246)
(67, 123)
(68, 386)
(68, 131)
(68, 388)
(68, 262)
(68, 392)
(68, 138)
(68, 268)
(68, 258)
(68, 270)
(68, 290)
(68, 163)
(68, 168)
(68, 175)
(68, 264)
(68, 180)
(68, 310)
(68, 201)
(68, 313)
(68, 315)
(68, 190)
(68, 96)
(68, 323)
(68, 196)
(68, 197)
(68, 329)
(68, 74)
(68, 333)
(68, 78)
(68, 207)
(68, 208)
(68, 212)
(68, 87)
(68, 347)
(68, 92)
(68, 222)
(68, 352)
(68, 354)
(68, 359)
(68, 233)
(68, 367)
(68, 370)
(68, 119)
(68, 84)
(68, 252)
(68, 253)
(68, 383)
(69, 386)
(69, 115)
(69, 262)
(69, 394)
(69, 395)
(69, 141)
(69, 272)
(69, 275)
(69, 151)
(69, 280)
(69, 153)
(69, 218)
(69, 296)
(69, 169)
(69, 174)
(69, 176)
(69, 306)
(69, 307)
(69, 308)
(69, 266)
(69, 318)
(69, 193)
(69, 195)
(69, 325)
(69, 130)
(69, 201)
(69, 75)
(69, 204)
(69, 337)
(69, 85)
(69, 217)
(69, 346)
(69, 351)
(69, 144)
(69, 358)
(69, 103)
(69, 360)
(69, 106)
(69, 114)
(69, 243)
(69, 244)
(69, 89)
(69, 247)
(69, 377)
(70, 259)
(70, 391)
(70, 142)
(70, 146)
(70, 285)
(70, 289)
(70, 165)
(70, 295)
(70, 304)
(70, 179)
(70, 311)
(70, 184)
(70, 326)
(70, 210)
(70, 227)
(70, 86)
(70, 220)
(70, 221)
(70, 224)
(70, 355)
(70, 101)
(70, 364)
(70, 239)
(70, 241)
(70, 83)
(70, 373)
(70, 246)
(71, 386)
(71, 131)
(71, 262)
(71, 395)
(71, 270)
(71, 272)
(71, 151)
(71, 280)
(71, 153)
(71, 290)
(71, 163)
(71, 296)
(71, 169)
(71, 174)
(71, 306)
(71, 307)
(71, 308)
(71, 310)
(71, 318)
(71, 193)
(71, 201)
(71, 204)
(71, 78)
(71, 85)
(71, 87)
(71, 347)
(71, 351)
(71, 144)
(71, 354)
(71, 358)
(71, 367)
(71, 370)
(71, 115)
(71, 190)
(71, 377)
(71, 253)
(71, 383)
(72, 384)
(72, 129)
(72, 171)
(72, 260)
(72, 390)
(72, 150)
(72, 279)
(72, 155)
(72, 284)
(72, 288)
(72, 164)
(72, 134)
(72, 113)
(72, 170)
(72, 199)
(72, 178)
(72, 183)
(72, 314)
(72, 187)
(72, 316)
(72, 319)
(72, 192)
(72, 327)
(72, 76)
(72, 82)
(72, 341)
(72, 93)
(72, 98)
(72, 379)
(72, 100)
(72, 357)
(72, 230)
(72, 231)
(72, 234)
(72, 237)
(72, 111)
(72, 369)
(72, 116)
(72, 376)
(72, 378)
(72, 251)
(73, 256)
(73, 393)
(73, 398)
(73, 271)
(73, 277)
(73, 282)
(73, 156)
(73, 158)
(73, 291)
(73, 292)
(73, 199)
(73, 303)
(73, 265)
(73, 187)
(73, 327)
(73, 328)
(73, 330)
(73, 216)
(73, 164)
(73, 94)
(73, 225)
(73, 98)
(73, 356)
(73, 230)
(73, 105)
(73, 234)
(73, 236)
(73, 237)
(73, 238)
(73, 112)
(73, 374)
(73, 375)
(73, 122)
(73, 251)
(73, 254)
(74, 131)
(74, 388)
(74, 133)
(74, 264)
(74, 270)
(74, 281)
(74, 290)
(74, 163)
(74, 180)
(74, 313)
(74, 190)
(74, 323)
(74, 196)
(74, 77)
(74, 333)
(74, 78)
(74, 207)
(74, 208)
(74, 212)
(74, 87)
(74, 92)
(74, 96)
(74, 97)
(74, 354)
(74, 359)
(74, 367)
(74, 370)
(74, 119)
(74, 84)
(74, 252)
(74, 253)
(74, 383)
(75, 130)
(75, 266)
(75, 141)
(75, 275)
(75, 346)
(75, 160)
(75, 394)
(75, 195)
(75, 325)
(75, 337)
(75, 340)
(75, 217)
(75, 218)
(75, 103)
(75, 235)
(75, 108)
(75, 366)
(75, 243)
(75, 381)
(76, 384)
(76, 129)
(76, 260)
(76, 390)
(76, 279)
(76, 155)
(76, 284)
(76, 170)
(76, 171)
(76, 183)
(76, 314)
(76, 82)
(76, 341)
(76, 100)
(76, 231)
(76, 111)
(76, 369)
(76, 116)
(76, 378)
(76, 380)
(77, 387)
(77, 133)
(77, 152)
(77, 281)
(77, 180)
(77, 313)
(77, 191)
(77, 323)
(77, 200)
(77, 333)
(77, 78)
(77, 339)
(77, 348)
(77, 97)
(77, 359)
(77, 361)
(77, 119)
(77, 248)
(77, 252)
(77, 383)
(78, 131)
(78, 133)
(78, 87)
(78, 270)
(78, 281)
(78, 290)
(78, 163)
(78, 180)
(78, 308)
(78, 190)
(78, 323)
(78, 207)
(78, 84)
(78, 85)
(78, 313)
(78, 92)
(78, 97)
(78, 354)
(78, 359)
(78, 367)
(78, 370)
(78, 119)
(78, 252)
(78, 253)
(78, 383)
(79, 256)
(79, 261)
(79, 140)
(79, 397)
(79, 398)
(79, 271)
(79, 216)
(79, 147)
(79, 277)
(79, 154)
(79, 283)
(79, 158)
(79, 162)
(79, 291)
(79, 292)
(79, 166)
(79, 300)
(79, 305)
(79, 309)
(79, 182)
(79, 320)
(79, 322)
(79, 118)
(79, 328)
(79, 330)
(79, 205)
(79, 81)
(79, 338)
(79, 342)
(79, 344)
(79, 345)
(79, 143)
(79, 122)
(79, 353)
(79, 226)
(79, 105)
(79, 236)
(79, 365)
(79, 112)
(79, 374)
(79, 375)
(79, 120)
(79, 250)
(79, 123)
(79, 254)
(80, 256)
(80, 257)
(80, 136)
(80, 265)
(80, 128)
(80, 215)
(80, 396)
(80, 397)
(80, 399)
(80, 216)
(80, 274)
(80, 148)
(80, 277)
(80, 282)
(80, 156)
(80, 157)
(80, 287)
(80, 219)
(80, 303)
(80, 309)
(80, 245)
(80, 181)
(80, 322)
(80, 118)
(80, 225)
(80, 328)
(80, 331)
(80, 209)
(80, 213)
(80, 343)
(80, 344)
(80, 345)
(80, 271)
(80, 353)
(80, 228)
(80, 145)
(80, 362)
(80, 107)
(80, 254)
(80, 374)
(80, 375)
(80, 122)
(80, 124)
(80, 382)
(80, 127)
(81, 256)
(81, 259)
(81, 391)
(81, 397)
(81, 143)
(81, 147)
(81, 149)
(81, 285)
(81, 289)
(81, 162)
(81, 166)
(81, 295)
(81, 297)
(81, 298)
(81, 135)
(81, 302)
(81, 305)
(81, 309)
(81, 182)
(81, 185)
(81, 188)
(81, 320)
(81, 118)
(81, 338)
(81, 344)
(81, 345)
(81, 219)
(81, 349)
(81, 350)
(81, 353)
(81, 226)
(81, 355)
(81, 246)
(81, 121)
(81, 123)
(82, 384)
(82, 129)
(82, 260)
(82, 390)
(82, 279)
(82, 155)
(82, 284)
(82, 170)
(82, 171)
(82, 183)
(82, 314)
(82, 192)
(82, 341)
(82, 100)
(82, 231)
(82, 111)
(82, 369)
(82, 116)
(82, 376)
(82, 378)
(82, 380)
(83, 263)
(83, 142)
(83, 165)
(83, 295)
(83, 285)
(83, 304)
(83, 179)
(83, 184)
(83, 188)
(83, 326)
(83, 210)
(83, 86)
(83, 220)
(83, 221)
(83, 224)
(83, 101)
(83, 364)
(83, 239)
(83, 241)
(83, 373)
(84, 258)
(84, 131)
(84, 388)
(84, 134)
(84, 392)
(84, 393)
(84, 138)
(84, 268)
(84, 290)
(84, 163)
(84, 168)
(84, 175)
(84, 264)
(84, 180)
(84, 310)
(84, 313)
(84, 315)
(84, 190)
(84, 96)
(84, 323)
(84, 196)
(84, 197)
(84, 329)
(84, 333)
(84, 207)
(84, 208)
(84, 212)
(84, 87)
(84, 347)
(84, 92)
(84, 222)
(84, 352)
(84, 229)
(84, 359)
(84, 233)
(84, 367)
(84, 370)
(84, 119)
(84, 379)
(84, 252)
(84, 253)
(85, 386)
(85, 131)
(85, 262)
(85, 395)
(85, 270)
(85, 272)
(85, 151)
(85, 280)
(85, 153)
(85, 290)
(85, 163)
(85, 296)
(85, 169)
(85, 174)
(85, 306)
(85, 307)
(85, 308)
(85, 310)
(85, 318)
(85, 193)
(85, 201)
(85, 204)
(85, 87)
(85, 347)
(85, 351)
(85, 144)
(85, 354)
(85, 358)
(85, 367)
(85, 370)
(85, 115)
(85, 190)
(85, 377)
(85, 253)
(85, 383)
(86, 259)
(86, 263)
(86, 142)
(86, 146)
(86, 285)
(86, 289)
(86, 165)
(86, 295)
(86, 391)
(86, 302)
(86, 349)
(86, 304)
(86, 179)
(86, 311)
(86, 184)
(86, 188)
(86, 326)
(86, 210)
(86, 227)
(86, 220)
(86, 221)
(86, 224)
(86, 355)
(86, 101)
(86, 364)
(86, 239)
(86, 241)
(86, 373)
(86, 246)
(87, 386)
(87, 131)
(87, 133)
(87, 262)
(87, 395)
(87, 270)
(87, 290)
(87, 163)
(87, 180)
(87, 308)
(87, 190)
(87, 323)
(87, 204)
(87, 207)
(87, 347)
(87, 92)
(87, 354)
(87, 359)
(87, 367)
(87, 370)
(87, 318)
(87, 119)
(87, 377)
(87, 252)
(87, 253)
(87, 383)
(88, 387)
(88, 273)
(88, 152)
(88, 281)
(88, 159)
(88, 288)
(88, 294)
(88, 172)
(88, 301)
(88, 177)
(88, 316)
(88, 191)
(88, 192)
(88, 200)
(88, 333)
(88, 334)
(88, 248)
(88, 339)
(88, 206)
(88, 91)
(88, 348)
(88, 361)
(88, 109)
(88, 368)
(88, 371)
(88, 117)
(88, 376)
(88, 319)
(88, 126)
(89, 130)
(89, 392)
(89, 394)
(89, 267)
(89, 141)
(89, 272)
(89, 275)
(89, 278)
(89, 151)
(89, 153)
(89, 218)
(89, 160)
(89, 293)
(89, 174)
(89, 176)
(89, 306)
(89, 307)
(89, 310)
(89, 201)
(89, 266)
(89, 317)
(89, 193)
(89, 395)
(89, 329)
(89, 332)
(89, 340)
(89, 217)
(89, 346)
(89, 351)
(89, 144)
(89, 102)
(89, 358)
(89, 103)
(89, 360)
(89, 106)
(89, 366)
(89, 104)
(89, 114)
(89, 243)
(89, 244)
(89, 247)
(89, 381)
(90, 392)
(90, 393)
(90, 138)
(90, 398)
(90, 144)
(90, 151)
(90, 158)
(90, 163)
(90, 168)
(90, 299)
(90, 176)
(90, 264)
(90, 94)
(90, 310)
(90, 329)
(90, 196)
(90, 201)
(90, 202)
(90, 332)
(90, 347)
(90, 222)
(90, 351)
(90, 232)
(90, 236)
(90, 370)
(90, 250)
(91, 129)
(91, 273)
(91, 159)
(91, 288)
(91, 294)
(91, 172)
(91, 301)
(91, 177)
(91, 178)
(91, 316)
(91, 319)
(91, 192)
(91, 200)
(91, 333)
(91, 334)
(91, 248)
(91, 212)
(91, 206)
(91, 348)
(91, 93)
(91, 100)
(91, 357)
(91, 231)
(91, 109)
(91, 368)
(91, 371)
(91, 117)
(91, 376)
(91, 379)
(91, 126)
(92, 258)
(92, 131)
(92, 388)
(92, 134)
(92, 264)
(92, 138)
(92, 268)
(92, 281)
(92, 290)
(92, 163)
(92, 175)
(92, 177)
(92, 178)
(92, 180)
(92, 313)
(92, 315)
(92, 190)
(92, 96)
(92, 323)
(92, 196)
(92, 197)
(92, 333)
(92, 207)
(92, 208)
(92, 212)
(92, 347)
(92, 222)
(92, 352)
(92, 354)
(92, 229)
(92, 359)
(92, 233)
(92, 367)
(92, 370)
(92, 119)
(92, 379)
(92, 252)
(92, 253)
(92, 383)
(93, 384)
(93, 129)
(93, 134)
(93, 273)
(93, 150)
(93, 279)
(93, 155)
(93, 284)
(93, 159)
(93, 288)
(93, 294)
(93, 170)
(93, 171)
(93, 172)
(93, 301)
(93, 175)
(93, 177)
(93, 178)
(93, 314)
(93, 316)
(93, 319)
(93, 192)
(93, 206)
(93, 212)
(93, 100)
(93, 357)
(93, 231)
(93, 233)
(93, 109)
(93, 368)
(93, 113)
(93, 371)
(93, 117)
(93, 376)
(93, 379)
(93, 126)
(94, 258)
(94, 261)
(94, 393)
(94, 138)
(94, 398)
(94, 277)
(94, 156)
(94, 158)
(94, 291)
(94, 292)
(94, 168)
(94, 187)
(94, 202)
(94, 197)
(94, 328)
(94, 330)
(94, 222)
(94, 352)
(94, 315)
(94, 356)
(94, 229)
(94, 232)
(94, 105)
(94, 236)
(94, 365)
(94, 112)
(94, 120)
(94, 250)
(95, 385)
(95, 261)
(95, 267)
(95, 140)
(95, 143)
(95, 278)
(95, 154)
(95, 283)
(95, 162)
(95, 293)
(95, 299)
(95, 300)
(95, 186)
(95, 317)
(95, 194)
(95, 139)
(95, 198)
(95, 332)
(95, 205)
(95, 336)
(95, 342)
(95, 226)
(95, 99)
(95, 102)
(95, 104)
(95, 106)
(95, 365)
(95, 114)
(95, 247)
(95, 120)
(95, 121)
(95, 250)
(96, 258)
(96, 388)
(96, 134)
(96, 264)
(96, 138)
(96, 268)
(96, 273)
(96, 150)
(96, 281)
(96, 175)
(96, 177)
(96, 178)
(96, 180)
(96, 313)
(96, 315)
(96, 323)
(96, 196)
(96, 197)
(96, 333)
(96, 206)
(96, 207)
(96, 208)
(96, 212)
(96, 222)
(96, 352)
(96, 229)
(96, 359)
(96, 233)
(96, 109)
(96, 367)
(96, 368)
(96, 119)
(96, 248)
(96, 379)
(96, 252)
(97, 387)
(97, 133)
(97, 152)
(97, 281)
(97, 177)
(97, 180)
(97, 313)
(97, 191)
(97, 323)
(97, 200)
(97, 333)
(97, 334)
(97, 339)
(97, 212)
(97, 348)
(97, 359)
(97, 361)
(97, 109)
(97, 368)
(97, 119)
(97, 248)
(97, 252)
(97, 383)
(98, 384)
(98, 171)
(98, 260)
(98, 390)
(98, 393)
(98, 150)
(98, 282)
(98, 284)
(98, 292)
(98, 134)
(98, 156)
(98, 170)
(98, 199)
(98, 175)
(98, 265)
(98, 314)
(98, 315)
(98, 197)
(98, 327)
(98, 328)
(98, 183)
(98, 341)
(98, 164)
(98, 352)
(98, 187)
(98, 356)
(98, 229)
(98, 230)
(98, 234)
(98, 237)
(98, 238)
(98, 111)
(98, 113)
(98, 116)
(98, 378)
(98, 251)
(99, 385)
(99, 132)
(99, 139)
(99, 143)
(99, 146)
(99, 137)
(99, 326)
(99, 297)
(99, 300)
(99, 311)
(99, 186)
(99, 194)
(99, 198)
(99, 336)
(99, 227)
(99, 363)
(99, 121)
(100, 384)
(100, 129)
(100, 273)
(100, 279)
(100, 155)
(100, 284)
(100, 159)
(100, 288)
(100, 294)
(100, 170)
(100, 171)
(100, 172)
(100, 301)
(100, 178)
(100, 314)
(100, 316)
(100, 319)
(100, 192)
(100, 206)
(100, 357)
(100, 231)
(100, 109)
(100, 371)
(100, 117)
(100, 376)
(100, 379)
(100, 126)
(101, 259)
(101, 263)
(101, 142)
(101, 146)
(101, 285)
(101, 289)
(101, 165)
(101, 295)
(101, 391)
(101, 302)
(101, 349)
(101, 304)
(101, 179)
(101, 184)
(101, 188)
(101, 326)
(101, 210)
(101, 227)
(101, 220)
(101, 221)
(101, 224)
(101, 355)
(101, 364)
(101, 239)
(101, 240)
(101, 241)
(101, 373)
(101, 246)
(102, 385)
(102, 130)
(102, 137)
(102, 266)
(102, 267)
(102, 141)
(102, 278)
(102, 160)
(102, 293)
(102, 299)
(102, 176)
(102, 186)
(102, 317)
(102, 324)
(102, 198)
(102, 332)
(102, 340)
(102, 217)
(102, 360)
(102, 106)
(102, 235)
(102, 108)
(102, 366)
(102, 125)
(102, 104)
(102, 114)
(102, 243)
(102, 244)
(102, 247)
(102, 381)
(103, 130)
(103, 115)
(103, 266)
(103, 141)
(103, 272)
(103, 275)
(103, 153)
(103, 346)
(103, 160)
(103, 169)
(103, 174)
(103, 306)
(103, 307)
(103, 394)
(103, 193)
(103, 195)
(103, 325)
(103, 337)
(103, 340)
(103, 217)
(103, 218)
(103, 358)
(103, 360)
(103, 235)
(103, 108)
(103, 366)
(103, 114)
(103, 243)
(103, 244)
(103, 247)
(103, 381)
(104, 385)
(104, 130)
(104, 394)
(104, 267)
(104, 141)
(104, 278)
(104, 160)
(104, 266)
(104, 293)
(104, 299)
(104, 176)
(104, 186)
(104, 317)
(104, 324)
(104, 198)
(104, 332)
(104, 340)
(104, 217)
(104, 360)
(104, 106)
(104, 235)
(104, 108)
(104, 366)
(104, 125)
(104, 114)
(104, 243)
(104, 244)
(104, 247)
(104, 381)
(105, 256)
(105, 261)
(105, 140)
(105, 398)
(105, 147)
(105, 277)
(105, 154)
(105, 283)
(105, 158)
(105, 162)
(105, 291)
(105, 292)
(105, 166)
(105, 299)
(105, 300)
(105, 186)
(105, 202)
(105, 320)
(105, 198)
(105, 330)
(105, 205)
(105, 338)
(105, 342)
(105, 216)
(105, 345)
(105, 226)
(105, 232)
(105, 236)
(105, 365)
(105, 112)
(105, 120)
(105, 250)
(106, 385)
(106, 130)
(106, 394)
(106, 267)
(106, 141)
(106, 272)
(106, 278)
(106, 151)
(106, 153)
(106, 160)
(106, 293)
(106, 299)
(106, 174)
(106, 176)
(106, 306)
(106, 266)
(106, 317)
(106, 324)
(106, 198)
(106, 332)
(106, 340)
(106, 217)
(106, 144)
(106, 360)
(106, 366)
(106, 125)
(106, 114)
(106, 243)
(106, 244)
(106, 247)
(106, 381)
(107, 256)
(107, 257)
(107, 389)
(107, 136)
(107, 128)
(107, 215)
(107, 396)
(107, 397)
(107, 399)
(107, 145)
(107, 274)
(107, 148)
(107, 157)
(107, 287)
(107, 219)
(107, 167)
(107, 303)
(107, 309)
(107, 181)
(107, 322)
(107, 203)
(107, 118)
(107, 225)
(107, 331)
(107, 209)
(107, 382)
(107, 343)
(107, 344)
(107, 271)
(107, 353)
(107, 228)
(107, 362)
(107, 245)
(107, 374)
(107, 375)
(107, 127)
(107, 124)
(107, 254)
(107, 213)
(108, 130)
(108, 266)
(108, 141)
(108, 275)
(108, 278)
(108, 346)
(108, 160)
(108, 293)
(108, 125)
(108, 394)
(108, 195)
(108, 324)
(108, 325)
(108, 337)
(108, 340)
(108, 217)
(108, 218)
(108, 235)
(108, 366)
(108, 317)
(108, 114)
(108, 243)
(108, 244)
(108, 247)
(108, 381)
(109, 129)
(109, 388)
(109, 273)
(109, 152)
(109, 281)
(109, 159)
(109, 288)
(109, 294)
(109, 172)
(109, 301)
(109, 175)
(109, 177)
(109, 178)
(109, 180)
(109, 313)
(109, 316)
(109, 319)
(109, 192)
(109, 323)
(109, 200)
(109, 333)
(109, 334)
(109, 248)
(109, 339)
(109, 212)
(109, 206)
(109, 348)
(109, 357)
(109, 359)
(109, 361)
(109, 231)
(109, 368)
(109, 371)
(109, 117)
(109, 233)
(109, 376)
(109, 379)
(109, 252)
(109, 126)
(110, 128)
(110, 390)
(110, 136)
(110, 265)
(110, 396)
(110, 399)
(110, 274)
(110, 276)
(110, 282)
(110, 156)
(110, 287)
(110, 161)
(110, 164)
(110, 199)
(110, 173)
(110, 303)
(110, 312)
(110, 116)
(110, 327)
(110, 211)
(110, 341)
(110, 214)
(110, 225)
(110, 228)
(110, 230)
(110, 234)
(110, 127)
(110, 237)
(110, 238)
(110, 111)
(110, 242)
(110, 372)
(110, 375)
(110, 148)
(110, 378)
(110, 251)
(110, 380)
(110, 255)
(111, 260)
(111, 390)
(111, 265)
(111, 155)
(111, 284)
(111, 161)
(111, 164)
(111, 199)
(111, 173)
(111, 183)
(111, 312)
(111, 116)
(111, 314)
(111, 327)
(111, 211)
(111, 341)
(111, 214)
(111, 223)
(111, 225)
(111, 228)
(111, 230)
(111, 234)
(111, 237)
(111, 238)
(111, 369)
(111, 242)
(111, 372)
(111, 378)
(111, 251)
(111, 380)
(111, 255)
(112, 256)
(112, 261)
(112, 393)
(112, 398)
(112, 271)
(112, 147)
(112, 277)
(112, 282)
(112, 156)
(112, 154)
(112, 158)
(112, 291)
(112, 292)
(112, 303)
(112, 187)
(112, 328)
(112, 330)
(112, 216)
(112, 345)
(112, 356)
(112, 230)
(112, 236)
(112, 365)
(112, 374)
(112, 375)
(112, 120)
(112, 122)
(112, 251)
(112, 254)
(113, 384)
(113, 258)
(113, 171)
(113, 260)
(113, 390)
(113, 393)
(113, 273)
(113, 150)
(113, 155)
(113, 284)
(113, 164)
(113, 134)
(113, 170)
(113, 199)
(113, 175)
(113, 178)
(113, 183)
(113, 314)
(113, 315)
(113, 197)
(113, 327)
(113, 341)
(113, 222)
(113, 229)
(113, 352)
(113, 379)
(113, 356)
(113, 357)
(113, 230)
(113, 231)
(113, 233)
(113, 234)
(113, 237)
(113, 116)
(113, 187)
(113, 378)
(113, 251)
(114, 385)
(114, 130)
(114, 394)
(114, 267)
(114, 141)
(114, 272)
(114, 278)
(114, 151)
(114, 153)
(114, 160)
(114, 293)
(114, 299)
(114, 174)
(114, 176)
(114, 306)
(114, 266)
(114, 317)
(114, 324)
(114, 198)
(114, 332)
(114, 340)
(114, 217)
(114, 144)
(114, 360)
(114, 235)
(114, 366)
(114, 125)
(114, 243)
(114, 244)
(114, 247)
(114, 381)
(115, 386)
(115, 262)
(115, 394)
(115, 395)
(115, 141)
(115, 272)
(115, 275)
(115, 151)
(115, 280)
(115, 153)
(115, 296)
(115, 169)
(115, 174)
(115, 306)
(115, 307)
(115, 308)
(115, 318)
(115, 193)
(115, 204)
(115, 217)
(115, 218)
(115, 351)
(115, 358)
(115, 377)
(116, 384)
(116, 171)
(116, 260)
(116, 390)
(116, 265)
(116, 150)
(116, 279)
(116, 155)
(116, 284)
(116, 164)
(116, 170)
(116, 199)
(116, 183)
(116, 312)
(116, 314)
(116, 187)
(116, 327)
(116, 341)
(116, 230)
(116, 234)
(116, 237)
(116, 238)
(116, 369)
(116, 242)
(116, 378)
(116, 251)
(116, 380)
(117, 129)
(117, 273)
(117, 281)
(117, 159)
(117, 288)
(117, 294)
(117, 170)
(117, 171)
(117, 172)
(117, 301)
(117, 177)
(117, 178)
(117, 313)
(117, 316)
(117, 319)
(117, 192)
(117, 200)
(117, 333)
(117, 334)
(117, 248)
(117, 339)
(117, 212)
(117, 206)
(117, 348)
(117, 357)
(117, 231)
(117, 233)
(117, 368)
(117, 371)
(117, 376)
(117, 379)
(117, 126)
(118, 256)
(118, 149)
(118, 135)
(118, 396)
(118, 397)
(118, 399)
(118, 216)
(118, 147)
(118, 277)
(118, 157)
(118, 219)
(118, 298)
(118, 303)
(118, 309)
(118, 182)
(118, 185)
(118, 181)
(118, 322)
(118, 331)
(118, 209)
(118, 382)
(118, 344)
(118, 345)
(118, 271)
(118, 350)
(118, 353)
(118, 245)
(118, 374)
(118, 375)
(118, 122)
(118, 127)
(118, 254)
(118, 213)
(119, 131)
(119, 388)
(119, 133)
(119, 264)
(119, 270)
(119, 281)
(119, 290)
(119, 163)
(119, 180)
(119, 313)
(119, 190)
(119, 323)
(119, 196)
(119, 333)
(119, 207)
(119, 208)
(119, 212)
(119, 354)
(119, 359)
(119, 367)
(119, 370)
(119, 252)
(119, 253)
(119, 383)
(120, 385)
(120, 261)
(120, 267)
(120, 140)
(120, 398)
(120, 143)
(120, 147)
(120, 154)
(120, 283)
(120, 158)
(120, 162)
(120, 291)
(120, 166)
(120, 299)
(120, 300)
(120, 305)
(120, 186)
(120, 320)
(120, 139)
(120, 198)
(120, 330)
(120, 205)
(120, 338)
(120, 342)
(120, 345)
(120, 226)
(120, 232)
(120, 236)
(120, 365)
(120, 250)
(121, 385)
(121, 259)
(121, 391)
(121, 139)
(121, 143)
(121, 146)
(121, 147)
(121, 154)
(121, 283)
(121, 289)
(121, 162)
(121, 166)
(121, 297)
(121, 300)
(121, 302)
(121, 305)
(121, 311)
(121, 186)
(121, 320)
(121, 194)
(121, 326)
(121, 205)
(121, 336)
(121, 338)
(121, 227)
(121, 342)
(121, 349)
(121, 226)
(121, 355)
(121, 363)
(121, 373)
(121, 246)
(121, 123)
(122, 256)
(122, 136)
(122, 265)
(122, 396)
(122, 271)
(122, 216)
(122, 274)
(122, 147)
(122, 148)
(122, 277)
(122, 282)
(122, 156)
(122, 291)
(122, 292)
(122, 303)
(122, 309)
(122, 187)
(122, 245)
(122, 181)
(122, 322)
(122, 225)
(122, 328)
(122, 330)
(122, 344)
(122, 345)
(122, 353)
(122, 230)
(122, 236)
(122, 237)
(122, 238)
(122, 382)
(122, 374)
(122, 375)
(122, 251)
(122, 254)
(122, 127)
(123, 259)
(123, 391)
(123, 397)
(123, 143)
(123, 146)
(123, 147)
(123, 149)
(123, 285)
(123, 289)
(123, 162)
(123, 166)
(123, 295)
(123, 297)
(123, 298)
(123, 135)
(123, 302)
(123, 221)
(123, 305)
(123, 179)
(123, 182)
(123, 184)
(123, 185)
(123, 188)
(123, 320)
(123, 194)
(123, 338)
(123, 344)
(123, 345)
(123, 349)
(123, 350)
(123, 353)
(123, 226)
(123, 355)
(123, 364)
(123, 373)
(123, 246)
(124, 128)
(124, 257)
(124, 389)
(124, 136)
(124, 215)
(124, 396)
(124, 269)
(124, 399)
(124, 145)
(124, 274)
(124, 276)
(124, 286)
(124, 287)
(124, 161)
(124, 167)
(124, 181)
(124, 189)
(124, 321)
(124, 203)
(124, 331)
(124, 209)
(124, 213)
(124, 343)
(124, 225)
(124, 228)
(124, 362)
(124, 245)
(124, 375)
(124, 148)
(124, 382)
(124, 127)
(125, 130)
(125, 132)
(125, 137)
(125, 266)
(125, 278)
(125, 160)
(125, 293)
(125, 317)
(125, 324)
(125, 336)
(125, 340)
(125, 235)
(125, 366)
(125, 243)
(125, 247)
(125, 381)
(126, 129)
(126, 387)
(126, 273)
(126, 152)
(126, 281)
(126, 159)
(126, 288)
(126, 294)
(126, 172)
(126, 301)
(126, 177)
(126, 178)
(126, 313)
(126, 316)
(126, 319)
(126, 192)
(126, 200)
(126, 333)
(126, 334)
(126, 248)
(126, 339)
(126, 212)
(126, 206)
(126, 348)
(126, 357)
(126, 231)
(126, 361)
(126, 368)
(126, 371)
(126, 376)
(126, 191)
(127, 256)
(127, 257)
(127, 136)
(127, 265)
(127, 128)
(127, 215)
(127, 396)
(127, 397)
(127, 399)
(127, 216)
(127, 274)
(127, 276)
(127, 277)
(127, 282)
(127, 156)
(127, 157)
(127, 287)
(127, 161)
(127, 292)
(127, 303)
(127, 309)
(127, 245)
(127, 181)
(127, 322)
(127, 225)
(127, 328)
(127, 331)
(127, 209)
(127, 213)
(127, 343)
(127, 344)
(127, 345)
(127, 271)
(127, 353)
(127, 228)
(127, 145)
(127, 362)
(127, 238)
(127, 254)
(127, 374)
(127, 375)
(127, 148)
(127, 382)
(128, 257)
(128, 389)
(128, 136)
(128, 265)
(128, 215)
(128, 396)
(128, 269)
(128, 399)
(128, 145)
(128, 274)
(128, 276)
(128, 282)
(128, 287)
(128, 161)
(128, 167)
(128, 173)
(128, 303)
(128, 181)
(128, 312)
(128, 189)
(128, 245)
(128, 321)
(128, 322)
(128, 327)
(128, 203)
(128, 209)
(128, 213)
(128, 343)
(128, 271)
(128, 225)
(128, 228)
(128, 362)
(128, 238)
(128, 242)
(128, 372)
(128, 254)
(128, 375)
(128, 148)
(128, 382)
(128, 255)
(129, 384)
(129, 273)
(129, 150)
(129, 279)
(129, 155)
(129, 284)
(129, 159)
(129, 288)
(129, 294)
(129, 170)
(129, 171)
(129, 172)
(129, 301)
(129, 178)
(129, 314)
(129, 316)
(129, 319)
(129, 192)
(129, 206)
(129, 357)
(129, 231)
(129, 368)
(129, 371)
(129, 376)
(129, 379)
(130, 266)
(130, 267)
(130, 141)
(130, 278)
(130, 153)
(130, 346)
(130, 160)
(130, 293)
(130, 176)
(130, 394)
(130, 195)
(130, 324)
(130, 325)
(130, 332)
(130, 340)
(130, 217)
(130, 218)
(130, 360)
(130, 235)
(130, 366)
(130, 317)
(130, 243)
(130, 244)
(130, 247)
(130, 381)
(131, 386)
(131, 262)
(131, 264)
(131, 138)
(131, 395)
(131, 270)
(131, 272)
(131, 151)
(131, 280)
(131, 290)
(131, 163)
(131, 296)
(131, 174)
(131, 392)
(131, 308)
(131, 310)
(131, 201)
(131, 318)
(131, 193)
(131, 196)
(131, 329)
(131, 204)
(131, 207)
(131, 208)
(131, 347)
(131, 351)
(131, 144)
(131, 354)
(131, 358)
(131, 367)
(131, 168)
(131, 370)
(131, 190)
(131, 377)
(131, 253)
(131, 383)
(132, 194)
(132, 227)
(132, 137)
(132, 363)
(132, 336)
(132, 146)
(132, 139)
(132, 311)
(133, 152)
(133, 281)
(133, 180)
(133, 313)
(133, 190)
(133, 323)
(133, 333)
(133, 339)
(133, 348)
(133, 354)
(133, 359)
(133, 361)
(133, 367)
(133, 248)
(133, 252)
(133, 253)
(133, 383)
(134, 384)
(134, 258)
(134, 388)
(134, 393)
(134, 268)
(134, 273)
(134, 150)
(134, 284)
(134, 164)
(134, 170)
(134, 171)
(134, 175)
(134, 178)
(134, 315)
(134, 196)
(134, 197)
(134, 199)
(134, 206)
(134, 208)
(134, 212)
(134, 222)
(134, 229)
(134, 352)
(134, 187)
(134, 356)
(134, 357)
(134, 233)
(134, 379)
(135, 256)
(135, 391)
(135, 397)
(135, 149)
(135, 157)
(135, 289)
(135, 295)
(135, 298)
(135, 302)
(135, 305)
(135, 309)
(135, 182)
(135, 185)
(135, 188)
(135, 331)
(135, 344)
(135, 345)
(135, 219)
(135, 349)
(135, 350)
(135, 353)
(135, 364)
(135, 240)
(135, 245)
(136, 257)
(136, 389)
(136, 265)
(136, 215)
(136, 396)
(136, 399)
(136, 145)
(136, 274)
(136, 276)
(136, 277)
(136, 282)
(136, 156)
(136, 287)
(136, 161)
(136, 167)
(136, 173)
(136, 303)
(136, 309)
(136, 312)
(136, 245)
(136, 181)
(136, 322)
(136, 327)
(136, 328)
(136, 203)
(136, 209)
(136, 213)
(136, 343)
(136, 216)
(136, 271)
(136, 225)
(136, 228)
(136, 362)
(136, 238)
(136, 242)
(136, 254)
(136, 374)
(136, 375)
(136, 148)
(136, 251)
(136, 382)
(137, 324)
(137, 293)
(137, 363)
(137, 336)
(137, 278)
(137, 311)
(138, 386)
(138, 388)
(138, 262)
(138, 392)
(138, 393)
(138, 268)
(138, 258)
(138, 144)
(138, 158)
(138, 290)
(138, 163)
(138, 168)
(138, 264)
(138, 310)
(138, 201)
(138, 315)
(138, 196)
(138, 197)
(138, 329)
(138, 202)
(138, 207)
(138, 208)
(138, 347)
(138, 222)
(138, 351)
(138, 352)
(138, 356)
(138, 229)
(138, 232)
(138, 370)
(139, 385)
(139, 261)
(139, 267)
(139, 140)
(139, 143)
(139, 146)
(139, 147)
(139, 154)
(139, 283)
(139, 162)
(139, 166)
(139, 297)
(139, 299)
(139, 300)
(139, 305)
(139, 186)
(139, 320)
(139, 194)
(139, 198)
(139, 205)
(139, 336)
(139, 338)
(139, 342)
(139, 349)
(139, 226)
(139, 363)
(139, 365)
(139, 246)
(139, 250)
(140, 385)
(140, 261)
(140, 267)
(140, 398)
(140, 143)
(140, 147)
(140, 154)
(140, 283)
(140, 158)
(140, 162)
(140, 166)
(140, 299)
(140, 300)
(140, 186)
(140, 320)
(140, 198)
(140, 330)
(140, 332)
(140, 205)
(140, 338)
(140, 342)
(140, 226)
(140, 232)
(140, 236)
(140, 365)
(140, 250)
(141, 394)
(141, 395)
(141, 272)
(141, 275)
(141, 278)
(141, 151)
(141, 153)
(141, 218)
(141, 160)
(141, 293)
(141, 169)
(141, 174)
(141, 176)
(141, 306)
(141, 307)
(141, 266)
(141, 317)
(141, 318)
(141, 193)
(141, 195)
(141, 325)
(141, 201)
(141, 332)
(141, 340)
(141, 217)
(141, 346)
(141, 351)
(141, 144)
(141, 358)
(141, 360)
(141, 235)
(141, 366)
(141, 243)
(141, 244)
(141, 247)
(141, 381)
(142, 259)
(142, 263)
(142, 285)
(142, 289)
(142, 165)
(142, 295)
(142, 391)
(142, 302)
(142, 349)
(142, 304)
(142, 179)
(142, 184)
(142, 185)
(142, 188)
(142, 210)
(142, 220)
(142, 221)
(142, 224)
(142, 355)
(142, 364)
(142, 239)
(142, 240)
(142, 241)
(142, 373)
(142, 246)
(143, 385)
(143, 259)
(143, 261)
(143, 391)
(143, 146)
(143, 147)
(143, 154)
(143, 283)
(143, 162)
(143, 166)
(143, 297)
(143, 298)
(143, 300)
(143, 302)
(143, 305)
(143, 182)
(143, 186)
(143, 320)
(143, 194)
(143, 198)
(143, 205)
(143, 338)
(143, 227)
(143, 342)
(143, 349)
(143, 226)
(143, 355)
(143, 363)
(143, 365)
(143, 373)
(143, 246)
(144, 386)
(144, 262)
(144, 392)
(144, 394)
(144, 395)
(144, 270)
(144, 272)
(144, 151)
(144, 280)
(144, 153)
(144, 290)
(144, 163)
(144, 168)
(144, 174)
(144, 176)
(144, 264)
(144, 306)
(144, 307)
(144, 308)
(144, 310)
(144, 201)
(144, 266)
(144, 318)
(144, 193)
(144, 204)
(144, 329)
(144, 202)
(144, 332)
(144, 217)
(144, 218)
(144, 347)
(144, 351)
(144, 358)
(144, 360)
(144, 232)
(144, 370)
(144, 243)
(144, 244)
(144, 247)
(144, 377)
(145, 257)
(145, 389)
(145, 215)
(145, 396)
(145, 399)
(145, 274)
(145, 276)
(145, 157)
(145, 287)
(145, 167)
(145, 181)
(145, 321)
(145, 331)
(145, 203)
(145, 209)
(145, 213)
(145, 343)
(145, 228)
(145, 362)
(145, 245)
(145, 148)
(145, 382)
(146, 259)
(146, 391)
(146, 285)
(146, 165)
(146, 297)
(146, 349)
(146, 305)
(146, 179)
(146, 311)
(146, 194)
(146, 326)
(146, 336)
(146, 227)
(146, 221)
(146, 355)
(146, 363)
(146, 373)
(146, 246)
(147, 256)
(147, 261)
(147, 397)
(147, 398)
(147, 271)
(147, 216)
(147, 277)
(147, 154)
(147, 283)
(147, 158)
(147, 162)
(147, 291)
(147, 166)
(147, 297)
(147, 298)
(147, 300)
(147, 305)
(147, 309)
(147, 182)
(147, 320)
(147, 322)
(147, 330)
(147, 205)
(147, 338)
(147, 342)
(147, 344)
(147, 345)
(147, 349)
(147, 350)
(147, 353)
(147, 226)
(147, 236)
(147, 365)
(147, 374)
(147, 254)
(147, 149)
(148, 257)
(148, 389)
(148, 265)
(148, 215)
(148, 396)
(148, 399)
(148, 274)
(148, 276)
(148, 282)
(148, 156)
(148, 287)
(148, 161)
(148, 167)
(148, 173)
(148, 303)
(148, 309)
(148, 312)
(148, 245)
(148, 181)
(148, 322)
(148, 327)
(148, 328)
(148, 203)
(148, 209)
(148, 213)
(148, 343)
(148, 271)
(148, 225)
(148, 228)
(148, 362)
(148, 238)
(148, 242)
(148, 382)
(148, 374)
(148, 375)
(148, 254)
(149, 256)
(149, 391)
(149, 397)
(149, 285)
(149, 289)
(149, 166)
(149, 295)
(149, 298)
(149, 302)
(149, 157)
(149, 305)
(149, 309)
(149, 182)
(149, 185)
(149, 188)
(149, 344)
(149, 345)
(149, 219)
(149, 349)
(149, 350)
(149, 353)
(149, 355)
(149, 364)
(149, 240)
(150, 384)
(150, 258)
(150, 388)
(150, 393)
(150, 268)
(150, 273)
(150, 284)
(150, 288)
(150, 164)
(150, 170)
(150, 171)
(150, 175)
(150, 178)
(150, 314)
(150, 315)
(150, 316)
(150, 319)
(150, 197)
(150, 199)
(150, 206)
(150, 212)
(150, 222)
(150, 229)
(150, 352)
(150, 187)
(150, 356)
(150, 357)
(150, 231)
(150, 233)
(150, 376)
(150, 379)
(151, 386)
(151, 262)
(151, 392)
(151, 394)
(151, 395)
(151, 270)
(151, 272)
(151, 275)
(151, 280)
(151, 153)
(151, 290)
(151, 163)
(151, 296)
(151, 174)
(151, 176)
(151, 306)
(151, 307)
(151, 308)
(151, 310)
(151, 201)
(151, 266)
(151, 318)
(151, 193)
(151, 329)
(151, 204)
(151, 217)
(151, 218)
(151, 347)
(151, 351)
(151, 358)
(151, 360)
(151, 168)
(151, 370)
(151, 243)
(151, 244)
(151, 377)
(152, 387)
(152, 281)
(152, 294)
(152, 177)
(152, 180)
(152, 313)
(152, 191)
(152, 200)
(152, 334)
(152, 333)
(152, 339)
(152, 348)
(152, 359)
(152, 361)
(152, 368)
(152, 248)
(152, 252)
(153, 386)
(153, 262)
(153, 394)
(153, 395)
(153, 272)
(153, 275)
(153, 280)
(153, 218)
(153, 296)
(153, 169)
(153, 174)
(153, 176)
(153, 306)
(153, 307)
(153, 308)
(153, 310)
(153, 201)
(153, 266)
(153, 318)
(153, 193)
(153, 329)
(153, 204)
(153, 217)
(153, 346)
(153, 347)
(153, 351)
(153, 358)
(153, 360)
(153, 243)
(153, 244)
(153, 247)
(153, 377)
(154, 256)
(154, 385)
(154, 261)
(154, 398)
(154, 283)
(154, 158)
(154, 162)
(154, 291)
(154, 166)
(154, 297)
(154, 299)
(154, 300)
(154, 305)
(154, 186)
(154, 320)
(154, 198)
(154, 330)
(154, 205)
(154, 338)
(154, 342)
(154, 345)
(154, 226)
(154, 236)
(154, 365)
(154, 250)
(155, 384)
(155, 260)
(155, 390)
(155, 279)
(155, 284)
(155, 164)
(155, 170)
(155, 171)
(155, 183)
(155, 314)
(155, 192)
(155, 327)
(155, 341)
(155, 199)
(155, 357)
(155, 231)
(155, 234)
(155, 369)
(155, 376)
(155, 378)
(155, 380)
(156, 256)
(156, 265)
(156, 396)
(156, 271)
(156, 274)
(156, 277)
(156, 282)
(156, 291)
(156, 292)
(156, 199)
(156, 303)
(156, 309)
(156, 187)
(156, 181)
(156, 322)
(156, 164)
(156, 327)
(156, 328)
(156, 330)
(156, 216)
(156, 345)
(156, 225)
(156, 356)
(156, 230)
(156, 234)
(156, 236)
(156, 237)
(156, 238)
(156, 382)
(156, 374)
(156, 375)
(156, 251)
(156, 254)
(157, 256)
(157, 257)
(157, 215)
(157, 396)
(157, 397)
(157, 399)
(157, 298)
(157, 309)
(157, 182)
(157, 181)
(157, 322)
(157, 331)
(157, 209)
(157, 213)
(157, 343)
(157, 344)
(157, 219)
(157, 350)
(157, 353)
(157, 362)
(157, 245)
(157, 375)
(157, 382)
(158, 261)
(158, 392)
(158, 393)
(158, 398)
(158, 277)
(158, 283)
(158, 162)
(158, 291)
(158, 292)
(158, 168)
(158, 299)
(158, 300)
(158, 202)
(158, 330)
(158, 205)
(158, 342)
(158, 226)
(158, 356)
(158, 232)
(158, 236)
(158, 365)
(158, 250)
(159, 273)
(159, 288)
(159, 294)
(159, 170)
(159, 171)
(159, 172)
(159, 301)
(159, 177)
(159, 178)
(159, 313)
(159, 316)
(159, 319)
(159, 192)
(159, 200)
(159, 333)
(159, 334)
(159, 248)
(159, 212)
(159, 206)
(159, 348)
(159, 357)
(159, 231)
(159, 368)
(159, 371)
(159, 376)
(159, 379)
(160, 266)
(160, 278)
(160, 293)
(160, 176)
(160, 394)
(160, 195)
(160, 324)
(160, 325)
(160, 332)
(160, 340)
(160, 217)
(160, 346)
(160, 360)
(160, 235)
(160, 366)
(160, 317)
(160, 243)
(160, 244)
(160, 247)
(160, 381)
(161, 257)
(161, 265)
(161, 396)
(161, 399)
(161, 274)
(161, 276)
(161, 282)
(161, 287)
(161, 199)
(161, 173)
(161, 303)
(161, 312)
(161, 327)
(161, 203)
(161, 211)
(161, 214)
(161, 223)
(161, 225)
(161, 228)
(161, 230)
(161, 234)
(161, 237)
(161, 238)
(161, 242)
(161, 372)
(161, 378)
(161, 251)
(161, 380)
(161, 255)
(162, 385)
(162, 261)
(162, 267)
(162, 398)
(162, 283)
(162, 166)
(162, 297)
(162, 299)
(162, 300)
(162, 305)
(162, 186)
(162, 320)
(162, 194)
(162, 198)
(162, 330)
(162, 205)
(162, 338)
(162, 342)
(162, 345)
(162, 349)
(162, 226)
(162, 365)
(162, 250)
(163, 386)
(163, 388)
(163, 262)
(163, 392)
(163, 395)
(163, 270)
(163, 272)
(163, 290)
(163, 168)
(163, 174)
(163, 264)
(163, 308)
(163, 310)
(163, 201)
(163, 318)
(163, 196)
(163, 329)
(163, 202)
(163, 204)
(163, 207)
(163, 208)
(163, 347)
(163, 351)
(163, 354)
(163, 367)
(163, 370)
(163, 190)
(163, 377)
(163, 253)
(163, 383)
(164, 384)
(164, 171)
(164, 260)
(164, 390)
(164, 393)
(164, 282)
(164, 284)
(164, 292)
(164, 170)
(164, 199)
(164, 265)
(164, 312)
(164, 314)
(164, 187)
(164, 327)
(164, 328)
(164, 183)
(164, 341)
(164, 225)
(164, 356)
(164, 229)
(164, 230)
(164, 234)
(164, 237)
(164, 238)
(164, 242)
(164, 378)
(164, 251)
(165, 259)
(165, 391)
(165, 285)
(165, 289)
(165, 295)
(165, 179)
(165, 311)
(165, 184)
(165, 194)
(165, 326)
(165, 210)
(165, 227)
(165, 220)
(165, 221)
(165, 224)
(165, 355)
(165, 363)
(165, 239)
(165, 241)
(165, 373)
(165, 246)
(166, 256)
(166, 259)
(166, 261)
(166, 391)
(166, 283)
(166, 297)
(166, 298)
(166, 300)
(166, 302)
(166, 305)
(166, 182)
(166, 185)
(166, 186)
(166, 320)
(166, 194)
(166, 330)
(166, 205)
(166, 338)
(166, 342)
(166, 344)
(166, 345)
(166, 349)
(166, 350)
(166, 353)
(166, 226)
(166, 355)
(166, 365)
(166, 246)
(167, 257)
(167, 389)
(167, 343)
(167, 396)
(167, 269)
(167, 399)
(167, 274)
(167, 276)
(167, 286)
(167, 287)
(167, 189)
(167, 321)
(167, 203)
(167, 209)
(167, 213)
(167, 215)
(167, 228)
(167, 362)
(167, 249)
(168, 386)
(168, 262)
(168, 392)
(168, 393)
(168, 268)
(168, 258)
(168, 398)
(168, 299)
(168, 176)
(168, 264)
(168, 310)
(168, 201)
(168, 315)
(168, 196)
(168, 197)
(168, 329)
(168, 202)
(168, 332)
(168, 207)
(168, 208)
(168, 347)
(168, 222)
(168, 351)
(168, 232)
(168, 236)
(168, 370)
(168, 250)
(169, 394)
(169, 395)
(169, 272)
(169, 275)
(169, 280)
(169, 218)
(169, 296)
(169, 174)
(169, 306)
(169, 307)
(169, 193)
(169, 204)
(169, 337)
(169, 217)
(169, 346)
(169, 358)
(169, 318)
(169, 377)
(170, 384)
(170, 260)
(170, 390)
(170, 273)
(170, 279)
(170, 284)
(170, 288)
(170, 171)
(170, 172)
(170, 175)
(170, 178)
(170, 183)
(170, 314)
(170, 316)
(170, 319)
(170, 192)
(170, 199)
(170, 206)
(170, 341)
(170, 357)
(170, 231)
(170, 233)
(170, 376)
(170, 379)
(171, 384)
(171, 260)
(171, 390)
(171, 273)
(171, 279)
(171, 284)
(171, 288)
(171, 175)
(171, 178)
(171, 183)
(171, 314)
(171, 315)
(171, 316)
(171, 319)
(171, 192)
(171, 197)
(171, 199)
(171, 206)
(171, 341)
(171, 229)
(171, 352)
(171, 187)
(171, 357)
(171, 231)
(171, 233)
(171, 234)
(171, 376)
(171, 379)
(172, 273)
(172, 288)
(172, 294)
(172, 301)
(172, 177)
(172, 178)
(172, 316)
(172, 319)
(172, 192)
(172, 200)
(172, 334)
(172, 248)
(172, 212)
(172, 206)
(172, 357)
(172, 231)
(172, 368)
(172, 371)
(172, 376)
(172, 379)
(173, 390)
(173, 265)
(173, 269)
(173, 274)
(173, 276)
(173, 286)
(173, 287)
(173, 312)
(173, 189)
(173, 327)
(173, 203)
(173, 335)
(173, 211)
(173, 214)
(173, 223)
(173, 225)
(173, 228)
(173, 234)
(173, 238)
(173, 242)
(173, 372)
(173, 249)
(173, 378)
(173, 380)
(173, 255)
(174, 386)
(174, 262)
(174, 394)
(174, 395)
(174, 270)
(174, 272)
(174, 275)
(174, 280)
(174, 296)
(174, 176)
(174, 306)
(174, 307)
(174, 308)
(174, 310)
(174, 201)
(174, 266)
(174, 318)
(174, 193)
(174, 329)
(174, 204)
(174, 217)
(174, 218)
(174, 347)
(174, 351)
(174, 358)
(174, 360)
(174, 370)
(174, 243)
(174, 244)
(174, 247)
(174, 377)
(175, 384)
(175, 258)
(175, 388)
(175, 264)
(175, 393)
(175, 268)
(175, 273)
(175, 284)
(175, 288)
(175, 177)
(175, 178)
(175, 315)
(175, 316)
(175, 323)
(175, 196)
(175, 197)
(175, 206)
(175, 208)
(175, 212)
(175, 222)
(175, 229)
(175, 352)
(175, 187)
(175, 356)
(175, 357)
(175, 233)
(175, 368)
(175, 379)
(176, 386)
(176, 262)
(176, 392)
(176, 394)
(176, 395)
(176, 272)
(176, 293)
(176, 299)
(176, 306)
(176, 307)
(176, 310)
(176, 201)
(176, 266)
(176, 317)
(176, 318)
(176, 193)
(176, 267)
(176, 329)
(176, 202)
(176, 332)
(176, 340)
(176, 217)
(176, 218)
(176, 347)
(176, 351)
(176, 358)
(176, 360)
(176, 366)
(176, 232)
(176, 243)
(176, 244)
(176, 247)
(176, 381)
(177, 388)
(177, 273)
(177, 281)
(177, 288)
(177, 294)
(177, 301)
(177, 178)
(177, 180)
(177, 313)
(177, 316)
(177, 319)
(177, 192)
(177, 323)
(177, 200)
(177, 333)
(177, 334)
(177, 248)
(177, 339)
(177, 212)
(177, 206)
(177, 348)
(177, 357)
(177, 359)
(177, 361)
(177, 231)
(177, 368)
(177, 371)
(177, 233)
(177, 376)
(177, 379)
(177, 252)
(178, 384)
(178, 258)
(178, 388)
(178, 268)
(178, 273)
(178, 284)
(178, 288)
(178, 294)
(178, 301)
(178, 313)
(178, 315)
(178, 316)
(178, 319)
(178, 192)
(178, 323)
(178, 197)
(178, 333)
(178, 206)
(178, 208)
(178, 248)
(178, 212)
(178, 222)
(178, 229)
(178, 352)
(178, 357)
(178, 231)
(178, 233)
(178, 368)
(178, 371)
(178, 376)
(178, 379)
(179, 259)
(179, 263)
(179, 285)
(179, 289)
(179, 295)
(179, 297)
(179, 391)
(179, 302)
(179, 349)
(179, 304)
(179, 311)
(179, 184)
(179, 188)
(179, 326)
(179, 210)
(179, 227)
(179, 220)
(179, 221)
(179, 224)
(179, 355)
(179, 364)
(179, 239)
(179, 241)
(179, 373)
(179, 246)
(180, 388)
(180, 281)
(180, 313)
(180, 190)
(180, 323)
(180, 200)
(180, 333)
(180, 207)
(180, 208)
(180, 339)
(180, 212)
(180, 348)
(180, 354)
(180, 359)
(180, 361)
(180, 367)
(180, 368)
(180, 248)
(180, 252)
(180, 253)
(180, 383)
(181, 256)
(181, 257)
(181, 265)
(181, 215)
(181, 396)
(181, 397)
(181, 399)
(181, 216)
(181, 274)
(181, 277)
(181, 282)
(181, 287)
(181, 219)
(181, 303)
(181, 309)
(181, 245)
(181, 322)
(181, 225)
(181, 331)
(181, 209)
(181, 213)
(181, 343)
(181, 344)
(181, 345)
(181, 271)
(181, 353)
(181, 228)
(181, 362)
(181, 254)
(181, 374)
(181, 375)
(181, 382)
(182, 256)
(182, 391)
(182, 397)
(182, 216)
(182, 289)
(182, 295)
(182, 297)
(182, 298)
(182, 302)
(182, 305)
(182, 309)
(182, 185)
(182, 320)
(182, 322)
(182, 374)
(182, 338)
(182, 344)
(182, 345)
(182, 219)
(182, 349)
(182, 350)
(182, 353)
(182, 226)
(182, 355)
(182, 246)
(183, 384)
(183, 260)
(183, 390)
(183, 279)
(183, 284)
(183, 199)
(183, 312)
(183, 314)
(183, 327)
(183, 341)
(183, 214)
(183, 234)
(183, 237)
(183, 238)
(183, 369)
(183, 242)
(183, 372)
(183, 378)
(183, 380)
(183, 255)
(184, 259)
(184, 263)
(184, 285)
(184, 289)
(184, 295)
(184, 298)
(184, 391)
(184, 302)
(184, 349)
(184, 304)
(184, 185)
(184, 188)
(184, 326)
(184, 210)
(184, 220)
(184, 221)
(184, 224)
(184, 355)
(184, 364)
(184, 239)
(184, 240)
(184, 241)
(184, 373)
(184, 246)
(185, 259)
(185, 263)
(185, 397)
(185, 285)
(185, 289)
(185, 295)
(185, 298)
(185, 391)
(185, 302)
(185, 349)
(185, 304)
(185, 305)
(185, 188)
(185, 344)
(185, 219)
(185, 221)
(185, 350)
(185, 353)
(185, 355)
(185, 364)
(185, 240)
(185, 373)
(185, 246)
(186, 385)
(186, 261)
(186, 267)
(186, 398)
(186, 283)
(186, 293)
(186, 297)
(186, 299)
(186, 300)
(186, 305)
(186, 317)
(186, 320)
(186, 194)
(186, 198)
(186, 332)
(186, 205)
(186, 338)
(186, 342)
(186, 226)
(186, 365)
(186, 250)
(187, 384)
(187, 393)
(187, 282)
(187, 284)
(187, 291)
(187, 292)
(187, 199)
(187, 265)
(187, 315)
(187, 197)
(187, 327)
(187, 328)
(187, 222)
(187, 352)
(187, 356)
(187, 229)
(187, 230)
(187, 234)
(187, 237)
(187, 238)
(187, 378)
(187, 251)
(188, 259)
(188, 263)
(188, 285)
(188, 289)
(188, 295)
(188, 298)
(188, 391)
(188, 302)
(188, 349)
(188, 304)
(188, 210)
(188, 220)
(188, 221)
(188, 350)
(188, 224)
(188, 355)
(188, 364)
(188, 239)
(188, 240)
(188, 241)
(188, 373)
(188, 246)
(189, 321)
(189, 228)
(189, 389)
(189, 257)
(189, 203)
(189, 269)
(189, 335)
(189, 211)
(189, 372)
(189, 249)
(189, 276)
(189, 286)
(189, 287)
(190, 386)
(190, 262)
(190, 264)
(190, 395)
(190, 270)
(190, 290)
(190, 308)
(190, 310)
(190, 318)
(190, 323)
(190, 196)
(190, 204)
(190, 207)
(190, 208)
(190, 347)
(190, 351)
(190, 354)
(190, 359)
(190, 367)
(190, 370)
(190, 377)
(190, 252)
(190, 253)
(190, 383)
(191, 387)
(191, 294)
(191, 200)
(191, 361)
(191, 334)
(191, 339)
(191, 248)
(191, 281)
(191, 348)
(192, 273)
(192, 279)
(192, 284)
(192, 288)
(192, 294)
(192, 301)
(192, 316)
(192, 319)
(192, 206)
(192, 314)
(192, 357)
(192, 231)
(192, 368)
(192, 371)
(192, 376)
(193, 386)
(193, 262)
(193, 394)
(193, 395)
(193, 270)
(193, 272)
(193, 275)
(193, 280)
(193, 296)
(193, 306)
(193, 307)
(193, 308)
(193, 310)
(193, 201)
(193, 266)
(193, 318)
(193, 329)
(193, 204)
(193, 217)
(193, 218)
(193, 347)
(193, 351)
(193, 358)
(193, 360)
(193, 370)
(193, 243)
(193, 244)
(193, 377)
(194, 385)
(194, 259)
(194, 297)
(194, 300)
(194, 305)
(194, 311)
(194, 320)
(194, 326)
(194, 205)
(194, 336)
(194, 338)
(194, 227)
(194, 342)
(194, 349)
(194, 226)
(194, 355)
(194, 363)
(194, 373)
(194, 246)
(195, 394)
(195, 275)
(195, 346)
(195, 325)
(195, 337)
(195, 340)
(195, 217)
(195, 218)
(195, 235)
(195, 366)
(195, 243)
(195, 381)
(196, 386)
(196, 388)
(196, 392)
(196, 393)
(196, 268)
(196, 258)
(196, 290)
(196, 264)
(196, 310)
(196, 201)
(196, 315)
(196, 323)
(196, 197)
(196, 329)
(196, 202)
(196, 207)
(196, 208)
(196, 347)
(196, 222)
(196, 352)
(196, 356)
(196, 229)
(196, 232)
(196, 233)
(196, 367)
(196, 370)
(197, 384)
(197, 258)
(197, 388)
(197, 264)
(197, 393)
(197, 268)
(197, 315)
(197, 207)
(197, 208)
(197, 212)
(197, 222)
(197, 352)
(197, 356)
(197, 229)
(197, 233)
(197, 379)
(198, 385)
(198, 261)
(198, 267)
(198, 278)
(198, 283)
(198, 293)
(198, 299)
(198, 300)
(198, 317)
(198, 332)
(198, 205)
(198, 342)
(198, 226)
(198, 365)
(198, 247)
(198, 250)
(199, 384)
(199, 260)
(199, 390)
(199, 265)
(199, 282)
(199, 284)
(199, 292)
(199, 312)
(199, 314)
(199, 327)
(199, 328)
(199, 341)
(199, 225)
(199, 356)
(199, 230)
(199, 234)
(199, 237)
(199, 238)
(199, 242)
(199, 378)
(199, 251)
(199, 380)
(200, 387)
(200, 281)
(200, 294)
(200, 301)
(200, 313)
(200, 334)
(200, 333)
(200, 339)
(200, 212)
(200, 206)
(200, 348)
(200, 359)
(200, 361)
(200, 368)
(200, 371)
(200, 248)
(200, 252)
(201, 386)
(201, 262)
(201, 264)
(201, 394)
(201, 395)
(201, 270)
(201, 272)
(201, 280)
(201, 290)
(201, 392)
(201, 306)
(201, 307)
(201, 308)
(201, 310)
(201, 318)
(201, 329)
(201, 202)
(201, 204)
(201, 207)
(201, 347)
(201, 351)
(201, 358)
(201, 360)
(201, 367)
(201, 232)
(201, 370)
(201, 244)
(201, 377)
(202, 261)
(202, 392)
(202, 393)
(202, 398)
(202, 299)
(202, 310)
(202, 329)
(202, 332)
(202, 347)
(202, 222)
(202, 232)
(202, 236)
(202, 370)
(202, 250)
(202, 264)
(203, 257)
(203, 389)
(203, 343)
(203, 396)
(203, 269)
(203, 399)
(203, 274)
(203, 276)
(203, 286)
(203, 287)
(203, 321)
(203, 209)
(203, 213)
(203, 215)
(203, 228)
(203, 362)
(203, 249)
(204, 386)
(204, 262)
(204, 395)
(204, 270)
(204, 272)
(204, 280)
(204, 290)
(204, 296)
(204, 306)
(204, 307)
(204, 308)
(204, 310)
(204, 318)
(204, 329)
(204, 218)
(204, 347)
(204, 351)
(204, 354)
(204, 358)
(204, 367)
(204, 370)
(204, 377)
(204, 253)
(205, 385)
(205, 261)
(205, 267)
(205, 398)
(205, 283)
(205, 299)
(205, 300)
(205, 305)
(205, 320)
(205, 330)
(205, 332)
(205, 338)
(205, 342)
(205, 226)
(205, 236)
(205, 365)
(205, 297)
(205, 250)
(206, 384)
(206, 388)
(206, 273)
(206, 281)
(206, 288)
(206, 294)
(206, 301)
(206, 313)
(206, 316)
(206, 319)
(206, 323)
(206, 333)
(206, 334)
(206, 248)
(206, 212)
(206, 348)
(206, 357)
(206, 231)
(206, 233)
(206, 368)
(206, 371)
(206, 376)
(206, 379)
(206, 252)
(207, 386)
(207, 388)
(207, 262)
(207, 392)
(207, 268)
(207, 258)
(207, 270)
(207, 290)
(207, 264)
(207, 308)
(207, 310)
(207, 313)
(207, 315)
(207, 323)
(207, 329)
(207, 333)
(207, 208)
(207, 212)
(207, 347)
(207, 222)
(207, 352)
(207, 354)
(207, 359)
(207, 233)
(207, 367)
(207, 370)
(207, 252)
(207, 253)
(207, 383)
(208, 258)
(208, 388)
(208, 392)
(208, 393)
(208, 268)
(208, 290)
(208, 264)
(208, 310)
(208, 313)
(208, 315)
(208, 323)
(208, 333)
(208, 212)
(208, 347)
(208, 222)
(208, 352)
(208, 229)
(208, 359)
(208, 233)
(208, 367)
(208, 370)
(208, 379)
(208, 252)
(209, 257)
(209, 389)
(209, 215)
(209, 396)
(209, 397)
(209, 399)
(209, 274)
(209, 287)
(209, 309)
(209, 322)
(209, 331)
(209, 213)
(209, 343)
(209, 219)
(209, 362)
(209, 245)
(209, 375)
(209, 382)
(210, 263)
(210, 285)
(210, 304)
(210, 220)
(210, 221)
(210, 224)
(210, 364)
(210, 239)
(210, 241)
(211, 269)
(211, 276)
(211, 286)
(211, 312)
(211, 335)
(211, 214)
(211, 223)
(211, 228)
(211, 369)
(211, 242)
(211, 372)
(211, 249)
(211, 378)
(211, 380)
(211, 255)
(212, 258)
(212, 388)
(212, 268)
(212, 273)
(212, 281)
(212, 288)
(212, 294)
(212, 301)
(212, 313)
(212, 316)
(212, 319)
(212, 323)
(212, 333)
(212, 334)
(212, 339)
(212, 348)
(212, 352)
(212, 357)
(212, 359)
(212, 361)
(212, 368)
(212, 233)
(212, 248)
(212, 379)
(212, 252)
(213, 257)
(213, 389)
(213, 215)
(213, 396)
(213, 397)
(213, 399)
(213, 274)
(213, 276)
(213, 287)
(213, 303)
(213, 309)
(213, 321)
(213, 322)
(213, 331)
(213, 343)
(213, 219)
(213, 225)
(213, 228)
(213, 362)
(213, 245)
(213, 375)
(213, 382)
(214, 260)
(214, 390)
(214, 276)
(214, 286)
(214, 312)
(214, 327)
(214, 335)
(214, 341)
(214, 223)
(214, 228)
(214, 238)
(214, 369)
(214, 242)
(214, 372)
(214, 249)
(214, 378)
(214, 380)
(214, 255)
(215, 257)
(215, 389)
(215, 396)
(215, 399)
(215, 274)
(215, 276)
(215, 287)
(215, 321)
(215, 331)
(215, 343)
(215, 362)
(215, 245)
(215, 382)
(216, 256)
(216, 396)
(216, 397)
(216, 271)
(216, 277)
(216, 282)
(216, 291)
(216, 292)
(216, 303)
(216, 309)
(216, 245)
(216, 322)
(216, 225)
(216, 328)
(216, 330)
(216, 338)
(216, 344)
(216, 345)
(216, 353)
(216, 236)
(216, 365)
(216, 382)
(216, 374)
(216, 375)
(216, 254)
(217, 266)
(217, 272)
(217, 275)
(217, 278)
(217, 346)
(217, 293)
(217, 306)
(217, 307)
(217, 394)
(217, 325)
(217, 337)
(217, 340)
(217, 218)
(217, 358)
(217, 360)
(217, 235)
(217, 366)
(217, 317)
(217, 243)
(217, 244)
(217, 247)
(217, 381)
(218, 394)
(218, 395)
(218, 272)
(218, 275)
(218, 280)
(218, 296)
(218, 306)
(218, 307)
(218, 266)
(218, 318)
(218, 325)
(218, 337)
(218, 346)
(218, 351)
(218, 358)
(218, 360)
(218, 243)
(218, 244)
(218, 247)
(218, 377)
(219, 397)
(219, 298)
(219, 309)
(219, 322)
(219, 331)
(219, 344)
(219, 350)
(219, 353)
(219, 245)
(219, 382)
(220, 263)
(220, 259)
(220, 289)
(220, 326)
(220, 295)
(220, 391)
(220, 285)
(220, 304)
(220, 227)
(220, 221)
(220, 224)
(220, 355)
(220, 364)
(220, 239)
(220, 241)
(220, 373)
(220, 246)
(221, 263)
(221, 259)
(221, 285)
(221, 289)
(221, 295)
(221, 391)
(221, 302)
(221, 304)
(221, 326)
(221, 227)
(221, 349)
(221, 224)
(221, 355)
(221, 364)
(221, 239)
(221, 240)
(221, 241)
(221, 373)
(221, 246)
(222, 258)
(222, 388)
(222, 392)
(222, 393)
(222, 268)
(222, 264)
(222, 315)
(222, 352)
(222, 356)
(222, 229)
(222, 232)
(222, 233)
(222, 236)
(222, 379)
(223, 390)
(223, 269)
(223, 286)
(223, 312)
(223, 335)
(223, 369)
(223, 242)
(223, 372)
(223, 249)
(223, 378)
(223, 380)
(223, 255)
(224, 259)
(224, 263)
(224, 289)
(224, 326)
(224, 295)
(224, 391)
(224, 302)
(224, 285)
(224, 304)
(224, 355)
(224, 364)
(224, 239)
(224, 240)
(224, 241)
(224, 373)
(224, 246)
(225, 257)
(225, 265)
(225, 396)
(225, 399)
(225, 274)
(225, 276)
(225, 277)
(225, 282)
(225, 287)
(225, 292)
(225, 303)
(225, 309)
(225, 312)
(225, 245)
(225, 322)
(225, 327)
(225, 328)
(225, 343)
(225, 271)
(225, 228)
(225, 230)
(225, 362)
(225, 237)
(225, 238)
(225, 242)
(225, 254)
(225, 374)
(225, 375)
(225, 378)
(225, 251)
(225, 234)
(225, 382)
(225, 255)
(226, 256)
(226, 385)
(226, 261)
(226, 398)
(226, 283)
(226, 291)
(226, 297)
(226, 299)
(226, 300)
(226, 305)
(226, 320)
(226, 330)
(226, 338)
(226, 342)
(226, 345)
(226, 349)
(226, 236)
(226, 365)
(226, 250)
(227, 259)
(227, 326)
(227, 297)
(227, 311)
(227, 336)
(227, 355)
(227, 363)
(227, 373)
(227, 246)
(228, 257)
(228, 389)
(228, 265)
(228, 396)
(228, 269)
(228, 399)
(228, 274)
(228, 276)
(228, 282)
(228, 286)
(228, 287)
(228, 303)
(228, 312)
(228, 321)
(228, 327)
(228, 343)
(228, 271)
(228, 362)
(228, 238)
(228, 242)
(228, 372)
(228, 375)
(228, 378)
(228, 380)
(228, 234)
(228, 382)
(228, 255)
(229, 384)
(229, 258)
(229, 388)
(229, 264)
(229, 393)
(229, 268)
(229, 284)
(229, 315)
(229, 352)
(229, 356)
(229, 357)
(229, 233)
(229, 379)
(230, 384)
(230, 390)
(230, 265)
(230, 271)
(230, 282)
(230, 284)
(230, 291)
(230, 292)
(230, 303)
(230, 312)
(230, 327)
(230, 328)
(230, 341)
(230, 356)
(230, 234)
(230, 237)
(230, 238)
(230, 242)
(230, 378)
(230, 251)
(230, 254)
(231, 384)
(231, 273)
(231, 279)
(231, 284)
(231, 288)
(231, 294)
(231, 301)
(231, 316)
(231, 319)
(231, 314)
(231, 357)
(231, 368)
(231, 371)
(231, 376)
(231, 379)
(232, 261)
(232, 392)
(232, 393)
(232, 398)
(232, 283)
(232, 299)
(232, 310)
(232, 329)
(232, 332)
(232, 347)
(232, 356)
(232, 236)
(232, 250)
(232, 264)
(233, 384)
(233, 258)
(233, 388)
(233, 264)
(233, 393)
(233, 268)
(233, 273)
(233, 284)
(233, 288)
(233, 313)
(233, 315)
(233, 316)
(233, 319)
(233, 323)
(233, 333)
(233, 352)
(233, 356)
(233, 357)
(233, 368)
(233, 379)
(234, 384)
(234, 260)
(234, 390)
(234, 265)
(234, 282)
(234, 284)
(234, 292)
(234, 312)
(234, 314)
(234, 327)
(234, 328)
(234, 341)
(234, 237)
(234, 238)
(234, 242)
(234, 378)
(234, 251)
(234, 380)
(234, 255)
(235, 266)
(235, 278)
(235, 293)
(235, 317)
(235, 324)
(235, 325)
(235, 340)
(235, 346)
(235, 366)
(235, 243)
(235, 247)
(235, 381)
(236, 261)
(236, 393)
(236, 398)
(236, 277)
(236, 283)
(236, 291)
(236, 292)
(236, 299)
(236, 328)
(236, 330)
(236, 342)
(236, 345)
(236, 356)
(236, 365)
(236, 374)
(236, 250)
(237, 384)
(237, 260)
(237, 390)
(237, 265)
(237, 271)
(237, 282)
(237, 284)
(237, 292)
(237, 303)
(237, 312)
(237, 314)
(237, 327)
(237, 328)
(237, 341)
(237, 356)
(237, 238)
(237, 242)
(237, 378)
(237, 251)
(237, 380)
(237, 254)
(238, 390)
(238, 265)
(238, 396)
(238, 271)
(238, 274)
(238, 276)
(238, 282)
(238, 287)
(238, 292)
(238, 303)
(238, 312)
(238, 327)
(238, 328)
(238, 341)
(238, 242)
(238, 372)
(238, 375)
(238, 378)
(238, 251)
(238, 380)
(238, 254)
(238, 255)
(239, 259)
(239, 263)
(239, 289)
(239, 295)
(239, 391)
(239, 302)
(239, 285)
(239, 304)
(239, 355)
(239, 364)
(239, 240)
(239, 241)
(239, 373)
(240, 263)
(240, 285)
(240, 289)
(240, 295)
(240, 298)
(240, 302)
(240, 304)
(240, 350)
(240, 391)
(240, 364)
(240, 241)
(241, 263)
(241, 289)
(241, 295)
(241, 285)
(241, 304)
(241, 391)
(241, 364)
(241, 373)
(242, 260)
(242, 390)
(242, 265)
(242, 276)
(242, 312)
(242, 327)
(242, 341)
(242, 369)
(242, 372)
(242, 378)
(242, 251)
(242, 380)
(242, 255)
(243, 266)
(243, 272)
(243, 275)
(243, 278)
(243, 293)
(243, 306)
(243, 307)
(243, 394)
(243, 324)
(243, 325)
(243, 332)
(243, 340)
(243, 346)
(243, 358)
(243, 360)
(243, 366)
(243, 317)
(243, 244)
(243, 247)
(243, 381)
(244, 394)
(244, 395)
(244, 272)
(244, 275)
(244, 278)
(244, 293)
(244, 306)
(244, 307)
(244, 310)
(244, 266)
(244, 317)
(244, 267)
(244, 325)
(244, 329)
(244, 332)
(244, 340)
(244, 346)
(244, 351)
(244, 358)
(244, 360)
(244, 366)
(244, 247)
(244, 381)
(245, 256)
(245, 389)
(245, 257)
(245, 396)
(245, 397)
(245, 399)
(245, 274)
(245, 287)
(245, 303)
(245, 309)
(245, 322)
(245, 331)
(245, 343)
(245, 344)
(245, 271)
(245, 353)
(245, 362)
(245, 382)
(245, 374)
(245, 375)
(245, 254)
(246, 259)
(246, 391)
(246, 285)
(246, 289)
(246, 295)
(246, 297)
(246, 298)
(246, 302)
(246, 304)
(246, 305)
(246, 311)
(246, 320)
(246, 326)
(246, 338)
(246, 349)
(246, 355)
(246, 363)
(246, 364)
(246, 373)
(247, 385)
(247, 266)
(247, 267)
(247, 272)
(247, 278)
(247, 293)
(247, 306)
(247, 394)
(247, 324)
(247, 325)
(247, 332)
(247, 340)
(247, 346)
(247, 360)
(247, 366)
(247, 317)
(247, 381)
(248, 387)
(248, 388)
(248, 273)
(248, 281)
(248, 288)
(248, 294)
(248, 301)
(248, 313)
(248, 316)
(248, 319)
(248, 323)
(248, 333)
(248, 334)
(248, 339)
(248, 348)
(248, 359)
(248, 361)
(248, 368)
(248, 371)
(248, 379)
(248, 252)
(249, 321)
(249, 269)
(249, 335)
(249, 372)
(249, 276)
(249, 286)
(249, 255)
(250, 385)
(250, 261)
(250, 392)
(250, 267)
(250, 398)
(250, 283)
(250, 291)
(250, 299)
(250, 300)
(250, 320)
(250, 330)
(250, 332)
(250, 338)
(250, 342)
(250, 365)
(251, 384)
(251, 390)
(251, 265)
(251, 277)
(251, 282)
(251, 284)
(251, 291)
(251, 292)
(251, 303)
(251, 312)
(251, 327)
(251, 328)
(251, 341)
(251, 271)
(251, 356)
(251, 375)
(251, 378)
(251, 254)
(252, 388)
(252, 281)
(252, 313)
(252, 323)
(252, 333)
(252, 334)
(252, 339)
(252, 348)
(252, 359)
(252, 361)
(252, 367)
(252, 368)
(252, 383)
(253, 386)
(253, 262)
(253, 395)
(253, 270)
(253, 290)
(253, 308)
(253, 347)
(253, 354)
(253, 359)
(253, 367)
(253, 370)
(253, 318)
(253, 377)
(253, 383)
(254, 256)
(254, 265)
(254, 396)
(254, 397)
(254, 399)
(254, 274)
(254, 277)
(254, 282)
(254, 291)
(254, 292)
(254, 303)
(254, 309)
(254, 322)
(254, 328)
(254, 330)
(254, 344)
(254, 345)
(254, 271)
(254, 353)
(254, 374)
(254, 375)
(254, 382)
(255, 260)
(255, 390)
(255, 265)
(255, 276)
(255, 286)
(255, 312)
(255, 327)
(255, 341)
(255, 369)
(255, 372)
(255, 378)
(255, 380)
(256, 396)
(256, 397)
(256, 271)
(256, 277)
(256, 282)
(256, 291)
(256, 292)
(256, 303)
(256, 305)
(256, 309)
(256, 320)
(256, 322)
(256, 328)
(256, 330)
(256, 338)
(256, 344)
(256, 345)
(256, 350)
(256, 353)
(256, 365)
(256, 374)
(256, 375)
(256, 382)
(257, 389)
(257, 396)
(257, 269)
(257, 399)
(257, 274)
(257, 276)
(257, 287)
(257, 321)
(257, 322)
(257, 331)
(257, 343)
(257, 362)
(257, 375)
(257, 382)
(258, 388)
(258, 264)
(258, 393)
(258, 268)
(258, 315)
(258, 323)
(258, 352)
(258, 356)
(258, 379)
(259, 391)
(259, 285)
(259, 289)
(259, 295)
(259, 297)
(259, 298)
(259, 302)
(259, 304)
(259, 305)
(259, 311)
(259, 320)
(259, 326)
(259, 349)
(259, 355)
(259, 364)
(259, 373)
(260, 384)
(260, 390)
(260, 279)
(260, 284)
(260, 312)
(260, 314)
(260, 327)
(260, 341)
(260, 369)
(260, 378)
(260, 380)
(261, 385)
(261, 267)
(261, 398)
(261, 283)
(261, 291)
(261, 299)
(261, 300)
(261, 320)
(261, 330)
(261, 332)
(261, 338)
(261, 342)
(261, 345)
(261, 365)
(262, 386)
(262, 392)
(262, 395)
(262, 270)
(262, 272)
(262, 280)
(262, 290)
(262, 296)
(262, 264)
(262, 306)
(262, 307)
(262, 308)
(262, 310)
(262, 318)
(262, 329)
(262, 347)
(262, 351)
(262, 354)
(262, 358)
(262, 367)
(262, 370)
(262, 377)
(263, 391)
(263, 289)
(263, 295)
(263, 298)
(263, 302)
(263, 285)
(263, 304)
(263, 355)
(263, 364)
(263, 373)
(264, 386)
(264, 388)
(264, 392)
(264, 393)
(264, 268)
(264, 290)
(264, 310)
(264, 315)
(264, 329)
(264, 347)
(264, 351)
(264, 352)
(264, 367)
(264, 370)
(265, 396)
(265, 274)
(265, 276)
(265, 282)
(265, 287)
(265, 292)
(265, 303)
(265, 312)
(265, 322)
(265, 327)
(265, 328)
(265, 271)
(265, 399)
(265, 372)
(265, 374)
(265, 375)
(265, 378)
(265, 380)
(265, 382)
(266, 394)
(266, 267)
(266, 278)
(266, 293)
(266, 306)
(266, 317)
(266, 324)
(266, 325)
(266, 332)
(266, 340)
(266, 346)
(266, 272)
(266, 360)
(266, 366)
(266, 381)
(267, 385)
(267, 278)
(267, 283)
(267, 293)
(267, 299)
(267, 300)
(267, 317)
(267, 324)
(267, 332)
(267, 340)
(267, 342)
(267, 360)
(267, 366)
(268, 388)
(268, 393)
(268, 273)
(268, 315)
(268, 323)
(268, 333)
(268, 352)
(268, 356)
(268, 379)
(269, 321)
(269, 389)
(269, 335)
(269, 372)
(269, 276)
(269, 286)
(269, 287)
(270, 386)
(270, 395)
(270, 272)
(270, 280)
(270, 290)
(270, 296)
(270, 307)
(270, 308)
(270, 310)
(270, 318)
(270, 329)
(270, 347)
(270, 351)
(270, 354)
(270, 358)
(270, 367)
(270, 370)
(270, 377)
(270, 383)
(271, 396)
(271, 397)
(271, 399)
(271, 274)
(271, 277)
(271, 282)
(271, 291)
(271, 292)
(271, 303)
(271, 309)
(271, 322)
(271, 328)
(271, 330)
(271, 344)
(271, 345)
(271, 353)
(271, 374)
(271, 375)
(271, 382)
(272, 386)
(272, 394)
(272, 395)
(272, 275)
(272, 280)
(272, 296)
(272, 306)
(272, 307)
(272, 308)
(272, 310)
(272, 318)
(272, 329)
(272, 347)
(272, 351)
(272, 358)
(272, 360)
(272, 370)
(272, 377)
(273, 384)
(273, 388)
(273, 281)
(273, 284)
(273, 288)
(273, 294)
(273, 301)
(273, 313)
(273, 316)
(273, 319)
(273, 323)
(273, 333)
(273, 334)
(273, 357)
(273, 368)
(273, 371)
(273, 376)
(273, 379)
(274, 389)
(274, 396)
(274, 276)
(274, 282)
(274, 303)
(274, 287)
(274, 309)
(274, 312)
(274, 321)
(274, 322)
(274, 331)
(274, 343)
(274, 399)
(274, 362)
(274, 374)
(274, 375)
(274, 382)
(275, 394)
(275, 280)
(275, 296)
(275, 306)
(275, 307)
(275, 318)
(275, 325)
(275, 337)
(275, 346)
(275, 358)
(275, 360)
(276, 389)
(276, 396)
(276, 399)
(276, 286)
(276, 287)
(276, 312)
(276, 321)
(276, 343)
(276, 362)
(276, 372)
(277, 396)
(277, 397)
(277, 398)
(277, 282)
(277, 291)
(277, 292)
(277, 303)
(277, 309)
(277, 322)
(277, 328)
(277, 330)
(277, 344)
(277, 345)
(277, 353)
(277, 365)
(277, 374)
(277, 375)
(277, 382)
(278, 385)
(278, 293)
(278, 317)
(278, 324)
(278, 332)
(278, 336)
(278, 340)
(278, 360)
(278, 366)
(278, 381)
(279, 384)
(279, 390)
(279, 284)
(279, 314)
(279, 341)
(279, 369)
(279, 376)
(280, 386)
(280, 394)
(280, 395)
(280, 296)
(280, 306)
(280, 307)
(280, 308)
(280, 351)
(280, 358)
(280, 370)
(280, 318)
(280, 377)
(281, 388)
(281, 294)
(281, 313)
(281, 323)
(281, 334)
(281, 333)
(281, 339)
(281, 348)
(281, 359)
(281, 361)
(281, 367)
(281, 368)
(281, 383)
(282, 396)
(282, 303)
(282, 291)
(282, 292)
(282, 309)
(282, 322)
(282, 327)
(282, 328)
(282, 330)
(282, 345)
(282, 374)
(282, 375)
(282, 382)
(283, 385)
(283, 398)
(283, 299)
(283, 300)
(283, 320)
(283, 332)
(283, 338)
(283, 342)
(283, 365)
(284, 384)
(284, 390)
(284, 288)
(284, 316)
(284, 319)
(284, 327)
(284, 341)
(284, 314)
(284, 357)
(284, 376)
(284, 378)
(284, 379)
(285, 391)
(285, 289)
(285, 295)
(285, 298)
(285, 302)
(285, 304)
(285, 326)
(285, 349)
(285, 350)
(285, 355)
(285, 364)
(285, 373)
(286, 389)
(286, 287)
(286, 321)
(286, 335)
(286, 372)
(287, 389)
(287, 396)
(287, 399)
(287, 321)
(287, 331)
(287, 312)
(287, 343)
(287, 362)
(287, 375)
(287, 382)
(288, 384)
(288, 294)
(288, 301)
(288, 316)
(288, 319)
(288, 333)
(288, 334)
(288, 357)
(288, 368)
(288, 371)
(288, 376)
(288, 379)
(289, 391)
(289, 295)
(289, 297)
(289, 298)
(289, 302)
(289, 304)
(289, 305)
(289, 349)
(289, 350)
(289, 355)
(289, 364)
(289, 373)
(290, 386)
(290, 392)
(290, 395)
(290, 308)
(290, 310)
(290, 329)
(290, 347)
(290, 351)
(290, 354)
(290, 367)
(290, 370)
(290, 318)
(290, 377)
(290, 383)
(291, 393)
(291, 398)
(291, 292)
(291, 303)
(291, 328)
(291, 330)
(291, 345)
(291, 356)
(291, 365)
(291, 374)
(291, 375)
(292, 393)
(292, 398)
(292, 303)
(292, 322)
(292, 327)
(292, 328)
(292, 330)
(292, 356)
(292, 374)
(292, 375)
(293, 385)
(293, 394)
(293, 299)
(293, 317)
(293, 324)
(293, 332)
(293, 340)
(293, 360)
(293, 366)
(293, 381)
(294, 387)
(294, 301)
(294, 313)
(294, 316)
(294, 319)
(294, 333)
(294, 334)
(294, 339)
(294, 348)
(294, 357)
(294, 368)
(294, 371)
(294, 376)
(295, 391)
(295, 297)
(295, 298)
(295, 302)
(295, 304)
(295, 305)
(295, 349)
(295, 350)
(295, 355)
(295, 364)
(295, 373)
(296, 386)
(296, 395)
(296, 306)
(296, 307)
(296, 308)
(296, 351)
(296, 358)
(296, 318)
(296, 377)
(297, 385)
(297, 391)
(297, 300)
(297, 302)
(297, 305)
(297, 311)
(297, 320)
(297, 326)
(297, 338)
(297, 342)
(297, 349)
(297, 355)
(297, 363)
(297, 373)
(298, 391)
(298, 397)
(298, 302)
(298, 304)
(298, 305)
(298, 320)
(298, 338)
(298, 344)
(298, 345)
(298, 349)
(298, 350)
(298, 353)
(298, 355)
(298, 364)
(299, 385)
(299, 392)
(299, 398)
(299, 300)
(299, 317)
(299, 332)
(299, 342)
(299, 365)
(300, 385)
(300, 398)
(300, 305)
(300, 320)
(300, 332)
(300, 338)
(300, 342)
(300, 365)
(301, 316)
(301, 319)
(301, 333)
(301, 334)
(301, 348)
(301, 357)
(301, 368)
(301, 371)
(301, 376)
(301, 379)
(302, 391)
(302, 304)
(302, 305)
(302, 320)
(302, 349)
(302, 350)
(302, 353)
(302, 355)
(302, 364)
(302, 373)
(303, 396)
(303, 399)
(303, 309)
(303, 322)
(303, 327)
(303, 328)
(303, 330)
(303, 344)
(303, 345)
(303, 374)
(303, 375)
(303, 382)
(304, 391)
(304, 349)
(304, 355)
(304, 364)
(304, 373)
(305, 391)
(305, 320)
(305, 338)
(305, 342)
(305, 344)
(305, 345)
(305, 349)
(305, 350)
(305, 353)
(305, 355)
(305, 365)
(305, 373)
(306, 386)
(306, 394)
(306, 395)
(306, 307)
(306, 308)
(306, 310)
(306, 329)
(306, 346)
(306, 347)
(306, 351)
(306, 358)
(306, 360)
(306, 318)
(306, 377)
(307, 386)
(307, 394)
(307, 395)
(307, 308)
(307, 329)
(307, 346)
(307, 351)
(307, 310)
(307, 358)
(307, 360)
(307, 318)
(307, 377)
(308, 386)
(308, 395)
(308, 310)
(308, 329)
(308, 347)
(308, 351)
(308, 354)
(308, 358)
(308, 367)
(308, 370)
(308, 318)
(308, 377)
(308, 383)
(309, 396)
(309, 397)
(309, 399)
(309, 322)
(309, 328)
(309, 330)
(309, 331)
(309, 344)
(309, 345)
(309, 350)
(309, 353)
(309, 362)
(309, 374)
(309, 375)
(309, 382)
(310, 386)
(310, 392)
(310, 395)
(310, 329)
(310, 347)
(310, 351)
(310, 358)
(310, 360)
(310, 367)
(310, 370)
(310, 318)
(310, 377)
(311, 326)
(311, 336)
(311, 363)
(311, 373)
(312, 390)
(312, 372)
(312, 327)
(312, 341)
(312, 378)
(312, 380)
(313, 388)
(313, 323)
(313, 333)
(313, 334)
(313, 339)
(313, 348)
(313, 359)
(313, 361)
(313, 367)
(313, 368)
(313, 379)
(313, 383)
(314, 384)
(314, 390)
(314, 327)
(314, 341)
(314, 357)
(314, 369)
(314, 376)
(314, 378)
(314, 380)
(315, 384)
(315, 388)
(315, 393)
(315, 352)
(315, 356)
(315, 379)
(316, 384)
(316, 319)
(316, 333)
(316, 334)
(316, 357)
(316, 368)
(316, 371)
(316, 376)
(316, 379)
(317, 385)
(317, 394)
(317, 324)
(317, 332)
(317, 340)
(317, 360)
(317, 366)
(317, 381)
(318, 386)
(318, 394)
(318, 395)
(318, 329)
(318, 347)
(318, 351)
(318, 358)
(318, 360)
(318, 370)
(318, 377)
(319, 384)
(319, 334)
(319, 357)
(319, 368)
(319, 371)
(319, 376)
(319, 379)
(320, 385)
(320, 330)
(320, 338)
(320, 342)
(320, 344)
(320, 345)
(320, 349)
(320, 353)
(320, 355)
(320, 365)
(321, 389)
(321, 399)
(321, 343)
(321, 362)
(322, 396)
(322, 397)
(322, 399)
(322, 328)
(322, 330)
(322, 331)
(322, 343)
(322, 344)
(322, 345)
(322, 353)
(322, 362)
(322, 374)
(322, 375)
(322, 382)
(323, 388)
(323, 333)
(323, 339)
(323, 348)
(323, 359)
(323, 361)
(323, 367)
(323, 368)
(323, 379)
(323, 383)
(324, 325)
(324, 336)
(324, 340)
(324, 366)
(324, 381)
(325, 394)
(325, 346)
(325, 337)
(325, 340)
(325, 366)
(325, 381)
(326, 391)
(326, 355)
(326, 363)
(326, 373)
(327, 384)
(327, 390)
(327, 328)
(327, 341)
(327, 372)
(327, 378)
(327, 380)
(328, 396)
(328, 398)
(328, 330)
(328, 345)
(328, 356)
(328, 374)
(328, 375)
(328, 382)
(329, 386)
(329, 392)
(329, 395)
(329, 332)
(329, 347)
(329, 351)
(329, 358)
(329, 360)
(329, 370)
(329, 377)
(330, 398)
(330, 338)
(330, 344)
(330, 345)
(330, 365)
(330, 374)
(330, 375)
(331, 389)
(331, 343)
(331, 396)
(331, 397)
(331, 399)
(331, 353)
(331, 362)
(331, 382)
(332, 385)
(332, 392)
(332, 394)
(332, 340)
(332, 342)
(332, 360)
(332, 366)
(332, 381)
(333, 388)
(333, 334)
(333, 339)
(333, 348)
(333, 359)
(333, 361)
(333, 368)
(333, 379)
(334, 387)
(334, 339)
(334, 348)
(334, 361)
(334, 368)
(334, 371)
(335, 372)
(336, 385)
(336, 363)
(337, 394)
(337, 346)
(338, 398)
(338, 342)
(338, 344)
(338, 345)
(338, 349)
(338, 353)
(338, 365)
(339, 387)
(339, 348)
(339, 359)
(339, 361)
(339, 368)
(340, 394)
(340, 346)
(340, 360)
(340, 366)
(340, 381)
(341, 384)
(341, 390)
(341, 369)
(341, 378)
(341, 380)
(342, 385)
(342, 398)
(342, 365)
(343, 389)
(343, 396)
(343, 399)
(343, 362)
(343, 382)
(344, 396)
(344, 397)
(344, 345)
(344, 350)
(344, 353)
(344, 374)
(344, 375)
(344, 382)
(345, 397)
(345, 398)
(345, 350)
(345, 353)
(345, 365)
(345, 374)
(345, 375)
(345, 382)
(346, 394)
(346, 366)
(346, 381)
(347, 386)
(347, 392)
(347, 395)
(347, 351)
(347, 358)
(347, 367)
(347, 370)
(347, 377)
(348, 387)
(348, 359)
(348, 361)
(348, 368)
(349, 391)
(349, 350)
(349, 355)
(349, 364)
(349, 373)
(350, 391)
(350, 397)
(350, 353)
(350, 355)
(350, 364)
(351, 386)
(351, 392)
(351, 394)
(351, 395)
(351, 358)
(351, 360)
(351, 367)
(351, 370)
(351, 377)
(352, 384)
(352, 388)
(352, 393)
(352, 356)
(352, 379)
(353, 397)
(353, 374)
(353, 375)
(353, 382)
(354, 386)
(354, 395)
(354, 359)
(354, 367)
(354, 370)
(354, 377)
(354, 383)
(355, 391)
(355, 364)
(355, 373)
(356, 384)
(356, 393)
(356, 398)
(357, 384)
(357, 368)
(357, 371)
(357, 376)
(357, 379)
(358, 386)
(358, 394)
(358, 395)
(358, 360)
(358, 370)
(358, 377)
(359, 388)
(359, 361)
(359, 367)
(359, 368)
(359, 383)
(360, 392)
(360, 394)
(360, 395)
(360, 366)
(360, 381)
(361, 387)
(361, 368)
(362, 389)
(362, 396)
(362, 399)
(362, 375)
(362, 382)
(364, 391)
(364, 373)
(365, 385)
(365, 398)
(366, 394)
(366, 381)
(367, 388)
(367, 395)
(367, 386)
(367, 370)
(367, 383)
(368, 388)
(368, 371)
(368, 376)
(368, 379)
(369, 390)
(369, 372)
(369, 378)
(369, 380)
(370, 386)
(370, 392)
(370, 395)
(370, 377)
(370, 383)
(371, 376)
(372, 390)
(372, 378)
(372, 380)
(373, 391)
(374, 396)
(374, 397)
(374, 375)
(374, 382)
(375, 396)
(375, 397)
(375, 399)
(375, 382)
(376, 384)
(376, 379)
(377, 386)
(377, 394)
(377, 395)
(378, 390)
(378, 380)
(379, 384)
(379, 388)
(380, 390)
(381, 394)
(382, 396)
(382, 397)
(382, 399)
(384, 390)
(386, 392)
(386, 395)
(389, 396)
(389, 399)
(392, 395)
(393, 398)
(394, 395)
(396, 397)
(396, 399)
