#Nodes
0
1
2
3
4
5
6
7
8
9
10
11
12
13
14
15
16
17
18
19
20
21
22
23
24
25
26
27
28
29
30
31
32
33
34
35
36
37
38
39
40
41
42
43
44
45
46
47
48
49
50
51
52
53
54
55
56
57
58
59
60
61
62
63
64
65
66
67
68
69
70
71
72
73
74
75
76
77
78
79
80
81
82
83
84
85
86
87
88
89
90
91
92
93
94
95
96
97
98
99
100
101
102
103
104
105
106
107
108
109
110
111
112
113
114
115
116
117
118
119
120
121
122
123
124
125
126
127
128
129
130
131
132
133
134
135
136
137
138
139
140
141
142
143
144
145
146
147
148
149
150
151
152
153
154
155
156
157
158
159
160
161
162
163
164
165
166
167
168
169
170
171
172
173
174
175
176
177
178
179
180
181
182
183
184
185
186
187
188
189
190
191
192
193
194
195
196
197
198
199
200
201
202
203
204
205
206
207
208
209
210
211
212
213
214
215
216
217
218
219
220
221
222
223
224
225
226
227
228
229
230
231
232
233
234
235
236
237
238
239
240
241
242
243
244
245
246
247
248
249
250
251
252
253
254
255
256
257
258
259
260
261
262
263
264
265
266
267
268
269
270
271
272
273
274
275
276
277
278
279
280
281
282
283
284
285
286
287
288
289
290
291
292
293
294
295
296
297
298
299
300
301
302
303
304
305
306
307
308
309
310
311
312
313
314
315
316
317
318
319
320
321
322
323
324
325
326
327
328
329
330
331
332
333
334
335
336
337
338
339
340
341
342
343
344
345
346
347
348
349
350
351
352
353
354
355
356
357
358
359
360
361
362
363
364
365
366
367
368
369
370
371
372
373
374
375
376
377
378
379
380
381
382
383
384
385
386
387
388
389
390
391
392
393
394
395
396
397
398
399
#Edges
(0, 256)
(0, 4)
(0, 266)
(0, 13)
(0, 398)
(0, 155)
(0, 29)
(0, 163)
(0, 37)
(0, 296)
(0, 47)
(0, 27)
(0, 200)
(0, 314)
(0, 187)
(0, 317)
(0, 328)
(0, 205)
(0, 82)
(0, 84)
(0, 85)
(0, 315)
(0, 229)
(0, 103)
(0, 240)
(0, 117)
(0, 379)
(0, 382)
(1, 129)
(1, 391)
(1, 64)
(1, 393)
(1, 395)
(1, 399)
(1, 274)
(1, 148)
(1, 21)
(1, 279)
(1, 280)
(1, 284)
(1, 30)
(1, 159)
(1, 290)
(1, 291)
(1, 166)
(1, 171)
(1, 151)
(1, 302)
(1, 303)
(1, 55)
(1, 316)
(1, 319)
(1, 192)
(1, 193)
(1, 70)
(1, 327)
(1, 330)
(1, 204)
(1, 79)
(1, 83)
(1, 341)
(1, 344)
(1, 100)
(1, 346)
(1, 143)
(1, 351)
(1, 224)
(1, 356)
(1, 104)
(1, 105)
(1, 234)
(1, 364)
(1, 365)
(1, 248)
(1, 122)
(1, 123)
(1, 254)
(2, 353)
(2, 386)
(2, 5)
(2, 6)
(2, 169)
(2, 235)
(2, 332)
(2, 173)
(2, 238)
(2, 369)
(2, 370)
(2, 244)
(2, 213)
(2, 278)
(2, 311)
(2, 376)
(2, 249)
(2, 156)
(2, 110)
(3, 385)
(3, 180)
(3, 261)
(3, 390)
(3, 257)
(3, 298)
(3, 268)
(3, 80)
(3, 59)
(3, 340)
(3, 373)
(3, 281)
(3, 219)
(3, 221)
(3, 245)
(4, 256)
(4, 266)
(4, 13)
(4, 398)
(4, 273)
(4, 277)
(4, 155)
(4, 29)
(4, 163)
(4, 296)
(4, 47)
(4, 27)
(4, 200)
(4, 314)
(4, 187)
(4, 317)
(4, 328)
(4, 205)
(4, 82)
(4, 84)
(4, 85)
(4, 315)
(4, 229)
(4, 103)
(4, 239)
(4, 240)
(4, 40)
(4, 117)
(4, 379)
(4, 382)
(5, 353)
(5, 386)
(5, 6)
(5, 169)
(5, 235)
(5, 332)
(5, 173)
(5, 238)
(5, 369)
(5, 370)
(5, 244)
(5, 213)
(5, 278)
(5, 311)
(5, 376)
(5, 249)
(5, 156)
(5, 110)
(6, 353)
(6, 386)
(6, 169)
(6, 110)
(6, 332)
(6, 173)
(6, 238)
(6, 335)
(6, 369)
(6, 370)
(6, 244)
(6, 213)
(6, 278)
(6, 311)
(6, 376)
(6, 249)
(6, 156)
(7, 262)
(7, 11)
(7, 12)
(7, 397)
(7, 272)
(7, 18)
(7, 22)
(7, 23)
(7, 24)
(7, 157)
(7, 289)
(7, 162)
(7, 36)
(7, 134)
(7, 43)
(7, 178)
(7, 307)
(7, 52)
(7, 53)
(7, 54)
(7, 312)
(7, 186)
(7, 95)
(7, 190)
(7, 322)
(7, 324)
(7, 71)
(7, 335)
(7, 227)
(7, 212)
(7, 342)
(7, 343)
(7, 88)
(7, 217)
(7, 92)
(7, 349)
(7, 350)
(7, 223)
(7, 96)
(7, 144)
(7, 354)
(7, 355)
(7, 357)
(7, 102)
(7, 359)
(7, 231)
(7, 366)
(7, 62)
(7, 374)
(7, 376)
(8, 80)
(8, 323)
(8, 292)
(8, 9)
(8, 39)
(8, 137)
(8, 362)
(8, 331)
(8, 301)
(8, 237)
(8, 176)
(8, 75)
(8, 211)
(8, 276)
(8, 245)
(8, 86)
(8, 57)
(8, 260)
(8, 91)
(8, 28)
(8, 287)
(9, 130)
(9, 260)
(9, 86)
(9, 391)
(9, 137)
(9, 267)
(9, 140)
(9, 274)
(9, 323)
(9, 276)
(9, 21)
(9, 154)
(9, 28)
(9, 287)
(9, 292)
(9, 293)
(9, 166)
(9, 167)
(9, 300)
(9, 301)
(9, 46)
(9, 303)
(9, 176)
(9, 184)
(9, 57)
(9, 159)
(9, 74)
(9, 191)
(9, 195)
(9, 202)
(9, 331)
(9, 75)
(9, 211)
(9, 203)
(9, 218)
(9, 91)
(9, 356)
(9, 105)
(9, 362)
(9, 39)
(9, 237)
(9, 147)
(9, 148)
(9, 253)
(9, 127)
(10, 384)
(10, 388)
(10, 389)
(10, 136)
(10, 265)
(10, 394)
(10, 396)
(10, 66)
(10, 142)
(10, 271)
(10, 145)
(10, 19)
(10, 25)
(10, 26)
(10, 285)
(10, 133)
(10, 160)
(10, 164)
(10, 165)
(10, 297)
(10, 175)
(10, 177)
(10, 318)
(10, 194)
(10, 325)
(10, 199)
(10, 72)
(10, 76)
(10, 333)
(10, 206)
(10, 81)
(10, 220)
(10, 15)
(10, 348)
(10, 37)
(10, 228)
(10, 358)
(10, 230)
(10, 232)
(10, 361)
(10, 107)
(10, 108)
(10, 111)
(10, 112)
(10, 116)
(10, 119)
(10, 120)
(10, 377)
(10, 378)
(10, 251)
(10, 380)
(10, 125)
(11, 43)
(11, 262)
(11, 395)
(11, 12)
(11, 269)
(11, 14)
(11, 272)
(11, 18)
(11, 149)
(11, 22)
(11, 23)
(11, 30)
(11, 162)
(11, 35)
(11, 134)
(11, 71)
(11, 178)
(11, 307)
(11, 53)
(11, 182)
(11, 95)
(11, 215)
(11, 64)
(11, 322)
(11, 324)
(11, 54)
(11, 327)
(11, 201)
(11, 204)
(11, 336)
(11, 227)
(11, 212)
(11, 342)
(11, 343)
(11, 88)
(11, 89)
(11, 92)
(11, 349)
(11, 223)
(11, 144)
(11, 354)
(11, 355)
(11, 357)
(11, 102)
(11, 231)
(11, 104)
(11, 241)
(11, 242)
(11, 243)
(11, 190)
(11, 248)
(11, 123)
(11, 252)
(11, 381)
(11, 383)
(12, 258)
(12, 134)
(12, 395)
(12, 143)
(12, 144)
(12, 18)
(12, 275)
(12, 22)
(12, 279)
(12, 280)
(12, 23)
(12, 161)
(12, 35)
(12, 43)
(12, 172)
(12, 178)
(12, 307)
(12, 53)
(12, 182)
(12, 55)
(12, 56)
(12, 185)
(12, 316)
(12, 190)
(12, 63)
(12, 64)
(12, 139)
(12, 54)
(12, 71)
(12, 329)
(12, 330)
(12, 204)
(12, 79)
(12, 212)
(12, 341)
(12, 342)
(12, 343)
(12, 216)
(12, 346)
(12, 95)
(12, 96)
(12, 354)
(12, 357)
(12, 102)
(12, 104)
(12, 364)
(12, 241)
(12, 242)
(12, 374)
(12, 123)
(12, 252)
(12, 381)
(12, 254)
(13, 256)
(13, 259)
(13, 398)
(13, 273)
(13, 277)
(13, 152)
(13, 155)
(13, 29)
(13, 163)
(13, 296)
(13, 61)
(13, 47)
(13, 27)
(13, 200)
(13, 314)
(13, 315)
(13, 317)
(13, 328)
(13, 205)
(13, 82)
(13, 84)
(13, 85)
(13, 229)
(13, 103)
(13, 239)
(13, 40)
(13, 115)
(13, 117)
(13, 379)
(13, 255)
(14, 43)
(14, 133)
(14, 262)
(14, 393)
(14, 395)
(14, 269)
(14, 399)
(14, 149)
(14, 151)
(14, 30)
(14, 35)
(14, 290)
(14, 291)
(14, 164)
(14, 113)
(14, 170)
(14, 199)
(14, 175)
(14, 177)
(14, 178)
(14, 54)
(14, 23)
(14, 58)
(14, 321)
(14, 322)
(14, 71)
(14, 69)
(14, 327)
(14, 201)
(14, 83)
(14, 204)
(14, 336)
(14, 120)
(14, 339)
(14, 215)
(14, 88)
(14, 345)
(14, 90)
(14, 92)
(14, 122)
(14, 95)
(14, 224)
(14, 225)
(14, 363)
(14, 108)
(14, 365)
(14, 241)
(14, 114)
(14, 243)
(14, 89)
(14, 248)
(14, 250)
(14, 380)
(14, 42)
(14, 383)
(15, 384)
(15, 388)
(15, 389)
(15, 136)
(15, 265)
(15, 394)
(15, 269)
(15, 399)
(15, 145)
(15, 25)
(15, 26)
(15, 285)
(15, 69)
(15, 133)
(15, 160)
(15, 112)
(15, 164)
(15, 37)
(15, 297)
(15, 170)
(15, 175)
(15, 177)
(15, 314)
(15, 187)
(15, 266)
(15, 318)
(15, 321)
(15, 194)
(15, 66)
(15, 325)
(15, 199)
(15, 328)
(15, 201)
(15, 333)
(15, 81)
(15, 339)
(15, 90)
(15, 348)
(15, 58)
(15, 225)
(15, 251)
(15, 228)
(15, 230)
(15, 358)
(15, 361)
(15, 363)
(15, 108)
(15, 111)
(15, 240)
(15, 113)
(15, 114)
(15, 42)
(15, 116)
(15, 117)
(15, 119)
(15, 120)
(15, 377)
(15, 250)
(15, 379)
(15, 380)
(15, 125)
(15, 382)
(16, 256)
(16, 129)
(16, 399)
(16, 273)
(16, 277)
(16, 151)
(16, 152)
(16, 27)
(16, 284)
(16, 29)
(16, 163)
(16, 296)
(16, 170)
(16, 171)
(16, 302)
(16, 47)
(16, 58)
(16, 315)
(16, 317)
(16, 193)
(16, 70)
(16, 205)
(16, 82)
(16, 291)
(16, 84)
(16, 85)
(16, 214)
(16, 122)
(16, 351)
(16, 224)
(16, 100)
(16, 103)
(16, 365)
(16, 368)
(16, 40)
(16, 83)
(16, 250)
(16, 379)
(17, 385)
(17, 261)
(17, 257)
(17, 267)
(17, 140)
(17, 141)
(17, 150)
(17, 281)
(17, 154)
(17, 288)
(17, 293)
(17, 294)
(17, 41)
(17, 300)
(17, 174)
(17, 308)
(17, 181)
(17, 59)
(17, 60)
(17, 94)
(17, 195)
(17, 198)
(17, 202)
(17, 209)
(17, 210)
(17, 340)
(17, 218)
(17, 219)
(17, 221)
(17, 222)
(17, 226)
(17, 236)
(17, 372)
(17, 373)
(17, 124)
(17, 253)
(18, 134)
(18, 397)
(18, 144)
(18, 88)
(18, 22)
(18, 23)
(18, 24)
(18, 157)
(18, 289)
(18, 162)
(18, 43)
(18, 178)
(18, 307)
(18, 52)
(18, 53)
(18, 54)
(18, 311)
(18, 312)
(18, 185)
(18, 186)
(18, 190)
(18, 324)
(18, 334)
(18, 227)
(18, 212)
(18, 342)
(18, 343)
(18, 216)
(18, 217)
(18, 349)
(18, 350)
(18, 95)
(18, 96)
(18, 354)
(18, 355)
(18, 357)
(18, 102)
(18, 359)
(18, 360)
(18, 231)
(18, 366)
(18, 369)
(18, 242)
(18, 374)
(18, 376)
(18, 381)
(19, 384)
(19, 388)
(19, 389)
(19, 136)
(19, 265)
(19, 394)
(19, 66)
(19, 142)
(19, 160)
(19, 165)
(19, 297)
(19, 318)
(19, 194)
(19, 72)
(19, 76)
(19, 333)
(19, 206)
(19, 348)
(19, 220)
(19, 228)
(19, 358)
(19, 232)
(19, 361)
(19, 107)
(19, 112)
(19, 116)
(19, 119)
(19, 377)
(19, 378)
(19, 251)
(20, 128)
(20, 131)
(20, 138)
(20, 270)
(20, 277)
(20, 283)
(20, 31)
(20, 38)
(20, 295)
(20, 299)
(20, 44)
(20, 45)
(20, 305)
(20, 50)
(20, 115)
(20, 309)
(20, 310)
(20, 183)
(20, 61)
(20, 320)
(20, 67)
(20, 68)
(20, 197)
(20, 326)
(20, 337)
(20, 214)
(20, 49)
(20, 347)
(20, 352)
(20, 97)
(20, 101)
(20, 233)
(20, 106)
(20, 109)
(20, 367)
(20, 368)
(20, 371)
(21, 129)
(21, 130)
(21, 131)
(21, 391)
(21, 137)
(21, 274)
(21, 148)
(21, 46)
(21, 284)
(21, 158)
(21, 159)
(21, 166)
(21, 167)
(21, 171)
(21, 45)
(21, 302)
(21, 303)
(21, 305)
(21, 309)
(21, 184)
(21, 191)
(21, 192)
(21, 193)
(21, 49)
(21, 70)
(21, 74)
(21, 203)
(21, 83)
(21, 214)
(21, 344)
(21, 100)
(21, 91)
(21, 351)
(21, 352)
(21, 356)
(21, 233)
(21, 362)
(21, 109)
(21, 105)
(21, 319)
(22, 43)
(22, 262)
(22, 395)
(22, 269)
(22, 272)
(22, 149)
(22, 23)
(22, 157)
(22, 162)
(22, 35)
(22, 36)
(22, 134)
(22, 71)
(22, 178)
(22, 307)
(22, 53)
(22, 182)
(22, 95)
(22, 215)
(22, 64)
(22, 322)
(22, 324)
(22, 54)
(22, 327)
(22, 62)
(22, 204)
(22, 336)
(22, 227)
(22, 212)
(22, 342)
(22, 343)
(22, 88)
(22, 89)
(22, 92)
(22, 349)
(22, 223)
(22, 144)
(22, 354)
(22, 355)
(22, 357)
(22, 102)
(22, 359)
(22, 104)
(22, 231)
(22, 241)
(22, 242)
(22, 243)
(22, 190)
(22, 248)
(22, 381)
(22, 383)
(23, 43)
(23, 262)
(23, 395)
(23, 269)
(23, 272)
(23, 149)
(23, 89)
(23, 30)
(23, 162)
(23, 35)
(23, 36)
(23, 134)
(23, 71)
(23, 178)
(23, 53)
(23, 54)
(23, 95)
(23, 215)
(23, 64)
(23, 322)
(23, 324)
(23, 327)
(23, 201)
(23, 204)
(23, 336)
(23, 227)
(23, 342)
(23, 343)
(23, 88)
(23, 345)
(23, 90)
(23, 92)
(23, 349)
(23, 223)
(23, 144)
(23, 354)
(23, 355)
(23, 357)
(23, 102)
(23, 359)
(23, 231)
(23, 241)
(23, 243)
(23, 62)
(23, 248)
(23, 383)
(24, 272)
(24, 238)
(24, 157)
(24, 289)
(24, 162)
(24, 36)
(24, 52)
(24, 53)
(24, 312)
(24, 186)
(24, 62)
(24, 324)
(24, 335)
(24, 227)
(24, 217)
(24, 349)
(24, 350)
(24, 223)
(24, 354)
(24, 355)
(24, 357)
(24, 102)
(24, 359)
(24, 231)
(24, 366)
(24, 369)
(24, 376)
(24, 249)
(25, 384)
(25, 132)
(25, 389)
(25, 136)
(25, 265)
(25, 394)
(25, 396)
(25, 269)
(25, 142)
(25, 271)
(25, 145)
(25, 89)
(25, 26)
(25, 285)
(25, 133)
(25, 160)
(25, 33)
(25, 164)
(25, 168)
(25, 175)
(25, 177)
(25, 313)
(25, 318)
(25, 194)
(25, 66)
(25, 325)
(25, 199)
(25, 72)
(25, 201)
(25, 76)
(25, 78)
(25, 207)
(25, 81)
(25, 339)
(25, 215)
(25, 345)
(25, 90)
(25, 220)
(25, 228)
(25, 358)
(25, 230)
(25, 232)
(25, 361)
(25, 363)
(25, 108)
(25, 111)
(25, 112)
(25, 116)
(25, 119)
(25, 120)
(25, 251)
(25, 380)
(25, 125)
(26, 384)
(26, 132)
(26, 389)
(26, 136)
(26, 265)
(26, 394)
(26, 396)
(26, 269)
(26, 142)
(26, 271)
(26, 145)
(26, 89)
(26, 285)
(26, 133)
(26, 160)
(26, 33)
(26, 164)
(26, 168)
(26, 297)
(26, 42)
(26, 175)
(26, 177)
(26, 313)
(26, 318)
(26, 321)
(26, 194)
(26, 66)
(26, 325)
(26, 199)
(26, 72)
(26, 201)
(26, 76)
(26, 333)
(26, 78)
(26, 207)
(26, 81)
(26, 339)
(26, 215)
(26, 345)
(26, 90)
(26, 220)
(26, 225)
(26, 228)
(26, 230)
(26, 358)
(26, 232)
(26, 361)
(26, 363)
(26, 108)
(26, 111)
(26, 112)
(26, 113)
(26, 116)
(26, 119)
(26, 120)
(26, 251)
(26, 380)
(26, 125)
(27, 256)
(27, 259)
(27, 398)
(27, 273)
(27, 131)
(27, 277)
(27, 152)
(27, 29)
(27, 163)
(27, 296)
(27, 61)
(27, 47)
(27, 309)
(27, 315)
(27, 317)
(27, 200)
(27, 205)
(27, 82)
(27, 84)
(27, 270)
(27, 214)
(27, 97)
(27, 229)
(27, 103)
(27, 239)
(27, 368)
(27, 40)
(27, 115)
(27, 85)
(27, 255)
(28, 130)
(28, 260)
(28, 86)
(28, 137)
(28, 267)
(28, 195)
(28, 276)
(28, 154)
(28, 159)
(28, 292)
(28, 293)
(28, 166)
(28, 167)
(28, 300)
(28, 301)
(28, 46)
(28, 176)
(28, 184)
(28, 57)
(28, 287)
(28, 74)
(28, 191)
(28, 323)
(28, 202)
(28, 331)
(28, 75)
(28, 211)
(28, 203)
(28, 91)
(28, 105)
(28, 362)
(28, 39)
(28, 237)
(28, 147)
(28, 118)
(28, 127)
(29, 256)
(29, 129)
(29, 398)
(29, 273)
(29, 277)
(29, 152)
(29, 155)
(29, 163)
(29, 296)
(29, 170)
(29, 171)
(29, 61)
(29, 47)
(29, 314)
(29, 315)
(29, 317)
(29, 70)
(29, 200)
(29, 205)
(29, 82)
(29, 84)
(29, 85)
(29, 214)
(29, 58)
(29, 351)
(29, 224)
(29, 229)
(29, 103)
(29, 239)
(29, 368)
(29, 40)
(29, 115)
(29, 122)
(29, 379)
(30, 43)
(30, 262)
(30, 393)
(30, 395)
(30, 269)
(30, 399)
(30, 149)
(30, 151)
(30, 90)
(30, 35)
(30, 290)
(30, 291)
(30, 164)
(30, 113)
(30, 170)
(30, 71)
(30, 178)
(30, 54)
(30, 58)
(30, 321)
(30, 322)
(30, 69)
(30, 327)
(30, 201)
(30, 83)
(30, 204)
(30, 336)
(30, 339)
(30, 215)
(30, 88)
(30, 89)
(30, 346)
(30, 92)
(30, 122)
(30, 95)
(30, 224)
(30, 225)
(30, 363)
(30, 364)
(30, 365)
(30, 241)
(30, 114)
(30, 243)
(30, 248)
(30, 250)
(30, 123)
(30, 42)
(30, 383)
(31, 320)
(31, 97)
(31, 67)
(31, 259)
(31, 68)
(31, 101)
(31, 326)
(31, 295)
(31, 299)
(31, 44)
(31, 270)
(31, 337)
(31, 50)
(31, 371)
(31, 310)
(31, 183)
(31, 38)
(31, 255)
(32, 387)
(32, 135)
(32, 392)
(32, 141)
(32, 146)
(32, 153)
(32, 286)
(32, 288)
(32, 48)
(32, 174)
(32, 304)
(32, 264)
(32, 306)
(32, 51)
(32, 188)
(32, 189)
(32, 65)
(32, 73)
(32, 375)
(32, 77)
(32, 338)
(32, 87)
(32, 93)
(32, 98)
(32, 99)
(32, 246)
(32, 247)
(32, 121)
(33, 132)
(33, 133)
(33, 396)
(33, 271)
(33, 272)
(33, 145)
(33, 345)
(33, 282)
(33, 36)
(33, 168)
(33, 175)
(33, 179)
(33, 313)
(33, 62)
(33, 194)
(33, 199)
(33, 72)
(33, 78)
(33, 207)
(33, 215)
(33, 89)
(33, 223)
(33, 125)
(34, 386)
(34, 387)
(34, 263)
(34, 264)
(34, 397)
(34, 278)
(34, 156)
(34, 157)
(34, 286)
(34, 289)
(34, 48)
(34, 169)
(34, 304)
(34, 306)
(34, 307)
(34, 52)
(34, 311)
(34, 185)
(34, 186)
(34, 189)
(34, 196)
(34, 246)
(34, 247)
(34, 332)
(34, 334)
(34, 208)
(34, 213)
(34, 96)
(34, 98)
(34, 360)
(34, 235)
(34, 366)
(34, 369)
(34, 370)
(34, 244)
(34, 374)
(34, 375)
(34, 376)
(34, 121)
(35, 43)
(35, 262)
(35, 393)
(35, 395)
(35, 269)
(35, 399)
(35, 149)
(35, 151)
(35, 90)
(35, 290)
(35, 291)
(35, 164)
(35, 42)
(35, 71)
(35, 178)
(35, 54)
(35, 95)
(35, 64)
(35, 321)
(35, 322)
(35, 69)
(35, 327)
(35, 201)
(35, 204)
(35, 336)
(35, 342)
(35, 215)
(35, 88)
(35, 345)
(35, 346)
(35, 92)
(35, 223)
(35, 354)
(35, 355)
(35, 357)
(35, 363)
(35, 364)
(35, 365)
(35, 241)
(35, 114)
(35, 243)
(35, 89)
(35, 248)
(35, 250)
(35, 123)
(35, 383)
(36, 262)
(36, 272)
(36, 345)
(36, 282)
(36, 162)
(36, 168)
(36, 43)
(36, 179)
(36, 54)
(36, 312)
(36, 95)
(36, 62)
(36, 322)
(36, 324)
(36, 78)
(36, 227)
(36, 215)
(36, 88)
(36, 217)
(36, 92)
(36, 349)
(36, 350)
(36, 223)
(36, 354)
(36, 355)
(36, 357)
(36, 102)
(36, 359)
(36, 231)
(36, 89)
(37, 384)
(37, 388)
(37, 389)
(37, 265)
(37, 266)
(37, 155)
(37, 285)
(37, 160)
(37, 112)
(37, 297)
(37, 200)
(37, 314)
(37, 187)
(37, 394)
(37, 318)
(37, 66)
(37, 325)
(37, 328)
(37, 333)
(37, 206)
(37, 81)
(37, 82)
(37, 348)
(37, 379)
(37, 228)
(37, 230)
(37, 358)
(37, 103)
(37, 361)
(37, 240)
(37, 113)
(37, 117)
(37, 119)
(37, 120)
(37, 377)
(37, 251)
(37, 380)
(37, 382)
(38, 320)
(38, 97)
(38, 68)
(38, 326)
(38, 295)
(38, 299)
(38, 44)
(38, 270)
(38, 337)
(38, 50)
(38, 371)
(38, 310)
(38, 183)
(39, 128)
(39, 130)
(39, 137)
(39, 138)
(39, 109)
(39, 276)
(39, 283)
(39, 287)
(39, 91)
(39, 292)
(39, 167)
(39, 301)
(39, 46)
(39, 176)
(39, 305)
(39, 184)
(39, 57)
(39, 191)
(39, 323)
(39, 197)
(39, 74)
(39, 331)
(39, 45)
(39, 75)
(39, 211)
(39, 203)
(39, 49)
(39, 347)
(39, 352)
(39, 233)
(39, 362)
(39, 237)
(39, 367)
(39, 118)
(39, 106)
(40, 256)
(40, 129)
(40, 259)
(40, 398)
(40, 273)
(40, 131)
(40, 277)
(40, 152)
(40, 163)
(40, 296)
(40, 171)
(40, 61)
(40, 47)
(40, 49)
(40, 309)
(40, 315)
(40, 317)
(40, 70)
(40, 205)
(40, 82)
(40, 84)
(40, 270)
(40, 214)
(40, 351)
(40, 97)
(40, 229)
(40, 103)
(40, 239)
(40, 368)
(40, 115)
(40, 85)
(40, 255)
(41, 385)
(41, 261)
(41, 257)
(41, 267)
(41, 140)
(41, 141)
(41, 150)
(41, 281)
(41, 154)
(41, 288)
(41, 293)
(41, 294)
(41, 300)
(41, 174)
(41, 308)
(41, 181)
(41, 59)
(41, 60)
(41, 94)
(41, 195)
(41, 198)
(41, 202)
(41, 80)
(41, 209)
(41, 210)
(41, 340)
(41, 218)
(41, 219)
(41, 221)
(41, 222)
(41, 226)
(41, 236)
(41, 373)
(41, 124)
(41, 253)
(42, 43)
(42, 133)
(42, 262)
(42, 394)
(42, 269)
(42, 399)
(42, 149)
(42, 151)
(42, 285)
(42, 69)
(42, 291)
(42, 164)
(42, 113)
(42, 170)
(42, 199)
(42, 175)
(42, 177)
(42, 178)
(42, 54)
(42, 58)
(42, 321)
(42, 322)
(42, 71)
(42, 325)
(42, 327)
(42, 201)
(42, 204)
(42, 336)
(42, 120)
(42, 339)
(42, 215)
(42, 88)
(42, 345)
(42, 90)
(42, 92)
(42, 95)
(42, 225)
(42, 230)
(42, 81)
(42, 363)
(42, 108)
(42, 365)
(42, 111)
(42, 241)
(42, 114)
(42, 243)
(42, 89)
(42, 248)
(42, 250)
(42, 380)
(42, 125)
(42, 383)
(43, 262)
(43, 395)
(43, 269)
(43, 272)
(43, 149)
(43, 89)
(43, 162)
(43, 134)
(43, 71)
(43, 178)
(43, 53)
(43, 54)
(43, 95)
(43, 62)
(43, 64)
(43, 322)
(43, 324)
(43, 327)
(43, 201)
(43, 204)
(43, 336)
(43, 227)
(43, 342)
(43, 215)
(43, 88)
(43, 345)
(43, 90)
(43, 92)
(43, 349)
(43, 223)
(43, 144)
(43, 354)
(43, 355)
(43, 357)
(43, 102)
(43, 231)
(43, 363)
(43, 241)
(43, 243)
(43, 248)
(43, 383)
(44, 128)
(44, 259)
(44, 138)
(44, 270)
(44, 131)
(44, 295)
(44, 299)
(44, 50)
(44, 309)
(44, 310)
(44, 183)
(44, 61)
(44, 320)
(44, 67)
(44, 68)
(44, 197)
(44, 326)
(44, 337)
(44, 97)
(44, 101)
(44, 233)
(44, 106)
(44, 367)
(44, 368)
(44, 371)
(45, 128)
(45, 130)
(45, 131)
(45, 138)
(45, 274)
(45, 283)
(45, 158)
(45, 91)
(45, 49)
(45, 171)
(45, 305)
(45, 309)
(45, 183)
(45, 191)
(45, 193)
(45, 67)
(45, 68)
(45, 197)
(45, 74)
(45, 203)
(45, 337)
(45, 214)
(45, 347)
(45, 351)
(45, 352)
(45, 101)
(45, 233)
(45, 362)
(45, 109)
(45, 367)
(45, 368)
(45, 118)
(45, 106)
(46, 130)
(46, 391)
(46, 137)
(46, 267)
(46, 140)
(46, 274)
(46, 195)
(46, 148)
(46, 154)
(46, 158)
(46, 287)
(46, 292)
(46, 293)
(46, 166)
(46, 167)
(46, 300)
(46, 301)
(46, 302)
(46, 303)
(46, 176)
(46, 305)
(46, 184)
(46, 57)
(46, 159)
(46, 74)
(46, 319)
(46, 192)
(46, 203)
(46, 202)
(46, 331)
(46, 211)
(46, 86)
(46, 344)
(46, 218)
(46, 91)
(46, 356)
(46, 105)
(46, 362)
(46, 237)
(46, 253)
(46, 147)
(46, 372)
(46, 126)
(46, 191)
(46, 234)
(46, 254)
(46, 127)
(47, 256)
(47, 129)
(47, 398)
(47, 273)
(47, 277)
(47, 152)
(47, 155)
(47, 163)
(47, 296)
(47, 170)
(47, 61)
(47, 200)
(47, 314)
(47, 315)
(47, 317)
(47, 70)
(47, 328)
(47, 205)
(47, 82)
(47, 84)
(47, 85)
(47, 58)
(47, 351)
(47, 224)
(47, 187)
(47, 229)
(47, 103)
(47, 239)
(47, 368)
(47, 115)
(47, 122)
(47, 379)
(48, 387)
(48, 263)
(48, 264)
(48, 397)
(48, 146)
(48, 278)
(48, 153)
(48, 156)
(48, 286)
(48, 304)
(48, 306)
(48, 51)
(48, 185)
(48, 188)
(48, 189)
(48, 196)
(48, 374)
(48, 73)
(48, 375)
(48, 332)
(48, 334)
(48, 208)
(48, 87)
(48, 96)
(48, 98)
(48, 360)
(48, 235)
(48, 246)
(48, 247)
(48, 121)
(49, 128)
(49, 130)
(49, 131)
(49, 138)
(49, 274)
(49, 283)
(49, 158)
(49, 171)
(49, 302)
(49, 305)
(49, 309)
(49, 183)
(49, 191)
(49, 193)
(49, 67)
(49, 68)
(49, 197)
(49, 74)
(49, 203)
(49, 337)
(49, 214)
(49, 347)
(49, 351)
(49, 352)
(49, 101)
(49, 233)
(49, 362)
(49, 109)
(49, 367)
(49, 368)
(49, 118)
(49, 106)
(50, 259)
(50, 270)
(50, 277)
(50, 299)
(50, 371)
(50, 310)
(50, 183)
(50, 61)
(50, 320)
(50, 67)
(50, 68)
(50, 326)
(50, 337)
(50, 97)
(50, 101)
(50, 239)
(50, 115)
(50, 255)
(51, 387)
(51, 263)
(51, 392)
(51, 139)
(51, 141)
(51, 146)
(51, 275)
(51, 153)
(51, 286)
(51, 161)
(51, 135)
(51, 174)
(51, 304)
(51, 264)
(51, 306)
(51, 56)
(51, 185)
(51, 188)
(51, 189)
(51, 65)
(51, 73)
(51, 375)
(51, 77)
(51, 334)
(51, 208)
(51, 338)
(51, 87)
(51, 216)
(51, 93)
(51, 98)
(51, 99)
(51, 360)
(51, 246)
(51, 247)
(51, 121)
(52, 387)
(52, 134)
(52, 263)
(52, 397)
(52, 144)
(52, 121)
(52, 238)
(52, 278)
(52, 196)
(52, 156)
(52, 157)
(52, 286)
(52, 231)
(52, 289)
(52, 169)
(52, 307)
(52, 53)
(52, 311)
(52, 312)
(52, 185)
(52, 186)
(52, 190)
(52, 324)
(52, 246)
(52, 332)
(52, 334)
(52, 335)
(52, 208)
(52, 213)
(52, 343)
(52, 217)
(52, 349)
(52, 350)
(52, 96)
(52, 353)
(52, 354)
(52, 227)
(52, 102)
(52, 359)
(52, 360)
(52, 235)
(52, 110)
(52, 366)
(52, 369)
(52, 370)
(52, 244)
(52, 374)
(52, 376)
(52, 249)
(53, 262)
(53, 395)
(53, 397)
(53, 144)
(53, 88)
(53, 157)
(53, 289)
(53, 162)
(53, 134)
(53, 178)
(53, 307)
(53, 54)
(53, 312)
(53, 185)
(53, 186)
(53, 95)
(53, 190)
(53, 322)
(53, 324)
(53, 71)
(53, 227)
(53, 212)
(53, 342)
(53, 343)
(53, 216)
(53, 217)
(53, 92)
(53, 349)
(53, 350)
(53, 223)
(53, 96)
(53, 354)
(53, 355)
(53, 357)
(53, 102)
(53, 359)
(53, 231)
(53, 366)
(53, 242)
(53, 374)
(53, 376)
(53, 381)
(54, 133)
(54, 262)
(54, 395)
(54, 269)
(54, 272)
(54, 149)
(54, 89)
(54, 162)
(54, 134)
(54, 71)
(54, 178)
(54, 95)
(54, 62)
(54, 322)
(54, 324)
(54, 327)
(54, 201)
(54, 204)
(54, 336)
(54, 227)
(54, 342)
(54, 215)
(54, 88)
(54, 345)
(54, 90)
(54, 92)
(54, 349)
(54, 223)
(54, 144)
(54, 354)
(54, 355)
(54, 357)
(54, 102)
(54, 231)
(54, 363)
(54, 241)
(54, 243)
(54, 248)
(54, 383)
(55, 64)
(55, 258)
(55, 391)
(55, 393)
(55, 395)
(55, 63)
(55, 143)
(55, 275)
(55, 148)
(55, 279)
(55, 280)
(55, 284)
(55, 159)
(55, 290)
(55, 166)
(55, 172)
(55, 302)
(55, 303)
(55, 182)
(55, 56)
(55, 316)
(55, 202)
(55, 319)
(55, 192)
(55, 139)
(55, 329)
(55, 330)
(55, 79)
(55, 83)
(55, 212)
(55, 341)
(55, 344)
(55, 100)
(55, 346)
(55, 356)
(55, 104)
(55, 105)
(55, 234)
(55, 364)
(55, 147)
(55, 372)
(55, 126)
(55, 123)
(55, 252)
(55, 253)
(55, 254)
(55, 127)
(56, 258)
(56, 392)
(56, 139)
(56, 140)
(56, 141)
(56, 143)
(56, 124)
(56, 275)
(56, 279)
(56, 280)
(56, 153)
(56, 161)
(56, 294)
(56, 172)
(56, 306)
(56, 307)
(56, 182)
(56, 73)
(56, 185)
(56, 87)
(56, 316)
(56, 190)
(56, 63)
(56, 64)
(56, 198)
(56, 329)
(56, 79)
(56, 338)
(56, 212)
(56, 341)
(56, 343)
(56, 216)
(56, 93)
(56, 94)
(56, 99)
(56, 104)
(56, 188)
(56, 234)
(56, 236)
(56, 381)
(56, 242)
(56, 372)
(56, 126)
(56, 374)
(56, 121)
(56, 123)
(56, 252)
(56, 253)
(56, 254)
(57, 130)
(57, 260)
(57, 86)
(57, 137)
(57, 267)
(57, 195)
(57, 276)
(57, 154)
(57, 287)
(57, 292)
(57, 293)
(57, 166)
(57, 167)
(57, 300)
(57, 301)
(57, 176)
(57, 184)
(57, 74)
(57, 191)
(57, 323)
(57, 202)
(57, 331)
(57, 80)
(57, 75)
(57, 211)
(57, 203)
(57, 91)
(57, 362)
(57, 237)
(57, 147)
(57, 118)
(57, 127)
(58, 256)
(58, 129)
(58, 393)
(58, 399)
(58, 273)
(58, 149)
(58, 151)
(58, 152)
(58, 284)
(58, 285)
(58, 290)
(58, 291)
(58, 164)
(58, 163)
(58, 170)
(58, 321)
(58, 69)
(58, 70)
(58, 327)
(58, 328)
(58, 205)
(58, 336)
(58, 120)
(58, 82)
(58, 339)
(58, 84)
(58, 85)
(58, 90)
(58, 122)
(58, 351)
(58, 224)
(58, 225)
(58, 100)
(58, 230)
(58, 103)
(58, 365)
(58, 113)
(58, 114)
(58, 83)
(58, 248)
(58, 250)
(58, 379)
(58, 382)
(59, 385)
(59, 261)
(59, 257)
(59, 141)
(59, 150)
(59, 281)
(59, 288)
(59, 294)
(59, 174)
(59, 308)
(59, 222)
(59, 60)
(59, 181)
(59, 65)
(59, 77)
(59, 209)
(59, 210)
(59, 340)
(59, 219)
(59, 221)
(59, 94)
(59, 226)
(59, 373)
(60, 385)
(60, 257)
(60, 392)
(60, 140)
(60, 141)
(60, 146)
(60, 150)
(60, 154)
(60, 288)
(60, 161)
(60, 294)
(60, 135)
(60, 174)
(60, 93)
(60, 308)
(60, 181)
(60, 94)
(60, 65)
(60, 195)
(60, 198)
(60, 73)
(60, 77)
(60, 209)
(60, 210)
(60, 340)
(60, 87)
(60, 218)
(60, 219)
(60, 221)
(60, 222)
(60, 226)
(60, 99)
(60, 236)
(60, 338)
(60, 372)
(60, 373)
(60, 124)
(60, 253)
(61, 259)
(61, 398)
(61, 131)
(61, 277)
(61, 152)
(61, 163)
(61, 296)
(61, 299)
(61, 309)
(61, 183)
(61, 315)
(61, 317)
(61, 67)
(61, 68)
(61, 84)
(61, 270)
(61, 214)
(61, 97)
(61, 229)
(61, 239)
(61, 368)
(61, 115)
(61, 255)
(62, 132)
(62, 262)
(62, 272)
(62, 345)
(62, 282)
(62, 162)
(62, 168)
(62, 179)
(62, 312)
(62, 95)
(62, 322)
(62, 324)
(62, 78)
(62, 207)
(62, 227)
(62, 215)
(62, 88)
(62, 217)
(62, 92)
(62, 349)
(62, 350)
(62, 223)
(62, 354)
(62, 355)
(62, 357)
(62, 102)
(62, 359)
(62, 231)
(62, 89)
(63, 258)
(63, 391)
(63, 392)
(63, 236)
(63, 139)
(63, 140)
(63, 143)
(63, 216)
(63, 275)
(63, 279)
(63, 280)
(63, 154)
(63, 218)
(63, 159)
(63, 161)
(63, 293)
(63, 172)
(63, 303)
(63, 182)
(63, 316)
(63, 202)
(63, 190)
(63, 319)
(63, 64)
(63, 198)
(63, 329)
(63, 330)
(63, 79)
(63, 338)
(63, 212)
(63, 341)
(63, 344)
(63, 346)
(63, 93)
(63, 356)
(63, 104)
(63, 124)
(63, 234)
(63, 364)
(63, 381)
(63, 242)
(63, 147)
(63, 372)
(63, 126)
(63, 123)
(63, 252)
(63, 253)
(63, 254)
(63, 127)
(64, 258)
(64, 134)
(64, 393)
(64, 395)
(64, 143)
(64, 144)
(64, 216)
(64, 275)
(64, 279)
(64, 280)
(64, 161)
(64, 290)
(64, 71)
(64, 172)
(64, 178)
(64, 307)
(64, 182)
(64, 316)
(64, 190)
(64, 319)
(64, 139)
(64, 327)
(64, 329)
(64, 330)
(64, 204)
(64, 79)
(64, 212)
(64, 341)
(64, 342)
(64, 343)
(64, 344)
(64, 346)
(64, 95)
(64, 104)
(64, 234)
(64, 364)
(64, 241)
(64, 242)
(64, 126)
(64, 248)
(64, 123)
(64, 252)
(64, 381)
(64, 254)
(65, 257)
(65, 135)
(65, 392)
(65, 141)
(65, 146)
(65, 150)
(65, 288)
(65, 294)
(65, 174)
(65, 181)
(65, 188)
(65, 73)
(65, 77)
(65, 209)
(65, 210)
(65, 340)
(65, 87)
(65, 94)
(65, 226)
(65, 99)
(65, 338)
(66, 384)
(66, 388)
(66, 389)
(66, 136)
(66, 265)
(66, 394)
(66, 142)
(66, 145)
(66, 160)
(66, 112)
(66, 165)
(66, 297)
(66, 177)
(66, 266)
(66, 318)
(66, 194)
(66, 325)
(66, 72)
(66, 76)
(66, 333)
(66, 206)
(66, 81)
(66, 348)
(66, 220)
(66, 228)
(66, 358)
(66, 230)
(66, 232)
(66, 361)
(66, 107)
(66, 111)
(66, 240)
(66, 116)
(66, 119)
(66, 377)
(66, 378)
(66, 251)
(66, 380)
(67, 128)
(67, 131)
(67, 138)
(67, 277)
(67, 283)
(67, 158)
(67, 295)
(67, 299)
(67, 305)
(67, 309)
(67, 310)
(67, 183)
(67, 320)
(67, 68)
(67, 197)
(67, 326)
(67, 203)
(67, 337)
(67, 214)
(67, 347)
(67, 352)
(67, 97)
(67, 101)
(67, 233)
(67, 106)
(67, 109)
(67, 367)
(67, 368)
(67, 371)
(67, 118)
(68, 128)
(68, 259)
(68, 138)
(68, 270)
(68, 131)
(68, 283)
(68, 295)
(68, 299)
(68, 371)
(68, 309)
(68, 310)
(68, 183)
(68, 320)
(68, 197)
(68, 326)
(68, 337)
(68, 352)
(68, 97)
(68, 101)
(68, 233)
(68, 106)
(68, 367)
(68, 368)
(68, 115)
(68, 255)
(69, 133)
(69, 262)
(69, 394)
(69, 269)
(69, 399)
(69, 149)
(69, 151)
(69, 285)
(69, 160)
(69, 291)
(69, 164)
(69, 113)
(69, 170)
(69, 199)
(69, 175)
(69, 177)
(69, 321)
(69, 83)
(69, 71)
(69, 325)
(69, 327)
(69, 201)
(69, 204)
(69, 336)
(69, 120)
(69, 339)
(69, 89)
(69, 90)
(69, 92)
(69, 122)
(69, 224)
(69, 225)
(69, 230)
(69, 81)
(69, 363)
(69, 108)
(69, 365)
(69, 111)
(69, 241)
(69, 114)
(69, 243)
(69, 119)
(69, 248)
(69, 250)
(69, 379)
(69, 380)
(69, 382)
(69, 383)
(70, 256)
(70, 129)
(70, 131)
(70, 393)
(70, 273)
(70, 274)
(70, 277)
(70, 151)
(70, 152)
(70, 284)
(70, 158)
(70, 290)
(70, 291)
(70, 170)
(70, 171)
(70, 302)
(70, 309)
(70, 315)
(70, 317)
(70, 192)
(70, 193)
(70, 205)
(70, 163)
(70, 84)
(70, 85)
(70, 214)
(70, 351)
(70, 224)
(70, 100)
(70, 365)
(70, 368)
(70, 83)
(70, 122)
(71, 262)
(71, 393)
(71, 395)
(71, 269)
(71, 399)
(71, 144)
(71, 149)
(71, 90)
(71, 290)
(71, 134)
(71, 178)
(71, 182)
(71, 95)
(71, 322)
(71, 324)
(71, 327)
(71, 201)
(71, 204)
(71, 336)
(71, 227)
(71, 212)
(71, 342)
(71, 215)
(71, 88)
(71, 89)
(71, 346)
(71, 92)
(71, 223)
(71, 354)
(71, 355)
(71, 357)
(71, 102)
(71, 104)
(71, 364)
(71, 365)
(71, 241)
(71, 114)
(71, 243)
(71, 248)
(71, 250)
(71, 123)
(71, 383)
(72, 384)
(72, 132)
(72, 133)
(72, 136)
(72, 265)
(72, 396)
(72, 142)
(72, 271)
(72, 145)
(72, 389)
(72, 165)
(72, 175)
(72, 313)
(72, 318)
(72, 194)
(72, 199)
(72, 76)
(72, 333)
(72, 207)
(72, 81)
(72, 220)
(72, 232)
(72, 361)
(72, 107)
(72, 108)
(72, 111)
(72, 112)
(72, 116)
(72, 378)
(72, 251)
(72, 125)
(73, 387)
(73, 135)
(73, 392)
(73, 139)
(73, 141)
(73, 146)
(73, 275)
(73, 153)
(73, 286)
(73, 288)
(73, 161)
(73, 294)
(73, 174)
(73, 304)
(73, 264)
(73, 306)
(73, 185)
(73, 188)
(73, 189)
(73, 329)
(73, 375)
(73, 77)
(73, 208)
(73, 338)
(73, 87)
(73, 216)
(73, 93)
(73, 94)
(73, 98)
(73, 99)
(73, 360)
(73, 246)
(73, 247)
(73, 121)
(74, 128)
(74, 130)
(74, 391)
(74, 137)
(74, 138)
(74, 109)
(74, 274)
(74, 276)
(74, 158)
(74, 287)
(74, 91)
(74, 292)
(74, 166)
(74, 167)
(74, 300)
(74, 301)
(74, 302)
(74, 303)
(74, 176)
(74, 305)
(74, 184)
(74, 159)
(74, 191)
(74, 192)
(74, 193)
(74, 331)
(74, 197)
(74, 202)
(74, 203)
(74, 211)
(74, 347)
(74, 352)
(74, 356)
(74, 233)
(74, 362)
(74, 237)
(74, 118)
(74, 105)
(74, 148)
(74, 106)
(75, 130)
(75, 260)
(75, 137)
(75, 276)
(75, 287)
(75, 292)
(75, 301)
(75, 176)
(75, 323)
(75, 331)
(75, 80)
(75, 211)
(75, 86)
(75, 91)
(75, 362)
(75, 237)
(75, 118)
(76, 384)
(76, 389)
(76, 136)
(76, 265)
(76, 394)
(76, 396)
(76, 142)
(76, 271)
(76, 145)
(76, 160)
(76, 165)
(76, 297)
(76, 313)
(76, 318)
(76, 194)
(76, 333)
(76, 206)
(76, 207)
(76, 81)
(76, 220)
(76, 228)
(76, 358)
(76, 232)
(76, 361)
(76, 107)
(76, 111)
(76, 112)
(76, 116)
(76, 119)
(76, 378)
(76, 251)
(76, 125)
(77, 257)
(77, 135)
(77, 392)
(77, 141)
(77, 222)
(77, 146)
(77, 150)
(77, 153)
(77, 288)
(77, 294)
(77, 174)
(77, 181)
(77, 188)
(77, 209)
(77, 210)
(77, 340)
(77, 87)
(77, 93)
(77, 94)
(77, 226)
(77, 99)
(77, 338)
(78, 132)
(78, 133)
(78, 396)
(78, 271)
(78, 272)
(78, 145)
(78, 345)
(78, 282)
(78, 162)
(78, 168)
(78, 175)
(78, 179)
(78, 313)
(78, 322)
(78, 199)
(78, 201)
(78, 207)
(78, 215)
(78, 89)
(78, 223)
(78, 355)
(78, 125)
(79, 258)
(79, 391)
(79, 393)
(79, 395)
(79, 143)
(79, 275)
(79, 148)
(79, 279)
(79, 280)
(79, 154)
(79, 159)
(79, 161)
(79, 290)
(79, 166)
(79, 172)
(79, 303)
(79, 236)
(79, 182)
(79, 316)
(79, 202)
(79, 319)
(79, 192)
(79, 139)
(79, 198)
(79, 329)
(79, 330)
(79, 212)
(79, 341)
(79, 344)
(79, 346)
(79, 93)
(79, 356)
(79, 104)
(79, 124)
(79, 234)
(79, 364)
(79, 381)
(79, 242)
(79, 147)
(79, 372)
(79, 126)
(79, 123)
(79, 252)
(79, 253)
(79, 254)
(79, 127)
(80, 323)
(80, 292)
(80, 390)
(80, 268)
(80, 301)
(80, 245)
(80, 180)
(80, 373)
(80, 86)
(80, 260)
(80, 287)
(81, 384)
(81, 388)
(81, 389)
(81, 136)
(81, 265)
(81, 394)
(81, 396)
(81, 142)
(81, 145)
(81, 285)
(81, 133)
(81, 160)
(81, 112)
(81, 164)
(81, 297)
(81, 175)
(81, 177)
(81, 187)
(81, 266)
(81, 318)
(81, 321)
(81, 194)
(81, 325)
(81, 199)
(81, 328)
(81, 333)
(81, 206)
(81, 339)
(81, 220)
(81, 90)
(81, 348)
(81, 225)
(81, 251)
(81, 228)
(81, 230)
(81, 358)
(81, 232)
(81, 361)
(81, 363)
(81, 108)
(81, 111)
(81, 240)
(81, 113)
(81, 114)
(81, 116)
(81, 117)
(81, 119)
(81, 120)
(81, 377)
(81, 379)
(81, 380)
(81, 125)
(81, 382)
(82, 256)
(82, 266)
(82, 398)
(82, 273)
(82, 152)
(82, 155)
(82, 163)
(82, 296)
(82, 170)
(82, 200)
(82, 314)
(82, 187)
(82, 317)
(82, 328)
(82, 205)
(82, 84)
(82, 85)
(82, 315)
(82, 229)
(82, 103)
(82, 240)
(82, 113)
(82, 117)
(82, 379)
(82, 382)
(83, 129)
(83, 391)
(83, 393)
(83, 399)
(83, 273)
(83, 274)
(83, 148)
(83, 149)
(83, 151)
(83, 152)
(83, 284)
(83, 290)
(83, 291)
(83, 170)
(83, 171)
(83, 302)
(83, 316)
(83, 319)
(83, 192)
(83, 193)
(83, 327)
(83, 330)
(83, 85)
(83, 344)
(83, 346)
(83, 122)
(83, 351)
(83, 224)
(83, 100)
(83, 364)
(83, 365)
(83, 114)
(83, 248)
(83, 250)
(83, 123)
(84, 256)
(84, 129)
(84, 131)
(84, 398)
(84, 273)
(84, 277)
(84, 152)
(84, 163)
(84, 296)
(84, 170)
(84, 171)
(84, 309)
(84, 315)
(84, 317)
(84, 193)
(84, 205)
(84, 85)
(84, 214)
(84, 351)
(84, 224)
(84, 229)
(84, 103)
(84, 239)
(84, 368)
(84, 115)
(84, 122)
(85, 256)
(85, 129)
(85, 398)
(85, 399)
(85, 273)
(85, 277)
(85, 151)
(85, 152)
(85, 155)
(85, 291)
(85, 296)
(85, 170)
(85, 171)
(85, 200)
(85, 314)
(85, 315)
(85, 317)
(85, 328)
(85, 205)
(85, 163)
(85, 214)
(85, 122)
(85, 351)
(85, 224)
(85, 225)
(85, 229)
(85, 103)
(85, 365)
(85, 113)
(85, 250)
(85, 379)
(85, 382)
(86, 130)
(86, 260)
(86, 137)
(86, 267)
(86, 195)
(86, 276)
(86, 154)
(86, 287)
(86, 292)
(86, 293)
(86, 167)
(86, 300)
(86, 301)
(86, 176)
(86, 191)
(86, 323)
(86, 202)
(86, 331)
(86, 211)
(86, 218)
(86, 91)
(86, 362)
(86, 237)
(86, 245)
(87, 387)
(87, 135)
(87, 392)
(87, 139)
(87, 141)
(87, 146)
(87, 275)
(87, 153)
(87, 286)
(87, 288)
(87, 161)
(87, 294)
(87, 174)
(87, 304)
(87, 264)
(87, 306)
(87, 188)
(87, 189)
(87, 375)
(87, 208)
(87, 338)
(87, 216)
(87, 93)
(87, 94)
(87, 98)
(87, 99)
(87, 247)
(87, 121)
(88, 132)
(88, 133)
(88, 262)
(88, 395)
(88, 269)
(88, 272)
(88, 149)
(88, 89)
(88, 162)
(88, 168)
(88, 175)
(88, 178)
(88, 95)
(88, 322)
(88, 324)
(88, 327)
(88, 201)
(88, 204)
(88, 336)
(88, 227)
(88, 342)
(88, 215)
(88, 345)
(88, 90)
(88, 92)
(88, 349)
(88, 223)
(88, 354)
(88, 355)
(88, 357)
(88, 102)
(88, 231)
(88, 363)
(88, 241)
(88, 243)
(88, 248)
(88, 383)
(89, 132)
(89, 133)
(89, 262)
(89, 396)
(89, 269)
(89, 272)
(89, 145)
(89, 149)
(89, 282)
(89, 162)
(89, 164)
(89, 168)
(89, 175)
(89, 178)
(89, 179)
(89, 313)
(89, 95)
(89, 322)
(89, 324)
(89, 199)
(89, 201)
(89, 204)
(89, 207)
(89, 336)
(89, 215)
(89, 345)
(89, 90)
(89, 92)
(89, 223)
(89, 354)
(89, 355)
(89, 357)
(89, 363)
(89, 108)
(89, 241)
(89, 243)
(89, 125)
(89, 383)
(90, 132)
(90, 133)
(90, 262)
(90, 394)
(90, 396)
(90, 269)
(90, 399)
(90, 145)
(90, 149)
(90, 151)
(90, 285)
(90, 160)
(90, 164)
(90, 113)
(90, 199)
(90, 175)
(90, 177)
(90, 178)
(90, 95)
(90, 321)
(90, 322)
(90, 325)
(90, 327)
(90, 194)
(90, 201)
(90, 204)
(90, 336)
(90, 120)
(90, 339)
(90, 215)
(90, 345)
(90, 92)
(90, 223)
(90, 225)
(90, 230)
(90, 363)
(90, 108)
(90, 365)
(90, 111)
(90, 241)
(90, 114)
(90, 243)
(90, 116)
(90, 119)
(90, 248)
(90, 250)
(90, 380)
(90, 125)
(90, 383)
(91, 128)
(91, 130)
(91, 260)
(91, 137)
(91, 109)
(91, 274)
(91, 276)
(91, 283)
(91, 287)
(91, 292)
(91, 166)
(91, 167)
(91, 300)
(91, 301)
(91, 176)
(91, 305)
(91, 184)
(91, 191)
(91, 323)
(91, 197)
(91, 331)
(91, 211)
(91, 203)
(91, 347)
(91, 352)
(91, 233)
(91, 362)
(91, 237)
(91, 118)
(91, 105)
(92, 132)
(92, 133)
(92, 262)
(92, 395)
(92, 269)
(92, 399)
(92, 272)
(92, 149)
(92, 162)
(92, 164)
(92, 199)
(92, 175)
(92, 178)
(92, 95)
(92, 322)
(92, 324)
(92, 327)
(92, 201)
(92, 204)
(92, 336)
(92, 355)
(92, 342)
(92, 215)
(92, 345)
(92, 223)
(92, 354)
(92, 227)
(92, 357)
(92, 102)
(92, 363)
(92, 241)
(92, 114)
(92, 243)
(92, 248)
(92, 250)
(92, 383)
(93, 258)
(93, 387)
(93, 135)
(93, 392)
(93, 139)
(93, 141)
(93, 143)
(93, 146)
(93, 275)
(93, 280)
(93, 153)
(93, 286)
(93, 161)
(93, 294)
(93, 172)
(93, 306)
(93, 182)
(93, 185)
(93, 188)
(93, 189)
(93, 190)
(93, 198)
(93, 329)
(93, 338)
(93, 212)
(93, 341)
(93, 216)
(93, 94)
(93, 98)
(93, 99)
(93, 104)
(93, 124)
(93, 236)
(93, 381)
(93, 242)
(93, 372)
(93, 126)
(93, 375)
(93, 121)
(93, 252)
(93, 253)
(93, 254)
(94, 257)
(94, 135)
(94, 392)
(94, 267)
(94, 140)
(94, 141)
(94, 275)
(94, 150)
(94, 154)
(94, 288)
(94, 161)
(94, 293)
(94, 294)
(94, 174)
(94, 308)
(94, 181)
(94, 139)
(94, 188)
(94, 195)
(94, 198)
(94, 329)
(94, 209)
(94, 210)
(94, 340)
(94, 218)
(94, 219)
(94, 222)
(94, 226)
(94, 99)
(94, 236)
(94, 338)
(94, 372)
(94, 373)
(94, 124)
(94, 253)
(94, 126)
(95, 262)
(95, 395)
(95, 269)
(95, 272)
(95, 149)
(95, 162)
(95, 134)
(95, 178)
(95, 322)
(95, 324)
(95, 327)
(95, 201)
(95, 204)
(95, 336)
(95, 227)
(95, 342)
(95, 215)
(95, 345)
(95, 349)
(95, 223)
(95, 144)
(95, 354)
(95, 355)
(95, 357)
(95, 102)
(95, 231)
(95, 363)
(95, 241)
(95, 243)
(95, 248)
(95, 383)
(96, 258)
(96, 387)
(96, 134)
(96, 263)
(96, 397)
(96, 144)
(96, 278)
(96, 153)
(96, 157)
(96, 286)
(96, 289)
(96, 172)
(96, 304)
(96, 306)
(96, 307)
(96, 311)
(96, 185)
(96, 186)
(96, 188)
(96, 189)
(96, 190)
(96, 196)
(96, 246)
(96, 247)
(96, 332)
(96, 98)
(96, 334)
(96, 208)
(96, 212)
(96, 342)
(96, 343)
(96, 216)
(96, 349)
(96, 354)
(96, 227)
(96, 102)
(96, 231)
(96, 360)
(96, 235)
(96, 366)
(96, 369)
(96, 242)
(96, 374)
(96, 375)
(96, 376)
(96, 121)
(96, 381)
(97, 259)
(97, 398)
(97, 131)
(97, 277)
(97, 299)
(97, 309)
(97, 310)
(97, 183)
(97, 317)
(97, 320)
(97, 326)
(97, 337)
(97, 270)
(97, 101)
(97, 229)
(97, 239)
(97, 368)
(97, 115)
(97, 255)
(98, 387)
(98, 263)
(98, 392)
(98, 397)
(98, 146)
(98, 278)
(98, 153)
(98, 156)
(98, 286)
(98, 289)
(98, 304)
(98, 264)
(98, 306)
(98, 307)
(98, 185)
(98, 188)
(98, 189)
(98, 190)
(98, 196)
(98, 374)
(98, 247)
(98, 332)
(98, 334)
(98, 208)
(98, 338)
(98, 216)
(98, 99)
(98, 360)
(98, 235)
(98, 246)
(98, 375)
(98, 121)
(99, 258)
(99, 387)
(99, 135)
(99, 392)
(99, 139)
(99, 141)
(99, 146)
(99, 275)
(99, 153)
(99, 286)
(99, 288)
(99, 161)
(99, 294)
(99, 174)
(99, 304)
(99, 264)
(99, 306)
(99, 185)
(99, 188)
(99, 189)
(99, 329)
(99, 375)
(99, 338)
(99, 216)
(99, 236)
(99, 247)
(99, 121)
(100, 129)
(100, 391)
(100, 393)
(100, 273)
(100, 274)
(100, 148)
(100, 151)
(100, 152)
(100, 284)
(100, 158)
(100, 159)
(100, 290)
(100, 291)
(100, 166)
(100, 171)
(100, 302)
(100, 303)
(100, 184)
(100, 316)
(100, 319)
(100, 192)
(100, 193)
(100, 330)
(100, 214)
(100, 344)
(100, 346)
(100, 351)
(100, 224)
(100, 356)
(100, 105)
(100, 364)
(100, 365)
(100, 122)
(100, 123)
(101, 128)
(101, 131)
(101, 138)
(101, 283)
(101, 295)
(101, 299)
(101, 305)
(101, 309)
(101, 310)
(101, 183)
(101, 320)
(101, 197)
(101, 326)
(101, 203)
(101, 337)
(101, 214)
(101, 347)
(101, 352)
(101, 233)
(101, 106)
(101, 109)
(101, 367)
(101, 368)
(101, 371)
(101, 118)
(102, 262)
(102, 397)
(102, 272)
(102, 157)
(102, 289)
(102, 162)
(102, 134)
(102, 178)
(102, 307)
(102, 312)
(102, 186)
(102, 190)
(102, 322)
(102, 324)
(102, 335)
(102, 227)
(102, 212)
(102, 342)
(102, 343)
(102, 217)
(102, 349)
(102, 350)
(102, 223)
(102, 144)
(102, 354)
(102, 355)
(102, 357)
(102, 359)
(102, 231)
(102, 366)
(102, 242)
(102, 374)
(102, 376)
(102, 381)
(103, 256)
(103, 266)
(103, 398)
(103, 273)
(103, 277)
(103, 152)
(103, 155)
(103, 163)
(103, 296)
(103, 170)
(103, 200)
(103, 314)
(103, 187)
(103, 317)
(103, 328)
(103, 205)
(103, 315)
(103, 229)
(103, 240)
(103, 113)
(103, 117)
(103, 379)
(103, 382)
(104, 258)
(104, 134)
(104, 393)
(104, 395)
(104, 143)
(104, 144)
(104, 216)
(104, 275)
(104, 279)
(104, 280)
(104, 161)
(104, 290)
(104, 172)
(104, 178)
(104, 307)
(104, 182)
(104, 185)
(104, 316)
(104, 190)
(104, 319)
(104, 139)
(104, 329)
(104, 330)
(104, 204)
(104, 212)
(104, 341)
(104, 342)
(104, 343)
(104, 344)
(104, 346)
(104, 234)
(104, 364)
(104, 242)
(104, 372)
(104, 126)
(104, 374)
(104, 123)
(104, 252)
(104, 381)
(104, 254)
(105, 130)
(105, 391)
(105, 393)
(105, 109)
(105, 274)
(105, 147)
(105, 148)
(105, 279)
(105, 154)
(105, 284)
(105, 158)
(105, 287)
(105, 290)
(105, 293)
(105, 166)
(105, 167)
(105, 171)
(105, 300)
(105, 302)
(105, 303)
(105, 305)
(105, 137)
(105, 184)
(105, 159)
(105, 316)
(105, 202)
(105, 319)
(105, 192)
(105, 193)
(105, 330)
(105, 344)
(105, 346)
(105, 351)
(105, 356)
(105, 362)
(105, 237)
(105, 126)
(105, 191)
(105, 234)
(105, 254)
(105, 127)
(106, 128)
(106, 130)
(106, 131)
(106, 138)
(106, 283)
(106, 158)
(106, 295)
(106, 305)
(106, 309)
(106, 183)
(106, 191)
(106, 320)
(106, 193)
(106, 197)
(106, 326)
(106, 203)
(106, 337)
(106, 214)
(106, 347)
(106, 352)
(106, 233)
(106, 362)
(106, 109)
(106, 367)
(106, 368)
(106, 371)
(106, 118)
(107, 384)
(107, 388)
(107, 389)
(107, 136)
(107, 265)
(107, 142)
(107, 165)
(107, 297)
(107, 333)
(107, 206)
(107, 348)
(107, 220)
(107, 228)
(107, 232)
(107, 361)
(107, 378)
(107, 251)
(108, 384)
(108, 132)
(108, 389)
(108, 136)
(108, 265)
(108, 394)
(108, 396)
(108, 269)
(108, 399)
(108, 145)
(108, 149)
(108, 285)
(108, 133)
(108, 160)
(108, 164)
(108, 175)
(108, 177)
(108, 318)
(108, 321)
(108, 194)
(108, 325)
(108, 199)
(108, 201)
(108, 207)
(108, 336)
(108, 339)
(108, 215)
(108, 345)
(108, 271)
(108, 225)
(108, 228)
(108, 230)
(108, 358)
(108, 363)
(108, 111)
(108, 112)
(108, 113)
(108, 114)
(108, 243)
(108, 116)
(108, 119)
(108, 120)
(108, 250)
(108, 251)
(108, 380)
(108, 125)
(108, 382)
(108, 383)
(109, 128)
(109, 130)
(109, 131)
(109, 138)
(109, 274)
(109, 283)
(109, 158)
(109, 171)
(109, 302)
(109, 305)
(109, 309)
(109, 184)
(109, 191)
(109, 193)
(109, 197)
(109, 203)
(109, 337)
(109, 214)
(109, 347)
(109, 351)
(109, 352)
(109, 233)
(109, 362)
(109, 367)
(109, 368)
(109, 118)
(110, 386)
(110, 238)
(110, 156)
(110, 169)
(110, 173)
(110, 311)
(110, 312)
(110, 186)
(110, 332)
(110, 335)
(110, 213)
(110, 350)
(110, 353)
(110, 366)
(110, 369)
(110, 370)
(110, 244)
(110, 376)
(110, 249)
(111, 384)
(111, 132)
(111, 389)
(111, 136)
(111, 265)
(111, 394)
(111, 396)
(111, 269)
(111, 271)
(111, 145)
(111, 285)
(111, 133)
(111, 160)
(111, 164)
(111, 297)
(111, 175)
(111, 177)
(111, 318)
(111, 321)
(111, 194)
(111, 325)
(111, 199)
(111, 328)
(111, 201)
(111, 333)
(111, 339)
(111, 220)
(111, 348)
(111, 225)
(111, 251)
(111, 228)
(111, 230)
(111, 358)
(111, 232)
(111, 361)
(111, 363)
(111, 112)
(111, 113)
(111, 114)
(111, 116)
(111, 119)
(111, 120)
(111, 379)
(111, 380)
(111, 125)
(111, 382)
(112, 384)
(112, 388)
(112, 389)
(112, 136)
(112, 265)
(112, 394)
(112, 396)
(112, 142)
(112, 271)
(112, 145)
(112, 132)
(112, 285)
(112, 133)
(112, 160)
(112, 164)
(112, 165)
(112, 297)
(112, 175)
(112, 177)
(112, 318)
(112, 194)
(112, 325)
(112, 199)
(112, 333)
(112, 206)
(112, 339)
(112, 220)
(112, 348)
(112, 225)
(112, 228)
(112, 230)
(112, 358)
(112, 232)
(112, 361)
(112, 363)
(112, 113)
(112, 116)
(112, 119)
(112, 120)
(112, 377)
(112, 378)
(112, 251)
(112, 380)
(112, 125)
(112, 382)
(113, 384)
(113, 256)
(113, 394)
(113, 269)
(113, 399)
(113, 149)
(113, 151)
(113, 155)
(113, 285)
(113, 160)
(113, 291)
(113, 164)
(113, 170)
(113, 177)
(113, 314)
(113, 187)
(113, 266)
(113, 318)
(113, 321)
(113, 325)
(113, 199)
(113, 328)
(113, 205)
(113, 336)
(113, 339)
(113, 224)
(113, 225)
(113, 379)
(113, 230)
(113, 358)
(113, 363)
(113, 365)
(113, 240)
(113, 114)
(113, 117)
(113, 119)
(113, 120)
(113, 250)
(113, 251)
(113, 380)
(113, 382)
(114, 393)
(114, 269)
(114, 399)
(114, 149)
(114, 151)
(114, 285)
(114, 290)
(114, 291)
(114, 164)
(114, 170)
(114, 199)
(114, 177)
(114, 321)
(114, 325)
(114, 327)
(114, 201)
(114, 204)
(114, 336)
(114, 120)
(114, 339)
(114, 122)
(114, 224)
(114, 225)
(114, 230)
(114, 363)
(114, 365)
(114, 241)
(114, 243)
(114, 248)
(114, 250)
(114, 379)
(114, 380)
(114, 382)
(114, 383)
(115, 259)
(115, 398)
(115, 131)
(115, 277)
(115, 163)
(115, 296)
(115, 299)
(115, 309)
(115, 183)
(115, 315)
(115, 317)
(115, 270)
(115, 229)
(115, 239)
(115, 368)
(115, 255)
(116, 384)
(116, 132)
(116, 389)
(116, 136)
(116, 265)
(116, 394)
(116, 396)
(116, 142)
(116, 271)
(116, 145)
(116, 285)
(116, 133)
(116, 160)
(116, 164)
(116, 297)
(116, 175)
(116, 177)
(116, 313)
(116, 318)
(116, 194)
(116, 325)
(116, 199)
(116, 201)
(116, 333)
(116, 206)
(116, 207)
(116, 339)
(116, 220)
(116, 345)
(116, 348)
(116, 228)
(116, 358)
(116, 230)
(116, 232)
(116, 361)
(116, 363)
(116, 119)
(116, 120)
(116, 251)
(116, 380)
(116, 125)
(117, 384)
(117, 256)
(117, 388)
(117, 266)
(117, 155)
(117, 285)
(117, 160)
(117, 297)
(117, 328)
(117, 314)
(117, 187)
(117, 394)
(117, 325)
(117, 200)
(117, 205)
(117, 348)
(117, 225)
(117, 379)
(117, 228)
(117, 230)
(117, 358)
(117, 240)
(117, 119)
(117, 120)
(117, 377)
(117, 251)
(117, 382)
(118, 128)
(118, 130)
(118, 137)
(118, 138)
(118, 276)
(118, 283)
(118, 176)
(118, 305)
(118, 191)
(118, 203)
(118, 197)
(118, 331)
(118, 211)
(118, 347)
(118, 352)
(118, 233)
(118, 362)
(118, 237)
(118, 367)
(119, 384)
(119, 388)
(119, 389)
(119, 136)
(119, 265)
(119, 394)
(119, 142)
(119, 145)
(119, 285)
(119, 133)
(119, 160)
(119, 164)
(119, 297)
(119, 175)
(119, 177)
(119, 187)
(119, 266)
(119, 318)
(119, 321)
(119, 194)
(119, 325)
(119, 199)
(119, 328)
(119, 333)
(119, 206)
(119, 339)
(119, 220)
(119, 348)
(119, 225)
(119, 251)
(119, 228)
(119, 230)
(119, 358)
(119, 232)
(119, 361)
(119, 363)
(119, 240)
(119, 120)
(119, 377)
(119, 379)
(119, 380)
(119, 125)
(119, 382)
(120, 384)
(120, 389)
(120, 136)
(120, 265)
(120, 266)
(120, 269)
(120, 399)
(120, 145)
(120, 285)
(120, 133)
(120, 160)
(120, 164)
(120, 297)
(120, 170)
(120, 175)
(120, 177)
(120, 314)
(120, 187)
(120, 394)
(120, 318)
(120, 321)
(120, 194)
(120, 325)
(120, 199)
(120, 328)
(120, 201)
(120, 333)
(120, 339)
(120, 348)
(120, 225)
(120, 251)
(120, 228)
(120, 230)
(120, 358)
(120, 363)
(120, 240)
(120, 250)
(120, 379)
(120, 380)
(120, 125)
(120, 382)
(121, 258)
(121, 387)
(121, 134)
(121, 263)
(121, 392)
(121, 139)
(121, 397)
(121, 144)
(121, 146)
(121, 275)
(121, 278)
(121, 153)
(121, 286)
(121, 289)
(121, 172)
(121, 304)
(121, 264)
(121, 306)
(121, 307)
(121, 185)
(121, 188)
(121, 189)
(121, 190)
(121, 196)
(121, 246)
(121, 161)
(121, 247)
(121, 332)
(121, 334)
(121, 208)
(121, 338)
(121, 212)
(121, 343)
(121, 216)
(121, 360)
(121, 235)
(121, 242)
(121, 374)
(121, 375)
(121, 381)
(122, 256)
(122, 129)
(122, 193)
(122, 393)
(122, 399)
(122, 273)
(122, 149)
(122, 151)
(122, 152)
(122, 284)
(122, 290)
(122, 291)
(122, 170)
(122, 171)
(122, 302)
(122, 319)
(122, 192)
(122, 321)
(122, 327)
(122, 205)
(122, 163)
(122, 344)
(122, 346)
(122, 351)
(122, 224)
(122, 225)
(122, 364)
(122, 365)
(122, 248)
(122, 250)
(123, 258)
(123, 391)
(123, 393)
(123, 395)
(123, 143)
(123, 148)
(123, 279)
(123, 280)
(123, 284)
(123, 159)
(123, 290)
(123, 172)
(123, 303)
(123, 178)
(123, 182)
(123, 316)
(123, 319)
(123, 192)
(123, 139)
(123, 327)
(123, 329)
(123, 330)
(123, 204)
(123, 212)
(123, 341)
(123, 342)
(123, 344)
(123, 346)
(123, 356)
(123, 234)
(123, 364)
(123, 241)
(123, 242)
(123, 372)
(123, 126)
(123, 248)
(123, 252)
(123, 381)
(123, 254)
(124, 257)
(124, 267)
(124, 140)
(124, 141)
(124, 143)
(124, 275)
(124, 150)
(124, 154)
(124, 287)
(124, 161)
(124, 293)
(124, 294)
(124, 167)
(124, 300)
(124, 303)
(124, 308)
(124, 181)
(124, 159)
(124, 195)
(124, 198)
(124, 329)
(124, 202)
(124, 126)
(124, 209)
(124, 340)
(124, 341)
(124, 218)
(124, 219)
(124, 222)
(124, 356)
(124, 234)
(124, 236)
(124, 147)
(124, 372)
(124, 373)
(124, 253)
(124, 254)
(124, 127)
(125, 132)
(125, 133)
(125, 136)
(125, 394)
(125, 396)
(125, 269)
(125, 271)
(125, 145)
(125, 282)
(125, 160)
(125, 164)
(125, 168)
(125, 175)
(125, 177)
(125, 313)
(125, 318)
(125, 194)
(125, 325)
(125, 199)
(125, 201)
(125, 207)
(125, 336)
(125, 339)
(125, 215)
(125, 345)
(125, 223)
(125, 363)
(125, 243)
(125, 380)
(126, 258)
(126, 391)
(126, 392)
(126, 236)
(126, 267)
(126, 140)
(126, 143)
(126, 275)
(126, 148)
(126, 279)
(126, 280)
(126, 154)
(126, 218)
(126, 159)
(126, 161)
(126, 293)
(126, 166)
(126, 167)
(126, 300)
(126, 303)
(126, 172)
(126, 182)
(126, 316)
(126, 202)
(126, 319)
(126, 195)
(126, 198)
(126, 329)
(126, 330)
(126, 139)
(126, 341)
(126, 344)
(126, 346)
(126, 222)
(126, 356)
(126, 234)
(126, 364)
(126, 147)
(126, 372)
(126, 252)
(126, 253)
(126, 254)
(126, 127)
(127, 391)
(127, 267)
(127, 140)
(127, 143)
(127, 274)
(127, 147)
(127, 148)
(127, 279)
(127, 154)
(127, 287)
(127, 293)
(127, 166)
(127, 167)
(127, 300)
(127, 301)
(127, 303)
(127, 308)
(127, 184)
(127, 159)
(127, 316)
(127, 202)
(127, 319)
(127, 192)
(127, 195)
(127, 198)
(127, 329)
(127, 330)
(127, 341)
(127, 344)
(127, 218)
(127, 222)
(127, 356)
(127, 234)
(127, 236)
(127, 237)
(127, 372)
(127, 191)
(127, 253)
(127, 254)
(128, 130)
(128, 131)
(128, 138)
(128, 283)
(128, 158)
(128, 295)
(128, 305)
(128, 309)
(128, 183)
(128, 320)
(128, 197)
(128, 326)
(128, 203)
(128, 337)
(128, 347)
(128, 352)
(128, 233)
(128, 362)
(128, 367)
(128, 371)
(129, 256)
(129, 131)
(129, 393)
(129, 273)
(129, 274)
(129, 277)
(129, 151)
(129, 152)
(129, 284)
(129, 158)
(129, 290)
(129, 291)
(129, 170)
(129, 171)
(129, 302)
(129, 309)
(129, 315)
(129, 317)
(129, 192)
(129, 193)
(129, 205)
(129, 163)
(129, 214)
(129, 344)
(129, 351)
(129, 224)
(129, 365)
(129, 368)
(130, 137)
(130, 138)
(130, 274)
(130, 276)
(130, 283)
(130, 158)
(130, 287)
(130, 292)
(130, 166)
(130, 167)
(130, 300)
(130, 301)
(130, 176)
(130, 305)
(130, 184)
(130, 159)
(130, 191)
(130, 193)
(130, 323)
(130, 197)
(130, 331)
(130, 211)
(130, 203)
(130, 347)
(130, 352)
(130, 233)
(130, 362)
(130, 237)
(130, 148)
(131, 138)
(131, 398)
(131, 277)
(131, 152)
(131, 158)
(131, 171)
(131, 305)
(131, 309)
(131, 183)
(131, 315)
(131, 317)
(131, 193)
(131, 197)
(131, 337)
(131, 214)
(131, 351)
(131, 352)
(131, 229)
(131, 233)
(131, 367)
(131, 368)
(132, 133)
(132, 262)
(132, 136)
(132, 396)
(132, 194)
(132, 271)
(132, 272)
(132, 145)
(132, 282)
(132, 164)
(132, 168)
(132, 175)
(132, 177)
(132, 179)
(132, 313)
(132, 318)
(132, 322)
(132, 199)
(132, 201)
(132, 269)
(132, 336)
(132, 215)
(132, 345)
(132, 207)
(132, 223)
(132, 363)
(132, 243)
(132, 380)
(133, 262)
(133, 136)
(133, 394)
(133, 396)
(133, 269)
(133, 271)
(133, 272)
(133, 145)
(133, 282)
(133, 160)
(133, 164)
(133, 168)
(133, 175)
(133, 177)
(133, 313)
(133, 318)
(133, 321)
(133, 322)
(133, 325)
(133, 199)
(133, 194)
(133, 201)
(133, 207)
(133, 336)
(133, 339)
(133, 215)
(133, 345)
(133, 223)
(133, 363)
(133, 243)
(133, 380)
(133, 383)
(134, 258)
(134, 387)
(134, 395)
(134, 397)
(134, 144)
(134, 157)
(134, 286)
(134, 289)
(134, 172)
(134, 178)
(134, 307)
(134, 182)
(134, 185)
(134, 186)
(134, 190)
(134, 324)
(134, 334)
(134, 208)
(134, 227)
(134, 212)
(134, 342)
(134, 343)
(134, 216)
(134, 349)
(134, 354)
(134, 355)
(134, 357)
(134, 359)
(134, 360)
(134, 231)
(134, 366)
(134, 242)
(134, 374)
(134, 376)
(134, 252)
(134, 381)
(135, 392)
(135, 141)
(135, 146)
(135, 153)
(135, 288)
(135, 294)
(135, 174)
(135, 306)
(135, 189)
(135, 209)
(135, 338)
(135, 226)
(135, 188)
(135, 375)
(136, 384)
(136, 389)
(136, 265)
(136, 394)
(136, 396)
(136, 142)
(136, 271)
(136, 145)
(136, 285)
(136, 160)
(136, 164)
(136, 165)
(136, 297)
(136, 175)
(136, 177)
(136, 313)
(136, 318)
(136, 194)
(136, 325)
(136, 199)
(136, 333)
(136, 206)
(136, 207)
(136, 220)
(136, 348)
(136, 228)
(136, 358)
(136, 230)
(136, 232)
(136, 361)
(136, 363)
(136, 378)
(136, 251)
(136, 380)
(137, 260)
(137, 274)
(137, 276)
(137, 287)
(137, 292)
(137, 166)
(137, 167)
(137, 300)
(137, 301)
(137, 176)
(137, 305)
(137, 184)
(137, 191)
(137, 323)
(137, 202)
(137, 331)
(137, 211)
(137, 203)
(137, 347)
(137, 362)
(137, 237)
(138, 283)
(138, 158)
(138, 295)
(138, 305)
(138, 309)
(138, 183)
(138, 320)
(138, 197)
(138, 326)
(138, 203)
(138, 337)
(138, 214)
(138, 347)
(138, 352)
(138, 233)
(138, 362)
(138, 367)
(138, 368)
(138, 371)
(139, 258)
(139, 387)
(139, 392)
(139, 141)
(139, 143)
(139, 275)
(139, 279)
(139, 280)
(139, 153)
(139, 286)
(139, 161)
(139, 172)
(139, 306)
(139, 307)
(139, 182)
(139, 185)
(139, 316)
(139, 189)
(139, 190)
(139, 198)
(139, 329)
(139, 338)
(139, 212)
(139, 341)
(139, 343)
(139, 216)
(139, 188)
(139, 234)
(139, 236)
(139, 381)
(139, 242)
(139, 372)
(139, 374)
(139, 375)
(139, 252)
(139, 253)
(139, 254)
(140, 257)
(140, 267)
(140, 141)
(140, 147)
(140, 150)
(140, 154)
(140, 287)
(140, 293)
(140, 294)
(140, 167)
(140, 300)
(140, 301)
(140, 303)
(140, 308)
(140, 181)
(140, 159)
(140, 195)
(140, 198)
(140, 329)
(140, 202)
(140, 209)
(140, 340)
(140, 218)
(140, 219)
(140, 222)
(140, 356)
(140, 234)
(140, 236)
(140, 372)
(140, 373)
(140, 253)
(140, 254)
(141, 257)
(141, 392)
(141, 146)
(141, 275)
(141, 150)
(141, 153)
(141, 288)
(141, 161)
(141, 294)
(141, 174)
(141, 306)
(141, 308)
(141, 181)
(141, 188)
(141, 198)
(141, 329)
(141, 209)
(141, 338)
(141, 340)
(141, 219)
(141, 222)
(141, 226)
(141, 236)
(141, 372)
(141, 373)
(142, 384)
(142, 388)
(142, 389)
(142, 265)
(142, 271)
(142, 145)
(142, 160)
(142, 165)
(142, 297)
(142, 318)
(142, 194)
(142, 333)
(142, 206)
(142, 348)
(142, 220)
(142, 228)
(142, 358)
(142, 232)
(142, 361)
(142, 378)
(142, 251)
(143, 258)
(143, 391)
(143, 393)
(143, 395)
(143, 216)
(143, 275)
(143, 148)
(143, 279)
(143, 280)
(143, 154)
(143, 159)
(143, 161)
(143, 290)
(143, 172)
(143, 303)
(143, 236)
(143, 182)
(143, 316)
(143, 202)
(143, 190)
(143, 319)
(143, 192)
(143, 198)
(143, 329)
(143, 330)
(143, 212)
(143, 341)
(143, 344)
(143, 346)
(143, 356)
(143, 234)
(143, 364)
(143, 381)
(143, 242)
(143, 147)
(143, 372)
(143, 252)
(143, 253)
(143, 254)
(144, 258)
(144, 387)
(144, 395)
(144, 397)
(144, 157)
(144, 286)
(144, 289)
(144, 172)
(144, 178)
(144, 307)
(144, 182)
(144, 185)
(144, 186)
(144, 190)
(144, 324)
(144, 334)
(144, 208)
(144, 227)
(144, 212)
(144, 342)
(144, 343)
(144, 216)
(144, 349)
(144, 354)
(144, 355)
(144, 357)
(144, 359)
(144, 360)
(144, 231)
(144, 366)
(144, 242)
(144, 374)
(144, 252)
(144, 381)
(145, 384)
(145, 389)
(145, 265)
(145, 394)
(145, 396)
(145, 269)
(145, 271)
(145, 285)
(145, 160)
(145, 164)
(145, 168)
(145, 175)
(145, 177)
(145, 313)
(145, 318)
(145, 194)
(145, 325)
(145, 199)
(145, 201)
(145, 207)
(145, 339)
(145, 215)
(145, 345)
(145, 220)
(145, 228)
(145, 358)
(145, 230)
(145, 232)
(145, 361)
(145, 363)
(145, 251)
(145, 380)
(146, 387)
(146, 392)
(146, 153)
(146, 286)
(146, 288)
(146, 304)
(146, 174)
(146, 264)
(146, 306)
(146, 189)
(146, 375)
(146, 338)
(146, 188)
(146, 246)
(146, 247)
(147, 391)
(147, 267)
(147, 274)
(147, 148)
(147, 279)
(147, 280)
(147, 154)
(147, 287)
(147, 293)
(147, 166)
(147, 167)
(147, 300)
(147, 301)
(147, 303)
(147, 184)
(147, 159)
(147, 316)
(147, 202)
(147, 319)
(147, 192)
(147, 195)
(147, 198)
(147, 329)
(147, 330)
(147, 341)
(147, 344)
(147, 218)
(147, 222)
(147, 356)
(147, 234)
(147, 236)
(147, 237)
(147, 372)
(147, 191)
(147, 253)
(147, 254)
(148, 391)
(148, 393)
(148, 274)
(148, 279)
(148, 284)
(148, 158)
(148, 159)
(148, 290)
(148, 166)
(148, 167)
(148, 171)
(148, 300)
(148, 302)
(148, 303)
(148, 305)
(148, 184)
(148, 316)
(148, 330)
(148, 319)
(148, 192)
(148, 193)
(148, 202)
(148, 344)
(148, 346)
(148, 351)
(148, 356)
(148, 362)
(148, 364)
(148, 191)
(148, 234)
(148, 254)
(149, 262)
(149, 393)
(149, 395)
(149, 269)
(149, 399)
(149, 151)
(149, 290)
(149, 291)
(149, 164)
(149, 199)
(149, 178)
(149, 321)
(149, 322)
(149, 327)
(149, 201)
(149, 204)
(149, 336)
(149, 339)
(149, 215)
(149, 345)
(149, 346)
(149, 224)
(149, 225)
(149, 363)
(149, 364)
(149, 365)
(149, 241)
(149, 243)
(149, 248)
(149, 250)
(149, 383)
(150, 385)
(150, 261)
(150, 257)
(150, 267)
(150, 281)
(150, 154)
(150, 288)
(150, 293)
(150, 294)
(150, 174)
(150, 308)
(150, 181)
(150, 195)
(150, 198)
(150, 209)
(150, 210)
(150, 340)
(150, 218)
(150, 219)
(150, 221)
(150, 222)
(150, 226)
(150, 236)
(150, 373)
(150, 253)
(151, 256)
(151, 393)
(151, 399)
(151, 273)
(151, 152)
(151, 284)
(151, 290)
(151, 291)
(151, 170)
(151, 171)
(151, 302)
(151, 192)
(151, 321)
(151, 327)
(151, 204)
(151, 205)
(151, 336)
(151, 339)
(151, 344)
(151, 346)
(151, 351)
(151, 224)
(151, 225)
(151, 364)
(151, 365)
(151, 241)
(151, 248)
(151, 250)
(151, 383)
(152, 256)
(152, 398)
(152, 273)
(152, 277)
(152, 284)
(152, 158)
(152, 291)
(152, 296)
(152, 170)
(152, 171)
(152, 302)
(152, 309)
(152, 315)
(152, 317)
(152, 193)
(152, 205)
(152, 163)
(152, 214)
(152, 351)
(152, 224)
(152, 229)
(152, 368)
(153, 258)
(153, 387)
(153, 263)
(153, 392)
(153, 275)
(153, 286)
(153, 161)
(153, 172)
(153, 304)
(153, 264)
(153, 306)
(153, 307)
(153, 185)
(153, 188)
(153, 189)
(153, 190)
(153, 374)
(153, 329)
(153, 247)
(153, 334)
(153, 208)
(153, 338)
(153, 212)
(153, 343)
(153, 216)
(153, 360)
(153, 242)
(153, 246)
(153, 375)
(153, 381)
(154, 257)
(154, 391)
(154, 267)
(154, 279)
(154, 287)
(154, 293)
(154, 294)
(154, 167)
(154, 300)
(154, 301)
(154, 303)
(154, 308)
(154, 181)
(154, 184)
(154, 159)
(154, 316)
(154, 195)
(154, 198)
(154, 329)
(154, 202)
(154, 218)
(154, 219)
(154, 222)
(154, 356)
(154, 166)
(154, 234)
(154, 236)
(154, 237)
(154, 372)
(154, 373)
(154, 253)
(154, 254)
(155, 256)
(155, 266)
(155, 163)
(155, 296)
(155, 170)
(155, 285)
(155, 200)
(155, 314)
(155, 315)
(155, 328)
(155, 205)
(155, 187)
(155, 230)
(155, 240)
(155, 377)
(155, 379)
(155, 382)
(156, 386)
(156, 263)
(156, 264)
(156, 397)
(156, 278)
(156, 286)
(156, 289)
(156, 169)
(156, 173)
(156, 304)
(156, 311)
(156, 196)
(156, 332)
(156, 334)
(156, 208)
(156, 213)
(156, 353)
(156, 360)
(156, 235)
(156, 238)
(156, 369)
(156, 370)
(156, 244)
(156, 246)
(156, 247)
(156, 376)
(156, 249)
(157, 397)
(157, 238)
(157, 278)
(157, 231)
(157, 289)
(157, 162)
(157, 307)
(157, 311)
(157, 312)
(157, 186)
(157, 190)
(157, 324)
(157, 332)
(157, 334)
(157, 335)
(157, 208)
(157, 213)
(157, 342)
(157, 343)
(157, 217)
(157, 349)
(157, 350)
(157, 353)
(157, 354)
(157, 227)
(157, 357)
(157, 359)
(157, 360)
(157, 235)
(157, 366)
(157, 369)
(157, 370)
(157, 244)
(157, 374)
(157, 376)
(157, 249)
(158, 391)
(158, 274)
(158, 284)
(158, 159)
(158, 166)
(158, 171)
(158, 302)
(158, 305)
(158, 309)
(158, 184)
(158, 191)
(158, 192)
(158, 193)
(158, 197)
(158, 203)
(158, 214)
(158, 344)
(158, 351)
(158, 352)
(158, 233)
(158, 362)
(158, 368)
(159, 391)
(159, 267)
(159, 274)
(159, 279)
(159, 280)
(159, 284)
(159, 218)
(159, 287)
(159, 290)
(159, 293)
(159, 166)
(159, 167)
(159, 300)
(159, 302)
(159, 303)
(159, 184)
(159, 316)
(159, 202)
(159, 319)
(159, 192)
(159, 193)
(159, 195)
(159, 330)
(159, 341)
(159, 344)
(159, 346)
(159, 356)
(159, 362)
(159, 364)
(159, 237)
(159, 372)
(159, 234)
(159, 191)
(159, 253)
(159, 254)
(160, 384)
(160, 388)
(160, 389)
(160, 265)
(160, 266)
(160, 285)
(160, 164)
(160, 297)
(160, 175)
(160, 177)
(160, 314)
(160, 187)
(160, 394)
(160, 318)
(160, 321)
(160, 194)
(160, 325)
(160, 199)
(160, 328)
(160, 333)
(160, 206)
(160, 339)
(160, 220)
(160, 348)
(160, 225)
(160, 251)
(160, 228)
(160, 230)
(160, 358)
(160, 232)
(160, 361)
(160, 363)
(160, 240)
(160, 377)
(160, 379)
(160, 380)
(160, 382)
(161, 258)
(161, 387)
(161, 392)
(161, 275)
(161, 279)
(161, 280)
(161, 294)
(161, 172)
(161, 306)
(161, 307)
(161, 182)
(161, 185)
(161, 316)
(161, 189)
(161, 190)
(161, 198)
(161, 329)
(161, 338)
(161, 212)
(161, 341)
(161, 343)
(161, 216)
(161, 188)
(161, 234)
(161, 236)
(161, 381)
(161, 242)
(161, 372)
(161, 374)
(161, 375)
(161, 252)
(161, 253)
(161, 254)
(162, 262)
(162, 272)
(162, 345)
(162, 282)
(162, 168)
(162, 179)
(162, 312)
(162, 186)
(162, 322)
(162, 324)
(162, 335)
(162, 227)
(162, 215)
(162, 217)
(162, 349)
(162, 350)
(162, 223)
(162, 354)
(162, 355)
(162, 357)
(162, 359)
(162, 231)
(162, 366)
(163, 256)
(163, 398)
(163, 273)
(163, 277)
(163, 296)
(163, 170)
(163, 171)
(163, 309)
(163, 314)
(163, 315)
(163, 317)
(163, 200)
(163, 205)
(163, 214)
(163, 351)
(163, 224)
(163, 229)
(163, 239)
(163, 368)
(163, 379)
(164, 262)
(164, 394)
(164, 396)
(164, 269)
(164, 399)
(164, 285)
(164, 199)
(164, 175)
(164, 177)
(164, 318)
(164, 321)
(164, 322)
(164, 325)
(164, 327)
(164, 194)
(164, 201)
(164, 336)
(164, 339)
(164, 215)
(164, 345)
(164, 225)
(164, 230)
(164, 358)
(164, 363)
(164, 365)
(164, 241)
(164, 243)
(164, 248)
(164, 250)
(164, 380)
(164, 382)
(164, 383)
(165, 384)
(165, 388)
(165, 389)
(165, 265)
(165, 297)
(165, 318)
(165, 333)
(165, 206)
(165, 348)
(165, 220)
(165, 228)
(165, 358)
(165, 232)
(165, 361)
(165, 377)
(165, 378)
(165, 251)
(166, 391)
(166, 267)
(166, 274)
(166, 279)
(166, 284)
(166, 218)
(166, 287)
(166, 293)
(166, 167)
(166, 300)
(166, 302)
(166, 303)
(166, 176)
(166, 305)
(166, 184)
(166, 316)
(166, 202)
(166, 319)
(166, 192)
(166, 193)
(166, 330)
(166, 344)
(166, 346)
(166, 356)
(166, 362)
(166, 237)
(166, 372)
(166, 234)
(166, 191)
(166, 253)
(166, 254)
(167, 391)
(167, 267)
(167, 274)
(167, 195)
(167, 287)
(167, 292)
(167, 293)
(167, 300)
(167, 301)
(167, 303)
(167, 176)
(167, 184)
(167, 319)
(167, 192)
(167, 323)
(167, 202)
(167, 331)
(167, 211)
(167, 203)
(167, 344)
(167, 218)
(167, 356)
(167, 362)
(167, 237)
(167, 253)
(167, 372)
(167, 191)
(167, 234)
(167, 254)
(168, 396)
(168, 194)
(168, 271)
(168, 272)
(168, 282)
(168, 175)
(168, 179)
(168, 313)
(168, 322)
(168, 199)
(168, 201)
(168, 207)
(168, 215)
(168, 345)
(168, 223)
(168, 355)
(168, 363)
(169, 386)
(169, 263)
(169, 278)
(169, 173)
(169, 311)
(169, 196)
(169, 332)
(169, 213)
(169, 353)
(169, 235)
(169, 238)
(169, 369)
(169, 370)
(169, 244)
(169, 376)
(169, 249)
(170, 256)
(170, 273)
(170, 285)
(170, 291)
(170, 314)
(170, 315)
(170, 321)
(170, 328)
(170, 205)
(170, 339)
(170, 399)
(170, 351)
(170, 224)
(170, 225)
(170, 187)
(170, 230)
(170, 365)
(170, 250)
(170, 379)
(170, 382)
(171, 391)
(171, 393)
(171, 273)
(171, 274)
(171, 284)
(171, 290)
(171, 291)
(171, 193)
(171, 302)
(171, 305)
(171, 309)
(171, 315)
(171, 319)
(171, 192)
(171, 224)
(171, 214)
(171, 344)
(171, 351)
(171, 352)
(171, 368)
(172, 258)
(172, 387)
(172, 392)
(172, 395)
(172, 275)
(172, 279)
(172, 280)
(172, 306)
(172, 307)
(172, 182)
(172, 185)
(172, 316)
(172, 190)
(172, 329)
(172, 330)
(172, 338)
(172, 212)
(172, 341)
(172, 342)
(172, 343)
(172, 216)
(172, 188)
(172, 234)
(172, 364)
(172, 242)
(172, 372)
(172, 374)
(172, 252)
(172, 381)
(172, 254)
(173, 353)
(173, 386)
(173, 332)
(173, 238)
(173, 369)
(173, 370)
(173, 244)
(173, 213)
(173, 311)
(173, 249)
(174, 385)
(174, 257)
(174, 392)
(174, 288)
(174, 294)
(174, 308)
(174, 181)
(174, 209)
(174, 210)
(174, 340)
(174, 219)
(174, 221)
(174, 222)
(174, 226)
(174, 338)
(174, 373)
(175, 262)
(175, 394)
(175, 396)
(175, 269)
(175, 271)
(175, 282)
(175, 177)
(175, 313)
(175, 318)
(175, 321)
(175, 322)
(175, 325)
(175, 199)
(175, 194)
(175, 201)
(175, 207)
(175, 336)
(175, 339)
(175, 215)
(175, 345)
(175, 223)
(175, 363)
(175, 243)
(175, 380)
(175, 383)
(176, 260)
(176, 276)
(176, 287)
(176, 292)
(176, 300)
(176, 301)
(176, 305)
(176, 184)
(176, 191)
(176, 323)
(176, 202)
(176, 331)
(176, 211)
(176, 203)
(176, 347)
(176, 362)
(176, 237)
(177, 384)
(177, 389)
(177, 265)
(177, 394)
(177, 396)
(177, 269)
(177, 399)
(177, 285)
(177, 297)
(177, 187)
(177, 318)
(177, 321)
(177, 194)
(177, 325)
(177, 199)
(177, 328)
(177, 201)
(177, 333)
(177, 336)
(177, 339)
(177, 348)
(177, 225)
(177, 251)
(177, 228)
(177, 230)
(177, 358)
(177, 361)
(177, 363)
(177, 243)
(177, 250)
(177, 379)
(177, 380)
(177, 382)
(178, 262)
(178, 395)
(178, 269)
(178, 182)
(178, 215)
(178, 322)
(178, 324)
(178, 327)
(178, 201)
(178, 204)
(178, 336)
(178, 227)
(178, 212)
(178, 342)
(178, 343)
(178, 349)
(178, 223)
(178, 354)
(178, 355)
(178, 357)
(178, 231)
(178, 364)
(178, 241)
(178, 242)
(178, 243)
(178, 248)
(178, 252)
(178, 381)
(178, 383)
(179, 355)
(179, 215)
(179, 396)
(179, 207)
(179, 272)
(179, 313)
(179, 345)
(179, 282)
(179, 223)
(180, 385)
(180, 261)
(180, 390)
(180, 298)
(180, 268)
(180, 245)
(180, 281)
(180, 221)
(181, 385)
(181, 261)
(181, 257)
(181, 267)
(181, 281)
(181, 288)
(181, 293)
(181, 294)
(181, 308)
(181, 195)
(181, 198)
(181, 209)
(181, 210)
(181, 340)
(181, 218)
(181, 219)
(181, 221)
(181, 222)
(181, 226)
(181, 236)
(181, 373)
(181, 253)
(182, 258)
(182, 393)
(182, 395)
(182, 275)
(182, 279)
(182, 280)
(182, 290)
(182, 307)
(182, 185)
(182, 316)
(182, 190)
(182, 319)
(182, 329)
(182, 330)
(182, 204)
(182, 212)
(182, 341)
(182, 342)
(182, 343)
(182, 216)
(182, 346)
(182, 234)
(182, 364)
(182, 242)
(182, 372)
(182, 374)
(182, 252)
(182, 381)
(182, 254)
(183, 259)
(183, 270)
(183, 295)
(183, 299)
(183, 309)
(183, 310)
(183, 320)
(183, 197)
(183, 326)
(183, 337)
(183, 233)
(183, 367)
(183, 368)
(183, 371)
(183, 255)
(184, 391)
(184, 267)
(184, 274)
(184, 284)
(184, 287)
(184, 292)
(184, 293)
(184, 300)
(184, 301)
(184, 302)
(184, 303)
(184, 305)
(184, 319)
(184, 192)
(184, 193)
(184, 203)
(184, 202)
(184, 331)
(184, 211)
(184, 344)
(184, 352)
(184, 356)
(184, 362)
(184, 237)
(184, 191)
(184, 234)
(185, 258)
(185, 387)
(185, 263)
(185, 392)
(185, 397)
(185, 275)
(185, 286)
(185, 289)
(185, 304)
(185, 264)
(185, 306)
(185, 307)
(185, 188)
(185, 189)
(185, 190)
(185, 246)
(185, 329)
(185, 247)
(185, 334)
(185, 208)
(185, 338)
(185, 212)
(185, 341)
(185, 342)
(185, 343)
(185, 216)
(185, 360)
(185, 242)
(185, 374)
(185, 375)
(185, 252)
(185, 381)
(186, 397)
(186, 238)
(186, 278)
(186, 231)
(186, 289)
(186, 307)
(186, 311)
(186, 312)
(186, 324)
(186, 332)
(186, 334)
(186, 335)
(186, 213)
(186, 217)
(186, 349)
(186, 350)
(186, 353)
(186, 354)
(186, 227)
(186, 357)
(186, 359)
(186, 235)
(186, 366)
(186, 369)
(186, 370)
(186, 244)
(186, 374)
(186, 376)
(186, 249)
(187, 384)
(187, 256)
(187, 388)
(187, 265)
(187, 266)
(187, 285)
(187, 297)
(187, 200)
(187, 314)
(187, 394)
(187, 325)
(187, 328)
(187, 205)
(187, 348)
(187, 225)
(187, 379)
(187, 228)
(187, 230)
(187, 358)
(187, 240)
(187, 377)
(187, 251)
(187, 380)
(187, 382)
(188, 258)
(188, 387)
(188, 392)
(188, 275)
(188, 286)
(188, 304)
(188, 264)
(188, 306)
(188, 307)
(188, 189)
(188, 190)
(188, 374)
(188, 329)
(188, 247)
(188, 334)
(188, 208)
(188, 338)
(188, 212)
(188, 341)
(188, 343)
(188, 216)
(188, 360)
(188, 242)
(188, 246)
(188, 375)
(188, 252)
(188, 381)
(189, 387)
(189, 263)
(189, 392)
(189, 397)
(189, 275)
(189, 278)
(189, 286)
(189, 304)
(189, 264)
(189, 306)
(189, 307)
(189, 190)
(189, 196)
(189, 374)
(189, 247)
(189, 334)
(189, 208)
(189, 338)
(189, 216)
(189, 360)
(189, 235)
(189, 246)
(189, 375)
(190, 258)
(190, 387)
(190, 392)
(190, 395)
(190, 397)
(190, 275)
(190, 280)
(190, 286)
(190, 289)
(190, 306)
(190, 307)
(190, 329)
(190, 334)
(190, 208)
(190, 338)
(190, 212)
(190, 341)
(190, 342)
(190, 343)
(190, 216)
(190, 349)
(190, 354)
(190, 231)
(190, 360)
(190, 242)
(190, 374)
(190, 375)
(190, 252)
(190, 381)
(191, 391)
(191, 274)
(191, 276)
(191, 287)
(191, 292)
(191, 300)
(191, 301)
(191, 303)
(191, 305)
(191, 192)
(191, 193)
(191, 323)
(191, 197)
(191, 202)
(191, 331)
(191, 211)
(191, 203)
(191, 347)
(191, 352)
(191, 356)
(191, 233)
(191, 362)
(191, 237)
(192, 391)
(192, 393)
(192, 274)
(192, 279)
(192, 280)
(192, 284)
(192, 290)
(192, 291)
(192, 302)
(192, 303)
(192, 316)
(192, 319)
(192, 193)
(192, 330)
(192, 344)
(192, 346)
(192, 351)
(192, 224)
(192, 356)
(192, 234)
(192, 364)
(192, 254)
(193, 391)
(193, 273)
(193, 274)
(193, 284)
(193, 305)
(193, 302)
(193, 309)
(193, 224)
(193, 203)
(193, 214)
(193, 344)
(193, 351)
(193, 352)
(193, 233)
(193, 368)
(194, 384)
(194, 389)
(194, 265)
(194, 394)
(194, 396)
(194, 271)
(194, 285)
(194, 297)
(194, 313)
(194, 318)
(194, 325)
(194, 199)
(194, 201)
(194, 333)
(194, 206)
(194, 207)
(194, 339)
(194, 345)
(194, 220)
(194, 228)
(194, 358)
(194, 230)
(194, 232)
(194, 361)
(194, 363)
(194, 251)
(194, 380)
(195, 257)
(195, 267)
(195, 287)
(195, 292)
(195, 293)
(195, 294)
(195, 300)
(195, 301)
(195, 303)
(195, 308)
(195, 198)
(195, 202)
(195, 340)
(195, 218)
(195, 219)
(195, 222)
(195, 356)
(195, 234)
(195, 236)
(195, 237)
(195, 372)
(195, 373)
(195, 253)
(196, 386)
(196, 387)
(196, 263)
(196, 264)
(196, 397)
(196, 278)
(196, 286)
(196, 289)
(196, 304)
(196, 311)
(196, 247)
(196, 332)
(196, 334)
(196, 208)
(196, 213)
(196, 360)
(196, 235)
(196, 369)
(196, 370)
(196, 244)
(196, 246)
(196, 375)
(196, 376)
(197, 283)
(197, 305)
(197, 309)
(197, 326)
(197, 203)
(197, 337)
(197, 214)
(197, 347)
(197, 352)
(197, 233)
(197, 362)
(197, 295)
(197, 367)
(197, 368)
(197, 371)
(198, 257)
(198, 392)
(198, 267)
(198, 275)
(198, 293)
(198, 294)
(198, 300)
(198, 308)
(198, 329)
(198, 202)
(198, 209)
(198, 338)
(198, 340)
(198, 341)
(198, 218)
(198, 219)
(198, 222)
(198, 356)
(198, 234)
(198, 236)
(198, 372)
(198, 373)
(198, 253)
(198, 254)
(199, 262)
(199, 394)
(199, 396)
(199, 269)
(199, 271)
(199, 285)
(199, 313)
(199, 318)
(199, 321)
(199, 322)
(199, 325)
(199, 201)
(199, 207)
(199, 336)
(199, 339)
(199, 215)
(199, 345)
(199, 223)
(199, 225)
(199, 230)
(199, 358)
(199, 363)
(199, 243)
(199, 250)
(199, 380)
(199, 383)
(200, 256)
(200, 266)
(200, 398)
(200, 296)
(200, 314)
(200, 315)
(200, 317)
(200, 328)
(200, 205)
(200, 229)
(200, 240)
(200, 379)
(200, 382)
(201, 262)
(201, 396)
(201, 269)
(201, 399)
(201, 272)
(201, 321)
(201, 322)
(201, 327)
(201, 204)
(201, 207)
(201, 336)
(201, 339)
(201, 215)
(201, 345)
(201, 223)
(201, 225)
(201, 355)
(201, 363)
(201, 241)
(201, 243)
(201, 248)
(201, 250)
(201, 380)
(201, 383)
(202, 391)
(202, 267)
(202, 279)
(202, 287)
(202, 292)
(202, 293)
(202, 300)
(202, 301)
(202, 303)
(202, 308)
(202, 316)
(202, 211)
(202, 218)
(202, 222)
(202, 356)
(202, 234)
(202, 236)
(202, 237)
(202, 372)
(202, 373)
(202, 253)
(202, 254)
(203, 274)
(203, 276)
(203, 283)
(203, 331)
(203, 305)
(203, 211)
(203, 347)
(203, 352)
(203, 233)
(203, 362)
(203, 237)
(203, 367)
(204, 262)
(204, 393)
(204, 395)
(204, 269)
(204, 399)
(204, 280)
(204, 290)
(204, 291)
(204, 322)
(204, 327)
(204, 336)
(204, 212)
(204, 342)
(204, 215)
(204, 346)
(204, 223)
(204, 354)
(204, 355)
(204, 357)
(204, 363)
(204, 364)
(204, 365)
(204, 241)
(204, 243)
(204, 248)
(204, 250)
(204, 383)
(205, 256)
(205, 398)
(205, 273)
(205, 277)
(205, 296)
(205, 314)
(205, 315)
(205, 317)
(205, 328)
(205, 224)
(205, 225)
(205, 229)
(205, 379)
(205, 382)
(206, 384)
(206, 388)
(206, 389)
(206, 265)
(206, 394)
(206, 297)
(206, 266)
(206, 318)
(206, 325)
(206, 333)
(206, 348)
(206, 220)
(206, 228)
(206, 358)
(206, 232)
(206, 361)
(206, 240)
(206, 377)
(206, 378)
(206, 251)
(207, 396)
(207, 271)
(207, 272)
(207, 345)
(207, 282)
(207, 313)
(207, 215)
(207, 223)
(207, 363)
(208, 387)
(208, 263)
(208, 264)
(208, 397)
(208, 278)
(208, 286)
(208, 289)
(208, 304)
(208, 306)
(208, 307)
(208, 311)
(208, 374)
(208, 247)
(208, 332)
(208, 334)
(208, 343)
(208, 216)
(208, 360)
(208, 235)
(208, 242)
(208, 246)
(208, 375)
(208, 376)
(208, 381)
(209, 385)
(209, 261)
(209, 257)
(209, 281)
(209, 288)
(209, 294)
(209, 308)
(209, 222)
(209, 210)
(209, 340)
(209, 219)
(209, 221)
(209, 226)
(209, 236)
(209, 373)
(210, 385)
(210, 261)
(210, 257)
(210, 281)
(210, 288)
(210, 294)
(210, 308)
(210, 222)
(210, 340)
(210, 219)
(210, 221)
(210, 226)
(210, 373)
(211, 260)
(211, 276)
(211, 287)
(211, 347)
(211, 292)
(211, 300)
(211, 301)
(211, 323)
(211, 331)
(211, 362)
(211, 237)
(212, 258)
(212, 387)
(212, 395)
(212, 397)
(212, 275)
(212, 279)
(212, 280)
(212, 289)
(212, 306)
(212, 307)
(212, 316)
(212, 329)
(212, 341)
(212, 342)
(212, 343)
(212, 216)
(212, 354)
(212, 357)
(212, 364)
(212, 242)
(212, 374)
(212, 252)
(212, 381)
(212, 254)
(213, 386)
(213, 238)
(213, 278)
(213, 289)
(213, 311)
(213, 312)
(213, 332)
(213, 397)
(213, 335)
(213, 350)
(213, 353)
(213, 235)
(213, 366)
(213, 369)
(213, 370)
(213, 244)
(213, 376)
(213, 249)
(214, 273)
(214, 274)
(214, 277)
(214, 284)
(214, 305)
(214, 302)
(214, 309)
(214, 315)
(214, 317)
(214, 351)
(214, 352)
(214, 233)
(214, 367)
(214, 368)
(215, 262)
(215, 396)
(215, 269)
(215, 272)
(215, 282)
(215, 313)
(215, 322)
(215, 324)
(215, 336)
(215, 345)
(215, 223)
(215, 354)
(215, 355)
(215, 357)
(215, 363)
(215, 241)
(215, 243)
(215, 383)
(216, 258)
(216, 387)
(216, 263)
(216, 392)
(216, 397)
(216, 275)
(216, 280)
(216, 286)
(216, 289)
(216, 304)
(216, 306)
(216, 307)
(216, 246)
(216, 329)
(216, 247)
(216, 334)
(216, 338)
(216, 341)
(216, 342)
(216, 343)
(216, 360)
(216, 242)
(216, 374)
(216, 375)
(216, 252)
(216, 381)
(217, 272)
(217, 238)
(217, 312)
(217, 324)
(217, 335)
(217, 227)
(217, 349)
(217, 350)
(217, 353)
(217, 354)
(217, 355)
(217, 357)
(217, 359)
(217, 231)
(217, 366)
(217, 369)
(217, 376)
(217, 249)
(218, 257)
(218, 267)
(218, 287)
(218, 293)
(218, 294)
(218, 300)
(218, 301)
(218, 303)
(218, 308)
(218, 329)
(218, 340)
(218, 219)
(218, 222)
(218, 356)
(218, 234)
(218, 236)
(218, 237)
(218, 372)
(218, 373)
(218, 253)
(218, 254)
(219, 385)
(219, 261)
(219, 257)
(219, 267)
(219, 281)
(219, 288)
(219, 293)
(219, 294)
(219, 308)
(219, 222)
(219, 340)
(219, 221)
(219, 226)
(219, 236)
(219, 373)
(219, 253)
(220, 384)
(220, 388)
(220, 389)
(220, 265)
(220, 394)
(220, 271)
(220, 297)
(220, 318)
(220, 325)
(220, 333)
(220, 348)
(220, 228)
(220, 358)
(220, 232)
(220, 361)
(220, 378)
(220, 251)
(221, 385)
(221, 261)
(221, 390)
(221, 257)
(221, 268)
(221, 281)
(221, 288)
(221, 298)
(221, 308)
(221, 340)
(221, 226)
(221, 373)
(222, 385)
(222, 257)
(222, 267)
(222, 288)
(222, 293)
(222, 294)
(222, 300)
(222, 308)
(222, 338)
(222, 340)
(222, 226)
(222, 236)
(222, 372)
(222, 373)
(222, 253)
(223, 262)
(223, 396)
(223, 269)
(223, 272)
(223, 282)
(223, 231)
(223, 322)
(223, 324)
(223, 336)
(223, 227)
(223, 342)
(223, 345)
(223, 349)
(223, 354)
(223, 355)
(223, 357)
(223, 359)
(223, 363)
(223, 241)
(223, 243)
(223, 383)
(224, 256)
(224, 393)
(224, 399)
(224, 273)
(224, 284)
(224, 290)
(224, 291)
(224, 302)
(224, 315)
(224, 321)
(224, 327)
(224, 344)
(224, 346)
(224, 351)
(224, 225)
(224, 365)
(224, 248)
(224, 250)
(225, 256)
(225, 394)
(225, 269)
(225, 399)
(225, 285)
(225, 291)
(225, 314)
(225, 318)
(225, 321)
(225, 325)
(225, 328)
(225, 336)
(225, 339)
(225, 379)
(225, 230)
(225, 358)
(225, 363)
(225, 365)
(225, 250)
(225, 251)
(225, 380)
(225, 382)
(225, 383)
(226, 385)
(226, 261)
(226, 257)
(226, 281)
(226, 288)
(226, 294)
(226, 308)
(226, 340)
(226, 373)
(227, 262)
(227, 397)
(227, 272)
(227, 289)
(227, 307)
(227, 312)
(227, 322)
(227, 324)
(227, 335)
(227, 342)
(227, 343)
(227, 349)
(227, 350)
(227, 354)
(227, 355)
(227, 357)
(227, 359)
(227, 231)
(227, 366)
(227, 374)
(227, 376)
(228, 384)
(228, 388)
(228, 389)
(228, 265)
(228, 266)
(228, 285)
(228, 297)
(228, 394)
(228, 318)
(228, 325)
(228, 328)
(228, 333)
(228, 348)
(228, 230)
(228, 358)
(228, 232)
(228, 361)
(228, 240)
(228, 377)
(228, 378)
(228, 251)
(228, 380)
(228, 382)
(229, 256)
(229, 259)
(229, 317)
(229, 398)
(229, 273)
(229, 277)
(229, 296)
(229, 309)
(229, 315)
(229, 270)
(229, 239)
(229, 368)
(229, 255)
(230, 384)
(230, 388)
(230, 389)
(230, 265)
(230, 266)
(230, 285)
(230, 297)
(230, 314)
(230, 394)
(230, 318)
(230, 321)
(230, 325)
(230, 328)
(230, 333)
(230, 339)
(230, 348)
(230, 251)
(230, 358)
(230, 361)
(230, 363)
(230, 240)
(230, 377)
(230, 250)
(230, 379)
(230, 380)
(230, 382)
(231, 397)
(231, 272)
(231, 289)
(231, 307)
(231, 311)
(231, 312)
(231, 322)
(231, 324)
(231, 335)
(231, 342)
(231, 343)
(231, 349)
(231, 350)
(231, 354)
(231, 355)
(231, 357)
(231, 359)
(231, 366)
(231, 369)
(231, 370)
(231, 374)
(231, 376)
(232, 384)
(232, 388)
(232, 389)
(232, 265)
(232, 394)
(232, 271)
(232, 297)
(232, 318)
(232, 325)
(232, 333)
(232, 348)
(232, 358)
(232, 361)
(232, 378)
(232, 251)
(233, 283)
(233, 347)
(233, 305)
(233, 309)
(233, 326)
(233, 337)
(233, 352)
(233, 362)
(233, 295)
(233, 367)
(233, 368)
(233, 371)
(234, 258)
(234, 391)
(234, 393)
(234, 267)
(234, 275)
(234, 279)
(234, 280)
(234, 290)
(234, 293)
(234, 300)
(234, 303)
(234, 236)
(234, 316)
(234, 319)
(234, 329)
(234, 330)
(234, 341)
(234, 344)
(234, 346)
(234, 356)
(234, 364)
(234, 372)
(234, 252)
(234, 253)
(234, 254)
(235, 386)
(235, 387)
(235, 263)
(235, 264)
(235, 397)
(235, 238)
(235, 278)
(235, 286)
(235, 289)
(235, 304)
(235, 311)
(235, 246)
(235, 247)
(235, 332)
(235, 334)
(235, 353)
(235, 360)
(235, 366)
(235, 369)
(235, 370)
(235, 244)
(235, 374)
(235, 375)
(235, 376)
(235, 249)
(236, 257)
(236, 392)
(236, 267)
(236, 275)
(236, 279)
(236, 293)
(236, 294)
(236, 300)
(236, 308)
(236, 329)
(236, 338)
(236, 340)
(236, 341)
(236, 356)
(236, 372)
(236, 373)
(236, 253)
(236, 254)
(237, 260)
(237, 267)
(237, 274)
(237, 276)
(237, 287)
(237, 292)
(237, 293)
(237, 300)
(237, 301)
(237, 323)
(237, 331)
(237, 362)
(238, 386)
(238, 278)
(238, 289)
(238, 311)
(238, 312)
(238, 332)
(238, 335)
(238, 350)
(238, 353)
(238, 359)
(238, 366)
(238, 369)
(238, 370)
(238, 244)
(238, 376)
(238, 249)
(239, 259)
(239, 398)
(239, 277)
(239, 296)
(239, 315)
(239, 270)
(239, 317)
(239, 368)
(239, 255)
(240, 384)
(240, 388)
(240, 389)
(240, 265)
(240, 266)
(240, 285)
(240, 297)
(240, 314)
(240, 394)
(240, 325)
(240, 328)
(240, 333)
(240, 348)
(240, 379)
(240, 358)
(240, 377)
(240, 251)
(240, 382)
(241, 262)
(241, 393)
(241, 395)
(241, 269)
(241, 399)
(241, 290)
(241, 291)
(241, 321)
(241, 322)
(241, 327)
(241, 336)
(241, 339)
(241, 342)
(241, 345)
(241, 346)
(241, 354)
(241, 355)
(241, 357)
(241, 363)
(241, 364)
(241, 365)
(241, 243)
(241, 248)
(241, 250)
(241, 383)
(242, 258)
(242, 387)
(242, 392)
(242, 395)
(242, 397)
(242, 275)
(242, 279)
(242, 280)
(242, 286)
(242, 289)
(242, 306)
(242, 307)
(242, 316)
(242, 329)
(242, 334)
(242, 338)
(242, 341)
(242, 342)
(242, 343)
(242, 360)
(242, 374)
(242, 252)
(242, 381)
(242, 254)
(243, 262)
(243, 395)
(243, 396)
(243, 269)
(243, 399)
(243, 272)
(243, 321)
(243, 322)
(243, 327)
(243, 336)
(243, 339)
(243, 342)
(243, 345)
(243, 354)
(243, 355)
(243, 357)
(243, 363)
(243, 365)
(243, 248)
(243, 250)
(243, 383)
(244, 386)
(244, 263)
(244, 397)
(244, 278)
(244, 289)
(244, 311)
(244, 312)
(244, 332)
(244, 334)
(244, 335)
(244, 353)
(244, 366)
(244, 369)
(244, 370)
(244, 376)
(244, 249)
(245, 385)
(245, 260)
(245, 261)
(245, 390)
(245, 298)
(245, 268)
(245, 373)
(246, 387)
(246, 263)
(246, 264)
(246, 397)
(246, 278)
(246, 286)
(246, 289)
(246, 304)
(246, 306)
(246, 311)
(246, 247)
(246, 332)
(246, 334)
(246, 360)
(246, 374)
(246, 375)
(247, 387)
(247, 263)
(247, 264)
(247, 397)
(247, 278)
(247, 286)
(247, 289)
(247, 304)
(247, 306)
(247, 332)
(247, 334)
(247, 360)
(247, 374)
(247, 375)
(248, 262)
(248, 393)
(248, 395)
(248, 269)
(248, 399)
(248, 290)
(248, 291)
(248, 321)
(248, 322)
(248, 327)
(248, 336)
(248, 339)
(248, 342)
(248, 346)
(248, 363)
(248, 364)
(248, 365)
(248, 250)
(248, 383)
(249, 386)
(249, 278)
(249, 311)
(249, 312)
(249, 332)
(249, 335)
(249, 350)
(249, 353)
(249, 359)
(249, 366)
(249, 369)
(249, 370)
(249, 376)
(250, 393)
(250, 269)
(250, 285)
(250, 290)
(250, 291)
(250, 321)
(250, 327)
(250, 336)
(250, 339)
(250, 399)
(250, 363)
(250, 365)
(250, 379)
(250, 380)
(250, 382)
(250, 383)
(251, 384)
(251, 388)
(251, 389)
(251, 265)
(251, 266)
(251, 285)
(251, 297)
(251, 394)
(251, 318)
(251, 325)
(251, 328)
(251, 333)
(251, 339)
(251, 348)
(251, 358)
(251, 361)
(251, 377)
(251, 378)
(251, 379)
(251, 380)
(251, 382)
(252, 258)
(252, 392)
(252, 275)
(252, 279)
(252, 280)
(252, 307)
(252, 316)
(252, 319)
(252, 395)
(252, 329)
(252, 330)
(252, 341)
(252, 342)
(252, 343)
(252, 346)
(252, 364)
(252, 372)
(252, 374)
(252, 381)
(252, 254)
(253, 257)
(253, 391)
(253, 267)
(253, 275)
(253, 279)
(253, 287)
(253, 293)
(253, 294)
(253, 300)
(253, 303)
(253, 308)
(253, 316)
(253, 329)
(253, 330)
(253, 341)
(253, 356)
(253, 372)
(253, 373)
(253, 254)
(254, 258)
(254, 391)
(254, 393)
(254, 395)
(254, 275)
(254, 279)
(254, 280)
(254, 290)
(254, 293)
(254, 303)
(254, 316)
(254, 319)
(254, 329)
(254, 330)
(254, 341)
(254, 344)
(254, 346)
(254, 356)
(254, 364)
(254, 372)
(254, 381)
(255, 259)
(255, 296)
(255, 299)
(255, 398)
(255, 368)
(255, 270)
(255, 277)
(255, 315)
(255, 317)
(256, 398)
(256, 273)
(256, 277)
(256, 291)
(256, 296)
(256, 315)
(256, 317)
(256, 328)
(256, 314)
(256, 351)
(256, 379)
(256, 382)
(257, 385)
(257, 261)
(257, 267)
(257, 281)
(257, 288)
(257, 293)
(257, 294)
(257, 308)
(257, 340)
(257, 373)
(258, 387)
(258, 392)
(258, 395)
(258, 275)
(258, 279)
(258, 280)
(258, 306)
(258, 307)
(258, 316)
(258, 329)
(258, 330)
(258, 338)
(258, 341)
(258, 342)
(258, 343)
(258, 364)
(258, 372)
(258, 374)
(258, 381)
(259, 296)
(259, 299)
(259, 398)
(259, 368)
(259, 270)
(259, 277)
(259, 317)
(260, 323)
(260, 292)
(260, 362)
(260, 331)
(260, 300)
(260, 301)
(260, 276)
(260, 287)
(261, 385)
(261, 390)
(261, 268)
(261, 281)
(261, 288)
(261, 298)
(261, 308)
(261, 373)
(261, 340)
(262, 269)
(262, 272)
(262, 322)
(262, 395)
(262, 324)
(262, 327)
(262, 336)
(262, 342)
(262, 345)
(262, 349)
(262, 354)
(262, 355)
(262, 357)
(262, 363)
(262, 383)
(263, 387)
(263, 264)
(263, 307)
(263, 397)
(263, 278)
(263, 286)
(263, 289)
(263, 304)
(263, 306)
(263, 311)
(263, 332)
(263, 334)
(263, 360)
(263, 369)
(263, 370)
(263, 374)
(263, 375)
(263, 376)
(264, 387)
(264, 397)
(264, 278)
(264, 286)
(264, 304)
(264, 306)
(264, 332)
(264, 334)
(264, 360)
(264, 375)
(265, 384)
(265, 388)
(265, 389)
(265, 266)
(265, 271)
(265, 285)
(265, 297)
(265, 394)
(265, 318)
(265, 325)
(265, 333)
(265, 348)
(265, 358)
(265, 361)
(265, 377)
(265, 378)
(265, 380)
(265, 382)
(266, 384)
(266, 388)
(266, 389)
(266, 394)
(266, 285)
(266, 297)
(266, 314)
(266, 318)
(266, 325)
(266, 328)
(266, 333)
(266, 348)
(266, 358)
(266, 377)
(266, 379)
(266, 382)
(267, 287)
(267, 292)
(267, 293)
(267, 294)
(267, 300)
(267, 301)
(267, 303)
(267, 308)
(267, 356)
(267, 372)
(267, 373)
(268, 385)
(268, 390)
(268, 298)
(268, 281)
(269, 396)
(269, 399)
(269, 321)
(269, 322)
(269, 327)
(269, 336)
(269, 339)
(269, 345)
(269, 355)
(269, 363)
(269, 365)
(269, 380)
(269, 383)
(270, 398)
(270, 277)
(270, 299)
(270, 317)
(270, 310)
(270, 320)
(270, 368)
(271, 396)
(271, 313)
(271, 318)
(271, 345)
(271, 361)
(272, 396)
(272, 282)
(272, 312)
(272, 322)
(272, 324)
(272, 345)
(272, 349)
(272, 350)
(272, 354)
(272, 355)
(272, 357)
(272, 359)
(273, 398)
(273, 277)
(273, 284)
(273, 291)
(273, 296)
(273, 302)
(273, 315)
(273, 317)
(273, 351)
(273, 365)
(273, 368)
(273, 379)
(274, 391)
(274, 302)
(274, 284)
(274, 305)
(274, 303)
(274, 330)
(274, 319)
(274, 344)
(274, 351)
(274, 352)
(274, 356)
(274, 362)
(275, 387)
(275, 392)
(275, 307)
(275, 279)
(275, 280)
(275, 294)
(275, 306)
(275, 316)
(275, 329)
(275, 338)
(275, 341)
(275, 343)
(275, 372)
(275, 374)
(275, 375)
(275, 381)
(276, 287)
(276, 347)
(276, 292)
(276, 301)
(276, 323)
(276, 331)
(276, 362)
(277, 398)
(277, 296)
(277, 309)
(277, 315)
(277, 317)
(277, 368)
(278, 386)
(278, 387)
(278, 397)
(278, 286)
(278, 289)
(278, 304)
(278, 311)
(278, 332)
(278, 334)
(278, 353)
(278, 360)
(278, 366)
(278, 369)
(278, 370)
(278, 374)
(278, 375)
(278, 376)
(279, 391)
(279, 393)
(279, 395)
(279, 280)
(279, 290)
(279, 303)
(279, 316)
(279, 329)
(279, 330)
(279, 341)
(279, 344)
(279, 346)
(279, 356)
(279, 364)
(279, 372)
(279, 319)
(279, 381)
(280, 391)
(280, 393)
(280, 395)
(280, 290)
(280, 303)
(280, 316)
(280, 319)
(280, 329)
(280, 330)
(280, 341)
(280, 342)
(280, 343)
(280, 344)
(280, 346)
(280, 356)
(280, 364)
(280, 372)
(280, 381)
(281, 385)
(281, 390)
(281, 288)
(281, 298)
(281, 308)
(281, 340)
(281, 373)
(282, 322)
(282, 355)
(282, 396)
(282, 313)
(282, 345)
(283, 347)
(283, 295)
(283, 326)
(283, 331)
(283, 305)
(283, 337)
(283, 352)
(283, 362)
(283, 367)
(283, 371)
(284, 391)
(284, 393)
(284, 290)
(284, 291)
(284, 302)
(284, 303)
(284, 305)
(284, 316)
(284, 319)
(284, 330)
(284, 344)
(284, 346)
(284, 351)
(284, 356)
(284, 364)
(284, 365)
(285, 384)
(285, 389)
(285, 394)
(285, 297)
(285, 314)
(285, 318)
(285, 321)
(285, 325)
(285, 328)
(285, 333)
(285, 339)
(285, 399)
(285, 348)
(285, 358)
(285, 363)
(285, 377)
(285, 379)
(285, 380)
(285, 382)
(286, 387)
(286, 392)
(286, 307)
(286, 397)
(286, 289)
(286, 304)
(286, 306)
(286, 311)
(286, 332)
(286, 334)
(286, 338)
(286, 343)
(286, 360)
(286, 374)
(286, 375)
(286, 381)
(287, 292)
(287, 293)
(287, 300)
(287, 301)
(287, 323)
(287, 331)
(287, 362)
(288, 385)
(288, 294)
(288, 308)
(288, 338)
(288, 340)
(288, 373)
(289, 387)
(289, 397)
(289, 304)
(289, 307)
(289, 311)
(289, 312)
(289, 324)
(289, 332)
(289, 334)
(289, 335)
(289, 342)
(289, 343)
(289, 349)
(289, 350)
(289, 354)
(289, 357)
(289, 359)
(289, 360)
(289, 366)
(289, 369)
(289, 370)
(289, 374)
(289, 376)
(289, 381)
(290, 391)
(290, 393)
(290, 395)
(290, 399)
(290, 291)
(290, 302)
(290, 303)
(290, 316)
(290, 319)
(290, 327)
(290, 330)
(290, 344)
(290, 346)
(290, 351)
(290, 356)
(290, 364)
(290, 365)
(291, 393)
(291, 399)
(291, 302)
(291, 319)
(291, 321)
(291, 327)
(291, 336)
(291, 339)
(291, 344)
(291, 346)
(291, 351)
(291, 364)
(291, 365)
(291, 383)
(292, 300)
(292, 301)
(292, 323)
(292, 331)
(292, 362)
(293, 391)
(293, 294)
(293, 300)
(293, 301)
(293, 303)
(293, 308)
(293, 329)
(293, 356)
(293, 372)
(293, 373)
(294, 385)
(294, 392)
(294, 308)
(294, 329)
(294, 338)
(294, 340)
(294, 372)
(294, 373)
(295, 299)
(295, 310)
(295, 320)
(295, 326)
(295, 337)
(295, 347)
(295, 367)
(295, 371)
(296, 398)
(296, 314)
(296, 315)
(296, 317)
(297, 384)
(297, 388)
(297, 389)
(297, 394)
(297, 318)
(297, 325)
(297, 328)
(297, 333)
(297, 348)
(297, 358)
(297, 361)
(297, 377)
(297, 378)
(297, 380)
(297, 382)
(298, 385)
(298, 390)
(299, 320)
(299, 326)
(299, 337)
(299, 371)
(299, 310)
(300, 391)
(300, 301)
(300, 303)
(300, 308)
(300, 323)
(300, 356)
(300, 362)
(300, 372)
(300, 373)
(301, 323)
(301, 331)
(301, 362)
(302, 391)
(302, 393)
(302, 305)
(302, 303)
(302, 316)
(302, 319)
(302, 330)
(302, 344)
(302, 346)
(302, 351)
(302, 352)
(302, 356)
(302, 364)
(303, 391)
(303, 393)
(303, 316)
(303, 330)
(303, 341)
(303, 344)
(303, 346)
(303, 356)
(303, 364)
(303, 319)
(303, 372)
(304, 387)
(304, 397)
(304, 306)
(304, 332)
(304, 334)
(304, 360)
(304, 374)
(304, 375)
(305, 347)
(305, 309)
(305, 351)
(305, 352)
(305, 362)
(305, 367)
(305, 368)
(306, 387)
(306, 392)
(306, 307)
(306, 397)
(306, 329)
(306, 334)
(306, 338)
(306, 343)
(306, 360)
(306, 374)
(306, 375)
(306, 381)
(307, 387)
(307, 395)
(307, 397)
(307, 334)
(307, 342)
(307, 343)
(307, 349)
(307, 354)
(307, 357)
(307, 360)
(307, 374)
(307, 375)
(307, 381)
(308, 385)
(308, 340)
(308, 372)
(308, 373)
(309, 398)
(309, 317)
(309, 315)
(309, 337)
(309, 351)
(309, 352)
(309, 367)
(309, 368)
(310, 320)
(310, 326)
(310, 367)
(310, 337)
(310, 371)
(311, 386)
(311, 312)
(311, 332)
(311, 334)
(311, 397)
(311, 335)
(311, 349)
(311, 353)
(311, 359)
(311, 360)
(311, 366)
(311, 369)
(311, 370)
(311, 376)
(312, 397)
(312, 324)
(312, 335)
(312, 349)
(312, 350)
(312, 353)
(312, 354)
(312, 357)
(312, 359)
(312, 366)
(312, 369)
(312, 370)
(312, 376)
(313, 396)
(313, 345)
(314, 394)
(314, 325)
(314, 328)
(314, 348)
(314, 358)
(314, 377)
(314, 379)
(314, 382)
(315, 398)
(315, 351)
(315, 317)
(315, 368)
(316, 391)
(316, 393)
(316, 395)
(316, 329)
(316, 330)
(316, 341)
(316, 344)
(316, 346)
(316, 356)
(316, 364)
(316, 372)
(316, 319)
(317, 398)
(317, 368)
(318, 384)
(318, 388)
(318, 389)
(318, 394)
(318, 396)
(318, 321)
(318, 325)
(318, 333)
(318, 339)
(318, 348)
(318, 358)
(318, 361)
(318, 363)
(318, 377)
(318, 378)
(318, 380)
(318, 382)
(319, 391)
(319, 393)
(319, 395)
(319, 330)
(319, 341)
(319, 344)
(319, 346)
(319, 351)
(319, 356)
(319, 364)
(319, 372)
(320, 326)
(320, 367)
(320, 337)
(320, 371)
(321, 394)
(321, 325)
(321, 327)
(321, 328)
(321, 336)
(321, 339)
(321, 399)
(321, 358)
(321, 363)
(321, 365)
(321, 379)
(321, 380)
(321, 382)
(321, 383)
(322, 396)
(322, 395)
(322, 324)
(322, 327)
(322, 336)
(322, 342)
(322, 345)
(322, 349)
(322, 354)
(322, 355)
(322, 357)
(322, 363)
(322, 383)
(323, 331)
(323, 362)
(324, 335)
(324, 342)
(324, 349)
(324, 350)
(324, 354)
(324, 355)
(324, 357)
(324, 359)
(324, 366)
(325, 384)
(325, 388)
(325, 389)
(325, 394)
(325, 328)
(325, 333)
(325, 339)
(325, 348)
(325, 358)
(325, 361)
(325, 363)
(325, 377)
(325, 379)
(325, 380)
(325, 382)
(326, 337)
(326, 367)
(326, 371)
(327, 393)
(327, 395)
(327, 399)
(327, 336)
(327, 339)
(327, 342)
(327, 346)
(327, 363)
(327, 364)
(327, 365)
(327, 383)
(328, 384)
(328, 388)
(328, 394)
(328, 339)
(328, 348)
(328, 358)
(328, 377)
(328, 379)
(328, 380)
(328, 382)
(329, 392)
(329, 330)
(329, 338)
(329, 341)
(329, 343)
(329, 356)
(329, 372)
(329, 381)
(330, 391)
(330, 393)
(330, 395)
(330, 341)
(330, 344)
(330, 346)
(330, 356)
(330, 364)
(330, 372)
(331, 347)
(331, 362)
(332, 386)
(332, 387)
(332, 334)
(332, 397)
(332, 335)
(332, 353)
(332, 360)
(332, 366)
(332, 369)
(332, 370)
(332, 374)
(332, 376)
(333, 384)
(333, 388)
(333, 389)
(333, 394)
(333, 348)
(333, 358)
(333, 361)
(333, 377)
(333, 378)
(333, 380)
(334, 387)
(334, 397)
(334, 343)
(334, 360)
(334, 369)
(334, 370)
(334, 374)
(334, 375)
(334, 376)
(334, 381)
(335, 366)
(335, 349)
(335, 350)
(335, 353)
(335, 359)
(335, 369)
(335, 370)
(335, 376)
(336, 395)
(336, 399)
(336, 339)
(336, 355)
(336, 363)
(336, 365)
(336, 345)
(336, 383)
(337, 347)
(337, 352)
(337, 367)
(337, 368)
(337, 371)
(338, 387)
(338, 392)
(338, 341)
(338, 372)
(338, 375)
(338, 381)
(339, 394)
(339, 399)
(339, 358)
(339, 363)
(339, 365)
(339, 379)
(339, 380)
(339, 382)
(339, 383)
(340, 385)
(340, 373)
(341, 391)
(341, 392)
(341, 395)
(341, 343)
(341, 344)
(341, 346)
(341, 356)
(341, 364)
(341, 372)
(341, 381)
(342, 395)
(342, 343)
(342, 349)
(342, 354)
(342, 355)
(342, 357)
(342, 374)
(342, 381)
(342, 383)
(343, 387)
(343, 395)
(343, 397)
(343, 349)
(343, 354)
(343, 357)
(343, 360)
(343, 374)
(343, 381)
(344, 391)
(344, 393)
(344, 346)
(344, 351)
(344, 356)
(344, 364)
(345, 396)
(345, 355)
(345, 363)
(345, 383)
(346, 391)
(346, 393)
(346, 395)
(346, 356)
(346, 364)
(346, 365)
(347, 352)
(347, 362)
(347, 367)
(347, 371)
(348, 384)
(348, 388)
(348, 389)
(348, 394)
(348, 358)
(348, 361)
(348, 377)
(348, 378)
(348, 380)
(348, 382)
(349, 397)
(349, 350)
(349, 354)
(349, 355)
(349, 357)
(349, 359)
(349, 366)
(349, 369)
(349, 374)
(349, 376)
(350, 353)
(350, 354)
(350, 355)
(350, 357)
(350, 359)
(350, 366)
(350, 369)
(350, 370)
(350, 376)
(351, 391)
(351, 393)
(351, 365)
(351, 352)
(351, 368)
(352, 362)
(352, 367)
(352, 368)
(353, 386)
(353, 366)
(353, 369)
(353, 370)
(353, 376)
(354, 395)
(354, 397)
(354, 355)
(354, 357)
(354, 359)
(354, 366)
(354, 374)
(354, 383)
(355, 357)
(355, 359)
(355, 383)
(356, 391)
(356, 393)
(356, 364)
(356, 372)
(357, 395)
(357, 359)
(357, 366)
(357, 383)
(358, 384)
(358, 388)
(358, 389)
(358, 394)
(358, 361)
(358, 377)
(358, 378)
(358, 379)
(358, 380)
(358, 382)
(359, 397)
(359, 366)
(359, 369)
(359, 370)
(359, 376)
(360, 387)
(360, 397)
(360, 374)
(360, 375)
(360, 376)
(360, 381)
(361, 384)
(361, 388)
(361, 389)
(361, 394)
(361, 377)
(361, 378)
(361, 380)
(363, 394)
(363, 396)
(363, 399)
(363, 365)
(363, 380)
(363, 383)
(364, 391)
(364, 393)
(364, 395)
(364, 365)
(365, 393)
(365, 395)
(365, 399)
(365, 383)
(366, 397)
(366, 369)
(366, 370)
(366, 376)
(367, 368)
(367, 371)
(368, 398)
(369, 386)
(369, 397)
(369, 370)
(369, 376)
(370, 386)
(370, 397)
(370, 376)
(372, 391)
(372, 392)
(373, 385)
(374, 387)
(374, 397)
(374, 375)
(374, 376)
(374, 381)
(375, 387)
(375, 392)
(375, 397)
(376, 386)
(376, 397)
(377, 384)
(377, 388)
(377, 389)
(377, 394)
(377, 378)
(377, 379)
(377, 382)
(378, 384)
(378, 388)
(378, 389)
(379, 394)
(379, 399)
(379, 380)
(379, 382)
(380, 384)
(380, 389)
(380, 394)
(380, 396)
(380, 399)
(380, 382)
(381, 387)
(381, 392)
(381, 395)
(381, 397)
(382, 384)
(382, 389)
(382, 394)
(382, 399)
(383, 395)
(383, 399)
(384, 388)
(384, 389)
(384, 394)
(385, 390)
(387, 392)
(387, 397)
(388, 389)
(388, 394)
(389, 394)
(391, 393)
(393, 395)
(393, 399)
