#Nodes
0
1
2
3
4
5
6
7
8
9
10
11
12
13
14
15
16
17
18
19
20
21
22
23
24
25
26
27
28
29
30
31
32
33
34
35
36
37
38
39
40
41
42
43
44
45
46
47
48
49
50
51
52
53
54
55
56
57
58
59
60
61
62
63
64
65
66
67
68
69
70
71
72
73
74
75
76
77
78
79
80
81
82
83
84
85
86
87
88
89
90
91
92
93
94
95
96
97
98
99
100
101
102
103
104
105
106
107
108
109
110
111
112
113
114
115
116
117
118
119
120
121
122
123
124
125
126
127
128
129
130
131
132
133
134
135
136
137
138
139
140
141
142
143
144
145
146
147
148
149
150
151
152
153
154
155
156
157
158
159
160
161
162
163
164
165
166
167
168
169
170
171
172
173
174
175
176
177
178
179
180
181
182
183
184
185
186
187
188
189
190
191
192
193
194
195
196
197
198
199
200
201
202
203
204
205
206
207
208
209
210
211
212
213
214
215
216
217
218
219
220
221
222
223
224
225
226
227
228
229
230
231
232
233
234
235
236
237
238
239
240
241
242
243
244
245
246
247
248
249
250
251
252
253
254
255
256
257
258
259
260
261
262
263
264
265
266
267
268
269
270
271
272
273
274
275
276
277
278
279
280
281
282
283
284
285
286
287
288
289
290
291
292
293
294
295
296
297
298
299
300
301
302
303
304
305
306
307
308
309
310
311
312
313
314
315
316
317
318
319
320
321
322
323
324
325
326
327
328
329
330
331
332
333
334
335
336
337
338
339
340
341
342
343
344
345
346
347
348
349
350
351
352
353
354
355
356
357
358
359
360
361
362
363
364
365
366
367
368
369
370
371
372
373
374
375
376
377
378
379
380
381
382
383
384
385
386
387
388
389
390
391
392
393
394
395
396
397
398
399
#Edges
(0, 256)
(0, 385)
(0, 258)
(0, 3)
(0, 4)
(0, 6)
(0, 8)
(0, 10)
(0, 139)
(0, 268)
(0, 14)
(0, 67)
(0, 22)
(0, 285)
(0, 287)
(0, 160)
(0, 165)
(0, 295)
(0, 169)
(0, 43)
(0, 78)
(0, 47)
(0, 177)
(0, 309)
(0, 182)
(0, 190)
(0, 193)
(0, 195)
(0, 325)
(0, 326)
(0, 328)
(0, 329)
(0, 119)
(0, 205)
(0, 206)
(0, 207)
(0, 341)
(0, 214)
(0, 90)
(0, 229)
(0, 103)
(0, 29)
(0, 240)
(0, 117)
(0, 247)
(0, 120)
(0, 378)
(0, 252)
(0, 381)
(0, 255)
(1, 386)
(1, 7)
(1, 392)
(1, 130)
(1, 26)
(1, 274)
(1, 24)
(1, 282)
(1, 154)
(1, 158)
(1, 288)
(1, 289)
(1, 294)
(1, 172)
(1, 264)
(1, 50)
(1, 181)
(1, 244)
(1, 95)
(1, 188)
(1, 317)
(1, 320)
(1, 72)
(1, 334)
(1, 336)
(1, 83)
(1, 213)
(1, 91)
(1, 93)
(1, 223)
(1, 96)
(1, 231)
(1, 104)
(1, 361)
(1, 241)
(1, 242)
(1, 372)
(1, 105)
(2, 259)
(2, 135)
(2, 307)
(2, 143)
(2, 131)
(2, 281)
(2, 30)
(2, 159)
(2, 32)
(2, 161)
(2, 290)
(2, 37)
(2, 115)
(2, 52)
(2, 54)
(2, 183)
(2, 56)
(2, 189)
(2, 330)
(2, 211)
(2, 212)
(2, 215)
(2, 399)
(2, 221)
(2, 113)
(2, 275)
(2, 379)
(2, 253)
(3, 384)
(3, 256)
(3, 258)
(3, 387)
(3, 4)
(3, 137)
(3, 14)
(3, 155)
(3, 69)
(3, 287)
(3, 160)
(3, 35)
(3, 41)
(3, 304)
(3, 309)
(3, 312)
(3, 31)
(3, 325)
(3, 326)
(3, 71)
(3, 207)
(3, 209)
(3, 355)
(3, 341)
(3, 87)
(3, 100)
(3, 90)
(3, 224)
(3, 227)
(3, 356)
(3, 81)
(3, 364)
(3, 365)
(3, 368)
(3, 114)
(3, 378)
(3, 252)
(3, 126)
(4, 384)
(4, 256)
(4, 258)
(4, 137)
(4, 268)
(4, 14)
(4, 285)
(4, 287)
(4, 160)
(4, 368)
(4, 35)
(4, 29)
(4, 304)
(4, 309)
(4, 312)
(4, 31)
(4, 325)
(4, 326)
(4, 71)
(4, 207)
(4, 209)
(4, 227)
(4, 341)
(4, 90)
(4, 355)
(4, 100)
(4, 81)
(4, 364)
(4, 240)
(4, 378)
(4, 252)
(4, 126)
(5, 133)
(5, 9)
(5, 394)
(5, 271)
(5, 272)
(5, 146)
(5, 276)
(5, 149)
(5, 150)
(5, 279)
(5, 33)
(5, 291)
(5, 167)
(5, 296)
(5, 171)
(5, 58)
(5, 60)
(5, 191)
(5, 64)
(5, 321)
(5, 322)
(5, 323)
(5, 199)
(5, 74)
(5, 331)
(5, 338)
(5, 339)
(5, 340)
(5, 342)
(5, 343)
(5, 88)
(5, 230)
(5, 232)
(5, 362)
(5, 107)
(5, 238)
(5, 121)
(5, 21)
(5, 383)
(6, 385)
(6, 390)
(6, 136)
(6, 10)
(6, 139)
(6, 268)
(6, 397)
(6, 270)
(6, 11)
(6, 67)
(6, 22)
(6, 25)
(6, 27)
(6, 28)
(6, 29)
(6, 286)
(6, 287)
(6, 160)
(6, 219)
(6, 36)
(6, 166)
(6, 42)
(6, 45)
(6, 47)
(6, 306)
(6, 182)
(6, 185)
(6, 314)
(6, 187)
(6, 318)
(6, 117)
(6, 195)
(6, 68)
(6, 325)
(6, 71)
(6, 329)
(6, 375)
(6, 205)
(6, 208)
(6, 90)
(6, 347)
(6, 348)
(6, 349)
(6, 222)
(6, 97)
(6, 59)
(6, 38)
(6, 233)
(6, 12)
(6, 239)
(6, 240)
(6, 116)
(6, 190)
(6, 247)
(6, 249)
(6, 122)
(6, 380)
(7, 386)
(7, 392)
(7, 130)
(7, 26)
(7, 274)
(7, 24)
(7, 154)
(7, 282)
(7, 158)
(7, 288)
(7, 289)
(7, 172)
(7, 264)
(7, 50)
(7, 244)
(7, 95)
(7, 188)
(7, 317)
(7, 320)
(7, 72)
(7, 334)
(7, 336)
(7, 91)
(7, 93)
(7, 223)
(7, 231)
(7, 104)
(7, 361)
(7, 241)
(7, 242)
(7, 372)
(7, 105)
(8, 258)
(8, 342)
(8, 137)
(8, 394)
(8, 272)
(8, 19)
(8, 276)
(8, 150)
(8, 279)
(8, 153)
(8, 285)
(8, 133)
(8, 165)
(8, 295)
(8, 296)
(8, 169)
(8, 43)
(8, 48)
(8, 177)
(8, 311)
(8, 58)
(8, 60)
(8, 193)
(8, 323)
(8, 69)
(8, 73)
(8, 203)
(8, 205)
(8, 206)
(8, 207)
(8, 339)
(8, 78)
(8, 214)
(8, 343)
(8, 220)
(8, 9)
(8, 40)
(8, 230)
(8, 103)
(8, 360)
(8, 232)
(8, 119)
(8, 120)
(8, 20)
(8, 378)
(8, 252)
(8, 381)
(8, 255)
(9, 133)
(9, 394)
(9, 141)
(9, 271)
(9, 272)
(9, 19)
(9, 276)
(9, 21)
(9, 150)
(9, 279)
(9, 153)
(9, 285)
(9, 33)
(9, 165)
(9, 295)
(9, 296)
(9, 169)
(9, 43)
(9, 175)
(9, 48)
(9, 177)
(9, 311)
(9, 58)
(9, 60)
(9, 193)
(9, 322)
(9, 323)
(9, 199)
(9, 203)
(9, 77)
(9, 206)
(9, 338)
(9, 339)
(9, 78)
(9, 342)
(9, 343)
(9, 344)
(9, 345)
(9, 220)
(9, 40)
(9, 230)
(9, 103)
(9, 360)
(9, 362)
(9, 107)
(9, 210)
(9, 232)
(9, 245)
(9, 118)
(9, 120)
(9, 20)
(9, 252)
(9, 381)
(9, 383)
(10, 385)
(10, 390)
(10, 136)
(10, 265)
(10, 139)
(10, 268)
(10, 397)
(10, 270)
(10, 11)
(10, 147)
(10, 22)
(10, 152)
(10, 25)
(10, 27)
(10, 28)
(10, 29)
(10, 286)
(10, 287)
(10, 160)
(10, 219)
(10, 166)
(10, 42)
(10, 45)
(10, 47)
(10, 306)
(10, 312)
(10, 185)
(10, 314)
(10, 187)
(10, 318)
(10, 117)
(10, 67)
(10, 325)
(10, 326)
(10, 71)
(10, 12)
(10, 375)
(10, 269)
(10, 208)
(10, 90)
(10, 347)
(10, 349)
(10, 222)
(10, 97)
(10, 227)
(10, 38)
(10, 233)
(10, 239)
(10, 240)
(10, 190)
(10, 247)
(10, 250)
(10, 380)
(10, 127)
(11, 390)
(11, 391)
(11, 136)
(11, 265)
(11, 139)
(11, 268)
(11, 397)
(11, 270)
(11, 124)
(11, 147)
(11, 22)
(11, 152)
(11, 25)
(11, 27)
(11, 28)
(11, 157)
(11, 286)
(11, 347)
(11, 36)
(11, 166)
(11, 42)
(11, 45)
(11, 29)
(11, 306)
(11, 55)
(11, 185)
(11, 314)
(11, 187)
(11, 318)
(11, 67)
(11, 71)
(11, 12)
(11, 375)
(11, 269)
(11, 208)
(11, 122)
(11, 89)
(11, 219)
(11, 349)
(11, 222)
(11, 97)
(11, 59)
(11, 38)
(11, 233)
(11, 239)
(11, 190)
(11, 247)
(11, 249)
(11, 250)
(11, 380)
(12, 390)
(12, 136)
(12, 265)
(12, 139)
(12, 268)
(12, 397)
(12, 270)
(12, 124)
(12, 147)
(12, 22)
(12, 152)
(12, 25)
(12, 27)
(12, 28)
(12, 157)
(12, 286)
(12, 287)
(12, 219)
(12, 166)
(12, 42)
(12, 45)
(12, 29)
(12, 306)
(12, 185)
(12, 314)
(12, 187)
(12, 318)
(12, 67)
(12, 325)
(12, 71)
(12, 375)
(12, 269)
(12, 208)
(12, 89)
(12, 347)
(12, 349)
(12, 222)
(12, 97)
(12, 227)
(12, 38)
(12, 233)
(12, 239)
(12, 59)
(12, 190)
(12, 247)
(12, 250)
(12, 380)
(12, 127)
(13, 257)
(13, 389)
(13, 393)
(13, 395)
(13, 141)
(13, 148)
(13, 217)
(13, 153)
(13, 175)
(13, 284)
(13, 292)
(13, 39)
(13, 40)
(13, 173)
(13, 303)
(13, 180)
(13, 23)
(13, 313)
(13, 323)
(13, 197)
(13, 70)
(13, 200)
(13, 74)
(13, 203)
(13, 332)
(13, 77)
(13, 80)
(13, 337)
(13, 210)
(13, 344)
(13, 345)
(13, 101)
(13, 358)
(13, 107)
(13, 245)
(13, 118)
(13, 125)
(13, 254)
(14, 384)
(14, 256)
(14, 258)
(14, 137)
(14, 268)
(14, 285)
(14, 287)
(14, 160)
(14, 368)
(14, 35)
(14, 29)
(14, 304)
(14, 309)
(14, 312)
(14, 31)
(14, 325)
(14, 326)
(14, 71)
(14, 78)
(14, 207)
(14, 209)
(14, 227)
(14, 341)
(14, 90)
(14, 355)
(14, 100)
(14, 81)
(14, 364)
(14, 240)
(14, 378)
(14, 252)
(14, 126)
(15, 259)
(15, 389)
(15, 135)
(15, 148)
(15, 281)
(15, 159)
(15, 290)
(15, 168)
(15, 303)
(15, 307)
(15, 53)
(15, 183)
(15, 194)
(15, 197)
(15, 332)
(15, 212)
(15, 215)
(15, 217)
(15, 101)
(15, 359)
(15, 113)
(15, 253)
(16, 261)
(16, 65)
(16, 44)
(16, 396)
(16, 271)
(16, 273)
(16, 46)
(16, 278)
(16, 283)
(16, 156)
(16, 162)
(16, 291)
(16, 293)
(16, 167)
(16, 171)
(16, 300)
(16, 302)
(16, 310)
(16, 184)
(16, 74)
(16, 64)
(16, 321)
(16, 66)
(16, 202)
(16, 34)
(16, 84)
(16, 86)
(16, 218)
(16, 94)
(16, 98)
(16, 235)
(16, 236)
(16, 243)
(16, 246)
(17, 129)
(17, 260)
(17, 262)
(17, 64)
(17, 398)
(17, 273)
(17, 146)
(17, 18)
(17, 163)
(17, 134)
(17, 167)
(17, 298)
(17, 299)
(17, 301)
(17, 179)
(17, 184)
(17, 315)
(17, 316)
(17, 61)
(17, 192)
(17, 321)
(17, 225)
(17, 76)
(17, 204)
(17, 335)
(17, 340)
(17, 142)
(17, 88)
(17, 350)
(17, 353)
(17, 357)
(17, 145)
(17, 363)
(17, 108)
(17, 237)
(17, 366)
(17, 370)
(17, 373)
(17, 376)
(17, 121)
(17, 123)
(18, 129)
(18, 386)
(18, 134)
(18, 142)
(18, 145)
(18, 26)
(18, 158)
(18, 288)
(18, 289)
(18, 163)
(18, 294)
(18, 298)
(18, 301)
(18, 179)
(18, 181)
(18, 186)
(18, 315)
(18, 316)
(18, 61)
(18, 225)
(18, 76)
(18, 334)
(18, 335)
(18, 82)
(18, 83)
(18, 213)
(18, 350)
(18, 95)
(18, 352)
(18, 353)
(18, 99)
(18, 363)
(18, 108)
(18, 366)
(18, 242)
(18, 244)
(18, 373)
(18, 374)
(18, 376)
(18, 123)
(18, 382)
(19, 214)
(19, 394)
(19, 141)
(19, 272)
(19, 276)
(19, 21)
(19, 150)
(19, 279)
(19, 153)
(19, 285)
(19, 133)
(19, 33)
(19, 165)
(19, 295)
(19, 296)
(19, 169)
(19, 43)
(19, 48)
(19, 177)
(19, 311)
(19, 58)
(19, 60)
(19, 193)
(19, 322)
(19, 323)
(19, 199)
(19, 203)
(19, 206)
(19, 210)
(19, 339)
(19, 78)
(19, 342)
(19, 343)
(19, 344)
(19, 345)
(19, 220)
(19, 20)
(19, 144)
(19, 40)
(19, 230)
(19, 103)
(19, 360)
(19, 107)
(19, 232)
(19, 245)
(19, 118)
(19, 119)
(19, 120)
(19, 377)
(19, 252)
(19, 381)
(19, 383)
(20, 214)
(20, 267)
(20, 272)
(20, 195)
(20, 279)
(20, 153)
(20, 285)
(20, 133)
(20, 48)
(20, 165)
(20, 295)
(20, 40)
(20, 169)
(20, 43)
(20, 173)
(20, 176)
(20, 177)
(20, 308)
(20, 311)
(20, 313)
(20, 62)
(20, 319)
(20, 193)
(20, 323)
(20, 324)
(20, 328)
(20, 203)
(20, 205)
(20, 78)
(20, 337)
(20, 210)
(20, 339)
(20, 342)
(20, 57)
(20, 216)
(20, 345)
(20, 220)
(20, 351)
(20, 144)
(20, 228)
(20, 229)
(20, 103)
(20, 360)
(20, 234)
(20, 109)
(20, 112)
(20, 232)
(20, 371)
(20, 245)
(20, 118)
(20, 119)
(20, 120)
(20, 377)
(20, 381)
(20, 255)
(21, 257)
(21, 133)
(21, 271)
(21, 272)
(21, 146)
(21, 276)
(21, 149)
(21, 150)
(21, 279)
(21, 33)
(21, 291)
(21, 167)
(21, 296)
(21, 171)
(21, 302)
(21, 203)
(21, 48)
(21, 58)
(21, 60)
(21, 191)
(21, 322)
(21, 323)
(21, 199)
(21, 74)
(21, 331)
(21, 77)
(21, 338)
(21, 339)
(21, 340)
(21, 342)
(21, 343)
(21, 88)
(21, 345)
(21, 230)
(21, 232)
(21, 362)
(21, 107)
(21, 210)
(21, 238)
(21, 118)
(21, 121)
(21, 254)
(21, 383)
(22, 385)
(22, 390)
(22, 136)
(22, 265)
(22, 139)
(22, 268)
(22, 397)
(22, 270)
(22, 147)
(22, 152)
(22, 25)
(22, 27)
(22, 28)
(22, 29)
(22, 286)
(22, 287)
(22, 160)
(22, 219)
(22, 166)
(22, 42)
(22, 45)
(22, 47)
(22, 306)
(22, 312)
(22, 185)
(22, 314)
(22, 187)
(22, 318)
(22, 117)
(22, 67)
(22, 325)
(22, 326)
(22, 71)
(22, 329)
(22, 375)
(22, 269)
(22, 208)
(22, 90)
(22, 347)
(22, 349)
(22, 222)
(22, 97)
(22, 227)
(22, 38)
(22, 233)
(22, 239)
(22, 240)
(22, 190)
(22, 247)
(22, 250)
(22, 380)
(22, 127)
(23, 257)
(23, 261)
(23, 393)
(23, 395)
(23, 284)
(23, 162)
(23, 292)
(23, 39)
(23, 171)
(23, 302)
(23, 180)
(23, 70)
(23, 200)
(23, 74)
(23, 77)
(23, 80)
(23, 86)
(23, 344)
(23, 94)
(23, 358)
(23, 125)
(23, 254)
(24, 130)
(24, 392)
(24, 274)
(24, 154)
(24, 282)
(24, 288)
(24, 172)
(24, 264)
(24, 223)
(24, 317)
(24, 72)
(24, 336)
(24, 93)
(24, 95)
(24, 231)
(24, 104)
(24, 105)
(24, 241)
(24, 242)
(24, 372)
(25, 390)
(25, 391)
(25, 136)
(25, 265)
(25, 397)
(25, 270)
(25, 124)
(25, 27)
(25, 28)
(25, 157)
(25, 286)
(25, 347)
(25, 166)
(25, 42)
(25, 306)
(25, 55)
(25, 187)
(25, 190)
(25, 375)
(25, 89)
(25, 219)
(25, 349)
(25, 222)
(25, 59)
(25, 38)
(25, 233)
(25, 239)
(25, 318)
(25, 247)
(25, 249)
(25, 250)
(25, 380)
(26, 386)
(26, 282)
(26, 158)
(26, 288)
(26, 289)
(26, 294)
(26, 179)
(26, 181)
(26, 317)
(26, 320)
(26, 225)
(26, 72)
(26, 334)
(26, 335)
(26, 336)
(26, 83)
(26, 213)
(26, 350)
(26, 95)
(26, 352)
(26, 353)
(26, 99)
(26, 104)
(26, 366)
(26, 61)
(26, 242)
(26, 244)
(26, 382)
(27, 390)
(27, 391)
(27, 136)
(27, 265)
(27, 268)
(27, 397)
(27, 270)
(27, 124)
(27, 147)
(27, 152)
(27, 28)
(27, 157)
(27, 286)
(27, 347)
(27, 166)
(27, 42)
(27, 306)
(27, 55)
(27, 187)
(27, 190)
(27, 71)
(27, 375)
(27, 269)
(27, 89)
(27, 219)
(27, 349)
(27, 222)
(27, 227)
(27, 38)
(27, 233)
(27, 106)
(27, 239)
(27, 59)
(27, 318)
(27, 247)
(27, 250)
(27, 380)
(27, 127)
(28, 385)
(28, 390)
(28, 136)
(28, 265)
(28, 139)
(28, 268)
(28, 397)
(28, 270)
(28, 157)
(28, 286)
(28, 287)
(28, 160)
(28, 219)
(28, 36)
(28, 166)
(28, 42)
(28, 45)
(28, 47)
(28, 306)
(28, 182)
(28, 185)
(28, 314)
(28, 187)
(28, 318)
(28, 117)
(28, 67)
(28, 68)
(28, 325)
(28, 71)
(28, 329)
(28, 375)
(28, 205)
(28, 208)
(28, 122)
(28, 347)
(28, 349)
(28, 222)
(28, 97)
(28, 59)
(28, 38)
(28, 233)
(28, 29)
(28, 239)
(28, 240)
(28, 116)
(28, 190)
(28, 247)
(28, 249)
(28, 250)
(28, 380)
(29, 256)
(29, 385)
(29, 258)
(29, 136)
(29, 139)
(29, 268)
(29, 67)
(29, 285)
(29, 287)
(29, 160)
(29, 166)
(29, 42)
(29, 45)
(29, 47)
(29, 309)
(29, 182)
(29, 185)
(29, 187)
(29, 190)
(29, 195)
(29, 325)
(29, 326)
(29, 71)
(29, 328)
(29, 329)
(29, 375)
(29, 205)
(29, 78)
(29, 207)
(29, 341)
(29, 214)
(29, 90)
(29, 219)
(29, 222)
(29, 97)
(29, 229)
(29, 38)
(29, 240)
(29, 117)
(29, 247)
(29, 119)
(29, 380)
(29, 255)
(30, 259)
(30, 135)
(30, 143)
(30, 131)
(30, 281)
(30, 159)
(30, 32)
(30, 161)
(30, 290)
(30, 37)
(30, 168)
(30, 307)
(30, 52)
(30, 53)
(30, 54)
(30, 183)
(30, 56)
(30, 189)
(30, 330)
(30, 211)
(30, 212)
(30, 215)
(30, 399)
(30, 221)
(30, 113)
(30, 275)
(30, 379)
(30, 253)
(31, 384)
(31, 256)
(31, 258)
(31, 387)
(31, 388)
(31, 137)
(31, 394)
(31, 145)
(31, 276)
(31, 155)
(31, 35)
(31, 297)
(31, 304)
(31, 305)
(31, 309)
(31, 186)
(31, 191)
(31, 69)
(31, 326)
(31, 73)
(31, 76)
(31, 206)
(31, 207)
(31, 81)
(31, 82)
(31, 341)
(31, 100)
(31, 58)
(31, 224)
(31, 356)
(31, 364)
(31, 238)
(31, 111)
(31, 374)
(31, 41)
(31, 378)
(31, 123)
(31, 252)
(31, 126)
(31, 85)
(32, 51)
(32, 259)
(32, 135)
(32, 140)
(32, 399)
(32, 275)
(32, 281)
(32, 159)
(32, 161)
(32, 290)
(32, 37)
(32, 174)
(32, 176)
(32, 307)
(32, 308)
(32, 54)
(32, 183)
(32, 56)
(32, 52)
(32, 189)
(32, 62)
(32, 319)
(32, 330)
(32, 211)
(32, 212)
(32, 215)
(32, 143)
(32, 221)
(32, 351)
(32, 131)
(32, 109)
(32, 115)
(32, 379)
(32, 253)
(33, 257)
(33, 133)
(33, 271)
(33, 272)
(33, 88)
(33, 149)
(33, 150)
(33, 279)
(33, 39)
(33, 291)
(33, 167)
(33, 296)
(33, 171)
(33, 302)
(33, 203)
(33, 58)
(33, 60)
(33, 322)
(33, 323)
(33, 199)
(33, 74)
(33, 331)
(33, 77)
(33, 338)
(33, 339)
(33, 340)
(33, 342)
(33, 343)
(33, 344)
(33, 345)
(33, 230)
(33, 232)
(33, 362)
(33, 107)
(33, 210)
(33, 118)
(33, 254)
(33, 383)
(34, 263)
(34, 44)
(34, 396)
(34, 273)
(34, 277)
(34, 278)
(34, 283)
(34, 156)
(34, 293)
(34, 65)
(34, 299)
(34, 300)
(34, 46)
(34, 49)
(34, 310)
(34, 184)
(34, 192)
(34, 321)
(34, 66)
(34, 201)
(34, 202)
(34, 204)
(34, 84)
(34, 218)
(34, 94)
(34, 98)
(34, 357)
(34, 235)
(34, 236)
(34, 110)
(34, 243)
(34, 246)
(35, 384)
(35, 256)
(35, 258)
(35, 387)
(35, 266)
(35, 111)
(35, 151)
(35, 155)
(35, 287)
(35, 41)
(35, 170)
(35, 71)
(35, 304)
(35, 309)
(35, 312)
(35, 63)
(35, 325)
(35, 326)
(35, 327)
(35, 207)
(35, 209)
(35, 355)
(35, 341)
(35, 87)
(35, 90)
(35, 227)
(35, 100)
(35, 102)
(35, 81)
(35, 364)
(35, 365)
(35, 367)
(35, 368)
(35, 114)
(35, 248)
(35, 378)
(35, 126)
(36, 128)
(36, 385)
(36, 136)
(36, 138)
(36, 139)
(36, 67)
(36, 280)
(36, 68)
(36, 164)
(36, 166)
(36, 45)
(36, 47)
(36, 182)
(36, 185)
(36, 314)
(36, 187)
(36, 190)
(36, 75)
(36, 324)
(36, 198)
(36, 329)
(36, 375)
(36, 333)
(36, 79)
(36, 208)
(36, 219)
(36, 348)
(36, 97)
(36, 59)
(36, 229)
(36, 38)
(36, 239)
(36, 369)
(36, 116)
(36, 117)
(36, 247)
(36, 249)
(36, 122)
(36, 251)
(37, 259)
(37, 135)
(37, 143)
(37, 131)
(37, 281)
(37, 159)
(37, 161)
(37, 290)
(37, 307)
(37, 52)
(37, 53)
(37, 54)
(37, 183)
(37, 56)
(37, 189)
(37, 330)
(37, 211)
(37, 212)
(37, 215)
(37, 399)
(37, 221)
(37, 113)
(37, 275)
(37, 379)
(37, 253)
(38, 128)
(38, 385)
(38, 390)
(38, 136)
(38, 139)
(38, 268)
(38, 397)
(38, 67)
(38, 157)
(38, 286)
(38, 287)
(38, 160)
(38, 347)
(38, 166)
(38, 42)
(38, 45)
(38, 47)
(38, 182)
(38, 185)
(38, 314)
(38, 187)
(38, 318)
(38, 117)
(38, 195)
(38, 68)
(38, 325)
(38, 329)
(38, 375)
(38, 208)
(38, 75)
(38, 219)
(38, 348)
(38, 349)
(38, 222)
(38, 97)
(38, 59)
(38, 233)
(38, 239)
(38, 240)
(38, 116)
(38, 190)
(38, 247)
(38, 249)
(38, 122)
(38, 380)
(39, 257)
(39, 261)
(39, 393)
(39, 395)
(39, 141)
(39, 271)
(39, 284)
(39, 162)
(39, 291)
(39, 292)
(39, 171)
(39, 302)
(39, 180)
(39, 60)
(39, 322)
(39, 70)
(39, 199)
(39, 200)
(39, 74)
(39, 77)
(39, 80)
(39, 86)
(39, 344)
(39, 345)
(39, 218)
(39, 94)
(39, 358)
(39, 107)
(39, 118)
(39, 125)
(39, 254)
(39, 383)
(40, 131)
(40, 214)
(40, 267)
(40, 141)
(40, 272)
(40, 279)
(40, 153)
(40, 175)
(40, 133)
(40, 48)
(40, 290)
(40, 165)
(40, 295)
(40, 169)
(40, 43)
(40, 173)
(40, 303)
(40, 176)
(40, 177)
(40, 308)
(40, 311)
(40, 313)
(40, 60)
(40, 62)
(40, 319)
(40, 193)
(40, 323)
(40, 203)
(40, 337)
(40, 210)
(40, 339)
(40, 342)
(40, 57)
(40, 344)
(40, 345)
(40, 220)
(40, 221)
(40, 351)
(40, 144)
(40, 103)
(40, 360)
(40, 107)
(40, 109)
(40, 112)
(40, 232)
(40, 245)
(40, 118)
(40, 120)
(40, 377)
(40, 381)
(41, 384)
(41, 256)
(41, 387)
(41, 264)
(41, 151)
(41, 155)
(41, 297)
(41, 170)
(41, 304)
(41, 50)
(41, 309)
(41, 188)
(41, 320)
(41, 96)
(41, 327)
(41, 334)
(41, 209)
(41, 341)
(41, 87)
(41, 100)
(41, 91)
(41, 224)
(41, 226)
(41, 356)
(41, 81)
(41, 361)
(41, 364)
(41, 365)
(41, 111)
(41, 368)
(41, 114)
(41, 248)
(41, 126)
(41, 213)
(42, 385)
(42, 390)
(42, 136)
(42, 265)
(42, 139)
(42, 268)
(42, 397)
(42, 270)
(42, 147)
(42, 152)
(42, 286)
(42, 287)
(42, 160)
(42, 219)
(42, 166)
(42, 45)
(42, 47)
(42, 306)
(42, 182)
(42, 185)
(42, 314)
(42, 187)
(42, 318)
(42, 117)
(42, 67)
(42, 325)
(42, 71)
(42, 329)
(42, 375)
(42, 208)
(42, 122)
(42, 90)
(42, 347)
(42, 349)
(42, 222)
(42, 97)
(42, 59)
(42, 233)
(42, 239)
(42, 240)
(42, 190)
(42, 247)
(42, 250)
(42, 380)
(42, 127)
(43, 258)
(43, 342)
(43, 137)
(43, 394)
(43, 272)
(43, 195)
(43, 276)
(43, 150)
(43, 279)
(43, 153)
(43, 285)
(43, 133)
(43, 160)
(43, 165)
(43, 295)
(43, 169)
(43, 48)
(43, 177)
(43, 311)
(43, 58)
(43, 193)
(43, 323)
(43, 328)
(43, 203)
(43, 205)
(43, 206)
(43, 207)
(43, 339)
(43, 78)
(43, 214)
(43, 343)
(43, 220)
(43, 103)
(43, 360)
(43, 240)
(43, 232)
(43, 119)
(43, 120)
(43, 378)
(43, 252)
(43, 381)
(43, 255)
(44, 261)
(44, 263)
(44, 396)
(44, 273)
(44, 277)
(44, 278)
(44, 283)
(44, 156)
(44, 293)
(44, 65)
(44, 171)
(44, 300)
(44, 46)
(44, 49)
(44, 310)
(44, 321)
(44, 66)
(44, 201)
(44, 202)
(44, 84)
(44, 86)
(44, 218)
(44, 94)
(44, 98)
(44, 235)
(44, 236)
(44, 110)
(44, 243)
(44, 246)
(45, 128)
(45, 385)
(45, 132)
(45, 68)
(45, 136)
(45, 138)
(45, 139)
(45, 67)
(45, 280)
(45, 196)
(45, 164)
(45, 166)
(45, 47)
(45, 182)
(45, 185)
(45, 314)
(45, 187)
(45, 190)
(45, 195)
(45, 324)
(45, 198)
(45, 328)
(45, 329)
(45, 79)
(45, 375)
(45, 333)
(45, 205)
(45, 208)
(45, 75)
(45, 219)
(45, 348)
(45, 97)
(45, 228)
(45, 229)
(45, 234)
(45, 239)
(45, 240)
(45, 369)
(45, 116)
(45, 117)
(45, 247)
(45, 249)
(45, 122)
(45, 251)
(45, 255)
(46, 263)
(46, 396)
(46, 277)
(46, 278)
(46, 283)
(46, 156)
(46, 293)
(46, 300)
(46, 49)
(46, 310)
(46, 65)
(46, 66)
(46, 201)
(46, 202)
(46, 84)
(46, 86)
(46, 94)
(46, 98)
(46, 235)
(46, 236)
(46, 110)
(46, 243)
(46, 246)
(47, 385)
(47, 136)
(47, 139)
(47, 268)
(47, 67)
(47, 280)
(47, 68)
(47, 285)
(47, 287)
(47, 160)
(47, 198)
(47, 166)
(47, 169)
(47, 182)
(47, 185)
(47, 314)
(47, 187)
(47, 190)
(47, 195)
(47, 324)
(47, 325)
(47, 326)
(47, 328)
(47, 329)
(47, 375)
(47, 205)
(47, 78)
(47, 207)
(47, 208)
(47, 214)
(47, 216)
(47, 90)
(47, 219)
(47, 348)
(47, 165)
(47, 97)
(47, 228)
(47, 229)
(47, 234)
(47, 240)
(47, 371)
(47, 117)
(47, 247)
(47, 120)
(47, 122)
(47, 119)
(47, 381)
(47, 255)
(48, 214)
(48, 394)
(48, 272)
(48, 276)
(48, 150)
(48, 279)
(48, 153)
(48, 285)
(48, 133)
(48, 165)
(48, 295)
(48, 296)
(48, 169)
(48, 177)
(48, 311)
(48, 58)
(48, 60)
(48, 193)
(48, 322)
(48, 323)
(48, 199)
(48, 203)
(48, 206)
(48, 210)
(48, 339)
(48, 78)
(48, 342)
(48, 343)
(48, 344)
(48, 345)
(48, 220)
(48, 144)
(48, 230)
(48, 103)
(48, 360)
(48, 107)
(48, 232)
(48, 245)
(48, 118)
(48, 119)
(48, 120)
(48, 377)
(48, 252)
(48, 381)
(48, 383)
(49, 261)
(49, 263)
(49, 396)
(49, 277)
(49, 278)
(49, 283)
(49, 156)
(49, 293)
(49, 300)
(49, 310)
(49, 65)
(49, 66)
(49, 201)
(49, 202)
(49, 84)
(49, 86)
(49, 94)
(49, 98)
(49, 235)
(49, 236)
(49, 110)
(49, 243)
(49, 246)
(50, 386)
(50, 387)
(50, 392)
(50, 151)
(50, 154)
(50, 155)
(50, 297)
(50, 170)
(50, 264)
(50, 181)
(50, 188)
(50, 317)
(50, 320)
(50, 96)
(50, 327)
(50, 72)
(50, 334)
(50, 336)
(50, 83)
(50, 213)
(50, 87)
(50, 91)
(50, 95)
(50, 224)
(50, 226)
(50, 100)
(50, 231)
(50, 104)
(50, 361)
(50, 365)
(50, 111)
(50, 241)
(50, 242)
(50, 244)
(50, 126)
(50, 105)
(50, 248)
(50, 382)
(51, 68)
(51, 131)
(51, 132)
(51, 138)
(51, 267)
(51, 140)
(51, 143)
(51, 144)
(51, 275)
(51, 280)
(51, 196)
(51, 161)
(51, 164)
(51, 220)
(51, 174)
(51, 176)
(51, 115)
(51, 308)
(51, 182)
(51, 311)
(51, 57)
(51, 62)
(51, 319)
(51, 324)
(51, 198)
(51, 328)
(51, 329)
(51, 330)
(51, 333)
(51, 211)
(51, 214)
(51, 216)
(51, 348)
(51, 221)
(51, 351)
(51, 379)
(51, 228)
(51, 229)
(51, 234)
(51, 109)
(51, 112)
(51, 369)
(51, 371)
(51, 377)
(51, 251)
(51, 255)
(52, 259)
(52, 135)
(52, 143)
(52, 131)
(52, 281)
(52, 159)
(52, 290)
(52, 168)
(52, 307)
(52, 53)
(52, 54)
(52, 183)
(52, 56)
(52, 189)
(52, 330)
(52, 212)
(52, 215)
(52, 399)
(52, 221)
(52, 113)
(52, 275)
(52, 379)
(52, 253)
(53, 259)
(53, 113)
(53, 359)
(53, 168)
(53, 183)
(53, 399)
(53, 189)
(53, 307)
(53, 212)
(53, 215)
(53, 56)
(53, 281)
(53, 135)
(53, 253)
(54, 259)
(54, 135)
(54, 267)
(54, 399)
(54, 275)
(54, 281)
(54, 159)
(54, 161)
(54, 290)
(54, 168)
(54, 176)
(54, 307)
(54, 308)
(54, 183)
(54, 56)
(54, 189)
(54, 62)
(54, 319)
(54, 330)
(54, 211)
(54, 212)
(54, 215)
(54, 143)
(54, 221)
(54, 351)
(54, 131)
(54, 101)
(54, 109)
(54, 113)
(54, 115)
(54, 379)
(54, 253)
(55, 128)
(55, 59)
(55, 166)
(55, 390)
(55, 391)
(55, 233)
(55, 239)
(55, 208)
(55, 157)
(55, 318)
(55, 249)
(55, 250)
(55, 219)
(55, 124)
(55, 349)
(55, 286)
(56, 259)
(56, 135)
(56, 143)
(56, 131)
(56, 281)
(56, 159)
(56, 161)
(56, 290)
(56, 168)
(56, 307)
(56, 183)
(56, 189)
(56, 330)
(56, 211)
(56, 212)
(56, 215)
(56, 399)
(56, 221)
(56, 101)
(56, 113)
(56, 275)
(56, 379)
(56, 253)
(57, 131)
(57, 132)
(57, 267)
(57, 140)
(57, 143)
(57, 144)
(57, 275)
(57, 153)
(57, 196)
(57, 161)
(57, 290)
(57, 165)
(57, 169)
(57, 173)
(57, 174)
(57, 176)
(57, 115)
(57, 308)
(57, 311)
(57, 313)
(57, 62)
(57, 319)
(57, 324)
(57, 328)
(57, 337)
(57, 211)
(57, 214)
(57, 216)
(57, 220)
(57, 221)
(57, 351)
(57, 228)
(57, 229)
(57, 103)
(57, 360)
(57, 234)
(57, 109)
(57, 112)
(57, 371)
(57, 245)
(57, 119)
(57, 120)
(57, 377)
(57, 381)
(57, 255)
(58, 384)
(58, 388)
(58, 133)
(58, 137)
(58, 394)
(58, 271)
(58, 272)
(58, 276)
(58, 149)
(58, 150)
(58, 279)
(58, 291)
(58, 177)
(58, 296)
(58, 297)
(58, 203)
(58, 305)
(58, 186)
(58, 60)
(58, 191)
(58, 193)
(58, 322)
(58, 323)
(58, 69)
(58, 199)
(58, 73)
(58, 331)
(58, 206)
(58, 338)
(58, 339)
(58, 340)
(58, 85)
(58, 342)
(58, 343)
(58, 88)
(58, 224)
(58, 356)
(58, 230)
(58, 232)
(58, 362)
(58, 107)
(58, 82)
(58, 238)
(58, 374)
(58, 121)
(58, 378)
(58, 123)
(58, 252)
(58, 383)
(59, 128)
(59, 390)
(59, 391)
(59, 136)
(59, 380)
(59, 157)
(59, 286)
(59, 166)
(59, 349)
(59, 185)
(59, 314)
(59, 187)
(59, 318)
(59, 208)
(59, 219)
(59, 250)
(59, 233)
(59, 239)
(59, 375)
(59, 249)
(59, 122)
(59, 124)
(60, 257)
(60, 133)
(60, 141)
(60, 271)
(60, 272)
(60, 88)
(60, 276)
(60, 149)
(60, 150)
(60, 279)
(60, 153)
(60, 291)
(60, 296)
(60, 203)
(60, 193)
(60, 322)
(60, 323)
(60, 199)
(60, 74)
(60, 331)
(60, 77)
(60, 206)
(60, 338)
(60, 339)
(60, 340)
(60, 342)
(60, 343)
(60, 344)
(60, 345)
(60, 230)
(60, 232)
(60, 362)
(60, 107)
(60, 210)
(60, 245)
(60, 118)
(60, 254)
(60, 383)
(61, 129)
(61, 386)
(61, 388)
(61, 134)
(61, 142)
(61, 145)
(61, 146)
(61, 238)
(61, 158)
(61, 289)
(61, 163)
(61, 294)
(61, 297)
(61, 298)
(61, 301)
(61, 305)
(61, 179)
(61, 181)
(61, 186)
(61, 315)
(61, 316)
(61, 191)
(61, 225)
(61, 76)
(61, 334)
(61, 335)
(61, 82)
(61, 83)
(61, 213)
(61, 88)
(61, 350)
(61, 352)
(61, 353)
(61, 99)
(61, 363)
(61, 108)
(61, 237)
(61, 366)
(61, 370)
(61, 244)
(61, 373)
(61, 374)
(61, 85)
(61, 376)
(61, 121)
(61, 123)
(61, 382)
(61, 149)
(62, 132)
(62, 131)
(62, 196)
(62, 267)
(62, 140)
(62, 143)
(62, 144)
(62, 275)
(62, 153)
(62, 281)
(62, 159)
(62, 161)
(62, 290)
(62, 165)
(62, 173)
(62, 174)
(62, 176)
(62, 115)
(62, 308)
(62, 311)
(62, 313)
(62, 319)
(62, 324)
(62, 328)
(62, 330)
(62, 337)
(62, 211)
(62, 214)
(62, 216)
(62, 220)
(62, 221)
(62, 351)
(62, 228)
(62, 101)
(62, 103)
(62, 360)
(62, 234)
(62, 109)
(62, 112)
(62, 371)
(62, 245)
(62, 377)
(62, 379)
(62, 381)
(62, 255)
(63, 256)
(63, 266)
(63, 151)
(63, 152)
(63, 170)
(63, 178)
(63, 312)
(63, 327)
(63, 226)
(63, 209)
(63, 227)
(63, 341)
(63, 87)
(63, 92)
(63, 354)
(63, 355)
(63, 102)
(63, 81)
(63, 106)
(63, 364)
(63, 365)
(63, 367)
(63, 368)
(63, 114)
(63, 248)
(63, 126)
(63, 127)
(64, 129)
(64, 235)
(64, 260)
(64, 262)
(64, 65)
(64, 396)
(64, 398)
(64, 273)
(64, 146)
(64, 149)
(64, 163)
(64, 293)
(64, 167)
(64, 298)
(64, 299)
(64, 301)
(64, 310)
(64, 184)
(64, 315)
(64, 316)
(64, 134)
(64, 192)
(64, 321)
(64, 331)
(64, 204)
(64, 340)
(64, 142)
(64, 88)
(64, 225)
(64, 357)
(64, 363)
(64, 108)
(64, 237)
(64, 370)
(64, 373)
(64, 376)
(64, 121)
(65, 171)
(65, 260)
(65, 263)
(65, 396)
(65, 398)
(65, 273)
(65, 277)
(65, 278)
(65, 283)
(65, 156)
(65, 293)
(65, 167)
(65, 299)
(65, 300)
(65, 310)
(65, 184)
(65, 192)
(65, 321)
(65, 66)
(65, 201)
(65, 202)
(65, 204)
(65, 84)
(65, 218)
(65, 94)
(65, 98)
(65, 357)
(65, 235)
(65, 236)
(65, 110)
(65, 243)
(65, 246)
(66, 261)
(66, 263)
(66, 396)
(66, 273)
(66, 277)
(66, 278)
(66, 283)
(66, 156)
(66, 293)
(66, 171)
(66, 300)
(66, 310)
(66, 184)
(66, 192)
(66, 321)
(66, 201)
(66, 202)
(66, 84)
(66, 86)
(66, 218)
(66, 94)
(66, 98)
(66, 357)
(66, 235)
(66, 236)
(66, 110)
(66, 243)
(66, 246)
(67, 385)
(67, 132)
(67, 136)
(67, 139)
(67, 268)
(67, 280)
(67, 68)
(67, 287)
(67, 160)
(67, 164)
(67, 166)
(67, 182)
(67, 185)
(67, 314)
(67, 187)
(67, 190)
(67, 195)
(67, 324)
(67, 325)
(67, 198)
(67, 328)
(67, 329)
(67, 79)
(67, 375)
(67, 333)
(67, 78)
(67, 205)
(67, 208)
(67, 75)
(67, 214)
(67, 216)
(67, 219)
(67, 348)
(67, 97)
(67, 228)
(67, 229)
(67, 119)
(67, 234)
(67, 239)
(67, 240)
(67, 369)
(67, 371)
(67, 116)
(67, 117)
(67, 247)
(67, 122)
(67, 251)
(67, 255)
(68, 128)
(68, 385)
(68, 132)
(68, 136)
(68, 138)
(68, 139)
(68, 140)
(68, 280)
(68, 196)
(68, 164)
(68, 174)
(68, 182)
(68, 185)
(68, 314)
(68, 187)
(68, 190)
(68, 195)
(68, 324)
(68, 198)
(68, 328)
(68, 329)
(68, 375)
(68, 333)
(68, 205)
(68, 208)
(68, 75)
(68, 216)
(68, 79)
(68, 348)
(68, 97)
(68, 228)
(68, 229)
(68, 119)
(68, 234)
(68, 239)
(68, 240)
(68, 369)
(68, 371)
(68, 116)
(68, 117)
(68, 247)
(68, 249)
(68, 122)
(68, 251)
(68, 255)
(69, 384)
(69, 258)
(69, 388)
(69, 137)
(69, 394)
(69, 272)
(69, 145)
(69, 276)
(69, 149)
(69, 150)
(69, 177)
(69, 296)
(69, 297)
(69, 304)
(69, 305)
(69, 186)
(69, 191)
(69, 73)
(69, 76)
(69, 206)
(69, 207)
(69, 338)
(69, 339)
(69, 85)
(69, 342)
(69, 343)
(69, 88)
(69, 100)
(69, 224)
(69, 356)
(69, 362)
(69, 82)
(69, 238)
(69, 374)
(69, 121)
(69, 378)
(69, 123)
(69, 252)
(70, 257)
(70, 261)
(70, 393)
(70, 395)
(70, 141)
(70, 284)
(70, 162)
(70, 292)
(70, 171)
(70, 302)
(70, 175)
(70, 180)
(70, 200)
(70, 74)
(70, 332)
(70, 77)
(70, 80)
(70, 344)
(70, 358)
(70, 125)
(70, 254)
(71, 256)
(71, 390)
(71, 265)
(71, 266)
(71, 139)
(71, 268)
(71, 397)
(71, 270)
(71, 147)
(71, 152)
(71, 286)
(71, 287)
(71, 160)
(71, 219)
(71, 166)
(71, 306)
(71, 309)
(71, 312)
(71, 318)
(71, 325)
(71, 326)
(71, 269)
(71, 209)
(71, 227)
(71, 341)
(71, 90)
(71, 347)
(71, 222)
(71, 354)
(71, 355)
(71, 102)
(71, 81)
(71, 233)
(71, 106)
(71, 364)
(71, 368)
(71, 190)
(71, 247)
(71, 380)
(71, 127)
(72, 386)
(72, 264)
(72, 274)
(72, 282)
(72, 154)
(72, 158)
(72, 288)
(72, 289)
(72, 294)
(72, 172)
(72, 181)
(72, 244)
(72, 95)
(72, 188)
(72, 317)
(72, 320)
(72, 334)
(72, 336)
(72, 83)
(72, 213)
(72, 93)
(72, 223)
(72, 352)
(72, 99)
(72, 231)
(72, 104)
(72, 361)
(72, 241)
(72, 242)
(72, 372)
(72, 105)
(72, 382)
(73, 384)
(73, 258)
(73, 388)
(73, 137)
(73, 394)
(73, 272)
(73, 145)
(73, 276)
(73, 149)
(73, 150)
(73, 296)
(73, 297)
(73, 304)
(73, 305)
(73, 186)
(73, 191)
(73, 76)
(73, 206)
(73, 207)
(73, 338)
(73, 339)
(73, 340)
(73, 85)
(73, 342)
(73, 343)
(73, 88)
(73, 100)
(73, 224)
(73, 356)
(73, 230)
(73, 362)
(73, 82)
(73, 238)
(73, 374)
(73, 121)
(73, 378)
(73, 123)
(73, 252)
(74, 257)
(74, 393)
(74, 396)
(74, 141)
(74, 271)
(74, 284)
(74, 162)
(74, 291)
(74, 292)
(74, 171)
(74, 302)
(74, 175)
(74, 180)
(74, 322)
(74, 323)
(74, 199)
(74, 200)
(74, 203)
(74, 77)
(74, 80)
(74, 210)
(74, 344)
(74, 345)
(74, 218)
(74, 94)
(74, 358)
(74, 230)
(74, 232)
(74, 107)
(74, 118)
(74, 125)
(74, 254)
(74, 383)
(75, 128)
(75, 132)
(75, 136)
(75, 138)
(75, 280)
(75, 164)
(75, 166)
(75, 185)
(75, 314)
(75, 187)
(75, 196)
(75, 198)
(75, 329)
(75, 333)
(75, 79)
(75, 208)
(75, 348)
(75, 97)
(75, 239)
(75, 369)
(75, 116)
(75, 117)
(75, 375)
(75, 249)
(75, 122)
(75, 251)
(76, 384)
(76, 386)
(76, 387)
(76, 388)
(76, 134)
(76, 142)
(76, 145)
(76, 238)
(76, 289)
(76, 294)
(76, 297)
(76, 298)
(76, 301)
(76, 305)
(76, 181)
(76, 186)
(76, 315)
(76, 316)
(76, 191)
(76, 224)
(76, 225)
(76, 334)
(76, 335)
(76, 82)
(76, 83)
(76, 213)
(76, 88)
(76, 350)
(76, 352)
(76, 353)
(76, 99)
(76, 356)
(76, 108)
(76, 366)
(76, 244)
(76, 373)
(76, 374)
(76, 85)
(76, 121)
(76, 123)
(76, 382)
(76, 149)
(77, 257)
(77, 133)
(77, 393)
(77, 395)
(77, 141)
(77, 271)
(77, 148)
(77, 217)
(77, 153)
(77, 175)
(77, 284)
(77, 162)
(77, 291)
(77, 292)
(77, 303)
(77, 180)
(77, 313)
(77, 322)
(77, 323)
(77, 199)
(77, 200)
(77, 203)
(77, 332)
(77, 80)
(77, 337)
(77, 210)
(77, 344)
(77, 345)
(77, 358)
(77, 232)
(77, 107)
(77, 245)
(77, 118)
(77, 125)
(77, 254)
(77, 383)
(78, 385)
(78, 258)
(78, 214)
(78, 272)
(78, 276)
(78, 279)
(78, 153)
(78, 285)
(78, 287)
(78, 160)
(78, 133)
(78, 165)
(78, 295)
(78, 169)
(78, 177)
(78, 182)
(78, 311)
(78, 193)
(78, 195)
(78, 325)
(78, 326)
(78, 328)
(78, 205)
(78, 206)
(78, 207)
(78, 339)
(78, 342)
(78, 90)
(78, 220)
(78, 229)
(78, 103)
(78, 360)
(78, 240)
(78, 117)
(78, 119)
(78, 120)
(78, 378)
(78, 252)
(78, 381)
(78, 255)
(79, 128)
(79, 132)
(79, 136)
(79, 138)
(79, 280)
(79, 196)
(79, 164)
(79, 185)
(79, 314)
(79, 187)
(79, 324)
(79, 198)
(79, 329)
(79, 333)
(79, 208)
(79, 348)
(79, 97)
(79, 229)
(79, 239)
(79, 369)
(79, 116)
(79, 117)
(79, 375)
(79, 249)
(79, 122)
(79, 251)
(80, 257)
(80, 393)
(80, 395)
(80, 141)
(80, 148)
(80, 217)
(80, 175)
(80, 284)
(80, 162)
(80, 292)
(80, 303)
(80, 180)
(80, 313)
(80, 197)
(80, 200)
(80, 332)
(80, 337)
(80, 210)
(80, 344)
(80, 345)
(80, 358)
(80, 245)
(80, 118)
(80, 125)
(80, 254)
(81, 384)
(81, 256)
(81, 258)
(81, 387)
(81, 266)
(81, 151)
(81, 155)
(81, 287)
(81, 160)
(81, 170)
(81, 304)
(81, 309)
(81, 312)
(81, 325)
(81, 326)
(81, 327)
(81, 207)
(81, 209)
(81, 355)
(81, 341)
(81, 87)
(81, 90)
(81, 224)
(81, 227)
(81, 100)
(81, 102)
(81, 364)
(81, 365)
(81, 111)
(81, 368)
(81, 114)
(81, 248)
(81, 378)
(81, 126)
(82, 384)
(82, 388)
(82, 134)
(82, 137)
(82, 394)
(82, 142)
(82, 145)
(82, 146)
(82, 366)
(82, 294)
(82, 296)
(82, 297)
(82, 301)
(82, 305)
(82, 181)
(82, 186)
(82, 315)
(82, 316)
(82, 191)
(82, 331)
(82, 334)
(82, 335)
(82, 338)
(82, 83)
(82, 340)
(82, 213)
(82, 88)
(82, 224)
(82, 225)
(82, 99)
(82, 356)
(82, 362)
(82, 238)
(82, 373)
(82, 374)
(82, 85)
(82, 121)
(82, 123)
(82, 382)
(82, 149)
(83, 386)
(83, 142)
(83, 145)
(83, 158)
(83, 288)
(83, 289)
(83, 294)
(83, 297)
(83, 179)
(83, 181)
(83, 186)
(83, 188)
(83, 317)
(83, 320)
(83, 225)
(83, 334)
(83, 335)
(83, 336)
(83, 213)
(83, 350)
(83, 95)
(83, 352)
(83, 353)
(83, 99)
(83, 104)
(83, 316)
(83, 366)
(83, 242)
(83, 244)
(83, 374)
(83, 382)
(84, 299)
(84, 261)
(84, 263)
(84, 396)
(84, 273)
(84, 277)
(84, 278)
(84, 283)
(84, 156)
(84, 293)
(84, 167)
(84, 171)
(84, 300)
(84, 302)
(84, 310)
(84, 184)
(84, 321)
(84, 201)
(84, 202)
(84, 86)
(84, 218)
(84, 94)
(84, 98)
(84, 235)
(84, 236)
(84, 110)
(84, 243)
(84, 246)
(85, 384)
(85, 387)
(85, 388)
(85, 134)
(85, 137)
(85, 394)
(85, 145)
(85, 276)
(85, 149)
(85, 150)
(85, 296)
(85, 297)
(85, 304)
(85, 305)
(85, 186)
(85, 315)
(85, 316)
(85, 191)
(85, 206)
(85, 338)
(85, 340)
(85, 213)
(85, 343)
(85, 88)
(85, 100)
(85, 224)
(85, 356)
(85, 362)
(85, 238)
(85, 374)
(85, 121)
(85, 378)
(85, 123)
(85, 252)
(85, 382)
(86, 261)
(86, 396)
(86, 156)
(86, 162)
(86, 171)
(86, 300)
(86, 302)
(86, 310)
(86, 202)
(86, 218)
(86, 94)
(86, 98)
(86, 236)
(86, 243)
(86, 246)
(87, 256)
(87, 387)
(87, 392)
(87, 266)
(87, 111)
(87, 151)
(87, 155)
(87, 170)
(87, 264)
(87, 178)
(87, 312)
(87, 188)
(87, 320)
(87, 327)
(87, 226)
(87, 209)
(87, 341)
(87, 346)
(87, 91)
(87, 92)
(87, 96)
(87, 354)
(87, 355)
(87, 100)
(87, 102)
(87, 361)
(87, 364)
(87, 365)
(87, 367)
(87, 368)
(87, 114)
(87, 105)
(87, 248)
(87, 126)
(88, 388)
(88, 134)
(88, 394)
(88, 142)
(88, 271)
(88, 145)
(88, 146)
(88, 276)
(88, 149)
(88, 150)
(88, 291)
(88, 167)
(88, 296)
(88, 297)
(88, 301)
(88, 305)
(88, 186)
(88, 315)
(88, 316)
(88, 191)
(88, 322)
(88, 199)
(88, 331)
(88, 338)
(88, 163)
(88, 340)
(88, 343)
(88, 230)
(88, 362)
(88, 237)
(88, 238)
(88, 370)
(88, 373)
(88, 374)
(88, 376)
(88, 121)
(88, 123)
(88, 383)
(89, 390)
(89, 391)
(89, 265)
(89, 397)
(89, 270)
(89, 147)
(89, 152)
(89, 380)
(89, 157)
(89, 286)
(89, 347)
(89, 306)
(89, 318)
(89, 269)
(89, 219)
(89, 349)
(89, 222)
(89, 233)
(89, 106)
(89, 250)
(89, 124)
(89, 127)
(90, 256)
(90, 385)
(90, 258)
(90, 139)
(90, 268)
(90, 285)
(90, 287)
(90, 160)
(90, 368)
(90, 304)
(90, 309)
(90, 312)
(90, 190)
(90, 195)
(90, 325)
(90, 326)
(90, 119)
(90, 205)
(90, 207)
(90, 209)
(90, 341)
(90, 227)
(90, 100)
(90, 364)
(90, 240)
(90, 247)
(90, 378)
(90, 252)
(91, 387)
(91, 392)
(91, 151)
(91, 154)
(91, 155)
(91, 170)
(91, 172)
(91, 264)
(91, 95)
(91, 188)
(91, 317)
(91, 320)
(91, 327)
(91, 334)
(91, 336)
(91, 346)
(91, 92)
(91, 223)
(91, 96)
(91, 226)
(91, 231)
(91, 104)
(91, 361)
(91, 365)
(91, 111)
(91, 241)
(91, 372)
(91, 105)
(91, 248)
(91, 126)
(92, 130)
(92, 392)
(92, 151)
(92, 154)
(92, 111)
(92, 170)
(92, 172)
(92, 264)
(92, 327)
(92, 346)
(92, 96)
(92, 226)
(92, 231)
(92, 105)
(92, 365)
(92, 367)
(92, 114)
(92, 372)
(92, 361)
(92, 248)
(93, 288)
(93, 130)
(93, 231)
(93, 264)
(93, 105)
(93, 172)
(93, 242)
(93, 336)
(93, 241)
(93, 274)
(93, 372)
(93, 154)
(93, 104)
(93, 282)
(93, 95)
(93, 317)
(93, 223)
(94, 261)
(94, 396)
(94, 273)
(94, 283)
(94, 156)
(94, 162)
(94, 291)
(94, 293)
(94, 167)
(94, 171)
(94, 300)
(94, 302)
(94, 310)
(94, 321)
(94, 202)
(94, 218)
(94, 98)
(94, 235)
(94, 236)
(94, 243)
(94, 246)
(94, 254)
(95, 386)
(95, 264)
(95, 274)
(95, 282)
(95, 154)
(95, 158)
(95, 288)
(95, 289)
(95, 294)
(95, 172)
(95, 181)
(95, 244)
(95, 188)
(95, 317)
(95, 320)
(95, 96)
(95, 334)
(95, 336)
(95, 213)
(95, 223)
(95, 352)
(95, 99)
(95, 231)
(95, 104)
(95, 361)
(95, 366)
(95, 241)
(95, 242)
(95, 372)
(95, 105)
(95, 382)
(96, 387)
(96, 392)
(96, 151)
(96, 154)
(96, 155)
(96, 170)
(96, 264)
(96, 188)
(96, 317)
(96, 320)
(96, 327)
(96, 334)
(96, 336)
(96, 213)
(96, 346)
(96, 226)
(96, 100)
(96, 231)
(96, 104)
(96, 361)
(96, 365)
(96, 111)
(96, 241)
(96, 105)
(96, 248)
(96, 126)
(97, 128)
(97, 385)
(97, 132)
(97, 136)
(97, 139)
(97, 268)
(97, 280)
(97, 164)
(97, 166)
(97, 182)
(97, 185)
(97, 314)
(97, 187)
(97, 190)
(97, 195)
(97, 324)
(97, 198)
(97, 328)
(97, 329)
(97, 375)
(97, 333)
(97, 205)
(97, 208)
(97, 219)
(97, 348)
(97, 228)
(97, 229)
(97, 234)
(97, 239)
(97, 240)
(97, 369)
(97, 116)
(97, 117)
(97, 247)
(97, 249)
(97, 122)
(97, 251)
(97, 380)
(98, 261)
(98, 263)
(98, 396)
(98, 277)
(98, 283)
(98, 156)
(98, 162)
(98, 293)
(98, 171)
(98, 300)
(98, 302)
(98, 310)
(98, 321)
(98, 201)
(98, 202)
(98, 218)
(98, 235)
(98, 236)
(98, 243)
(98, 246)
(99, 386)
(99, 388)
(99, 134)
(99, 142)
(99, 145)
(99, 158)
(99, 288)
(99, 289)
(99, 294)
(99, 297)
(99, 298)
(99, 305)
(99, 179)
(99, 181)
(99, 186)
(99, 315)
(99, 316)
(99, 317)
(99, 320)
(99, 225)
(99, 334)
(99, 335)
(99, 336)
(99, 213)
(99, 350)
(99, 352)
(99, 353)
(99, 104)
(99, 108)
(99, 366)
(99, 242)
(99, 244)
(99, 373)
(99, 374)
(99, 123)
(99, 382)
(100, 384)
(100, 256)
(100, 258)
(100, 387)
(100, 137)
(100, 151)
(100, 155)
(100, 297)
(100, 170)
(100, 304)
(100, 309)
(100, 326)
(100, 327)
(100, 207)
(100, 209)
(100, 341)
(100, 224)
(100, 356)
(100, 361)
(100, 364)
(100, 365)
(100, 111)
(100, 368)
(100, 248)
(100, 378)
(100, 252)
(100, 126)
(101, 131)
(101, 389)
(101, 135)
(101, 267)
(101, 141)
(101, 143)
(101, 144)
(101, 275)
(101, 148)
(101, 281)
(101, 175)
(101, 159)
(101, 290)
(101, 292)
(101, 168)
(101, 173)
(101, 303)
(101, 307)
(101, 308)
(101, 183)
(101, 313)
(101, 189)
(101, 194)
(101, 395)
(101, 197)
(101, 200)
(101, 332)
(101, 337)
(101, 212)
(101, 215)
(101, 217)
(101, 221)
(101, 359)
(101, 245)
(101, 377)
(101, 253)
(102, 256)
(102, 265)
(102, 266)
(102, 268)
(102, 397)
(102, 270)
(102, 147)
(102, 152)
(102, 306)
(102, 178)
(102, 309)
(102, 312)
(102, 269)
(102, 209)
(102, 227)
(102, 341)
(102, 347)
(102, 222)
(102, 354)
(102, 355)
(102, 106)
(102, 364)
(102, 365)
(102, 367)
(102, 368)
(102, 114)
(102, 126)
(102, 127)
(103, 214)
(103, 267)
(103, 272)
(103, 195)
(103, 276)
(103, 150)
(103, 279)
(103, 153)
(103, 285)
(103, 133)
(103, 112)
(103, 165)
(103, 295)
(103, 169)
(103, 176)
(103, 177)
(103, 308)
(103, 311)
(103, 319)
(103, 193)
(103, 323)
(103, 328)
(103, 203)
(103, 205)
(103, 206)
(103, 210)
(103, 339)
(103, 342)
(103, 216)
(103, 345)
(103, 220)
(103, 351)
(103, 144)
(103, 228)
(103, 229)
(103, 360)
(103, 234)
(103, 109)
(103, 240)
(103, 232)
(103, 371)
(103, 245)
(103, 118)
(103, 119)
(103, 120)
(103, 377)
(103, 252)
(103, 381)
(103, 255)
(104, 386)
(104, 264)
(104, 274)
(104, 282)
(104, 154)
(104, 158)
(104, 288)
(104, 289)
(104, 294)
(104, 172)
(104, 181)
(104, 244)
(104, 188)
(104, 317)
(104, 320)
(104, 334)
(104, 336)
(104, 213)
(104, 223)
(104, 352)
(104, 231)
(104, 361)
(104, 241)
(104, 242)
(104, 372)
(104, 105)
(104, 382)
(105, 130)
(105, 392)
(105, 274)
(105, 151)
(105, 282)
(105, 154)
(105, 170)
(105, 172)
(105, 264)
(105, 188)
(105, 317)
(105, 320)
(105, 327)
(105, 336)
(105, 346)
(105, 223)
(105, 226)
(105, 231)
(105, 361)
(105, 111)
(105, 241)
(105, 372)
(105, 248)
(106, 265)
(106, 266)
(106, 397)
(106, 270)
(106, 147)
(106, 152)
(106, 306)
(106, 178)
(106, 312)
(106, 269)
(106, 209)
(106, 227)
(106, 347)
(106, 222)
(106, 354)
(106, 355)
(106, 365)
(106, 367)
(106, 368)
(106, 114)
(106, 127)
(107, 257)
(107, 133)
(107, 393)
(107, 141)
(107, 271)
(107, 272)
(107, 276)
(107, 150)
(107, 279)
(107, 153)
(107, 175)
(107, 291)
(107, 296)
(107, 203)
(107, 322)
(107, 323)
(107, 199)
(107, 200)
(107, 331)
(107, 338)
(107, 339)
(107, 340)
(107, 342)
(107, 343)
(107, 344)
(107, 345)
(107, 230)
(107, 358)
(107, 232)
(107, 362)
(107, 210)
(107, 245)
(107, 118)
(107, 254)
(107, 383)
(108, 129)
(108, 260)
(108, 262)
(108, 398)
(108, 145)
(108, 146)
(108, 163)
(108, 134)
(108, 294)
(108, 298)
(108, 299)
(108, 301)
(108, 179)
(108, 181)
(108, 184)
(108, 315)
(108, 316)
(108, 225)
(108, 204)
(108, 335)
(108, 142)
(108, 350)
(108, 352)
(108, 353)
(108, 357)
(108, 363)
(108, 237)
(108, 366)
(108, 370)
(108, 373)
(108, 376)
(108, 121)
(108, 123)
(109, 132)
(109, 131)
(109, 196)
(109, 267)
(109, 140)
(109, 143)
(109, 144)
(109, 275)
(109, 153)
(109, 281)
(109, 161)
(109, 290)
(109, 165)
(109, 169)
(109, 173)
(109, 174)
(109, 176)
(109, 115)
(109, 308)
(109, 311)
(109, 313)
(109, 319)
(109, 324)
(109, 198)
(109, 328)
(109, 337)
(109, 211)
(109, 214)
(109, 216)
(109, 220)
(109, 221)
(109, 351)
(109, 228)
(109, 229)
(109, 360)
(109, 234)
(109, 112)
(109, 371)
(109, 245)
(109, 377)
(109, 379)
(109, 381)
(109, 255)
(110, 260)
(110, 262)
(110, 263)
(110, 273)
(110, 277)
(110, 278)
(110, 283)
(110, 156)
(110, 293)
(110, 299)
(110, 310)
(110, 184)
(110, 192)
(110, 201)
(110, 202)
(110, 204)
(110, 357)
(110, 235)
(110, 246)
(111, 384)
(111, 387)
(111, 392)
(111, 151)
(111, 154)
(111, 155)
(111, 170)
(111, 304)
(111, 264)
(111, 188)
(111, 320)
(111, 327)
(111, 334)
(111, 336)
(111, 213)
(111, 346)
(111, 224)
(111, 226)
(111, 231)
(111, 361)
(111, 364)
(111, 365)
(111, 368)
(111, 241)
(111, 114)
(111, 248)
(111, 126)
(112, 131)
(112, 132)
(112, 138)
(112, 267)
(112, 140)
(112, 143)
(112, 144)
(112, 275)
(112, 280)
(112, 196)
(112, 161)
(112, 290)
(112, 165)
(112, 169)
(112, 174)
(112, 176)
(112, 115)
(112, 308)
(112, 182)
(112, 311)
(112, 319)
(112, 195)
(112, 324)
(112, 198)
(112, 328)
(112, 211)
(112, 214)
(112, 216)
(112, 220)
(112, 221)
(112, 351)
(112, 379)
(112, 228)
(112, 229)
(112, 360)
(112, 234)
(112, 369)
(112, 371)
(112, 119)
(112, 377)
(112, 251)
(112, 381)
(112, 255)
(113, 259)
(113, 135)
(113, 168)
(113, 183)
(113, 399)
(113, 189)
(113, 307)
(113, 212)
(113, 215)
(113, 281)
(113, 253)
(114, 256)
(114, 266)
(114, 151)
(114, 152)
(114, 170)
(114, 178)
(114, 312)
(114, 327)
(114, 226)
(114, 209)
(114, 227)
(114, 341)
(114, 354)
(114, 355)
(114, 364)
(114, 365)
(114, 367)
(114, 368)
(114, 248)
(114, 126)
(114, 127)
(115, 131)
(115, 132)
(115, 138)
(115, 267)
(115, 140)
(115, 143)
(115, 144)
(115, 275)
(115, 280)
(115, 196)
(115, 161)
(115, 164)
(115, 174)
(115, 176)
(115, 308)
(115, 311)
(115, 319)
(115, 324)
(115, 198)
(115, 328)
(115, 330)
(115, 333)
(115, 211)
(115, 216)
(115, 348)
(115, 351)
(115, 379)
(115, 228)
(115, 229)
(115, 234)
(115, 369)
(115, 371)
(115, 251)
(116, 128)
(116, 385)
(116, 132)
(116, 136)
(116, 138)
(116, 139)
(116, 280)
(116, 196)
(116, 164)
(116, 166)
(116, 182)
(116, 185)
(116, 314)
(116, 187)
(116, 190)
(116, 324)
(116, 198)
(116, 329)
(116, 333)
(116, 208)
(116, 348)
(116, 228)
(116, 229)
(116, 239)
(116, 369)
(116, 117)
(116, 375)
(116, 249)
(116, 122)
(116, 251)
(117, 385)
(117, 132)
(117, 136)
(117, 139)
(117, 268)
(117, 280)
(117, 196)
(117, 285)
(117, 287)
(117, 160)
(117, 164)
(117, 166)
(117, 182)
(117, 185)
(117, 314)
(117, 187)
(117, 190)
(117, 195)
(117, 324)
(117, 325)
(117, 198)
(117, 328)
(117, 329)
(117, 375)
(117, 333)
(117, 205)
(117, 208)
(117, 214)
(117, 216)
(117, 219)
(117, 348)
(117, 228)
(117, 229)
(117, 119)
(117, 234)
(117, 240)
(117, 369)
(117, 371)
(117, 247)
(117, 122)
(117, 251)
(117, 255)
(118, 257)
(118, 133)
(118, 393)
(118, 395)
(118, 141)
(118, 271)
(118, 272)
(118, 150)
(118, 279)
(118, 153)
(118, 175)
(118, 284)
(118, 291)
(118, 292)
(118, 173)
(118, 303)
(118, 180)
(118, 313)
(118, 193)
(118, 322)
(118, 323)
(118, 199)
(118, 200)
(118, 203)
(118, 337)
(118, 210)
(118, 339)
(118, 342)
(118, 343)
(118, 344)
(118, 345)
(118, 230)
(118, 358)
(118, 360)
(118, 232)
(118, 245)
(118, 377)
(118, 125)
(118, 254)
(118, 383)
(119, 385)
(119, 258)
(119, 139)
(119, 285)
(119, 287)
(119, 160)
(119, 165)
(119, 295)
(119, 169)
(119, 177)
(119, 182)
(119, 311)
(119, 193)
(119, 195)
(119, 324)
(119, 325)
(119, 326)
(119, 328)
(119, 329)
(119, 205)
(119, 207)
(119, 214)
(119, 216)
(119, 220)
(119, 228)
(119, 229)
(119, 360)
(119, 234)
(119, 240)
(119, 371)
(119, 120)
(119, 252)
(119, 381)
(119, 255)
(120, 385)
(120, 258)
(120, 214)
(120, 272)
(120, 276)
(120, 150)
(120, 279)
(120, 153)
(120, 285)
(120, 133)
(120, 160)
(120, 165)
(120, 295)
(120, 169)
(120, 177)
(120, 182)
(120, 311)
(120, 193)
(120, 195)
(120, 324)
(120, 328)
(120, 203)
(120, 205)
(120, 206)
(120, 207)
(120, 339)
(120, 342)
(120, 216)
(120, 220)
(120, 144)
(120, 229)
(120, 360)
(120, 240)
(120, 232)
(120, 371)
(120, 378)
(120, 252)
(120, 381)
(120, 255)
(121, 384)
(121, 388)
(121, 134)
(121, 137)
(121, 394)
(121, 142)
(121, 271)
(121, 145)
(121, 146)
(121, 276)
(121, 149)
(121, 150)
(121, 163)
(121, 296)
(121, 297)
(121, 298)
(121, 301)
(121, 305)
(121, 186)
(121, 315)
(121, 316)
(121, 191)
(121, 331)
(121, 338)
(121, 340)
(121, 343)
(121, 224)
(121, 225)
(121, 356)
(121, 230)
(121, 362)
(121, 237)
(121, 238)
(121, 370)
(121, 373)
(121, 374)
(121, 376)
(121, 123)
(121, 382)
(121, 383)
(122, 128)
(122, 385)
(122, 132)
(122, 136)
(122, 138)
(122, 139)
(122, 280)
(122, 196)
(122, 164)
(122, 166)
(122, 182)
(122, 185)
(122, 314)
(122, 187)
(122, 190)
(122, 324)
(122, 198)
(122, 329)
(122, 375)
(122, 333)
(122, 208)
(122, 219)
(122, 348)
(122, 229)
(122, 239)
(122, 369)
(122, 247)
(122, 249)
(122, 251)
(123, 384)
(123, 388)
(123, 134)
(123, 137)
(123, 394)
(123, 142)
(123, 145)
(123, 146)
(123, 238)
(123, 163)
(123, 294)
(123, 296)
(123, 297)
(123, 298)
(123, 301)
(123, 305)
(123, 181)
(123, 186)
(123, 315)
(123, 316)
(123, 191)
(123, 225)
(123, 331)
(123, 335)
(123, 338)
(123, 340)
(123, 213)
(123, 350)
(123, 224)
(123, 353)
(123, 356)
(123, 362)
(123, 237)
(123, 366)
(123, 370)
(123, 373)
(123, 374)
(123, 376)
(123, 382)
(123, 149)
(124, 390)
(124, 391)
(124, 265)
(124, 397)
(124, 270)
(124, 157)
(124, 286)
(124, 347)
(124, 166)
(124, 306)
(124, 318)
(124, 269)
(124, 219)
(124, 349)
(124, 222)
(124, 233)
(124, 250)
(124, 380)
(125, 257)
(125, 393)
(125, 395)
(125, 141)
(125, 148)
(125, 175)
(125, 284)
(125, 162)
(125, 292)
(125, 303)
(125, 180)
(125, 197)
(125, 200)
(125, 332)
(125, 210)
(125, 344)
(125, 217)
(125, 358)
(125, 254)
(125, 345)
(126, 384)
(126, 256)
(126, 258)
(126, 387)
(126, 266)
(126, 151)
(126, 155)
(126, 170)
(126, 304)
(126, 178)
(126, 309)
(126, 312)
(126, 188)
(126, 327)
(126, 209)
(126, 355)
(126, 341)
(126, 224)
(126, 226)
(126, 227)
(126, 361)
(126, 364)
(126, 365)
(126, 367)
(126, 368)
(126, 248)
(127, 390)
(127, 265)
(127, 266)
(127, 268)
(127, 397)
(127, 270)
(127, 147)
(127, 152)
(127, 306)
(127, 178)
(127, 312)
(127, 318)
(127, 269)
(127, 209)
(127, 227)
(127, 347)
(127, 222)
(127, 354)
(127, 355)
(127, 233)
(127, 367)
(127, 250)
(127, 380)
(128, 136)
(128, 280)
(128, 157)
(128, 164)
(128, 185)
(128, 314)
(128, 187)
(128, 333)
(128, 208)
(128, 348)
(128, 166)
(128, 239)
(128, 369)
(128, 375)
(128, 249)
(128, 251)
(129, 260)
(129, 262)
(129, 398)
(129, 146)
(129, 163)
(129, 134)
(129, 298)
(129, 299)
(129, 301)
(129, 179)
(129, 184)
(129, 315)
(129, 316)
(129, 192)
(129, 225)
(129, 204)
(129, 335)
(129, 142)
(129, 350)
(129, 352)
(129, 353)
(129, 357)
(129, 363)
(129, 237)
(129, 366)
(129, 370)
(129, 373)
(129, 376)
(130, 241)
(130, 392)
(130, 231)
(130, 172)
(130, 317)
(130, 336)
(130, 264)
(130, 274)
(130, 372)
(130, 154)
(130, 346)
(130, 282)
(130, 223)
(131, 135)
(131, 267)
(131, 140)
(131, 399)
(131, 144)
(131, 275)
(131, 281)
(131, 159)
(131, 161)
(131, 290)
(131, 168)
(131, 173)
(131, 174)
(131, 303)
(131, 176)
(131, 307)
(131, 308)
(131, 311)
(131, 313)
(131, 189)
(131, 319)
(131, 330)
(131, 183)
(131, 337)
(131, 211)
(131, 212)
(131, 215)
(131, 216)
(131, 143)
(131, 221)
(131, 351)
(131, 360)
(131, 371)
(131, 245)
(131, 377)
(131, 379)
(131, 253)
(132, 385)
(132, 138)
(132, 267)
(132, 140)
(132, 275)
(132, 280)
(132, 196)
(132, 161)
(132, 164)
(132, 174)
(132, 176)
(132, 308)
(132, 182)
(132, 311)
(132, 314)
(132, 319)
(132, 195)
(132, 324)
(132, 198)
(132, 328)
(132, 329)
(132, 333)
(132, 211)
(132, 216)
(132, 348)
(132, 351)
(132, 228)
(132, 229)
(132, 234)
(132, 369)
(132, 371)
(132, 251)
(132, 255)
(133, 141)
(133, 271)
(133, 272)
(133, 276)
(133, 150)
(133, 279)
(133, 153)
(133, 285)
(133, 165)
(133, 295)
(133, 296)
(133, 169)
(133, 175)
(133, 177)
(133, 311)
(133, 313)
(133, 193)
(133, 322)
(133, 323)
(133, 199)
(133, 203)
(133, 206)
(133, 337)
(133, 338)
(133, 339)
(133, 342)
(133, 343)
(133, 344)
(133, 345)
(133, 220)
(133, 144)
(133, 230)
(133, 360)
(133, 210)
(133, 232)
(133, 245)
(133, 377)
(133, 381)
(133, 383)
(134, 388)
(134, 398)
(134, 145)
(134, 146)
(134, 238)
(134, 260)
(134, 163)
(134, 294)
(134, 167)
(134, 297)
(134, 298)
(134, 301)
(134, 142)
(134, 305)
(134, 179)
(134, 181)
(134, 186)
(134, 315)
(134, 316)
(134, 191)
(134, 225)
(134, 331)
(134, 335)
(134, 338)
(134, 340)
(134, 213)
(134, 350)
(134, 353)
(134, 362)
(134, 363)
(134, 237)
(134, 366)
(134, 370)
(134, 373)
(134, 374)
(134, 376)
(134, 382)
(134, 149)
(135, 259)
(135, 389)
(135, 399)
(135, 275)
(135, 148)
(135, 281)
(135, 159)
(135, 290)
(135, 168)
(135, 173)
(135, 303)
(135, 307)
(135, 183)
(135, 313)
(135, 189)
(135, 194)
(135, 197)
(135, 332)
(135, 337)
(135, 212)
(135, 215)
(135, 217)
(135, 143)
(135, 221)
(135, 359)
(135, 377)
(135, 253)
(136, 385)
(136, 390)
(136, 139)
(136, 268)
(136, 280)
(136, 157)
(136, 286)
(136, 166)
(136, 182)
(136, 185)
(136, 314)
(136, 187)
(136, 190)
(136, 195)
(136, 329)
(136, 375)
(136, 208)
(136, 219)
(136, 348)
(136, 349)
(136, 229)
(136, 233)
(136, 239)
(136, 240)
(136, 318)
(136, 247)
(136, 249)
(136, 380)
(137, 384)
(137, 256)
(137, 258)
(137, 388)
(137, 394)
(137, 272)
(137, 276)
(137, 149)
(137, 150)
(137, 155)
(137, 285)
(137, 177)
(137, 296)
(137, 297)
(137, 304)
(137, 305)
(137, 309)
(137, 186)
(137, 191)
(137, 326)
(137, 206)
(137, 207)
(137, 339)
(137, 341)
(137, 342)
(137, 343)
(137, 224)
(137, 356)
(137, 362)
(137, 238)
(137, 374)
(137, 378)
(137, 252)
(138, 140)
(138, 280)
(138, 196)
(138, 161)
(138, 164)
(138, 174)
(138, 176)
(138, 314)
(138, 319)
(138, 324)
(138, 198)
(138, 329)
(138, 333)
(138, 216)
(138, 348)
(138, 228)
(138, 229)
(138, 234)
(138, 369)
(138, 371)
(138, 251)
(139, 385)
(139, 390)
(139, 268)
(139, 287)
(139, 160)
(139, 166)
(139, 182)
(139, 185)
(139, 314)
(139, 187)
(139, 190)
(139, 195)
(139, 324)
(139, 325)
(139, 326)
(139, 328)
(139, 329)
(139, 247)
(139, 205)
(139, 208)
(139, 214)
(139, 219)
(139, 348)
(139, 229)
(139, 239)
(139, 240)
(139, 375)
(139, 380)
(139, 255)
(140, 267)
(140, 143)
(140, 144)
(140, 275)
(140, 280)
(140, 196)
(140, 161)
(140, 164)
(140, 174)
(140, 176)
(140, 308)
(140, 311)
(140, 319)
(140, 324)
(140, 198)
(140, 328)
(140, 329)
(140, 330)
(140, 333)
(140, 211)
(140, 216)
(140, 348)
(140, 221)
(140, 351)
(140, 379)
(140, 228)
(140, 229)
(140, 234)
(140, 369)
(140, 371)
(140, 377)
(140, 251)
(140, 255)
(141, 257)
(141, 393)
(141, 395)
(141, 144)
(141, 148)
(141, 279)
(141, 153)
(141, 175)
(141, 284)
(141, 292)
(141, 173)
(141, 303)
(141, 180)
(141, 313)
(141, 322)
(141, 323)
(141, 197)
(141, 200)
(141, 203)
(141, 332)
(141, 337)
(141, 210)
(141, 344)
(141, 345)
(141, 358)
(141, 360)
(141, 232)
(141, 245)
(141, 377)
(141, 217)
(141, 254)
(142, 386)
(142, 388)
(142, 262)
(142, 398)
(142, 145)
(142, 146)
(142, 238)
(142, 260)
(142, 289)
(142, 163)
(142, 294)
(142, 297)
(142, 298)
(142, 301)
(142, 305)
(142, 179)
(142, 181)
(142, 186)
(142, 315)
(142, 316)
(142, 191)
(142, 225)
(142, 204)
(142, 335)
(142, 213)
(142, 350)
(142, 352)
(142, 353)
(142, 363)
(142, 237)
(142, 366)
(142, 370)
(142, 244)
(142, 373)
(142, 374)
(142, 376)
(142, 382)
(142, 149)
(143, 267)
(143, 399)
(143, 144)
(143, 275)
(143, 148)
(143, 281)
(143, 159)
(143, 161)
(143, 290)
(143, 168)
(143, 173)
(143, 174)
(143, 303)
(143, 176)
(143, 307)
(143, 308)
(143, 311)
(143, 313)
(143, 189)
(143, 319)
(143, 330)
(143, 183)
(143, 337)
(143, 211)
(143, 212)
(143, 215)
(143, 221)
(143, 351)
(143, 377)
(143, 379)
(143, 253)
(144, 267)
(144, 275)
(144, 153)
(144, 281)
(144, 175)
(144, 159)
(144, 161)
(144, 290)
(144, 165)
(144, 169)
(144, 173)
(144, 174)
(144, 303)
(144, 176)
(144, 308)
(144, 311)
(144, 313)
(144, 319)
(144, 203)
(144, 337)
(144, 210)
(144, 211)
(144, 214)
(144, 216)
(144, 345)
(144, 220)
(144, 221)
(144, 351)
(144, 228)
(144, 360)
(144, 234)
(144, 371)
(144, 245)
(144, 377)
(144, 381)
(144, 255)
(145, 384)
(145, 386)
(145, 388)
(145, 146)
(145, 238)
(145, 163)
(145, 294)
(145, 297)
(145, 298)
(145, 301)
(145, 305)
(145, 181)
(145, 186)
(145, 315)
(145, 316)
(145, 191)
(145, 224)
(145, 225)
(145, 334)
(145, 335)
(145, 340)
(145, 213)
(145, 350)
(145, 352)
(145, 353)
(145, 356)
(145, 362)
(145, 366)
(145, 370)
(145, 244)
(145, 373)
(145, 374)
(145, 376)
(145, 382)
(145, 149)
(146, 388)
(146, 262)
(146, 398)
(146, 271)
(146, 273)
(146, 149)
(146, 260)
(146, 163)
(146, 167)
(146, 296)
(146, 298)
(146, 299)
(146, 301)
(146, 305)
(146, 310)
(146, 184)
(146, 315)
(146, 316)
(146, 191)
(146, 321)
(146, 331)
(146, 204)
(146, 338)
(146, 340)
(146, 225)
(146, 357)
(146, 362)
(146, 363)
(146, 237)
(146, 238)
(146, 370)
(146, 373)
(146, 376)
(147, 390)
(147, 265)
(147, 266)
(147, 268)
(147, 397)
(147, 270)
(147, 152)
(147, 286)
(147, 347)
(147, 306)
(147, 178)
(147, 312)
(147, 318)
(147, 269)
(147, 209)
(147, 227)
(147, 219)
(147, 222)
(147, 354)
(147, 355)
(147, 233)
(147, 250)
(147, 380)
(148, 389)
(148, 393)
(148, 395)
(148, 281)
(148, 175)
(148, 284)
(148, 159)
(148, 290)
(148, 292)
(148, 168)
(148, 173)
(148, 303)
(148, 180)
(148, 183)
(148, 313)
(148, 194)
(148, 197)
(148, 200)
(148, 332)
(148, 337)
(148, 215)
(148, 344)
(148, 217)
(148, 221)
(148, 358)
(148, 359)
(148, 245)
(148, 377)
(148, 253)
(149, 388)
(149, 394)
(149, 271)
(149, 276)
(149, 150)
(149, 291)
(149, 167)
(149, 296)
(149, 297)
(149, 301)
(149, 305)
(149, 186)
(149, 315)
(149, 316)
(149, 191)
(149, 322)
(149, 199)
(149, 331)
(149, 206)
(149, 338)
(149, 339)
(149, 340)
(149, 343)
(149, 224)
(149, 356)
(149, 230)
(149, 232)
(149, 362)
(149, 238)
(149, 370)
(149, 374)
(149, 383)
(150, 394)
(150, 271)
(150, 272)
(150, 276)
(150, 279)
(150, 153)
(150, 291)
(150, 295)
(150, 296)
(150, 203)
(150, 177)
(150, 191)
(150, 193)
(150, 322)
(150, 323)
(150, 199)
(150, 331)
(150, 206)
(150, 338)
(150, 339)
(150, 340)
(150, 342)
(150, 343)
(150, 345)
(150, 230)
(150, 232)
(150, 362)
(150, 210)
(150, 238)
(150, 378)
(150, 252)
(150, 383)
(151, 387)
(151, 392)
(151, 266)
(151, 154)
(151, 155)
(151, 170)
(151, 264)
(151, 178)
(151, 188)
(151, 320)
(151, 327)
(151, 209)
(151, 346)
(151, 226)
(151, 355)
(151, 231)
(151, 361)
(151, 364)
(151, 365)
(151, 367)
(151, 368)
(151, 248)
(152, 390)
(152, 265)
(152, 266)
(152, 268)
(152, 397)
(152, 270)
(152, 286)
(152, 347)
(152, 178)
(152, 306)
(152, 312)
(152, 318)
(152, 269)
(152, 209)
(152, 227)
(152, 219)
(152, 222)
(152, 354)
(152, 355)
(152, 233)
(152, 367)
(152, 250)
(152, 380)
(153, 342)
(153, 267)
(153, 272)
(153, 279)
(153, 175)
(153, 165)
(153, 295)
(153, 169)
(153, 173)
(153, 303)
(153, 177)
(153, 308)
(153, 311)
(153, 313)
(153, 193)
(153, 322)
(153, 323)
(153, 203)
(153, 337)
(153, 210)
(153, 339)
(153, 214)
(153, 344)
(153, 345)
(153, 220)
(153, 360)
(153, 232)
(153, 245)
(153, 377)
(153, 381)
(154, 392)
(154, 274)
(154, 282)
(154, 170)
(154, 172)
(154, 264)
(154, 188)
(154, 317)
(154, 320)
(154, 327)
(154, 336)
(154, 346)
(154, 223)
(154, 226)
(154, 231)
(154, 361)
(154, 241)
(154, 242)
(154, 372)
(154, 248)
(155, 384)
(155, 256)
(155, 387)
(155, 264)
(155, 297)
(155, 170)
(155, 304)
(155, 309)
(155, 186)
(155, 188)
(155, 320)
(155, 327)
(155, 334)
(155, 209)
(155, 341)
(155, 224)
(155, 226)
(155, 356)
(155, 361)
(155, 364)
(155, 365)
(155, 368)
(155, 374)
(155, 248)
(155, 213)
(156, 261)
(156, 263)
(156, 396)
(156, 273)
(156, 277)
(156, 278)
(156, 283)
(156, 293)
(156, 167)
(156, 171)
(156, 300)
(156, 302)
(156, 310)
(156, 184)
(156, 321)
(156, 201)
(156, 202)
(156, 218)
(156, 235)
(156, 236)
(156, 243)
(156, 246)
(157, 390)
(157, 391)
(157, 286)
(157, 166)
(157, 318)
(157, 208)
(157, 219)
(157, 349)
(157, 233)
(157, 239)
(157, 375)
(157, 249)
(157, 250)
(157, 380)
(158, 386)
(158, 288)
(158, 289)
(158, 294)
(158, 179)
(158, 181)
(158, 317)
(158, 225)
(158, 334)
(158, 335)
(158, 336)
(158, 213)
(158, 350)
(158, 352)
(158, 353)
(158, 366)
(158, 242)
(158, 244)
(158, 382)
(159, 389)
(159, 267)
(159, 399)
(159, 275)
(159, 281)
(159, 175)
(159, 161)
(159, 290)
(159, 168)
(159, 173)
(159, 303)
(159, 307)
(159, 308)
(159, 183)
(159, 313)
(159, 189)
(159, 194)
(159, 197)
(159, 330)
(159, 332)
(159, 337)
(159, 211)
(159, 212)
(159, 215)
(159, 217)
(159, 221)
(159, 359)
(159, 377)
(159, 379)
(159, 253)
(160, 256)
(160, 385)
(160, 258)
(160, 268)
(160, 285)
(160, 287)
(160, 295)
(160, 169)
(160, 177)
(160, 309)
(160, 182)
(160, 187)
(160, 190)
(160, 195)
(160, 325)
(160, 326)
(160, 328)
(160, 329)
(160, 375)
(160, 205)
(160, 207)
(160, 341)
(160, 214)
(160, 229)
(160, 364)
(160, 240)
(160, 247)
(160, 378)
(160, 252)
(160, 255)
(161, 267)
(161, 399)
(161, 275)
(161, 281)
(161, 290)
(161, 173)
(161, 174)
(161, 176)
(161, 308)
(161, 183)
(161, 189)
(161, 319)
(161, 196)
(161, 330)
(161, 311)
(161, 211)
(161, 216)
(161, 221)
(161, 351)
(161, 228)
(161, 234)
(161, 371)
(161, 377)
(161, 379)
(161, 253)
(162, 257)
(162, 261)
(162, 393)
(162, 396)
(162, 284)
(162, 291)
(162, 171)
(162, 300)
(162, 302)
(162, 180)
(162, 218)
(162, 358)
(162, 236)
(162, 254)
(163, 260)
(163, 262)
(163, 398)
(163, 273)
(163, 167)
(163, 298)
(163, 299)
(163, 301)
(163, 179)
(163, 184)
(163, 315)
(163, 316)
(163, 192)
(163, 225)
(163, 204)
(163, 335)
(163, 350)
(163, 353)
(163, 357)
(163, 363)
(163, 237)
(163, 366)
(163, 370)
(163, 373)
(163, 376)
(164, 280)
(164, 196)
(164, 174)
(164, 182)
(164, 185)
(164, 314)
(164, 324)
(164, 198)
(164, 328)
(164, 329)
(164, 333)
(164, 208)
(164, 216)
(164, 348)
(164, 228)
(164, 229)
(164, 234)
(164, 369)
(164, 371)
(164, 251)
(165, 385)
(165, 214)
(165, 267)
(165, 272)
(165, 195)
(165, 276)
(165, 279)
(165, 285)
(165, 295)
(165, 169)
(165, 176)
(165, 177)
(165, 308)
(165, 182)
(165, 311)
(165, 319)
(165, 193)
(165, 323)
(165, 324)
(165, 328)
(165, 203)
(165, 205)
(165, 206)
(165, 207)
(165, 339)
(165, 342)
(165, 216)
(165, 220)
(165, 351)
(165, 228)
(165, 229)
(165, 360)
(165, 234)
(165, 240)
(165, 232)
(165, 371)
(165, 245)
(165, 377)
(165, 252)
(165, 381)
(165, 255)
(166, 385)
(166, 390)
(166, 391)
(166, 265)
(166, 268)
(166, 397)
(166, 270)
(166, 286)
(166, 219)
(166, 306)
(166, 185)
(166, 314)
(166, 187)
(166, 318)
(166, 329)
(166, 375)
(166, 208)
(166, 347)
(166, 349)
(166, 222)
(166, 233)
(166, 239)
(166, 190)
(166, 247)
(166, 249)
(166, 250)
(166, 380)
(167, 171)
(167, 260)
(167, 396)
(167, 398)
(167, 271)
(167, 273)
(167, 291)
(167, 293)
(167, 299)
(167, 301)
(167, 302)
(167, 310)
(167, 184)
(167, 315)
(167, 192)
(167, 321)
(167, 202)
(167, 331)
(167, 204)
(167, 338)
(167, 340)
(167, 218)
(167, 357)
(167, 235)
(167, 236)
(167, 237)
(167, 370)
(167, 376)
(167, 383)
(168, 389)
(168, 395)
(168, 399)
(168, 275)
(168, 281)
(168, 175)
(168, 290)
(168, 173)
(168, 303)
(168, 307)
(168, 183)
(168, 313)
(168, 189)
(168, 194)
(168, 197)
(168, 332)
(168, 337)
(168, 212)
(168, 215)
(168, 217)
(168, 221)
(168, 359)
(168, 377)
(168, 253)
(169, 385)
(169, 258)
(169, 214)
(169, 267)
(169, 272)
(169, 276)
(169, 279)
(169, 285)
(169, 295)
(169, 177)
(169, 182)
(169, 311)
(169, 193)
(169, 195)
(169, 324)
(169, 328)
(169, 203)
(169, 205)
(169, 206)
(169, 207)
(169, 339)
(169, 342)
(169, 216)
(169, 220)
(169, 228)
(169, 229)
(169, 360)
(169, 234)
(169, 240)
(169, 371)
(169, 252)
(169, 381)
(169, 255)
(170, 387)
(170, 392)
(170, 266)
(170, 264)
(170, 178)
(170, 188)
(170, 320)
(170, 327)
(170, 209)
(170, 346)
(170, 226)
(170, 355)
(170, 361)
(170, 364)
(170, 365)
(170, 367)
(170, 368)
(170, 248)
(171, 257)
(171, 261)
(171, 396)
(171, 271)
(171, 273)
(171, 291)
(171, 300)
(171, 302)
(171, 310)
(171, 321)
(171, 322)
(171, 199)
(171, 202)
(171, 331)
(171, 218)
(171, 236)
(171, 243)
(171, 246)
(171, 254)
(171, 383)
(172, 392)
(172, 274)
(172, 282)
(172, 288)
(172, 264)
(172, 188)
(172, 317)
(172, 336)
(172, 346)
(172, 223)
(172, 231)
(172, 361)
(172, 241)
(172, 242)
(172, 372)
(173, 389)
(173, 393)
(173, 395)
(173, 275)
(173, 217)
(173, 281)
(173, 175)
(173, 267)
(173, 290)
(173, 180)
(173, 292)
(173, 303)
(173, 176)
(173, 308)
(173, 311)
(173, 313)
(173, 319)
(173, 194)
(173, 323)
(173, 197)
(173, 200)
(173, 203)
(173, 332)
(173, 337)
(173, 210)
(173, 211)
(173, 215)
(173, 344)
(173, 345)
(173, 220)
(173, 221)
(173, 351)
(173, 360)
(173, 183)
(173, 245)
(173, 377)
(173, 253)
(174, 267)
(174, 275)
(174, 280)
(174, 196)
(174, 176)
(174, 308)
(174, 182)
(174, 311)
(174, 319)
(174, 324)
(174, 198)
(174, 328)
(174, 329)
(174, 330)
(174, 333)
(174, 211)
(174, 216)
(174, 348)
(174, 351)
(174, 379)
(174, 228)
(174, 229)
(174, 234)
(174, 369)
(174, 371)
(174, 251)
(174, 255)
(175, 257)
(175, 389)
(175, 393)
(175, 395)
(175, 217)
(175, 284)
(175, 267)
(175, 290)
(175, 292)
(175, 303)
(175, 180)
(175, 313)
(175, 323)
(175, 197)
(175, 200)
(175, 203)
(175, 332)
(175, 337)
(175, 210)
(175, 215)
(175, 344)
(175, 345)
(175, 221)
(175, 358)
(175, 360)
(175, 245)
(175, 377)
(175, 254)
(176, 267)
(176, 275)
(176, 280)
(176, 196)
(176, 290)
(176, 308)
(176, 311)
(176, 319)
(176, 324)
(176, 198)
(176, 328)
(176, 330)
(176, 211)
(176, 214)
(176, 216)
(176, 220)
(176, 221)
(176, 351)
(176, 379)
(176, 228)
(176, 229)
(176, 360)
(176, 234)
(176, 369)
(176, 371)
(176, 377)
(176, 251)
(176, 381)
(176, 255)
(177, 258)
(177, 214)
(177, 394)
(177, 272)
(177, 195)
(177, 276)
(177, 279)
(177, 285)
(177, 295)
(177, 311)
(177, 193)
(177, 323)
(177, 326)
(177, 328)
(177, 203)
(177, 205)
(177, 206)
(177, 207)
(177, 339)
(177, 342)
(177, 343)
(177, 220)
(177, 360)
(177, 240)
(177, 232)
(177, 378)
(177, 252)
(177, 381)
(177, 255)
(178, 266)
(178, 269)
(178, 312)
(178, 327)
(178, 226)
(178, 209)
(178, 227)
(178, 354)
(178, 355)
(178, 365)
(178, 367)
(178, 368)
(178, 248)
(179, 386)
(179, 289)
(179, 294)
(179, 298)
(179, 301)
(179, 181)
(179, 316)
(179, 225)
(179, 335)
(179, 350)
(179, 352)
(179, 353)
(179, 363)
(179, 366)
(179, 244)
(179, 373)
(179, 376)
(179, 382)
(180, 257)
(180, 393)
(180, 395)
(180, 284)
(180, 292)
(180, 303)
(180, 313)
(180, 323)
(180, 197)
(180, 200)
(180, 332)
(180, 337)
(180, 210)
(180, 344)
(180, 345)
(180, 358)
(180, 245)
(180, 217)
(180, 254)
(181, 386)
(181, 387)
(181, 388)
(181, 288)
(181, 289)
(181, 294)
(181, 297)
(181, 305)
(181, 186)
(181, 315)
(181, 316)
(181, 317)
(181, 320)
(181, 225)
(181, 334)
(181, 335)
(181, 336)
(181, 213)
(181, 350)
(181, 352)
(181, 353)
(181, 188)
(181, 366)
(181, 242)
(181, 244)
(181, 373)
(181, 374)
(181, 382)
(182, 385)
(182, 268)
(182, 280)
(182, 196)
(182, 285)
(182, 287)
(182, 185)
(182, 314)
(182, 187)
(182, 190)
(182, 195)
(182, 324)
(182, 325)
(182, 198)
(182, 328)
(182, 329)
(182, 375)
(182, 333)
(182, 205)
(182, 208)
(182, 214)
(182, 216)
(182, 348)
(182, 228)
(182, 229)
(182, 234)
(182, 240)
(182, 369)
(182, 371)
(182, 247)
(182, 251)
(182, 381)
(182, 255)
(183, 259)
(183, 389)
(183, 275)
(183, 281)
(183, 290)
(183, 303)
(183, 307)
(183, 313)
(183, 189)
(183, 194)
(183, 197)
(183, 330)
(183, 211)
(183, 212)
(183, 215)
(183, 399)
(183, 221)
(183, 359)
(183, 379)
(183, 253)
(184, 235)
(184, 260)
(184, 262)
(184, 263)
(184, 396)
(184, 398)
(184, 273)
(184, 278)
(184, 283)
(184, 293)
(184, 298)
(184, 299)
(184, 301)
(184, 310)
(184, 192)
(184, 321)
(184, 201)
(184, 202)
(184, 204)
(184, 357)
(184, 363)
(184, 237)
(184, 370)
(184, 373)
(184, 246)
(184, 376)
(185, 385)
(185, 390)
(185, 280)
(185, 286)
(185, 314)
(185, 187)
(185, 190)
(185, 195)
(185, 324)
(185, 198)
(185, 329)
(185, 375)
(185, 333)
(185, 208)
(185, 219)
(185, 348)
(185, 349)
(185, 229)
(185, 233)
(185, 239)
(185, 369)
(185, 247)
(185, 249)
(185, 251)
(185, 380)
(186, 384)
(186, 386)
(186, 387)
(186, 388)
(186, 394)
(186, 366)
(186, 294)
(186, 297)
(186, 304)
(186, 305)
(186, 315)
(186, 316)
(186, 191)
(186, 334)
(186, 335)
(186, 340)
(186, 213)
(186, 224)
(186, 225)
(186, 356)
(186, 362)
(186, 238)
(186, 244)
(186, 373)
(186, 374)
(186, 382)
(187, 385)
(187, 390)
(187, 268)
(187, 286)
(187, 287)
(187, 314)
(187, 318)
(187, 195)
(187, 325)
(187, 329)
(187, 375)
(187, 205)
(187, 208)
(187, 219)
(187, 348)
(187, 349)
(187, 229)
(187, 233)
(187, 239)
(187, 240)
(187, 190)
(187, 247)
(187, 249)
(187, 380)
(188, 386)
(188, 387)
(188, 392)
(188, 294)
(188, 264)
(188, 317)
(188, 320)
(188, 327)
(188, 334)
(188, 336)
(188, 213)
(188, 346)
(188, 223)
(188, 226)
(188, 231)
(188, 361)
(188, 241)
(188, 242)
(188, 244)
(188, 248)
(188, 382)
(189, 259)
(189, 399)
(189, 275)
(189, 281)
(189, 290)
(189, 307)
(189, 330)
(189, 211)
(189, 212)
(189, 215)
(189, 221)
(189, 379)
(189, 253)
(190, 385)
(190, 390)
(190, 268)
(190, 397)
(190, 286)
(190, 287)
(190, 219)
(190, 314)
(190, 318)
(190, 195)
(190, 325)
(190, 328)
(190, 329)
(190, 375)
(190, 205)
(190, 208)
(190, 347)
(190, 348)
(190, 349)
(190, 222)
(190, 229)
(190, 233)
(190, 239)
(190, 240)
(190, 247)
(190, 380)
(191, 384)
(191, 388)
(191, 394)
(191, 271)
(191, 276)
(191, 296)
(191, 297)
(191, 305)
(191, 315)
(191, 316)
(191, 199)
(191, 331)
(191, 206)
(191, 338)
(191, 339)
(191, 340)
(191, 343)
(191, 224)
(191, 356)
(191, 230)
(191, 362)
(191, 238)
(191, 374)
(191, 383)
(192, 235)
(192, 260)
(192, 262)
(192, 263)
(192, 398)
(192, 273)
(192, 278)
(192, 283)
(192, 293)
(192, 298)
(192, 299)
(192, 301)
(192, 310)
(192, 321)
(192, 201)
(192, 202)
(192, 204)
(192, 357)
(192, 363)
(192, 237)
(192, 370)
(192, 246)
(192, 376)
(193, 258)
(193, 342)
(193, 394)
(193, 272)
(193, 195)
(193, 276)
(193, 279)
(193, 285)
(193, 295)
(193, 311)
(193, 323)
(193, 203)
(193, 205)
(193, 206)
(193, 207)
(193, 210)
(193, 339)
(193, 214)
(193, 343)
(193, 220)
(193, 360)
(193, 240)
(193, 232)
(193, 245)
(193, 378)
(193, 252)
(193, 381)
(193, 255)
(194, 389)
(194, 395)
(194, 281)
(194, 284)
(194, 290)
(194, 292)
(194, 303)
(194, 307)
(194, 313)
(194, 197)
(194, 200)
(194, 332)
(194, 212)
(194, 215)
(194, 217)
(194, 359)
(194, 253)
(195, 385)
(195, 268)
(195, 280)
(195, 285)
(195, 287)
(195, 295)
(195, 220)
(195, 311)
(195, 314)
(195, 324)
(195, 325)
(195, 198)
(195, 328)
(195, 329)
(195, 375)
(195, 205)
(195, 207)
(195, 214)
(195, 216)
(195, 348)
(195, 228)
(195, 229)
(195, 234)
(195, 240)
(195, 369)
(195, 371)
(195, 247)
(195, 381)
(195, 255)
(196, 275)
(196, 280)
(196, 308)
(196, 319)
(196, 324)
(196, 198)
(196, 328)
(196, 329)
(196, 333)
(196, 211)
(196, 216)
(196, 348)
(196, 351)
(196, 228)
(196, 229)
(196, 234)
(196, 369)
(196, 371)
(196, 251)
(196, 255)
(197, 389)
(197, 393)
(197, 395)
(197, 284)
(197, 292)
(197, 303)
(197, 313)
(197, 200)
(197, 332)
(197, 337)
(197, 215)
(197, 217)
(197, 358)
(197, 359)
(197, 253)
(198, 385)
(198, 280)
(198, 314)
(198, 319)
(198, 324)
(198, 328)
(198, 329)
(198, 333)
(198, 205)
(198, 208)
(198, 216)
(198, 348)
(198, 351)
(198, 228)
(198, 229)
(198, 234)
(198, 369)
(198, 371)
(198, 251)
(198, 255)
(199, 257)
(199, 271)
(199, 272)
(199, 276)
(199, 279)
(199, 291)
(199, 296)
(199, 302)
(199, 203)
(199, 322)
(199, 323)
(199, 331)
(199, 338)
(199, 339)
(199, 340)
(199, 342)
(199, 343)
(199, 344)
(199, 345)
(199, 230)
(199, 232)
(199, 362)
(199, 210)
(199, 254)
(199, 383)
(200, 257)
(200, 389)
(200, 393)
(200, 395)
(200, 284)
(200, 292)
(200, 303)
(200, 313)
(200, 323)
(200, 203)
(200, 332)
(200, 337)
(200, 210)
(200, 344)
(200, 345)
(200, 358)
(200, 245)
(200, 217)
(200, 254)
(201, 263)
(201, 273)
(201, 277)
(201, 278)
(201, 283)
(201, 293)
(201, 299)
(201, 310)
(201, 202)
(201, 204)
(201, 357)
(201, 235)
(201, 236)
(201, 243)
(201, 246)
(202, 263)
(202, 396)
(202, 273)
(202, 277)
(202, 278)
(202, 283)
(202, 293)
(202, 299)
(202, 300)
(202, 310)
(202, 321)
(202, 204)
(202, 218)
(202, 357)
(202, 235)
(202, 236)
(202, 243)
(202, 246)
(203, 257)
(203, 393)
(203, 271)
(203, 272)
(203, 276)
(203, 279)
(203, 295)
(203, 296)
(203, 311)
(203, 313)
(203, 322)
(203, 323)
(203, 206)
(203, 337)
(203, 210)
(203, 339)
(203, 342)
(203, 343)
(203, 344)
(203, 345)
(203, 220)
(203, 230)
(203, 360)
(203, 232)
(203, 245)
(203, 377)
(203, 381)
(203, 383)
(204, 235)
(204, 260)
(204, 262)
(204, 263)
(204, 398)
(204, 273)
(204, 278)
(204, 283)
(204, 293)
(204, 298)
(204, 299)
(204, 301)
(204, 310)
(204, 321)
(204, 357)
(204, 363)
(204, 237)
(204, 370)
(204, 373)
(204, 376)
(205, 385)
(205, 258)
(205, 268)
(205, 285)
(205, 287)
(205, 295)
(205, 220)
(205, 311)
(205, 324)
(205, 325)
(205, 326)
(205, 328)
(205, 329)
(205, 375)
(205, 207)
(205, 214)
(205, 216)
(205, 348)
(205, 228)
(205, 229)
(205, 234)
(205, 240)
(205, 371)
(205, 247)
(205, 381)
(205, 255)
(206, 384)
(206, 258)
(206, 388)
(206, 394)
(206, 272)
(206, 276)
(206, 279)
(206, 285)
(206, 295)
(206, 296)
(206, 304)
(206, 305)
(206, 207)
(206, 338)
(206, 339)
(206, 342)
(206, 343)
(206, 224)
(206, 356)
(206, 230)
(206, 232)
(206, 362)
(206, 238)
(206, 378)
(206, 252)
(206, 381)
(207, 384)
(207, 256)
(207, 258)
(207, 214)
(207, 394)
(207, 272)
(207, 276)
(207, 285)
(207, 287)
(207, 295)
(207, 304)
(207, 309)
(207, 325)
(207, 326)
(207, 339)
(207, 341)
(207, 342)
(207, 224)
(207, 356)
(207, 364)
(207, 240)
(207, 378)
(207, 252)
(207, 381)
(208, 385)
(208, 390)
(208, 280)
(208, 286)
(208, 314)
(208, 329)
(208, 375)
(208, 333)
(208, 219)
(208, 348)
(208, 349)
(208, 229)
(208, 233)
(208, 239)
(208, 369)
(208, 247)
(208, 249)
(208, 251)
(208, 380)
(209, 256)
(209, 266)
(209, 397)
(209, 270)
(209, 287)
(209, 309)
(209, 312)
(209, 326)
(209, 327)
(209, 226)
(209, 269)
(209, 227)
(209, 341)
(209, 222)
(209, 354)
(209, 355)
(209, 364)
(209, 365)
(209, 367)
(209, 368)
(209, 248)
(210, 257)
(210, 393)
(210, 395)
(210, 272)
(210, 279)
(210, 284)
(210, 267)
(210, 292)
(210, 303)
(210, 313)
(210, 322)
(210, 323)
(210, 332)
(210, 337)
(210, 339)
(210, 342)
(210, 344)
(210, 345)
(210, 220)
(210, 358)
(210, 360)
(210, 232)
(210, 245)
(210, 377)
(210, 254)
(210, 383)
(211, 267)
(211, 399)
(211, 275)
(211, 281)
(211, 290)
(211, 308)
(211, 311)
(211, 319)
(211, 330)
(211, 216)
(211, 221)
(211, 351)
(211, 228)
(211, 234)
(211, 371)
(211, 377)
(211, 379)
(211, 253)
(212, 259)
(212, 389)
(212, 275)
(212, 281)
(212, 290)
(212, 307)
(212, 330)
(212, 215)
(212, 399)
(212, 221)
(212, 359)
(212, 379)
(212, 253)
(213, 386)
(213, 387)
(213, 388)
(213, 288)
(213, 289)
(213, 294)
(213, 297)
(213, 305)
(213, 315)
(213, 316)
(213, 317)
(213, 320)
(213, 224)
(213, 225)
(213, 334)
(213, 335)
(213, 336)
(213, 350)
(213, 352)
(213, 353)
(213, 366)
(213, 242)
(213, 244)
(213, 374)
(213, 382)
(214, 385)
(214, 267)
(214, 272)
(214, 285)
(214, 295)
(214, 308)
(214, 311)
(214, 319)
(214, 324)
(214, 328)
(214, 329)
(214, 342)
(214, 216)
(214, 220)
(214, 351)
(214, 228)
(214, 229)
(214, 360)
(214, 234)
(214, 240)
(214, 371)
(214, 252)
(214, 381)
(214, 255)
(215, 389)
(215, 275)
(215, 281)
(215, 290)
(215, 303)
(215, 307)
(215, 313)
(215, 332)
(215, 337)
(215, 217)
(215, 399)
(215, 221)
(215, 359)
(215, 377)
(215, 253)
(216, 385)
(216, 267)
(216, 275)
(216, 280)
(216, 220)
(216, 308)
(216, 311)
(216, 319)
(216, 324)
(216, 328)
(216, 329)
(216, 333)
(216, 348)
(216, 351)
(216, 228)
(216, 229)
(216, 360)
(216, 234)
(216, 369)
(216, 371)
(216, 377)
(216, 251)
(216, 381)
(216, 255)
(217, 389)
(217, 393)
(217, 395)
(217, 284)
(217, 292)
(217, 303)
(217, 313)
(217, 332)
(217, 337)
(217, 344)
(217, 358)
(217, 359)
(218, 261)
(218, 396)
(218, 271)
(218, 273)
(218, 283)
(218, 291)
(218, 293)
(218, 300)
(218, 302)
(218, 310)
(218, 321)
(218, 235)
(218, 236)
(218, 243)
(218, 246)
(218, 254)
(219, 385)
(219, 390)
(219, 265)
(219, 268)
(219, 397)
(219, 270)
(219, 286)
(219, 287)
(219, 306)
(219, 314)
(219, 318)
(219, 325)
(219, 375)
(219, 347)
(219, 349)
(219, 222)
(219, 233)
(219, 239)
(219, 247)
(219, 249)
(219, 250)
(219, 380)
(220, 267)
(220, 272)
(220, 279)
(220, 285)
(220, 295)
(220, 308)
(220, 311)
(220, 313)
(220, 319)
(220, 323)
(220, 324)
(220, 328)
(220, 337)
(220, 339)
(220, 342)
(220, 345)
(220, 351)
(220, 228)
(220, 229)
(220, 360)
(220, 234)
(220, 232)
(220, 371)
(220, 245)
(220, 377)
(220, 381)
(220, 255)
(221, 389)
(221, 267)
(221, 399)
(221, 275)
(221, 281)
(221, 290)
(221, 303)
(221, 307)
(221, 308)
(221, 311)
(221, 313)
(221, 319)
(221, 330)
(221, 337)
(221, 351)
(221, 360)
(221, 245)
(221, 377)
(221, 379)
(221, 253)
(222, 390)
(222, 265)
(222, 266)
(222, 268)
(222, 397)
(222, 270)
(222, 286)
(222, 287)
(222, 306)
(222, 312)
(222, 318)
(222, 325)
(222, 269)
(222, 227)
(222, 347)
(222, 349)
(222, 354)
(222, 355)
(222, 233)
(222, 247)
(222, 250)
(222, 380)
(223, 392)
(223, 274)
(223, 282)
(223, 288)
(223, 264)
(223, 317)
(223, 320)
(223, 336)
(223, 231)
(223, 361)
(223, 241)
(223, 242)
(223, 372)
(224, 384)
(224, 258)
(224, 387)
(224, 388)
(224, 394)
(224, 276)
(224, 297)
(224, 304)
(224, 305)
(224, 334)
(224, 356)
(224, 362)
(224, 238)
(224, 374)
(224, 378)
(224, 252)
(224, 382)
(225, 386)
(225, 388)
(225, 262)
(225, 398)
(225, 238)
(225, 260)
(225, 289)
(225, 294)
(225, 297)
(225, 298)
(225, 301)
(225, 305)
(225, 315)
(225, 316)
(225, 335)
(225, 350)
(225, 352)
(225, 353)
(225, 363)
(225, 237)
(225, 366)
(225, 370)
(225, 244)
(225, 373)
(225, 374)
(225, 376)
(225, 382)
(226, 387)
(226, 392)
(226, 266)
(226, 264)
(226, 320)
(226, 327)
(226, 346)
(226, 231)
(226, 361)
(226, 365)
(226, 367)
(226, 248)
(227, 256)
(227, 265)
(227, 266)
(227, 268)
(227, 397)
(227, 270)
(227, 287)
(227, 306)
(227, 309)
(227, 312)
(227, 269)
(227, 341)
(227, 347)
(227, 354)
(227, 355)
(227, 364)
(227, 365)
(227, 367)
(227, 368)
(227, 380)
(228, 385)
(228, 267)
(228, 280)
(228, 308)
(228, 311)
(228, 314)
(228, 319)
(228, 324)
(228, 328)
(228, 329)
(228, 333)
(228, 348)
(228, 351)
(228, 229)
(228, 234)
(228, 240)
(228, 369)
(228, 371)
(228, 251)
(228, 381)
(228, 255)
(229, 385)
(229, 280)
(229, 285)
(229, 311)
(229, 314)
(229, 319)
(229, 324)
(229, 328)
(229, 329)
(229, 375)
(229, 333)
(229, 348)
(229, 351)
(229, 234)
(229, 240)
(229, 369)
(229, 371)
(229, 247)
(229, 251)
(229, 381)
(229, 255)
(230, 394)
(230, 271)
(230, 272)
(230, 276)
(230, 279)
(230, 291)
(230, 296)
(230, 322)
(230, 323)
(230, 331)
(230, 338)
(230, 339)
(230, 340)
(230, 342)
(230, 343)
(230, 345)
(230, 232)
(230, 362)
(230, 238)
(230, 383)
(231, 392)
(231, 274)
(231, 282)
(231, 288)
(231, 264)
(231, 317)
(231, 320)
(231, 334)
(231, 336)
(231, 346)
(231, 361)
(231, 241)
(231, 242)
(231, 372)
(232, 257)
(232, 394)
(232, 271)
(232, 272)
(232, 276)
(232, 279)
(232, 291)
(232, 295)
(232, 296)
(232, 322)
(232, 323)
(232, 331)
(232, 338)
(232, 339)
(232, 340)
(232, 342)
(232, 343)
(232, 344)
(232, 345)
(232, 360)
(232, 362)
(232, 245)
(232, 381)
(232, 383)
(233, 391)
(233, 265)
(233, 397)
(233, 270)
(233, 286)
(233, 390)
(233, 306)
(233, 318)
(233, 268)
(233, 375)
(233, 269)
(233, 347)
(233, 349)
(233, 239)
(233, 247)
(233, 249)
(233, 250)
(233, 380)
(234, 385)
(234, 267)
(234, 280)
(234, 308)
(234, 311)
(234, 319)
(234, 324)
(234, 328)
(234, 329)
(234, 333)
(234, 348)
(234, 351)
(234, 369)
(234, 371)
(234, 251)
(234, 381)
(234, 255)
(235, 260)
(235, 263)
(235, 396)
(235, 398)
(235, 273)
(235, 277)
(235, 278)
(235, 283)
(235, 293)
(235, 299)
(235, 310)
(235, 321)
(235, 357)
(235, 236)
(235, 243)
(235, 246)
(236, 261)
(236, 263)
(236, 396)
(236, 273)
(236, 302)
(236, 278)
(236, 283)
(236, 293)
(236, 300)
(236, 310)
(236, 321)
(236, 243)
(236, 246)
(236, 277)
(237, 260)
(237, 262)
(237, 398)
(237, 273)
(237, 298)
(237, 299)
(237, 301)
(237, 310)
(237, 315)
(237, 316)
(237, 321)
(237, 331)
(237, 335)
(237, 340)
(237, 353)
(237, 357)
(237, 363)
(237, 370)
(237, 373)
(237, 376)
(238, 384)
(238, 388)
(238, 394)
(238, 276)
(238, 296)
(238, 297)
(238, 301)
(238, 305)
(238, 315)
(238, 316)
(238, 331)
(238, 338)
(238, 340)
(238, 343)
(238, 356)
(238, 362)
(238, 373)
(238, 374)
(238, 382)
(239, 391)
(239, 286)
(239, 390)
(239, 314)
(239, 318)
(239, 375)
(239, 348)
(239, 349)
(239, 247)
(239, 249)
(239, 380)
(240, 385)
(240, 258)
(240, 268)
(240, 285)
(240, 287)
(240, 295)
(240, 309)
(240, 324)
(240, 325)
(240, 326)
(240, 328)
(240, 329)
(240, 375)
(240, 247)
(240, 252)
(240, 381)
(240, 255)
(241, 386)
(241, 392)
(241, 274)
(241, 282)
(241, 288)
(241, 264)
(241, 317)
(241, 320)
(241, 334)
(241, 336)
(241, 346)
(241, 361)
(241, 242)
(241, 372)
(242, 386)
(242, 264)
(242, 282)
(242, 288)
(242, 289)
(242, 294)
(242, 244)
(242, 317)
(242, 320)
(242, 334)
(242, 336)
(242, 352)
(242, 274)
(242, 372)
(242, 382)
(243, 261)
(243, 263)
(243, 396)
(243, 302)
(243, 283)
(243, 293)
(243, 300)
(243, 310)
(243, 246)
(243, 277)
(244, 386)
(244, 288)
(244, 289)
(244, 294)
(244, 320)
(244, 334)
(244, 335)
(244, 336)
(244, 350)
(244, 352)
(244, 353)
(244, 366)
(244, 317)
(244, 374)
(244, 382)
(245, 257)
(245, 393)
(245, 395)
(245, 272)
(245, 279)
(245, 284)
(245, 267)
(245, 290)
(245, 292)
(245, 303)
(245, 308)
(245, 311)
(245, 313)
(245, 323)
(245, 332)
(245, 337)
(245, 342)
(245, 344)
(245, 345)
(245, 360)
(245, 377)
(245, 381)
(246, 299)
(246, 261)
(246, 396)
(246, 273)
(246, 277)
(246, 278)
(246, 283)
(246, 293)
(246, 263)
(246, 300)
(246, 310)
(246, 321)
(246, 357)
(247, 385)
(247, 397)
(247, 270)
(247, 286)
(247, 287)
(247, 390)
(247, 306)
(247, 314)
(247, 318)
(247, 325)
(247, 326)
(247, 329)
(247, 347)
(247, 349)
(247, 268)
(247, 375)
(247, 380)
(248, 387)
(248, 392)
(248, 266)
(248, 264)
(248, 327)
(248, 346)
(248, 354)
(248, 355)
(248, 361)
(248, 364)
(248, 365)
(248, 367)
(248, 368)
(249, 391)
(249, 286)
(249, 314)
(249, 348)
(249, 349)
(249, 375)
(250, 390)
(250, 391)
(250, 265)
(250, 397)
(250, 270)
(250, 286)
(250, 306)
(250, 318)
(250, 269)
(250, 347)
(250, 349)
(250, 380)
(251, 280)
(251, 324)
(251, 314)
(251, 328)
(251, 329)
(251, 333)
(251, 348)
(251, 369)
(251, 371)
(252, 384)
(252, 256)
(252, 258)
(252, 394)
(252, 272)
(252, 276)
(252, 279)
(252, 285)
(252, 287)
(252, 295)
(252, 304)
(252, 309)
(252, 325)
(252, 326)
(252, 339)
(252, 341)
(252, 342)
(252, 343)
(252, 356)
(252, 378)
(252, 381)
(253, 259)
(253, 389)
(253, 281)
(253, 290)
(253, 307)
(253, 330)
(253, 399)
(253, 359)
(253, 275)
(253, 379)
(254, 257)
(254, 261)
(254, 393)
(254, 395)
(254, 271)
(254, 284)
(254, 291)
(254, 292)
(254, 302)
(254, 322)
(254, 344)
(254, 345)
(254, 358)
(254, 383)
(255, 385)
(255, 267)
(255, 280)
(255, 295)
(255, 285)
(255, 308)
(255, 311)
(255, 319)
(255, 324)
(255, 328)
(255, 329)
(255, 348)
(255, 351)
(255, 360)
(255, 369)
(255, 371)
(255, 381)
(256, 384)
(256, 258)
(256, 266)
(256, 268)
(256, 304)
(256, 309)
(256, 312)
(256, 287)
(256, 325)
(256, 326)
(256, 341)
(256, 355)
(256, 364)
(256, 365)
(256, 368)
(256, 378)
(257, 393)
(257, 395)
(257, 271)
(257, 284)
(257, 291)
(257, 292)
(257, 302)
(257, 322)
(257, 323)
(257, 332)
(257, 344)
(257, 345)
(257, 358)
(257, 383)
(258, 384)
(258, 394)
(258, 276)
(258, 295)
(258, 285)
(258, 304)
(258, 309)
(258, 287)
(258, 325)
(258, 326)
(258, 341)
(258, 356)
(258, 364)
(258, 368)
(258, 378)
(259, 307)
(259, 281)
(259, 399)
(260, 262)
(260, 278)
(260, 298)
(260, 299)
(260, 301)
(260, 335)
(260, 398)
(260, 353)
(260, 357)
(260, 273)
(260, 363)
(260, 370)
(260, 373)
(260, 376)
(261, 396)
(261, 300)
(261, 302)
(262, 278)
(262, 298)
(262, 299)
(262, 301)
(262, 335)
(262, 398)
(262, 353)
(262, 357)
(262, 363)
(262, 370)
(262, 373)
(262, 376)
(263, 396)
(263, 273)
(263, 277)
(263, 278)
(263, 283)
(263, 293)
(263, 299)
(263, 310)
(263, 357)
(264, 387)
(264, 392)
(264, 317)
(264, 320)
(264, 327)
(264, 334)
(264, 336)
(264, 346)
(264, 361)
(264, 365)
(264, 372)
(265, 390)
(265, 397)
(265, 270)
(265, 286)
(265, 306)
(265, 312)
(265, 318)
(265, 268)
(265, 269)
(265, 347)
(265, 349)
(265, 354)
(265, 355)
(265, 380)
(266, 397)
(266, 270)
(266, 309)
(266, 312)
(266, 327)
(266, 269)
(266, 341)
(266, 354)
(266, 355)
(266, 364)
(266, 365)
(266, 367)
(266, 368)
(267, 275)
(267, 281)
(267, 290)
(267, 308)
(267, 311)
(267, 319)
(267, 324)
(267, 328)
(267, 337)
(267, 313)
(267, 351)
(267, 360)
(267, 371)
(267, 377)
(267, 381)
(268, 385)
(268, 397)
(268, 270)
(268, 286)
(268, 287)
(268, 390)
(268, 306)
(268, 309)
(268, 312)
(268, 318)
(268, 325)
(268, 326)
(268, 269)
(268, 341)
(268, 347)
(268, 364)
(268, 375)
(268, 380)
(269, 390)
(269, 397)
(269, 270)
(269, 286)
(269, 306)
(269, 312)
(269, 318)
(269, 347)
(269, 354)
(269, 355)
(269, 380)
(269, 367)
(270, 397)
(270, 286)
(270, 390)
(270, 306)
(270, 312)
(270, 318)
(270, 347)
(270, 349)
(270, 354)
(270, 355)
(270, 380)
(271, 279)
(271, 291)
(271, 296)
(271, 302)
(271, 321)
(271, 322)
(271, 323)
(271, 331)
(271, 338)
(271, 339)
(271, 340)
(271, 342)
(271, 343)
(271, 345)
(271, 272)
(271, 362)
(271, 383)
(272, 394)
(272, 276)
(272, 279)
(272, 285)
(272, 295)
(272, 296)
(272, 322)
(272, 323)
(272, 338)
(272, 339)
(272, 342)
(272, 343)
(272, 345)
(272, 360)
(272, 362)
(272, 378)
(272, 381)
(272, 383)
(273, 396)
(273, 398)
(273, 278)
(273, 283)
(273, 291)
(273, 293)
(273, 299)
(273, 300)
(273, 301)
(273, 302)
(273, 310)
(273, 321)
(273, 331)
(273, 340)
(273, 357)
(273, 370)
(273, 376)
(274, 288)
(274, 336)
(274, 372)
(274, 282)
(274, 317)
(275, 307)
(275, 399)
(275, 281)
(275, 290)
(275, 308)
(275, 311)
(275, 313)
(275, 319)
(275, 330)
(275, 337)
(275, 351)
(275, 371)
(275, 377)
(275, 379)
(276, 384)
(276, 388)
(276, 394)
(276, 279)
(276, 285)
(276, 295)
(276, 296)
(276, 304)
(276, 305)
(276, 323)
(276, 338)
(276, 339)
(276, 340)
(276, 342)
(276, 343)
(276, 356)
(276, 362)
(276, 378)
(276, 381)
(276, 383)
(277, 310)
(277, 293)
(277, 278)
(277, 283)
(278, 396)
(278, 398)
(278, 283)
(278, 293)
(278, 299)
(278, 310)
(278, 321)
(278, 357)
(279, 394)
(279, 285)
(279, 295)
(279, 296)
(279, 322)
(279, 323)
(279, 338)
(279, 339)
(279, 342)
(279, 343)
(279, 344)
(279, 345)
(279, 360)
(279, 362)
(279, 381)
(279, 383)
(280, 385)
(280, 324)
(280, 314)
(280, 319)
(280, 328)
(280, 329)
(280, 333)
(280, 348)
(280, 369)
(280, 371)
(281, 389)
(281, 290)
(281, 303)
(281, 307)
(281, 308)
(281, 313)
(281, 330)
(281, 337)
(281, 399)
(281, 359)
(281, 377)
(281, 379)
(282, 288)
(282, 336)
(282, 372)
(282, 317)
(283, 396)
(283, 293)
(283, 299)
(283, 300)
(283, 310)
(283, 321)
(283, 357)
(284, 389)
(284, 393)
(284, 395)
(284, 292)
(284, 303)
(284, 313)
(284, 332)
(284, 337)
(284, 344)
(284, 345)
(284, 358)
(285, 385)
(285, 394)
(285, 287)
(285, 295)
(285, 311)
(285, 325)
(285, 326)
(285, 328)
(285, 339)
(285, 342)
(285, 360)
(285, 378)
(285, 381)
(286, 391)
(286, 397)
(286, 390)
(286, 306)
(286, 318)
(286, 347)
(286, 349)
(286, 375)
(286, 380)
(287, 385)
(287, 397)
(287, 309)
(287, 312)
(287, 325)
(287, 326)
(287, 341)
(287, 364)
(287, 368)
(287, 378)
(287, 380)
(288, 386)
(288, 289)
(288, 294)
(288, 317)
(288, 320)
(288, 334)
(288, 336)
(288, 352)
(288, 372)
(289, 386)
(289, 294)
(289, 334)
(289, 335)
(289, 336)
(289, 350)
(289, 352)
(289, 353)
(289, 366)
(289, 317)
(289, 382)
(290, 389)
(290, 303)
(290, 307)
(290, 308)
(290, 313)
(290, 319)
(290, 330)
(290, 332)
(290, 337)
(290, 399)
(290, 351)
(290, 377)
(290, 379)
(291, 396)
(291, 296)
(291, 302)
(291, 321)
(291, 322)
(291, 323)
(291, 331)
(291, 338)
(291, 340)
(291, 345)
(291, 362)
(291, 383)
(292, 389)
(292, 393)
(292, 395)
(292, 303)
(292, 313)
(292, 323)
(292, 332)
(292, 337)
(292, 344)
(292, 345)
(292, 358)
(293, 396)
(293, 299)
(293, 300)
(293, 310)
(293, 321)
(293, 357)
(294, 386)
(294, 388)
(294, 297)
(294, 298)
(294, 305)
(294, 315)
(294, 316)
(294, 317)
(294, 320)
(294, 334)
(294, 335)
(294, 336)
(294, 350)
(294, 352)
(294, 353)
(294, 366)
(294, 373)
(294, 374)
(294, 382)
(295, 394)
(295, 311)
(295, 323)
(295, 328)
(295, 339)
(295, 342)
(295, 343)
(295, 360)
(295, 378)
(295, 381)
(296, 388)
(296, 394)
(296, 305)
(296, 315)
(296, 322)
(296, 323)
(296, 331)
(296, 338)
(296, 339)
(296, 340)
(296, 342)
(296, 343)
(296, 356)
(296, 362)
(296, 383)
(297, 384)
(297, 386)
(297, 387)
(297, 388)
(297, 394)
(297, 304)
(297, 305)
(297, 315)
(297, 316)
(297, 320)
(297, 334)
(297, 356)
(297, 362)
(297, 366)
(297, 374)
(297, 378)
(297, 382)
(298, 398)
(298, 299)
(298, 301)
(298, 315)
(298, 316)
(298, 335)
(298, 350)
(298, 352)
(298, 353)
(298, 357)
(298, 363)
(298, 366)
(298, 370)
(298, 373)
(298, 376)
(299, 398)
(299, 301)
(299, 310)
(299, 321)
(299, 357)
(299, 363)
(299, 370)
(299, 373)
(299, 376)
(300, 396)
(300, 302)
(300, 310)
(300, 321)
(301, 398)
(301, 315)
(301, 316)
(301, 321)
(301, 331)
(301, 335)
(301, 340)
(301, 350)
(301, 353)
(301, 357)
(301, 363)
(301, 366)
(301, 370)
(301, 373)
(301, 376)
(302, 396)
(302, 310)
(302, 321)
(302, 322)
(302, 383)
(303, 389)
(303, 393)
(303, 395)
(303, 313)
(303, 332)
(303, 337)
(303, 344)
(303, 345)
(303, 358)
(303, 359)
(303, 377)
(304, 384)
(304, 387)
(304, 388)
(304, 394)
(304, 305)
(304, 309)
(304, 326)
(304, 341)
(304, 356)
(304, 364)
(304, 368)
(304, 374)
(304, 378)
(305, 384)
(305, 388)
(305, 394)
(305, 315)
(305, 316)
(305, 331)
(305, 340)
(305, 343)
(305, 356)
(305, 362)
(305, 338)
(305, 366)
(305, 374)
(305, 378)
(305, 382)
(306, 397)
(306, 390)
(306, 312)
(306, 318)
(306, 347)
(306, 349)
(306, 354)
(306, 355)
(306, 380)
(307, 389)
(307, 330)
(307, 399)
(307, 359)
(307, 379)
(308, 311)
(308, 319)
(308, 324)
(308, 328)
(308, 330)
(308, 337)
(308, 313)
(308, 351)
(308, 360)
(308, 371)
(308, 377)
(308, 379)
(308, 381)
(309, 384)
(309, 312)
(309, 325)
(309, 326)
(309, 341)
(309, 355)
(309, 364)
(309, 365)
(309, 368)
(309, 378)
(310, 396)
(310, 398)
(310, 321)
(310, 357)
(310, 370)
(311, 319)
(311, 324)
(311, 328)
(311, 337)
(311, 313)
(311, 351)
(311, 360)
(311, 371)
(311, 377)
(311, 381)
(312, 397)
(312, 325)
(312, 326)
(312, 341)
(312, 347)
(312, 354)
(312, 355)
(312, 364)
(312, 365)
(312, 367)
(312, 368)
(312, 380)
(313, 389)
(313, 393)
(313, 395)
(313, 323)
(313, 332)
(313, 337)
(313, 344)
(313, 345)
(313, 351)
(313, 360)
(313, 377)
(314, 385)
(314, 324)
(314, 328)
(314, 329)
(314, 333)
(314, 348)
(314, 369)
(314, 375)
(315, 388)
(315, 398)
(315, 316)
(315, 331)
(315, 335)
(315, 338)
(315, 340)
(315, 350)
(315, 353)
(315, 362)
(315, 363)
(315, 366)
(315, 370)
(315, 373)
(315, 374)
(315, 376)
(315, 382)
(316, 388)
(316, 398)
(316, 331)
(316, 335)
(316, 340)
(316, 350)
(316, 352)
(316, 353)
(316, 362)
(316, 363)
(316, 366)
(316, 370)
(316, 373)
(316, 374)
(316, 376)
(316, 382)
(317, 386)
(317, 320)
(317, 334)
(317, 336)
(317, 352)
(317, 361)
(317, 372)
(318, 391)
(318, 397)
(318, 390)
(318, 347)
(318, 349)
(318, 380)
(318, 375)
(319, 371)
(319, 324)
(319, 328)
(319, 330)
(319, 351)
(319, 360)
(319, 369)
(319, 377)
(319, 379)
(319, 381)
(320, 386)
(320, 387)
(320, 392)
(320, 327)
(320, 334)
(320, 336)
(320, 361)
(320, 382)
(321, 396)
(321, 398)
(321, 331)
(321, 340)
(321, 357)
(321, 370)
(321, 376)
(322, 393)
(322, 323)
(322, 331)
(322, 338)
(322, 339)
(322, 340)
(322, 342)
(322, 343)
(322, 344)
(322, 345)
(322, 358)
(322, 362)
(322, 383)
(323, 393)
(323, 337)
(323, 338)
(323, 339)
(323, 342)
(323, 343)
(323, 344)
(323, 345)
(323, 358)
(323, 360)
(323, 377)
(323, 381)
(323, 383)
(324, 385)
(324, 328)
(324, 329)
(324, 333)
(324, 348)
(324, 351)
(324, 369)
(324, 371)
(324, 381)
(325, 385)
(325, 326)
(325, 341)
(325, 364)
(325, 368)
(325, 375)
(325, 378)
(325, 380)
(326, 384)
(326, 385)
(326, 341)
(326, 364)
(326, 368)
(326, 378)
(327, 387)
(327, 392)
(327, 346)
(327, 355)
(327, 361)
(327, 364)
(327, 365)
(327, 367)
(327, 368)
(328, 385)
(328, 329)
(328, 333)
(328, 348)
(328, 351)
(328, 369)
(328, 371)
(328, 381)
(329, 385)
(329, 333)
(329, 348)
(329, 369)
(329, 371)
(329, 375)
(330, 399)
(330, 351)
(330, 379)
(331, 388)
(331, 338)
(331, 340)
(331, 343)
(331, 362)
(331, 370)
(331, 383)
(332, 389)
(332, 393)
(332, 395)
(332, 337)
(332, 344)
(332, 345)
(332, 358)
(332, 359)
(333, 371)
(333, 348)
(333, 369)
(334, 386)
(334, 387)
(334, 336)
(334, 352)
(334, 361)
(334, 366)
(334, 374)
(334, 382)
(335, 386)
(335, 350)
(335, 352)
(335, 353)
(335, 363)
(335, 366)
(335, 370)
(335, 373)
(335, 376)
(335, 382)
(336, 386)
(336, 387)
(336, 392)
(336, 361)
(336, 372)
(336, 382)
(337, 393)
(337, 395)
(337, 389)
(337, 344)
(337, 345)
(337, 351)
(337, 360)
(337, 377)
(338, 388)
(338, 394)
(338, 339)
(338, 340)
(338, 342)
(338, 343)
(338, 362)
(338, 383)
(339, 394)
(339, 342)
(339, 343)
(339, 345)
(339, 360)
(339, 362)
(339, 378)
(339, 381)
(339, 383)
(340, 388)
(340, 394)
(340, 343)
(340, 362)
(340, 370)
(340, 383)
(341, 384)
(341, 355)
(341, 364)
(341, 365)
(341, 368)
(341, 378)
(342, 394)
(342, 343)
(342, 345)
(342, 360)
(342, 362)
(342, 378)
(342, 381)
(342, 383)
(343, 388)
(343, 394)
(343, 356)
(343, 362)
(343, 378)
(343, 383)
(344, 393)
(344, 395)
(344, 345)
(344, 358)
(344, 360)
(344, 377)
(344, 383)
(345, 393)
(345, 395)
(345, 358)
(345, 360)
(345, 377)
(345, 383)
(346, 392)
(346, 365)
(346, 372)
(346, 361)
(347, 397)
(347, 390)
(347, 349)
(347, 354)
(347, 355)
(347, 380)
(348, 385)
(348, 371)
(348, 369)
(348, 375)
(349, 390)
(349, 391)
(349, 397)
(349, 380)
(349, 375)
(350, 386)
(350, 352)
(350, 353)
(350, 363)
(350, 366)
(350, 370)
(350, 373)
(350, 376)
(350, 382)
(351, 371)
(351, 360)
(351, 377)
(351, 379)
(351, 381)
(352, 386)
(352, 353)
(352, 363)
(352, 366)
(352, 373)
(352, 382)
(353, 386)
(353, 398)
(353, 363)
(353, 366)
(353, 370)
(353, 373)
(353, 376)
(353, 382)
(354, 397)
(354, 355)
(354, 365)
(354, 367)
(354, 368)
(355, 397)
(355, 364)
(355, 365)
(355, 367)
(355, 368)
(356, 384)
(356, 387)
(356, 388)
(356, 394)
(356, 362)
(356, 374)
(356, 378)
(357, 398)
(357, 363)
(357, 370)
(357, 376)
(358, 393)
(358, 395)
(359, 395)
(359, 389)
(360, 371)
(360, 377)
(360, 381)
(361, 387)
(361, 392)
(361, 365)
(361, 372)
(362, 388)
(362, 394)
(362, 374)
(362, 383)
(363, 398)
(363, 366)
(363, 370)
(363, 373)
(363, 376)
(364, 384)
(364, 367)
(364, 365)
(364, 368)
(364, 378)
(365, 392)
(365, 387)
(365, 367)
(365, 368)
(366, 386)
(366, 388)
(366, 373)
(366, 374)
(366, 376)
(366, 382)
(367, 368)
(368, 387)
(369, 385)
(369, 371)
(370, 398)
(370, 373)
(370, 376)
(371, 385)
(371, 377)
(371, 381)
(372, 392)
(373, 388)
(373, 398)
(373, 376)
(373, 382)
(374, 384)
(374, 386)
(374, 387)
(374, 388)
(374, 394)
(374, 382)
(375, 385)
(375, 390)
(375, 380)
(376, 398)
(377, 381)
(378, 384)
(378, 394)
(379, 399)
(380, 390)
(380, 397)
(381, 385)
(382, 386)
(382, 387)
(382, 388)
(384, 394)
(384, 387)
(384, 388)
(388, 394)
(389, 395)
(390, 391)
(390, 397)
(393, 395)
