#Nodes
0
1
2
3
4
5
6
7
8
9
10
11
12
13
14
15
16
17
18
19
20
21
22
23
24
25
26
27
28
29
30
31
32
33
34
35
36
37
38
39
40
41
42
43
44
45
46
47
48
49
50
51
52
53
54
55
56
57
58
59
60
61
62
63
64
65
66
67
68
69
70
71
72
73
74
75
76
77
78
79
80
81
82
83
84
85
86
87
88
89
90
91
92
93
94
95
96
97
98
99
100
101
102
103
104
105
106
107
108
109
110
111
112
113
114
115
116
117
118
119
120
121
122
123
124
125
126
127
128
129
130
131
132
133
134
135
136
137
138
139
140
141
142
143
144
145
146
147
148
149
150
151
152
153
154
155
156
157
158
159
160
161
162
163
164
165
166
167
168
169
170
171
172
173
174
175
176
177
178
179
180
181
182
183
184
185
186
187
188
189
190
191
192
193
194
195
196
197
198
199
200
201
202
203
204
205
206
207
208
209
210
211
212
213
214
215
216
217
218
219
220
221
222
223
224
225
226
227
228
229
230
231
232
233
234
235
236
237
238
239
240
241
242
243
244
245
246
247
248
249
250
251
252
253
254
255
256
257
258
259
260
261
262
263
264
265
266
267
268
269
270
271
272
273
274
275
276
277
278
279
280
281
282
283
284
285
286
287
288
289
290
291
292
293
294
295
296
297
298
299
300
301
302
303
304
305
306
307
308
309
310
311
312
313
314
315
316
317
318
319
320
321
322
323
324
325
326
327
328
329
330
331
332
333
334
335
336
337
338
339
340
341
342
343
344
345
346
347
348
349
350
351
352
353
354
355
356
357
358
359
360
361
362
363
364
365
366
367
368
369
370
371
372
373
374
375
376
377
378
379
380
381
382
383
384
385
386
387
388
389
390
391
392
393
394
395
396
397
398
399
#Edges
(0, 3)
(0, 98)
(0, 11)
(0, 357)
(0, 177)
(0, 394)
(0, 267)
(0, 205)
(0, 93)
(0, 273)
(0, 178)
(0, 42)
(0, 212)
(0, 344)
(0, 153)
(0, 378)
(0, 27)
(0, 234)
(0, 18)
(0, 69)
(1, 129)
(1, 132)
(1, 389)
(1, 134)
(1, 8)
(1, 265)
(1, 266)
(1, 396)
(1, 40)
(1, 25)
(1, 281)
(1, 155)
(1, 285)
(1, 35)
(1, 99)
(1, 295)
(1, 296)
(1, 171)
(1, 51)
(1, 52)
(1, 54)
(1, 393)
(1, 184)
(1, 313)
(1, 58)
(1, 319)
(1, 64)
(1, 326)
(1, 113)
(1, 140)
(1, 82)
(1, 339)
(1, 87)
(1, 216)
(1, 89)
(1, 346)
(1, 349)
(1, 94)
(1, 95)
(1, 355)
(1, 229)
(1, 231)
(1, 360)
(1, 361)
(1, 365)
(1, 112)
(1, 232)
(1, 370)
(1, 245)
(1, 246)
(1, 247)
(1, 121)
(1, 381)
(2, 388)
(2, 28)
(2, 12)
(2, 398)
(2, 145)
(2, 274)
(2, 275)
(2, 276)
(2, 4)
(2, 284)
(2, 286)
(2, 163)
(2, 293)
(2, 297)
(2, 299)
(2, 302)
(2, 309)
(2, 312)
(2, 315)
(2, 62)
(2, 323)
(2, 329)
(2, 78)
(2, 340)
(2, 88)
(2, 347)
(2, 67)
(2, 187)
(2, 230)
(2, 362)
(2, 237)
(2, 243)
(2, 116)
(2, 124)
(2, 106)
(3, 387)
(3, 264)
(3, 394)
(3, 267)
(3, 18)
(3, 277)
(3, 153)
(3, 27)
(3, 36)
(3, 42)
(3, 306)
(3, 47)
(3, 304)
(3, 177)
(3, 178)
(3, 57)
(3, 186)
(3, 138)
(3, 65)
(3, 11)
(3, 69)
(3, 70)
(3, 212)
(3, 344)
(3, 98)
(3, 357)
(3, 234)
(3, 110)
(3, 367)
(3, 249)
(3, 378)
(3, 254)
(3, 149)
(4, 388)
(4, 12)
(4, 398)
(4, 399)
(4, 145)
(4, 274)
(4, 67)
(4, 46)
(4, 24)
(4, 284)
(4, 163)
(4, 293)
(4, 297)
(4, 299)
(4, 301)
(4, 302)
(4, 179)
(4, 309)
(4, 312)
(4, 315)
(4, 190)
(4, 181)
(4, 323)
(4, 76)
(4, 78)
(4, 337)
(4, 340)
(4, 88)
(4, 347)
(4, 187)
(4, 100)
(4, 230)
(4, 359)
(4, 124)
(4, 106)
(4, 237)
(4, 116)
(4, 62)
(4, 84)
(4, 380)
(5, 128)
(5, 257)
(5, 214)
(5, 172)
(5, 10)
(5, 141)
(5, 142)
(5, 45)
(5, 146)
(5, 148)
(5, 21)
(5, 280)
(5, 111)
(5, 44)
(5, 161)
(5, 165)
(5, 169)
(5, 170)
(5, 300)
(5, 173)
(5, 174)
(5, 303)
(5, 108)
(5, 180)
(5, 53)
(5, 55)
(5, 317)
(5, 117)
(5, 194)
(5, 196)
(5, 325)
(5, 15)
(5, 79)
(5, 207)
(5, 336)
(5, 209)
(5, 66)
(5, 342)
(5, 91)
(5, 224)
(5, 353)
(5, 226)
(5, 379)
(5, 114)
(5, 102)
(5, 107)
(5, 364)
(5, 189)
(5, 368)
(5, 242)
(5, 123)
(5, 373)
(5, 374)
(5, 375)
(5, 9)
(5, 251)
(5, 252)
(5, 382)
(6, 260)
(6, 10)
(6, 13)
(6, 272)
(6, 146)
(6, 21)
(6, 156)
(6, 32)
(6, 161)
(6, 165)
(6, 167)
(6, 170)
(6, 303)
(6, 318)
(6, 195)
(6, 325)
(6, 198)
(6, 74)
(6, 331)
(6, 332)
(6, 333)
(6, 79)
(6, 336)
(6, 83)
(6, 86)
(6, 215)
(6, 217)
(6, 348)
(6, 224)
(6, 97)
(6, 108)
(6, 369)
(6, 242)
(6, 117)
(6, 374)
(6, 250)
(6, 379)
(7, 130)
(7, 43)
(7, 388)
(7, 392)
(7, 269)
(7, 398)
(7, 16)
(7, 276)
(7, 279)
(7, 24)
(7, 286)
(7, 288)
(7, 48)
(7, 219)
(7, 38)
(7, 71)
(7, 176)
(7, 307)
(7, 308)
(7, 185)
(7, 188)
(7, 321)
(7, 199)
(7, 329)
(7, 206)
(7, 397)
(7, 84)
(7, 270)
(7, 343)
(7, 335)
(7, 350)
(7, 352)
(7, 225)
(7, 227)
(7, 230)
(7, 362)
(7, 366)
(7, 124)
(7, 383)
(8, 129)
(8, 132)
(8, 389)
(8, 134)
(8, 393)
(8, 266)
(8, 139)
(8, 396)
(8, 40)
(8, 281)
(8, 285)
(8, 160)
(8, 35)
(8, 295)
(8, 296)
(8, 171)
(8, 51)
(8, 52)
(8, 182)
(8, 265)
(8, 184)
(8, 313)
(8, 58)
(8, 95)
(8, 61)
(8, 319)
(8, 64)
(8, 54)
(8, 113)
(8, 140)
(8, 241)
(8, 204)
(8, 87)
(8, 89)
(8, 349)
(8, 94)
(8, 351)
(8, 96)
(8, 229)
(8, 231)
(8, 360)
(8, 365)
(8, 232)
(8, 370)
(8, 245)
(8, 246)
(8, 247)
(8, 121)
(8, 381)
(9, 128)
(9, 257)
(9, 386)
(9, 259)
(9, 132)
(9, 390)
(9, 136)
(9, 393)
(9, 266)
(9, 44)
(9, 148)
(9, 21)
(9, 280)
(9, 281)
(9, 282)
(9, 157)
(9, 52)
(9, 160)
(9, 240)
(9, 40)
(9, 171)
(9, 172)
(9, 175)
(9, 180)
(9, 56)
(9, 313)
(9, 317)
(9, 63)
(9, 64)
(9, 194)
(9, 196)
(9, 330)
(9, 375)
(9, 204)
(9, 209)
(9, 85)
(9, 91)
(9, 351)
(9, 353)
(9, 226)
(9, 123)
(9, 102)
(9, 364)
(9, 238)
(9, 189)
(9, 368)
(9, 241)
(9, 114)
(9, 371)
(9, 247)
(9, 120)
(9, 121)
(9, 251)
(9, 252)
(9, 127)
(10, 128)
(10, 257)
(10, 214)
(10, 172)
(10, 141)
(10, 142)
(10, 15)
(10, 146)
(10, 148)
(10, 21)
(10, 280)
(10, 111)
(10, 156)
(10, 44)
(10, 161)
(10, 165)
(10, 169)
(10, 170)
(10, 300)
(10, 173)
(10, 303)
(10, 305)
(10, 53)
(10, 55)
(10, 317)
(10, 117)
(10, 66)
(10, 195)
(10, 325)
(10, 79)
(10, 331)
(10, 207)
(10, 336)
(10, 209)
(10, 342)
(10, 215)
(10, 345)
(10, 91)
(10, 220)
(10, 224)
(10, 353)
(10, 226)
(10, 123)
(10, 102)
(10, 107)
(10, 108)
(10, 189)
(10, 368)
(10, 369)
(10, 242)
(10, 373)
(10, 374)
(10, 377)
(10, 379)
(10, 252)
(10, 382)
(11, 264)
(11, 267)
(11, 273)
(11, 18)
(11, 277)
(11, 153)
(11, 27)
(11, 36)
(11, 42)
(11, 306)
(11, 177)
(11, 178)
(11, 57)
(11, 186)
(11, 69)
(11, 212)
(11, 344)
(11, 93)
(11, 98)
(11, 357)
(11, 234)
(11, 110)
(11, 378)
(12, 388)
(12, 270)
(12, 399)
(12, 145)
(12, 274)
(12, 67)
(12, 46)
(12, 24)
(12, 284)
(12, 163)
(12, 164)
(12, 294)
(12, 297)
(12, 299)
(12, 301)
(12, 302)
(12, 179)
(12, 309)
(12, 312)
(12, 315)
(12, 190)
(12, 181)
(12, 323)
(12, 200)
(12, 76)
(12, 78)
(12, 337)
(12, 84)
(12, 398)
(12, 88)
(12, 347)
(12, 221)
(12, 187)
(12, 100)
(12, 230)
(12, 359)
(12, 106)
(12, 237)
(12, 239)
(12, 116)
(12, 62)
(12, 118)
(12, 380)
(13, 260)
(13, 272)
(13, 152)
(13, 32)
(13, 167)
(13, 168)
(13, 318)
(13, 322)
(13, 195)
(13, 198)
(13, 327)
(13, 72)
(13, 201)
(13, 74)
(13, 332)
(13, 333)
(13, 83)
(13, 86)
(13, 215)
(13, 217)
(13, 348)
(13, 97)
(13, 354)
(13, 369)
(13, 242)
(13, 250)
(13, 253)
(14, 256)
(14, 261)
(14, 262)
(14, 391)
(14, 30)
(14, 395)
(14, 150)
(14, 154)
(14, 26)
(14, 158)
(14, 33)
(14, 291)
(14, 82)
(14, 39)
(14, 41)
(14, 94)
(14, 184)
(14, 104)
(14, 59)
(14, 316)
(14, 191)
(14, 193)
(14, 326)
(14, 210)
(14, 35)
(14, 87)
(14, 346)
(14, 222)
(14, 95)
(14, 99)
(14, 356)
(14, 229)
(14, 103)
(14, 360)
(14, 60)
(14, 235)
(14, 338)
(14, 112)
(14, 113)
(14, 245)
(14, 381)
(15, 214)
(15, 172)
(15, 189)
(15, 141)
(15, 142)
(15, 146)
(15, 21)
(15, 280)
(15, 111)
(15, 156)
(15, 31)
(15, 161)
(15, 165)
(15, 169)
(15, 170)
(15, 300)
(15, 173)
(15, 174)
(15, 303)
(15, 304)
(15, 305)
(15, 53)
(15, 311)
(15, 317)
(15, 117)
(15, 65)
(15, 66)
(15, 325)
(15, 70)
(15, 331)
(15, 207)
(15, 336)
(15, 342)
(15, 345)
(15, 220)
(15, 55)
(15, 224)
(15, 353)
(15, 226)
(15, 47)
(15, 44)
(15, 367)
(15, 373)
(15, 374)
(15, 377)
(15, 382)
(16, 259)
(16, 392)
(16, 151)
(16, 396)
(16, 397)
(16, 270)
(16, 143)
(16, 147)
(16, 20)
(16, 22)
(16, 279)
(16, 24)
(16, 159)
(16, 288)
(16, 292)
(16, 43)
(16, 307)
(16, 308)
(16, 182)
(16, 185)
(16, 188)
(16, 61)
(16, 64)
(16, 321)
(16, 139)
(16, 71)
(16, 202)
(16, 206)
(16, 269)
(16, 211)
(16, 84)
(16, 92)
(16, 221)
(16, 96)
(16, 227)
(16, 131)
(16, 230)
(16, 366)
(16, 239)
(16, 244)
(16, 125)
(16, 255)
(17, 129)
(17, 258)
(17, 133)
(17, 135)
(17, 271)
(17, 144)
(17, 25)
(17, 155)
(17, 29)
(17, 287)
(17, 32)
(17, 34)
(17, 168)
(17, 171)
(17, 45)
(17, 49)
(17, 184)
(17, 58)
(17, 351)
(17, 319)
(17, 320)
(17, 322)
(17, 198)
(17, 327)
(17, 72)
(17, 201)
(17, 119)
(17, 109)
(17, 208)
(17, 339)
(17, 213)
(17, 223)
(17, 354)
(17, 99)
(17, 361)
(17, 107)
(17, 108)
(17, 365)
(17, 112)
(17, 370)
(17, 115)
(17, 372)
(17, 246)
(17, 375)
(17, 253)
(18, 387)
(18, 264)
(18, 267)
(18, 277)
(18, 153)
(18, 27)
(18, 31)
(18, 36)
(18, 42)
(18, 306)
(18, 47)
(18, 304)
(18, 177)
(18, 178)
(18, 311)
(18, 57)
(18, 186)
(18, 65)
(18, 69)
(18, 70)
(18, 212)
(18, 344)
(18, 98)
(18, 357)
(18, 234)
(18, 110)
(18, 367)
(18, 378)
(18, 254)
(19, 384)
(19, 385)
(19, 235)
(19, 389)
(19, 256)
(19, 143)
(19, 147)
(19, 278)
(19, 154)
(19, 283)
(19, 159)
(19, 296)
(19, 298)
(19, 50)
(19, 310)
(19, 60)
(19, 68)
(19, 202)
(19, 203)
(19, 77)
(19, 80)
(19, 81)
(19, 341)
(19, 216)
(19, 218)
(19, 349)
(19, 355)
(19, 356)
(19, 104)
(19, 233)
(19, 363)
(19, 244)
(19, 376)
(19, 122)
(20, 259)
(20, 393)
(20, 266)
(20, 279)
(20, 396)
(20, 397)
(20, 270)
(20, 143)
(20, 147)
(20, 22)
(20, 151)
(20, 24)
(20, 160)
(20, 292)
(20, 43)
(20, 182)
(20, 188)
(20, 61)
(20, 64)
(20, 321)
(20, 139)
(20, 71)
(20, 330)
(20, 76)
(20, 269)
(20, 211)
(20, 84)
(20, 89)
(20, 92)
(20, 221)
(20, 96)
(20, 131)
(20, 231)
(20, 239)
(20, 244)
(20, 120)
(20, 125)
(20, 255)
(21, 128)
(21, 257)
(21, 108)
(21, 142)
(21, 45)
(21, 146)
(21, 148)
(21, 280)
(21, 281)
(21, 44)
(21, 287)
(21, 161)
(21, 34)
(21, 165)
(21, 167)
(21, 169)
(21, 170)
(21, 300)
(21, 173)
(21, 303)
(21, 53)
(21, 55)
(21, 317)
(21, 117)
(21, 320)
(21, 194)
(21, 195)
(21, 196)
(21, 325)
(21, 198)
(21, 29)
(21, 375)
(21, 79)
(21, 336)
(21, 209)
(21, 213)
(21, 215)
(21, 91)
(21, 351)
(21, 224)
(21, 226)
(21, 379)
(21, 114)
(21, 102)
(21, 107)
(21, 364)
(21, 189)
(21, 368)
(21, 369)
(21, 242)
(21, 123)
(21, 373)
(21, 374)
(21, 247)
(21, 251)
(21, 252)
(22, 386)
(22, 259)
(22, 390)
(22, 393)
(22, 266)
(22, 151)
(22, 396)
(22, 397)
(22, 270)
(22, 131)
(22, 279)
(22, 24)
(22, 160)
(22, 292)
(22, 43)
(22, 182)
(22, 183)
(22, 23)
(22, 313)
(22, 61)
(22, 64)
(22, 139)
(22, 71)
(22, 330)
(22, 76)
(22, 269)
(22, 211)
(22, 84)
(22, 89)
(22, 92)
(22, 221)
(22, 96)
(22, 231)
(22, 239)
(22, 241)
(22, 371)
(22, 120)
(22, 380)
(22, 125)
(22, 255)
(23, 386)
(23, 259)
(23, 390)
(23, 263)
(23, 136)
(23, 268)
(23, 270)
(23, 399)
(23, 145)
(23, 151)
(23, 24)
(23, 282)
(23, 157)
(23, 162)
(23, 164)
(23, 294)
(23, 297)
(23, 46)
(23, 200)
(23, 179)
(23, 181)
(23, 182)
(23, 183)
(23, 56)
(23, 61)
(23, 67)
(23, 324)
(23, 328)
(23, 330)
(23, 76)
(23, 78)
(23, 337)
(23, 84)
(23, 85)
(23, 100)
(23, 90)
(23, 92)
(23, 221)
(23, 96)
(23, 228)
(23, 166)
(23, 358)
(23, 359)
(23, 236)
(23, 239)
(23, 371)
(23, 118)
(23, 120)
(23, 380)
(23, 125)
(24, 388)
(24, 151)
(24, 397)
(24, 270)
(24, 145)
(24, 274)
(24, 276)
(24, 279)
(24, 288)
(24, 164)
(24, 294)
(24, 297)
(24, 43)
(24, 46)
(24, 308)
(24, 181)
(24, 182)
(24, 183)
(24, 62)
(24, 67)
(24, 200)
(24, 76)
(24, 78)
(24, 269)
(24, 337)
(24, 84)
(24, 92)
(24, 221)
(24, 230)
(24, 359)
(24, 106)
(24, 239)
(24, 118)
(24, 380)
(24, 125)
(25, 129)
(25, 258)
(25, 262)
(25, 391)
(25, 140)
(25, 271)
(25, 144)
(25, 155)
(25, 34)
(25, 35)
(25, 134)
(25, 210)
(25, 135)
(25, 49)
(25, 59)
(25, 184)
(25, 58)
(25, 95)
(25, 316)
(25, 319)
(25, 320)
(25, 54)
(25, 326)
(25, 109)
(25, 208)
(25, 338)
(25, 339)
(25, 213)
(25, 87)
(25, 94)
(25, 223)
(25, 99)
(25, 229)
(25, 360)
(25, 361)
(25, 365)
(25, 112)
(25, 113)
(25, 370)
(25, 115)
(25, 372)
(25, 245)
(25, 246)
(25, 119)
(26, 256)
(26, 261)
(26, 150)
(26, 154)
(26, 30)
(26, 33)
(26, 291)
(26, 39)
(26, 41)
(26, 298)
(26, 50)
(26, 158)
(26, 191)
(26, 193)
(26, 197)
(26, 338)
(26, 222)
(26, 356)
(26, 103)
(26, 104)
(26, 235)
(27, 387)
(27, 394)
(27, 267)
(27, 273)
(27, 277)
(27, 153)
(27, 47)
(27, 289)
(27, 36)
(27, 42)
(27, 93)
(27, 177)
(27, 306)
(27, 57)
(27, 186)
(27, 138)
(27, 192)
(27, 69)
(27, 73)
(27, 75)
(27, 205)
(27, 334)
(27, 212)
(27, 344)
(27, 314)
(27, 98)
(27, 357)
(27, 234)
(27, 110)
(27, 126)
(27, 249)
(27, 378)
(27, 254)
(27, 149)
(28, 130)
(28, 388)
(28, 398)
(28, 274)
(28, 275)
(28, 276)
(28, 286)
(28, 163)
(28, 293)
(28, 38)
(28, 302)
(28, 323)
(28, 329)
(28, 335)
(28, 340)
(28, 88)
(28, 219)
(28, 352)
(28, 225)
(28, 105)
(28, 362)
(28, 237)
(28, 243)
(28, 248)
(28, 124)
(28, 106)
(28, 383)
(29, 128)
(29, 257)
(29, 133)
(29, 129)
(29, 194)
(29, 45)
(29, 148)
(29, 281)
(29, 155)
(29, 287)
(29, 161)
(29, 34)
(29, 165)
(29, 168)
(29, 171)
(29, 44)
(29, 114)
(29, 303)
(29, 115)
(29, 52)
(29, 351)
(29, 317)
(29, 319)
(29, 320)
(29, 322)
(29, 195)
(29, 196)
(29, 198)
(29, 72)
(29, 201)
(29, 375)
(29, 79)
(29, 209)
(29, 339)
(29, 213)
(29, 91)
(29, 223)
(29, 354)
(29, 379)
(29, 102)
(29, 119)
(29, 361)
(29, 107)
(29, 108)
(29, 189)
(29, 368)
(29, 242)
(29, 123)
(29, 372)
(29, 117)
(29, 247)
(29, 121)
(29, 251)
(29, 252)
(30, 384)
(30, 256)
(30, 389)
(30, 262)
(30, 391)
(30, 395)
(30, 140)
(30, 60)
(30, 150)
(30, 39)
(30, 154)
(30, 283)
(30, 218)
(30, 158)
(30, 261)
(30, 35)
(30, 291)
(30, 295)
(30, 296)
(30, 41)
(30, 298)
(30, 33)
(30, 51)
(30, 94)
(30, 310)
(30, 184)
(30, 104)
(30, 316)
(30, 191)
(30, 193)
(30, 54)
(30, 326)
(30, 113)
(30, 77)
(30, 81)
(30, 338)
(30, 99)
(30, 87)
(30, 216)
(30, 346)
(30, 349)
(30, 222)
(30, 95)
(30, 355)
(30, 356)
(30, 229)
(30, 103)
(30, 360)
(30, 233)
(30, 235)
(30, 82)
(30, 112)
(30, 232)
(30, 245)
(30, 122)
(30, 381)
(31, 342)
(31, 264)
(31, 141)
(31, 142)
(31, 111)
(31, 305)
(31, 300)
(31, 306)
(31, 47)
(31, 304)
(31, 177)
(31, 178)
(31, 311)
(31, 186)
(31, 65)
(31, 66)
(31, 70)
(31, 55)
(31, 207)
(31, 212)
(31, 214)
(31, 344)
(31, 345)
(31, 220)
(31, 110)
(31, 367)
(31, 373)
(31, 377)
(31, 382)
(32, 260)
(32, 133)
(32, 271)
(32, 144)
(32, 287)
(32, 34)
(32, 165)
(32, 167)
(32, 168)
(32, 45)
(32, 49)
(32, 320)
(32, 322)
(32, 195)
(32, 198)
(32, 327)
(32, 72)
(32, 201)
(32, 74)
(32, 333)
(32, 79)
(32, 208)
(32, 83)
(32, 86)
(32, 215)
(32, 348)
(32, 97)
(32, 354)
(32, 108)
(32, 369)
(32, 242)
(32, 115)
(32, 372)
(32, 119)
(32, 379)
(32, 253)
(33, 256)
(33, 262)
(33, 391)
(33, 395)
(33, 150)
(33, 158)
(33, 82)
(33, 39)
(33, 41)
(33, 222)
(33, 59)
(33, 316)
(33, 191)
(33, 193)
(33, 326)
(33, 210)
(33, 87)
(33, 94)
(33, 95)
(33, 99)
(33, 356)
(33, 229)
(33, 103)
(33, 338)
(33, 112)
(33, 113)
(34, 128)
(34, 257)
(34, 133)
(34, 135)
(34, 194)
(34, 271)
(34, 144)
(34, 148)
(34, 281)
(34, 155)
(34, 287)
(34, 168)
(34, 171)
(34, 242)
(34, 49)
(34, 52)
(34, 58)
(34, 223)
(34, 319)
(34, 320)
(34, 322)
(34, 195)
(34, 198)
(34, 327)
(34, 72)
(34, 201)
(34, 119)
(34, 45)
(34, 79)
(34, 208)
(34, 339)
(34, 213)
(34, 86)
(34, 91)
(34, 348)
(34, 351)
(34, 354)
(34, 123)
(34, 102)
(34, 361)
(34, 107)
(34, 108)
(34, 365)
(34, 129)
(34, 368)
(34, 370)
(34, 115)
(34, 372)
(34, 246)
(34, 375)
(34, 121)
(34, 379)
(34, 252)
(34, 253)
(35, 256)
(35, 129)
(35, 389)
(35, 262)
(35, 391)
(35, 393)
(35, 396)
(35, 218)
(35, 285)
(35, 158)
(35, 99)
(35, 82)
(35, 134)
(35, 295)
(35, 296)
(35, 171)
(35, 51)
(35, 54)
(35, 265)
(35, 184)
(35, 58)
(35, 319)
(35, 326)
(35, 113)
(35, 140)
(35, 81)
(35, 338)
(35, 339)
(35, 87)
(35, 216)
(35, 89)
(35, 346)
(35, 349)
(35, 94)
(35, 95)
(35, 355)
(35, 356)
(35, 229)
(35, 231)
(35, 360)
(35, 233)
(35, 235)
(35, 365)
(35, 112)
(35, 232)
(35, 370)
(35, 245)
(35, 246)
(35, 191)
(35, 381)
(36, 387)
(36, 263)
(36, 394)
(36, 267)
(36, 277)
(36, 153)
(36, 289)
(36, 162)
(36, 166)
(36, 42)
(36, 178)
(36, 174)
(36, 47)
(36, 304)
(36, 177)
(36, 306)
(36, 57)
(36, 186)
(36, 138)
(36, 192)
(36, 65)
(36, 324)
(36, 69)
(36, 73)
(36, 75)
(36, 205)
(36, 212)
(36, 344)
(36, 314)
(36, 98)
(36, 357)
(36, 234)
(36, 236)
(36, 110)
(36, 238)
(36, 111)
(36, 126)
(36, 249)
(36, 378)
(36, 254)
(36, 149)
(37, 192)
(37, 289)
(37, 290)
(37, 75)
(37, 100)
(37, 101)
(37, 166)
(37, 137)
(37, 394)
(37, 299)
(37, 301)
(37, 334)
(37, 399)
(37, 126)
(37, 73)
(37, 138)
(37, 190)
(38, 130)
(38, 388)
(38, 398)
(38, 274)
(38, 275)
(38, 276)
(38, 286)
(38, 288)
(38, 163)
(38, 293)
(38, 302)
(38, 176)
(38, 308)
(38, 323)
(38, 199)
(38, 329)
(38, 335)
(38, 340)
(38, 343)
(38, 219)
(38, 350)
(38, 352)
(38, 225)
(38, 105)
(38, 362)
(38, 243)
(38, 248)
(38, 124)
(38, 106)
(38, 383)
(39, 256)
(39, 261)
(39, 262)
(39, 391)
(39, 395)
(39, 150)
(39, 154)
(39, 158)
(39, 291)
(39, 41)
(39, 316)
(39, 191)
(39, 193)
(39, 197)
(39, 338)
(39, 222)
(39, 356)
(39, 103)
(39, 104)
(39, 235)
(40, 128)
(40, 257)
(40, 386)
(40, 259)
(40, 132)
(40, 390)
(40, 129)
(40, 393)
(40, 266)
(40, 139)
(40, 151)
(40, 281)
(40, 282)
(40, 285)
(40, 52)
(40, 160)
(40, 134)
(40, 171)
(40, 114)
(40, 175)
(40, 157)
(40, 180)
(40, 182)
(40, 56)
(40, 313)
(40, 61)
(40, 63)
(40, 64)
(40, 194)
(40, 196)
(40, 330)
(40, 375)
(40, 204)
(40, 209)
(40, 89)
(40, 92)
(40, 351)
(40, 96)
(40, 226)
(40, 123)
(40, 102)
(40, 231)
(40, 364)
(40, 365)
(40, 240)
(40, 241)
(40, 370)
(40, 247)
(40, 120)
(40, 121)
(40, 251)
(41, 384)
(41, 256)
(41, 261)
(41, 391)
(41, 150)
(41, 154)
(41, 283)
(41, 158)
(41, 291)
(41, 298)
(41, 50)
(41, 310)
(41, 60)
(41, 191)
(41, 193)
(41, 197)
(41, 77)
(41, 81)
(41, 82)
(41, 346)
(41, 222)
(41, 356)
(41, 103)
(41, 104)
(41, 235)
(41, 338)
(42, 394)
(42, 267)
(42, 273)
(42, 277)
(42, 153)
(42, 289)
(42, 306)
(42, 57)
(42, 138)
(42, 192)
(42, 69)
(42, 73)
(42, 75)
(42, 205)
(42, 334)
(42, 344)
(42, 93)
(42, 101)
(42, 98)
(42, 357)
(42, 234)
(42, 110)
(42, 254)
(42, 249)
(42, 378)
(42, 126)
(43, 131)
(43, 392)
(43, 151)
(43, 397)
(43, 270)
(43, 143)
(43, 147)
(43, 279)
(43, 288)
(43, 292)
(43, 71)
(43, 48)
(43, 307)
(43, 308)
(43, 182)
(43, 185)
(43, 188)
(43, 61)
(43, 321)
(43, 139)
(43, 199)
(43, 76)
(43, 206)
(43, 269)
(43, 211)
(43, 84)
(43, 78)
(43, 219)
(43, 92)
(43, 221)
(43, 350)
(43, 96)
(43, 227)
(43, 230)
(43, 366)
(43, 239)
(43, 244)
(43, 125)
(43, 255)
(44, 128)
(44, 257)
(44, 214)
(44, 172)
(44, 111)
(44, 142)
(44, 45)
(44, 146)
(44, 148)
(44, 280)
(44, 282)
(44, 175)
(44, 368)
(44, 165)
(44, 169)
(44, 170)
(44, 300)
(44, 173)
(44, 174)
(44, 303)
(44, 108)
(44, 180)
(44, 53)
(44, 55)
(44, 56)
(44, 317)
(44, 117)
(44, 194)
(44, 196)
(44, 325)
(44, 161)
(44, 79)
(44, 375)
(44, 204)
(44, 207)
(44, 209)
(44, 342)
(44, 91)
(44, 351)
(44, 353)
(44, 226)
(44, 379)
(44, 114)
(44, 102)
(44, 63)
(44, 107)
(44, 364)
(44, 189)
(44, 240)
(44, 242)
(44, 123)
(44, 373)
(44, 374)
(44, 247)
(44, 251)
(44, 252)
(44, 382)
(44, 127)
(45, 128)
(45, 257)
(45, 133)
(45, 129)
(45, 194)
(45, 148)
(45, 281)
(45, 155)
(45, 287)
(45, 161)
(45, 165)
(45, 167)
(45, 168)
(45, 171)
(45, 114)
(45, 303)
(45, 49)
(45, 115)
(45, 52)
(45, 351)
(45, 317)
(45, 319)
(45, 320)
(45, 322)
(45, 195)
(45, 196)
(45, 325)
(45, 198)
(45, 72)
(45, 201)
(45, 375)
(45, 79)
(45, 209)
(45, 213)
(45, 86)
(45, 91)
(45, 348)
(45, 223)
(45, 354)
(45, 379)
(45, 102)
(45, 119)
(45, 361)
(45, 107)
(45, 108)
(45, 189)
(45, 368)
(45, 242)
(45, 123)
(45, 372)
(45, 117)
(45, 247)
(45, 121)
(45, 251)
(45, 252)
(46, 263)
(46, 137)
(46, 268)
(46, 270)
(46, 399)
(46, 145)
(46, 284)
(46, 162)
(46, 164)
(46, 294)
(46, 297)
(46, 299)
(46, 301)
(46, 328)
(46, 179)
(46, 181)
(46, 183)
(46, 315)
(46, 190)
(46, 67)
(46, 324)
(46, 200)
(46, 76)
(46, 78)
(46, 337)
(46, 84)
(46, 85)
(46, 100)
(46, 90)
(46, 221)
(46, 228)
(46, 166)
(46, 358)
(46, 359)
(46, 239)
(46, 371)
(46, 116)
(46, 62)
(46, 118)
(46, 120)
(46, 380)
(46, 125)
(47, 387)
(47, 342)
(47, 264)
(47, 172)
(47, 267)
(47, 142)
(47, 277)
(47, 111)
(47, 300)
(47, 178)
(47, 174)
(47, 304)
(47, 177)
(47, 306)
(47, 311)
(47, 57)
(47, 186)
(47, 65)
(47, 69)
(47, 70)
(47, 207)
(47, 212)
(47, 214)
(47, 344)
(47, 345)
(47, 353)
(47, 98)
(47, 110)
(47, 238)
(47, 367)
(47, 382)
(47, 377)
(47, 378)
(47, 254)
(47, 149)
(48, 385)
(48, 130)
(48, 392)
(48, 269)
(48, 147)
(48, 276)
(48, 278)
(48, 159)
(48, 288)
(48, 292)
(48, 71)
(48, 176)
(48, 307)
(48, 308)
(48, 185)
(48, 188)
(48, 321)
(48, 199)
(48, 203)
(48, 206)
(48, 335)
(48, 211)
(48, 343)
(48, 219)
(48, 350)
(48, 352)
(48, 227)
(48, 363)
(48, 366)
(49, 258)
(49, 260)
(49, 133)
(49, 135)
(49, 271)
(49, 144)
(49, 155)
(49, 287)
(49, 168)
(49, 319)
(49, 320)
(49, 322)
(49, 198)
(49, 327)
(49, 72)
(49, 201)
(49, 83)
(49, 333)
(49, 208)
(49, 339)
(49, 213)
(49, 86)
(49, 348)
(49, 223)
(49, 354)
(49, 361)
(49, 109)
(49, 115)
(49, 372)
(49, 119)
(49, 253)
(50, 384)
(50, 256)
(50, 261)
(50, 154)
(50, 283)
(50, 291)
(50, 298)
(50, 310)
(50, 60)
(50, 191)
(50, 68)
(50, 202)
(50, 77)
(50, 80)
(50, 81)
(50, 341)
(50, 216)
(50, 218)
(50, 222)
(50, 355)
(50, 356)
(50, 103)
(50, 104)
(50, 233)
(50, 235)
(50, 376)
(50, 122)
(51, 384)
(51, 256)
(51, 131)
(51, 389)
(51, 134)
(51, 393)
(51, 266)
(51, 139)
(51, 396)
(51, 143)
(51, 218)
(51, 285)
(51, 292)
(51, 295)
(51, 296)
(51, 54)
(51, 265)
(51, 184)
(51, 64)
(51, 326)
(51, 113)
(51, 140)
(51, 202)
(51, 77)
(51, 80)
(51, 81)
(51, 82)
(51, 87)
(51, 216)
(51, 89)
(51, 346)
(51, 349)
(51, 94)
(51, 95)
(51, 355)
(51, 229)
(51, 231)
(51, 360)
(51, 233)
(51, 365)
(51, 232)
(51, 370)
(51, 244)
(51, 245)
(51, 122)
(51, 381)
(51, 255)
(52, 128)
(52, 257)
(52, 132)
(52, 390)
(52, 129)
(52, 64)
(52, 393)
(52, 266)
(52, 139)
(52, 140)
(52, 63)
(52, 148)
(52, 281)
(52, 155)
(52, 285)
(52, 287)
(52, 160)
(52, 240)
(52, 134)
(52, 171)
(52, 114)
(52, 175)
(52, 54)
(52, 56)
(52, 313)
(52, 189)
(52, 319)
(52, 320)
(52, 194)
(52, 196)
(52, 330)
(52, 375)
(52, 204)
(52, 209)
(52, 213)
(52, 89)
(52, 91)
(52, 351)
(52, 96)
(52, 226)
(52, 123)
(52, 102)
(52, 231)
(52, 361)
(52, 107)
(52, 364)
(52, 365)
(52, 368)
(52, 241)
(52, 370)
(52, 246)
(52, 247)
(52, 121)
(52, 251)
(52, 252)
(53, 214)
(53, 189)
(53, 141)
(53, 142)
(53, 146)
(53, 148)
(53, 280)
(53, 111)
(53, 156)
(53, 161)
(53, 165)
(53, 169)
(53, 170)
(53, 300)
(53, 173)
(53, 303)
(53, 305)
(53, 311)
(53, 317)
(53, 117)
(53, 66)
(53, 325)
(53, 331)
(53, 207)
(53, 336)
(53, 342)
(53, 345)
(53, 91)
(53, 220)
(53, 55)
(53, 224)
(53, 353)
(53, 367)
(53, 368)
(53, 369)
(53, 242)
(53, 373)
(53, 374)
(53, 377)
(53, 379)
(53, 252)
(53, 382)
(54, 129)
(54, 389)
(54, 262)
(54, 393)
(54, 396)
(54, 281)
(54, 155)
(54, 285)
(54, 82)
(54, 134)
(54, 295)
(54, 296)
(54, 171)
(54, 265)
(54, 184)
(54, 58)
(54, 95)
(54, 319)
(54, 326)
(54, 113)
(54, 140)
(54, 338)
(54, 339)
(54, 87)
(54, 89)
(54, 346)
(54, 349)
(54, 94)
(54, 223)
(54, 99)
(54, 229)
(54, 231)
(54, 360)
(54, 361)
(54, 365)
(54, 112)
(54, 232)
(54, 370)
(54, 245)
(54, 246)
(54, 121)
(54, 381)
(55, 214)
(55, 141)
(55, 142)
(55, 146)
(55, 280)
(55, 111)
(55, 156)
(55, 161)
(55, 165)
(55, 169)
(55, 170)
(55, 300)
(55, 173)
(55, 303)
(55, 304)
(55, 305)
(55, 311)
(55, 317)
(55, 117)
(55, 66)
(55, 325)
(55, 70)
(55, 331)
(55, 207)
(55, 336)
(55, 342)
(55, 345)
(55, 220)
(55, 224)
(55, 367)
(55, 373)
(55, 374)
(55, 377)
(55, 382)
(56, 257)
(56, 386)
(56, 259)
(56, 196)
(56, 390)
(56, 136)
(56, 364)
(56, 266)
(56, 132)
(56, 281)
(56, 282)
(56, 157)
(56, 160)
(56, 172)
(56, 174)
(56, 175)
(56, 180)
(56, 313)
(56, 189)
(56, 63)
(56, 194)
(56, 324)
(56, 330)
(56, 204)
(56, 209)
(56, 85)
(56, 90)
(56, 96)
(56, 353)
(56, 226)
(56, 123)
(56, 102)
(56, 358)
(56, 236)
(56, 238)
(56, 240)
(56, 241)
(56, 114)
(56, 371)
(56, 247)
(56, 120)
(56, 251)
(56, 127)
(57, 387)
(57, 342)
(57, 264)
(57, 138)
(57, 267)
(57, 277)
(57, 153)
(57, 111)
(57, 178)
(57, 174)
(57, 304)
(57, 177)
(57, 306)
(57, 311)
(57, 314)
(57, 65)
(57, 69)
(57, 70)
(57, 73)
(57, 126)
(57, 207)
(57, 212)
(57, 214)
(57, 344)
(57, 186)
(57, 353)
(57, 98)
(57, 357)
(57, 234)
(57, 236)
(57, 110)
(57, 238)
(57, 367)
(57, 382)
(57, 249)
(57, 378)
(57, 254)
(57, 149)
(58, 129)
(58, 258)
(58, 133)
(58, 262)
(58, 135)
(58, 140)
(58, 271)
(58, 144)
(58, 155)
(58, 285)
(58, 287)
(58, 134)
(58, 171)
(58, 59)
(58, 184)
(58, 95)
(58, 319)
(58, 320)
(58, 326)
(58, 109)
(58, 208)
(58, 210)
(58, 339)
(58, 213)
(58, 87)
(58, 94)
(58, 223)
(58, 99)
(58, 229)
(58, 360)
(58, 361)
(58, 365)
(58, 112)
(58, 113)
(58, 370)
(58, 115)
(58, 372)
(58, 245)
(58, 246)
(58, 119)
(58, 121)
(59, 258)
(59, 262)
(59, 391)
(59, 395)
(59, 158)
(59, 135)
(59, 338)
(59, 184)
(59, 316)
(59, 326)
(59, 210)
(59, 339)
(59, 87)
(59, 94)
(59, 95)
(59, 99)
(59, 109)
(59, 112)
(59, 113)
(59, 246)
(60, 384)
(60, 256)
(60, 389)
(60, 147)
(60, 154)
(60, 283)
(60, 218)
(60, 158)
(60, 261)
(60, 291)
(60, 295)
(60, 296)
(60, 298)
(60, 310)
(60, 104)
(60, 191)
(60, 193)
(60, 68)
(60, 202)
(60, 77)
(60, 80)
(60, 81)
(60, 338)
(60, 341)
(60, 216)
(60, 346)
(60, 349)
(60, 222)
(60, 355)
(60, 356)
(60, 103)
(60, 360)
(60, 233)
(60, 235)
(60, 82)
(60, 232)
(60, 244)
(60, 376)
(60, 122)
(60, 381)
(61, 386)
(61, 259)
(61, 132)
(61, 390)
(61, 393)
(61, 266)
(61, 151)
(61, 396)
(61, 397)
(61, 270)
(61, 131)
(61, 279)
(61, 160)
(61, 182)
(61, 183)
(61, 313)
(61, 63)
(61, 64)
(61, 139)
(61, 71)
(61, 330)
(61, 204)
(61, 211)
(61, 89)
(61, 92)
(61, 221)
(61, 96)
(61, 231)
(61, 239)
(61, 241)
(61, 371)
(61, 120)
(61, 125)
(61, 255)
(62, 388)
(62, 398)
(62, 145)
(62, 274)
(62, 275)
(62, 276)
(62, 284)
(62, 286)
(62, 163)
(62, 293)
(62, 297)
(62, 299)
(62, 301)
(62, 302)
(62, 179)
(62, 309)
(62, 312)
(62, 315)
(62, 190)
(62, 181)
(62, 323)
(62, 76)
(62, 78)
(62, 340)
(62, 88)
(62, 347)
(62, 67)
(62, 187)
(62, 100)
(62, 230)
(62, 359)
(62, 124)
(62, 106)
(62, 237)
(62, 116)
(62, 84)
(62, 380)
(63, 128)
(63, 257)
(63, 386)
(63, 259)
(63, 132)
(63, 390)
(63, 136)
(63, 393)
(63, 266)
(63, 139)
(63, 281)
(63, 282)
(63, 157)
(63, 160)
(63, 368)
(63, 172)
(63, 175)
(63, 180)
(63, 313)
(63, 189)
(63, 64)
(63, 194)
(63, 196)
(63, 330)
(63, 375)
(63, 204)
(63, 209)
(63, 85)
(63, 351)
(63, 96)
(63, 353)
(63, 226)
(63, 123)
(63, 102)
(63, 358)
(63, 364)
(63, 238)
(63, 240)
(63, 241)
(63, 114)
(63, 371)
(63, 247)
(63, 120)
(63, 121)
(63, 251)
(63, 252)
(63, 127)
(64, 386)
(64, 259)
(64, 132)
(64, 390)
(64, 393)
(64, 266)
(64, 139)
(64, 396)
(64, 397)
(64, 131)
(64, 151)
(64, 281)
(64, 285)
(64, 160)
(64, 134)
(64, 171)
(64, 114)
(64, 175)
(64, 182)
(64, 265)
(64, 313)
(64, 196)
(64, 140)
(64, 330)
(64, 204)
(64, 89)
(64, 92)
(64, 96)
(64, 231)
(64, 365)
(64, 241)
(64, 370)
(64, 371)
(64, 247)
(64, 120)
(64, 121)
(64, 125)
(64, 255)
(65, 387)
(65, 342)
(65, 264)
(65, 172)
(65, 267)
(65, 142)
(65, 173)
(65, 277)
(65, 280)
(65, 111)
(65, 300)
(65, 178)
(65, 174)
(65, 304)
(65, 177)
(65, 306)
(65, 311)
(65, 186)
(65, 69)
(65, 70)
(65, 207)
(65, 212)
(65, 214)
(65, 249)
(65, 344)
(65, 345)
(65, 353)
(65, 98)
(65, 236)
(65, 110)
(65, 238)
(65, 367)
(65, 382)
(65, 377)
(65, 378)
(65, 127)
(65, 254)
(65, 149)
(66, 214)
(66, 141)
(66, 142)
(66, 146)
(66, 280)
(66, 111)
(66, 156)
(66, 169)
(66, 170)
(66, 300)
(66, 173)
(66, 304)
(66, 305)
(66, 311)
(66, 70)
(66, 331)
(66, 207)
(66, 336)
(66, 342)
(66, 345)
(66, 220)
(66, 224)
(66, 367)
(66, 373)
(66, 374)
(66, 377)
(66, 382)
(67, 388)
(67, 270)
(67, 399)
(67, 145)
(67, 274)
(67, 284)
(67, 163)
(67, 164)
(67, 294)
(67, 297)
(67, 299)
(67, 301)
(67, 302)
(67, 200)
(67, 179)
(67, 309)
(67, 183)
(67, 312)
(67, 315)
(67, 190)
(67, 181)
(67, 328)
(67, 76)
(67, 78)
(67, 337)
(67, 84)
(67, 88)
(67, 347)
(67, 221)
(67, 187)
(67, 100)
(67, 230)
(67, 359)
(67, 106)
(67, 237)
(67, 239)
(67, 116)
(67, 118)
(67, 380)
(68, 384)
(68, 385)
(68, 392)
(68, 143)
(68, 147)
(68, 278)
(68, 283)
(68, 159)
(68, 292)
(68, 307)
(68, 310)
(68, 321)
(68, 202)
(68, 203)
(68, 77)
(68, 80)
(68, 81)
(68, 341)
(68, 218)
(68, 363)
(68, 244)
(68, 376)
(68, 122)
(69, 264)
(69, 267)
(69, 277)
(69, 153)
(69, 306)
(69, 177)
(69, 178)
(69, 186)
(69, 212)
(69, 344)
(69, 93)
(69, 98)
(69, 357)
(69, 234)
(69, 110)
(69, 367)
(69, 378)
(69, 254)
(70, 342)
(70, 264)
(70, 141)
(70, 142)
(70, 277)
(70, 111)
(70, 305)
(70, 300)
(70, 306)
(70, 304)
(70, 177)
(70, 178)
(70, 311)
(70, 186)
(70, 207)
(70, 212)
(70, 214)
(70, 344)
(70, 345)
(70, 220)
(70, 110)
(70, 367)
(70, 373)
(70, 377)
(70, 378)
(70, 382)
(71, 385)
(71, 131)
(71, 392)
(71, 151)
(71, 396)
(71, 397)
(71, 270)
(71, 143)
(71, 147)
(71, 278)
(71, 279)
(71, 159)
(71, 288)
(71, 292)
(71, 307)
(71, 308)
(71, 182)
(71, 185)
(71, 188)
(71, 321)
(71, 139)
(71, 199)
(71, 202)
(71, 206)
(71, 269)
(71, 80)
(71, 211)
(71, 84)
(71, 92)
(71, 349)
(71, 350)
(71, 96)
(71, 227)
(71, 233)
(71, 366)
(71, 239)
(71, 244)
(71, 376)
(71, 125)
(71, 255)
(72, 258)
(72, 260)
(72, 133)
(72, 135)
(72, 271)
(72, 144)
(72, 155)
(72, 287)
(72, 167)
(72, 168)
(72, 319)
(72, 320)
(72, 322)
(72, 198)
(72, 327)
(72, 201)
(72, 74)
(72, 83)
(72, 333)
(72, 208)
(72, 339)
(72, 213)
(72, 86)
(72, 348)
(72, 223)
(72, 354)
(72, 361)
(72, 109)
(72, 115)
(72, 372)
(72, 119)
(72, 253)
(73, 387)
(73, 263)
(73, 136)
(73, 137)
(73, 394)
(73, 267)
(73, 268)
(73, 399)
(73, 277)
(73, 153)
(73, 289)
(73, 290)
(73, 162)
(73, 166)
(73, 314)
(73, 138)
(73, 192)
(73, 324)
(73, 328)
(73, 75)
(73, 205)
(73, 334)
(73, 90)
(73, 101)
(73, 98)
(73, 228)
(73, 357)
(73, 358)
(73, 236)
(73, 126)
(73, 249)
(73, 254)
(73, 149)
(74, 260)
(74, 272)
(74, 152)
(74, 167)
(74, 168)
(74, 318)
(74, 322)
(74, 195)
(74, 198)
(74, 327)
(74, 201)
(74, 332)
(74, 333)
(74, 83)
(74, 86)
(74, 215)
(74, 217)
(74, 348)
(74, 97)
(74, 354)
(74, 250)
(74, 253)
(75, 263)
(75, 137)
(75, 394)
(75, 268)
(75, 399)
(75, 153)
(75, 289)
(75, 290)
(75, 162)
(75, 166)
(75, 301)
(75, 179)
(75, 314)
(75, 138)
(75, 192)
(75, 324)
(75, 328)
(75, 205)
(75, 334)
(75, 100)
(75, 90)
(75, 101)
(75, 228)
(75, 357)
(75, 126)
(75, 249)
(75, 254)
(76, 259)
(76, 151)
(76, 268)
(76, 397)
(76, 270)
(76, 145)
(76, 274)
(76, 279)
(76, 164)
(76, 294)
(76, 297)
(76, 179)
(76, 181)
(76, 182)
(76, 183)
(76, 200)
(76, 78)
(76, 269)
(76, 337)
(76, 84)
(76, 92)
(76, 221)
(76, 230)
(76, 359)
(76, 106)
(76, 239)
(76, 371)
(76, 118)
(76, 120)
(76, 380)
(76, 125)
(77, 384)
(77, 256)
(77, 235)
(77, 389)
(77, 265)
(77, 396)
(77, 143)
(77, 147)
(77, 154)
(77, 283)
(77, 218)
(77, 159)
(77, 291)
(77, 292)
(77, 295)
(77, 296)
(77, 298)
(77, 310)
(77, 104)
(77, 191)
(77, 193)
(77, 202)
(77, 80)
(77, 81)
(77, 82)
(77, 341)
(77, 216)
(77, 346)
(77, 349)
(77, 222)
(77, 355)
(77, 356)
(77, 229)
(77, 103)
(77, 360)
(77, 233)
(77, 363)
(77, 232)
(77, 244)
(77, 376)
(77, 122)
(77, 381)
(78, 388)
(78, 397)
(78, 270)
(78, 145)
(78, 274)
(78, 276)
(78, 279)
(78, 284)
(78, 163)
(78, 164)
(78, 294)
(78, 297)
(78, 302)
(78, 179)
(78, 181)
(78, 183)
(78, 187)
(78, 200)
(78, 269)
(78, 337)
(78, 84)
(78, 398)
(78, 88)
(78, 221)
(78, 315)
(78, 100)
(78, 230)
(78, 359)
(78, 106)
(78, 239)
(78, 116)
(78, 118)
(78, 380)
(78, 125)
(79, 128)
(79, 257)
(79, 260)
(79, 133)
(79, 194)
(79, 146)
(79, 148)
(79, 280)
(79, 155)
(79, 287)
(79, 161)
(79, 165)
(79, 167)
(79, 168)
(79, 169)
(79, 170)
(79, 173)
(79, 303)
(79, 317)
(79, 320)
(79, 322)
(79, 195)
(79, 325)
(79, 198)
(79, 201)
(79, 209)
(79, 83)
(79, 213)
(79, 86)
(79, 215)
(79, 91)
(79, 348)
(79, 351)
(79, 224)
(79, 354)
(79, 123)
(79, 102)
(79, 107)
(79, 108)
(79, 189)
(79, 368)
(79, 369)
(79, 242)
(79, 115)
(79, 117)
(79, 374)
(79, 375)
(79, 379)
(79, 252)
(80, 384)
(80, 385)
(80, 235)
(80, 389)
(80, 265)
(80, 396)
(80, 256)
(80, 143)
(80, 147)
(80, 278)
(80, 283)
(80, 218)
(80, 159)
(80, 292)
(80, 295)
(80, 296)
(80, 298)
(80, 310)
(80, 191)
(80, 202)
(80, 81)
(80, 82)
(80, 211)
(80, 341)
(80, 216)
(80, 346)
(80, 349)
(80, 355)
(80, 356)
(80, 360)
(80, 233)
(80, 363)
(80, 232)
(80, 244)
(80, 131)
(80, 376)
(80, 122)
(80, 381)
(80, 255)
(81, 384)
(81, 256)
(81, 389)
(81, 265)
(81, 396)
(81, 143)
(81, 147)
(81, 283)
(81, 218)
(81, 292)
(81, 295)
(81, 296)
(81, 298)
(81, 310)
(81, 104)
(81, 191)
(81, 140)
(81, 202)
(81, 338)
(81, 341)
(81, 87)
(81, 216)
(81, 346)
(81, 349)
(81, 95)
(81, 355)
(81, 356)
(81, 229)
(81, 103)
(81, 360)
(81, 233)
(81, 235)
(81, 82)
(81, 232)
(81, 244)
(81, 376)
(81, 122)
(81, 381)
(81, 255)
(82, 384)
(82, 256)
(82, 389)
(82, 262)
(82, 391)
(82, 265)
(82, 396)
(82, 218)
(82, 154)
(82, 283)
(82, 285)
(82, 158)
(82, 291)
(82, 295)
(82, 296)
(82, 298)
(82, 94)
(82, 310)
(82, 184)
(82, 104)
(82, 316)
(82, 191)
(82, 193)
(82, 326)
(82, 113)
(82, 140)
(82, 338)
(82, 87)
(82, 216)
(82, 346)
(82, 349)
(82, 222)
(82, 95)
(82, 355)
(82, 356)
(82, 229)
(82, 103)
(82, 360)
(82, 233)
(82, 235)
(82, 232)
(82, 245)
(82, 122)
(82, 381)
(83, 260)
(83, 133)
(83, 272)
(83, 152)
(83, 167)
(83, 168)
(83, 318)
(83, 322)
(83, 195)
(83, 198)
(83, 327)
(83, 201)
(83, 333)
(83, 208)
(83, 86)
(83, 215)
(83, 217)
(83, 348)
(83, 97)
(83, 354)
(83, 242)
(83, 119)
(83, 253)
(84, 388)
(84, 397)
(84, 398)
(84, 145)
(84, 274)
(84, 276)
(84, 279)
(84, 288)
(84, 294)
(84, 297)
(84, 302)
(84, 308)
(84, 181)
(84, 183)
(84, 188)
(84, 200)
(84, 269)
(84, 270)
(84, 219)
(84, 92)
(84, 221)
(84, 350)
(84, 230)
(84, 359)
(84, 106)
(84, 239)
(84, 380)
(84, 125)
(85, 386)
(85, 387)
(85, 390)
(85, 263)
(85, 136)
(85, 364)
(85, 268)
(85, 259)
(85, 149)
(85, 282)
(85, 157)
(85, 162)
(85, 164)
(85, 294)
(85, 172)
(85, 174)
(85, 175)
(85, 200)
(85, 180)
(85, 181)
(85, 183)
(85, 314)
(85, 324)
(85, 328)
(85, 330)
(85, 204)
(85, 337)
(85, 90)
(85, 92)
(85, 221)
(85, 228)
(85, 166)
(85, 358)
(85, 236)
(85, 238)
(85, 240)
(85, 241)
(85, 371)
(85, 118)
(85, 120)
(85, 380)
(85, 125)
(85, 127)
(86, 260)
(86, 133)
(86, 272)
(86, 287)
(86, 165)
(86, 167)
(86, 168)
(86, 303)
(86, 318)
(86, 322)
(86, 195)
(86, 325)
(86, 198)
(86, 327)
(86, 201)
(86, 333)
(86, 215)
(86, 217)
(86, 348)
(86, 97)
(86, 354)
(86, 108)
(86, 369)
(86, 242)
(86, 372)
(86, 250)
(86, 379)
(86, 253)
(87, 256)
(87, 389)
(87, 262)
(87, 391)
(87, 265)
(87, 396)
(87, 285)
(87, 158)
(87, 99)
(87, 134)
(87, 295)
(87, 296)
(87, 184)
(87, 140)
(87, 316)
(87, 319)
(87, 193)
(87, 326)
(87, 113)
(87, 210)
(87, 338)
(87, 339)
(87, 216)
(87, 346)
(87, 349)
(87, 94)
(87, 95)
(87, 355)
(87, 356)
(87, 229)
(87, 360)
(87, 233)
(87, 235)
(87, 365)
(87, 112)
(87, 232)
(87, 370)
(87, 245)
(87, 246)
(87, 191)
(87, 381)
(88, 388)
(88, 398)
(88, 145)
(88, 274)
(88, 275)
(88, 284)
(88, 286)
(88, 163)
(88, 293)
(88, 297)
(88, 299)
(88, 301)
(88, 302)
(88, 309)
(88, 312)
(88, 187)
(88, 190)
(88, 323)
(88, 340)
(88, 347)
(88, 315)
(88, 230)
(88, 359)
(88, 106)
(88, 237)
(88, 116)
(88, 124)
(89, 129)
(89, 259)
(89, 132)
(89, 389)
(89, 134)
(89, 393)
(89, 266)
(89, 139)
(89, 396)
(89, 131)
(89, 151)
(89, 281)
(89, 285)
(89, 160)
(89, 295)
(89, 296)
(89, 171)
(89, 182)
(89, 265)
(89, 313)
(89, 232)
(89, 140)
(89, 330)
(89, 204)
(89, 92)
(89, 349)
(89, 96)
(89, 355)
(89, 229)
(89, 231)
(89, 360)
(89, 233)
(89, 365)
(89, 241)
(89, 370)
(89, 245)
(89, 246)
(89, 247)
(89, 121)
(89, 381)
(89, 255)
(90, 386)
(90, 387)
(90, 390)
(90, 263)
(90, 136)
(90, 137)
(90, 268)
(90, 399)
(90, 149)
(90, 282)
(90, 157)
(90, 162)
(90, 164)
(90, 294)
(90, 174)
(90, 200)
(90, 179)
(90, 180)
(90, 181)
(90, 183)
(90, 314)
(90, 324)
(90, 328)
(90, 337)
(90, 100)
(90, 228)
(90, 166)
(90, 358)
(90, 236)
(90, 238)
(90, 240)
(90, 371)
(90, 126)
(90, 118)
(90, 120)
(90, 249)
(90, 254)
(90, 127)
(91, 128)
(91, 257)
(91, 133)
(91, 108)
(91, 142)
(91, 146)
(91, 148)
(91, 280)
(91, 281)
(91, 175)
(91, 287)
(91, 161)
(91, 165)
(91, 169)
(91, 170)
(91, 173)
(91, 303)
(91, 317)
(91, 320)
(91, 194)
(91, 195)
(91, 196)
(91, 325)
(91, 198)
(91, 375)
(91, 209)
(91, 213)
(91, 351)
(91, 224)
(91, 226)
(91, 379)
(91, 114)
(91, 102)
(91, 107)
(91, 364)
(91, 189)
(91, 368)
(91, 369)
(91, 242)
(91, 123)
(91, 117)
(91, 374)
(91, 247)
(91, 121)
(91, 251)
(91, 252)
(92, 386)
(92, 259)
(92, 132)
(92, 390)
(92, 393)
(92, 266)
(92, 151)
(92, 397)
(92, 270)
(92, 131)
(92, 279)
(92, 160)
(92, 182)
(92, 183)
(92, 313)
(92, 139)
(92, 200)
(92, 330)
(92, 204)
(92, 211)
(92, 221)
(92, 96)
(92, 231)
(92, 239)
(92, 241)
(92, 371)
(92, 120)
(92, 380)
(92, 125)
(92, 255)
(93, 98)
(93, 357)
(93, 394)
(93, 205)
(93, 334)
(93, 273)
(93, 153)
(93, 378)
(93, 234)
(94, 256)
(94, 129)
(94, 262)
(94, 391)
(94, 265)
(94, 395)
(94, 140)
(94, 285)
(94, 158)
(94, 134)
(94, 295)
(94, 296)
(94, 184)
(94, 316)
(94, 319)
(94, 326)
(94, 113)
(94, 210)
(94, 338)
(94, 339)
(94, 346)
(94, 95)
(94, 99)
(94, 356)
(94, 229)
(94, 360)
(94, 361)
(94, 365)
(94, 112)
(94, 232)
(94, 370)
(94, 245)
(94, 246)
(94, 191)
(94, 381)
(95, 256)
(95, 389)
(95, 262)
(95, 391)
(95, 265)
(95, 395)
(95, 140)
(95, 285)
(95, 158)
(95, 99)
(95, 134)
(95, 295)
(95, 296)
(95, 184)
(95, 316)
(95, 319)
(95, 193)
(95, 326)
(95, 113)
(95, 210)
(95, 338)
(95, 339)
(95, 216)
(95, 346)
(95, 349)
(95, 355)
(95, 356)
(95, 229)
(95, 360)
(95, 235)
(95, 365)
(95, 112)
(95, 232)
(95, 370)
(95, 245)
(95, 246)
(95, 191)
(95, 381)
(96, 386)
(96, 259)
(96, 132)
(96, 390)
(96, 393)
(96, 266)
(96, 151)
(96, 396)
(96, 397)
(96, 270)
(96, 131)
(96, 279)
(96, 285)
(96, 160)
(96, 175)
(96, 157)
(96, 182)
(96, 265)
(96, 313)
(96, 139)
(96, 330)
(96, 183)
(96, 204)
(96, 211)
(96, 221)
(96, 231)
(96, 239)
(96, 240)
(96, 241)
(96, 371)
(96, 247)
(96, 120)
(96, 121)
(96, 125)
(96, 255)
(97, 195)
(97, 260)
(97, 167)
(97, 332)
(97, 333)
(97, 272)
(97, 369)
(97, 215)
(97, 152)
(97, 217)
(97, 250)
(97, 348)
(97, 318)
(98, 387)
(98, 264)
(98, 394)
(98, 267)
(98, 273)
(98, 277)
(98, 153)
(98, 306)
(98, 177)
(98, 178)
(98, 186)
(98, 138)
(98, 192)
(98, 205)
(98, 212)
(98, 344)
(98, 357)
(98, 234)
(98, 110)
(98, 249)
(98, 378)
(98, 254)
(98, 149)
(99, 129)
(99, 258)
(99, 262)
(99, 391)
(99, 395)
(99, 140)
(99, 271)
(99, 158)
(99, 134)
(99, 210)
(99, 135)
(99, 184)
(99, 316)
(99, 319)
(99, 326)
(99, 109)
(99, 338)
(99, 339)
(99, 223)
(99, 229)
(99, 360)
(99, 361)
(99, 365)
(99, 112)
(99, 113)
(99, 370)
(99, 245)
(99, 246)
(100, 263)
(100, 137)
(100, 268)
(100, 399)
(100, 145)
(100, 284)
(100, 290)
(100, 164)
(100, 294)
(100, 297)
(100, 299)
(100, 301)
(100, 200)
(100, 179)
(100, 309)
(100, 183)
(100, 312)
(100, 187)
(100, 190)
(100, 181)
(100, 324)
(100, 328)
(100, 162)
(100, 337)
(100, 101)
(100, 315)
(100, 228)
(100, 166)
(100, 359)
(100, 116)
(100, 118)
(100, 380)
(101, 192)
(101, 289)
(101, 290)
(101, 228)
(101, 357)
(101, 166)
(101, 328)
(101, 137)
(101, 394)
(101, 301)
(101, 334)
(101, 399)
(101, 205)
(101, 249)
(101, 138)
(101, 126)
(102, 128)
(102, 257)
(102, 132)
(102, 390)
(102, 129)
(102, 108)
(102, 148)
(102, 280)
(102, 281)
(102, 282)
(102, 175)
(102, 287)
(102, 368)
(102, 169)
(102, 171)
(102, 172)
(102, 173)
(102, 303)
(102, 180)
(102, 313)
(102, 317)
(102, 320)
(102, 194)
(102, 196)
(102, 161)
(102, 375)
(102, 204)
(102, 209)
(102, 213)
(102, 351)
(102, 226)
(102, 379)
(102, 107)
(102, 364)
(102, 189)
(102, 240)
(102, 241)
(102, 114)
(102, 123)
(102, 117)
(102, 247)
(102, 121)
(102, 251)
(102, 252)
(103, 384)
(103, 256)
(103, 261)
(103, 391)
(103, 150)
(103, 283)
(103, 154)
(103, 158)
(103, 291)
(103, 298)
(103, 310)
(103, 191)
(103, 193)
(103, 197)
(103, 338)
(103, 346)
(103, 222)
(103, 356)
(103, 104)
(103, 235)
(104, 384)
(104, 256)
(104, 261)
(104, 150)
(104, 154)
(104, 283)
(104, 291)
(104, 298)
(104, 158)
(104, 310)
(104, 191)
(104, 193)
(104, 197)
(104, 222)
(104, 356)
(104, 235)
(105, 130)
(105, 388)
(105, 398)
(105, 275)
(105, 276)
(105, 286)
(105, 163)
(105, 293)
(105, 302)
(105, 176)
(105, 323)
(105, 329)
(105, 335)
(105, 340)
(105, 219)
(105, 352)
(105, 225)
(105, 362)
(105, 237)
(105, 243)
(105, 248)
(105, 124)
(105, 383)
(106, 388)
(106, 398)
(106, 145)
(106, 274)
(106, 275)
(106, 276)
(106, 284)
(106, 286)
(106, 163)
(106, 293)
(106, 297)
(106, 302)
(106, 309)
(106, 312)
(106, 315)
(106, 323)
(106, 329)
(106, 340)
(106, 347)
(106, 352)
(106, 187)
(106, 230)
(106, 359)
(106, 124)
(106, 362)
(106, 237)
(106, 243)
(106, 116)
(106, 380)
(107, 128)
(107, 257)
(107, 133)
(107, 129)
(107, 194)
(107, 148)
(107, 281)
(107, 155)
(107, 287)
(107, 161)
(107, 165)
(107, 167)
(107, 168)
(107, 171)
(107, 114)
(107, 303)
(107, 115)
(107, 351)
(107, 317)
(107, 319)
(107, 320)
(107, 322)
(107, 195)
(107, 196)
(107, 325)
(107, 198)
(107, 201)
(107, 375)
(107, 226)
(107, 209)
(107, 213)
(107, 223)
(107, 354)
(107, 379)
(107, 361)
(107, 108)
(107, 189)
(107, 368)
(107, 242)
(107, 123)
(107, 372)
(107, 117)
(107, 247)
(107, 121)
(107, 251)
(107, 252)
(108, 128)
(108, 257)
(108, 260)
(108, 133)
(108, 194)
(108, 146)
(108, 148)
(108, 280)
(108, 155)
(108, 287)
(108, 161)
(108, 165)
(108, 167)
(108, 168)
(108, 169)
(108, 170)
(108, 173)
(108, 303)
(108, 317)
(108, 320)
(108, 322)
(108, 195)
(108, 325)
(108, 198)
(108, 201)
(108, 209)
(108, 213)
(108, 215)
(108, 348)
(108, 351)
(108, 224)
(108, 354)
(108, 123)
(108, 189)
(108, 368)
(108, 369)
(108, 242)
(108, 115)
(108, 117)
(108, 374)
(108, 375)
(108, 379)
(108, 252)
(109, 258)
(109, 133)
(109, 262)
(109, 135)
(109, 271)
(109, 144)
(109, 155)
(109, 168)
(109, 184)
(109, 319)
(109, 327)
(109, 201)
(109, 208)
(109, 210)
(109, 339)
(109, 223)
(109, 354)
(109, 361)
(109, 112)
(109, 113)
(109, 115)
(109, 372)
(109, 246)
(109, 119)
(109, 253)
(110, 387)
(110, 342)
(110, 264)
(110, 267)
(110, 277)
(110, 153)
(110, 111)
(110, 178)
(110, 174)
(110, 304)
(110, 177)
(110, 306)
(110, 311)
(110, 314)
(110, 207)
(110, 212)
(110, 214)
(110, 344)
(110, 186)
(110, 353)
(110, 357)
(110, 234)
(110, 236)
(110, 238)
(110, 367)
(110, 382)
(110, 249)
(110, 378)
(110, 254)
(110, 149)
(111, 387)
(111, 214)
(111, 364)
(111, 267)
(111, 141)
(111, 142)
(111, 173)
(111, 146)
(111, 277)
(111, 280)
(111, 282)
(111, 169)
(111, 300)
(111, 178)
(111, 174)
(111, 304)
(111, 177)
(111, 306)
(111, 172)
(111, 180)
(111, 311)
(111, 186)
(111, 207)
(111, 382)
(111, 342)
(111, 344)
(111, 345)
(111, 353)
(111, 226)
(111, 236)
(111, 238)
(111, 367)
(111, 373)
(111, 377)
(111, 127)
(111, 254)
(111, 149)
(112, 129)
(112, 258)
(112, 262)
(112, 391)
(112, 395)
(112, 140)
(112, 271)
(112, 155)
(112, 285)
(112, 158)
(112, 134)
(112, 210)
(112, 135)
(112, 184)
(112, 316)
(112, 319)
(112, 326)
(112, 338)
(112, 339)
(112, 346)
(112, 223)
(112, 229)
(112, 360)
(112, 361)
(112, 365)
(112, 113)
(112, 370)
(112, 115)
(112, 372)
(112, 245)
(112, 246)
(112, 119)
(113, 256)
(113, 129)
(113, 262)
(113, 391)
(113, 395)
(113, 140)
(113, 285)
(113, 158)
(113, 134)
(113, 295)
(113, 210)
(113, 135)
(113, 184)
(113, 316)
(113, 319)
(113, 326)
(113, 338)
(113, 339)
(113, 346)
(113, 223)
(113, 229)
(113, 360)
(113, 361)
(113, 365)
(113, 232)
(113, 370)
(113, 245)
(113, 246)
(113, 191)
(113, 381)
(114, 128)
(114, 257)
(114, 386)
(114, 132)
(114, 390)
(114, 393)
(114, 266)
(114, 148)
(114, 280)
(114, 281)
(114, 282)
(114, 157)
(114, 160)
(114, 368)
(114, 171)
(114, 172)
(114, 175)
(114, 180)
(114, 313)
(114, 317)
(114, 194)
(114, 196)
(114, 161)
(114, 330)
(114, 375)
(114, 204)
(114, 209)
(114, 351)
(114, 226)
(114, 123)
(114, 364)
(114, 189)
(114, 240)
(114, 241)
(114, 117)
(114, 247)
(114, 121)
(114, 251)
(114, 252)
(114, 127)
(115, 128)
(115, 129)
(115, 258)
(115, 133)
(115, 135)
(115, 271)
(115, 144)
(115, 155)
(115, 287)
(115, 168)
(115, 171)
(115, 184)
(115, 351)
(115, 319)
(115, 320)
(115, 322)
(115, 198)
(115, 327)
(115, 201)
(115, 119)
(115, 208)
(115, 339)
(115, 213)
(115, 348)
(115, 223)
(115, 354)
(115, 361)
(115, 365)
(115, 370)
(115, 372)
(115, 246)
(115, 375)
(115, 253)
(116, 137)
(116, 399)
(116, 145)
(116, 274)
(116, 284)
(116, 290)
(116, 163)
(116, 164)
(116, 294)
(116, 297)
(116, 299)
(116, 301)
(116, 200)
(116, 179)
(116, 309)
(116, 312)
(116, 315)
(116, 190)
(116, 181)
(116, 328)
(116, 337)
(116, 347)
(116, 187)
(116, 228)
(116, 359)
(116, 118)
(116, 380)
(117, 128)
(117, 257)
(117, 172)
(117, 142)
(117, 146)
(117, 148)
(117, 280)
(117, 156)
(117, 161)
(117, 165)
(117, 169)
(117, 170)
(117, 300)
(117, 173)
(117, 303)
(117, 317)
(117, 194)
(117, 195)
(117, 196)
(117, 325)
(117, 207)
(117, 336)
(117, 209)
(117, 342)
(117, 215)
(117, 351)
(117, 224)
(117, 353)
(117, 226)
(117, 379)
(117, 364)
(117, 189)
(117, 368)
(117, 369)
(117, 242)
(117, 123)
(117, 373)
(117, 374)
(117, 375)
(117, 251)
(117, 252)
(117, 382)
(118, 386)
(118, 263)
(118, 136)
(118, 137)
(118, 268)
(118, 399)
(118, 145)
(118, 290)
(118, 164)
(118, 294)
(118, 297)
(118, 200)
(118, 179)
(118, 181)
(118, 183)
(118, 314)
(118, 324)
(118, 328)
(118, 162)
(118, 337)
(118, 221)
(118, 228)
(118, 166)
(118, 358)
(118, 359)
(118, 236)
(118, 239)
(118, 371)
(118, 120)
(118, 380)
(118, 125)
(118, 126)
(119, 129)
(119, 258)
(119, 133)
(119, 135)
(119, 271)
(119, 144)
(119, 155)
(119, 287)
(119, 168)
(119, 319)
(119, 320)
(119, 322)
(119, 198)
(119, 327)
(119, 201)
(119, 208)
(119, 339)
(119, 213)
(119, 348)
(119, 223)
(119, 354)
(119, 361)
(119, 372)
(119, 246)
(119, 253)
(120, 386)
(120, 259)
(120, 132)
(120, 390)
(120, 136)
(120, 393)
(120, 266)
(120, 139)
(120, 268)
(120, 270)
(120, 151)
(120, 282)
(120, 157)
(120, 160)
(120, 164)
(120, 294)
(120, 175)
(120, 180)
(120, 182)
(120, 183)
(120, 313)
(120, 324)
(120, 200)
(120, 330)
(120, 204)
(120, 337)
(120, 221)
(120, 358)
(120, 239)
(120, 240)
(120, 241)
(120, 371)
(120, 380)
(120, 125)
(120, 127)
(121, 128)
(121, 257)
(121, 132)
(121, 134)
(121, 129)
(121, 393)
(121, 266)
(121, 139)
(121, 140)
(121, 148)
(121, 281)
(121, 155)
(121, 285)
(121, 287)
(121, 160)
(121, 240)
(121, 171)
(121, 175)
(121, 313)
(121, 189)
(121, 319)
(121, 320)
(121, 194)
(121, 196)
(121, 330)
(121, 375)
(121, 204)
(121, 209)
(121, 213)
(121, 351)
(121, 226)
(121, 123)
(121, 231)
(121, 361)
(121, 364)
(121, 365)
(121, 368)
(121, 241)
(121, 370)
(121, 246)
(121, 247)
(121, 251)
(121, 252)
(122, 384)
(122, 385)
(122, 235)
(122, 389)
(122, 265)
(122, 396)
(122, 256)
(122, 143)
(122, 147)
(122, 283)
(122, 218)
(122, 159)
(122, 292)
(122, 295)
(122, 296)
(122, 298)
(122, 310)
(122, 191)
(122, 202)
(122, 341)
(122, 216)
(122, 346)
(122, 349)
(122, 355)
(122, 356)
(122, 360)
(122, 233)
(122, 363)
(122, 232)
(122, 244)
(122, 131)
(122, 376)
(122, 381)
(122, 255)
(123, 128)
(123, 257)
(123, 132)
(123, 390)
(123, 146)
(123, 148)
(123, 280)
(123, 281)
(123, 282)
(123, 157)
(123, 287)
(123, 368)
(123, 169)
(123, 171)
(123, 172)
(123, 173)
(123, 175)
(123, 180)
(123, 313)
(123, 317)
(123, 320)
(123, 194)
(123, 196)
(123, 161)
(123, 375)
(123, 204)
(123, 209)
(123, 213)
(123, 351)
(123, 353)
(123, 226)
(123, 379)
(123, 364)
(123, 189)
(123, 240)
(123, 241)
(123, 247)
(123, 251)
(123, 252)
(123, 127)
(124, 130)
(124, 388)
(124, 398)
(124, 274)
(124, 275)
(124, 276)
(124, 286)
(124, 288)
(124, 219)
(124, 293)
(124, 302)
(124, 176)
(124, 308)
(124, 187)
(124, 323)
(124, 329)
(124, 335)
(124, 163)
(124, 340)
(124, 347)
(124, 350)
(124, 352)
(124, 225)
(124, 230)
(124, 362)
(124, 237)
(124, 243)
(124, 248)
(124, 383)
(125, 386)
(125, 259)
(125, 390)
(125, 266)
(125, 151)
(125, 268)
(125, 397)
(125, 270)
(125, 145)
(125, 131)
(125, 279)
(125, 157)
(125, 160)
(125, 164)
(125, 294)
(125, 181)
(125, 182)
(125, 183)
(125, 313)
(125, 139)
(125, 200)
(125, 330)
(125, 337)
(125, 211)
(125, 221)
(125, 359)
(125, 239)
(125, 241)
(125, 371)
(125, 380)
(126, 387)
(126, 263)
(126, 136)
(126, 137)
(126, 394)
(126, 267)
(126, 268)
(126, 399)
(126, 277)
(126, 153)
(126, 289)
(126, 290)
(126, 162)
(126, 166)
(126, 314)
(126, 138)
(126, 192)
(126, 324)
(126, 328)
(126, 205)
(126, 334)
(126, 228)
(126, 357)
(126, 358)
(126, 236)
(126, 238)
(126, 249)
(126, 254)
(126, 149)
(127, 386)
(127, 387)
(127, 390)
(127, 263)
(127, 136)
(127, 236)
(127, 268)
(127, 149)
(127, 280)
(127, 196)
(127, 282)
(127, 157)
(127, 162)
(127, 172)
(127, 174)
(127, 175)
(127, 304)
(127, 180)
(127, 314)
(127, 324)
(127, 204)
(127, 209)
(127, 342)
(127, 353)
(127, 226)
(127, 358)
(127, 364)
(127, 238)
(127, 240)
(127, 371)
(127, 249)
(127, 251)
(127, 254)
(128, 257)
(128, 132)
(128, 133)
(128, 129)
(128, 146)
(128, 148)
(128, 280)
(128, 281)
(128, 175)
(128, 287)
(128, 161)
(128, 155)
(128, 165)
(128, 169)
(128, 171)
(128, 173)
(128, 303)
(128, 317)
(128, 320)
(128, 194)
(128, 195)
(128, 196)
(128, 325)
(128, 198)
(128, 375)
(128, 204)
(128, 209)
(128, 213)
(128, 351)
(128, 226)
(128, 379)
(128, 364)
(128, 189)
(128, 368)
(128, 242)
(128, 247)
(128, 251)
(128, 252)
(129, 257)
(129, 132)
(129, 133)
(129, 134)
(129, 135)
(129, 140)
(129, 281)
(129, 155)
(129, 285)
(129, 287)
(129, 171)
(129, 184)
(129, 351)
(129, 319)
(129, 320)
(129, 194)
(129, 201)
(129, 375)
(129, 339)
(129, 213)
(129, 223)
(129, 231)
(129, 361)
(129, 365)
(129, 370)
(129, 372)
(129, 245)
(129, 246)
(129, 247)
(130, 388)
(130, 398)
(130, 275)
(130, 276)
(130, 286)
(130, 288)
(130, 176)
(130, 308)
(130, 185)
(130, 188)
(130, 199)
(130, 329)
(130, 206)
(130, 335)
(130, 343)
(130, 219)
(130, 350)
(130, 352)
(130, 225)
(130, 362)
(130, 366)
(130, 243)
(130, 248)
(130, 383)
(131, 259)
(131, 389)
(131, 393)
(131, 266)
(131, 151)
(131, 396)
(131, 397)
(131, 270)
(131, 143)
(131, 147)
(131, 279)
(131, 159)
(131, 160)
(131, 292)
(131, 295)
(131, 296)
(131, 307)
(131, 182)
(131, 265)
(131, 188)
(131, 202)
(131, 321)
(131, 139)
(131, 330)
(131, 269)
(131, 211)
(131, 216)
(131, 218)
(131, 349)
(131, 355)
(131, 231)
(131, 232)
(131, 233)
(131, 239)
(131, 244)
(131, 376)
(131, 255)
(132, 257)
(132, 386)
(132, 259)
(132, 390)
(132, 393)
(132, 266)
(132, 139)
(132, 151)
(132, 281)
(132, 282)
(132, 285)
(132, 160)
(132, 134)
(132, 171)
(132, 175)
(132, 157)
(132, 180)
(132, 182)
(132, 313)
(132, 194)
(132, 196)
(132, 330)
(132, 375)
(132, 204)
(132, 209)
(132, 351)
(132, 226)
(132, 231)
(132, 364)
(132, 365)
(132, 240)
(132, 241)
(132, 370)
(132, 247)
(132, 251)
(133, 258)
(133, 260)
(133, 135)
(133, 271)
(133, 144)
(133, 148)
(133, 155)
(133, 287)
(133, 167)
(133, 168)
(133, 351)
(133, 319)
(133, 320)
(133, 322)
(133, 195)
(133, 198)
(133, 327)
(133, 201)
(133, 333)
(133, 208)
(133, 339)
(133, 213)
(133, 348)
(133, 223)
(133, 354)
(133, 361)
(133, 242)
(133, 372)
(133, 375)
(133, 379)
(133, 252)
(133, 253)
(134, 265)
(134, 266)
(134, 396)
(134, 281)
(134, 155)
(134, 285)
(134, 160)
(134, 295)
(134, 296)
(134, 171)
(134, 393)
(134, 184)
(134, 313)
(134, 223)
(134, 319)
(134, 320)
(134, 326)
(134, 140)
(134, 339)
(134, 213)
(134, 346)
(134, 351)
(134, 229)
(134, 231)
(134, 360)
(134, 361)
(134, 365)
(134, 232)
(134, 370)
(134, 245)
(134, 246)
(134, 247)
(134, 381)
(135, 258)
(135, 271)
(135, 144)
(135, 155)
(135, 287)
(135, 168)
(135, 184)
(135, 319)
(135, 320)
(135, 322)
(135, 327)
(135, 201)
(135, 208)
(135, 210)
(135, 339)
(135, 213)
(135, 223)
(135, 354)
(135, 361)
(135, 372)
(135, 246)
(135, 253)
(136, 386)
(136, 387)
(136, 390)
(136, 263)
(136, 236)
(136, 268)
(136, 149)
(136, 282)
(136, 157)
(136, 162)
(136, 164)
(136, 294)
(136, 172)
(136, 174)
(136, 175)
(136, 200)
(136, 180)
(136, 183)
(136, 314)
(136, 324)
(136, 328)
(136, 337)
(136, 353)
(136, 228)
(136, 166)
(136, 358)
(136, 364)
(136, 238)
(136, 240)
(136, 371)
(136, 249)
(136, 254)
(137, 263)
(137, 138)
(137, 268)
(137, 399)
(137, 284)
(137, 289)
(137, 290)
(137, 164)
(137, 294)
(137, 297)
(137, 299)
(137, 301)
(137, 200)
(137, 179)
(137, 181)
(137, 314)
(137, 190)
(137, 192)
(137, 324)
(137, 328)
(137, 162)
(137, 337)
(137, 228)
(137, 166)
(137, 249)
(138, 387)
(138, 394)
(138, 267)
(138, 273)
(138, 277)
(138, 153)
(138, 289)
(138, 290)
(138, 166)
(138, 314)
(138, 192)
(138, 162)
(138, 334)
(138, 205)
(138, 357)
(138, 234)
(138, 249)
(138, 254)
(139, 386)
(139, 259)
(139, 390)
(139, 393)
(139, 266)
(139, 151)
(139, 396)
(139, 397)
(139, 279)
(139, 285)
(139, 160)
(139, 175)
(139, 182)
(139, 265)
(139, 313)
(139, 330)
(139, 204)
(139, 211)
(139, 221)
(139, 231)
(139, 239)
(139, 241)
(139, 371)
(139, 247)
(139, 255)
(140, 256)
(140, 389)
(140, 393)
(140, 266)
(140, 396)
(140, 218)
(140, 285)
(140, 295)
(140, 296)
(140, 171)
(140, 265)
(140, 184)
(140, 319)
(140, 326)
(140, 338)
(140, 216)
(140, 346)
(140, 349)
(140, 355)
(140, 229)
(140, 231)
(140, 360)
(140, 233)
(140, 365)
(140, 232)
(140, 370)
(140, 245)
(140, 246)
(140, 381)
(141, 214)
(141, 142)
(141, 146)
(141, 280)
(141, 156)
(141, 169)
(141, 170)
(141, 300)
(141, 173)
(141, 305)
(141, 311)
(141, 325)
(141, 331)
(141, 207)
(141, 336)
(141, 342)
(141, 345)
(141, 220)
(141, 224)
(141, 367)
(141, 373)
(141, 374)
(141, 377)
(141, 382)
(142, 214)
(142, 172)
(142, 189)
(142, 146)
(142, 280)
(142, 156)
(142, 161)
(142, 165)
(142, 169)
(142, 170)
(142, 300)
(142, 173)
(142, 174)
(142, 303)
(142, 304)
(142, 305)
(142, 311)
(142, 317)
(142, 325)
(142, 207)
(142, 336)
(142, 209)
(142, 342)
(142, 345)
(142, 220)
(142, 224)
(142, 353)
(142, 226)
(142, 364)
(142, 367)
(142, 368)
(142, 373)
(142, 374)
(142, 377)
(142, 382)
(143, 384)
(143, 385)
(143, 389)
(143, 392)
(143, 265)
(143, 396)
(143, 397)
(143, 147)
(143, 278)
(143, 279)
(143, 159)
(143, 292)
(143, 295)
(143, 296)
(143, 307)
(143, 310)
(143, 185)
(143, 188)
(143, 321)
(143, 202)
(143, 203)
(143, 206)
(143, 269)
(143, 227)
(143, 341)
(143, 216)
(143, 218)
(143, 349)
(143, 355)
(143, 232)
(143, 233)
(143, 363)
(143, 211)
(143, 244)
(143, 376)
(143, 255)
(144, 258)
(144, 271)
(144, 155)
(144, 287)
(144, 168)
(144, 319)
(144, 320)
(144, 322)
(144, 327)
(144, 201)
(144, 208)
(144, 210)
(144, 339)
(144, 213)
(144, 348)
(144, 223)
(144, 354)
(144, 361)
(144, 372)
(144, 253)
(145, 388)
(145, 268)
(145, 270)
(145, 399)
(145, 274)
(145, 284)
(145, 163)
(145, 164)
(145, 294)
(145, 297)
(145, 299)
(145, 302)
(145, 200)
(145, 179)
(145, 309)
(145, 183)
(145, 187)
(145, 181)
(145, 328)
(145, 337)
(145, 221)
(145, 315)
(145, 230)
(145, 359)
(145, 239)
(145, 380)
(146, 214)
(146, 148)
(146, 280)
(146, 156)
(146, 161)
(146, 165)
(146, 169)
(146, 170)
(146, 300)
(146, 173)
(146, 303)
(146, 305)
(146, 311)
(146, 317)
(146, 195)
(146, 325)
(146, 331)
(146, 207)
(146, 336)
(146, 209)
(146, 342)
(146, 215)
(146, 345)
(146, 220)
(146, 224)
(146, 353)
(146, 226)
(146, 189)
(146, 368)
(146, 369)
(146, 242)
(146, 373)
(146, 374)
(146, 377)
(146, 379)
(146, 252)
(146, 382)
(147, 384)
(147, 385)
(147, 389)
(147, 392)
(147, 396)
(147, 269)
(147, 278)
(147, 283)
(147, 159)
(147, 292)
(147, 296)
(147, 307)
(147, 310)
(147, 185)
(147, 188)
(147, 321)
(147, 202)
(147, 203)
(147, 206)
(147, 227)
(147, 341)
(147, 216)
(147, 218)
(147, 349)
(147, 355)
(147, 233)
(147, 363)
(147, 211)
(147, 244)
(147, 376)
(147, 255)
(148, 257)
(148, 280)
(148, 281)
(148, 175)
(148, 287)
(148, 161)
(148, 155)
(148, 165)
(148, 167)
(148, 169)
(148, 170)
(148, 173)
(148, 303)
(148, 317)
(148, 320)
(148, 194)
(148, 195)
(148, 196)
(148, 325)
(148, 198)
(148, 201)
(148, 375)
(148, 209)
(148, 213)
(148, 351)
(148, 226)
(148, 379)
(148, 364)
(148, 189)
(148, 368)
(148, 242)
(148, 247)
(148, 251)
(148, 252)
(149, 387)
(149, 342)
(149, 263)
(149, 267)
(149, 277)
(149, 282)
(149, 157)
(149, 162)
(149, 166)
(149, 172)
(149, 174)
(149, 304)
(149, 306)
(149, 180)
(149, 314)
(149, 324)
(149, 207)
(149, 214)
(149, 344)
(149, 353)
(149, 228)
(149, 357)
(149, 358)
(149, 236)
(149, 238)
(149, 367)
(149, 382)
(149, 249)
(149, 254)
(150, 256)
(150, 261)
(150, 391)
(150, 154)
(150, 291)
(150, 298)
(150, 158)
(150, 191)
(150, 193)
(150, 197)
(150, 338)
(150, 222)
(150, 356)
(150, 235)
(151, 386)
(151, 259)
(151, 390)
(151, 393)
(151, 266)
(151, 396)
(151, 397)
(151, 270)
(151, 279)
(151, 160)
(151, 292)
(151, 182)
(151, 183)
(151, 313)
(151, 330)
(151, 204)
(151, 211)
(151, 221)
(151, 231)
(151, 239)
(151, 241)
(151, 371)
(151, 380)
(151, 255)
(152, 260)
(152, 332)
(152, 333)
(152, 272)
(152, 217)
(152, 250)
(152, 318)
(153, 387)
(153, 394)
(153, 267)
(153, 273)
(153, 277)
(153, 289)
(153, 177)
(153, 306)
(153, 192)
(153, 205)
(153, 334)
(153, 212)
(153, 344)
(153, 357)
(153, 234)
(153, 249)
(153, 378)
(153, 254)
(154, 384)
(154, 256)
(154, 261)
(154, 283)
(154, 291)
(154, 298)
(154, 158)
(154, 310)
(154, 191)
(154, 193)
(154, 197)
(154, 222)
(154, 356)
(154, 235)
(155, 271)
(155, 281)
(155, 287)
(155, 168)
(155, 171)
(155, 184)
(155, 351)
(155, 319)
(155, 320)
(155, 322)
(155, 198)
(155, 327)
(155, 201)
(155, 375)
(155, 208)
(155, 339)
(155, 213)
(155, 223)
(155, 354)
(155, 361)
(155, 365)
(155, 370)
(155, 372)
(155, 245)
(155, 246)
(155, 247)
(155, 252)
(156, 161)
(156, 165)
(156, 169)
(156, 170)
(156, 300)
(156, 173)
(156, 303)
(156, 305)
(156, 325)
(156, 331)
(156, 332)
(156, 336)
(156, 215)
(156, 345)
(156, 220)
(156, 224)
(156, 369)
(156, 242)
(156, 373)
(156, 374)
(156, 377)
(156, 250)
(157, 386)
(157, 259)
(157, 390)
(157, 263)
(157, 236)
(157, 268)
(157, 196)
(157, 282)
(157, 160)
(157, 162)
(157, 172)
(157, 174)
(157, 175)
(157, 180)
(157, 183)
(157, 313)
(157, 314)
(157, 194)
(157, 324)
(157, 200)
(157, 330)
(157, 204)
(157, 209)
(157, 353)
(157, 226)
(157, 358)
(157, 364)
(157, 238)
(157, 240)
(157, 241)
(157, 371)
(157, 247)
(157, 251)
(158, 256)
(158, 262)
(158, 391)
(158, 395)
(158, 291)
(158, 184)
(158, 316)
(158, 191)
(158, 193)
(158, 326)
(158, 210)
(158, 346)
(158, 222)
(158, 356)
(158, 229)
(158, 360)
(158, 235)
(158, 338)
(158, 245)
(158, 381)
(159, 384)
(159, 385)
(159, 392)
(159, 269)
(159, 278)
(159, 292)
(159, 307)
(159, 310)
(159, 185)
(159, 188)
(159, 321)
(159, 199)
(159, 202)
(159, 203)
(159, 206)
(159, 211)
(159, 341)
(159, 218)
(159, 227)
(159, 233)
(159, 363)
(159, 366)
(159, 244)
(159, 376)
(159, 255)
(160, 386)
(160, 259)
(160, 390)
(160, 393)
(160, 266)
(160, 396)
(160, 397)
(160, 281)
(160, 285)
(160, 171)
(160, 175)
(160, 182)
(160, 265)
(160, 313)
(160, 196)
(160, 330)
(160, 204)
(160, 231)
(160, 240)
(160, 241)
(160, 371)
(160, 247)
(160, 251)
(161, 257)
(161, 280)
(161, 287)
(161, 165)
(161, 167)
(161, 169)
(161, 170)
(161, 300)
(161, 173)
(161, 303)
(161, 317)
(161, 194)
(161, 195)
(161, 196)
(161, 325)
(161, 198)
(161, 336)
(161, 209)
(161, 215)
(161, 351)
(161, 224)
(161, 226)
(161, 379)
(161, 364)
(161, 189)
(161, 368)
(161, 369)
(161, 242)
(161, 373)
(161, 374)
(161, 375)
(161, 251)
(161, 252)
(162, 387)
(162, 263)
(162, 268)
(162, 399)
(162, 282)
(162, 289)
(162, 290)
(162, 164)
(162, 294)
(162, 200)
(162, 179)
(162, 181)
(162, 183)
(162, 314)
(162, 324)
(162, 328)
(162, 337)
(162, 228)
(162, 166)
(162, 358)
(162, 236)
(162, 238)
(162, 371)
(162, 249)
(162, 254)
(163, 388)
(163, 398)
(163, 274)
(163, 275)
(163, 276)
(163, 284)
(163, 286)
(163, 293)
(163, 297)
(163, 302)
(163, 309)
(163, 312)
(163, 187)
(163, 323)
(163, 329)
(163, 340)
(163, 347)
(163, 315)
(163, 230)
(163, 362)
(163, 237)
(163, 243)
(164, 263)
(164, 268)
(164, 399)
(164, 284)
(164, 290)
(164, 294)
(164, 297)
(164, 299)
(164, 301)
(164, 200)
(164, 179)
(164, 181)
(164, 183)
(164, 314)
(164, 315)
(164, 190)
(164, 324)
(164, 328)
(164, 337)
(164, 221)
(164, 228)
(164, 166)
(164, 358)
(164, 359)
(164, 371)
(164, 380)
(165, 260)
(165, 280)
(165, 167)
(165, 169)
(165, 170)
(165, 300)
(165, 173)
(165, 303)
(165, 189)
(165, 195)
(165, 325)
(165, 198)
(165, 331)
(165, 332)
(165, 336)
(165, 215)
(165, 224)
(165, 317)
(165, 368)
(165, 369)
(165, 242)
(165, 373)
(165, 374)
(165, 250)
(165, 379)
(165, 252)
(166, 387)
(166, 263)
(166, 268)
(166, 399)
(166, 289)
(166, 290)
(166, 294)
(166, 200)
(166, 179)
(166, 181)
(166, 183)
(166, 314)
(166, 324)
(166, 328)
(166, 337)
(166, 228)
(166, 358)
(166, 236)
(166, 238)
(166, 371)
(166, 249)
(166, 254)
(167, 260)
(167, 272)
(167, 168)
(167, 170)
(167, 303)
(167, 318)
(167, 322)
(167, 195)
(167, 325)
(167, 198)
(167, 327)
(167, 201)
(167, 332)
(167, 333)
(167, 336)
(167, 215)
(167, 217)
(167, 348)
(167, 224)
(167, 354)
(167, 369)
(167, 242)
(167, 250)
(167, 379)
(167, 253)
(168, 258)
(168, 260)
(168, 271)
(168, 287)
(168, 320)
(168, 322)
(168, 195)
(168, 198)
(168, 327)
(168, 201)
(168, 333)
(168, 208)
(168, 339)
(168, 213)
(168, 348)
(168, 223)
(168, 354)
(168, 361)
(168, 372)
(168, 253)
(169, 257)
(169, 214)
(169, 172)
(169, 189)
(169, 280)
(169, 170)
(169, 300)
(169, 173)
(169, 174)
(169, 303)
(169, 304)
(169, 305)
(169, 180)
(169, 311)
(169, 317)
(169, 194)
(169, 325)
(169, 207)
(169, 336)
(169, 209)
(169, 342)
(169, 345)
(169, 220)
(169, 224)
(169, 353)
(169, 226)
(169, 251)
(169, 364)
(169, 367)
(169, 368)
(169, 242)
(169, 373)
(169, 374)
(169, 377)
(169, 379)
(169, 252)
(169, 382)
(170, 280)
(170, 300)
(170, 173)
(170, 303)
(170, 305)
(170, 317)
(170, 195)
(170, 325)
(170, 331)
(170, 332)
(170, 336)
(170, 215)
(170, 345)
(170, 220)
(170, 224)
(170, 189)
(170, 368)
(170, 369)
(170, 242)
(170, 373)
(170, 374)
(170, 377)
(170, 250)
(170, 379)
(170, 252)
(171, 257)
(171, 265)
(171, 266)
(171, 281)
(171, 285)
(171, 287)
(171, 175)
(171, 393)
(171, 184)
(171, 313)
(171, 223)
(171, 319)
(171, 320)
(171, 194)
(171, 196)
(171, 247)
(171, 204)
(171, 209)
(171, 339)
(171, 213)
(171, 351)
(171, 231)
(171, 361)
(171, 365)
(171, 241)
(171, 370)
(171, 245)
(171, 246)
(171, 375)
(171, 251)
(172, 257)
(172, 386)
(172, 387)
(172, 342)
(172, 390)
(172, 236)
(172, 280)
(172, 282)
(172, 368)
(172, 300)
(172, 173)
(172, 174)
(172, 175)
(172, 304)
(172, 180)
(172, 317)
(172, 194)
(172, 196)
(172, 204)
(172, 207)
(172, 209)
(172, 214)
(172, 353)
(172, 226)
(172, 358)
(172, 364)
(172, 238)
(172, 189)
(172, 240)
(172, 251)
(172, 382)
(173, 257)
(173, 214)
(173, 189)
(173, 280)
(173, 300)
(173, 174)
(173, 303)
(173, 304)
(173, 305)
(173, 180)
(173, 311)
(173, 317)
(173, 325)
(173, 331)
(173, 207)
(173, 336)
(173, 209)
(173, 342)
(173, 345)
(173, 220)
(173, 224)
(173, 353)
(173, 226)
(173, 364)
(173, 367)
(173, 368)
(173, 242)
(173, 373)
(173, 374)
(173, 377)
(173, 379)
(173, 252)
(173, 382)
(174, 387)
(174, 214)
(174, 263)
(174, 236)
(174, 267)
(174, 277)
(174, 280)
(174, 282)
(174, 300)
(174, 304)
(174, 306)
(174, 180)
(174, 311)
(174, 314)
(174, 324)
(174, 207)
(174, 342)
(174, 344)
(174, 353)
(174, 226)
(174, 358)
(174, 364)
(174, 238)
(174, 367)
(174, 240)
(174, 382)
(174, 249)
(174, 254)
(175, 257)
(175, 386)
(175, 259)
(175, 390)
(175, 393)
(175, 266)
(175, 281)
(175, 282)
(175, 368)
(175, 180)
(175, 313)
(175, 189)
(175, 194)
(175, 196)
(175, 330)
(175, 375)
(175, 204)
(175, 209)
(175, 351)
(175, 353)
(175, 226)
(175, 364)
(175, 238)
(175, 240)
(175, 241)
(175, 371)
(175, 247)
(175, 251)
(175, 252)
(176, 388)
(176, 392)
(176, 269)
(176, 398)
(176, 276)
(176, 286)
(176, 288)
(176, 307)
(176, 308)
(176, 185)
(176, 188)
(176, 321)
(176, 199)
(176, 329)
(176, 206)
(176, 335)
(176, 343)
(176, 219)
(176, 350)
(176, 352)
(176, 225)
(176, 227)
(176, 362)
(176, 366)
(176, 383)
(177, 387)
(177, 264)
(177, 267)
(177, 277)
(177, 306)
(177, 304)
(177, 178)
(177, 311)
(177, 186)
(177, 207)
(177, 212)
(177, 214)
(177, 344)
(177, 357)
(177, 234)
(177, 367)
(177, 382)
(177, 378)
(177, 254)
(178, 264)
(178, 267)
(178, 277)
(178, 304)
(178, 306)
(178, 311)
(178, 186)
(178, 207)
(178, 212)
(178, 214)
(178, 344)
(178, 345)
(178, 234)
(178, 367)
(178, 378)
(179, 263)
(179, 268)
(179, 399)
(179, 284)
(179, 290)
(179, 294)
(179, 297)
(179, 299)
(179, 301)
(179, 200)
(179, 309)
(179, 183)
(179, 312)
(179, 187)
(179, 190)
(179, 181)
(179, 324)
(179, 328)
(179, 337)
(179, 221)
(179, 315)
(179, 228)
(179, 359)
(179, 380)
(180, 257)
(180, 386)
(180, 387)
(180, 390)
(180, 364)
(180, 280)
(180, 196)
(180, 282)
(180, 368)
(180, 317)
(180, 194)
(180, 324)
(180, 204)
(180, 209)
(180, 342)
(180, 353)
(180, 226)
(180, 358)
(180, 236)
(180, 238)
(180, 189)
(180, 240)
(180, 241)
(180, 371)
(180, 247)
(180, 251)
(180, 252)
(180, 382)
(181, 263)
(181, 268)
(181, 270)
(181, 399)
(181, 284)
(181, 290)
(181, 294)
(181, 297)
(181, 299)
(181, 301)
(181, 200)
(181, 183)
(181, 315)
(181, 190)
(181, 324)
(181, 328)
(181, 337)
(181, 221)
(181, 228)
(181, 358)
(181, 359)
(181, 239)
(181, 371)
(181, 380)
(182, 386)
(182, 259)
(182, 390)
(182, 393)
(182, 266)
(182, 396)
(182, 397)
(182, 270)
(182, 279)
(182, 265)
(182, 292)
(182, 183)
(182, 313)
(182, 330)
(182, 204)
(182, 211)
(182, 221)
(182, 231)
(182, 239)
(182, 241)
(182, 371)
(182, 255)
(183, 386)
(183, 259)
(183, 390)
(183, 263)
(183, 268)
(183, 270)
(183, 399)
(183, 294)
(183, 297)
(183, 200)
(183, 324)
(183, 328)
(183, 330)
(183, 337)
(183, 221)
(183, 228)
(183, 358)
(183, 359)
(183, 236)
(183, 239)
(183, 371)
(183, 380)
(184, 262)
(184, 391)
(184, 265)
(184, 285)
(184, 295)
(184, 210)
(184, 316)
(184, 319)
(184, 326)
(184, 338)
(184, 339)
(184, 346)
(184, 223)
(184, 229)
(184, 360)
(184, 361)
(184, 365)
(184, 232)
(184, 370)
(184, 245)
(184, 246)
(184, 381)
(185, 385)
(185, 392)
(185, 269)
(185, 276)
(185, 278)
(185, 279)
(185, 288)
(185, 292)
(185, 307)
(185, 308)
(185, 188)
(185, 321)
(185, 199)
(185, 203)
(185, 206)
(185, 335)
(185, 211)
(185, 343)
(185, 219)
(185, 350)
(185, 352)
(185, 227)
(185, 363)
(185, 366)
(185, 244)
(186, 387)
(186, 342)
(186, 264)
(186, 277)
(186, 304)
(186, 306)
(186, 311)
(186, 267)
(186, 207)
(186, 212)
(186, 214)
(186, 344)
(186, 345)
(186, 234)
(186, 367)
(186, 382)
(186, 377)
(186, 378)
(186, 254)
(187, 388)
(187, 398)
(187, 274)
(187, 275)
(187, 284)
(187, 293)
(187, 297)
(187, 299)
(187, 301)
(187, 302)
(187, 309)
(187, 312)
(187, 315)
(187, 190)
(187, 323)
(187, 340)
(187, 347)
(187, 359)
(187, 237)
(188, 385)
(188, 388)
(188, 392)
(188, 269)
(188, 270)
(188, 276)
(188, 278)
(188, 279)
(188, 288)
(188, 219)
(188, 292)
(188, 307)
(188, 308)
(188, 321)
(188, 199)
(188, 329)
(188, 203)
(188, 206)
(188, 397)
(188, 211)
(188, 398)
(188, 343)
(188, 335)
(188, 350)
(188, 352)
(188, 227)
(188, 230)
(188, 366)
(188, 244)
(189, 257)
(189, 280)
(189, 281)
(189, 282)
(189, 287)
(189, 368)
(189, 300)
(189, 303)
(189, 317)
(189, 194)
(189, 196)
(189, 325)
(189, 375)
(189, 204)
(189, 209)
(189, 342)
(189, 351)
(189, 353)
(189, 226)
(189, 379)
(189, 364)
(189, 240)
(189, 242)
(189, 247)
(189, 251)
(189, 252)
(190, 399)
(190, 284)
(190, 290)
(190, 297)
(190, 299)
(190, 301)
(190, 309)
(190, 312)
(190, 315)
(190, 328)
(190, 337)
(190, 347)
(191, 384)
(191, 256)
(191, 389)
(191, 262)
(191, 391)
(191, 395)
(191, 283)
(191, 218)
(191, 261)
(191, 291)
(191, 295)
(191, 296)
(191, 298)
(191, 310)
(191, 316)
(191, 193)
(191, 326)
(191, 338)
(191, 216)
(191, 346)
(191, 349)
(191, 222)
(191, 355)
(191, 356)
(191, 229)
(191, 360)
(191, 233)
(191, 235)
(191, 232)
(191, 381)
(192, 289)
(192, 290)
(192, 357)
(192, 394)
(192, 205)
(192, 334)
(192, 273)
(192, 249)
(192, 234)
(193, 256)
(193, 261)
(193, 262)
(193, 391)
(193, 395)
(193, 291)
(193, 298)
(193, 316)
(193, 197)
(193, 326)
(193, 338)
(193, 346)
(193, 222)
(193, 356)
(193, 229)
(193, 360)
(193, 235)
(194, 257)
(194, 386)
(194, 390)
(194, 266)
(194, 280)
(194, 281)
(194, 282)
(194, 287)
(194, 368)
(194, 313)
(194, 317)
(194, 320)
(194, 196)
(194, 375)
(194, 204)
(194, 209)
(194, 213)
(194, 351)
(194, 226)
(194, 379)
(194, 364)
(194, 240)
(194, 241)
(194, 247)
(194, 251)
(194, 252)
(195, 260)
(195, 287)
(195, 303)
(195, 317)
(195, 320)
(195, 322)
(195, 325)
(195, 198)
(195, 201)
(195, 332)
(195, 333)
(195, 336)
(195, 215)
(195, 348)
(195, 224)
(195, 354)
(195, 368)
(195, 369)
(195, 242)
(195, 374)
(195, 250)
(195, 379)
(195, 252)
(196, 257)
(196, 386)
(196, 390)
(196, 393)
(196, 266)
(196, 280)
(196, 281)
(196, 282)
(196, 368)
(196, 313)
(196, 317)
(196, 330)
(196, 375)
(196, 204)
(196, 209)
(196, 213)
(196, 351)
(196, 226)
(196, 364)
(196, 240)
(196, 241)
(196, 247)
(196, 251)
(196, 252)
(197, 291)
(197, 356)
(197, 261)
(197, 298)
(197, 222)
(198, 260)
(198, 287)
(198, 303)
(198, 320)
(198, 322)
(198, 325)
(198, 327)
(198, 201)
(198, 333)
(198, 208)
(198, 213)
(198, 215)
(198, 348)
(198, 223)
(198, 354)
(198, 369)
(198, 242)
(198, 372)
(198, 379)
(198, 252)
(198, 253)
(199, 385)
(199, 388)
(199, 392)
(199, 269)
(199, 398)
(199, 276)
(199, 278)
(199, 279)
(199, 286)
(199, 288)
(199, 307)
(199, 308)
(199, 321)
(199, 329)
(199, 203)
(199, 206)
(199, 335)
(199, 343)
(199, 219)
(199, 350)
(199, 352)
(199, 225)
(199, 227)
(199, 230)
(199, 366)
(199, 383)
(200, 386)
(200, 259)
(200, 390)
(200, 263)
(200, 270)
(200, 399)
(200, 294)
(200, 297)
(200, 314)
(200, 324)
(200, 328)
(200, 268)
(200, 337)
(200, 221)
(200, 228)
(200, 358)
(200, 359)
(200, 239)
(200, 371)
(200, 380)
(201, 258)
(201, 260)
(201, 271)
(201, 287)
(201, 319)
(201, 320)
(201, 322)
(201, 327)
(201, 333)
(201, 208)
(201, 339)
(201, 213)
(201, 348)
(201, 223)
(201, 354)
(201, 361)
(201, 242)
(201, 372)
(201, 379)
(201, 253)
(202, 384)
(202, 385)
(202, 389)
(202, 392)
(202, 265)
(202, 396)
(202, 278)
(202, 283)
(202, 292)
(202, 295)
(202, 296)
(202, 307)
(202, 310)
(202, 321)
(202, 203)
(202, 227)
(202, 341)
(202, 216)
(202, 218)
(202, 349)
(202, 355)
(202, 232)
(202, 233)
(202, 363)
(202, 211)
(202, 244)
(202, 376)
(202, 255)
(203, 385)
(203, 392)
(203, 278)
(203, 292)
(203, 307)
(203, 321)
(203, 206)
(203, 341)
(203, 343)
(203, 227)
(203, 363)
(203, 366)
(203, 244)
(203, 376)
(204, 257)
(204, 386)
(204, 259)
(204, 390)
(204, 393)
(204, 266)
(204, 281)
(204, 282)
(204, 313)
(204, 330)
(204, 375)
(204, 209)
(204, 351)
(204, 226)
(204, 231)
(204, 364)
(204, 240)
(204, 241)
(204, 371)
(204, 247)
(204, 251)
(205, 289)
(205, 357)
(205, 394)
(205, 334)
(205, 273)
(205, 234)
(206, 385)
(206, 388)
(206, 392)
(206, 269)
(206, 276)
(206, 278)
(206, 279)
(206, 288)
(206, 292)
(206, 307)
(206, 308)
(206, 321)
(206, 329)
(206, 335)
(206, 211)
(206, 343)
(206, 219)
(206, 350)
(206, 352)
(206, 227)
(206, 230)
(206, 366)
(207, 342)
(207, 264)
(207, 277)
(207, 280)
(207, 300)
(207, 304)
(207, 305)
(207, 306)
(207, 311)
(207, 317)
(207, 214)
(207, 344)
(207, 345)
(207, 220)
(207, 353)
(207, 238)
(207, 367)
(207, 373)
(207, 374)
(207, 377)
(207, 382)
(208, 258)
(208, 271)
(208, 287)
(208, 319)
(208, 320)
(208, 322)
(208, 327)
(208, 333)
(208, 339)
(208, 213)
(208, 348)
(208, 223)
(208, 354)
(208, 361)
(208, 372)
(208, 253)
(209, 257)
(209, 390)
(209, 280)
(209, 281)
(209, 282)
(209, 368)
(209, 313)
(209, 317)
(209, 375)
(209, 351)
(209, 353)
(209, 226)
(209, 379)
(209, 364)
(209, 240)
(209, 241)
(209, 247)
(209, 251)
(209, 252)
(210, 258)
(210, 262)
(210, 391)
(210, 395)
(210, 271)
(210, 223)
(210, 316)
(210, 319)
(210, 326)
(210, 338)
(210, 339)
(210, 361)
(210, 245)
(210, 246)
(211, 385)
(211, 389)
(211, 392)
(211, 396)
(211, 397)
(211, 270)
(211, 278)
(211, 279)
(211, 288)
(211, 292)
(211, 307)
(211, 308)
(211, 321)
(211, 269)
(211, 227)
(211, 349)
(211, 355)
(211, 233)
(211, 366)
(211, 239)
(211, 244)
(211, 376)
(211, 255)
(212, 264)
(212, 267)
(212, 277)
(212, 304)
(212, 306)
(212, 311)
(212, 344)
(212, 357)
(212, 234)
(212, 367)
(212, 378)
(213, 257)
(213, 271)
(213, 281)
(213, 287)
(213, 351)
(213, 319)
(213, 320)
(213, 322)
(213, 327)
(213, 375)
(213, 339)
(213, 223)
(213, 354)
(213, 361)
(213, 365)
(213, 368)
(213, 370)
(213, 372)
(213, 246)
(213, 247)
(213, 379)
(213, 252)
(214, 387)
(214, 264)
(214, 267)
(214, 277)
(214, 280)
(214, 300)
(214, 304)
(214, 306)
(214, 311)
(214, 342)
(214, 344)
(214, 345)
(214, 220)
(214, 353)
(214, 238)
(214, 367)
(214, 373)
(214, 377)
(214, 382)
(215, 260)
(215, 272)
(215, 303)
(215, 318)
(215, 322)
(215, 325)
(215, 331)
(215, 332)
(215, 333)
(215, 336)
(215, 217)
(215, 348)
(215, 224)
(215, 369)
(215, 242)
(215, 374)
(215, 250)
(215, 379)
(216, 384)
(216, 256)
(216, 389)
(216, 265)
(216, 396)
(216, 218)
(216, 283)
(216, 285)
(216, 292)
(216, 295)
(216, 296)
(216, 310)
(216, 346)
(216, 349)
(216, 355)
(216, 356)
(216, 229)
(216, 360)
(216, 233)
(216, 235)
(216, 232)
(216, 244)
(216, 376)
(216, 381)
(216, 255)
(217, 260)
(217, 332)
(217, 333)
(217, 272)
(217, 369)
(217, 250)
(217, 318)
(218, 384)
(218, 256)
(218, 389)
(218, 265)
(218, 396)
(218, 283)
(218, 292)
(218, 295)
(218, 296)
(218, 298)
(218, 310)
(218, 341)
(218, 346)
(218, 349)
(218, 355)
(218, 356)
(218, 229)
(218, 360)
(218, 233)
(218, 235)
(218, 232)
(218, 244)
(218, 376)
(218, 381)
(218, 255)
(219, 388)
(219, 392)
(219, 269)
(219, 398)
(219, 276)
(219, 279)
(219, 286)
(219, 288)
(219, 307)
(219, 308)
(219, 321)
(219, 329)
(219, 335)
(219, 343)
(219, 350)
(219, 352)
(219, 225)
(219, 227)
(219, 230)
(219, 362)
(219, 366)
(219, 383)
(220, 300)
(220, 305)
(220, 311)
(220, 325)
(220, 331)
(220, 336)
(220, 377)
(220, 345)
(220, 224)
(220, 373)
(220, 374)
(220, 382)
(221, 386)
(221, 259)
(221, 279)
(221, 397)
(221, 270)
(221, 294)
(221, 297)
(221, 328)
(221, 268)
(221, 330)
(221, 269)
(221, 337)
(221, 230)
(221, 359)
(221, 239)
(221, 371)
(221, 380)
(222, 256)
(222, 261)
(222, 262)
(222, 391)
(222, 395)
(222, 283)
(222, 291)
(222, 298)
(222, 310)
(222, 338)
(222, 346)
(222, 356)
(222, 316)
(222, 235)
(223, 258)
(223, 271)
(223, 287)
(223, 319)
(223, 320)
(223, 322)
(223, 327)
(223, 339)
(223, 351)
(223, 354)
(223, 361)
(223, 365)
(223, 370)
(223, 372)
(223, 245)
(223, 246)
(223, 375)
(223, 253)
(224, 280)
(224, 300)
(224, 303)
(224, 305)
(224, 317)
(224, 325)
(224, 331)
(224, 332)
(224, 336)
(224, 345)
(224, 369)
(224, 242)
(224, 373)
(224, 374)
(224, 377)
(224, 250)
(224, 379)
(225, 388)
(225, 398)
(225, 275)
(225, 276)
(225, 286)
(225, 288)
(225, 293)
(225, 302)
(225, 308)
(225, 329)
(225, 335)
(225, 343)
(225, 350)
(225, 352)
(225, 362)
(225, 366)
(225, 243)
(225, 248)
(225, 383)
(226, 257)
(226, 386)
(226, 390)
(226, 280)
(226, 281)
(226, 282)
(226, 368)
(226, 300)
(226, 317)
(226, 375)
(226, 342)
(226, 351)
(226, 353)
(226, 379)
(226, 364)
(226, 238)
(226, 240)
(226, 241)
(226, 247)
(226, 251)
(226, 252)
(226, 382)
(227, 385)
(227, 392)
(227, 269)
(227, 276)
(227, 278)
(227, 279)
(227, 288)
(227, 292)
(227, 307)
(227, 308)
(227, 321)
(227, 397)
(227, 343)
(227, 335)
(227, 350)
(227, 352)
(227, 230)
(227, 363)
(227, 366)
(227, 244)
(228, 387)
(228, 263)
(228, 268)
(228, 399)
(228, 289)
(228, 290)
(228, 294)
(228, 314)
(228, 324)
(228, 328)
(228, 337)
(228, 358)
(228, 236)
(228, 238)
(228, 371)
(228, 249)
(228, 380)
(229, 256)
(229, 389)
(229, 262)
(229, 391)
(229, 265)
(229, 396)
(229, 285)
(229, 295)
(229, 296)
(229, 316)
(229, 319)
(229, 326)
(229, 338)
(229, 346)
(229, 349)
(229, 355)
(229, 356)
(229, 231)
(229, 360)
(229, 233)
(229, 235)
(229, 365)
(229, 232)
(229, 370)
(229, 245)
(229, 246)
(229, 381)
(230, 388)
(230, 397)
(230, 398)
(230, 274)
(230, 276)
(230, 279)
(230, 286)
(230, 288)
(230, 297)
(230, 302)
(230, 308)
(230, 329)
(230, 269)
(230, 270)
(230, 350)
(230, 352)
(230, 359)
(230, 366)
(230, 239)
(230, 380)
(231, 259)
(231, 389)
(231, 393)
(231, 266)
(231, 396)
(231, 281)
(231, 285)
(231, 295)
(231, 296)
(231, 265)
(231, 313)
(231, 232)
(231, 330)
(231, 349)
(231, 355)
(231, 360)
(231, 233)
(231, 365)
(231, 241)
(231, 370)
(231, 245)
(231, 247)
(231, 381)
(231, 255)
(232, 384)
(232, 256)
(232, 389)
(232, 393)
(232, 396)
(232, 283)
(232, 285)
(232, 292)
(232, 295)
(232, 296)
(232, 310)
(232, 265)
(232, 326)
(232, 338)
(232, 346)
(232, 349)
(232, 355)
(232, 356)
(232, 360)
(232, 233)
(232, 235)
(232, 365)
(232, 370)
(232, 244)
(232, 245)
(232, 381)
(232, 255)
(233, 384)
(233, 256)
(233, 389)
(233, 265)
(233, 396)
(233, 283)
(233, 285)
(233, 292)
(233, 295)
(233, 296)
(233, 310)
(233, 346)
(233, 349)
(233, 355)
(233, 356)
(233, 360)
(233, 235)
(233, 244)
(233, 376)
(233, 381)
(233, 255)
(234, 394)
(234, 267)
(234, 273)
(234, 277)
(234, 306)
(234, 334)
(234, 344)
(234, 357)
(234, 378)
(234, 254)
(235, 384)
(235, 256)
(235, 389)
(235, 391)
(235, 283)
(235, 261)
(235, 291)
(235, 295)
(235, 296)
(235, 298)
(235, 310)
(235, 326)
(235, 338)
(235, 346)
(235, 349)
(235, 355)
(235, 356)
(235, 360)
(235, 381)
(236, 386)
(236, 387)
(236, 390)
(236, 263)
(236, 268)
(236, 277)
(236, 282)
(236, 304)
(236, 306)
(236, 314)
(236, 324)
(236, 328)
(236, 342)
(236, 353)
(236, 358)
(236, 364)
(236, 238)
(236, 240)
(236, 371)
(236, 249)
(236, 254)
(237, 388)
(237, 398)
(237, 274)
(237, 275)
(237, 286)
(237, 293)
(237, 284)
(237, 302)
(237, 309)
(237, 312)
(237, 315)
(237, 323)
(237, 329)
(237, 340)
(237, 347)
(237, 362)
(237, 243)
(238, 386)
(238, 387)
(238, 390)
(238, 263)
(238, 267)
(238, 268)
(238, 277)
(238, 282)
(238, 304)
(238, 306)
(238, 314)
(238, 324)
(238, 342)
(238, 353)
(238, 358)
(238, 364)
(238, 240)
(238, 382)
(238, 249)
(238, 254)
(239, 259)
(239, 279)
(239, 397)
(239, 270)
(239, 288)
(239, 294)
(239, 297)
(239, 308)
(239, 330)
(239, 269)
(239, 337)
(239, 359)
(239, 371)
(239, 380)
(240, 257)
(240, 386)
(240, 259)
(240, 390)
(240, 266)
(240, 281)
(240, 282)
(240, 313)
(240, 324)
(240, 330)
(240, 375)
(240, 351)
(240, 353)
(240, 358)
(240, 364)
(240, 241)
(240, 371)
(240, 247)
(240, 251)
(241, 257)
(241, 386)
(241, 259)
(241, 390)
(241, 393)
(241, 266)
(241, 281)
(241, 282)
(241, 313)
(241, 330)
(241, 375)
(241, 351)
(241, 364)
(241, 371)
(241, 247)
(241, 251)
(242, 260)
(242, 280)
(242, 287)
(242, 303)
(242, 317)
(242, 322)
(242, 325)
(242, 331)
(242, 336)
(242, 348)
(242, 368)
(242, 369)
(242, 374)
(242, 250)
(242, 379)
(242, 252)
(243, 388)
(243, 398)
(243, 274)
(243, 275)
(243, 286)
(243, 293)
(243, 302)
(243, 323)
(243, 329)
(243, 340)
(243, 347)
(243, 362)
(243, 248)
(243, 383)
(244, 384)
(244, 385)
(244, 389)
(244, 392)
(244, 265)
(244, 396)
(244, 397)
(244, 278)
(244, 279)
(244, 283)
(244, 292)
(244, 295)
(244, 296)
(244, 307)
(244, 310)
(244, 321)
(244, 269)
(244, 341)
(244, 349)
(244, 355)
(244, 363)
(244, 376)
(244, 255)
(245, 262)
(245, 391)
(245, 265)
(245, 396)
(245, 285)
(245, 295)
(245, 296)
(245, 316)
(245, 319)
(245, 326)
(245, 338)
(245, 339)
(245, 346)
(245, 360)
(245, 361)
(245, 365)
(245, 370)
(245, 246)
(245, 381)
(246, 262)
(246, 281)
(246, 285)
(246, 287)
(246, 295)
(246, 319)
(246, 320)
(246, 326)
(246, 338)
(246, 339)
(246, 360)
(246, 361)
(246, 365)
(246, 370)
(246, 372)
(246, 381)
(247, 257)
(247, 386)
(247, 259)
(247, 390)
(247, 393)
(247, 266)
(247, 281)
(247, 282)
(247, 287)
(247, 313)
(247, 320)
(247, 330)
(247, 351)
(247, 364)
(247, 365)
(247, 368)
(247, 370)
(247, 375)
(247, 251)
(247, 252)
(248, 352)
(248, 323)
(248, 388)
(248, 293)
(248, 329)
(248, 362)
(248, 398)
(248, 335)
(248, 275)
(248, 340)
(248, 302)
(248, 276)
(248, 286)
(248, 383)
(249, 387)
(249, 263)
(249, 394)
(249, 267)
(249, 268)
(249, 277)
(249, 289)
(249, 290)
(249, 306)
(249, 314)
(249, 324)
(249, 328)
(249, 357)
(249, 358)
(249, 254)
(250, 260)
(250, 272)
(250, 303)
(250, 318)
(250, 325)
(250, 331)
(250, 332)
(250, 336)
(250, 369)
(250, 374)
(251, 257)
(251, 386)
(251, 390)
(251, 266)
(251, 280)
(251, 281)
(251, 282)
(251, 313)
(251, 317)
(251, 351)
(251, 353)
(251, 364)
(251, 368)
(251, 375)
(251, 252)
(252, 257)
(252, 280)
(252, 281)
(252, 287)
(252, 303)
(252, 317)
(252, 320)
(252, 325)
(252, 351)
(252, 364)
(252, 368)
(252, 375)
(252, 379)
(253, 258)
(253, 260)
(253, 271)
(253, 287)
(253, 322)
(253, 327)
(253, 333)
(253, 348)
(253, 354)
(253, 372)
(254, 387)
(254, 263)
(254, 394)
(254, 267)
(254, 277)
(254, 289)
(254, 304)
(254, 306)
(254, 314)
(254, 324)
(254, 344)
(254, 353)
(254, 357)
(254, 358)
(254, 378)
(255, 389)
(255, 393)
(255, 396)
(255, 397)
(255, 279)
(255, 292)
(255, 295)
(255, 296)
(255, 307)
(255, 265)
(255, 321)
(255, 269)
(255, 349)
(255, 355)
(255, 376)
(255, 381)
(256, 384)
(256, 389)
(256, 391)
(256, 265)
(256, 283)
(256, 261)
(256, 291)
(256, 295)
(256, 296)
(256, 298)
(256, 310)
(256, 326)
(256, 338)
(256, 346)
(256, 349)
(256, 355)
(256, 356)
(256, 360)
(256, 381)
(257, 280)
(257, 281)
(257, 282)
(257, 287)
(257, 303)
(257, 313)
(257, 317)
(257, 320)
(257, 351)
(257, 364)
(257, 368)
(257, 375)
(257, 379)
(258, 271)
(258, 319)
(258, 327)
(258, 339)
(258, 354)
(258, 361)
(258, 372)
(259, 386)
(259, 390)
(259, 393)
(259, 266)
(259, 279)
(259, 397)
(259, 270)
(259, 282)
(259, 313)
(259, 330)
(259, 371)
(259, 380)
(260, 272)
(260, 303)
(260, 318)
(260, 322)
(260, 327)
(260, 333)
(260, 348)
(260, 354)
(260, 369)
(260, 379)
(261, 283)
(261, 291)
(261, 298)
(261, 310)
(261, 356)
(262, 391)
(262, 395)
(262, 338)
(262, 316)
(262, 326)
(262, 346)
(262, 360)
(263, 386)
(263, 387)
(263, 390)
(263, 268)
(263, 399)
(263, 282)
(263, 290)
(263, 294)
(263, 314)
(263, 324)
(263, 328)
(263, 337)
(263, 358)
(263, 371)
(264, 267)
(264, 277)
(264, 304)
(264, 306)
(264, 311)
(264, 344)
(264, 345)
(264, 367)
(264, 377)
(264, 378)
(265, 384)
(265, 389)
(265, 393)
(265, 266)
(265, 396)
(265, 285)
(265, 292)
(265, 295)
(265, 296)
(265, 313)
(265, 326)
(265, 346)
(265, 349)
(265, 355)
(265, 360)
(265, 365)
(265, 370)
(265, 381)
(266, 386)
(266, 390)
(266, 393)
(266, 396)
(266, 281)
(266, 285)
(266, 313)
(266, 330)
(266, 351)
(266, 365)
(266, 370)
(266, 371)
(267, 387)
(267, 394)
(267, 277)
(267, 304)
(267, 306)
(267, 311)
(267, 314)
(267, 344)
(267, 357)
(267, 367)
(267, 378)
(268, 386)
(268, 390)
(268, 399)
(268, 282)
(268, 290)
(268, 294)
(268, 297)
(268, 314)
(268, 324)
(268, 328)
(268, 337)
(268, 358)
(268, 359)
(268, 371)
(268, 380)
(269, 388)
(269, 392)
(269, 397)
(269, 270)
(269, 279)
(269, 288)
(269, 292)
(269, 307)
(269, 308)
(269, 321)
(269, 343)
(269, 350)
(269, 352)
(269, 366)
(269, 276)
(270, 388)
(270, 397)
(270, 279)
(270, 288)
(270, 294)
(270, 297)
(270, 308)
(270, 330)
(270, 350)
(270, 359)
(270, 371)
(270, 380)
(271, 287)
(271, 319)
(271, 320)
(271, 322)
(271, 327)
(271, 339)
(271, 354)
(271, 361)
(271, 372)
(272, 332)
(272, 333)
(272, 318)
(273, 289)
(273, 357)
(273, 394)
(273, 334)
(274, 388)
(274, 398)
(274, 275)
(274, 276)
(274, 284)
(274, 286)
(274, 293)
(274, 297)
(274, 299)
(274, 302)
(274, 309)
(274, 312)
(274, 315)
(274, 323)
(274, 329)
(274, 340)
(274, 347)
(274, 359)
(274, 362)
(275, 388)
(275, 398)
(275, 276)
(275, 286)
(275, 293)
(275, 302)
(275, 323)
(275, 329)
(275, 340)
(275, 347)
(275, 352)
(275, 362)
(275, 383)
(276, 388)
(276, 398)
(276, 286)
(276, 288)
(276, 302)
(276, 308)
(276, 329)
(276, 335)
(276, 343)
(276, 350)
(276, 352)
(276, 362)
(276, 366)
(276, 383)
(277, 387)
(277, 304)
(277, 306)
(277, 311)
(277, 314)
(277, 342)
(277, 344)
(277, 353)
(277, 357)
(277, 367)
(277, 378)
(277, 382)
(278, 385)
(278, 392)
(278, 292)
(278, 307)
(278, 321)
(278, 341)
(278, 343)
(278, 363)
(278, 366)
(278, 376)
(279, 397)
(279, 288)
(279, 292)
(279, 307)
(279, 308)
(279, 321)
(279, 350)
(279, 366)
(279, 380)
(280, 282)
(280, 300)
(280, 303)
(280, 304)
(280, 311)
(280, 317)
(280, 325)
(280, 336)
(280, 342)
(280, 345)
(280, 353)
(280, 364)
(280, 367)
(280, 368)
(280, 373)
(280, 374)
(280, 379)
(280, 382)
(281, 393)
(281, 287)
(281, 285)
(281, 313)
(281, 319)
(281, 320)
(281, 351)
(281, 361)
(281, 364)
(281, 365)
(281, 368)
(281, 370)
(281, 375)
(282, 386)
(282, 387)
(282, 390)
(282, 314)
(282, 324)
(282, 330)
(282, 342)
(282, 353)
(282, 358)
(282, 364)
(282, 371)
(283, 384)
(283, 389)
(283, 291)
(283, 295)
(283, 296)
(283, 298)
(283, 310)
(283, 341)
(283, 346)
(283, 349)
(283, 355)
(283, 356)
(283, 363)
(283, 376)
(284, 399)
(284, 290)
(284, 294)
(284, 297)
(284, 299)
(284, 301)
(284, 309)
(284, 312)
(284, 315)
(284, 328)
(284, 337)
(284, 347)
(284, 359)
(285, 389)
(285, 393)
(285, 396)
(285, 295)
(285, 296)
(285, 313)
(285, 319)
(285, 326)
(285, 346)
(285, 349)
(285, 355)
(285, 360)
(285, 365)
(285, 370)
(285, 381)
(286, 388)
(286, 398)
(286, 288)
(286, 293)
(286, 302)
(286, 308)
(286, 323)
(286, 329)
(286, 335)
(286, 340)
(286, 343)
(286, 350)
(286, 352)
(286, 362)
(286, 366)
(286, 383)
(287, 319)
(287, 320)
(287, 322)
(287, 327)
(287, 339)
(287, 348)
(287, 351)
(287, 354)
(287, 361)
(287, 365)
(287, 368)
(287, 372)
(287, 375)
(287, 379)
(288, 388)
(288, 392)
(288, 397)
(288, 398)
(288, 307)
(288, 308)
(288, 321)
(288, 329)
(288, 335)
(288, 343)
(288, 350)
(288, 352)
(288, 366)
(288, 383)
(289, 394)
(289, 290)
(289, 314)
(289, 334)
(289, 357)
(290, 394)
(290, 399)
(290, 299)
(290, 301)
(290, 314)
(290, 328)
(290, 337)
(291, 384)
(291, 298)
(291, 310)
(291, 338)
(291, 356)
(292, 384)
(292, 385)
(292, 389)
(292, 392)
(292, 307)
(292, 396)
(292, 397)
(292, 296)
(292, 321)
(292, 341)
(292, 349)
(292, 355)
(292, 363)
(292, 366)
(292, 376)
(293, 388)
(293, 398)
(293, 302)
(293, 309)
(293, 323)
(293, 329)
(293, 340)
(293, 347)
(293, 362)
(293, 383)
(294, 386)
(294, 399)
(294, 297)
(294, 324)
(294, 328)
(294, 337)
(294, 358)
(294, 359)
(294, 371)
(294, 380)
(295, 384)
(295, 389)
(295, 393)
(295, 396)
(295, 296)
(295, 310)
(295, 326)
(295, 338)
(295, 346)
(295, 349)
(295, 355)
(295, 356)
(295, 360)
(295, 365)
(295, 370)
(295, 381)
(296, 384)
(296, 389)
(296, 396)
(296, 310)
(296, 326)
(296, 338)
(296, 346)
(296, 349)
(296, 355)
(296, 356)
(296, 360)
(296, 376)
(296, 381)
(297, 399)
(297, 299)
(297, 301)
(297, 302)
(297, 309)
(297, 312)
(297, 315)
(297, 328)
(297, 337)
(297, 347)
(297, 359)
(297, 380)
(298, 384)
(298, 310)
(298, 356)
(299, 399)
(299, 301)
(299, 309)
(299, 312)
(299, 315)
(299, 328)
(299, 337)
(299, 347)
(300, 303)
(300, 304)
(300, 305)
(300, 311)
(300, 317)
(300, 325)
(300, 331)
(300, 336)
(300, 342)
(300, 345)
(300, 353)
(300, 367)
(300, 373)
(300, 374)
(300, 377)
(300, 382)
(301, 399)
(301, 312)
(301, 315)
(301, 309)
(301, 328)
(301, 337)
(301, 347)
(302, 388)
(302, 398)
(302, 309)
(302, 312)
(302, 315)
(302, 323)
(302, 329)
(302, 347)
(302, 352)
(302, 362)
(302, 340)
(302, 383)
(303, 317)
(303, 325)
(303, 331)
(303, 336)
(303, 368)
(303, 369)
(303, 373)
(303, 374)
(303, 379)
(304, 387)
(304, 306)
(304, 311)
(304, 342)
(304, 344)
(304, 345)
(304, 353)
(304, 367)
(304, 373)
(304, 377)
(304, 378)
(304, 382)
(305, 311)
(305, 325)
(305, 331)
(305, 336)
(305, 345)
(305, 369)
(305, 373)
(305, 374)
(305, 377)
(306, 387)
(306, 311)
(306, 314)
(306, 342)
(306, 344)
(306, 353)
(306, 357)
(306, 367)
(306, 378)
(306, 382)
(307, 385)
(307, 392)
(307, 397)
(307, 308)
(307, 321)
(307, 335)
(307, 341)
(307, 343)
(307, 350)
(307, 352)
(307, 363)
(307, 366)
(307, 376)
(308, 388)
(308, 392)
(308, 397)
(308, 398)
(308, 321)
(308, 329)
(308, 335)
(308, 343)
(308, 350)
(308, 352)
(308, 362)
(308, 366)
(308, 383)
(309, 399)
(309, 312)
(309, 323)
(309, 340)
(309, 347)
(309, 315)
(310, 384)
(310, 385)
(310, 389)
(310, 341)
(310, 346)
(310, 349)
(310, 355)
(310, 356)
(310, 363)
(310, 376)
(311, 342)
(311, 344)
(311, 345)
(311, 353)
(311, 367)
(311, 373)
(311, 377)
(311, 382)
(312, 399)
(312, 323)
(312, 340)
(312, 347)
(312, 315)
(313, 386)
(313, 390)
(313, 393)
(313, 396)
(313, 330)
(313, 351)
(313, 364)
(313, 365)
(313, 370)
(313, 371)
(313, 375)
(314, 387)
(314, 324)
(314, 328)
(314, 357)
(314, 358)
(315, 399)
(315, 323)
(315, 337)
(315, 340)
(315, 347)
(315, 359)
(315, 380)
(316, 391)
(316, 395)
(316, 326)
(316, 356)
(316, 338)
(317, 325)
(317, 336)
(317, 342)
(317, 351)
(317, 353)
(317, 364)
(317, 368)
(317, 369)
(317, 373)
(317, 374)
(317, 375)
(317, 379)
(317, 382)
(318, 332)
(318, 333)
(319, 320)
(319, 326)
(319, 339)
(319, 351)
(319, 361)
(319, 365)
(319, 370)
(319, 372)
(319, 375)
(320, 322)
(320, 327)
(320, 339)
(320, 351)
(320, 354)
(320, 361)
(320, 365)
(320, 368)
(320, 370)
(320, 372)
(320, 375)
(320, 379)
(321, 385)
(321, 392)
(321, 397)
(321, 335)
(321, 341)
(321, 343)
(321, 350)
(321, 352)
(321, 363)
(321, 366)
(321, 376)
(322, 327)
(322, 333)
(322, 348)
(322, 354)
(322, 361)
(322, 372)
(322, 379)
(323, 388)
(323, 398)
(323, 329)
(323, 340)
(323, 347)
(323, 362)
(324, 386)
(324, 387)
(324, 390)
(324, 399)
(324, 328)
(324, 337)
(324, 358)
(324, 371)
(325, 331)
(325, 332)
(325, 336)
(325, 368)
(325, 369)
(325, 373)
(325, 374)
(325, 379)
(326, 391)
(326, 395)
(326, 338)
(326, 339)
(326, 346)
(326, 356)
(326, 360)
(326, 365)
(326, 370)
(326, 381)
(327, 339)
(327, 333)
(327, 348)
(327, 354)
(327, 361)
(327, 372)
(328, 399)
(328, 337)
(328, 358)
(328, 359)
(328, 371)
(328, 380)
(329, 388)
(329, 398)
(329, 335)
(329, 340)
(329, 343)
(329, 350)
(329, 352)
(329, 362)
(329, 366)
(329, 383)
(330, 386)
(330, 390)
(330, 393)
(330, 397)
(330, 371)
(331, 332)
(331, 336)
(331, 345)
(331, 369)
(331, 373)
(331, 374)
(331, 377)
(332, 336)
(332, 369)
(333, 348)
(333, 354)
(334, 357)
(334, 394)
(335, 388)
(335, 392)
(335, 398)
(335, 343)
(335, 350)
(335, 352)
(335, 362)
(335, 366)
(335, 383)
(336, 345)
(336, 369)
(336, 373)
(336, 374)
(336, 377)
(336, 379)
(337, 399)
(337, 358)
(337, 359)
(337, 371)
(337, 380)
(338, 391)
(338, 395)
(338, 346)
(338, 356)
(338, 360)
(338, 381)
(339, 354)
(339, 361)
(339, 365)
(339, 370)
(339, 372)
(340, 398)
(340, 388)
(340, 347)
(340, 362)
(341, 384)
(341, 385)
(341, 392)
(341, 363)
(341, 376)
(342, 387)
(342, 344)
(342, 345)
(342, 353)
(342, 364)
(342, 367)
(342, 373)
(342, 377)
(342, 382)
(343, 388)
(343, 392)
(343, 398)
(343, 350)
(343, 352)
(343, 366)
(343, 383)
(344, 387)
(344, 357)
(344, 367)
(344, 378)
(344, 382)
(345, 367)
(345, 373)
(345, 374)
(345, 377)
(345, 382)
(346, 384)
(346, 389)
(346, 391)
(346, 396)
(346, 349)
(346, 355)
(346, 356)
(346, 360)
(346, 370)
(346, 381)
(347, 398)
(348, 354)
(348, 369)
(348, 372)
(348, 379)
(349, 384)
(349, 389)
(349, 396)
(349, 355)
(349, 356)
(349, 360)
(349, 376)
(349, 381)
(350, 388)
(350, 392)
(350, 397)
(350, 398)
(350, 352)
(350, 362)
(350, 366)
(350, 383)
(351, 361)
(351, 364)
(351, 365)
(351, 368)
(351, 370)
(351, 375)
(351, 379)
(352, 388)
(352, 398)
(352, 362)
(352, 366)
(352, 383)
(353, 387)
(353, 367)
(353, 358)
(353, 364)
(353, 382)
(354, 361)
(354, 372)
(355, 384)
(355, 389)
(355, 396)
(355, 356)
(355, 360)
(355, 376)
(355, 381)
(356, 384)
(356, 389)
(356, 391)
(356, 360)
(356, 381)
(357, 394)
(357, 387)
(357, 378)
(358, 386)
(358, 387)
(358, 390)
(358, 364)
(358, 371)
(359, 399)
(359, 371)
(359, 380)
(360, 384)
(360, 389)
(360, 391)
(360, 396)
(360, 365)
(360, 370)
(360, 381)
(361, 365)
(361, 370)
(361, 372)
(361, 375)
(362, 388)
(362, 398)
(362, 383)
(363, 384)
(363, 385)
(363, 392)
(363, 376)
(364, 386)
(364, 390)
(364, 368)
(364, 375)
(365, 393)
(365, 396)
(365, 370)
(365, 375)
(365, 381)
(366, 385)
(366, 388)
(366, 392)
(366, 398)
(367, 387)
(367, 373)
(367, 377)
(367, 378)
(367, 382)
(368, 379)
(368, 375)
(369, 373)
(369, 374)
(369, 379)
(370, 393)
(370, 396)
(370, 375)
(370, 381)
(371, 386)
(371, 390)
(371, 380)
(373, 374)
(373, 377)
(373, 382)
(374, 377)
(374, 379)
(374, 382)
(375, 379)
(376, 384)
(376, 385)
(376, 389)
(376, 392)
(377, 382)
(378, 387)
(380, 397)
(380, 399)
(381, 384)
(381, 389)
(381, 393)
(381, 396)
(382, 387)
(383, 388)
(383, 398)
(384, 385)
(384, 389)
(384, 396)
(385, 392)
(386, 390)
(386, 393)
(388, 398)
(389, 396)
(390, 393)
(391, 395)
(393, 396)
