#Nodes
0
1
2
3
4
5
6
7
8
9
10
11
12
13
14
15
16
17
18
19
20
21
22
23
24
25
26
27
28
29
30
31
32
33
34
35
36
37
38
39
40
41
42
43
44
45
46
47
48
49
50
51
52
53
54
55
56
57
58
59
60
61
62
63
64
65
66
67
68
69
70
71
72
73
74
75
76
77
78
79
80
81
82
83
84
85
86
87
88
89
90
91
92
93
94
95
96
97
98
99
100
101
102
103
104
105
106
107
108
109
110
111
112
113
114
115
116
117
118
119
120
121
122
123
124
125
126
127
128
129
130
131
132
133
134
135
136
137
138
139
140
141
142
143
144
145
146
147
148
149
150
151
152
153
154
155
156
157
158
159
160
161
162
163
164
165
166
167
168
169
170
171
172
173
174
175
176
177
178
179
180
181
182
183
184
185
186
187
188
189
190
191
192
193
194
195
196
197
198
199
200
201
202
203
204
205
206
207
208
209
210
211
212
213
214
215
216
217
218
219
220
221
222
223
224
225
226
227
228
229
230
231
232
233
234
235
236
237
238
239
240
241
242
243
244
245
246
247
248
249
250
251
252
253
254
255
256
257
258
259
260
261
262
263
264
265
266
267
268
269
270
271
272
273
274
275
276
277
278
279
280
281
282
283
284
285
286
287
288
289
290
291
292
293
294
295
296
297
298
299
300
301
302
303
304
305
306
307
308
309
310
311
312
313
314
315
316
317
318
319
320
321
322
323
324
325
326
327
328
329
330
331
332
333
334
335
336
337
338
339
340
341
342
343
344
345
346
347
348
349
350
351
352
353
354
355
356
357
358
359
360
361
362
363
364
365
366
367
368
369
370
371
372
373
374
375
376
377
378
379
380
381
382
383
384
385
386
387
388
389
390
391
392
393
394
395
396
397
398
399
#Edges
(0, 386)
(0, 135)
(0, 267)
(0, 2)
(0, 151)
(0, 68)
(0, 288)
(0, 291)
(0, 164)
(0, 56)
(0, 187)
(0, 192)
(0, 322)
(0, 195)
(0, 324)
(0, 211)
(0, 340)
(0, 343)
(0, 354)
(0, 228)
(0, 358)
(0, 359)
(0, 104)
(0, 243)
(1, 384)
(1, 256)
(1, 261)
(1, 30)
(1, 7)
(1, 266)
(1, 139)
(1, 12)
(1, 141)
(1, 16)
(1, 19)
(1, 276)
(1, 21)
(1, 150)
(1, 27)
(1, 5)
(1, 286)
(1, 31)
(1, 289)
(1, 34)
(1, 37)
(1, 167)
(1, 297)
(1, 42)
(1, 302)
(1, 128)
(1, 308)
(1, 158)
(1, 315)
(1, 318)
(1, 191)
(1, 67)
(1, 161)
(1, 202)
(1, 77)
(1, 206)
(1, 13)
(1, 208)
(1, 339)
(1, 341)
(1, 89)
(1, 102)
(1, 108)
(1, 365)
(1, 367)
(1, 368)
(1, 62)
(1, 120)
(1, 148)
(1, 250)
(1, 251)
(2, 192)
(2, 354)
(2, 323)
(2, 68)
(2, 198)
(2, 358)
(2, 104)
(2, 23)
(2, 386)
(2, 91)
(2, 243)
(2, 340)
(2, 151)
(2, 344)
(2, 378)
(2, 379)
(2, 211)
(3, 387)
(3, 388)
(3, 81)
(3, 236)
(3, 138)
(3, 269)
(3, 43)
(3, 131)
(3, 277)
(3, 278)
(3, 260)
(3, 29)
(3, 160)
(3, 176)
(3, 162)
(3, 165)
(3, 41)
(3, 298)
(3, 299)
(3, 300)
(3, 174)
(3, 175)
(3, 304)
(3, 306)
(3, 179)
(3, 310)
(3, 9)
(3, 184)
(3, 58)
(3, 316)
(3, 32)
(3, 66)
(3, 197)
(3, 199)
(3, 328)
(3, 201)
(3, 203)
(3, 332)
(3, 335)
(3, 80)
(3, 337)
(3, 121)
(3, 216)
(3, 345)
(3, 220)
(3, 223)
(3, 101)
(3, 103)
(3, 233)
(3, 364)
(3, 238)
(3, 114)
(3, 117)
(3, 249)
(3, 149)
(4, 129)
(4, 259)
(4, 137)
(4, 10)
(4, 395)
(4, 399)
(4, 22)
(4, 112)
(4, 39)
(4, 168)
(4, 169)
(4, 170)
(4, 171)
(4, 50)
(4, 51)
(4, 40)
(4, 312)
(4, 187)
(4, 65)
(4, 11)
(4, 325)
(4, 75)
(4, 334)
(4, 207)
(4, 56)
(4, 212)
(4, 215)
(4, 79)
(4, 349)
(4, 351)
(4, 96)
(4, 97)
(4, 100)
(4, 357)
(4, 360)
(4, 105)
(4, 362)
(4, 240)
(4, 113)
(4, 242)
(4, 126)
(4, 252)
(4, 254)
(5, 257)
(5, 261)
(5, 7)
(5, 8)
(5, 394)
(5, 139)
(5, 12)
(5, 141)
(5, 16)
(5, 276)
(5, 149)
(5, 150)
(5, 283)
(5, 29)
(5, 159)
(5, 27)
(5, 41)
(5, 178)
(5, 59)
(5, 60)
(5, 266)
(5, 318)
(5, 191)
(5, 321)
(5, 69)
(5, 81)
(5, 339)
(5, 341)
(5, 342)
(5, 90)
(5, 221)
(5, 223)
(5, 230)
(5, 232)
(5, 108)
(5, 369)
(5, 83)
(5, 62)
(5, 119)
(5, 248)
(5, 148)
(5, 380)
(5, 381)
(5, 21)
(6, 107)
(6, 133)
(6, 279)
(6, 154)
(6, 156)
(6, 290)
(6, 163)
(6, 296)
(6, 176)
(6, 180)
(6, 309)
(6, 183)
(6, 188)
(6, 190)
(6, 320)
(6, 194)
(6, 92)
(6, 224)
(6, 98)
(6, 363)
(6, 370)
(6, 122)
(6, 383)
(7, 384)
(7, 261)
(7, 8)
(7, 394)
(7, 139)
(7, 12)
(7, 141)
(7, 16)
(7, 276)
(7, 21)
(7, 150)
(7, 27)
(7, 158)
(7, 31)
(7, 37)
(7, 297)
(7, 302)
(7, 178)
(7, 30)
(7, 286)
(7, 266)
(7, 318)
(7, 191)
(7, 67)
(7, 202)
(7, 77)
(7, 13)
(7, 120)
(7, 339)
(7, 341)
(7, 342)
(7, 89)
(7, 90)
(7, 102)
(7, 230)
(7, 108)
(7, 365)
(7, 368)
(7, 369)
(7, 62)
(7, 119)
(7, 248)
(7, 148)
(7, 250)
(8, 257)
(8, 258)
(8, 261)
(8, 394)
(8, 141)
(8, 16)
(8, 276)
(8, 149)
(8, 283)
(8, 29)
(8, 32)
(8, 27)
(8, 41)
(8, 302)
(8, 178)
(8, 60)
(8, 266)
(8, 318)
(8, 191)
(8, 66)
(8, 69)
(8, 328)
(8, 119)
(8, 81)
(8, 339)
(8, 342)
(8, 90)
(8, 223)
(8, 148)
(8, 230)
(8, 232)
(8, 108)
(8, 238)
(8, 239)
(8, 369)
(8, 83)
(8, 373)
(8, 375)
(8, 248)
(8, 249)
(8, 380)
(8, 21)
(9, 387)
(9, 389)
(9, 134)
(9, 236)
(9, 269)
(9, 131)
(9, 277)
(9, 278)
(9, 153)
(9, 160)
(9, 162)
(9, 298)
(9, 299)
(9, 300)
(9, 174)
(9, 175)
(9, 304)
(9, 306)
(9, 179)
(9, 52)
(9, 310)
(9, 184)
(9, 58)
(9, 95)
(9, 32)
(9, 66)
(9, 197)
(9, 199)
(9, 328)
(9, 201)
(9, 203)
(9, 332)
(9, 78)
(9, 335)
(9, 80)
(9, 337)
(9, 121)
(9, 216)
(9, 345)
(9, 220)
(9, 93)
(9, 223)
(9, 225)
(9, 227)
(9, 101)
(9, 103)
(9, 235)
(9, 364)
(9, 238)
(9, 111)
(9, 114)
(9, 117)
(9, 249)
(10, 128)
(10, 259)
(10, 22)
(10, 137)
(10, 395)
(10, 399)
(10, 17)
(10, 274)
(10, 19)
(10, 150)
(10, 31)
(10, 112)
(10, 87)
(10, 167)
(10, 168)
(10, 169)
(10, 170)
(10, 40)
(10, 312)
(10, 314)
(10, 315)
(10, 62)
(10, 65)
(10, 325)
(10, 75)
(10, 79)
(10, 208)
(10, 215)
(10, 350)
(10, 352)
(10, 97)
(10, 100)
(10, 357)
(10, 105)
(10, 362)
(10, 39)
(10, 240)
(10, 113)
(10, 242)
(10, 124)
(11, 129)
(11, 135)
(11, 393)
(11, 267)
(11, 399)
(11, 22)
(11, 282)
(11, 159)
(11, 288)
(11, 112)
(11, 291)
(11, 164)
(11, 65)
(11, 113)
(11, 181)
(11, 312)
(11, 185)
(11, 187)
(11, 189)
(11, 63)
(11, 321)
(11, 322)
(11, 195)
(11, 324)
(11, 325)
(11, 200)
(11, 330)
(11, 75)
(11, 76)
(11, 333)
(11, 56)
(11, 212)
(11, 57)
(11, 15)
(11, 221)
(11, 59)
(11, 228)
(11, 360)
(11, 105)
(11, 39)
(11, 240)
(11, 232)
(11, 242)
(11, 245)
(11, 247)
(11, 252)
(11, 381)
(12, 384)
(12, 256)
(12, 261)
(12, 266)
(12, 139)
(12, 141)
(12, 16)
(12, 19)
(12, 276)
(12, 21)
(12, 150)
(12, 27)
(12, 286)
(12, 31)
(12, 289)
(12, 34)
(12, 37)
(12, 167)
(12, 40)
(12, 297)
(12, 170)
(12, 128)
(12, 30)
(12, 315)
(12, 318)
(12, 191)
(12, 161)
(12, 202)
(12, 77)
(12, 206)
(12, 208)
(12, 339)
(12, 341)
(12, 87)
(12, 89)
(12, 100)
(12, 102)
(12, 230)
(12, 108)
(12, 367)
(12, 368)
(12, 62)
(12, 169)
(12, 250)
(12, 42)
(13, 384)
(13, 256)
(13, 132)
(13, 261)
(13, 391)
(13, 30)
(13, 139)
(13, 396)
(13, 397)
(13, 237)
(13, 16)
(13, 152)
(13, 21)
(13, 218)
(13, 155)
(13, 285)
(13, 286)
(13, 161)
(13, 34)
(13, 27)
(13, 37)
(13, 297)
(13, 42)
(13, 302)
(13, 177)
(13, 308)
(13, 158)
(13, 311)
(13, 313)
(13, 318)
(13, 193)
(13, 67)
(13, 71)
(13, 72)
(13, 202)
(13, 143)
(13, 77)
(13, 120)
(13, 338)
(13, 84)
(13, 89)
(13, 346)
(13, 347)
(13, 94)
(13, 356)
(13, 102)
(13, 108)
(13, 365)
(13, 367)
(13, 368)
(13, 244)
(13, 376)
(13, 250)
(13, 251)
(13, 255)
(14, 130)
(14, 86)
(14, 392)
(14, 268)
(14, 270)
(14, 45)
(14, 272)
(14, 273)
(14, 25)
(14, 285)
(14, 289)
(14, 34)
(14, 347)
(14, 37)
(14, 42)
(14, 173)
(14, 49)
(14, 311)
(14, 313)
(14, 61)
(14, 193)
(14, 161)
(14, 331)
(14, 206)
(14, 82)
(14, 213)
(14, 214)
(14, 217)
(14, 219)
(14, 222)
(14, 355)
(14, 102)
(14, 109)
(14, 367)
(14, 115)
(14, 372)
(14, 118)
(14, 376)
(14, 251)
(14, 255)
(15, 257)
(15, 135)
(15, 393)
(15, 267)
(15, 399)
(15, 277)
(15, 282)
(15, 283)
(15, 69)
(15, 159)
(15, 112)
(15, 291)
(15, 164)
(15, 65)
(15, 113)
(15, 129)
(15, 48)
(15, 181)
(15, 312)
(15, 185)
(15, 187)
(15, 189)
(15, 63)
(15, 321)
(15, 322)
(15, 324)
(15, 325)
(15, 200)
(15, 330)
(15, 75)
(15, 76)
(15, 333)
(15, 56)
(15, 212)
(15, 57)
(15, 345)
(15, 221)
(15, 59)
(15, 228)
(15, 360)
(15, 105)
(15, 39)
(15, 366)
(15, 240)
(15, 232)
(15, 242)
(15, 245)
(15, 247)
(15, 252)
(15, 381)
(16, 384)
(16, 256)
(16, 261)
(16, 30)
(16, 394)
(16, 139)
(16, 397)
(16, 276)
(16, 21)
(16, 150)
(16, 27)
(16, 286)
(16, 31)
(16, 161)
(16, 34)
(16, 37)
(16, 167)
(16, 297)
(16, 42)
(16, 302)
(16, 178)
(16, 128)
(16, 308)
(16, 158)
(16, 266)
(16, 318)
(16, 191)
(16, 67)
(16, 202)
(16, 77)
(16, 206)
(16, 141)
(16, 339)
(16, 341)
(16, 342)
(16, 89)
(16, 90)
(16, 102)
(16, 230)
(16, 108)
(16, 365)
(16, 368)
(16, 369)
(16, 62)
(16, 120)
(16, 148)
(16, 250)
(17, 259)
(17, 86)
(17, 392)
(17, 268)
(17, 270)
(17, 271)
(17, 272)
(17, 273)
(17, 274)
(17, 280)
(17, 25)
(17, 284)
(17, 168)
(17, 173)
(17, 46)
(17, 350)
(17, 314)
(17, 315)
(17, 61)
(17, 196)
(17, 326)
(17, 331)
(17, 45)
(17, 82)
(17, 214)
(17, 87)
(17, 219)
(17, 222)
(17, 352)
(17, 97)
(17, 226)
(17, 355)
(17, 357)
(17, 362)
(17, 109)
(17, 116)
(17, 118)
(17, 377)
(17, 123)
(17, 124)
(17, 125)
(18, 226)
(18, 196)
(18, 295)
(18, 136)
(18, 124)
(18, 140)
(18, 205)
(18, 46)
(18, 271)
(18, 116)
(18, 54)
(18, 280)
(18, 377)
(18, 123)
(18, 284)
(19, 128)
(19, 259)
(19, 22)
(19, 139)
(19, 399)
(19, 21)
(19, 150)
(19, 27)
(19, 31)
(19, 112)
(19, 167)
(19, 168)
(19, 169)
(19, 170)
(19, 40)
(19, 312)
(19, 315)
(19, 62)
(19, 191)
(19, 65)
(19, 325)
(19, 206)
(19, 208)
(19, 341)
(19, 87)
(19, 221)
(19, 350)
(19, 352)
(19, 100)
(19, 357)
(19, 105)
(19, 362)
(19, 39)
(19, 240)
(19, 113)
(20, 258)
(20, 260)
(20, 264)
(20, 265)
(20, 138)
(20, 275)
(20, 149)
(20, 26)
(20, 156)
(20, 157)
(20, 287)
(20, 33)
(20, 290)
(20, 294)
(20, 296)
(20, 43)
(20, 44)
(20, 301)
(20, 305)
(20, 179)
(20, 309)
(20, 182)
(20, 55)
(20, 316)
(20, 317)
(20, 190)
(20, 320)
(20, 327)
(20, 74)
(20, 336)
(20, 83)
(20, 348)
(20, 60)
(20, 106)
(20, 239)
(20, 370)
(20, 147)
(20, 373)
(20, 246)
(20, 375)
(20, 382)
(21, 384)
(21, 256)
(21, 261)
(21, 30)
(21, 394)
(21, 139)
(21, 397)
(21, 276)
(21, 150)
(21, 27)
(21, 286)
(21, 31)
(21, 161)
(21, 34)
(21, 37)
(21, 167)
(21, 297)
(21, 42)
(21, 302)
(21, 178)
(21, 128)
(21, 158)
(21, 266)
(21, 318)
(21, 191)
(21, 67)
(21, 202)
(21, 77)
(21, 206)
(21, 141)
(21, 339)
(21, 341)
(21, 342)
(21, 89)
(21, 90)
(21, 102)
(21, 230)
(21, 108)
(21, 365)
(21, 368)
(21, 369)
(21, 62)
(21, 120)
(21, 148)
(21, 250)
(22, 128)
(22, 129)
(22, 259)
(22, 137)
(22, 395)
(22, 399)
(22, 112)
(22, 167)
(22, 168)
(22, 169)
(22, 170)
(22, 50)
(22, 40)
(22, 312)
(22, 87)
(22, 65)
(22, 325)
(22, 75)
(22, 334)
(22, 79)
(22, 208)
(22, 212)
(22, 215)
(22, 350)
(22, 97)
(22, 100)
(22, 357)
(22, 360)
(22, 105)
(22, 362)
(22, 39)
(22, 240)
(22, 113)
(22, 242)
(22, 126)
(23, 192)
(23, 386)
(23, 323)
(23, 292)
(23, 198)
(23, 358)
(23, 104)
(23, 127)
(23, 204)
(23, 91)
(23, 243)
(23, 340)
(23, 344)
(23, 68)
(23, 378)
(23, 379)
(23, 70)
(23, 211)
(24, 385)
(24, 35)
(24, 47)
(24, 166)
(24, 353)
(24, 73)
(24, 210)
(24, 110)
(24, 143)
(24, 209)
(24, 338)
(24, 85)
(24, 311)
(24, 152)
(24, 186)
(24, 155)
(24, 146)
(25, 128)
(25, 130)
(25, 259)
(25, 86)
(25, 392)
(25, 268)
(25, 270)
(25, 45)
(25, 272)
(25, 273)
(25, 274)
(25, 31)
(25, 289)
(25, 34)
(25, 167)
(25, 173)
(25, 49)
(25, 350)
(25, 314)
(25, 315)
(25, 61)
(25, 196)
(25, 326)
(25, 331)
(25, 206)
(25, 208)
(25, 82)
(25, 341)
(25, 214)
(25, 87)
(25, 217)
(25, 219)
(25, 222)
(25, 352)
(25, 355)
(25, 100)
(25, 102)
(25, 362)
(25, 109)
(25, 367)
(25, 118)
(25, 123)
(25, 125)
(26, 258)
(26, 260)
(26, 264)
(26, 265)
(26, 138)
(26, 60)
(26, 275)
(26, 149)
(26, 156)
(26, 157)
(26, 287)
(26, 33)
(26, 290)
(26, 294)
(26, 296)
(26, 43)
(26, 44)
(26, 301)
(26, 305)
(26, 179)
(26, 309)
(26, 182)
(26, 55)
(26, 316)
(26, 317)
(26, 190)
(26, 320)
(26, 327)
(26, 74)
(26, 336)
(26, 348)
(26, 98)
(26, 188)
(26, 106)
(26, 370)
(26, 147)
(26, 373)
(26, 246)
(26, 375)
(26, 382)
(27, 384)
(27, 256)
(27, 261)
(27, 30)
(27, 394)
(27, 139)
(27, 141)
(27, 276)
(27, 150)
(27, 286)
(27, 31)
(27, 161)
(27, 37)
(27, 167)
(27, 297)
(27, 42)
(27, 302)
(27, 178)
(27, 128)
(27, 158)
(27, 266)
(27, 318)
(27, 191)
(27, 67)
(27, 202)
(27, 77)
(27, 206)
(27, 208)
(27, 339)
(27, 341)
(27, 342)
(27, 89)
(27, 90)
(27, 102)
(27, 230)
(27, 108)
(27, 365)
(27, 368)
(27, 369)
(27, 62)
(27, 120)
(27, 148)
(27, 250)
(28, 386)
(28, 389)
(28, 134)
(28, 263)
(28, 277)
(28, 153)
(28, 282)
(28, 291)
(28, 292)
(28, 38)
(28, 298)
(28, 48)
(28, 185)
(28, 189)
(28, 117)
(28, 322)
(28, 164)
(28, 70)
(28, 200)
(28, 330)
(28, 203)
(28, 204)
(28, 333)
(28, 78)
(28, 211)
(28, 340)
(28, 57)
(28, 345)
(28, 93)
(28, 95)
(28, 225)
(28, 227)
(28, 228)
(28, 358)
(28, 359)
(28, 235)
(28, 236)
(28, 366)
(28, 111)
(28, 114)
(28, 243)
(28, 245)
(28, 374)
(28, 247)
(28, 127)
(29, 257)
(29, 258)
(29, 387)
(29, 260)
(29, 265)
(29, 394)
(29, 141)
(29, 275)
(29, 276)
(29, 149)
(29, 278)
(29, 32)
(29, 41)
(29, 178)
(29, 179)
(29, 317)
(29, 138)
(29, 55)
(29, 60)
(29, 266)
(29, 318)
(29, 83)
(29, 66)
(29, 197)
(29, 328)
(29, 119)
(29, 81)
(29, 339)
(29, 342)
(29, 90)
(29, 220)
(29, 223)
(29, 148)
(29, 230)
(29, 238)
(29, 239)
(29, 369)
(29, 147)
(29, 373)
(29, 375)
(29, 248)
(29, 249)
(29, 380)
(30, 384)
(30, 256)
(30, 132)
(30, 261)
(30, 391)
(30, 266)
(30, 139)
(30, 396)
(30, 397)
(30, 237)
(30, 276)
(30, 150)
(30, 286)
(30, 31)
(30, 289)
(30, 34)
(30, 37)
(30, 297)
(30, 42)
(30, 71)
(30, 302)
(30, 308)
(30, 158)
(30, 318)
(30, 191)
(30, 193)
(30, 67)
(30, 161)
(30, 202)
(30, 77)
(30, 206)
(30, 141)
(30, 341)
(30, 89)
(30, 346)
(30, 347)
(30, 94)
(30, 356)
(30, 102)
(30, 108)
(30, 365)
(30, 367)
(30, 368)
(30, 62)
(30, 120)
(30, 148)
(30, 250)
(30, 251)
(30, 255)
(31, 384)
(31, 128)
(31, 259)
(31, 261)
(31, 139)
(31, 268)
(31, 274)
(31, 150)
(31, 289)
(31, 34)
(31, 37)
(31, 167)
(31, 40)
(31, 169)
(31, 170)
(31, 45)
(31, 314)
(31, 315)
(31, 61)
(31, 62)
(31, 191)
(31, 161)
(31, 77)
(31, 206)
(31, 208)
(31, 82)
(31, 341)
(31, 86)
(31, 87)
(31, 219)
(31, 350)
(31, 352)
(31, 100)
(31, 357)
(31, 102)
(31, 362)
(31, 39)
(31, 109)
(31, 367)
(31, 113)
(31, 250)
(32, 257)
(32, 387)
(32, 389)
(32, 81)
(32, 269)
(32, 131)
(32, 277)
(32, 278)
(32, 283)
(32, 69)
(32, 159)
(32, 160)
(32, 162)
(32, 41)
(32, 298)
(32, 300)
(32, 174)
(32, 175)
(32, 304)
(32, 306)
(32, 179)
(32, 57)
(32, 184)
(32, 185)
(32, 59)
(32, 189)
(32, 321)
(32, 66)
(32, 197)
(32, 328)
(32, 203)
(32, 332)
(32, 333)
(32, 80)
(32, 337)
(32, 121)
(32, 216)
(32, 345)
(32, 220)
(32, 223)
(32, 227)
(32, 101)
(32, 103)
(32, 236)
(32, 238)
(32, 114)
(32, 117)
(32, 119)
(32, 248)
(32, 249)
(32, 380)
(32, 381)
(32, 149)
(33, 260)
(33, 264)
(33, 265)
(33, 138)
(33, 275)
(33, 156)
(33, 157)
(33, 287)
(33, 290)
(33, 294)
(33, 296)
(33, 44)
(33, 301)
(33, 309)
(33, 182)
(33, 55)
(33, 316)
(33, 317)
(33, 190)
(33, 320)
(33, 327)
(33, 74)
(33, 336)
(33, 348)
(33, 188)
(33, 106)
(33, 363)
(33, 370)
(33, 147)
(33, 246)
(33, 382)
(33, 383)
(34, 384)
(34, 256)
(34, 213)
(34, 132)
(34, 86)
(34, 391)
(34, 139)
(34, 268)
(34, 130)
(34, 272)
(34, 155)
(34, 285)
(34, 289)
(34, 219)
(34, 82)
(34, 37)
(34, 297)
(34, 42)
(34, 45)
(34, 49)
(34, 308)
(34, 311)
(34, 313)
(34, 315)
(34, 61)
(34, 193)
(34, 161)
(34, 77)
(34, 206)
(34, 338)
(34, 341)
(34, 214)
(34, 217)
(34, 347)
(34, 94)
(34, 356)
(34, 102)
(34, 109)
(34, 110)
(34, 367)
(34, 368)
(34, 115)
(34, 372)
(34, 376)
(34, 250)
(34, 251)
(34, 255)
(35, 385)
(35, 132)
(35, 262)
(35, 391)
(35, 396)
(35, 142)
(35, 143)
(35, 146)
(35, 152)
(35, 155)
(35, 36)
(35, 166)
(35, 338)
(35, 47)
(35, 177)
(35, 307)
(35, 186)
(35, 71)
(35, 72)
(35, 73)
(35, 210)
(35, 84)
(35, 85)
(35, 88)
(35, 218)
(35, 353)
(35, 231)
(35, 237)
(35, 253)
(36, 385)
(36, 47)
(36, 166)
(36, 262)
(36, 231)
(36, 72)
(36, 73)
(36, 146)
(36, 142)
(36, 353)
(36, 177)
(36, 210)
(36, 307)
(36, 84)
(36, 85)
(36, 152)
(36, 88)
(36, 218)
(36, 143)
(36, 253)
(37, 384)
(37, 256)
(37, 132)
(37, 261)
(37, 391)
(37, 139)
(37, 396)
(37, 397)
(37, 89)
(37, 155)
(37, 285)
(37, 286)
(37, 289)
(37, 219)
(37, 297)
(37, 42)
(37, 71)
(37, 49)
(37, 308)
(37, 158)
(37, 311)
(37, 313)
(37, 62)
(37, 193)
(37, 67)
(37, 161)
(37, 268)
(37, 202)
(37, 77)
(37, 206)
(37, 120)
(37, 338)
(37, 341)
(37, 217)
(37, 347)
(37, 94)
(37, 356)
(37, 102)
(37, 108)
(37, 109)
(37, 367)
(37, 368)
(37, 372)
(37, 376)
(37, 250)
(37, 251)
(37, 255)
(38, 389)
(38, 134)
(38, 263)
(38, 153)
(38, 292)
(38, 70)
(38, 52)
(38, 323)
(38, 198)
(38, 204)
(38, 78)
(38, 340)
(38, 344)
(38, 93)
(38, 95)
(38, 225)
(38, 227)
(38, 358)
(38, 235)
(38, 111)
(38, 374)
(38, 127)
(39, 128)
(39, 259)
(39, 137)
(39, 395)
(39, 399)
(39, 150)
(39, 112)
(39, 167)
(39, 168)
(39, 169)
(39, 170)
(39, 40)
(39, 312)
(39, 87)
(39, 315)
(39, 62)
(39, 65)
(39, 325)
(39, 75)
(39, 76)
(39, 79)
(39, 208)
(39, 215)
(39, 221)
(39, 350)
(39, 97)
(39, 100)
(39, 357)
(39, 360)
(39, 105)
(39, 362)
(39, 240)
(39, 113)
(39, 242)
(40, 128)
(40, 259)
(40, 87)
(40, 399)
(40, 150)
(40, 112)
(40, 167)
(40, 168)
(40, 169)
(40, 170)
(40, 312)
(40, 315)
(40, 62)
(40, 191)
(40, 65)
(40, 325)
(40, 208)
(40, 341)
(40, 215)
(40, 221)
(40, 350)
(40, 352)
(40, 100)
(40, 357)
(40, 105)
(40, 362)
(40, 240)
(40, 113)
(40, 242)
(41, 257)
(41, 387)
(41, 277)
(41, 278)
(41, 283)
(41, 69)
(41, 159)
(41, 298)
(41, 178)
(41, 181)
(41, 185)
(41, 59)
(41, 189)
(41, 63)
(41, 321)
(41, 66)
(41, 197)
(41, 328)
(41, 203)
(41, 76)
(41, 333)
(41, 80)
(41, 81)
(41, 339)
(41, 342)
(41, 57)
(41, 345)
(41, 220)
(41, 221)
(41, 223)
(41, 230)
(41, 232)
(41, 236)
(41, 238)
(41, 369)
(41, 114)
(41, 117)
(41, 247)
(41, 248)
(41, 249)
(41, 119)
(41, 380)
(41, 381)
(41, 149)
(42, 384)
(42, 256)
(42, 213)
(42, 132)
(42, 391)
(42, 139)
(42, 396)
(42, 397)
(42, 120)
(42, 155)
(42, 285)
(42, 286)
(42, 289)
(42, 219)
(42, 297)
(42, 71)
(42, 49)
(42, 308)
(42, 311)
(42, 313)
(42, 193)
(42, 67)
(42, 161)
(42, 268)
(42, 202)
(42, 77)
(42, 206)
(42, 209)
(42, 338)
(42, 341)
(42, 217)
(42, 347)
(42, 94)
(42, 356)
(42, 102)
(42, 109)
(42, 110)
(42, 367)
(42, 368)
(42, 115)
(42, 372)
(42, 376)
(42, 250)
(42, 251)
(42, 255)
(43, 131)
(43, 388)
(43, 133)
(43, 264)
(43, 138)
(43, 66)
(43, 275)
(43, 278)
(43, 279)
(43, 260)
(43, 154)
(43, 156)
(43, 160)
(43, 176)
(43, 162)
(43, 163)
(43, 293)
(43, 296)
(43, 92)
(43, 299)
(43, 300)
(43, 304)
(43, 306)
(43, 179)
(43, 180)
(43, 310)
(43, 183)
(43, 58)
(43, 316)
(43, 194)
(43, 197)
(43, 199)
(43, 328)
(43, 201)
(43, 332)
(43, 335)
(43, 80)
(43, 337)
(43, 216)
(43, 220)
(43, 182)
(43, 224)
(43, 188)
(43, 98)
(43, 101)
(43, 165)
(43, 233)
(43, 107)
(43, 238)
(43, 241)
(43, 370)
(43, 147)
(43, 121)
(43, 122)
(44, 260)
(44, 264)
(44, 265)
(44, 138)
(44, 275)
(44, 156)
(44, 157)
(44, 287)
(44, 290)
(44, 294)
(44, 296)
(44, 301)
(44, 309)
(44, 182)
(44, 183)
(44, 316)
(44, 317)
(44, 190)
(44, 320)
(44, 327)
(44, 74)
(44, 55)
(44, 336)
(44, 348)
(44, 98)
(44, 188)
(44, 106)
(44, 363)
(44, 370)
(44, 147)
(44, 246)
(44, 382)
(44, 383)
(45, 130)
(45, 259)
(45, 86)
(45, 392)
(45, 268)
(45, 270)
(45, 271)
(45, 272)
(45, 273)
(45, 274)
(45, 289)
(45, 167)
(45, 173)
(45, 49)
(45, 350)
(45, 314)
(45, 315)
(45, 61)
(45, 196)
(45, 326)
(45, 331)
(45, 206)
(45, 208)
(45, 82)
(45, 214)
(45, 87)
(45, 217)
(45, 219)
(45, 222)
(45, 352)
(45, 355)
(45, 100)
(45, 357)
(45, 102)
(45, 362)
(45, 109)
(45, 367)
(45, 118)
(45, 377)
(45, 123)
(45, 124)
(45, 125)
(46, 392)
(46, 140)
(46, 270)
(46, 271)
(46, 273)
(46, 274)
(46, 280)
(46, 284)
(46, 295)
(46, 173)
(46, 136)
(46, 350)
(46, 314)
(46, 196)
(46, 326)
(46, 331)
(46, 205)
(46, 222)
(46, 226)
(46, 355)
(46, 116)
(46, 118)
(46, 377)
(46, 123)
(46, 124)
(46, 125)
(47, 385)
(47, 132)
(47, 262)
(47, 391)
(47, 396)
(47, 397)
(47, 142)
(47, 143)
(47, 146)
(47, 152)
(47, 346)
(47, 166)
(47, 338)
(47, 177)
(47, 307)
(47, 71)
(47, 72)
(47, 73)
(47, 210)
(47, 84)
(47, 85)
(47, 88)
(47, 218)
(47, 353)
(47, 231)
(47, 237)
(47, 253)
(48, 386)
(48, 389)
(48, 134)
(48, 263)
(48, 393)
(48, 277)
(48, 282)
(48, 291)
(48, 292)
(48, 298)
(48, 181)
(48, 185)
(48, 189)
(48, 117)
(48, 321)
(48, 322)
(48, 164)
(48, 70)
(48, 200)
(48, 330)
(48, 203)
(48, 204)
(48, 333)
(48, 78)
(48, 211)
(48, 340)
(48, 57)
(48, 345)
(48, 93)
(48, 95)
(48, 225)
(48, 227)
(48, 228)
(48, 358)
(48, 359)
(48, 235)
(48, 236)
(48, 366)
(48, 111)
(48, 114)
(48, 243)
(48, 245)
(48, 374)
(48, 247)
(48, 63)
(48, 127)
(49, 256)
(49, 130)
(49, 86)
(49, 392)
(49, 268)
(49, 270)
(49, 272)
(49, 273)
(49, 274)
(49, 285)
(49, 289)
(49, 219)
(49, 173)
(49, 313)
(49, 314)
(49, 315)
(49, 61)
(49, 193)
(49, 326)
(49, 161)
(49, 331)
(49, 206)
(49, 82)
(49, 213)
(49, 214)
(49, 217)
(49, 347)
(49, 222)
(49, 352)
(49, 355)
(49, 102)
(49, 109)
(49, 367)
(49, 115)
(49, 372)
(49, 118)
(49, 376)
(49, 251)
(49, 255)
(50, 129)
(50, 135)
(50, 137)
(50, 395)
(50, 171)
(50, 51)
(50, 53)
(50, 56)
(50, 187)
(50, 195)
(50, 325)
(50, 329)
(50, 75)
(50, 334)
(50, 207)
(50, 212)
(50, 215)
(50, 79)
(50, 349)
(50, 351)
(50, 96)
(50, 97)
(50, 360)
(50, 242)
(50, 254)
(50, 252)
(50, 126)
(51, 96)
(51, 129)
(51, 171)
(51, 53)
(51, 97)
(51, 75)
(51, 329)
(51, 395)
(51, 126)
(51, 334)
(51, 207)
(51, 242)
(51, 398)
(51, 215)
(51, 137)
(51, 79)
(51, 349)
(51, 254)
(51, 351)
(52, 389)
(52, 134)
(52, 269)
(52, 153)
(52, 162)
(52, 292)
(52, 300)
(52, 174)
(52, 175)
(52, 304)
(52, 306)
(52, 310)
(52, 184)
(52, 70)
(52, 199)
(52, 332)
(52, 78)
(52, 335)
(52, 80)
(52, 337)
(52, 93)
(52, 95)
(52, 225)
(52, 227)
(52, 103)
(52, 235)
(52, 364)
(52, 111)
(52, 117)
(52, 374)
(52, 121)
(53, 136)
(53, 137)
(53, 395)
(53, 398)
(53, 284)
(53, 295)
(53, 168)
(53, 54)
(53, 329)
(53, 334)
(53, 207)
(53, 215)
(53, 79)
(53, 349)
(53, 351)
(53, 96)
(53, 97)
(53, 226)
(53, 124)
(53, 126)
(54, 96)
(54, 226)
(54, 295)
(54, 136)
(54, 329)
(54, 140)
(54, 205)
(54, 398)
(54, 207)
(54, 124)
(54, 116)
(54, 377)
(54, 284)
(54, 349)
(54, 126)
(54, 351)
(55, 258)
(55, 260)
(55, 390)
(55, 264)
(55, 265)
(55, 394)
(55, 138)
(55, 144)
(55, 145)
(55, 275)
(55, 149)
(55, 156)
(55, 157)
(55, 287)
(55, 294)
(55, 172)
(55, 301)
(55, 303)
(55, 305)
(55, 182)
(55, 60)
(55, 317)
(55, 319)
(55, 64)
(55, 327)
(55, 74)
(55, 336)
(55, 83)
(55, 90)
(55, 348)
(55, 99)
(55, 229)
(55, 234)
(55, 239)
(55, 370)
(55, 147)
(55, 373)
(55, 246)
(55, 375)
(55, 380)
(55, 106)
(55, 382)
(56, 129)
(56, 135)
(56, 393)
(56, 267)
(56, 288)
(56, 291)
(56, 164)
(56, 171)
(56, 187)
(56, 65)
(56, 195)
(56, 324)
(56, 325)
(56, 200)
(56, 75)
(56, 334)
(56, 79)
(56, 212)
(56, 343)
(56, 354)
(56, 228)
(56, 360)
(56, 240)
(56, 242)
(56, 252)
(56, 254)
(57, 257)
(57, 387)
(57, 65)
(57, 393)
(57, 63)
(57, 277)
(57, 282)
(57, 283)
(57, 159)
(57, 112)
(57, 291)
(57, 164)
(57, 298)
(57, 181)
(57, 312)
(57, 185)
(57, 59)
(57, 189)
(57, 117)
(57, 321)
(57, 322)
(57, 69)
(57, 200)
(57, 330)
(57, 203)
(57, 76)
(57, 333)
(57, 345)
(57, 221)
(57, 223)
(57, 232)
(57, 105)
(57, 235)
(57, 236)
(57, 366)
(57, 240)
(57, 114)
(57, 245)
(57, 247)
(57, 249)
(57, 119)
(57, 252)
(57, 381)
(58, 131)
(58, 388)
(58, 133)
(58, 138)
(58, 269)
(58, 188)
(58, 278)
(58, 279)
(58, 260)
(58, 154)
(58, 160)
(58, 176)
(58, 162)
(58, 163)
(58, 293)
(58, 296)
(58, 92)
(58, 299)
(58, 300)
(58, 174)
(58, 175)
(58, 304)
(58, 306)
(58, 179)
(58, 180)
(58, 310)
(58, 183)
(58, 184)
(58, 316)
(58, 194)
(58, 66)
(58, 197)
(58, 199)
(58, 201)
(58, 332)
(58, 335)
(58, 80)
(58, 337)
(58, 216)
(58, 220)
(58, 165)
(58, 224)
(58, 98)
(58, 101)
(58, 103)
(58, 233)
(58, 107)
(58, 364)
(58, 238)
(58, 241)
(58, 121)
(58, 122)
(59, 257)
(59, 387)
(59, 65)
(59, 393)
(59, 63)
(59, 277)
(59, 282)
(59, 283)
(59, 159)
(59, 298)
(59, 200)
(59, 181)
(59, 312)
(59, 185)
(59, 189)
(59, 117)
(59, 321)
(59, 322)
(59, 69)
(59, 328)
(59, 330)
(59, 203)
(59, 76)
(59, 333)
(59, 81)
(59, 339)
(59, 345)
(59, 221)
(59, 223)
(59, 232)
(59, 105)
(59, 236)
(59, 366)
(59, 112)
(59, 114)
(59, 245)
(59, 247)
(59, 249)
(59, 119)
(59, 381)
(60, 258)
(60, 390)
(60, 265)
(60, 394)
(60, 141)
(60, 145)
(60, 275)
(60, 276)
(60, 149)
(60, 157)
(60, 301)
(60, 302)
(60, 303)
(60, 305)
(60, 178)
(60, 179)
(60, 138)
(60, 317)
(60, 318)
(60, 319)
(60, 64)
(60, 327)
(60, 81)
(60, 83)
(60, 342)
(60, 90)
(60, 230)
(60, 365)
(60, 238)
(60, 239)
(60, 369)
(60, 147)
(60, 244)
(60, 373)
(60, 246)
(60, 375)
(60, 248)
(60, 148)
(60, 380)
(61, 130)
(61, 259)
(61, 86)
(61, 392)
(61, 268)
(61, 270)
(61, 271)
(61, 272)
(61, 273)
(61, 274)
(61, 289)
(61, 167)
(61, 173)
(61, 350)
(61, 314)
(61, 315)
(61, 196)
(61, 326)
(61, 331)
(61, 206)
(61, 82)
(61, 214)
(61, 87)
(61, 217)
(61, 219)
(61, 222)
(61, 352)
(61, 355)
(61, 102)
(61, 362)
(61, 109)
(61, 367)
(61, 118)
(61, 377)
(61, 123)
(61, 125)
(62, 384)
(62, 128)
(62, 261)
(62, 266)
(62, 139)
(62, 141)
(62, 150)
(62, 286)
(62, 289)
(62, 167)
(62, 169)
(62, 170)
(62, 315)
(62, 318)
(62, 191)
(62, 77)
(62, 206)
(62, 208)
(62, 339)
(62, 341)
(62, 87)
(62, 100)
(62, 357)
(62, 102)
(62, 105)
(62, 362)
(62, 108)
(62, 367)
(62, 113)
(62, 250)
(63, 257)
(63, 387)
(63, 65)
(63, 393)
(63, 399)
(63, 277)
(63, 282)
(63, 283)
(63, 159)
(63, 112)
(63, 291)
(63, 298)
(63, 181)
(63, 312)
(63, 185)
(63, 189)
(63, 321)
(63, 322)
(63, 69)
(63, 200)
(63, 330)
(63, 203)
(63, 76)
(63, 333)
(63, 339)
(63, 345)
(63, 221)
(63, 223)
(63, 232)
(63, 105)
(63, 236)
(63, 366)
(63, 240)
(63, 113)
(63, 245)
(63, 247)
(63, 119)
(63, 252)
(63, 381)
(64, 262)
(64, 265)
(64, 394)
(64, 397)
(64, 142)
(64, 237)
(64, 144)
(64, 145)
(64, 281)
(64, 157)
(64, 158)
(64, 287)
(64, 390)
(64, 172)
(64, 301)
(64, 302)
(64, 303)
(64, 305)
(64, 307)
(64, 319)
(64, 67)
(64, 327)
(64, 72)
(64, 74)
(64, 84)
(64, 88)
(64, 89)
(64, 346)
(64, 348)
(64, 99)
(64, 229)
(64, 231)
(64, 361)
(64, 234)
(64, 365)
(64, 239)
(64, 371)
(64, 244)
(64, 373)
(64, 246)
(64, 375)
(64, 120)
(64, 253)
(65, 129)
(65, 135)
(65, 393)
(65, 267)
(65, 399)
(65, 159)
(65, 112)
(65, 291)
(65, 113)
(65, 169)
(65, 170)
(65, 181)
(65, 312)
(65, 185)
(65, 187)
(65, 321)
(65, 322)
(65, 324)
(65, 325)
(65, 200)
(65, 330)
(65, 75)
(65, 76)
(65, 212)
(65, 221)
(65, 228)
(65, 357)
(65, 360)
(65, 105)
(65, 240)
(65, 232)
(65, 242)
(65, 245)
(65, 247)
(65, 252)
(65, 381)
(66, 257)
(66, 258)
(66, 387)
(66, 260)
(66, 81)
(66, 138)
(66, 275)
(66, 277)
(66, 278)
(66, 283)
(66, 69)
(66, 160)
(66, 162)
(66, 298)
(66, 300)
(66, 178)
(66, 175)
(66, 304)
(66, 306)
(66, 179)
(66, 316)
(66, 197)
(66, 328)
(66, 201)
(66, 203)
(66, 332)
(66, 80)
(66, 337)
(66, 83)
(66, 342)
(66, 121)
(66, 216)
(66, 345)
(66, 220)
(66, 223)
(66, 131)
(66, 101)
(66, 103)
(66, 236)
(66, 238)
(66, 114)
(66, 147)
(66, 119)
(66, 248)
(66, 249)
(66, 380)
(66, 149)
(67, 384)
(67, 256)
(67, 132)
(67, 261)
(67, 262)
(67, 391)
(67, 394)
(67, 139)
(67, 396)
(67, 397)
(67, 142)
(67, 237)
(67, 276)
(67, 152)
(67, 218)
(67, 286)
(67, 161)
(67, 297)
(67, 302)
(67, 303)
(67, 177)
(67, 307)
(67, 308)
(67, 158)
(67, 266)
(67, 318)
(67, 319)
(67, 71)
(67, 72)
(67, 202)
(67, 77)
(67, 141)
(67, 338)
(67, 84)
(67, 89)
(67, 346)
(67, 94)
(67, 99)
(67, 356)
(67, 90)
(67, 231)
(67, 108)
(67, 365)
(67, 239)
(67, 368)
(67, 371)
(67, 244)
(67, 120)
(67, 148)
(67, 250)
(68, 386)
(68, 267)
(68, 151)
(68, 288)
(68, 164)
(68, 192)
(68, 323)
(68, 198)
(68, 211)
(68, 340)
(68, 343)
(68, 344)
(68, 91)
(68, 354)
(68, 228)
(68, 358)
(68, 359)
(68, 104)
(68, 243)
(68, 378)
(68, 379)
(69, 257)
(69, 387)
(69, 277)
(69, 282)
(69, 283)
(69, 159)
(69, 298)
(69, 200)
(69, 181)
(69, 185)
(69, 189)
(69, 117)
(69, 321)
(69, 328)
(69, 330)
(69, 203)
(69, 76)
(69, 333)
(69, 81)
(69, 339)
(69, 345)
(69, 220)
(69, 221)
(69, 223)
(69, 232)
(69, 236)
(69, 112)
(69, 114)
(69, 245)
(69, 247)
(69, 249)
(69, 119)
(69, 381)
(70, 389)
(70, 134)
(70, 263)
(70, 153)
(70, 292)
(70, 323)
(70, 198)
(70, 204)
(70, 78)
(70, 340)
(70, 344)
(70, 93)
(70, 95)
(70, 225)
(70, 227)
(70, 358)
(70, 235)
(70, 366)
(70, 111)
(70, 243)
(70, 117)
(70, 374)
(70, 127)
(71, 384)
(71, 256)
(71, 132)
(71, 262)
(71, 391)
(71, 396)
(71, 397)
(71, 142)
(71, 237)
(71, 152)
(71, 155)
(71, 218)
(71, 286)
(71, 161)
(71, 297)
(71, 302)
(71, 177)
(71, 307)
(71, 308)
(71, 158)
(71, 311)
(71, 313)
(71, 193)
(71, 72)
(71, 73)
(71, 202)
(71, 143)
(71, 77)
(71, 120)
(71, 338)
(71, 84)
(71, 89)
(71, 346)
(71, 347)
(71, 94)
(71, 353)
(71, 356)
(71, 231)
(71, 108)
(71, 365)
(71, 368)
(71, 244)
(71, 376)
(71, 250)
(71, 251)
(71, 253)
(71, 255)
(72, 132)
(72, 262)
(72, 391)
(72, 394)
(72, 396)
(72, 397)
(72, 142)
(72, 237)
(72, 145)
(72, 152)
(72, 281)
(72, 218)
(72, 286)
(72, 390)
(72, 177)
(72, 297)
(72, 172)
(72, 302)
(72, 303)
(72, 305)
(72, 307)
(72, 308)
(72, 158)
(72, 319)
(72, 73)
(72, 202)
(72, 84)
(72, 88)
(72, 89)
(72, 346)
(72, 99)
(72, 229)
(72, 231)
(72, 361)
(72, 108)
(72, 365)
(72, 239)
(72, 368)
(72, 371)
(72, 244)
(72, 373)
(72, 120)
(72, 253)
(73, 385)
(73, 132)
(73, 262)
(73, 391)
(73, 396)
(73, 397)
(73, 142)
(73, 143)
(73, 146)
(73, 152)
(73, 346)
(73, 166)
(73, 338)
(73, 177)
(73, 307)
(73, 210)
(73, 84)
(73, 85)
(73, 88)
(73, 218)
(73, 353)
(73, 231)
(73, 237)
(73, 120)
(73, 253)
(74, 390)
(74, 264)
(74, 265)
(74, 144)
(74, 145)
(74, 275)
(74, 281)
(74, 157)
(74, 287)
(74, 294)
(74, 172)
(74, 301)
(74, 303)
(74, 305)
(74, 182)
(74, 317)
(74, 319)
(74, 147)
(74, 327)
(74, 336)
(74, 348)
(74, 99)
(74, 229)
(74, 361)
(74, 234)
(74, 239)
(74, 371)
(74, 373)
(74, 246)
(74, 375)
(74, 106)
(74, 382)
(75, 129)
(75, 135)
(75, 393)
(75, 267)
(75, 399)
(75, 195)
(75, 112)
(75, 168)
(75, 171)
(75, 137)
(75, 312)
(75, 187)
(75, 395)
(75, 324)
(75, 325)
(75, 200)
(75, 334)
(75, 79)
(75, 212)
(75, 215)
(75, 96)
(75, 97)
(75, 228)
(75, 360)
(75, 105)
(75, 240)
(75, 113)
(75, 242)
(75, 126)
(75, 252)
(75, 254)
(76, 257)
(76, 135)
(76, 393)
(76, 399)
(76, 277)
(76, 282)
(76, 283)
(76, 159)
(76, 112)
(76, 291)
(76, 164)
(76, 113)
(76, 181)
(76, 312)
(76, 185)
(76, 189)
(76, 321)
(76, 322)
(76, 324)
(76, 325)
(76, 200)
(76, 330)
(76, 203)
(76, 333)
(76, 345)
(76, 221)
(76, 223)
(76, 228)
(76, 360)
(76, 105)
(76, 236)
(76, 366)
(76, 240)
(76, 232)
(76, 245)
(76, 247)
(76, 119)
(76, 252)
(76, 381)
(77, 384)
(77, 256)
(77, 132)
(77, 261)
(77, 391)
(77, 266)
(77, 139)
(77, 396)
(77, 397)
(77, 237)
(77, 276)
(77, 150)
(77, 286)
(77, 289)
(77, 297)
(77, 302)
(77, 308)
(77, 158)
(77, 318)
(77, 191)
(77, 193)
(77, 161)
(77, 202)
(77, 206)
(77, 141)
(77, 341)
(77, 89)
(77, 347)
(77, 94)
(77, 356)
(77, 102)
(77, 108)
(77, 365)
(77, 367)
(77, 368)
(77, 120)
(77, 148)
(77, 250)
(77, 251)
(77, 255)
(78, 389)
(78, 134)
(78, 263)
(78, 269)
(78, 153)
(78, 292)
(78, 298)
(78, 174)
(78, 175)
(78, 184)
(78, 204)
(78, 337)
(78, 93)
(78, 95)
(78, 225)
(78, 227)
(78, 358)
(78, 103)
(78, 235)
(78, 364)
(78, 111)
(78, 114)
(78, 117)
(78, 374)
(78, 127)
(79, 129)
(79, 259)
(79, 137)
(79, 395)
(79, 398)
(79, 399)
(79, 168)
(79, 171)
(79, 187)
(79, 325)
(79, 329)
(79, 334)
(79, 207)
(79, 212)
(79, 215)
(79, 349)
(79, 351)
(79, 96)
(79, 97)
(79, 357)
(79, 360)
(79, 240)
(79, 242)
(79, 126)
(79, 254)
(80, 387)
(80, 388)
(80, 389)
(80, 81)
(80, 236)
(80, 138)
(80, 269)
(80, 131)
(80, 277)
(80, 278)
(80, 153)
(80, 160)
(80, 162)
(80, 165)
(80, 298)
(80, 299)
(80, 300)
(80, 174)
(80, 175)
(80, 304)
(80, 306)
(80, 179)
(80, 310)
(80, 184)
(80, 95)
(80, 197)
(80, 199)
(80, 328)
(80, 201)
(80, 203)
(80, 332)
(80, 335)
(80, 337)
(80, 121)
(80, 216)
(80, 345)
(80, 220)
(80, 223)
(80, 227)
(80, 101)
(80, 103)
(80, 364)
(80, 238)
(80, 114)
(80, 117)
(80, 249)
(81, 257)
(81, 258)
(81, 387)
(81, 266)
(81, 141)
(81, 276)
(81, 277)
(81, 278)
(81, 283)
(81, 159)
(81, 298)
(81, 178)
(81, 179)
(81, 138)
(81, 321)
(81, 197)
(81, 328)
(81, 203)
(81, 339)
(81, 342)
(81, 216)
(81, 345)
(81, 90)
(81, 220)
(81, 223)
(81, 148)
(81, 230)
(81, 232)
(81, 236)
(81, 238)
(81, 369)
(81, 114)
(81, 83)
(81, 119)
(81, 248)
(81, 249)
(81, 380)
(81, 381)
(81, 149)
(82, 128)
(82, 130)
(82, 259)
(82, 86)
(82, 392)
(82, 268)
(82, 270)
(82, 272)
(82, 273)
(82, 274)
(82, 289)
(82, 167)
(82, 169)
(82, 173)
(82, 350)
(82, 314)
(82, 315)
(82, 196)
(82, 326)
(82, 331)
(82, 206)
(82, 208)
(82, 341)
(82, 214)
(82, 87)
(82, 217)
(82, 219)
(82, 222)
(82, 352)
(82, 355)
(82, 100)
(82, 357)
(82, 102)
(82, 362)
(82, 109)
(82, 367)
(82, 118)
(82, 123)
(82, 125)
(83, 258)
(83, 390)
(83, 265)
(83, 394)
(83, 141)
(83, 275)
(83, 276)
(83, 149)
(83, 239)
(83, 157)
(83, 301)
(83, 302)
(83, 303)
(83, 305)
(83, 178)
(83, 179)
(83, 138)
(83, 266)
(83, 318)
(83, 319)
(83, 197)
(83, 328)
(83, 119)
(83, 339)
(83, 342)
(83, 90)
(83, 230)
(83, 108)
(83, 238)
(83, 317)
(83, 369)
(83, 147)
(83, 373)
(83, 246)
(83, 375)
(83, 248)
(83, 148)
(83, 380)
(84, 256)
(84, 132)
(84, 262)
(84, 391)
(84, 396)
(84, 397)
(84, 142)
(84, 237)
(84, 146)
(84, 152)
(84, 218)
(84, 286)
(84, 210)
(84, 297)
(84, 302)
(84, 177)
(84, 307)
(84, 308)
(84, 158)
(84, 319)
(84, 202)
(84, 338)
(84, 88)
(84, 89)
(84, 346)
(84, 143)
(84, 94)
(84, 353)
(84, 99)
(84, 356)
(84, 231)
(84, 361)
(84, 365)
(84, 368)
(84, 371)
(84, 244)
(84, 120)
(84, 253)
(85, 385)
(85, 166)
(85, 353)
(85, 177)
(85, 338)
(85, 110)
(85, 143)
(85, 209)
(85, 210)
(85, 152)
(85, 218)
(85, 155)
(85, 186)
(85, 146)
(86, 130)
(86, 259)
(86, 392)
(86, 268)
(86, 270)
(86, 271)
(86, 272)
(86, 273)
(86, 274)
(86, 280)
(86, 289)
(86, 167)
(86, 173)
(86, 350)
(86, 314)
(86, 315)
(86, 196)
(86, 326)
(86, 331)
(86, 206)
(86, 214)
(86, 87)
(86, 217)
(86, 219)
(86, 222)
(86, 352)
(86, 355)
(86, 100)
(86, 357)
(86, 102)
(86, 362)
(86, 109)
(86, 367)
(86, 118)
(86, 377)
(86, 123)
(86, 124)
(86, 125)
(87, 128)
(87, 259)
(87, 268)
(87, 399)
(87, 274)
(87, 150)
(87, 289)
(87, 167)
(87, 168)
(87, 169)
(87, 170)
(87, 312)
(87, 314)
(87, 315)
(87, 191)
(87, 325)
(87, 206)
(87, 208)
(87, 341)
(87, 215)
(87, 350)
(87, 352)
(87, 97)
(87, 100)
(87, 357)
(87, 102)
(87, 105)
(87, 362)
(87, 109)
(87, 367)
(87, 113)
(88, 262)
(88, 142)
(88, 143)
(88, 146)
(88, 152)
(88, 281)
(88, 346)
(88, 172)
(88, 177)
(88, 307)
(88, 210)
(88, 218)
(88, 353)
(88, 99)
(88, 231)
(88, 361)
(88, 237)
(88, 371)
(88, 253)
(89, 384)
(89, 256)
(89, 132)
(89, 261)
(89, 390)
(89, 391)
(89, 394)
(89, 139)
(89, 396)
(89, 397)
(89, 237)
(89, 276)
(89, 90)
(89, 286)
(89, 177)
(89, 297)
(89, 302)
(89, 303)
(89, 305)
(89, 178)
(89, 308)
(89, 158)
(89, 266)
(89, 318)
(89, 319)
(89, 202)
(89, 141)
(89, 342)
(89, 346)
(89, 99)
(89, 230)
(89, 231)
(89, 108)
(89, 365)
(89, 239)
(89, 368)
(89, 369)
(89, 371)
(89, 244)
(89, 373)
(89, 120)
(89, 148)
(89, 250)
(90, 258)
(90, 261)
(90, 390)
(90, 265)
(90, 394)
(90, 141)
(90, 147)
(90, 276)
(90, 149)
(90, 239)
(90, 157)
(90, 286)
(90, 301)
(90, 302)
(90, 303)
(90, 305)
(90, 178)
(90, 158)
(90, 266)
(90, 318)
(90, 319)
(90, 202)
(90, 119)
(90, 339)
(90, 342)
(90, 230)
(90, 108)
(90, 365)
(90, 317)
(90, 369)
(90, 244)
(90, 373)
(90, 375)
(90, 248)
(90, 148)
(90, 380)
(91, 192)
(91, 386)
(91, 323)
(91, 198)
(91, 358)
(91, 104)
(91, 340)
(91, 344)
(91, 378)
(91, 379)
(92, 131)
(92, 388)
(92, 133)
(92, 264)
(92, 138)
(92, 188)
(92, 278)
(92, 279)
(92, 260)
(92, 154)
(92, 156)
(92, 160)
(92, 163)
(92, 293)
(92, 296)
(92, 299)
(92, 176)
(92, 179)
(92, 180)
(92, 309)
(92, 310)
(92, 183)
(92, 316)
(92, 190)
(92, 194)
(92, 197)
(92, 199)
(92, 201)
(92, 332)
(92, 335)
(92, 216)
(92, 182)
(92, 224)
(92, 165)
(92, 98)
(92, 101)
(92, 107)
(92, 233)
(92, 363)
(92, 241)
(92, 370)
(92, 122)
(92, 383)
(93, 389)
(93, 134)
(93, 263)
(93, 269)
(93, 153)
(93, 162)
(93, 292)
(93, 298)
(93, 174)
(93, 175)
(93, 184)
(93, 204)
(93, 337)
(93, 95)
(93, 225)
(93, 227)
(93, 358)
(93, 103)
(93, 235)
(93, 364)
(93, 366)
(93, 111)
(93, 114)
(93, 117)
(93, 374)
(93, 127)
(94, 384)
(94, 256)
(94, 132)
(94, 391)
(94, 396)
(94, 397)
(94, 143)
(94, 152)
(94, 120)
(94, 155)
(94, 285)
(94, 286)
(94, 289)
(94, 297)
(94, 177)
(94, 308)
(94, 158)
(94, 311)
(94, 313)
(94, 186)
(94, 193)
(94, 161)
(94, 209)
(94, 338)
(94, 213)
(94, 218)
(94, 347)
(94, 356)
(94, 102)
(94, 237)
(94, 110)
(94, 367)
(94, 368)
(94, 115)
(94, 372)
(94, 376)
(94, 250)
(94, 251)
(94, 255)
(95, 389)
(95, 134)
(95, 263)
(95, 236)
(95, 269)
(95, 153)
(95, 162)
(95, 292)
(95, 298)
(95, 300)
(95, 174)
(95, 175)
(95, 304)
(95, 306)
(95, 310)
(95, 184)
(95, 204)
(95, 332)
(95, 335)
(95, 337)
(95, 225)
(95, 227)
(95, 103)
(95, 235)
(95, 364)
(95, 111)
(95, 114)
(95, 117)
(95, 374)
(95, 121)
(95, 127)
(96, 129)
(96, 137)
(96, 395)
(96, 398)
(96, 284)
(96, 171)
(96, 329)
(96, 334)
(96, 207)
(96, 215)
(96, 349)
(96, 351)
(96, 97)
(96, 242)
(96, 254)
(96, 126)
(97, 259)
(97, 137)
(97, 395)
(97, 398)
(97, 284)
(97, 168)
(97, 170)
(97, 325)
(97, 329)
(97, 334)
(97, 207)
(97, 215)
(97, 349)
(97, 350)
(97, 351)
(97, 226)
(97, 357)
(97, 362)
(97, 242)
(97, 377)
(97, 124)
(97, 126)
(98, 131)
(98, 388)
(98, 133)
(98, 264)
(98, 138)
(98, 188)
(98, 279)
(98, 260)
(98, 154)
(98, 156)
(98, 160)
(98, 163)
(98, 293)
(98, 296)
(98, 299)
(98, 176)
(98, 179)
(98, 180)
(98, 309)
(98, 182)
(98, 183)
(98, 316)
(98, 190)
(98, 320)
(98, 194)
(98, 197)
(98, 199)
(98, 201)
(98, 335)
(98, 216)
(98, 165)
(98, 224)
(98, 107)
(98, 101)
(98, 233)
(98, 363)
(98, 241)
(98, 370)
(98, 122)
(98, 383)
(99, 262)
(99, 394)
(99, 396)
(99, 397)
(99, 142)
(99, 237)
(99, 144)
(99, 145)
(99, 281)
(99, 157)
(99, 158)
(99, 287)
(99, 390)
(99, 177)
(99, 172)
(99, 301)
(99, 302)
(99, 303)
(99, 305)
(99, 307)
(99, 319)
(99, 346)
(99, 348)
(99, 229)
(99, 231)
(99, 361)
(99, 234)
(99, 365)
(99, 239)
(99, 371)
(99, 244)
(99, 373)
(99, 246)
(99, 120)
(99, 253)
(100, 128)
(100, 259)
(100, 268)
(100, 399)
(100, 274)
(100, 150)
(100, 112)
(100, 167)
(100, 168)
(100, 169)
(100, 170)
(100, 312)
(100, 314)
(100, 315)
(100, 191)
(100, 325)
(100, 206)
(100, 208)
(100, 341)
(100, 215)
(100, 350)
(100, 352)
(100, 357)
(100, 105)
(100, 362)
(100, 240)
(100, 113)
(101, 131)
(101, 388)
(101, 133)
(101, 138)
(101, 269)
(101, 188)
(101, 278)
(101, 279)
(101, 260)
(101, 154)
(101, 160)
(101, 176)
(101, 162)
(101, 293)
(101, 299)
(101, 300)
(101, 174)
(101, 175)
(101, 304)
(101, 306)
(101, 179)
(101, 180)
(101, 310)
(101, 183)
(101, 184)
(101, 316)
(101, 194)
(101, 197)
(101, 199)
(101, 328)
(101, 201)
(101, 332)
(101, 335)
(101, 337)
(101, 121)
(101, 216)
(101, 220)
(101, 165)
(101, 103)
(101, 233)
(101, 107)
(101, 364)
(101, 238)
(101, 241)
(101, 249)
(101, 122)
(102, 384)
(102, 256)
(102, 132)
(102, 261)
(102, 128)
(102, 139)
(102, 268)
(102, 150)
(102, 286)
(102, 289)
(102, 347)
(102, 167)
(102, 297)
(102, 308)
(102, 315)
(102, 191)
(102, 193)
(102, 161)
(102, 202)
(102, 206)
(102, 341)
(102, 217)
(102, 219)
(102, 356)
(102, 108)
(102, 109)
(102, 367)
(102, 368)
(102, 372)
(102, 376)
(102, 250)
(102, 251)
(102, 255)
(103, 387)
(103, 389)
(103, 134)
(103, 236)
(103, 269)
(103, 131)
(103, 277)
(103, 278)
(103, 153)
(103, 160)
(103, 162)
(103, 298)
(103, 299)
(103, 300)
(103, 174)
(103, 175)
(103, 304)
(103, 306)
(103, 179)
(103, 310)
(103, 184)
(103, 197)
(103, 199)
(103, 328)
(103, 201)
(103, 203)
(103, 332)
(103, 335)
(103, 337)
(103, 121)
(103, 216)
(103, 345)
(103, 220)
(103, 223)
(103, 225)
(103, 227)
(103, 235)
(103, 364)
(103, 238)
(103, 111)
(103, 114)
(103, 117)
(103, 249)
(104, 386)
(104, 151)
(104, 288)
(104, 164)
(104, 192)
(104, 323)
(104, 198)
(104, 204)
(104, 211)
(104, 340)
(104, 343)
(104, 344)
(104, 354)
(104, 358)
(104, 359)
(104, 243)
(104, 378)
(104, 379)
(105, 128)
(105, 129)
(105, 259)
(105, 135)
(105, 393)
(105, 399)
(105, 150)
(105, 159)
(105, 112)
(105, 167)
(105, 168)
(105, 169)
(105, 170)
(105, 181)
(105, 312)
(105, 321)
(105, 325)
(105, 113)
(105, 200)
(105, 208)
(105, 212)
(105, 221)
(105, 357)
(105, 360)
(105, 240)
(105, 232)
(105, 242)
(105, 252)
(105, 381)
(106, 260)
(106, 264)
(106, 265)
(106, 275)
(106, 156)
(106, 157)
(106, 287)
(106, 290)
(106, 294)
(106, 296)
(106, 301)
(106, 305)
(106, 309)
(106, 182)
(106, 317)
(106, 190)
(106, 320)
(106, 327)
(106, 336)
(106, 348)
(106, 234)
(106, 370)
(106, 147)
(106, 246)
(106, 382)
(107, 131)
(107, 388)
(107, 133)
(107, 279)
(107, 154)
(107, 160)
(107, 163)
(107, 293)
(107, 299)
(107, 176)
(107, 180)
(107, 310)
(107, 183)
(107, 188)
(107, 194)
(107, 199)
(107, 201)
(107, 332)
(107, 335)
(107, 165)
(107, 224)
(107, 233)
(107, 363)
(107, 364)
(107, 241)
(107, 316)
(107, 122)
(108, 384)
(108, 256)
(108, 261)
(108, 394)
(108, 139)
(108, 396)
(108, 397)
(108, 237)
(108, 276)
(108, 150)
(108, 286)
(108, 161)
(108, 297)
(108, 302)
(108, 178)
(108, 308)
(108, 158)
(108, 266)
(108, 318)
(108, 319)
(108, 202)
(108, 141)
(108, 120)
(108, 339)
(108, 341)
(108, 342)
(108, 346)
(108, 230)
(108, 365)
(108, 239)
(108, 368)
(108, 369)
(108, 244)
(108, 248)
(108, 148)
(108, 250)
(108, 191)
(109, 384)
(109, 256)
(109, 130)
(109, 392)
(109, 268)
(109, 270)
(109, 272)
(109, 273)
(109, 274)
(109, 289)
(109, 219)
(109, 167)
(109, 173)
(109, 314)
(109, 315)
(109, 193)
(109, 161)
(109, 331)
(109, 206)
(109, 341)
(109, 214)
(109, 217)
(109, 347)
(109, 350)
(109, 352)
(109, 355)
(109, 362)
(109, 367)
(109, 115)
(109, 372)
(109, 118)
(109, 376)
(109, 250)
(109, 251)
(109, 125)
(109, 255)
(110, 256)
(110, 132)
(110, 391)
(110, 143)
(110, 152)
(110, 155)
(110, 285)
(110, 161)
(110, 166)
(110, 308)
(110, 311)
(110, 313)
(110, 186)
(110, 193)
(110, 209)
(110, 338)
(110, 213)
(110, 347)
(110, 356)
(110, 115)
(110, 372)
(110, 376)
(110, 251)
(110, 255)
(111, 389)
(111, 134)
(111, 263)
(111, 269)
(111, 153)
(111, 282)
(111, 292)
(111, 298)
(111, 174)
(111, 175)
(111, 184)
(111, 189)
(111, 204)
(111, 333)
(111, 340)
(111, 225)
(111, 227)
(111, 358)
(111, 235)
(111, 236)
(111, 366)
(111, 114)
(111, 243)
(111, 117)
(111, 374)
(111, 127)
(112, 128)
(112, 257)
(112, 135)
(112, 393)
(112, 399)
(112, 150)
(112, 283)
(112, 159)
(112, 291)
(112, 113)
(112, 169)
(112, 170)
(112, 181)
(112, 312)
(112, 185)
(112, 321)
(112, 325)
(112, 200)
(112, 330)
(112, 208)
(112, 212)
(112, 221)
(112, 357)
(112, 360)
(112, 240)
(112, 232)
(112, 242)
(112, 245)
(112, 247)
(112, 252)
(112, 381)
(113, 128)
(113, 259)
(113, 399)
(113, 150)
(113, 167)
(113, 168)
(113, 169)
(113, 170)
(113, 181)
(113, 312)
(113, 315)
(113, 191)
(113, 325)
(113, 208)
(113, 341)
(113, 215)
(113, 221)
(113, 357)
(113, 360)
(113, 362)
(113, 240)
(113, 232)
(113, 242)
(114, 257)
(114, 387)
(114, 389)
(114, 134)
(114, 263)
(114, 269)
(114, 131)
(114, 277)
(114, 278)
(114, 153)
(114, 282)
(114, 283)
(114, 159)
(114, 160)
(114, 162)
(114, 298)
(114, 300)
(114, 174)
(114, 175)
(114, 304)
(114, 306)
(114, 184)
(114, 185)
(114, 189)
(114, 321)
(114, 197)
(114, 328)
(114, 203)
(114, 332)
(114, 333)
(114, 337)
(114, 121)
(114, 216)
(114, 345)
(114, 220)
(114, 223)
(114, 225)
(114, 227)
(114, 235)
(114, 236)
(114, 366)
(114, 238)
(114, 117)
(114, 247)
(114, 249)
(114, 119)
(114, 381)
(115, 130)
(115, 270)
(115, 272)
(115, 155)
(115, 285)
(115, 289)
(115, 347)
(115, 311)
(115, 313)
(115, 193)
(115, 161)
(115, 209)
(115, 213)
(115, 214)
(115, 217)
(115, 219)
(115, 356)
(115, 367)
(115, 372)
(115, 376)
(115, 251)
(115, 255)
(116, 392)
(116, 140)
(116, 271)
(116, 280)
(116, 284)
(116, 295)
(116, 173)
(116, 136)
(116, 196)
(116, 326)
(116, 331)
(116, 205)
(116, 222)
(116, 226)
(116, 377)
(116, 123)
(116, 124)
(116, 125)
(117, 387)
(117, 389)
(117, 134)
(117, 263)
(117, 269)
(117, 277)
(117, 278)
(117, 153)
(117, 282)
(117, 283)
(117, 159)
(117, 162)
(117, 292)
(117, 298)
(117, 300)
(117, 174)
(117, 175)
(117, 304)
(117, 306)
(117, 184)
(117, 185)
(117, 189)
(117, 321)
(117, 322)
(117, 204)
(117, 330)
(117, 203)
(117, 332)
(117, 333)
(117, 337)
(117, 121)
(117, 345)
(117, 220)
(117, 223)
(117, 225)
(117, 227)
(117, 235)
(117, 236)
(117, 366)
(117, 245)
(117, 374)
(117, 247)
(117, 249)
(117, 381)
(117, 127)
(118, 130)
(118, 392)
(118, 268)
(118, 270)
(118, 271)
(118, 272)
(118, 273)
(118, 274)
(118, 280)
(118, 289)
(118, 173)
(118, 350)
(118, 314)
(118, 315)
(118, 196)
(118, 326)
(118, 331)
(118, 206)
(118, 214)
(118, 217)
(118, 219)
(118, 222)
(118, 352)
(118, 355)
(118, 362)
(118, 367)
(118, 377)
(118, 123)
(118, 125)
(119, 257)
(119, 387)
(119, 261)
(119, 266)
(119, 141)
(119, 276)
(119, 277)
(119, 283)
(119, 159)
(119, 298)
(119, 178)
(119, 185)
(119, 191)
(119, 321)
(119, 328)
(119, 203)
(119, 339)
(119, 342)
(119, 345)
(119, 220)
(119, 221)
(119, 223)
(119, 230)
(119, 232)
(119, 236)
(119, 238)
(119, 369)
(119, 248)
(119, 249)
(119, 380)
(119, 381)
(119, 149)
(120, 384)
(120, 256)
(120, 132)
(120, 261)
(120, 262)
(120, 391)
(120, 394)
(120, 139)
(120, 396)
(120, 397)
(120, 142)
(120, 237)
(120, 276)
(120, 152)
(120, 218)
(120, 286)
(120, 161)
(120, 297)
(120, 302)
(120, 303)
(120, 177)
(120, 307)
(120, 308)
(120, 158)
(120, 318)
(120, 319)
(120, 202)
(120, 141)
(120, 338)
(120, 346)
(120, 356)
(120, 231)
(120, 365)
(120, 239)
(120, 368)
(120, 371)
(120, 244)
(120, 148)
(120, 250)
(120, 251)
(120, 253)
(121, 387)
(121, 388)
(121, 389)
(121, 134)
(121, 236)
(121, 269)
(121, 131)
(121, 278)
(121, 153)
(121, 160)
(121, 176)
(121, 162)
(121, 293)
(121, 298)
(121, 299)
(121, 300)
(121, 174)
(121, 175)
(121, 304)
(121, 306)
(121, 179)
(121, 310)
(121, 184)
(121, 316)
(121, 197)
(121, 199)
(121, 328)
(121, 201)
(121, 332)
(121, 335)
(121, 337)
(121, 216)
(121, 220)
(121, 223)
(121, 165)
(121, 227)
(121, 233)
(121, 364)
(121, 238)
(121, 241)
(121, 249)
(122, 131)
(122, 388)
(122, 133)
(122, 279)
(122, 260)
(122, 154)
(122, 156)
(122, 160)
(122, 163)
(122, 293)
(122, 296)
(122, 299)
(122, 176)
(122, 180)
(122, 310)
(122, 183)
(122, 188)
(122, 190)
(122, 194)
(122, 199)
(122, 201)
(122, 332)
(122, 335)
(122, 216)
(122, 165)
(122, 224)
(122, 233)
(122, 363)
(122, 241)
(122, 370)
(122, 316)
(122, 383)
(123, 392)
(123, 140)
(123, 270)
(123, 271)
(123, 273)
(123, 274)
(123, 280)
(123, 284)
(123, 295)
(123, 173)
(123, 136)
(123, 350)
(123, 314)
(123, 196)
(123, 326)
(123, 331)
(123, 205)
(123, 214)
(123, 222)
(123, 352)
(123, 226)
(123, 355)
(123, 377)
(123, 124)
(123, 125)
(124, 259)
(124, 392)
(124, 137)
(124, 395)
(124, 140)
(124, 398)
(124, 271)
(124, 274)
(124, 280)
(124, 284)
(124, 295)
(124, 168)
(124, 173)
(124, 136)
(124, 314)
(124, 196)
(124, 326)
(124, 329)
(124, 331)
(124, 207)
(124, 215)
(124, 349)
(124, 350)
(124, 352)
(124, 226)
(124, 357)
(124, 362)
(124, 377)
(124, 125)
(124, 126)
(125, 130)
(125, 392)
(125, 268)
(125, 270)
(125, 271)
(125, 272)
(125, 273)
(125, 274)
(125, 280)
(125, 173)
(125, 350)
(125, 314)
(125, 315)
(125, 196)
(125, 326)
(125, 331)
(125, 214)
(125, 219)
(125, 222)
(125, 352)
(125, 226)
(125, 355)
(125, 362)
(125, 377)
(126, 129)
(126, 137)
(126, 395)
(126, 398)
(126, 284)
(126, 168)
(126, 171)
(126, 325)
(126, 329)
(126, 334)
(126, 207)
(126, 215)
(126, 349)
(126, 351)
(126, 226)
(126, 242)
(126, 254)
(127, 386)
(127, 389)
(127, 134)
(127, 263)
(127, 153)
(127, 282)
(127, 291)
(127, 292)
(127, 185)
(127, 189)
(127, 192)
(127, 322)
(127, 323)
(127, 198)
(127, 330)
(127, 204)
(127, 333)
(127, 211)
(127, 340)
(127, 344)
(127, 164)
(127, 225)
(127, 227)
(127, 358)
(127, 359)
(127, 235)
(127, 366)
(127, 243)
(127, 245)
(127, 374)
(127, 247)
(128, 259)
(128, 139)
(128, 399)
(128, 274)
(128, 150)
(128, 167)
(128, 168)
(128, 169)
(128, 170)
(128, 312)
(128, 315)
(128, 191)
(128, 325)
(128, 206)
(128, 208)
(128, 341)
(128, 350)
(128, 352)
(128, 357)
(128, 362)
(128, 240)
(129, 135)
(129, 393)
(129, 267)
(129, 399)
(129, 195)
(129, 288)
(129, 171)
(129, 137)
(129, 312)
(129, 187)
(129, 395)
(129, 324)
(129, 325)
(129, 334)
(129, 212)
(129, 215)
(129, 351)
(129, 228)
(129, 360)
(129, 240)
(129, 242)
(129, 252)
(129, 254)
(130, 392)
(130, 268)
(130, 270)
(130, 272)
(130, 273)
(130, 274)
(130, 285)
(130, 289)
(130, 347)
(130, 173)
(130, 314)
(130, 326)
(130, 331)
(130, 206)
(130, 213)
(130, 214)
(130, 217)
(130, 219)
(130, 222)
(130, 355)
(130, 367)
(130, 372)
(130, 376)
(130, 255)
(131, 387)
(131, 388)
(131, 133)
(131, 138)
(131, 269)
(131, 278)
(131, 260)
(131, 154)
(131, 160)
(131, 176)
(131, 162)
(131, 293)
(131, 299)
(131, 300)
(131, 174)
(131, 175)
(131, 304)
(131, 306)
(131, 179)
(131, 180)
(131, 310)
(131, 184)
(131, 316)
(131, 194)
(131, 197)
(131, 199)
(131, 328)
(131, 201)
(131, 332)
(131, 335)
(131, 337)
(131, 216)
(131, 220)
(131, 165)
(131, 233)
(131, 364)
(131, 238)
(131, 241)
(131, 249)
(132, 384)
(132, 256)
(132, 262)
(132, 391)
(132, 396)
(132, 397)
(132, 142)
(132, 237)
(132, 152)
(132, 218)
(132, 155)
(132, 285)
(132, 286)
(132, 161)
(132, 297)
(132, 302)
(132, 177)
(132, 307)
(132, 308)
(132, 158)
(132, 311)
(132, 313)
(132, 193)
(132, 202)
(132, 143)
(132, 209)
(132, 338)
(132, 346)
(132, 347)
(132, 353)
(132, 356)
(132, 231)
(132, 365)
(132, 368)
(132, 372)
(132, 376)
(132, 250)
(132, 251)
(132, 255)
(133, 388)
(133, 264)
(133, 279)
(133, 260)
(133, 154)
(133, 156)
(133, 160)
(133, 163)
(133, 293)
(133, 296)
(133, 299)
(133, 176)
(133, 180)
(133, 309)
(133, 182)
(133, 183)
(133, 188)
(133, 190)
(133, 320)
(133, 194)
(133, 201)
(133, 165)
(133, 224)
(133, 233)
(133, 363)
(133, 241)
(133, 370)
(133, 316)
(133, 383)
(134, 389)
(134, 263)
(134, 269)
(134, 153)
(134, 162)
(134, 292)
(134, 298)
(134, 174)
(134, 175)
(134, 306)
(134, 310)
(134, 184)
(134, 204)
(134, 337)
(134, 225)
(134, 227)
(134, 358)
(134, 235)
(134, 364)
(134, 374)
(135, 393)
(135, 267)
(135, 399)
(135, 282)
(135, 288)
(135, 291)
(135, 164)
(135, 171)
(135, 181)
(135, 312)
(135, 187)
(135, 322)
(135, 195)
(135, 324)
(135, 325)
(135, 200)
(135, 330)
(135, 334)
(135, 212)
(135, 343)
(135, 354)
(135, 228)
(135, 359)
(135, 360)
(135, 240)
(135, 242)
(135, 245)
(135, 247)
(135, 252)
(136, 226)
(136, 196)
(136, 295)
(136, 329)
(136, 140)
(136, 205)
(136, 398)
(136, 271)
(136, 280)
(136, 377)
(136, 207)
(136, 284)
(137, 259)
(137, 395)
(137, 398)
(137, 284)
(137, 168)
(137, 325)
(137, 329)
(137, 334)
(137, 207)
(137, 215)
(137, 349)
(137, 350)
(137, 351)
(137, 226)
(137, 357)
(137, 360)
(137, 362)
(137, 242)
(137, 254)
(138, 258)
(138, 260)
(138, 264)
(138, 265)
(138, 275)
(138, 149)
(138, 278)
(138, 156)
(138, 160)
(138, 176)
(138, 165)
(138, 296)
(138, 300)
(138, 301)
(138, 304)
(138, 179)
(138, 182)
(138, 316)
(138, 317)
(138, 194)
(138, 197)
(138, 328)
(138, 201)
(138, 332)
(138, 216)
(138, 220)
(138, 238)
(138, 370)
(138, 147)
(138, 375)
(138, 248)
(138, 249)
(138, 380)
(139, 384)
(139, 256)
(139, 261)
(139, 266)
(139, 397)
(139, 276)
(139, 150)
(139, 286)
(139, 289)
(139, 167)
(139, 297)
(139, 302)
(139, 308)
(139, 158)
(139, 318)
(139, 191)
(139, 161)
(139, 202)
(139, 206)
(139, 141)
(139, 208)
(139, 339)
(139, 341)
(139, 230)
(139, 365)
(139, 367)
(139, 368)
(139, 148)
(139, 250)
(139, 251)
(140, 226)
(140, 196)
(140, 295)
(140, 205)
(140, 271)
(140, 280)
(140, 377)
(140, 284)
(141, 384)
(141, 257)
(141, 261)
(141, 394)
(141, 276)
(141, 150)
(141, 286)
(141, 297)
(141, 302)
(141, 178)
(141, 158)
(141, 266)
(141, 318)
(141, 191)
(141, 202)
(141, 339)
(141, 341)
(141, 342)
(141, 230)
(141, 365)
(141, 368)
(141, 369)
(141, 248)
(141, 148)
(141, 250)
(141, 380)
(142, 385)
(142, 262)
(142, 391)
(142, 396)
(142, 397)
(142, 143)
(142, 146)
(142, 152)
(142, 281)
(142, 346)
(142, 158)
(142, 338)
(142, 177)
(142, 307)
(142, 210)
(142, 218)
(142, 353)
(142, 231)
(142, 361)
(142, 237)
(142, 371)
(142, 244)
(142, 253)
(143, 385)
(143, 262)
(143, 391)
(143, 396)
(143, 146)
(143, 152)
(143, 155)
(143, 166)
(143, 338)
(143, 177)
(143, 307)
(143, 308)
(143, 311)
(143, 313)
(143, 186)
(143, 193)
(143, 209)
(143, 210)
(143, 218)
(143, 353)
(143, 356)
(143, 231)
(143, 237)
(144, 390)
(144, 265)
(144, 145)
(144, 281)
(144, 157)
(144, 287)
(144, 294)
(144, 172)
(144, 301)
(144, 303)
(144, 305)
(144, 319)
(144, 327)
(144, 348)
(144, 229)
(144, 231)
(144, 361)
(144, 234)
(144, 371)
(144, 244)
(144, 373)
(144, 246)
(144, 253)
(145, 262)
(145, 265)
(145, 394)
(145, 281)
(145, 157)
(145, 287)
(145, 390)
(145, 172)
(145, 301)
(145, 302)
(145, 303)
(145, 305)
(145, 319)
(145, 327)
(145, 346)
(145, 348)
(145, 229)
(145, 231)
(145, 361)
(145, 234)
(145, 365)
(145, 239)
(145, 371)
(145, 244)
(145, 373)
(145, 246)
(145, 375)
(145, 253)
(146, 385)
(146, 166)
(146, 262)
(146, 353)
(146, 177)
(146, 210)
(146, 307)
(146, 152)
(146, 218)
(147, 258)
(147, 260)
(147, 264)
(147, 265)
(147, 275)
(147, 149)
(147, 156)
(147, 157)
(147, 296)
(147, 301)
(147, 305)
(147, 178)
(147, 179)
(147, 182)
(147, 316)
(147, 317)
(147, 197)
(147, 327)
(147, 328)
(147, 336)
(147, 342)
(147, 238)
(147, 239)
(147, 369)
(147, 370)
(147, 373)
(147, 246)
(147, 375)
(147, 248)
(147, 380)
(148, 258)
(148, 261)
(148, 390)
(148, 394)
(148, 397)
(148, 276)
(148, 149)
(148, 157)
(148, 286)
(148, 297)
(148, 301)
(148, 302)
(148, 303)
(148, 305)
(148, 178)
(148, 158)
(148, 266)
(148, 318)
(148, 319)
(148, 202)
(148, 339)
(148, 342)
(148, 346)
(148, 230)
(148, 365)
(148, 239)
(148, 368)
(148, 369)
(148, 244)
(148, 373)
(148, 375)
(148, 248)
(148, 191)
(148, 380)
(149, 258)
(149, 387)
(149, 260)
(149, 265)
(149, 394)
(149, 275)
(149, 276)
(149, 278)
(149, 157)
(149, 301)
(149, 178)
(149, 179)
(149, 317)
(149, 318)
(149, 197)
(149, 328)
(149, 339)
(149, 342)
(149, 216)
(149, 220)
(149, 230)
(149, 238)
(149, 239)
(149, 369)
(149, 373)
(149, 375)
(149, 248)
(149, 249)
(149, 380)
(150, 384)
(150, 259)
(150, 266)
(150, 399)
(150, 261)
(150, 167)
(150, 169)
(150, 170)
(150, 312)
(150, 315)
(150, 191)
(150, 206)
(150, 208)
(150, 339)
(150, 341)
(150, 357)
(150, 232)
(150, 362)
(150, 250)
(151, 288)
(151, 192)
(151, 386)
(151, 291)
(151, 324)
(151, 211)
(151, 359)
(151, 267)
(151, 354)
(151, 164)
(151, 243)
(151, 343)
(151, 228)
(151, 195)
(152, 256)
(152, 385)
(152, 262)
(152, 391)
(152, 396)
(152, 397)
(152, 237)
(152, 155)
(152, 218)
(152, 166)
(152, 177)
(152, 307)
(152, 308)
(152, 311)
(152, 313)
(152, 186)
(152, 193)
(152, 209)
(152, 210)
(152, 346)
(152, 353)
(152, 356)
(152, 231)
(152, 338)
(152, 376)
(152, 251)
(152, 253)
(152, 255)
(153, 389)
(153, 263)
(153, 236)
(153, 269)
(153, 162)
(153, 292)
(153, 298)
(153, 300)
(153, 174)
(153, 175)
(153, 304)
(153, 306)
(153, 310)
(153, 184)
(153, 199)
(153, 332)
(153, 335)
(153, 337)
(153, 225)
(153, 227)
(153, 235)
(153, 364)
(153, 374)
(154, 388)
(154, 264)
(154, 279)
(154, 260)
(154, 156)
(154, 160)
(154, 163)
(154, 293)
(154, 296)
(154, 299)
(154, 176)
(154, 180)
(154, 309)
(154, 182)
(154, 183)
(154, 188)
(154, 190)
(154, 320)
(154, 194)
(154, 199)
(154, 201)
(154, 165)
(154, 224)
(154, 233)
(154, 363)
(154, 241)
(154, 370)
(154, 316)
(154, 383)
(155, 256)
(155, 391)
(155, 396)
(155, 285)
(155, 161)
(155, 166)
(155, 177)
(155, 308)
(155, 311)
(155, 313)
(155, 186)
(155, 193)
(155, 209)
(155, 338)
(155, 213)
(155, 218)
(155, 347)
(155, 353)
(155, 356)
(155, 372)
(155, 376)
(155, 251)
(155, 255)
(156, 260)
(156, 264)
(156, 265)
(156, 275)
(156, 279)
(156, 290)
(156, 163)
(156, 294)
(156, 296)
(156, 176)
(156, 309)
(156, 182)
(156, 183)
(156, 188)
(156, 317)
(156, 190)
(156, 320)
(156, 194)
(156, 327)
(156, 336)
(156, 224)
(156, 316)
(156, 363)
(156, 370)
(156, 382)
(156, 383)
(157, 258)
(157, 390)
(157, 264)
(157, 265)
(157, 394)
(157, 275)
(157, 276)
(157, 281)
(157, 287)
(157, 294)
(157, 172)
(157, 301)
(157, 302)
(157, 303)
(157, 305)
(157, 178)
(157, 317)
(157, 319)
(157, 327)
(157, 348)
(157, 229)
(157, 361)
(157, 234)
(157, 239)
(157, 371)
(157, 244)
(157, 373)
(157, 246)
(157, 375)
(157, 380)
(158, 384)
(158, 256)
(158, 261)
(158, 390)
(158, 391)
(158, 394)
(158, 396)
(158, 397)
(158, 237)
(158, 276)
(158, 218)
(158, 286)
(158, 262)
(158, 297)
(158, 302)
(158, 303)
(158, 177)
(158, 307)
(158, 308)
(158, 266)
(158, 318)
(158, 319)
(158, 202)
(158, 346)
(158, 356)
(158, 231)
(158, 365)
(158, 239)
(158, 368)
(158, 371)
(158, 244)
(158, 373)
(158, 250)
(158, 253)
(159, 257)
(159, 387)
(159, 393)
(159, 399)
(159, 277)
(159, 282)
(159, 283)
(159, 298)
(159, 181)
(159, 312)
(159, 185)
(159, 189)
(159, 321)
(159, 322)
(159, 200)
(159, 330)
(159, 203)
(159, 333)
(159, 339)
(159, 345)
(159, 221)
(159, 223)
(159, 232)
(159, 236)
(159, 366)
(159, 240)
(159, 245)
(159, 247)
(159, 249)
(159, 381)
(160, 387)
(160, 388)
(160, 269)
(160, 188)
(160, 278)
(160, 260)
(160, 176)
(160, 162)
(160, 293)
(160, 296)
(160, 299)
(160, 300)
(160, 174)
(160, 175)
(160, 304)
(160, 306)
(160, 179)
(160, 180)
(160, 310)
(160, 184)
(160, 316)
(160, 194)
(160, 197)
(160, 199)
(160, 328)
(160, 201)
(160, 332)
(160, 335)
(160, 337)
(160, 216)
(160, 220)
(160, 165)
(160, 233)
(160, 364)
(160, 238)
(160, 241)
(160, 249)
(161, 384)
(161, 256)
(161, 213)
(161, 391)
(161, 396)
(161, 285)
(161, 286)
(161, 289)
(161, 219)
(161, 297)
(161, 308)
(161, 311)
(161, 313)
(161, 193)
(161, 268)
(161, 202)
(161, 206)
(161, 209)
(161, 338)
(161, 341)
(161, 217)
(161, 347)
(161, 356)
(161, 367)
(161, 368)
(161, 372)
(161, 376)
(161, 250)
(161, 251)
(161, 255)
(162, 387)
(162, 388)
(162, 389)
(162, 236)
(162, 269)
(162, 278)
(162, 176)
(162, 293)
(162, 298)
(162, 299)
(162, 300)
(162, 174)
(162, 175)
(162, 304)
(162, 306)
(162, 179)
(162, 310)
(162, 184)
(162, 197)
(162, 199)
(162, 328)
(162, 201)
(162, 332)
(162, 335)
(162, 337)
(162, 216)
(162, 220)
(162, 223)
(162, 165)
(162, 227)
(162, 233)
(162, 364)
(162, 238)
(162, 241)
(162, 249)
(163, 388)
(163, 279)
(163, 293)
(163, 296)
(163, 299)
(163, 176)
(163, 180)
(163, 309)
(163, 183)
(163, 188)
(163, 190)
(163, 320)
(163, 194)
(163, 201)
(163, 165)
(163, 224)
(163, 233)
(163, 363)
(163, 241)
(163, 370)
(163, 316)
(163, 383)
(164, 386)
(164, 263)
(164, 393)
(164, 267)
(164, 282)
(164, 288)
(164, 291)
(164, 181)
(164, 185)
(164, 187)
(164, 189)
(164, 192)
(164, 322)
(164, 195)
(164, 324)
(164, 200)
(164, 330)
(164, 204)
(164, 333)
(164, 211)
(164, 340)
(164, 343)
(164, 354)
(164, 228)
(164, 358)
(164, 359)
(164, 235)
(164, 366)
(164, 243)
(164, 245)
(164, 247)
(164, 212)
(164, 252)
(165, 388)
(165, 269)
(165, 188)
(165, 278)
(165, 279)
(165, 260)
(165, 176)
(165, 293)
(165, 296)
(165, 299)
(165, 300)
(165, 174)
(165, 304)
(165, 306)
(165, 179)
(165, 180)
(165, 310)
(165, 183)
(165, 184)
(165, 316)
(165, 194)
(165, 197)
(165, 199)
(165, 201)
(165, 332)
(165, 335)
(165, 337)
(165, 216)
(165, 220)
(165, 224)
(165, 233)
(165, 364)
(165, 241)
(165, 370)
(166, 385)
(166, 353)
(166, 177)
(166, 391)
(166, 210)
(166, 209)
(166, 338)
(166, 311)
(166, 218)
(166, 186)
(167, 384)
(167, 259)
(167, 268)
(167, 399)
(167, 274)
(167, 289)
(167, 168)
(167, 169)
(167, 170)
(167, 312)
(167, 314)
(167, 315)
(167, 191)
(167, 325)
(167, 206)
(167, 208)
(167, 341)
(167, 350)
(167, 352)
(167, 357)
(167, 362)
(167, 367)
(167, 250)
(168, 259)
(168, 395)
(168, 399)
(168, 274)
(168, 284)
(168, 169)
(168, 170)
(168, 312)
(168, 314)
(168, 315)
(168, 325)
(168, 334)
(168, 207)
(168, 208)
(168, 215)
(168, 349)
(168, 350)
(168, 352)
(168, 226)
(168, 357)
(168, 360)
(168, 362)
(168, 240)
(168, 242)
(168, 377)
(169, 259)
(169, 399)
(169, 274)
(169, 170)
(169, 312)
(169, 315)
(169, 191)
(169, 325)
(169, 206)
(169, 208)
(169, 341)
(169, 215)
(169, 350)
(169, 352)
(169, 357)
(169, 362)
(169, 240)
(170, 259)
(170, 399)
(170, 274)
(170, 312)
(170, 315)
(170, 191)
(170, 325)
(170, 208)
(170, 341)
(170, 215)
(170, 221)
(170, 350)
(170, 352)
(170, 357)
(170, 362)
(170, 240)
(171, 267)
(171, 195)
(171, 288)
(171, 187)
(171, 395)
(171, 324)
(171, 334)
(171, 212)
(171, 343)
(171, 351)
(171, 360)
(171, 242)
(171, 254)
(171, 252)
(172, 262)
(172, 265)
(172, 281)
(172, 287)
(172, 390)
(172, 301)
(172, 303)
(172, 305)
(172, 319)
(172, 327)
(172, 346)
(172, 348)
(172, 229)
(172, 231)
(172, 361)
(172, 234)
(172, 239)
(172, 371)
(172, 244)
(172, 373)
(172, 246)
(172, 253)
(173, 259)
(173, 392)
(173, 268)
(173, 270)
(173, 271)
(173, 272)
(173, 273)
(173, 274)
(173, 280)
(173, 350)
(173, 314)
(173, 315)
(173, 196)
(173, 326)
(173, 331)
(173, 214)
(173, 217)
(173, 219)
(173, 222)
(173, 352)
(173, 226)
(173, 355)
(173, 362)
(173, 377)
(174, 388)
(174, 389)
(174, 269)
(174, 278)
(174, 293)
(174, 298)
(174, 299)
(174, 300)
(174, 175)
(174, 304)
(174, 306)
(174, 310)
(174, 184)
(174, 199)
(174, 201)
(174, 332)
(174, 335)
(174, 337)
(174, 216)
(174, 220)
(174, 227)
(174, 233)
(174, 364)
(174, 241)
(175, 387)
(175, 389)
(175, 236)
(175, 269)
(175, 277)
(175, 278)
(175, 298)
(175, 299)
(175, 300)
(175, 304)
(175, 306)
(175, 310)
(175, 184)
(175, 197)
(175, 199)
(175, 328)
(175, 201)
(175, 203)
(175, 332)
(175, 335)
(175, 337)
(175, 216)
(175, 345)
(175, 220)
(175, 223)
(175, 225)
(175, 227)
(175, 235)
(175, 364)
(175, 249)
(176, 388)
(176, 188)
(176, 278)
(176, 279)
(176, 260)
(176, 293)
(176, 296)
(176, 299)
(176, 300)
(176, 304)
(176, 306)
(176, 179)
(176, 180)
(176, 310)
(176, 183)
(176, 316)
(176, 190)
(176, 194)
(176, 197)
(176, 199)
(176, 201)
(176, 332)
(176, 335)
(176, 337)
(176, 216)
(176, 182)
(176, 224)
(176, 233)
(176, 363)
(176, 364)
(176, 241)
(176, 370)
(176, 383)
(177, 262)
(177, 391)
(177, 396)
(177, 397)
(177, 365)
(177, 346)
(177, 297)
(177, 338)
(177, 307)
(177, 308)
(177, 210)
(177, 218)
(177, 353)
(177, 356)
(177, 231)
(177, 237)
(177, 368)
(177, 371)
(177, 244)
(177, 253)
(178, 257)
(178, 258)
(178, 261)
(178, 394)
(178, 276)
(178, 286)
(178, 302)
(178, 317)
(178, 266)
(178, 318)
(178, 319)
(178, 328)
(178, 202)
(178, 339)
(178, 342)
(178, 230)
(178, 365)
(178, 238)
(178, 239)
(178, 369)
(178, 373)
(178, 375)
(178, 248)
(178, 191)
(178, 380)
(179, 258)
(179, 387)
(179, 388)
(179, 264)
(179, 275)
(179, 278)
(179, 260)
(179, 296)
(179, 299)
(179, 300)
(179, 304)
(179, 306)
(179, 316)
(179, 317)
(179, 194)
(179, 197)
(179, 328)
(179, 201)
(179, 332)
(179, 337)
(179, 216)
(179, 220)
(179, 223)
(179, 238)
(179, 370)
(179, 248)
(179, 249)
(179, 380)
(180, 388)
(180, 279)
(180, 293)
(180, 296)
(180, 299)
(180, 310)
(180, 183)
(180, 188)
(180, 194)
(180, 199)
(180, 201)
(180, 335)
(180, 224)
(180, 233)
(180, 363)
(180, 364)
(180, 241)
(180, 316)
(181, 257)
(181, 393)
(181, 267)
(181, 399)
(181, 277)
(181, 282)
(181, 283)
(181, 291)
(181, 312)
(181, 185)
(181, 187)
(181, 189)
(181, 321)
(181, 322)
(181, 324)
(181, 200)
(181, 330)
(181, 203)
(181, 333)
(181, 212)
(181, 345)
(181, 221)
(181, 228)
(181, 360)
(181, 236)
(181, 366)
(181, 240)
(181, 232)
(181, 245)
(181, 247)
(181, 252)
(181, 381)
(182, 260)
(182, 264)
(182, 265)
(182, 275)
(182, 287)
(182, 290)
(182, 294)
(182, 296)
(182, 301)
(182, 309)
(182, 183)
(182, 316)
(182, 317)
(182, 190)
(182, 320)
(182, 194)
(182, 327)
(182, 336)
(182, 224)
(182, 188)
(182, 363)
(182, 370)
(182, 382)
(182, 383)
(183, 388)
(183, 264)
(183, 279)
(183, 260)
(183, 290)
(183, 293)
(183, 296)
(183, 299)
(183, 309)
(183, 188)
(183, 190)
(183, 320)
(183, 194)
(183, 201)
(183, 224)
(183, 233)
(183, 363)
(183, 241)
(183, 370)
(183, 316)
(183, 383)
(184, 387)
(184, 388)
(184, 389)
(184, 269)
(184, 278)
(184, 293)
(184, 298)
(184, 299)
(184, 300)
(184, 304)
(184, 306)
(184, 310)
(184, 199)
(184, 201)
(184, 332)
(184, 335)
(184, 337)
(184, 216)
(184, 220)
(184, 227)
(184, 233)
(184, 364)
(184, 241)
(185, 257)
(185, 387)
(185, 389)
(185, 263)
(185, 393)
(185, 277)
(185, 282)
(185, 283)
(185, 291)
(185, 298)
(185, 189)
(185, 321)
(185, 322)
(185, 200)
(185, 330)
(185, 203)
(185, 204)
(185, 333)
(185, 345)
(185, 221)
(185, 223)
(185, 225)
(185, 228)
(185, 359)
(185, 232)
(185, 235)
(185, 236)
(185, 366)
(185, 245)
(185, 247)
(185, 249)
(185, 381)
(186, 385)
(186, 353)
(186, 193)
(186, 391)
(186, 209)
(186, 338)
(186, 213)
(186, 311)
(186, 376)
(186, 313)
(186, 285)
(187, 393)
(187, 267)
(187, 288)
(187, 291)
(187, 322)
(187, 195)
(187, 324)
(187, 325)
(187, 200)
(187, 334)
(187, 212)
(187, 343)
(187, 354)
(187, 228)
(187, 360)
(187, 240)
(187, 242)
(187, 245)
(187, 252)
(187, 254)
(188, 388)
(188, 264)
(188, 279)
(188, 260)
(188, 290)
(188, 293)
(188, 296)
(188, 299)
(188, 309)
(188, 316)
(188, 190)
(188, 320)
(188, 194)
(188, 201)
(188, 224)
(188, 233)
(188, 363)
(188, 241)
(188, 370)
(188, 383)
(189, 257)
(189, 387)
(189, 389)
(189, 263)
(189, 393)
(189, 277)
(189, 282)
(189, 283)
(189, 291)
(189, 298)
(189, 321)
(189, 322)
(189, 200)
(189, 330)
(189, 203)
(189, 204)
(189, 333)
(189, 345)
(189, 221)
(189, 223)
(189, 225)
(189, 227)
(189, 228)
(189, 359)
(189, 232)
(189, 235)
(189, 236)
(189, 366)
(189, 243)
(189, 245)
(189, 374)
(189, 247)
(189, 381)
(190, 260)
(190, 264)
(190, 279)
(190, 290)
(190, 294)
(190, 296)
(190, 309)
(190, 316)
(190, 320)
(190, 194)
(190, 336)
(190, 224)
(190, 363)
(190, 370)
(190, 382)
(190, 383)
(191, 384)
(191, 257)
(191, 261)
(191, 266)
(191, 276)
(191, 286)
(191, 318)
(191, 202)
(191, 206)
(191, 208)
(191, 339)
(191, 341)
(191, 342)
(191, 230)
(191, 232)
(191, 368)
(191, 369)
(191, 250)
(192, 386)
(192, 288)
(192, 323)
(192, 198)
(192, 204)
(192, 211)
(192, 340)
(192, 344)
(192, 354)
(192, 358)
(192, 359)
(192, 243)
(192, 378)
(192, 379)
(193, 384)
(193, 256)
(193, 391)
(193, 396)
(193, 285)
(193, 289)
(193, 297)
(193, 308)
(193, 311)
(193, 313)
(193, 206)
(193, 209)
(193, 338)
(193, 213)
(193, 217)
(193, 347)
(193, 356)
(193, 367)
(193, 368)
(193, 372)
(193, 376)
(193, 250)
(193, 251)
(193, 255)
(194, 388)
(194, 264)
(194, 279)
(194, 260)
(194, 293)
(194, 296)
(194, 299)
(194, 309)
(194, 310)
(194, 316)
(194, 320)
(194, 197)
(194, 199)
(194, 201)
(194, 332)
(194, 335)
(194, 216)
(194, 224)
(194, 233)
(194, 363)
(194, 241)
(194, 370)
(194, 383)
(195, 393)
(195, 267)
(195, 288)
(195, 291)
(195, 324)
(195, 200)
(195, 334)
(195, 212)
(195, 343)
(195, 354)
(195, 228)
(195, 360)
(195, 242)
(195, 252)
(195, 254)
(196, 392)
(196, 270)
(196, 271)
(196, 274)
(196, 280)
(196, 284)
(196, 295)
(196, 350)
(196, 314)
(196, 326)
(196, 331)
(196, 205)
(196, 214)
(196, 222)
(196, 352)
(196, 226)
(196, 355)
(196, 273)
(196, 377)
(197, 258)
(197, 387)
(197, 388)
(197, 275)
(197, 278)
(197, 260)
(197, 298)
(197, 299)
(197, 300)
(197, 304)
(197, 306)
(197, 316)
(197, 317)
(197, 328)
(197, 201)
(197, 332)
(197, 335)
(197, 337)
(197, 216)
(197, 220)
(197, 223)
(197, 238)
(197, 248)
(197, 249)
(197, 380)
(198, 386)
(198, 263)
(198, 292)
(198, 323)
(198, 204)
(198, 211)
(198, 340)
(198, 344)
(198, 225)
(198, 358)
(198, 359)
(198, 243)
(198, 374)
(198, 378)
(198, 379)
(199, 388)
(199, 269)
(199, 278)
(199, 293)
(199, 299)
(199, 300)
(199, 304)
(199, 306)
(199, 310)
(199, 316)
(199, 201)
(199, 332)
(199, 335)
(199, 337)
(199, 216)
(199, 233)
(199, 364)
(199, 241)
(200, 393)
(200, 267)
(200, 399)
(200, 277)
(200, 282)
(200, 283)
(200, 288)
(200, 291)
(200, 312)
(200, 321)
(200, 322)
(200, 324)
(200, 330)
(200, 333)
(200, 211)
(200, 212)
(200, 221)
(200, 354)
(200, 228)
(200, 359)
(200, 360)
(200, 366)
(200, 240)
(200, 232)
(200, 243)
(200, 245)
(200, 247)
(200, 252)
(200, 381)
(201, 388)
(201, 269)
(201, 278)
(201, 279)
(201, 260)
(201, 293)
(201, 296)
(201, 299)
(201, 300)
(201, 304)
(201, 306)
(201, 310)
(201, 316)
(201, 332)
(201, 335)
(201, 337)
(201, 216)
(201, 220)
(201, 224)
(201, 233)
(201, 364)
(201, 238)
(201, 241)
(201, 370)
(202, 384)
(202, 256)
(202, 261)
(202, 390)
(202, 391)
(202, 394)
(202, 396)
(202, 397)
(202, 237)
(202, 276)
(202, 286)
(202, 297)
(202, 302)
(202, 303)
(202, 308)
(202, 266)
(202, 318)
(202, 319)
(202, 342)
(202, 346)
(202, 230)
(202, 365)
(202, 239)
(202, 368)
(202, 369)
(202, 244)
(202, 373)
(202, 250)
(203, 257)
(203, 387)
(203, 389)
(203, 277)
(203, 278)
(203, 282)
(203, 283)
(203, 298)
(203, 300)
(203, 304)
(203, 306)
(203, 321)
(203, 328)
(203, 330)
(203, 333)
(203, 345)
(203, 220)
(203, 221)
(203, 223)
(203, 232)
(203, 235)
(203, 236)
(203, 366)
(203, 245)
(203, 247)
(203, 249)
(203, 381)
(204, 386)
(204, 389)
(204, 263)
(204, 282)
(204, 291)
(204, 292)
(204, 322)
(204, 323)
(204, 330)
(204, 333)
(204, 211)
(204, 340)
(204, 344)
(204, 225)
(204, 227)
(204, 228)
(204, 358)
(204, 359)
(204, 235)
(204, 366)
(204, 243)
(204, 245)
(204, 374)
(204, 247)
(204, 378)
(205, 226)
(205, 295)
(205, 271)
(205, 280)
(205, 377)
(205, 284)
(206, 384)
(206, 256)
(206, 268)
(206, 272)
(206, 274)
(206, 289)
(206, 347)
(206, 308)
(206, 314)
(206, 315)
(206, 208)
(206, 341)
(206, 214)
(206, 217)
(206, 219)
(206, 352)
(206, 356)
(206, 362)
(206, 367)
(206, 368)
(206, 372)
(206, 250)
(206, 251)
(206, 255)
(207, 395)
(207, 398)
(207, 284)
(207, 295)
(207, 329)
(207, 334)
(207, 215)
(207, 349)
(207, 351)
(207, 226)
(207, 377)
(208, 259)
(208, 399)
(208, 274)
(208, 312)
(208, 315)
(208, 325)
(208, 268)
(208, 341)
(208, 350)
(208, 352)
(208, 357)
(208, 362)
(208, 240)
(209, 256)
(209, 391)
(209, 285)
(209, 308)
(209, 311)
(209, 313)
(209, 338)
(209, 213)
(209, 347)
(209, 356)
(209, 255)
(209, 372)
(209, 376)
(209, 251)
(210, 385)
(210, 262)
(210, 231)
(210, 353)
(210, 307)
(210, 218)
(210, 253)
(211, 386)
(211, 263)
(211, 267)
(211, 282)
(211, 288)
(211, 291)
(211, 322)
(211, 323)
(211, 324)
(211, 330)
(211, 340)
(211, 343)
(211, 344)
(211, 354)
(211, 228)
(211, 358)
(211, 359)
(211, 235)
(211, 366)
(211, 243)
(211, 245)
(211, 378)
(212, 393)
(212, 395)
(212, 399)
(212, 288)
(212, 291)
(212, 312)
(212, 324)
(212, 325)
(212, 334)
(212, 343)
(212, 267)
(212, 354)
(212, 228)
(212, 360)
(212, 240)
(212, 242)
(212, 252)
(212, 254)
(213, 272)
(213, 285)
(213, 311)
(213, 313)
(213, 338)
(213, 214)
(213, 217)
(213, 347)
(213, 356)
(213, 372)
(213, 376)
(213, 251)
(213, 255)
(214, 392)
(214, 268)
(214, 270)
(214, 271)
(214, 272)
(214, 274)
(214, 289)
(214, 314)
(214, 326)
(214, 331)
(214, 217)
(214, 219)
(214, 222)
(214, 352)
(214, 355)
(214, 273)
(214, 367)
(214, 372)
(215, 259)
(215, 395)
(215, 398)
(215, 284)
(215, 325)
(215, 329)
(215, 334)
(215, 349)
(215, 350)
(215, 351)
(215, 352)
(215, 226)
(215, 357)
(215, 360)
(215, 362)
(215, 242)
(215, 377)
(216, 387)
(216, 388)
(216, 236)
(216, 269)
(216, 278)
(216, 260)
(216, 293)
(216, 298)
(216, 299)
(216, 300)
(216, 304)
(216, 306)
(216, 310)
(216, 316)
(216, 328)
(216, 332)
(216, 335)
(216, 337)
(216, 220)
(216, 223)
(216, 233)
(216, 364)
(216, 238)
(216, 241)
(216, 249)
(217, 392)
(217, 268)
(217, 270)
(217, 272)
(217, 273)
(217, 274)
(217, 285)
(217, 289)
(217, 347)
(217, 311)
(217, 313)
(217, 331)
(217, 219)
(217, 222)
(217, 355)
(217, 367)
(217, 372)
(217, 376)
(217, 251)
(217, 255)
(218, 385)
(218, 262)
(218, 391)
(218, 396)
(218, 397)
(218, 297)
(218, 307)
(218, 308)
(218, 338)
(218, 346)
(218, 353)
(218, 356)
(218, 231)
(218, 237)
(218, 371)
(218, 244)
(218, 253)
(219, 392)
(219, 268)
(219, 270)
(219, 272)
(219, 274)
(219, 289)
(219, 350)
(219, 314)
(219, 315)
(219, 326)
(219, 331)
(219, 347)
(219, 222)
(219, 352)
(219, 355)
(219, 273)
(219, 362)
(219, 367)
(219, 372)
(220, 257)
(220, 387)
(220, 260)
(220, 269)
(220, 277)
(220, 278)
(220, 283)
(220, 298)
(220, 299)
(220, 300)
(220, 304)
(220, 306)
(220, 310)
(220, 316)
(220, 328)
(220, 332)
(220, 335)
(220, 337)
(220, 345)
(220, 223)
(220, 236)
(220, 238)
(220, 248)
(220, 249)
(220, 380)
(221, 257)
(221, 393)
(221, 399)
(221, 277)
(221, 282)
(221, 283)
(221, 312)
(221, 321)
(221, 322)
(221, 330)
(221, 333)
(221, 339)
(221, 345)
(221, 223)
(221, 232)
(221, 236)
(221, 240)
(221, 245)
(221, 247)
(221, 252)
(221, 381)
(222, 392)
(222, 268)
(222, 270)
(222, 271)
(222, 272)
(222, 274)
(222, 280)
(222, 314)
(222, 326)
(222, 331)
(222, 355)
(222, 273)
(222, 377)
(223, 257)
(223, 387)
(223, 277)
(223, 278)
(223, 283)
(223, 298)
(223, 300)
(223, 304)
(223, 306)
(223, 321)
(223, 328)
(223, 332)
(223, 333)
(223, 339)
(223, 345)
(223, 232)
(223, 236)
(223, 238)
(223, 247)
(223, 248)
(223, 249)
(223, 381)
(224, 388)
(224, 279)
(224, 260)
(224, 290)
(224, 293)
(224, 296)
(224, 299)
(224, 309)
(224, 316)
(224, 320)
(224, 233)
(224, 363)
(224, 241)
(224, 370)
(224, 383)
(225, 389)
(225, 263)
(225, 277)
(225, 282)
(225, 292)
(225, 298)
(225, 322)
(225, 330)
(225, 333)
(225, 340)
(225, 227)
(225, 358)
(225, 359)
(225, 235)
(225, 236)
(225, 366)
(225, 243)
(225, 245)
(225, 374)
(225, 247)
(226, 395)
(226, 398)
(226, 271)
(226, 280)
(226, 284)
(226, 295)
(226, 314)
(226, 329)
(226, 331)
(226, 349)
(226, 350)
(226, 274)
(226, 377)
(227, 387)
(227, 389)
(227, 263)
(227, 236)
(227, 269)
(227, 277)
(227, 292)
(227, 298)
(227, 300)
(227, 304)
(227, 306)
(227, 310)
(227, 332)
(227, 333)
(227, 335)
(227, 337)
(227, 235)
(227, 364)
(227, 366)
(227, 374)
(228, 393)
(228, 267)
(228, 282)
(228, 288)
(228, 291)
(228, 322)
(228, 324)
(228, 330)
(228, 333)
(228, 343)
(228, 354)
(228, 359)
(228, 360)
(228, 366)
(228, 240)
(228, 243)
(228, 245)
(228, 247)
(228, 252)
(229, 390)
(229, 265)
(229, 281)
(229, 287)
(229, 294)
(229, 301)
(229, 303)
(229, 305)
(229, 319)
(229, 327)
(229, 346)
(229, 348)
(229, 231)
(229, 361)
(229, 234)
(229, 239)
(229, 371)
(229, 244)
(229, 373)
(229, 246)
(229, 375)
(229, 253)
(230, 257)
(230, 258)
(230, 261)
(230, 394)
(230, 276)
(230, 286)
(230, 302)
(230, 266)
(230, 318)
(230, 319)
(230, 328)
(230, 339)
(230, 342)
(230, 365)
(230, 238)
(230, 239)
(230, 369)
(230, 373)
(230, 375)
(230, 248)
(230, 380)
(231, 262)
(231, 396)
(231, 397)
(231, 365)
(231, 281)
(231, 303)
(231, 390)
(231, 302)
(231, 307)
(231, 319)
(231, 346)
(231, 361)
(231, 237)
(231, 371)
(231, 244)
(231, 253)
(232, 257)
(232, 387)
(232, 393)
(232, 277)
(232, 283)
(232, 312)
(232, 321)
(232, 330)
(232, 333)
(232, 339)
(232, 345)
(232, 399)
(232, 236)
(232, 240)
(232, 247)
(232, 381)
(233, 388)
(233, 269)
(233, 278)
(233, 279)
(233, 260)
(233, 293)
(233, 299)
(233, 300)
(233, 304)
(233, 306)
(233, 310)
(233, 316)
(233, 332)
(233, 335)
(233, 337)
(233, 364)
(233, 241)
(234, 390)
(234, 265)
(234, 281)
(234, 287)
(234, 294)
(234, 301)
(234, 303)
(234, 305)
(234, 327)
(234, 348)
(234, 361)
(234, 371)
(234, 373)
(234, 246)
(234, 382)
(235, 389)
(235, 263)
(235, 277)
(235, 282)
(235, 292)
(235, 298)
(235, 322)
(235, 330)
(235, 333)
(235, 340)
(235, 345)
(235, 358)
(235, 359)
(235, 236)
(235, 366)
(235, 243)
(235, 245)
(235, 374)
(235, 247)
(236, 257)
(236, 387)
(236, 389)
(236, 263)
(236, 277)
(236, 278)
(236, 282)
(236, 283)
(236, 298)
(236, 300)
(236, 304)
(236, 306)
(236, 321)
(236, 322)
(236, 328)
(236, 330)
(236, 332)
(236, 333)
(236, 337)
(236, 345)
(236, 366)
(236, 245)
(236, 247)
(236, 249)
(236, 381)
(237, 256)
(237, 262)
(237, 391)
(237, 396)
(237, 297)
(237, 302)
(237, 303)
(237, 307)
(237, 308)
(237, 286)
(237, 319)
(237, 397)
(237, 338)
(237, 346)
(237, 356)
(237, 365)
(237, 368)
(237, 371)
(237, 244)
(237, 253)
(238, 258)
(238, 260)
(238, 387)
(238, 278)
(238, 300)
(238, 304)
(238, 306)
(238, 316)
(238, 317)
(238, 328)
(238, 332)
(238, 342)
(238, 369)
(238, 275)
(238, 375)
(238, 248)
(238, 249)
(238, 380)
(239, 258)
(239, 390)
(239, 265)
(239, 394)
(239, 397)
(239, 275)
(239, 276)
(239, 286)
(239, 287)
(239, 301)
(239, 302)
(239, 303)
(239, 305)
(239, 317)
(239, 318)
(239, 319)
(239, 327)
(239, 342)
(239, 346)
(239, 348)
(239, 361)
(239, 365)
(239, 369)
(239, 371)
(239, 244)
(239, 373)
(239, 246)
(239, 375)
(239, 248)
(239, 380)
(240, 393)
(240, 291)
(240, 312)
(240, 324)
(240, 325)
(240, 330)
(240, 334)
(240, 399)
(240, 357)
(240, 360)
(240, 242)
(240, 245)
(240, 247)
(240, 252)
(240, 381)
(241, 299)
(241, 388)
(241, 269)
(241, 278)
(241, 279)
(241, 293)
(241, 300)
(241, 304)
(241, 306)
(241, 310)
(241, 316)
(241, 332)
(241, 335)
(241, 337)
(241, 364)
(242, 393)
(242, 399)
(242, 395)
(242, 324)
(242, 325)
(242, 334)
(242, 312)
(242, 349)
(242, 357)
(242, 360)
(242, 252)
(242, 254)
(243, 386)
(243, 263)
(243, 267)
(243, 282)
(243, 288)
(243, 291)
(243, 292)
(243, 322)
(243, 323)
(243, 324)
(243, 330)
(243, 333)
(243, 340)
(243, 344)
(243, 354)
(243, 358)
(243, 359)
(243, 366)
(243, 245)
(243, 374)
(243, 247)
(243, 378)
(244, 390)
(244, 394)
(244, 396)
(244, 397)
(244, 276)
(244, 281)
(244, 286)
(244, 262)
(244, 297)
(244, 301)
(244, 302)
(244, 303)
(244, 305)
(244, 307)
(244, 318)
(244, 319)
(244, 346)
(244, 361)
(244, 365)
(244, 368)
(244, 371)
(244, 373)
(244, 246)
(244, 375)
(244, 253)
(245, 263)
(245, 393)
(245, 267)
(245, 277)
(245, 282)
(245, 283)
(245, 288)
(245, 291)
(245, 321)
(245, 322)
(245, 324)
(245, 330)
(245, 333)
(245, 345)
(245, 354)
(245, 358)
(245, 359)
(245, 366)
(245, 247)
(245, 252)
(245, 381)
(246, 258)
(246, 390)
(246, 264)
(246, 265)
(246, 394)
(246, 275)
(246, 281)
(246, 287)
(246, 294)
(246, 301)
(246, 303)
(246, 305)
(246, 317)
(246, 319)
(246, 327)
(246, 336)
(246, 348)
(246, 361)
(246, 371)
(246, 373)
(246, 375)
(246, 382)
(247, 257)
(247, 263)
(247, 393)
(247, 267)
(247, 277)
(247, 282)
(247, 283)
(247, 291)
(247, 298)
(247, 321)
(247, 322)
(247, 324)
(247, 330)
(247, 333)
(247, 345)
(247, 359)
(247, 366)
(247, 252)
(247, 381)
(248, 257)
(248, 258)
(248, 387)
(248, 261)
(248, 394)
(248, 275)
(248, 276)
(248, 266)
(248, 318)
(248, 328)
(248, 339)
(248, 342)
(248, 317)
(248, 369)
(248, 373)
(248, 375)
(248, 249)
(248, 380)
(249, 257)
(249, 387)
(249, 277)
(249, 278)
(249, 283)
(249, 298)
(249, 300)
(249, 304)
(249, 306)
(249, 321)
(249, 328)
(249, 332)
(249, 337)
(249, 345)
(249, 380)
(249, 381)
(250, 384)
(250, 256)
(250, 261)
(250, 391)
(250, 266)
(250, 396)
(250, 397)
(250, 286)
(250, 289)
(250, 297)
(250, 302)
(250, 308)
(250, 318)
(250, 268)
(250, 341)
(250, 347)
(250, 356)
(250, 365)
(250, 367)
(250, 368)
(250, 376)
(250, 251)
(250, 255)
(251, 384)
(251, 391)
(251, 396)
(251, 256)
(251, 285)
(251, 289)
(251, 297)
(251, 308)
(251, 311)
(251, 313)
(251, 268)
(251, 338)
(251, 347)
(251, 356)
(251, 367)
(251, 368)
(251, 372)
(251, 376)
(251, 255)
(252, 393)
(252, 267)
(252, 399)
(252, 282)
(252, 288)
(252, 291)
(252, 322)
(252, 324)
(252, 325)
(252, 330)
(252, 334)
(252, 312)
(252, 343)
(252, 354)
(252, 359)
(252, 360)
(253, 262)
(253, 396)
(253, 397)
(253, 281)
(253, 390)
(253, 303)
(253, 307)
(253, 319)
(253, 346)
(253, 361)
(253, 371)
(254, 360)
(254, 395)
(254, 334)
(254, 349)
(254, 351)
(255, 384)
(255, 256)
(255, 391)
(255, 396)
(255, 285)
(255, 289)
(255, 297)
(255, 308)
(255, 311)
(255, 313)
(255, 338)
(255, 347)
(255, 356)
(255, 367)
(255, 368)
(255, 372)
(255, 376)
(256, 384)
(256, 391)
(256, 396)
(256, 397)
(256, 285)
(256, 286)
(256, 289)
(256, 297)
(256, 308)
(256, 311)
(256, 313)
(256, 338)
(256, 341)
(256, 347)
(256, 356)
(256, 365)
(256, 367)
(256, 368)
(256, 372)
(256, 376)
(257, 387)
(257, 266)
(257, 277)
(257, 283)
(257, 298)
(257, 321)
(257, 328)
(257, 333)
(257, 339)
(257, 342)
(257, 345)
(257, 369)
(257, 380)
(257, 381)
(258, 260)
(258, 390)
(258, 264)
(258, 265)
(258, 394)
(258, 275)
(258, 276)
(258, 305)
(258, 301)
(258, 303)
(258, 317)
(258, 318)
(258, 319)
(258, 327)
(258, 328)
(258, 342)
(258, 369)
(258, 373)
(258, 375)
(258, 380)
(259, 395)
(259, 268)
(259, 399)
(259, 274)
(259, 312)
(259, 314)
(259, 315)
(259, 325)
(259, 350)
(259, 352)
(259, 357)
(259, 362)
(259, 377)
(260, 388)
(260, 264)
(260, 265)
(260, 275)
(260, 278)
(260, 296)
(260, 299)
(260, 309)
(260, 316)
(260, 317)
(260, 320)
(260, 328)
(260, 336)
(260, 363)
(260, 370)
(261, 384)
(261, 394)
(261, 276)
(261, 286)
(261, 297)
(261, 302)
(261, 266)
(261, 318)
(261, 339)
(261, 341)
(261, 342)
(261, 365)
(261, 368)
(261, 369)
(262, 391)
(262, 396)
(262, 397)
(262, 281)
(262, 307)
(262, 319)
(262, 346)
(262, 353)
(262, 361)
(262, 371)
(263, 386)
(263, 389)
(263, 282)
(263, 292)
(263, 298)
(263, 322)
(263, 330)
(263, 333)
(263, 340)
(263, 344)
(263, 358)
(263, 359)
(263, 366)
(263, 374)
(264, 265)
(264, 275)
(264, 287)
(264, 290)
(264, 294)
(264, 296)
(264, 301)
(264, 309)
(264, 316)
(264, 317)
(264, 320)
(264, 327)
(264, 336)
(264, 348)
(264, 363)
(264, 370)
(264, 375)
(264, 382)
(264, 383)
(265, 390)
(265, 394)
(265, 275)
(265, 287)
(265, 294)
(265, 296)
(265, 301)
(265, 303)
(265, 305)
(265, 317)
(265, 319)
(265, 327)
(265, 336)
(265, 348)
(265, 370)
(265, 373)
(265, 375)
(265, 380)
(265, 382)
(266, 384)
(266, 394)
(266, 276)
(266, 286)
(266, 297)
(266, 302)
(266, 318)
(266, 339)
(266, 341)
(266, 342)
(266, 365)
(266, 368)
(266, 369)
(266, 380)
(267, 393)
(267, 282)
(267, 288)
(267, 291)
(267, 322)
(267, 324)
(267, 330)
(267, 343)
(267, 354)
(267, 359)
(267, 360)
(268, 384)
(268, 392)
(268, 270)
(268, 272)
(268, 274)
(268, 289)
(268, 314)
(268, 315)
(268, 326)
(268, 331)
(268, 347)
(268, 350)
(268, 352)
(268, 355)
(268, 273)
(268, 362)
(268, 367)
(268, 372)
(268, 341)
(269, 387)
(269, 388)
(269, 389)
(269, 278)
(269, 293)
(269, 298)
(269, 299)
(269, 300)
(269, 304)
(269, 306)
(269, 310)
(269, 332)
(269, 335)
(269, 337)
(269, 364)
(270, 392)
(270, 271)
(270, 272)
(270, 274)
(270, 280)
(270, 289)
(270, 314)
(270, 326)
(270, 331)
(270, 355)
(270, 273)
(271, 392)
(271, 280)
(271, 295)
(271, 314)
(271, 326)
(271, 331)
(271, 350)
(271, 355)
(271, 273)
(271, 274)
(271, 377)
(272, 392)
(272, 274)
(272, 285)
(272, 289)
(272, 314)
(272, 326)
(272, 331)
(272, 347)
(272, 352)
(272, 355)
(272, 273)
(272, 367)
(272, 372)
(273, 392)
(273, 274)
(273, 280)
(273, 289)
(273, 314)
(273, 315)
(273, 326)
(273, 331)
(273, 350)
(273, 352)
(273, 355)
(273, 367)
(273, 377)
(274, 392)
(274, 280)
(274, 289)
(274, 314)
(274, 315)
(274, 326)
(274, 331)
(274, 350)
(274, 352)
(274, 355)
(274, 357)
(274, 362)
(274, 367)
(274, 377)
(275, 287)
(275, 294)
(275, 296)
(275, 301)
(275, 305)
(275, 316)
(275, 317)
(275, 320)
(275, 327)
(275, 336)
(275, 370)
(275, 373)
(275, 375)
(275, 380)
(275, 382)
(276, 390)
(276, 394)
(276, 397)
(276, 286)
(276, 297)
(276, 302)
(276, 303)
(276, 305)
(276, 318)
(276, 319)
(276, 339)
(276, 342)
(276, 365)
(276, 368)
(276, 369)
(276, 373)
(276, 375)
(276, 380)
(277, 387)
(277, 389)
(277, 282)
(277, 283)
(277, 304)
(277, 298)
(277, 300)
(277, 321)
(277, 322)
(277, 328)
(277, 330)
(277, 333)
(277, 345)
(277, 366)
(277, 381)
(278, 387)
(278, 388)
(278, 293)
(278, 298)
(278, 299)
(278, 300)
(278, 304)
(278, 306)
(278, 310)
(278, 316)
(278, 328)
(278, 332)
(278, 335)
(278, 337)
(278, 345)
(278, 364)
(279, 388)
(279, 296)
(279, 299)
(279, 309)
(279, 316)
(279, 293)
(279, 363)
(279, 370)
(279, 383)
(280, 392)
(280, 284)
(280, 295)
(280, 314)
(280, 326)
(280, 331)
(280, 350)
(280, 355)
(280, 377)
(281, 390)
(281, 287)
(281, 303)
(281, 305)
(281, 307)
(281, 319)
(281, 346)
(281, 348)
(281, 361)
(281, 371)
(282, 389)
(282, 393)
(282, 283)
(282, 291)
(282, 298)
(282, 321)
(282, 322)
(282, 324)
(282, 330)
(282, 333)
(282, 345)
(282, 358)
(282, 359)
(282, 366)
(282, 374)
(282, 381)
(283, 387)
(283, 298)
(283, 321)
(283, 328)
(283, 330)
(283, 333)
(283, 339)
(283, 345)
(283, 366)
(283, 381)
(284, 395)
(284, 398)
(284, 295)
(284, 329)
(284, 349)
(284, 350)
(284, 351)
(284, 377)
(285, 391)
(285, 289)
(285, 308)
(285, 311)
(285, 313)
(285, 338)
(285, 347)
(285, 356)
(285, 367)
(285, 372)
(285, 376)
(286, 384)
(286, 391)
(286, 394)
(286, 396)
(286, 397)
(286, 297)
(286, 302)
(286, 308)
(286, 318)
(286, 319)
(286, 341)
(286, 342)
(286, 346)
(286, 356)
(286, 365)
(286, 368)
(286, 369)
(287, 390)
(287, 294)
(287, 301)
(287, 303)
(287, 305)
(287, 317)
(287, 327)
(287, 336)
(287, 348)
(287, 361)
(287, 373)
(287, 375)
(287, 382)
(288, 393)
(288, 291)
(288, 322)
(288, 324)
(288, 343)
(288, 354)
(288, 359)
(288, 360)
(289, 384)
(289, 308)
(289, 313)
(289, 314)
(289, 315)
(289, 341)
(289, 347)
(289, 352)
(289, 356)
(289, 362)
(289, 367)
(289, 372)
(289, 376)
(290, 294)
(290, 296)
(290, 309)
(290, 320)
(290, 336)
(290, 363)
(290, 370)
(290, 382)
(290, 383)
(291, 393)
(291, 322)
(291, 324)
(291, 330)
(291, 333)
(291, 354)
(291, 359)
(291, 360)
(291, 366)
(292, 389)
(292, 323)
(292, 340)
(292, 344)
(292, 358)
(292, 359)
(292, 366)
(292, 374)
(293, 388)
(293, 299)
(293, 300)
(293, 304)
(293, 306)
(293, 310)
(293, 316)
(293, 332)
(293, 335)
(293, 337)
(293, 364)
(294, 301)
(294, 305)
(294, 309)
(294, 317)
(294, 320)
(294, 327)
(294, 336)
(294, 348)
(294, 370)
(294, 382)
(295, 329)
(295, 398)
(295, 377)
(296, 388)
(296, 309)
(296, 316)
(296, 317)
(296, 320)
(296, 336)
(296, 363)
(296, 370)
(296, 382)
(296, 383)
(297, 384)
(297, 391)
(297, 394)
(297, 397)
(297, 302)
(297, 308)
(297, 318)
(297, 319)
(297, 396)
(297, 338)
(297, 341)
(297, 346)
(297, 347)
(297, 356)
(297, 365)
(297, 368)
(298, 387)
(298, 389)
(298, 304)
(298, 300)
(298, 306)
(298, 321)
(298, 328)
(298, 330)
(298, 332)
(298, 333)
(298, 337)
(298, 345)
(298, 366)
(298, 381)
(299, 388)
(299, 300)
(299, 304)
(299, 306)
(299, 310)
(299, 316)
(299, 332)
(299, 335)
(299, 337)
(299, 364)
(300, 387)
(300, 388)
(300, 389)
(300, 304)
(300, 306)
(300, 310)
(300, 316)
(300, 328)
(300, 332)
(300, 335)
(300, 337)
(300, 345)
(300, 364)
(301, 390)
(301, 394)
(301, 303)
(301, 305)
(301, 317)
(301, 319)
(301, 327)
(301, 336)
(301, 348)
(301, 361)
(301, 371)
(301, 373)
(301, 375)
(301, 380)
(301, 382)
(302, 384)
(302, 390)
(302, 394)
(302, 396)
(302, 397)
(302, 303)
(302, 305)
(302, 308)
(302, 318)
(302, 319)
(302, 342)
(302, 346)
(302, 365)
(302, 368)
(302, 369)
(302, 371)
(302, 373)
(302, 375)
(303, 390)
(303, 394)
(303, 397)
(303, 305)
(303, 317)
(303, 319)
(303, 327)
(303, 346)
(303, 348)
(303, 361)
(303, 365)
(303, 371)
(303, 373)
(303, 375)
(304, 387)
(304, 388)
(304, 389)
(304, 306)
(304, 310)
(304, 316)
(304, 328)
(304, 332)
(304, 335)
(304, 337)
(304, 345)
(304, 364)
(305, 390)
(305, 394)
(305, 317)
(305, 319)
(305, 327)
(305, 346)
(305, 348)
(305, 361)
(305, 365)
(305, 371)
(305, 373)
(305, 375)
(305, 380)
(306, 387)
(306, 388)
(306, 389)
(306, 310)
(306, 316)
(306, 328)
(306, 332)
(306, 335)
(306, 337)
(306, 345)
(306, 364)
(307, 391)
(307, 396)
(307, 397)
(307, 338)
(307, 346)
(307, 353)
(307, 361)
(307, 371)
(308, 384)
(308, 391)
(308, 396)
(308, 397)
(308, 311)
(308, 313)
(308, 338)
(308, 346)
(308, 347)
(308, 356)
(308, 365)
(308, 367)
(308, 368)
(308, 372)
(308, 376)
(309, 320)
(309, 336)
(309, 316)
(309, 363)
(309, 370)
(309, 382)
(309, 383)
(310, 388)
(310, 332)
(310, 335)
(310, 337)
(310, 364)
(311, 391)
(311, 396)
(311, 313)
(311, 338)
(311, 347)
(311, 356)
(311, 367)
(311, 372)
(311, 376)
(312, 393)
(312, 399)
(312, 321)
(312, 325)
(312, 357)
(312, 360)
(312, 381)
(313, 391)
(313, 338)
(313, 347)
(313, 356)
(313, 367)
(313, 372)
(313, 376)
(314, 392)
(314, 315)
(314, 326)
(314, 331)
(314, 350)
(314, 352)
(314, 355)
(314, 357)
(314, 362)
(314, 377)
(315, 341)
(315, 350)
(315, 352)
(315, 357)
(315, 362)
(315, 367)
(316, 388)
(316, 363)
(316, 317)
(316, 320)
(316, 332)
(316, 335)
(316, 370)
(316, 383)
(317, 390)
(317, 394)
(317, 327)
(317, 336)
(317, 342)
(317, 348)
(317, 369)
(317, 370)
(317, 373)
(317, 375)
(317, 380)
(317, 382)
(318, 384)
(318, 394)
(318, 397)
(318, 319)
(318, 339)
(318, 341)
(318, 342)
(318, 346)
(318, 365)
(318, 368)
(318, 369)
(318, 373)
(318, 375)
(318, 380)
(319, 390)
(319, 394)
(319, 396)
(319, 397)
(319, 327)
(319, 342)
(319, 346)
(319, 361)
(319, 365)
(319, 369)
(319, 371)
(319, 373)
(319, 375)
(320, 336)
(320, 363)
(320, 370)
(320, 382)
(320, 383)
(321, 387)
(321, 393)
(321, 322)
(321, 330)
(321, 333)
(321, 339)
(321, 345)
(321, 366)
(321, 381)
(322, 393)
(322, 324)
(322, 330)
(322, 333)
(322, 354)
(322, 358)
(322, 359)
(322, 366)
(322, 381)
(323, 386)
(323, 340)
(323, 344)
(323, 358)
(323, 359)
(323, 374)
(323, 378)
(323, 379)
(324, 393)
(324, 330)
(324, 343)
(324, 354)
(324, 359)
(324, 360)
(324, 366)
(325, 393)
(325, 399)
(325, 395)
(325, 334)
(325, 357)
(325, 360)
(325, 362)
(326, 392)
(326, 331)
(326, 350)
(326, 352)
(326, 355)
(326, 377)
(327, 390)
(327, 336)
(327, 348)
(327, 361)
(327, 370)
(327, 373)
(327, 375)
(327, 382)
(328, 387)
(328, 332)
(328, 342)
(328, 345)
(328, 337)
(328, 369)
(328, 380)
(329, 395)
(329, 398)
(329, 349)
(329, 351)
(330, 393)
(330, 333)
(330, 345)
(330, 359)
(330, 366)
(330, 381)
(331, 392)
(331, 350)
(331, 352)
(331, 355)
(331, 377)
(332, 387)
(332, 388)
(332, 389)
(332, 335)
(332, 337)
(332, 364)
(333, 387)
(333, 389)
(333, 393)
(333, 345)
(333, 359)
(333, 366)
(333, 381)
(334, 395)
(334, 349)
(334, 351)
(334, 360)
(335, 388)
(335, 337)
(335, 364)
(336, 348)
(336, 370)
(336, 382)
(336, 383)
(337, 388)
(337, 389)
(337, 387)
(337, 364)
(338, 384)
(338, 391)
(338, 396)
(338, 397)
(338, 347)
(338, 353)
(338, 356)
(338, 368)
(338, 372)
(338, 376)
(339, 341)
(339, 342)
(339, 369)
(339, 380)
(339, 381)
(340, 386)
(340, 344)
(340, 358)
(340, 359)
(340, 366)
(340, 374)
(340, 378)
(340, 379)
(341, 384)
(341, 352)
(341, 362)
(341, 367)
(341, 368)
(342, 394)
(342, 375)
(342, 365)
(342, 369)
(342, 373)
(342, 380)
(343, 354)
(344, 386)
(344, 358)
(344, 359)
(344, 374)
(344, 378)
(344, 379)
(345, 389)
(345, 387)
(345, 366)
(345, 381)
(346, 390)
(346, 391)
(346, 394)
(346, 396)
(346, 397)
(346, 361)
(346, 365)
(346, 368)
(346, 371)
(346, 373)
(347, 384)
(347, 391)
(347, 396)
(347, 356)
(347, 367)
(347, 368)
(347, 372)
(347, 376)
(348, 390)
(348, 361)
(348, 371)
(348, 373)
(348, 375)
(348, 382)
(349, 395)
(349, 398)
(349, 351)
(350, 392)
(350, 352)
(350, 355)
(350, 357)
(350, 362)
(350, 377)
(351, 395)
(351, 398)
(352, 392)
(352, 355)
(352, 357)
(352, 362)
(352, 367)
(352, 377)
(353, 385)
(353, 391)
(353, 396)
(354, 386)
(354, 393)
(354, 359)
(355, 392)
(355, 377)
(356, 384)
(356, 391)
(356, 396)
(356, 397)
(356, 376)
(356, 367)
(356, 368)
(356, 372)
(357, 395)
(357, 399)
(357, 362)
(358, 386)
(358, 389)
(358, 359)
(358, 366)
(358, 374)
(358, 378)
(359, 386)
(359, 393)
(359, 366)
(359, 374)
(360, 393)
(360, 395)
(360, 399)
(361, 390)
(361, 371)
(361, 373)
(362, 399)
(362, 377)
(363, 370)
(363, 383)
(364, 388)
(364, 389)
(365, 384)
(365, 390)
(365, 391)
(365, 394)
(365, 396)
(365, 397)
(365, 368)
(365, 369)
(365, 371)
(365, 373)
(365, 375)
(366, 389)
(366, 393)
(366, 374)
(366, 381)
(367, 384)
(367, 368)
(367, 372)
(367, 376)
(368, 384)
(368, 397)
(368, 391)
(368, 396)
(369, 394)
(369, 375)
(369, 373)
(369, 380)
(370, 382)
(370, 383)
(371, 390)
(371, 394)
(371, 396)
(371, 397)
(371, 373)
(372, 384)
(372, 391)
(372, 376)
(373, 390)
(373, 394)
(373, 375)
(373, 380)
(374, 389)
(375, 390)
(375, 394)
(375, 380)
(376, 384)
(376, 391)
(377, 392)
(378, 386)
(378, 379)
(379, 386)
(380, 394)
(381, 387)
(381, 393)
(381, 399)
(384, 397)
(384, 391)
(384, 396)
(387, 389)
(390, 394)
(390, 397)
(391, 396)
(391, 397)
(393, 399)
(394, 397)
(395, 398)
(396, 397)
