#Nodes
0
1
2
3
4
5
6
7
8
9
10
11
12
13
14
15
16
17
18
19
20
21
22
23
24
25
26
27
28
29
30
31
32
33
34
35
36
37
38
39
40
41
42
43
44
45
46
47
48
49
50
51
52
53
54
55
56
57
58
59
60
61
62
63
64
65
66
67
68
69
70
71
72
73
74
75
76
77
78
79
80
81
82
83
84
85
86
87
88
89
90
91
92
93
94
95
96
97
98
99
100
101
102
103
104
105
106
107
108
109
110
111
112
113
114
115
116
117
118
119
120
121
122
123
124
125
126
127
128
129
130
131
132
133
134
135
136
137
138
139
140
141
142
143
144
145
146
147
148
149
150
151
152
153
154
155
156
157
158
159
160
161
162
163
164
165
166
167
168
169
170
171
172
173
174
175
176
177
178
179
180
181
182
183
184
185
186
187
188
189
190
191
192
193
194
195
196
197
198
199
200
201
202
203
204
205
206
207
208
209
210
211
212
213
214
215
216
217
218
219
220
221
222
223
224
225
226
227
228
229
230
231
232
233
234
235
236
237
238
239
240
241
242
243
244
245
246
247
248
249
250
251
252
253
254
255
256
257
258
259
260
261
262
263
264
265
266
267
268
269
270
271
272
273
274
275
276
277
278
279
280
281
282
283
284
285
286
287
288
289
290
291
292
293
294
295
296
297
298
299
300
301
302
303
304
305
306
307
308
309
310
311
312
313
314
315
316
317
318
319
320
321
322
323
324
325
326
327
328
329
330
331
332
333
334
335
336
337
338
339
340
341
342
343
344
345
346
347
348
349
350
351
352
353
354
355
356
357
358
359
360
361
362
363
364
365
366
367
368
369
370
371
372
373
374
375
376
377
378
379
380
381
382
383
384
385
386
387
388
389
390
391
392
393
394
395
396
397
398
399
#Edges
(0, 132)
(0, 267)
(0, 12)
(0, 276)
(0, 277)
(0, 25)
(0, 153)
(0, 47)
(0, 160)
(0, 166)
(0, 41)
(0, 172)
(0, 303)
(0, 181)
(0, 54)
(0, 55)
(0, 312)
(0, 59)
(0, 317)
(0, 319)
(0, 11)
(0, 199)
(0, 76)
(0, 202)
(0, 204)
(0, 334)
(0, 81)
(0, 82)
(0, 340)
(0, 342)
(0, 216)
(0, 345)
(0, 358)
(0, 103)
(0, 360)
(0, 233)
(0, 366)
(0, 239)
(0, 245)
(0, 149)
(1, 258)
(1, 389)
(1, 262)
(1, 274)
(1, 148)
(1, 284)
(1, 29)
(1, 33)
(1, 162)
(1, 369)
(1, 305)
(1, 309)
(1, 61)
(1, 318)
(1, 320)
(1, 74)
(1, 211)
(1, 221)
(1, 355)
(1, 356)
(1, 359)
(1, 241)
(1, 372)
(1, 118)
(1, 121)
(1, 255)
(1, 127)
(2, 135)
(2, 217)
(2, 280)
(2, 287)
(2, 288)
(2, 163)
(2, 293)
(2, 38)
(2, 295)
(2, 50)
(2, 179)
(2, 191)
(2, 195)
(2, 207)
(2, 87)
(2, 89)
(2, 90)
(2, 91)
(2, 222)
(2, 232)
(2, 111)
(2, 244)
(2, 119)
(2, 253)
(3, 258)
(3, 262)
(3, 137)
(3, 142)
(3, 20)
(3, 291)
(3, 294)
(3, 168)
(3, 14)
(3, 300)
(3, 307)
(3, 187)
(3, 74)
(3, 197)
(3, 330)
(3, 35)
(3, 212)
(3, 270)
(3, 215)
(3, 315)
(3, 101)
(3, 106)
(3, 109)
(3, 369)
(3, 373)
(3, 249)
(3, 379)
(3, 381)
(4, 265)
(4, 394)
(4, 397)
(4, 143)
(4, 196)
(4, 154)
(4, 27)
(4, 30)
(4, 159)
(4, 174)
(4, 175)
(4, 308)
(4, 56)
(4, 52)
(4, 60)
(4, 61)
(4, 318)
(4, 194)
(4, 323)
(4, 324)
(4, 200)
(4, 79)
(4, 337)
(4, 211)
(4, 86)
(4, 93)
(4, 350)
(4, 354)
(4, 99)
(4, 102)
(4, 112)
(4, 371)
(4, 118)
(4, 120)
(4, 121)
(4, 378)
(4, 123)
(4, 380)
(4, 383)
(5, 385)
(5, 388)
(5, 364)
(5, 141)
(5, 19)
(5, 46)
(5, 285)
(5, 31)
(5, 32)
(5, 302)
(5, 53)
(5, 188)
(5, 65)
(5, 67)
(5, 70)
(5, 203)
(5, 78)
(5, 335)
(5, 80)
(5, 208)
(5, 108)
(5, 368)
(5, 114)
(5, 374)
(5, 375)
(5, 254)
(6, 256)
(6, 133)
(6, 391)
(6, 393)
(6, 138)
(6, 396)
(6, 271)
(6, 275)
(6, 276)
(6, 25)
(6, 156)
(6, 286)
(6, 160)
(6, 347)
(6, 165)
(6, 39)
(6, 297)
(6, 178)
(6, 306)
(6, 58)
(6, 190)
(6, 319)
(6, 321)
(6, 327)
(6, 15)
(6, 329)
(6, 202)
(6, 75)
(6, 76)
(6, 205)
(6, 28)
(6, 81)
(6, 84)
(6, 341)
(6, 218)
(6, 219)
(6, 92)
(6, 37)
(6, 94)
(6, 95)
(6, 228)
(6, 230)
(6, 103)
(6, 233)
(6, 363)
(6, 367)
(7, 260)
(7, 264)
(7, 146)
(7, 278)
(7, 281)
(7, 28)
(7, 286)
(7, 290)
(7, 347)
(7, 165)
(7, 92)
(7, 171)
(7, 44)
(7, 8)
(7, 178)
(7, 51)
(7, 321)
(7, 327)
(7, 331)
(7, 77)
(7, 209)
(7, 210)
(7, 84)
(7, 214)
(7, 344)
(7, 218)
(7, 219)
(7, 220)
(7, 94)
(7, 37)
(7, 357)
(7, 230)
(7, 105)
(7, 365)
(7, 238)
(7, 367)
(7, 246)
(7, 376)
(7, 377)
(7, 124)
(8, 264)
(8, 12)
(8, 344)
(8, 276)
(8, 278)
(8, 367)
(8, 28)
(8, 165)
(8, 92)
(8, 44)
(8, 178)
(8, 54)
(8, 59)
(8, 321)
(8, 75)
(8, 327)
(8, 331)
(8, 204)
(8, 81)
(8, 210)
(8, 214)
(8, 216)
(8, 218)
(8, 347)
(8, 220)
(8, 94)
(8, 37)
(8, 357)
(8, 230)
(8, 233)
(8, 239)
(8, 246)
(8, 105)
(8, 376)
(8, 124)
(9, 263)
(9, 136)
(9, 265)
(9, 266)
(9, 139)
(9, 154)
(9, 283)
(9, 30)
(9, 289)
(9, 27)
(9, 42)
(9, 173)
(9, 175)
(9, 304)
(9, 52)
(9, 182)
(9, 194)
(9, 323)
(9, 196)
(9, 79)
(9, 337)
(9, 348)
(9, 93)
(9, 352)
(9, 123)
(9, 102)
(9, 370)
(9, 242)
(9, 126)
(9, 251)
(9, 380)
(9, 382)
(9, 383)
(10, 192)
(10, 130)
(10, 274)
(10, 148)
(10, 23)
(10, 284)
(10, 29)
(10, 30)
(10, 33)
(10, 34)
(10, 298)
(10, 175)
(10, 305)
(10, 180)
(10, 52)
(10, 60)
(10, 61)
(10, 318)
(10, 320)
(10, 323)
(10, 196)
(10, 211)
(10, 221)
(10, 223)
(10, 355)
(10, 356)
(10, 229)
(10, 359)
(10, 107)
(10, 241)
(10, 372)
(10, 251)
(10, 170)
(11, 132)
(11, 395)
(11, 12)
(11, 149)
(11, 47)
(11, 166)
(11, 41)
(11, 172)
(11, 303)
(11, 54)
(11, 55)
(11, 312)
(11, 59)
(11, 319)
(11, 204)
(11, 334)
(11, 81)
(11, 342)
(11, 216)
(11, 345)
(11, 103)
(11, 360)
(11, 233)
(11, 239)
(11, 245)
(11, 277)
(12, 342)
(12, 264)
(12, 216)
(12, 276)
(12, 149)
(12, 367)
(12, 166)
(12, 41)
(12, 303)
(12, 54)
(12, 59)
(12, 319)
(12, 327)
(12, 331)
(12, 204)
(12, 81)
(12, 214)
(12, 344)
(12, 345)
(12, 230)
(12, 103)
(12, 360)
(12, 233)
(12, 239)
(12, 277)
(13, 384)
(13, 129)
(13, 386)
(13, 393)
(13, 394)
(13, 396)
(13, 397)
(13, 143)
(13, 16)
(13, 157)
(13, 164)
(13, 39)
(13, 297)
(13, 66)
(13, 173)
(13, 48)
(13, 177)
(13, 265)
(13, 56)
(13, 314)
(13, 138)
(13, 64)
(13, 193)
(13, 322)
(13, 68)
(13, 69)
(13, 71)
(13, 83)
(13, 205)
(13, 79)
(13, 336)
(13, 337)
(13, 99)
(13, 341)
(13, 86)
(13, 100)
(13, 15)
(13, 349)
(13, 227)
(13, 228)
(13, 361)
(13, 363)
(13, 112)
(13, 242)
(13, 371)
(13, 117)
(13, 380)
(13, 382)
(13, 85)
(14, 258)
(14, 262)
(14, 137)
(14, 142)
(14, 109)
(14, 20)
(14, 291)
(14, 294)
(14, 168)
(14, 300)
(14, 270)
(14, 307)
(14, 309)
(14, 187)
(14, 74)
(14, 197)
(14, 330)
(14, 35)
(14, 212)
(14, 213)
(14, 215)
(14, 315)
(14, 101)
(14, 106)
(14, 237)
(14, 369)
(14, 373)
(14, 118)
(14, 379)
(14, 381)
(15, 384)
(15, 256)
(15, 386)
(15, 133)
(15, 134)
(15, 129)
(15, 393)
(15, 394)
(15, 396)
(15, 397)
(15, 271)
(15, 16)
(15, 273)
(15, 275)
(15, 156)
(15, 157)
(15, 164)
(15, 39)
(15, 297)
(15, 306)
(15, 56)
(15, 314)
(15, 36)
(15, 138)
(15, 63)
(15, 193)
(15, 322)
(15, 66)
(15, 71)
(15, 329)
(15, 83)
(15, 205)
(15, 79)
(15, 336)
(15, 339)
(15, 341)
(15, 86)
(15, 100)
(15, 143)
(15, 58)
(15, 95)
(15, 353)
(15, 227)
(15, 228)
(15, 361)
(15, 363)
(15, 371)
(15, 117)
(15, 122)
(15, 85)
(16, 384)
(16, 386)
(16, 134)
(16, 392)
(16, 393)
(16, 394)
(16, 268)
(16, 397)
(16, 143)
(16, 273)
(16, 275)
(16, 56)
(16, 156)
(16, 157)
(16, 164)
(16, 39)
(16, 122)
(16, 45)
(16, 306)
(16, 184)
(16, 314)
(16, 36)
(16, 138)
(16, 63)
(16, 193)
(16, 322)
(16, 66)
(16, 71)
(16, 72)
(16, 83)
(16, 205)
(16, 336)
(16, 120)
(16, 339)
(16, 341)
(16, 86)
(16, 100)
(16, 346)
(16, 186)
(16, 350)
(16, 353)
(16, 354)
(16, 99)
(16, 228)
(16, 145)
(16, 361)
(16, 363)
(16, 236)
(16, 112)
(16, 371)
(16, 248)
(16, 378)
(16, 252)
(16, 125)
(16, 85)
(17, 128)
(17, 387)
(17, 392)
(17, 268)
(17, 398)
(17, 399)
(17, 272)
(17, 259)
(17, 90)
(17, 279)
(17, 152)
(17, 285)
(17, 288)
(17, 163)
(17, 292)
(17, 293)
(17, 38)
(17, 295)
(17, 169)
(17, 299)
(17, 301)
(17, 49)
(17, 310)
(17, 184)
(17, 57)
(17, 62)
(17, 36)
(17, 198)
(17, 326)
(17, 97)
(17, 140)
(17, 208)
(17, 343)
(17, 89)
(17, 346)
(17, 222)
(17, 353)
(17, 231)
(17, 232)
(17, 236)
(17, 125)
(17, 147)
(17, 244)
(17, 374)
(17, 247)
(17, 122)
(17, 253)
(18, 257)
(18, 98)
(18, 131)
(18, 325)
(18, 390)
(18, 225)
(18, 40)
(18, 362)
(18, 167)
(18, 332)
(18, 333)
(18, 240)
(18, 115)
(18, 311)
(18, 313)
(18, 250)
(18, 281)
(18, 234)
(18, 185)
(19, 385)
(19, 388)
(19, 137)
(19, 141)
(19, 270)
(19, 31)
(19, 32)
(19, 291)
(19, 53)
(19, 188)
(19, 65)
(19, 67)
(19, 197)
(19, 70)
(19, 203)
(19, 78)
(19, 215)
(19, 106)
(19, 364)
(19, 368)
(19, 373)
(19, 374)
(19, 375)
(19, 249)
(19, 254)
(20, 258)
(20, 389)
(20, 262)
(20, 137)
(20, 142)
(20, 109)
(20, 162)
(20, 291)
(20, 294)
(20, 168)
(20, 300)
(20, 307)
(20, 309)
(20, 187)
(20, 74)
(20, 197)
(20, 330)
(20, 35)
(20, 212)
(20, 213)
(20, 215)
(20, 315)
(20, 101)
(20, 237)
(20, 369)
(20, 373)
(20, 118)
(20, 379)
(20, 381)
(21, 129)
(21, 390)
(21, 393)
(21, 396)
(21, 146)
(21, 110)
(21, 150)
(21, 151)
(21, 24)
(21, 282)
(21, 155)
(21, 26)
(21, 286)
(21, 161)
(21, 290)
(21, 37)
(21, 48)
(21, 173)
(21, 304)
(21, 177)
(21, 178)
(21, 51)
(21, 311)
(21, 316)
(21, 64)
(21, 321)
(21, 68)
(21, 69)
(21, 328)
(21, 201)
(21, 183)
(21, 77)
(21, 209)
(21, 338)
(21, 84)
(21, 218)
(21, 219)
(21, 92)
(21, 349)
(21, 94)
(21, 351)
(21, 225)
(21, 227)
(21, 104)
(21, 361)
(21, 235)
(21, 238)
(21, 73)
(21, 242)
(21, 116)
(21, 117)
(21, 377)
(22, 391)
(22, 267)
(22, 140)
(22, 269)
(22, 217)
(22, 280)
(22, 153)
(22, 111)
(22, 158)
(22, 287)
(22, 288)
(22, 295)
(22, 296)
(22, 135)
(22, 172)
(22, 47)
(22, 176)
(22, 50)
(22, 87)
(22, 317)
(22, 190)
(22, 191)
(22, 160)
(22, 195)
(22, 199)
(22, 202)
(22, 119)
(22, 76)
(22, 334)
(22, 82)
(22, 340)
(22, 343)
(22, 88)
(22, 345)
(22, 90)
(22, 91)
(22, 222)
(22, 358)
(22, 231)
(22, 366)
(22, 189)
(22, 243)
(22, 25)
(22, 245)
(22, 89)
(22, 247)
(23, 192)
(23, 130)
(23, 274)
(23, 284)
(23, 29)
(23, 33)
(23, 34)
(23, 298)
(23, 305)
(23, 52)
(23, 180)
(23, 60)
(23, 320)
(23, 223)
(23, 355)
(23, 356)
(23, 229)
(23, 359)
(23, 107)
(23, 241)
(23, 372)
(23, 251)
(23, 170)
(24, 363)
(24, 260)
(24, 390)
(24, 37)
(24, 393)
(24, 396)
(24, 146)
(24, 110)
(24, 150)
(24, 151)
(24, 281)
(24, 201)
(24, 155)
(24, 28)
(24, 286)
(24, 161)
(24, 290)
(24, 219)
(24, 165)
(24, 297)
(24, 171)
(24, 48)
(24, 177)
(24, 178)
(24, 51)
(24, 311)
(24, 316)
(24, 64)
(24, 321)
(24, 68)
(24, 69)
(24, 328)
(24, 329)
(24, 77)
(24, 209)
(24, 338)
(24, 84)
(24, 218)
(24, 347)
(24, 92)
(24, 349)
(24, 94)
(24, 351)
(24, 227)
(24, 357)
(24, 235)
(24, 238)
(24, 73)
(24, 116)
(24, 377)
(24, 124)
(25, 256)
(25, 133)
(25, 391)
(25, 47)
(25, 269)
(25, 271)
(25, 275)
(25, 276)
(25, 367)
(25, 156)
(25, 160)
(25, 36)
(25, 303)
(25, 189)
(25, 306)
(25, 58)
(25, 317)
(25, 190)
(25, 319)
(25, 199)
(25, 329)
(25, 202)
(25, 75)
(25, 76)
(25, 334)
(25, 82)
(25, 341)
(25, 343)
(25, 345)
(25, 95)
(25, 353)
(25, 103)
(25, 233)
(25, 366)
(25, 239)
(25, 245)
(25, 63)
(26, 129)
(26, 261)
(26, 136)
(26, 265)
(26, 266)
(26, 173)
(26, 151)
(26, 282)
(26, 283)
(26, 289)
(26, 48)
(26, 42)
(26, 370)
(26, 304)
(26, 177)
(26, 182)
(26, 183)
(26, 316)
(26, 64)
(26, 68)
(26, 69)
(26, 161)
(26, 328)
(26, 201)
(26, 206)
(26, 337)
(26, 338)
(26, 348)
(26, 351)
(26, 352)
(26, 102)
(26, 104)
(26, 235)
(26, 242)
(26, 116)
(26, 382)
(27, 130)
(27, 263)
(27, 265)
(27, 394)
(27, 139)
(27, 397)
(27, 196)
(27, 154)
(27, 52)
(27, 29)
(27, 30)
(27, 159)
(27, 33)
(27, 99)
(27, 42)
(27, 174)
(27, 175)
(27, 308)
(27, 182)
(27, 56)
(27, 180)
(27, 60)
(27, 318)
(27, 320)
(27, 194)
(27, 323)
(27, 324)
(27, 200)
(27, 79)
(27, 337)
(27, 211)
(27, 86)
(27, 348)
(27, 93)
(27, 352)
(27, 123)
(27, 102)
(27, 112)
(27, 370)
(27, 126)
(27, 121)
(27, 251)
(27, 380)
(27, 382)
(27, 383)
(28, 260)
(28, 264)
(28, 396)
(28, 271)
(28, 216)
(28, 146)
(28, 276)
(28, 278)
(28, 286)
(28, 290)
(28, 219)
(28, 165)
(28, 92)
(28, 171)
(28, 44)
(28, 178)
(28, 51)
(28, 59)
(28, 321)
(28, 75)
(28, 327)
(28, 329)
(28, 331)
(28, 77)
(28, 209)
(28, 210)
(28, 84)
(28, 214)
(28, 344)
(28, 218)
(28, 347)
(28, 220)
(28, 37)
(28, 94)
(28, 95)
(28, 357)
(28, 230)
(28, 81)
(28, 105)
(28, 238)
(28, 367)
(28, 246)
(28, 376)
(28, 377)
(28, 124)
(29, 192)
(29, 130)
(29, 107)
(29, 52)
(29, 274)
(29, 148)
(29, 196)
(29, 284)
(29, 30)
(29, 159)
(29, 33)
(29, 34)
(29, 298)
(29, 175)
(29, 305)
(29, 308)
(29, 180)
(29, 60)
(29, 61)
(29, 318)
(29, 320)
(29, 194)
(29, 323)
(29, 324)
(29, 200)
(29, 211)
(29, 221)
(29, 223)
(29, 355)
(29, 356)
(29, 229)
(29, 359)
(29, 127)
(29, 241)
(29, 383)
(29, 372)
(29, 121)
(29, 251)
(29, 170)
(29, 255)
(30, 192)
(30, 130)
(30, 263)
(30, 139)
(30, 274)
(30, 196)
(30, 154)
(30, 52)
(30, 159)
(30, 33)
(30, 99)
(30, 174)
(30, 175)
(30, 305)
(30, 180)
(30, 308)
(30, 60)
(30, 61)
(30, 318)
(30, 320)
(30, 194)
(30, 323)
(30, 324)
(30, 200)
(30, 337)
(30, 211)
(30, 93)
(30, 352)
(30, 355)
(30, 102)
(30, 359)
(30, 112)
(30, 370)
(30, 123)
(30, 121)
(30, 251)
(30, 380)
(30, 126)
(30, 383)
(31, 128)
(31, 385)
(31, 259)
(31, 108)
(31, 141)
(31, 147)
(31, 46)
(31, 285)
(31, 32)
(31, 326)
(31, 169)
(31, 299)
(31, 70)
(31, 302)
(31, 49)
(31, 53)
(31, 188)
(31, 65)
(31, 67)
(31, 198)
(31, 203)
(31, 78)
(31, 335)
(31, 208)
(31, 97)
(31, 80)
(31, 364)
(31, 368)
(31, 114)
(31, 374)
(31, 375)
(31, 253)
(31, 254)
(32, 385)
(32, 388)
(32, 364)
(32, 141)
(32, 46)
(32, 302)
(32, 53)
(32, 188)
(32, 65)
(32, 67)
(32, 70)
(32, 203)
(32, 78)
(32, 335)
(32, 108)
(32, 368)
(32, 114)
(32, 375)
(32, 249)
(32, 254)
(33, 192)
(33, 130)
(33, 107)
(33, 52)
(33, 274)
(33, 148)
(33, 324)
(33, 284)
(33, 159)
(33, 34)
(33, 298)
(33, 175)
(33, 305)
(33, 308)
(33, 180)
(33, 60)
(33, 61)
(33, 318)
(33, 320)
(33, 323)
(33, 196)
(33, 211)
(33, 221)
(33, 223)
(33, 355)
(33, 356)
(33, 229)
(33, 359)
(33, 127)
(33, 241)
(33, 372)
(33, 121)
(33, 251)
(33, 170)
(33, 255)
(34, 192)
(34, 130)
(34, 274)
(34, 284)
(34, 298)
(34, 305)
(34, 52)
(34, 180)
(34, 60)
(34, 61)
(34, 320)
(34, 223)
(34, 355)
(34, 356)
(34, 229)
(34, 359)
(34, 107)
(34, 241)
(34, 372)
(34, 251)
(34, 170)
(35, 258)
(35, 387)
(35, 262)
(35, 137)
(35, 270)
(35, 399)
(35, 145)
(35, 291)
(35, 294)
(35, 168)
(35, 300)
(35, 45)
(35, 142)
(35, 307)
(35, 315)
(35, 74)
(35, 197)
(35, 72)
(35, 330)
(35, 109)
(35, 212)
(35, 213)
(35, 215)
(35, 346)
(35, 224)
(35, 187)
(35, 101)
(35, 106)
(35, 237)
(35, 369)
(35, 373)
(35, 379)
(35, 381)
(36, 384)
(36, 256)
(36, 133)
(36, 391)
(36, 392)
(36, 268)
(36, 269)
(36, 398)
(36, 273)
(36, 275)
(36, 279)
(36, 156)
(36, 292)
(36, 301)
(36, 306)
(36, 310)
(36, 184)
(36, 57)
(36, 186)
(36, 189)
(36, 190)
(36, 63)
(36, 100)
(36, 322)
(36, 66)
(36, 140)
(36, 202)
(36, 336)
(36, 339)
(36, 341)
(36, 343)
(36, 164)
(36, 346)
(36, 58)
(36, 353)
(36, 228)
(36, 231)
(36, 236)
(36, 83)
(36, 247)
(36, 248)
(36, 122)
(36, 252)
(36, 125)
(37, 260)
(37, 264)
(37, 396)
(37, 271)
(37, 146)
(37, 276)
(37, 110)
(37, 278)
(37, 286)
(37, 161)
(37, 290)
(37, 219)
(37, 165)
(37, 92)
(37, 171)
(37, 44)
(37, 177)
(37, 178)
(37, 51)
(37, 73)
(37, 95)
(37, 321)
(37, 75)
(37, 327)
(37, 329)
(37, 331)
(37, 77)
(37, 209)
(37, 210)
(37, 84)
(37, 214)
(37, 344)
(37, 218)
(37, 347)
(37, 220)
(37, 349)
(37, 94)
(37, 351)
(37, 357)
(37, 230)
(37, 81)
(37, 105)
(37, 238)
(37, 367)
(37, 246)
(37, 376)
(37, 377)
(37, 124)
(38, 259)
(38, 80)
(38, 147)
(38, 46)
(38, 152)
(38, 285)
(38, 288)
(38, 163)
(38, 293)
(38, 295)
(38, 299)
(38, 302)
(38, 49)
(38, 50)
(38, 179)
(38, 195)
(38, 326)
(38, 198)
(38, 119)
(38, 335)
(38, 208)
(38, 89)
(38, 90)
(38, 207)
(38, 222)
(38, 97)
(38, 232)
(38, 108)
(38, 111)
(38, 114)
(38, 244)
(38, 247)
(38, 253)
(39, 384)
(39, 256)
(39, 386)
(39, 133)
(39, 134)
(39, 129)
(39, 393)
(39, 394)
(39, 396)
(39, 397)
(39, 271)
(39, 275)
(39, 156)
(39, 157)
(39, 286)
(39, 58)
(39, 164)
(39, 297)
(39, 66)
(39, 306)
(39, 56)
(39, 314)
(39, 138)
(39, 64)
(39, 193)
(39, 322)
(39, 68)
(39, 69)
(39, 71)
(39, 329)
(39, 83)
(39, 205)
(39, 79)
(39, 336)
(39, 339)
(39, 84)
(39, 341)
(39, 86)
(39, 100)
(39, 143)
(39, 349)
(39, 95)
(39, 227)
(39, 228)
(39, 361)
(39, 363)
(39, 371)
(39, 117)
(39, 85)
(40, 257)
(40, 131)
(40, 260)
(40, 261)
(40, 390)
(40, 150)
(40, 281)
(40, 282)
(40, 155)
(40, 167)
(40, 171)
(40, 311)
(40, 185)
(40, 325)
(40, 328)
(40, 332)
(40, 333)
(40, 338)
(40, 313)
(40, 225)
(40, 98)
(40, 362)
(40, 110)
(40, 240)
(40, 115)
(40, 116)
(40, 250)
(40, 234)
(41, 132)
(41, 267)
(41, 144)
(41, 277)
(41, 153)
(41, 47)
(41, 158)
(41, 160)
(41, 166)
(41, 296)
(41, 172)
(41, 303)
(41, 181)
(41, 54)
(41, 55)
(41, 312)
(41, 317)
(41, 319)
(41, 395)
(41, 199)
(41, 76)
(41, 204)
(41, 334)
(41, 82)
(41, 340)
(41, 342)
(41, 216)
(41, 345)
(41, 96)
(41, 226)
(41, 358)
(41, 103)
(41, 360)
(41, 233)
(41, 239)
(41, 245)
(41, 149)
(42, 129)
(42, 263)
(42, 136)
(42, 265)
(42, 266)
(42, 139)
(42, 154)
(42, 283)
(42, 289)
(42, 48)
(42, 173)
(42, 175)
(42, 304)
(42, 182)
(42, 194)
(42, 323)
(42, 69)
(42, 206)
(42, 79)
(42, 337)
(42, 348)
(42, 93)
(42, 352)
(42, 102)
(42, 104)
(42, 370)
(42, 242)
(42, 126)
(42, 380)
(42, 382)
(42, 383)
(43, 96)
(43, 144)
(43, 226)
(43, 88)
(43, 358)
(43, 135)
(43, 296)
(43, 267)
(43, 172)
(43, 176)
(43, 113)
(43, 243)
(43, 340)
(43, 181)
(43, 153)
(43, 280)
(43, 217)
(43, 87)
(43, 91)
(43, 317)
(43, 158)
(44, 260)
(44, 264)
(44, 146)
(44, 278)
(44, 92)
(44, 171)
(44, 178)
(44, 327)
(44, 331)
(44, 77)
(44, 210)
(44, 214)
(44, 344)
(44, 218)
(44, 347)
(44, 220)
(44, 357)
(44, 105)
(44, 365)
(44, 238)
(44, 246)
(44, 376)
(44, 377)
(44, 124)
(45, 384)
(45, 387)
(45, 134)
(45, 392)
(45, 268)
(45, 66)
(45, 398)
(45, 399)
(45, 272)
(45, 273)
(45, 164)
(45, 294)
(45, 168)
(45, 300)
(45, 301)
(45, 142)
(45, 184)
(45, 186)
(45, 315)
(45, 62)
(45, 322)
(45, 72)
(45, 330)
(45, 83)
(45, 336)
(45, 120)
(45, 339)
(45, 212)
(45, 213)
(45, 346)
(45, 143)
(45, 350)
(45, 224)
(45, 354)
(45, 187)
(45, 100)
(45, 145)
(45, 236)
(45, 237)
(45, 371)
(45, 248)
(45, 378)
(45, 252)
(45, 125)
(46, 385)
(46, 364)
(46, 285)
(46, 198)
(46, 299)
(46, 302)
(46, 53)
(46, 188)
(46, 65)
(46, 67)
(46, 70)
(46, 203)
(46, 78)
(46, 335)
(46, 80)
(46, 208)
(46, 108)
(46, 114)
(46, 374)
(46, 375)
(46, 253)
(46, 254)
(47, 132)
(47, 267)
(47, 269)
(47, 144)
(47, 277)
(47, 153)
(47, 158)
(47, 160)
(47, 166)
(47, 296)
(47, 172)
(47, 303)
(47, 176)
(47, 189)
(47, 181)
(47, 54)
(47, 55)
(47, 312)
(47, 317)
(47, 319)
(47, 199)
(47, 76)
(47, 202)
(47, 204)
(47, 334)
(47, 82)
(47, 340)
(47, 342)
(47, 87)
(47, 345)
(47, 96)
(47, 226)
(47, 358)
(47, 103)
(47, 233)
(47, 366)
(47, 239)
(47, 243)
(47, 245)
(47, 149)
(48, 129)
(48, 386)
(48, 265)
(48, 266)
(48, 397)
(48, 173)
(48, 73)
(48, 151)
(48, 283)
(48, 157)
(48, 289)
(48, 71)
(48, 370)
(48, 304)
(48, 177)
(48, 182)
(48, 183)
(48, 56)
(48, 316)
(48, 64)
(48, 68)
(48, 69)
(48, 161)
(48, 328)
(48, 201)
(48, 206)
(48, 79)
(48, 337)
(48, 338)
(48, 85)
(48, 86)
(48, 348)
(48, 349)
(48, 351)
(48, 352)
(48, 227)
(48, 102)
(48, 104)
(48, 361)
(48, 235)
(48, 242)
(48, 117)
(48, 380)
(48, 382)
(49, 128)
(49, 387)
(49, 80)
(49, 140)
(49, 398)
(49, 272)
(49, 259)
(49, 279)
(49, 152)
(49, 285)
(49, 163)
(49, 292)
(49, 293)
(49, 295)
(49, 169)
(49, 299)
(49, 301)
(49, 302)
(49, 179)
(49, 53)
(49, 70)
(49, 62)
(49, 65)
(49, 67)
(49, 326)
(49, 198)
(49, 335)
(49, 208)
(49, 89)
(49, 97)
(49, 231)
(49, 232)
(49, 108)
(49, 114)
(49, 147)
(49, 244)
(49, 374)
(49, 247)
(49, 253)
(50, 135)
(50, 217)
(50, 280)
(50, 287)
(50, 288)
(50, 163)
(50, 293)
(50, 295)
(50, 176)
(50, 179)
(50, 191)
(50, 195)
(50, 207)
(50, 87)
(50, 88)
(50, 89)
(50, 90)
(50, 91)
(50, 222)
(50, 232)
(50, 111)
(50, 243)
(50, 244)
(50, 119)
(51, 257)
(51, 260)
(51, 261)
(51, 390)
(51, 146)
(51, 110)
(51, 150)
(51, 151)
(51, 281)
(51, 282)
(51, 155)
(51, 286)
(51, 161)
(51, 290)
(51, 219)
(51, 167)
(51, 92)
(51, 171)
(51, 177)
(51, 178)
(51, 311)
(51, 313)
(51, 316)
(51, 321)
(51, 68)
(51, 328)
(51, 201)
(51, 332)
(51, 333)
(51, 77)
(51, 209)
(51, 338)
(51, 84)
(51, 185)
(51, 218)
(51, 347)
(51, 220)
(51, 349)
(51, 94)
(51, 351)
(51, 225)
(51, 98)
(51, 357)
(51, 362)
(51, 235)
(51, 365)
(51, 238)
(51, 73)
(51, 115)
(51, 116)
(51, 376)
(51, 377)
(51, 124)
(51, 234)
(52, 192)
(52, 130)
(52, 263)
(52, 139)
(52, 274)
(52, 148)
(52, 324)
(52, 154)
(52, 284)
(52, 159)
(52, 298)
(52, 175)
(52, 305)
(52, 308)
(52, 180)
(52, 60)
(52, 61)
(52, 318)
(52, 320)
(52, 194)
(52, 323)
(52, 196)
(52, 200)
(52, 211)
(52, 93)
(52, 223)
(52, 355)
(52, 356)
(52, 229)
(52, 359)
(52, 107)
(52, 241)
(52, 123)
(52, 372)
(52, 251)
(52, 170)
(52, 126)
(52, 383)
(53, 128)
(53, 385)
(53, 259)
(53, 388)
(53, 108)
(53, 141)
(53, 270)
(53, 285)
(53, 291)
(53, 169)
(53, 299)
(53, 302)
(53, 188)
(53, 65)
(53, 67)
(53, 70)
(53, 203)
(53, 78)
(53, 335)
(53, 208)
(53, 215)
(53, 97)
(53, 106)
(53, 364)
(53, 368)
(53, 114)
(53, 373)
(53, 374)
(53, 375)
(53, 249)
(53, 254)
(54, 132)
(54, 264)
(54, 216)
(54, 276)
(54, 277)
(54, 367)
(54, 160)
(54, 166)
(54, 303)
(54, 55)
(54, 312)
(54, 59)
(54, 319)
(54, 327)
(54, 76)
(54, 331)
(54, 204)
(54, 334)
(54, 81)
(54, 342)
(54, 344)
(54, 345)
(54, 230)
(54, 103)
(54, 360)
(54, 233)
(54, 239)
(54, 245)
(54, 149)
(55, 132)
(55, 267)
(55, 144)
(55, 149)
(55, 166)
(55, 296)
(55, 172)
(55, 303)
(55, 181)
(55, 312)
(55, 395)
(55, 204)
(55, 342)
(55, 96)
(55, 226)
(55, 360)
(55, 113)
(55, 245)
(55, 277)
(56, 384)
(56, 129)
(56, 386)
(56, 134)
(56, 393)
(56, 394)
(56, 397)
(56, 194)
(56, 143)
(56, 157)
(56, 164)
(56, 173)
(56, 308)
(56, 265)
(56, 314)
(56, 138)
(56, 64)
(56, 193)
(56, 322)
(56, 66)
(56, 69)
(56, 71)
(56, 200)
(56, 83)
(56, 205)
(56, 79)
(56, 336)
(56, 337)
(56, 99)
(56, 85)
(56, 86)
(56, 348)
(56, 93)
(56, 350)
(56, 352)
(56, 354)
(56, 227)
(56, 100)
(56, 102)
(56, 361)
(56, 112)
(56, 242)
(56, 371)
(56, 117)
(56, 123)
(56, 380)
(56, 382)
(57, 256)
(57, 133)
(57, 391)
(57, 392)
(57, 268)
(57, 269)
(57, 398)
(57, 272)
(57, 279)
(57, 152)
(57, 156)
(57, 292)
(57, 301)
(57, 306)
(57, 310)
(57, 184)
(57, 186)
(57, 189)
(57, 190)
(57, 63)
(57, 140)
(57, 202)
(57, 339)
(57, 341)
(57, 343)
(57, 346)
(57, 58)
(57, 353)
(57, 231)
(57, 236)
(57, 83)
(57, 62)
(57, 247)
(57, 122)
(57, 252)
(57, 125)
(58, 256)
(58, 133)
(58, 391)
(58, 393)
(58, 138)
(58, 396)
(58, 269)
(58, 271)
(58, 275)
(58, 276)
(58, 156)
(58, 160)
(58, 297)
(58, 306)
(58, 310)
(58, 190)
(58, 319)
(58, 329)
(58, 202)
(58, 75)
(58, 76)
(58, 334)
(58, 83)
(58, 341)
(58, 343)
(58, 95)
(58, 353)
(58, 228)
(58, 103)
(58, 233)
(58, 363)
(58, 122)
(58, 63)
(59, 342)
(59, 264)
(59, 216)
(59, 276)
(59, 278)
(59, 367)
(59, 165)
(59, 303)
(59, 319)
(59, 327)
(59, 331)
(59, 204)
(59, 81)
(59, 210)
(59, 214)
(59, 344)
(59, 230)
(59, 103)
(59, 360)
(59, 233)
(59, 239)
(59, 246)
(59, 105)
(59, 376)
(60, 192)
(60, 130)
(60, 263)
(60, 274)
(60, 148)
(60, 196)
(60, 154)
(60, 284)
(60, 159)
(60, 298)
(60, 175)
(60, 305)
(60, 308)
(60, 180)
(60, 61)
(60, 318)
(60, 320)
(60, 123)
(60, 194)
(60, 323)
(60, 324)
(60, 200)
(60, 211)
(60, 221)
(60, 223)
(60, 355)
(60, 356)
(60, 229)
(60, 359)
(60, 107)
(60, 93)
(60, 241)
(60, 383)
(60, 372)
(60, 121)
(60, 251)
(60, 255)
(61, 192)
(61, 130)
(61, 389)
(61, 274)
(61, 148)
(61, 324)
(61, 284)
(61, 159)
(61, 162)
(61, 298)
(61, 174)
(61, 305)
(61, 308)
(61, 309)
(61, 180)
(61, 318)
(61, 320)
(61, 196)
(61, 200)
(61, 211)
(61, 221)
(61, 355)
(61, 356)
(61, 229)
(61, 359)
(61, 107)
(61, 241)
(61, 372)
(61, 118)
(61, 121)
(61, 127)
(61, 255)
(62, 128)
(62, 387)
(62, 392)
(62, 268)
(62, 398)
(62, 399)
(62, 272)
(62, 145)
(62, 259)
(62, 279)
(62, 152)
(62, 285)
(62, 291)
(62, 292)
(62, 198)
(62, 294)
(62, 168)
(62, 169)
(62, 299)
(62, 301)
(62, 310)
(62, 184)
(62, 186)
(62, 187)
(62, 70)
(62, 326)
(62, 72)
(62, 140)
(62, 208)
(62, 212)
(62, 270)
(62, 215)
(62, 346)
(62, 224)
(62, 97)
(62, 106)
(62, 236)
(62, 237)
(62, 147)
(62, 374)
(62, 248)
(62, 122)
(62, 252)
(62, 125)
(63, 256)
(63, 133)
(63, 391)
(63, 392)
(63, 138)
(63, 268)
(63, 269)
(63, 271)
(63, 275)
(63, 279)
(63, 156)
(63, 292)
(63, 301)
(63, 306)
(63, 310)
(63, 184)
(63, 189)
(63, 190)
(63, 322)
(63, 66)
(63, 140)
(63, 202)
(63, 76)
(63, 336)
(63, 339)
(63, 341)
(63, 343)
(63, 164)
(63, 353)
(63, 228)
(63, 231)
(63, 363)
(63, 236)
(63, 83)
(63, 247)
(63, 122)
(63, 125)
(64, 129)
(64, 386)
(64, 363)
(64, 393)
(64, 266)
(64, 396)
(64, 397)
(64, 73)
(64, 151)
(64, 157)
(64, 161)
(64, 297)
(64, 173)
(64, 304)
(64, 177)
(64, 265)
(64, 314)
(64, 316)
(64, 138)
(64, 68)
(64, 69)
(64, 71)
(64, 328)
(64, 201)
(64, 183)
(64, 205)
(64, 79)
(64, 337)
(64, 338)
(64, 85)
(64, 86)
(64, 348)
(64, 349)
(64, 351)
(64, 227)
(64, 102)
(64, 209)
(64, 104)
(64, 361)
(64, 235)
(64, 110)
(64, 242)
(64, 117)
(64, 380)
(64, 382)
(65, 128)
(65, 385)
(65, 259)
(65, 388)
(65, 108)
(65, 141)
(65, 270)
(65, 285)
(65, 70)
(65, 169)
(65, 299)
(65, 302)
(65, 188)
(65, 67)
(65, 198)
(65, 203)
(65, 78)
(65, 335)
(65, 208)
(65, 97)
(65, 80)
(65, 106)
(65, 364)
(65, 368)
(65, 114)
(65, 374)
(65, 375)
(65, 253)
(65, 254)
(66, 384)
(66, 386)
(66, 134)
(66, 392)
(66, 393)
(66, 394)
(66, 268)
(66, 397)
(66, 143)
(66, 273)
(66, 156)
(66, 157)
(66, 164)
(66, 122)
(66, 306)
(66, 184)
(66, 314)
(66, 138)
(66, 193)
(66, 322)
(66, 71)
(66, 72)
(66, 83)
(66, 205)
(66, 336)
(66, 120)
(66, 339)
(66, 341)
(66, 86)
(66, 100)
(66, 346)
(66, 186)
(66, 350)
(66, 353)
(66, 354)
(66, 99)
(66, 228)
(66, 145)
(66, 363)
(66, 236)
(66, 112)
(66, 371)
(66, 248)
(66, 378)
(66, 252)
(66, 125)
(66, 85)
(67, 128)
(67, 385)
(67, 259)
(67, 108)
(67, 141)
(67, 285)
(67, 70)
(67, 169)
(67, 299)
(67, 302)
(67, 188)
(67, 198)
(67, 203)
(67, 78)
(67, 335)
(67, 208)
(67, 97)
(67, 80)
(67, 364)
(67, 368)
(67, 114)
(67, 374)
(67, 375)
(67, 253)
(67, 254)
(68, 129)
(68, 386)
(68, 235)
(68, 393)
(68, 266)
(68, 396)
(68, 397)
(68, 150)
(68, 151)
(68, 157)
(68, 286)
(68, 161)
(68, 290)
(68, 173)
(68, 304)
(68, 177)
(68, 265)
(68, 316)
(68, 69)
(68, 71)
(68, 328)
(68, 201)
(68, 183)
(68, 205)
(68, 79)
(68, 337)
(68, 338)
(68, 84)
(68, 85)
(68, 86)
(68, 348)
(68, 349)
(68, 351)
(68, 227)
(68, 209)
(68, 104)
(68, 361)
(68, 363)
(68, 110)
(68, 73)
(68, 242)
(68, 116)
(68, 117)
(68, 377)
(68, 380)
(68, 382)
(69, 129)
(69, 386)
(69, 393)
(69, 266)
(69, 397)
(69, 173)
(69, 73)
(69, 151)
(69, 283)
(69, 157)
(69, 289)
(69, 71)
(69, 370)
(69, 304)
(69, 177)
(69, 182)
(69, 265)
(69, 316)
(69, 161)
(69, 328)
(69, 201)
(69, 183)
(69, 205)
(69, 79)
(69, 337)
(69, 338)
(69, 85)
(69, 86)
(69, 348)
(69, 349)
(69, 351)
(69, 352)
(69, 227)
(69, 102)
(69, 209)
(69, 104)
(69, 361)
(69, 235)
(69, 242)
(69, 117)
(69, 380)
(69, 382)
(70, 128)
(70, 385)
(70, 387)
(70, 388)
(70, 108)
(70, 141)
(70, 270)
(70, 272)
(70, 259)
(70, 285)
(70, 291)
(70, 169)
(70, 299)
(70, 302)
(70, 315)
(70, 188)
(70, 198)
(70, 203)
(70, 78)
(70, 335)
(70, 208)
(70, 215)
(70, 97)
(70, 106)
(70, 364)
(70, 368)
(70, 114)
(70, 373)
(70, 374)
(70, 375)
(70, 249)
(70, 254)
(71, 129)
(71, 386)
(71, 393)
(71, 266)
(71, 397)
(71, 143)
(71, 157)
(71, 164)
(71, 297)
(71, 173)
(71, 304)
(71, 177)
(71, 138)
(71, 265)
(71, 314)
(71, 316)
(71, 394)
(71, 193)
(71, 322)
(71, 201)
(71, 205)
(71, 79)
(71, 336)
(71, 337)
(71, 99)
(71, 85)
(71, 86)
(71, 100)
(71, 348)
(71, 349)
(71, 351)
(71, 227)
(71, 228)
(71, 102)
(71, 104)
(71, 361)
(71, 363)
(71, 112)
(71, 242)
(71, 371)
(71, 117)
(71, 380)
(71, 382)
(72, 384)
(72, 387)
(72, 134)
(72, 392)
(72, 268)
(72, 398)
(72, 399)
(72, 272)
(72, 273)
(72, 292)
(72, 294)
(72, 168)
(72, 300)
(72, 301)
(72, 184)
(72, 186)
(72, 315)
(72, 322)
(72, 330)
(72, 83)
(72, 336)
(72, 120)
(72, 339)
(72, 212)
(72, 142)
(72, 164)
(72, 346)
(72, 143)
(72, 350)
(72, 224)
(72, 354)
(72, 187)
(72, 100)
(72, 145)
(72, 236)
(72, 237)
(72, 371)
(72, 248)
(72, 378)
(72, 252)
(72, 125)
(73, 260)
(73, 261)
(73, 390)
(73, 396)
(73, 146)
(73, 110)
(73, 150)
(73, 151)
(73, 281)
(73, 282)
(73, 155)
(73, 286)
(73, 161)
(73, 290)
(73, 171)
(73, 177)
(73, 178)
(73, 311)
(73, 185)
(73, 316)
(73, 321)
(73, 328)
(73, 201)
(73, 183)
(73, 333)
(73, 77)
(73, 209)
(73, 338)
(73, 84)
(73, 218)
(73, 219)
(73, 92)
(73, 349)
(73, 94)
(73, 351)
(73, 225)
(73, 227)
(73, 104)
(73, 235)
(73, 238)
(73, 242)
(73, 115)
(73, 116)
(73, 377)
(74, 258)
(74, 389)
(74, 262)
(74, 162)
(74, 300)
(74, 142)
(74, 307)
(74, 309)
(74, 330)
(74, 213)
(74, 221)
(74, 101)
(74, 109)
(74, 255)
(74, 369)
(74, 118)
(74, 379)
(74, 381)
(74, 127)
(75, 256)
(75, 133)
(75, 264)
(75, 393)
(75, 396)
(75, 271)
(75, 216)
(75, 275)
(75, 276)
(75, 239)
(75, 156)
(75, 286)
(75, 160)
(75, 347)
(75, 165)
(75, 297)
(75, 178)
(75, 319)
(75, 321)
(75, 327)
(75, 329)
(75, 76)
(75, 81)
(75, 84)
(75, 214)
(75, 344)
(75, 218)
(75, 219)
(75, 92)
(75, 94)
(75, 95)
(75, 228)
(75, 230)
(75, 103)
(75, 233)
(75, 363)
(75, 367)
(76, 256)
(76, 133)
(76, 391)
(76, 269)
(76, 271)
(76, 275)
(76, 276)
(76, 277)
(76, 156)
(76, 160)
(76, 303)
(76, 189)
(76, 306)
(76, 317)
(76, 190)
(76, 319)
(76, 199)
(76, 329)
(76, 202)
(76, 334)
(76, 82)
(76, 343)
(76, 345)
(76, 95)
(76, 103)
(76, 233)
(76, 366)
(76, 239)
(76, 245)
(77, 257)
(77, 260)
(77, 150)
(77, 390)
(77, 146)
(77, 110)
(77, 278)
(77, 151)
(77, 281)
(77, 155)
(77, 286)
(77, 161)
(77, 290)
(77, 219)
(77, 165)
(77, 210)
(77, 92)
(77, 171)
(77, 178)
(77, 311)
(77, 185)
(77, 321)
(77, 331)
(77, 333)
(77, 209)
(77, 338)
(77, 84)
(77, 214)
(77, 218)
(77, 347)
(77, 220)
(77, 94)
(77, 357)
(77, 105)
(77, 234)
(77, 235)
(77, 365)
(77, 238)
(77, 115)
(77, 116)
(77, 246)
(77, 376)
(77, 377)
(77, 124)
(78, 385)
(78, 388)
(78, 108)
(78, 141)
(78, 270)
(78, 285)
(78, 291)
(78, 169)
(78, 302)
(78, 188)
(78, 203)
(78, 335)
(78, 208)
(78, 215)
(78, 106)
(78, 364)
(78, 368)
(78, 114)
(78, 373)
(78, 374)
(78, 375)
(78, 249)
(78, 254)
(79, 129)
(79, 386)
(79, 265)
(79, 394)
(79, 397)
(79, 173)
(79, 157)
(79, 370)
(79, 304)
(79, 182)
(79, 314)
(79, 266)
(79, 193)
(79, 194)
(79, 138)
(79, 205)
(79, 337)
(79, 99)
(79, 85)
(79, 86)
(79, 143)
(79, 348)
(79, 93)
(79, 352)
(79, 227)
(79, 100)
(79, 102)
(79, 104)
(79, 361)
(79, 112)
(79, 242)
(79, 371)
(79, 117)
(79, 123)
(79, 380)
(79, 382)
(79, 383)
(80, 259)
(80, 147)
(80, 285)
(80, 163)
(80, 293)
(80, 295)
(80, 169)
(80, 299)
(80, 302)
(80, 179)
(80, 326)
(80, 198)
(80, 335)
(80, 208)
(80, 207)
(80, 97)
(80, 232)
(80, 108)
(80, 114)
(80, 244)
(80, 374)
(80, 253)
(81, 342)
(81, 264)
(81, 344)
(81, 276)
(81, 278)
(81, 239)
(81, 165)
(81, 303)
(81, 178)
(81, 319)
(81, 321)
(81, 327)
(81, 331)
(81, 204)
(81, 214)
(81, 216)
(81, 345)
(81, 218)
(81, 347)
(81, 92)
(81, 94)
(81, 230)
(81, 103)
(81, 233)
(81, 367)
(81, 246)
(81, 105)
(81, 376)
(81, 124)
(82, 391)
(82, 267)
(82, 269)
(82, 277)
(82, 217)
(82, 280)
(82, 153)
(82, 158)
(82, 287)
(82, 288)
(82, 296)
(82, 135)
(82, 172)
(82, 303)
(82, 176)
(82, 181)
(82, 87)
(82, 317)
(82, 190)
(82, 319)
(82, 160)
(82, 195)
(82, 199)
(82, 202)
(82, 334)
(82, 340)
(82, 343)
(82, 345)
(82, 90)
(82, 222)
(82, 358)
(82, 231)
(82, 103)
(82, 366)
(82, 189)
(82, 243)
(82, 245)
(82, 247)
(82, 191)
(83, 384)
(83, 256)
(83, 386)
(83, 133)
(83, 134)
(83, 392)
(83, 393)
(83, 394)
(83, 268)
(83, 143)
(83, 273)
(83, 275)
(83, 156)
(83, 164)
(83, 297)
(83, 301)
(83, 306)
(83, 310)
(83, 184)
(83, 314)
(83, 138)
(83, 193)
(83, 322)
(83, 205)
(83, 336)
(83, 339)
(83, 341)
(83, 86)
(83, 100)
(83, 346)
(83, 186)
(83, 350)
(83, 353)
(83, 354)
(83, 228)
(83, 145)
(83, 363)
(83, 236)
(83, 371)
(83, 248)
(83, 122)
(83, 252)
(83, 125)
(83, 85)
(84, 133)
(84, 393)
(84, 138)
(84, 396)
(84, 271)
(84, 146)
(84, 275)
(84, 276)
(84, 286)
(84, 161)
(84, 290)
(84, 219)
(84, 165)
(84, 297)
(84, 177)
(84, 178)
(84, 95)
(84, 321)
(84, 327)
(84, 329)
(84, 205)
(84, 209)
(84, 214)
(84, 218)
(84, 347)
(84, 92)
(84, 349)
(84, 94)
(84, 351)
(84, 227)
(84, 228)
(84, 357)
(84, 230)
(84, 363)
(84, 238)
(84, 367)
(84, 376)
(84, 377)
(84, 124)
(85, 384)
(85, 129)
(85, 386)
(85, 393)
(85, 394)
(85, 396)
(85, 397)
(85, 143)
(85, 157)
(85, 164)
(85, 297)
(85, 173)
(85, 177)
(85, 265)
(85, 314)
(85, 316)
(85, 138)
(85, 193)
(85, 322)
(85, 201)
(85, 205)
(85, 336)
(85, 337)
(85, 99)
(85, 86)
(85, 100)
(85, 349)
(85, 351)
(85, 227)
(85, 228)
(85, 102)
(85, 104)
(85, 361)
(85, 363)
(85, 112)
(85, 242)
(85, 371)
(85, 117)
(85, 380)
(85, 382)
(86, 384)
(86, 129)
(86, 386)
(86, 393)
(86, 394)
(86, 397)
(86, 143)
(86, 157)
(86, 164)
(86, 173)
(86, 265)
(86, 314)
(86, 138)
(86, 193)
(86, 322)
(86, 205)
(86, 336)
(86, 337)
(86, 99)
(86, 348)
(86, 93)
(86, 350)
(86, 227)
(86, 100)
(86, 102)
(86, 361)
(86, 363)
(86, 112)
(86, 242)
(86, 371)
(86, 117)
(86, 123)
(86, 380)
(86, 382)
(87, 135)
(87, 267)
(87, 89)
(87, 280)
(87, 153)
(87, 111)
(87, 158)
(87, 287)
(87, 288)
(87, 296)
(87, 172)
(87, 176)
(87, 181)
(87, 189)
(87, 191)
(87, 195)
(87, 199)
(87, 334)
(87, 340)
(87, 343)
(87, 88)
(87, 217)
(87, 90)
(87, 91)
(87, 222)
(87, 226)
(87, 358)
(87, 366)
(87, 317)
(87, 243)
(87, 245)
(87, 119)
(88, 135)
(88, 267)
(88, 280)
(88, 153)
(88, 158)
(88, 296)
(88, 172)
(88, 176)
(88, 181)
(88, 317)
(88, 191)
(88, 340)
(88, 217)
(88, 91)
(88, 96)
(88, 226)
(88, 358)
(88, 113)
(88, 243)
(89, 135)
(89, 140)
(89, 147)
(89, 279)
(89, 152)
(89, 287)
(89, 288)
(89, 163)
(89, 293)
(89, 295)
(89, 176)
(89, 179)
(89, 189)
(89, 191)
(89, 195)
(89, 326)
(89, 198)
(89, 119)
(89, 207)
(89, 343)
(89, 90)
(89, 222)
(89, 231)
(89, 232)
(89, 366)
(89, 111)
(89, 244)
(89, 247)
(89, 253)
(90, 135)
(90, 140)
(90, 269)
(90, 147)
(90, 279)
(90, 152)
(90, 287)
(90, 288)
(90, 163)
(90, 293)
(90, 295)
(90, 176)
(90, 179)
(90, 189)
(90, 191)
(90, 195)
(90, 326)
(90, 119)
(90, 207)
(90, 340)
(90, 343)
(90, 217)
(90, 222)
(90, 358)
(90, 231)
(90, 232)
(90, 366)
(90, 111)
(90, 244)
(90, 247)
(91, 135)
(91, 267)
(91, 280)
(91, 153)
(91, 158)
(91, 287)
(91, 288)
(91, 296)
(91, 172)
(91, 176)
(91, 181)
(91, 317)
(91, 191)
(91, 195)
(91, 340)
(91, 217)
(91, 222)
(91, 96)
(91, 226)
(91, 358)
(91, 111)
(91, 113)
(91, 243)
(91, 119)
(92, 260)
(92, 264)
(92, 393)
(92, 396)
(92, 271)
(92, 146)
(92, 276)
(92, 278)
(92, 286)
(92, 161)
(92, 290)
(92, 219)
(92, 165)
(92, 297)
(92, 177)
(92, 178)
(92, 95)
(92, 321)
(92, 327)
(92, 329)
(92, 331)
(92, 209)
(92, 210)
(92, 214)
(92, 344)
(92, 218)
(92, 347)
(92, 220)
(92, 349)
(92, 94)
(92, 351)
(92, 357)
(92, 230)
(92, 105)
(92, 363)
(92, 238)
(92, 367)
(92, 246)
(92, 376)
(92, 377)
(92, 124)
(93, 129)
(93, 263)
(93, 136)
(93, 265)
(93, 394)
(93, 139)
(93, 397)
(93, 196)
(93, 154)
(93, 283)
(93, 159)
(93, 289)
(93, 99)
(93, 173)
(93, 175)
(93, 308)
(93, 182)
(93, 180)
(93, 266)
(93, 194)
(93, 323)
(93, 324)
(93, 200)
(93, 337)
(93, 211)
(93, 348)
(93, 352)
(93, 123)
(93, 102)
(93, 112)
(93, 370)
(93, 126)
(93, 251)
(93, 380)
(93, 382)
(93, 383)
(94, 133)
(94, 264)
(94, 393)
(94, 396)
(94, 271)
(94, 146)
(94, 275)
(94, 276)
(94, 286)
(94, 161)
(94, 290)
(94, 219)
(94, 165)
(94, 297)
(94, 177)
(94, 178)
(94, 95)
(94, 321)
(94, 327)
(94, 329)
(94, 331)
(94, 209)
(94, 214)
(94, 344)
(94, 218)
(94, 347)
(94, 220)
(94, 349)
(94, 351)
(94, 228)
(94, 357)
(94, 230)
(94, 105)
(94, 363)
(94, 238)
(94, 367)
(94, 246)
(94, 376)
(94, 377)
(94, 124)
(95, 256)
(95, 133)
(95, 391)
(95, 393)
(95, 138)
(95, 396)
(95, 271)
(95, 275)
(95, 276)
(95, 156)
(95, 286)
(95, 160)
(95, 347)
(95, 165)
(95, 297)
(95, 178)
(95, 306)
(95, 190)
(95, 319)
(95, 321)
(95, 327)
(95, 329)
(95, 202)
(95, 205)
(95, 341)
(95, 218)
(95, 219)
(95, 228)
(95, 230)
(95, 103)
(95, 233)
(95, 363)
(95, 367)
(96, 132)
(96, 267)
(96, 144)
(96, 149)
(96, 280)
(96, 153)
(96, 158)
(96, 166)
(96, 296)
(96, 172)
(96, 176)
(96, 181)
(96, 312)
(96, 317)
(96, 395)
(96, 340)
(96, 217)
(96, 226)
(96, 358)
(96, 113)
(96, 243)
(96, 245)
(96, 277)
(97, 128)
(97, 387)
(97, 392)
(97, 108)
(97, 398)
(97, 399)
(97, 272)
(97, 259)
(97, 279)
(97, 152)
(97, 285)
(97, 291)
(97, 292)
(97, 293)
(97, 169)
(97, 299)
(97, 301)
(97, 302)
(97, 184)
(97, 188)
(97, 198)
(97, 326)
(97, 335)
(97, 208)
(97, 163)
(97, 270)
(97, 215)
(97, 224)
(97, 232)
(97, 106)
(97, 236)
(97, 114)
(97, 147)
(97, 244)
(97, 374)
(97, 253)
(98, 257)
(98, 131)
(98, 260)
(98, 261)
(98, 390)
(98, 150)
(98, 151)
(98, 281)
(98, 282)
(98, 155)
(98, 167)
(98, 171)
(98, 311)
(98, 185)
(98, 325)
(98, 328)
(98, 183)
(98, 332)
(98, 333)
(98, 338)
(98, 313)
(98, 225)
(98, 362)
(98, 235)
(98, 110)
(98, 240)
(98, 115)
(98, 116)
(98, 250)
(98, 234)
(99, 384)
(99, 129)
(99, 386)
(99, 134)
(99, 265)
(99, 394)
(99, 397)
(99, 194)
(99, 143)
(99, 157)
(99, 159)
(99, 164)
(99, 174)
(99, 175)
(99, 308)
(99, 314)
(99, 318)
(99, 193)
(99, 322)
(99, 324)
(99, 200)
(99, 336)
(99, 337)
(99, 350)
(99, 354)
(99, 100)
(99, 102)
(99, 361)
(99, 112)
(99, 371)
(99, 117)
(99, 120)
(99, 121)
(99, 378)
(99, 123)
(99, 380)
(99, 382)
(99, 383)
(100, 384)
(100, 386)
(100, 134)
(100, 392)
(100, 393)
(100, 394)
(100, 397)
(100, 143)
(100, 273)
(100, 156)
(100, 157)
(100, 164)
(100, 122)
(100, 306)
(100, 184)
(100, 314)
(100, 138)
(100, 193)
(100, 322)
(100, 205)
(100, 336)
(100, 120)
(100, 339)
(100, 341)
(100, 346)
(100, 186)
(100, 350)
(100, 354)
(100, 227)
(100, 228)
(100, 145)
(100, 361)
(100, 363)
(100, 112)
(100, 371)
(100, 248)
(100, 378)
(100, 252)
(100, 125)
(101, 258)
(101, 389)
(101, 262)
(101, 137)
(101, 142)
(101, 109)
(101, 162)
(101, 294)
(101, 168)
(101, 300)
(101, 174)
(101, 307)
(101, 309)
(101, 187)
(101, 197)
(101, 330)
(101, 212)
(101, 213)
(101, 315)
(101, 237)
(101, 369)
(101, 118)
(101, 120)
(101, 378)
(101, 379)
(101, 381)
(101, 127)
(102, 129)
(102, 386)
(102, 263)
(102, 136)
(102, 265)
(102, 394)
(102, 139)
(102, 397)
(102, 173)
(102, 154)
(102, 283)
(102, 157)
(102, 289)
(102, 370)
(102, 175)
(102, 304)
(102, 308)
(102, 182)
(102, 266)
(102, 117)
(102, 194)
(102, 323)
(102, 196)
(102, 337)
(102, 348)
(102, 352)
(102, 104)
(102, 361)
(102, 112)
(102, 242)
(102, 126)
(102, 123)
(102, 380)
(102, 382)
(102, 383)
(103, 264)
(103, 269)
(103, 271)
(103, 344)
(103, 276)
(103, 277)
(103, 367)
(103, 160)
(103, 165)
(103, 199)
(103, 303)
(103, 317)
(103, 190)
(103, 319)
(103, 327)
(103, 202)
(103, 204)
(103, 334)
(103, 342)
(103, 216)
(103, 345)
(103, 230)
(103, 233)
(103, 239)
(103, 245)
(103, 149)
(104, 129)
(104, 386)
(104, 136)
(104, 265)
(104, 266)
(104, 397)
(104, 173)
(104, 151)
(104, 283)
(104, 157)
(104, 289)
(104, 370)
(104, 304)
(104, 177)
(104, 182)
(104, 183)
(104, 316)
(104, 161)
(104, 328)
(104, 201)
(104, 206)
(104, 337)
(104, 338)
(104, 348)
(104, 349)
(104, 351)
(104, 352)
(104, 227)
(104, 361)
(104, 235)
(104, 242)
(104, 116)
(104, 117)
(104, 380)
(104, 382)
(105, 260)
(105, 264)
(105, 216)
(105, 146)
(105, 276)
(105, 278)
(105, 286)
(105, 290)
(105, 347)
(105, 165)
(105, 171)
(105, 178)
(105, 321)
(105, 327)
(105, 331)
(105, 210)
(105, 214)
(105, 344)
(105, 218)
(105, 219)
(105, 220)
(105, 357)
(105, 230)
(105, 365)
(105, 238)
(105, 367)
(105, 246)
(105, 376)
(105, 377)
(105, 124)
(106, 128)
(106, 387)
(106, 388)
(106, 137)
(106, 141)
(106, 398)
(106, 399)
(106, 272)
(106, 259)
(106, 285)
(106, 291)
(106, 168)
(106, 169)
(106, 299)
(106, 307)
(106, 315)
(106, 188)
(106, 197)
(106, 203)
(106, 208)
(106, 212)
(106, 270)
(106, 215)
(106, 224)
(106, 237)
(106, 373)
(106, 374)
(106, 375)
(106, 249)
(106, 379)
(107, 192)
(107, 130)
(107, 274)
(107, 284)
(107, 298)
(107, 305)
(107, 180)
(107, 320)
(107, 323)
(107, 196)
(107, 211)
(107, 223)
(107, 355)
(107, 356)
(107, 229)
(107, 359)
(107, 241)
(107, 372)
(107, 251)
(107, 170)
(108, 128)
(108, 385)
(108, 259)
(108, 147)
(108, 285)
(108, 163)
(108, 293)
(108, 169)
(108, 299)
(108, 302)
(108, 188)
(108, 326)
(108, 198)
(108, 203)
(108, 335)
(108, 208)
(108, 232)
(108, 364)
(108, 114)
(108, 244)
(108, 374)
(108, 375)
(108, 253)
(108, 254)
(109, 258)
(109, 389)
(109, 262)
(109, 137)
(109, 213)
(109, 162)
(109, 300)
(109, 307)
(109, 309)
(109, 315)
(109, 197)
(109, 330)
(109, 142)
(109, 369)
(109, 118)
(109, 379)
(109, 381)
(109, 127)
(110, 260)
(110, 261)
(110, 390)
(110, 146)
(110, 150)
(110, 151)
(110, 281)
(110, 282)
(110, 155)
(110, 161)
(110, 290)
(110, 167)
(110, 171)
(110, 177)
(110, 178)
(110, 311)
(110, 313)
(110, 316)
(110, 321)
(110, 328)
(110, 201)
(110, 183)
(110, 332)
(110, 333)
(110, 209)
(110, 338)
(110, 185)
(110, 218)
(110, 219)
(110, 349)
(110, 351)
(110, 225)
(110, 357)
(110, 234)
(110, 235)
(110, 238)
(110, 115)
(110, 116)
(110, 377)
(111, 135)
(111, 140)
(111, 280)
(111, 287)
(111, 288)
(111, 163)
(111, 293)
(111, 295)
(111, 176)
(111, 179)
(111, 189)
(111, 191)
(111, 195)
(111, 326)
(111, 119)
(111, 207)
(111, 343)
(111, 217)
(111, 222)
(111, 231)
(111, 232)
(111, 366)
(111, 243)
(111, 244)
(111, 247)
(111, 253)
(112, 384)
(112, 129)
(112, 386)
(112, 134)
(112, 265)
(112, 394)
(112, 397)
(112, 194)
(112, 143)
(112, 154)
(112, 157)
(112, 159)
(112, 164)
(112, 174)
(112, 175)
(112, 308)
(112, 314)
(112, 193)
(112, 322)
(112, 324)
(112, 200)
(112, 336)
(112, 337)
(112, 350)
(112, 352)
(112, 354)
(112, 361)
(112, 371)
(112, 117)
(112, 120)
(112, 121)
(112, 378)
(112, 123)
(112, 380)
(112, 382)
(112, 383)
(113, 132)
(113, 267)
(113, 144)
(113, 149)
(113, 280)
(113, 153)
(113, 158)
(113, 166)
(113, 296)
(113, 172)
(113, 176)
(113, 181)
(113, 312)
(113, 395)
(113, 340)
(113, 217)
(113, 226)
(113, 358)
(113, 243)
(114, 128)
(114, 385)
(114, 259)
(114, 141)
(114, 147)
(114, 285)
(114, 326)
(114, 169)
(114, 299)
(114, 302)
(114, 188)
(114, 198)
(114, 203)
(114, 335)
(114, 208)
(114, 232)
(114, 364)
(114, 374)
(114, 375)
(114, 253)
(114, 254)
(115, 257)
(115, 131)
(115, 260)
(115, 261)
(115, 390)
(115, 150)
(115, 151)
(115, 281)
(115, 282)
(115, 155)
(115, 161)
(115, 290)
(115, 167)
(115, 171)
(115, 311)
(115, 185)
(115, 325)
(115, 328)
(115, 332)
(115, 333)
(115, 338)
(115, 313)
(115, 225)
(115, 362)
(115, 235)
(115, 365)
(115, 240)
(115, 116)
(115, 250)
(115, 234)
(116, 260)
(116, 261)
(116, 390)
(116, 146)
(116, 150)
(116, 151)
(116, 281)
(116, 282)
(116, 155)
(116, 161)
(116, 290)
(116, 167)
(116, 171)
(116, 177)
(116, 311)
(116, 313)
(116, 316)
(116, 328)
(116, 201)
(116, 183)
(116, 332)
(116, 333)
(116, 209)
(116, 338)
(116, 185)
(116, 349)
(116, 351)
(116, 225)
(116, 362)
(116, 235)
(116, 238)
(116, 377)
(116, 234)
(117, 129)
(117, 386)
(117, 393)
(117, 266)
(117, 397)
(117, 157)
(117, 173)
(117, 304)
(117, 177)
(117, 138)
(117, 265)
(117, 314)
(117, 316)
(117, 394)
(117, 193)
(117, 201)
(117, 205)
(117, 337)
(117, 348)
(117, 349)
(117, 351)
(117, 352)
(117, 227)
(117, 361)
(117, 363)
(117, 242)
(117, 380)
(117, 382)
(118, 258)
(118, 389)
(118, 262)
(118, 142)
(118, 274)
(118, 148)
(118, 159)
(118, 162)
(118, 294)
(118, 300)
(118, 174)
(118, 308)
(118, 309)
(118, 187)
(118, 318)
(118, 324)
(118, 200)
(118, 330)
(118, 211)
(118, 213)
(118, 221)
(118, 354)
(118, 369)
(118, 372)
(118, 120)
(118, 121)
(118, 378)
(118, 127)
(118, 381)
(118, 255)
(119, 135)
(119, 280)
(119, 287)
(119, 288)
(119, 163)
(119, 293)
(119, 295)
(119, 179)
(119, 191)
(119, 195)
(119, 207)
(119, 217)
(119, 222)
(119, 232)
(119, 244)
(119, 247)
(119, 253)
(120, 384)
(120, 389)
(120, 262)
(120, 394)
(120, 142)
(120, 143)
(120, 273)
(120, 159)
(120, 164)
(120, 134)
(120, 294)
(120, 168)
(120, 300)
(120, 174)
(120, 308)
(120, 309)
(120, 186)
(120, 187)
(120, 318)
(120, 324)
(120, 200)
(120, 330)
(120, 339)
(120, 212)
(120, 213)
(120, 346)
(120, 350)
(120, 224)
(120, 354)
(120, 145)
(120, 237)
(120, 369)
(120, 371)
(120, 248)
(120, 121)
(120, 378)
(120, 123)
(120, 252)
(121, 389)
(121, 394)
(121, 142)
(121, 274)
(121, 148)
(121, 324)
(121, 159)
(121, 162)
(121, 174)
(121, 175)
(121, 308)
(121, 309)
(121, 318)
(121, 320)
(121, 194)
(121, 196)
(121, 200)
(121, 330)
(121, 211)
(121, 213)
(121, 221)
(121, 354)
(121, 355)
(121, 359)
(121, 123)
(121, 372)
(121, 378)
(121, 127)
(121, 255)
(122, 384)
(122, 256)
(122, 133)
(122, 134)
(122, 391)
(122, 392)
(122, 268)
(122, 269)
(122, 398)
(122, 399)
(122, 272)
(122, 273)
(122, 275)
(122, 279)
(122, 152)
(122, 156)
(122, 292)
(122, 301)
(122, 306)
(122, 310)
(122, 184)
(122, 186)
(122, 189)
(122, 190)
(122, 322)
(122, 140)
(122, 202)
(122, 336)
(122, 339)
(122, 341)
(122, 343)
(122, 164)
(122, 346)
(122, 353)
(122, 231)
(122, 236)
(122, 247)
(122, 248)
(122, 252)
(122, 125)
(123, 265)
(123, 394)
(123, 397)
(123, 143)
(123, 196)
(123, 154)
(123, 159)
(123, 174)
(123, 175)
(123, 308)
(123, 318)
(123, 194)
(123, 323)
(123, 324)
(123, 200)
(123, 337)
(123, 211)
(123, 350)
(123, 354)
(123, 371)
(123, 378)
(123, 380)
(123, 382)
(123, 383)
(124, 260)
(124, 264)
(124, 216)
(124, 146)
(124, 276)
(124, 278)
(124, 286)
(124, 290)
(124, 347)
(124, 165)
(124, 171)
(124, 178)
(124, 321)
(124, 327)
(124, 331)
(124, 209)
(124, 210)
(124, 214)
(124, 344)
(124, 218)
(124, 219)
(124, 220)
(124, 357)
(124, 230)
(124, 365)
(124, 238)
(124, 367)
(124, 246)
(124, 376)
(124, 377)
(125, 384)
(125, 387)
(125, 134)
(125, 392)
(125, 268)
(125, 398)
(125, 399)
(125, 272)
(125, 273)
(125, 279)
(125, 152)
(125, 156)
(125, 292)
(125, 294)
(125, 168)
(125, 145)
(125, 301)
(125, 306)
(125, 310)
(125, 184)
(125, 186)
(125, 187)
(125, 322)
(125, 140)
(125, 336)
(125, 339)
(125, 212)
(125, 341)
(125, 164)
(125, 346)
(125, 350)
(125, 224)
(125, 353)
(125, 231)
(125, 236)
(125, 237)
(125, 371)
(125, 248)
(125, 252)
(126, 130)
(126, 263)
(126, 136)
(126, 265)
(126, 266)
(126, 139)
(126, 154)
(126, 283)
(126, 289)
(126, 175)
(126, 304)
(126, 180)
(126, 182)
(126, 194)
(126, 323)
(126, 196)
(126, 337)
(126, 348)
(126, 352)
(126, 370)
(126, 251)
(126, 380)
(126, 382)
(126, 383)
(127, 258)
(127, 389)
(127, 262)
(127, 142)
(127, 274)
(127, 148)
(127, 284)
(127, 159)
(127, 162)
(127, 174)
(127, 309)
(127, 318)
(127, 324)
(127, 330)
(127, 211)
(127, 213)
(127, 221)
(127, 355)
(127, 356)
(127, 359)
(127, 369)
(127, 372)
(127, 255)
(128, 387)
(128, 392)
(128, 141)
(128, 398)
(128, 399)
(128, 272)
(128, 259)
(128, 279)
(128, 152)
(128, 285)
(128, 291)
(128, 292)
(128, 198)
(128, 169)
(128, 299)
(128, 301)
(128, 302)
(128, 184)
(128, 188)
(128, 326)
(128, 203)
(128, 335)
(128, 208)
(128, 163)
(128, 212)
(128, 270)
(128, 215)
(128, 346)
(128, 224)
(128, 236)
(128, 147)
(128, 373)
(128, 374)
(129, 386)
(129, 393)
(129, 266)
(129, 397)
(129, 173)
(129, 283)
(129, 157)
(129, 289)
(129, 370)
(129, 304)
(129, 177)
(129, 182)
(129, 265)
(129, 314)
(129, 316)
(129, 394)
(129, 193)
(129, 201)
(129, 138)
(129, 205)
(129, 337)
(129, 348)
(129, 349)
(129, 351)
(129, 352)
(129, 227)
(129, 361)
(129, 242)
(129, 380)
(129, 382)
(130, 192)
(130, 263)
(130, 274)
(130, 154)
(130, 284)
(130, 298)
(130, 175)
(130, 305)
(130, 180)
(130, 320)
(130, 194)
(130, 323)
(130, 196)
(130, 211)
(130, 223)
(130, 355)
(130, 356)
(130, 229)
(130, 359)
(130, 241)
(130, 372)
(130, 251)
(130, 170)
(130, 383)
(131, 257)
(131, 260)
(131, 390)
(131, 281)
(131, 282)
(131, 155)
(131, 167)
(131, 171)
(131, 311)
(131, 185)
(131, 325)
(131, 332)
(131, 333)
(131, 313)
(131, 225)
(131, 362)
(131, 240)
(131, 250)
(131, 234)
(132, 267)
(132, 144)
(132, 277)
(132, 153)
(132, 158)
(132, 166)
(132, 296)
(132, 172)
(132, 303)
(132, 181)
(132, 312)
(132, 317)
(132, 319)
(132, 395)
(132, 199)
(132, 204)
(132, 334)
(132, 340)
(132, 342)
(132, 345)
(132, 226)
(132, 358)
(132, 360)
(132, 239)
(132, 245)
(132, 149)
(133, 256)
(133, 391)
(133, 393)
(133, 138)
(133, 396)
(133, 269)
(133, 271)
(133, 275)
(133, 276)
(133, 156)
(133, 286)
(133, 160)
(133, 165)
(133, 297)
(133, 306)
(133, 314)
(133, 190)
(133, 193)
(133, 329)
(133, 202)
(133, 205)
(133, 336)
(133, 341)
(133, 219)
(133, 353)
(133, 228)
(133, 363)
(133, 367)
(134, 384)
(134, 392)
(134, 394)
(134, 268)
(134, 398)
(134, 399)
(134, 273)
(134, 164)
(134, 294)
(134, 168)
(134, 174)
(134, 184)
(134, 314)
(134, 187)
(134, 138)
(134, 193)
(134, 322)
(134, 336)
(134, 339)
(134, 212)
(134, 341)
(134, 346)
(134, 143)
(134, 186)
(134, 350)
(134, 224)
(134, 354)
(134, 145)
(134, 236)
(134, 237)
(134, 371)
(134, 248)
(134, 378)
(134, 252)
(135, 280)
(135, 153)
(135, 158)
(135, 287)
(135, 288)
(135, 163)
(135, 293)
(135, 295)
(135, 176)
(135, 179)
(135, 189)
(135, 191)
(135, 195)
(135, 199)
(135, 207)
(135, 340)
(135, 343)
(135, 217)
(135, 222)
(135, 358)
(135, 231)
(135, 366)
(135, 317)
(135, 243)
(135, 244)
(135, 247)
(136, 263)
(136, 265)
(136, 266)
(136, 139)
(136, 154)
(136, 283)
(136, 289)
(136, 173)
(136, 175)
(136, 304)
(136, 182)
(136, 194)
(136, 323)
(136, 206)
(136, 337)
(136, 348)
(136, 352)
(136, 370)
(136, 242)
(136, 380)
(136, 382)
(136, 383)
(137, 258)
(137, 262)
(137, 141)
(137, 291)
(137, 300)
(137, 307)
(137, 315)
(137, 197)
(137, 270)
(137, 215)
(137, 369)
(137, 373)
(137, 249)
(137, 379)
(137, 381)
(138, 384)
(138, 256)
(138, 386)
(138, 393)
(138, 394)
(138, 396)
(138, 397)
(138, 271)
(138, 273)
(138, 275)
(138, 156)
(138, 157)
(138, 164)
(138, 297)
(138, 306)
(138, 314)
(138, 193)
(138, 322)
(138, 329)
(138, 205)
(138, 336)
(138, 339)
(138, 341)
(138, 143)
(138, 349)
(138, 227)
(138, 228)
(138, 361)
(138, 363)
(138, 371)
(139, 263)
(139, 266)
(139, 154)
(139, 283)
(139, 289)
(139, 173)
(139, 175)
(139, 304)
(139, 182)
(139, 265)
(139, 194)
(139, 323)
(139, 196)
(139, 337)
(139, 348)
(139, 352)
(139, 370)
(139, 251)
(139, 380)
(139, 382)
(139, 383)
(140, 259)
(140, 391)
(140, 392)
(140, 268)
(140, 269)
(140, 398)
(140, 272)
(140, 147)
(140, 279)
(140, 152)
(140, 287)
(140, 288)
(140, 163)
(140, 292)
(140, 293)
(140, 295)
(140, 301)
(140, 306)
(140, 310)
(140, 184)
(140, 189)
(140, 190)
(140, 191)
(140, 195)
(140, 326)
(140, 202)
(140, 343)
(140, 222)
(140, 353)
(140, 231)
(140, 232)
(140, 236)
(140, 366)
(140, 244)
(140, 247)
(141, 385)
(141, 388)
(141, 270)
(141, 285)
(141, 291)
(141, 169)
(141, 315)
(141, 188)
(141, 197)
(141, 203)
(141, 335)
(141, 215)
(141, 364)
(141, 368)
(141, 373)
(141, 374)
(141, 375)
(141, 249)
(141, 254)
(142, 258)
(142, 389)
(142, 262)
(142, 145)
(142, 159)
(142, 162)
(142, 294)
(142, 168)
(142, 300)
(142, 174)
(142, 307)
(142, 309)
(142, 187)
(142, 324)
(142, 330)
(142, 212)
(142, 213)
(142, 350)
(142, 224)
(142, 354)
(142, 315)
(142, 237)
(142, 369)
(142, 248)
(142, 378)
(142, 379)
(142, 381)
(143, 384)
(143, 386)
(143, 394)
(143, 397)
(143, 273)
(143, 157)
(143, 164)
(143, 174)
(143, 314)
(143, 187)
(143, 193)
(143, 322)
(143, 200)
(143, 205)
(143, 336)
(143, 339)
(143, 341)
(143, 346)
(143, 186)
(143, 350)
(143, 354)
(143, 145)
(143, 361)
(143, 371)
(143, 248)
(143, 378)
(143, 252)
(144, 267)
(144, 149)
(144, 153)
(144, 158)
(144, 166)
(144, 296)
(144, 172)
(144, 181)
(144, 312)
(144, 395)
(144, 342)
(144, 226)
(144, 360)
(144, 245)
(144, 277)
(145, 384)
(145, 387)
(145, 392)
(145, 268)
(145, 398)
(145, 399)
(145, 272)
(145, 273)
(145, 164)
(145, 294)
(145, 168)
(145, 300)
(145, 301)
(145, 174)
(145, 184)
(145, 186)
(145, 187)
(145, 322)
(145, 330)
(145, 336)
(145, 339)
(145, 212)
(145, 213)
(145, 346)
(145, 350)
(145, 224)
(145, 354)
(145, 236)
(145, 237)
(145, 371)
(145, 248)
(145, 378)
(145, 252)
(146, 260)
(146, 150)
(146, 390)
(146, 264)
(146, 396)
(146, 278)
(146, 151)
(146, 281)
(146, 155)
(146, 286)
(146, 161)
(146, 290)
(146, 219)
(146, 165)
(146, 210)
(146, 171)
(146, 177)
(146, 178)
(146, 311)
(146, 321)
(146, 327)
(146, 329)
(146, 331)
(146, 333)
(146, 209)
(146, 338)
(146, 214)
(146, 344)
(146, 218)
(146, 347)
(146, 220)
(146, 349)
(146, 351)
(146, 357)
(146, 230)
(146, 235)
(146, 365)
(146, 238)
(146, 367)
(146, 246)
(146, 376)
(146, 377)
(147, 259)
(147, 398)
(147, 272)
(147, 279)
(147, 152)
(147, 285)
(147, 163)
(147, 292)
(147, 293)
(147, 295)
(147, 169)
(147, 299)
(147, 301)
(147, 302)
(147, 179)
(147, 198)
(147, 326)
(147, 335)
(147, 208)
(147, 207)
(147, 222)
(147, 231)
(147, 232)
(147, 244)
(147, 374)
(147, 247)
(147, 253)
(148, 192)
(148, 389)
(148, 274)
(148, 324)
(148, 284)
(148, 159)
(148, 162)
(148, 174)
(148, 305)
(148, 308)
(148, 309)
(148, 180)
(148, 318)
(148, 320)
(148, 196)
(148, 200)
(148, 211)
(148, 213)
(148, 221)
(148, 355)
(148, 356)
(148, 229)
(148, 359)
(148, 241)
(148, 372)
(148, 255)
(149, 267)
(149, 277)
(149, 153)
(149, 158)
(149, 166)
(149, 296)
(149, 172)
(149, 303)
(149, 181)
(149, 312)
(149, 317)
(149, 319)
(149, 395)
(149, 199)
(149, 204)
(149, 334)
(149, 340)
(149, 342)
(149, 345)
(149, 226)
(149, 358)
(149, 360)
(149, 239)
(149, 245)
(150, 257)
(150, 260)
(150, 261)
(150, 390)
(150, 151)
(150, 281)
(150, 282)
(150, 155)
(150, 161)
(150, 290)
(150, 167)
(150, 171)
(150, 177)
(150, 311)
(150, 313)
(150, 316)
(150, 328)
(150, 201)
(150, 183)
(150, 332)
(150, 333)
(150, 209)
(150, 338)
(150, 185)
(150, 349)
(150, 351)
(150, 225)
(150, 362)
(150, 235)
(150, 238)
(150, 377)
(150, 234)
(151, 260)
(151, 261)
(151, 390)
(151, 281)
(151, 282)
(151, 155)
(151, 161)
(151, 290)
(151, 167)
(151, 171)
(151, 173)
(151, 304)
(151, 177)
(151, 311)
(151, 313)
(151, 316)
(151, 328)
(151, 201)
(151, 183)
(151, 333)
(151, 206)
(151, 209)
(151, 338)
(151, 185)
(151, 349)
(151, 351)
(151, 225)
(151, 235)
(151, 238)
(151, 242)
(151, 377)
(152, 387)
(152, 392)
(152, 268)
(152, 398)
(152, 399)
(152, 272)
(152, 259)
(152, 279)
(152, 285)
(152, 288)
(152, 163)
(152, 292)
(152, 293)
(152, 295)
(152, 169)
(152, 299)
(152, 301)
(152, 310)
(152, 184)
(152, 198)
(152, 326)
(152, 208)
(152, 343)
(152, 346)
(152, 222)
(152, 353)
(152, 231)
(152, 232)
(152, 236)
(152, 244)
(152, 374)
(152, 247)
(152, 253)
(153, 267)
(153, 277)
(153, 345)
(153, 280)
(153, 158)
(153, 287)
(153, 166)
(153, 296)
(153, 172)
(153, 303)
(153, 176)
(153, 181)
(153, 312)
(153, 317)
(153, 191)
(153, 199)
(153, 334)
(153, 340)
(153, 217)
(153, 226)
(153, 358)
(153, 366)
(153, 243)
(153, 245)
(154, 263)
(154, 266)
(154, 283)
(154, 289)
(154, 175)
(154, 308)
(154, 182)
(154, 265)
(154, 180)
(154, 194)
(154, 323)
(154, 196)
(154, 337)
(154, 348)
(154, 352)
(154, 370)
(154, 251)
(154, 380)
(154, 382)
(154, 383)
(155, 257)
(155, 260)
(155, 261)
(155, 390)
(155, 281)
(155, 282)
(155, 161)
(155, 290)
(155, 167)
(155, 171)
(155, 177)
(155, 311)
(155, 313)
(155, 316)
(155, 325)
(155, 328)
(155, 201)
(155, 183)
(155, 332)
(155, 333)
(155, 209)
(155, 338)
(155, 185)
(155, 349)
(155, 351)
(155, 225)
(155, 362)
(155, 235)
(155, 238)
(155, 377)
(155, 250)
(155, 234)
(156, 384)
(156, 256)
(156, 391)
(156, 393)
(156, 396)
(156, 269)
(156, 271)
(156, 275)
(156, 164)
(156, 297)
(156, 301)
(156, 306)
(156, 310)
(156, 314)
(156, 190)
(156, 193)
(156, 322)
(156, 329)
(156, 202)
(156, 205)
(156, 336)
(156, 339)
(156, 341)
(156, 353)
(156, 228)
(156, 363)
(156, 268)
(157, 386)
(157, 393)
(157, 266)
(157, 397)
(157, 164)
(157, 173)
(157, 304)
(157, 177)
(157, 265)
(157, 314)
(157, 316)
(157, 394)
(157, 193)
(157, 322)
(157, 201)
(157, 205)
(157, 336)
(157, 337)
(157, 348)
(157, 349)
(157, 351)
(157, 352)
(157, 227)
(157, 361)
(157, 363)
(157, 242)
(157, 371)
(157, 380)
(157, 382)
(158, 267)
(158, 277)
(158, 280)
(158, 296)
(158, 172)
(158, 176)
(158, 181)
(158, 312)
(158, 317)
(158, 191)
(158, 199)
(158, 340)
(158, 217)
(158, 226)
(158, 358)
(158, 366)
(158, 243)
(158, 245)
(159, 389)
(159, 394)
(159, 274)
(159, 324)
(159, 162)
(159, 174)
(159, 175)
(159, 308)
(159, 309)
(159, 318)
(159, 320)
(159, 194)
(159, 323)
(159, 196)
(159, 200)
(159, 330)
(159, 211)
(159, 213)
(159, 221)
(159, 350)
(159, 354)
(159, 355)
(159, 359)
(159, 372)
(159, 378)
(159, 255)
(160, 256)
(160, 391)
(160, 267)
(160, 269)
(160, 271)
(160, 276)
(160, 277)
(160, 172)
(160, 303)
(160, 189)
(160, 317)
(160, 190)
(160, 319)
(160, 199)
(160, 202)
(160, 334)
(160, 340)
(160, 342)
(160, 343)
(160, 345)
(160, 358)
(160, 233)
(160, 366)
(160, 239)
(160, 245)
(161, 260)
(161, 261)
(161, 390)
(161, 281)
(161, 282)
(161, 286)
(161, 290)
(161, 171)
(161, 173)
(161, 177)
(161, 178)
(161, 311)
(161, 185)
(161, 316)
(161, 321)
(161, 328)
(161, 201)
(161, 183)
(161, 333)
(161, 209)
(161, 338)
(161, 218)
(161, 219)
(161, 349)
(161, 351)
(161, 225)
(161, 227)
(161, 235)
(161, 238)
(161, 242)
(161, 377)
(162, 258)
(162, 389)
(162, 262)
(162, 274)
(162, 284)
(162, 300)
(162, 174)
(162, 309)
(162, 318)
(162, 324)
(162, 330)
(162, 211)
(162, 213)
(162, 221)
(162, 355)
(162, 369)
(162, 372)
(162, 381)
(162, 255)
(163, 259)
(163, 272)
(163, 279)
(163, 285)
(163, 287)
(163, 288)
(163, 292)
(163, 293)
(163, 295)
(163, 169)
(163, 299)
(163, 302)
(163, 179)
(163, 191)
(163, 195)
(163, 326)
(163, 198)
(163, 207)
(163, 208)
(163, 222)
(163, 231)
(163, 232)
(163, 244)
(163, 374)
(163, 247)
(163, 253)
(164, 384)
(164, 386)
(164, 392)
(164, 393)
(164, 394)
(164, 268)
(164, 397)
(164, 273)
(164, 275)
(164, 297)
(164, 306)
(164, 184)
(164, 314)
(164, 193)
(164, 322)
(164, 205)
(164, 336)
(164, 339)
(164, 341)
(164, 346)
(164, 186)
(164, 350)
(164, 353)
(164, 354)
(164, 228)
(164, 361)
(164, 363)
(164, 236)
(164, 371)
(164, 248)
(164, 378)
(164, 252)
(165, 264)
(165, 393)
(165, 396)
(165, 271)
(165, 216)
(165, 275)
(165, 276)
(165, 278)
(165, 239)
(165, 286)
(165, 290)
(165, 219)
(165, 297)
(165, 178)
(165, 319)
(165, 321)
(165, 327)
(165, 329)
(165, 331)
(165, 209)
(165, 210)
(165, 214)
(165, 344)
(165, 218)
(165, 347)
(165, 220)
(165, 357)
(165, 230)
(165, 233)
(165, 363)
(165, 238)
(165, 367)
(165, 246)
(165, 376)
(165, 377)
(166, 267)
(166, 277)
(166, 303)
(166, 296)
(166, 172)
(166, 181)
(166, 312)
(166, 395)
(166, 204)
(166, 342)
(166, 345)
(166, 226)
(166, 360)
(166, 239)
(166, 245)
(167, 257)
(167, 261)
(167, 390)
(167, 281)
(167, 282)
(167, 311)
(167, 185)
(167, 325)
(167, 328)
(167, 183)
(167, 332)
(167, 333)
(167, 338)
(167, 313)
(167, 225)
(167, 362)
(167, 235)
(167, 240)
(167, 250)
(167, 234)
(168, 384)
(168, 387)
(168, 392)
(168, 398)
(168, 399)
(168, 272)
(168, 273)
(168, 291)
(168, 294)
(168, 300)
(168, 307)
(168, 184)
(168, 186)
(168, 315)
(168, 330)
(168, 339)
(168, 212)
(168, 213)
(168, 215)
(168, 346)
(168, 350)
(168, 224)
(168, 354)
(168, 187)
(168, 236)
(168, 237)
(168, 248)
(168, 378)
(168, 252)
(168, 381)
(169, 387)
(169, 398)
(169, 399)
(169, 272)
(169, 259)
(169, 279)
(169, 285)
(169, 291)
(169, 292)
(169, 326)
(169, 299)
(169, 302)
(169, 188)
(169, 198)
(169, 203)
(169, 335)
(169, 208)
(169, 270)
(169, 215)
(169, 224)
(169, 232)
(169, 373)
(169, 374)
(170, 192)
(170, 274)
(170, 284)
(170, 298)
(170, 305)
(170, 180)
(170, 320)
(170, 223)
(170, 355)
(170, 356)
(170, 229)
(170, 359)
(170, 241)
(170, 372)
(171, 257)
(171, 260)
(171, 390)
(171, 281)
(171, 282)
(171, 290)
(171, 210)
(171, 178)
(171, 311)
(171, 313)
(171, 321)
(171, 325)
(171, 332)
(171, 333)
(171, 209)
(171, 338)
(171, 214)
(171, 185)
(171, 218)
(171, 220)
(171, 225)
(171, 357)
(171, 362)
(171, 235)
(171, 365)
(171, 238)
(171, 240)
(171, 246)
(171, 376)
(171, 377)
(171, 250)
(171, 234)
(172, 267)
(172, 277)
(172, 345)
(172, 280)
(172, 296)
(172, 303)
(172, 176)
(172, 181)
(172, 312)
(172, 317)
(172, 395)
(172, 199)
(172, 334)
(172, 340)
(172, 342)
(172, 217)
(172, 226)
(172, 358)
(172, 360)
(172, 366)
(172, 243)
(172, 245)
(173, 386)
(173, 265)
(173, 266)
(173, 397)
(173, 283)
(173, 289)
(173, 370)
(173, 304)
(173, 177)
(173, 182)
(173, 183)
(173, 316)
(173, 328)
(173, 201)
(173, 206)
(173, 337)
(173, 348)
(173, 349)
(173, 351)
(173, 352)
(173, 227)
(173, 361)
(173, 235)
(173, 242)
(173, 380)
(173, 382)
(174, 389)
(174, 262)
(174, 394)
(174, 294)
(174, 300)
(174, 308)
(174, 309)
(174, 187)
(174, 318)
(174, 324)
(174, 200)
(174, 330)
(174, 211)
(174, 213)
(174, 350)
(174, 354)
(174, 369)
(174, 371)
(174, 378)
(175, 192)
(175, 263)
(175, 265)
(175, 196)
(175, 305)
(175, 308)
(175, 182)
(175, 180)
(175, 318)
(175, 320)
(175, 194)
(175, 323)
(175, 324)
(175, 200)
(175, 337)
(175, 211)
(175, 348)
(175, 352)
(175, 359)
(175, 370)
(175, 251)
(175, 380)
(175, 383)
(176, 267)
(176, 217)
(176, 280)
(176, 287)
(176, 288)
(176, 296)
(176, 181)
(176, 189)
(176, 191)
(176, 195)
(176, 199)
(176, 334)
(176, 340)
(176, 343)
(176, 345)
(176, 222)
(176, 226)
(176, 358)
(176, 366)
(176, 317)
(176, 243)
(176, 245)
(177, 386)
(177, 363)
(177, 393)
(177, 396)
(177, 286)
(177, 290)
(177, 297)
(177, 304)
(177, 178)
(177, 183)
(177, 316)
(177, 321)
(177, 328)
(177, 201)
(177, 205)
(177, 209)
(177, 338)
(177, 218)
(177, 219)
(177, 349)
(177, 351)
(177, 227)
(177, 361)
(177, 235)
(177, 238)
(177, 242)
(177, 377)
(177, 382)
(178, 260)
(178, 264)
(178, 396)
(178, 271)
(178, 276)
(178, 278)
(178, 286)
(178, 290)
(178, 219)
(178, 297)
(178, 321)
(178, 327)
(178, 329)
(178, 331)
(178, 209)
(178, 210)
(178, 214)
(178, 344)
(178, 218)
(178, 347)
(178, 220)
(178, 349)
(178, 351)
(178, 357)
(178, 230)
(178, 238)
(178, 367)
(178, 246)
(178, 376)
(178, 377)
(179, 288)
(179, 293)
(179, 295)
(179, 299)
(179, 191)
(179, 195)
(179, 326)
(179, 198)
(179, 207)
(179, 222)
(179, 232)
(179, 244)
(179, 253)
(180, 192)
(180, 263)
(180, 274)
(180, 284)
(180, 298)
(180, 305)
(180, 308)
(180, 318)
(180, 320)
(180, 194)
(180, 323)
(180, 196)
(180, 211)
(180, 223)
(180, 355)
(180, 356)
(180, 229)
(180, 359)
(180, 241)
(180, 372)
(180, 251)
(180, 383)
(181, 267)
(181, 277)
(181, 345)
(181, 280)
(181, 296)
(181, 312)
(181, 317)
(181, 395)
(181, 199)
(181, 340)
(181, 217)
(181, 226)
(181, 358)
(181, 243)
(181, 245)
(182, 263)
(182, 266)
(182, 289)
(182, 283)
(182, 370)
(182, 304)
(182, 265)
(182, 194)
(182, 323)
(182, 206)
(182, 337)
(182, 348)
(182, 352)
(182, 242)
(182, 380)
(182, 382)
(182, 383)
(183, 261)
(183, 390)
(183, 266)
(183, 282)
(183, 283)
(183, 289)
(183, 304)
(183, 313)
(183, 316)
(183, 328)
(183, 201)
(183, 206)
(183, 338)
(183, 348)
(183, 351)
(183, 225)
(183, 235)
(183, 242)
(184, 384)
(184, 387)
(184, 392)
(184, 268)
(184, 398)
(184, 399)
(184, 272)
(184, 273)
(184, 259)
(184, 279)
(184, 292)
(184, 294)
(184, 301)
(184, 306)
(184, 310)
(184, 186)
(184, 187)
(184, 322)
(184, 336)
(184, 339)
(184, 212)
(184, 341)
(184, 346)
(184, 350)
(184, 224)
(184, 353)
(184, 231)
(184, 236)
(184, 237)
(184, 248)
(184, 252)
(185, 257)
(185, 260)
(185, 261)
(185, 390)
(185, 281)
(185, 282)
(185, 290)
(185, 311)
(185, 313)
(185, 325)
(185, 328)
(185, 332)
(185, 333)
(185, 338)
(185, 225)
(185, 362)
(185, 235)
(185, 365)
(185, 240)
(185, 250)
(185, 234)
(186, 384)
(186, 387)
(186, 392)
(186, 268)
(186, 398)
(186, 399)
(186, 272)
(186, 273)
(186, 292)
(186, 294)
(186, 300)
(186, 301)
(186, 310)
(186, 187)
(186, 193)
(186, 322)
(186, 336)
(186, 339)
(186, 212)
(186, 346)
(186, 350)
(186, 224)
(186, 353)
(186, 354)
(186, 236)
(186, 237)
(186, 371)
(186, 248)
(186, 378)
(186, 252)
(187, 384)
(187, 387)
(187, 262)
(187, 392)
(187, 398)
(187, 399)
(187, 273)
(187, 294)
(187, 300)
(187, 307)
(187, 315)
(187, 330)
(187, 339)
(187, 212)
(187, 213)
(187, 346)
(187, 350)
(187, 224)
(187, 354)
(187, 237)
(187, 369)
(187, 371)
(187, 248)
(187, 378)
(187, 252)
(187, 381)
(188, 385)
(188, 259)
(188, 388)
(188, 270)
(188, 285)
(188, 291)
(188, 299)
(188, 302)
(188, 203)
(188, 335)
(188, 208)
(188, 215)
(188, 364)
(188, 368)
(188, 373)
(188, 374)
(188, 375)
(188, 249)
(188, 254)
(189, 391)
(189, 269)
(189, 279)
(189, 287)
(189, 288)
(189, 310)
(189, 317)
(189, 190)
(189, 191)
(189, 195)
(189, 199)
(189, 202)
(189, 334)
(189, 340)
(189, 343)
(189, 222)
(189, 353)
(189, 358)
(189, 231)
(189, 366)
(189, 245)
(189, 247)
(190, 256)
(190, 391)
(190, 268)
(190, 269)
(190, 271)
(190, 275)
(190, 287)
(190, 288)
(190, 306)
(190, 310)
(190, 317)
(190, 319)
(190, 199)
(190, 202)
(190, 334)
(190, 341)
(190, 343)
(190, 345)
(190, 353)
(190, 231)
(190, 366)
(190, 247)
(191, 280)
(191, 287)
(191, 288)
(191, 293)
(191, 295)
(191, 317)
(191, 195)
(191, 199)
(191, 207)
(191, 340)
(191, 343)
(191, 217)
(191, 222)
(191, 358)
(191, 231)
(191, 366)
(191, 243)
(191, 244)
(191, 247)
(192, 274)
(192, 284)
(192, 298)
(192, 305)
(192, 318)
(192, 320)
(192, 323)
(192, 196)
(192, 211)
(192, 221)
(192, 223)
(192, 355)
(192, 356)
(192, 229)
(192, 359)
(192, 241)
(192, 372)
(192, 251)
(193, 384)
(193, 386)
(193, 393)
(193, 394)
(193, 397)
(193, 273)
(193, 275)
(193, 297)
(193, 306)
(193, 314)
(193, 322)
(193, 205)
(193, 336)
(193, 339)
(193, 341)
(193, 350)
(193, 354)
(193, 227)
(193, 228)
(193, 361)
(193, 363)
(193, 371)
(193, 248)
(193, 252)
(194, 263)
(194, 265)
(194, 394)
(194, 397)
(194, 196)
(194, 308)
(194, 318)
(194, 323)
(194, 324)
(194, 200)
(194, 337)
(194, 211)
(194, 348)
(194, 352)
(194, 370)
(194, 251)
(194, 380)
(194, 382)
(194, 383)
(195, 269)
(195, 280)
(195, 287)
(195, 288)
(195, 293)
(195, 295)
(195, 317)
(195, 326)
(195, 207)
(195, 340)
(195, 343)
(195, 217)
(195, 222)
(195, 358)
(195, 231)
(195, 232)
(195, 366)
(195, 243)
(195, 244)
(195, 247)
(196, 263)
(196, 274)
(196, 298)
(196, 305)
(196, 308)
(196, 318)
(196, 320)
(196, 323)
(196, 324)
(196, 200)
(196, 211)
(196, 355)
(196, 229)
(196, 359)
(196, 372)
(196, 251)
(196, 383)
(197, 258)
(197, 262)
(197, 291)
(197, 307)
(197, 315)
(197, 270)
(197, 215)
(197, 369)
(197, 373)
(197, 249)
(197, 379)
(197, 381)
(198, 259)
(198, 272)
(198, 279)
(198, 285)
(198, 292)
(198, 293)
(198, 295)
(198, 299)
(198, 302)
(198, 326)
(198, 335)
(198, 208)
(198, 207)
(198, 232)
(198, 244)
(198, 374)
(198, 247)
(198, 253)
(199, 391)
(199, 267)
(199, 269)
(199, 277)
(199, 217)
(199, 287)
(199, 288)
(199, 296)
(199, 303)
(199, 317)
(199, 319)
(199, 202)
(199, 334)
(199, 340)
(199, 342)
(199, 343)
(199, 345)
(199, 226)
(199, 358)
(199, 233)
(199, 366)
(199, 243)
(199, 245)
(200, 389)
(200, 394)
(200, 274)
(200, 308)
(200, 318)
(200, 323)
(200, 324)
(200, 211)
(200, 213)
(200, 350)
(200, 354)
(200, 371)
(200, 378)
(200, 380)
(200, 383)
(201, 386)
(201, 261)
(201, 265)
(201, 266)
(201, 282)
(201, 283)
(201, 289)
(201, 290)
(201, 304)
(201, 316)
(201, 328)
(201, 206)
(201, 337)
(201, 338)
(201, 348)
(201, 349)
(201, 351)
(201, 227)
(201, 209)
(201, 361)
(201, 235)
(201, 242)
(201, 377)
(201, 382)
(202, 256)
(202, 391)
(202, 269)
(202, 271)
(202, 275)
(202, 287)
(202, 306)
(202, 310)
(202, 317)
(202, 319)
(202, 334)
(202, 341)
(202, 343)
(202, 345)
(202, 353)
(202, 358)
(202, 231)
(202, 233)
(202, 366)
(202, 245)
(202, 247)
(203, 385)
(203, 388)
(203, 270)
(203, 285)
(203, 291)
(203, 302)
(203, 335)
(203, 208)
(203, 215)
(203, 364)
(203, 368)
(203, 373)
(203, 374)
(203, 375)
(203, 249)
(203, 254)
(204, 395)
(204, 216)
(204, 277)
(204, 303)
(204, 264)
(204, 312)
(204, 319)
(204, 334)
(204, 342)
(204, 344)
(204, 345)
(204, 360)
(204, 233)
(204, 239)
(204, 245)
(205, 384)
(205, 256)
(205, 386)
(205, 393)
(205, 396)
(205, 397)
(205, 271)
(205, 275)
(205, 286)
(205, 297)
(205, 306)
(205, 314)
(205, 322)
(205, 329)
(205, 336)
(205, 209)
(205, 341)
(205, 219)
(205, 349)
(205, 351)
(205, 227)
(205, 228)
(205, 361)
(205, 363)
(205, 371)
(205, 382)
(206, 261)
(206, 266)
(206, 283)
(206, 289)
(206, 304)
(206, 316)
(206, 328)
(206, 338)
(206, 348)
(206, 352)
(206, 370)
(206, 242)
(207, 287)
(207, 288)
(207, 293)
(207, 295)
(207, 326)
(207, 247)
(207, 222)
(207, 232)
(207, 244)
(207, 253)
(208, 387)
(208, 270)
(208, 272)
(208, 259)
(208, 279)
(208, 285)
(208, 291)
(208, 292)
(208, 293)
(208, 299)
(208, 302)
(208, 326)
(208, 335)
(208, 398)
(208, 232)
(208, 244)
(208, 374)
(208, 253)
(209, 363)
(209, 260)
(209, 393)
(209, 396)
(209, 286)
(209, 290)
(209, 347)
(209, 297)
(209, 316)
(209, 321)
(209, 328)
(209, 329)
(209, 338)
(209, 218)
(209, 219)
(209, 349)
(209, 351)
(209, 227)
(209, 357)
(209, 235)
(209, 238)
(209, 367)
(209, 377)
(210, 260)
(210, 264)
(210, 278)
(210, 290)
(210, 321)
(210, 327)
(210, 331)
(210, 214)
(210, 344)
(210, 218)
(210, 347)
(210, 220)
(210, 357)
(210, 230)
(210, 365)
(210, 238)
(210, 246)
(210, 376)
(210, 377)
(211, 389)
(211, 274)
(211, 284)
(211, 298)
(211, 305)
(211, 308)
(211, 318)
(211, 320)
(211, 323)
(211, 324)
(211, 221)
(211, 355)
(211, 356)
(211, 229)
(211, 359)
(211, 241)
(211, 372)
(211, 383)
(211, 255)
(212, 384)
(212, 387)
(212, 392)
(212, 398)
(212, 399)
(212, 272)
(212, 273)
(212, 291)
(212, 294)
(212, 300)
(212, 307)
(212, 315)
(212, 330)
(212, 339)
(212, 213)
(212, 215)
(212, 346)
(212, 350)
(212, 224)
(212, 354)
(212, 236)
(212, 237)
(212, 373)
(212, 248)
(212, 378)
(212, 252)
(212, 381)
(213, 258)
(213, 389)
(213, 262)
(213, 294)
(213, 300)
(213, 307)
(213, 309)
(213, 318)
(213, 324)
(213, 330)
(213, 350)
(213, 354)
(213, 237)
(213, 369)
(213, 378)
(213, 379)
(213, 381)
(214, 260)
(214, 264)
(214, 216)
(214, 276)
(214, 278)
(214, 286)
(214, 290)
(214, 347)
(214, 321)
(214, 327)
(214, 331)
(214, 344)
(214, 218)
(214, 219)
(214, 220)
(214, 357)
(214, 230)
(214, 365)
(214, 238)
(214, 367)
(214, 246)
(214, 376)
(214, 377)
(215, 388)
(215, 399)
(215, 387)
(215, 291)
(215, 307)
(215, 315)
(215, 270)
(215, 224)
(215, 237)
(215, 373)
(215, 374)
(215, 375)
(215, 249)
(215, 379)
(215, 381)
(216, 264)
(216, 276)
(216, 277)
(216, 278)
(216, 239)
(216, 303)
(216, 319)
(216, 327)
(216, 331)
(216, 342)
(216, 344)
(216, 345)
(216, 347)
(216, 230)
(216, 233)
(216, 367)
(216, 246)
(216, 376)
(217, 267)
(217, 280)
(217, 287)
(217, 288)
(217, 296)
(217, 317)
(217, 340)
(217, 222)
(217, 226)
(217, 358)
(217, 366)
(217, 243)
(217, 245)
(218, 260)
(218, 264)
(218, 396)
(218, 271)
(218, 276)
(218, 278)
(218, 286)
(218, 290)
(218, 219)
(218, 297)
(218, 321)
(218, 327)
(218, 329)
(218, 331)
(218, 344)
(218, 347)
(218, 220)
(218, 349)
(218, 351)
(218, 357)
(218, 230)
(218, 238)
(218, 367)
(218, 246)
(218, 376)
(218, 377)
(219, 264)
(219, 393)
(219, 396)
(219, 271)
(219, 275)
(219, 276)
(219, 286)
(219, 290)
(219, 297)
(219, 321)
(219, 327)
(219, 329)
(219, 344)
(219, 347)
(219, 220)
(219, 349)
(219, 351)
(219, 228)
(219, 357)
(219, 230)
(219, 363)
(219, 238)
(219, 367)
(219, 376)
(219, 377)
(220, 257)
(220, 260)
(220, 264)
(220, 278)
(220, 281)
(220, 290)
(220, 311)
(220, 321)
(220, 327)
(220, 331)
(220, 333)
(220, 344)
(220, 347)
(220, 357)
(220, 234)
(220, 365)
(220, 238)
(220, 246)
(220, 376)
(220, 377)
(221, 389)
(221, 274)
(221, 284)
(221, 305)
(221, 309)
(221, 318)
(221, 320)
(221, 355)
(221, 356)
(221, 229)
(221, 359)
(221, 241)
(221, 372)
(221, 255)
(222, 279)
(222, 280)
(222, 287)
(222, 288)
(222, 293)
(222, 295)
(222, 326)
(222, 343)
(222, 231)
(222, 232)
(222, 366)
(222, 244)
(222, 247)
(222, 253)
(223, 274)
(223, 284)
(223, 298)
(223, 305)
(223, 320)
(223, 355)
(223, 356)
(223, 229)
(223, 359)
(223, 241)
(223, 372)
(223, 251)
(224, 259)
(224, 392)
(224, 268)
(224, 398)
(224, 399)
(224, 272)
(224, 273)
(224, 387)
(224, 291)
(224, 292)
(224, 294)
(224, 300)
(224, 301)
(224, 307)
(224, 315)
(224, 330)
(224, 339)
(224, 270)
(224, 346)
(224, 350)
(224, 236)
(224, 237)
(224, 373)
(224, 248)
(224, 252)
(225, 257)
(225, 260)
(225, 261)
(225, 390)
(225, 281)
(225, 282)
(225, 290)
(225, 311)
(225, 313)
(225, 325)
(225, 328)
(225, 332)
(225, 333)
(225, 338)
(225, 362)
(225, 235)
(225, 240)
(225, 250)
(225, 234)
(226, 267)
(226, 277)
(226, 280)
(226, 296)
(226, 312)
(226, 317)
(226, 395)
(226, 340)
(226, 358)
(226, 243)
(226, 245)
(227, 386)
(227, 393)
(227, 396)
(227, 397)
(227, 275)
(227, 286)
(227, 297)
(227, 265)
(227, 314)
(227, 316)
(227, 329)
(227, 336)
(227, 337)
(227, 349)
(227, 351)
(227, 228)
(227, 361)
(227, 363)
(227, 242)
(227, 380)
(227, 382)
(228, 256)
(228, 386)
(228, 391)
(228, 393)
(228, 396)
(228, 275)
(228, 286)
(228, 297)
(228, 306)
(228, 314)
(228, 322)
(228, 329)
(228, 336)
(228, 341)
(228, 271)
(228, 353)
(228, 361)
(228, 363)
(229, 274)
(229, 284)
(229, 298)
(229, 305)
(229, 320)
(229, 355)
(229, 356)
(229, 359)
(229, 241)
(229, 372)
(229, 251)
(229, 255)
(230, 264)
(230, 396)
(230, 271)
(230, 276)
(230, 278)
(230, 239)
(230, 286)
(230, 319)
(230, 321)
(230, 327)
(230, 329)
(230, 331)
(230, 344)
(230, 347)
(230, 357)
(230, 233)
(230, 238)
(230, 367)
(230, 246)
(230, 376)
(231, 391)
(231, 268)
(231, 269)
(231, 279)
(231, 287)
(231, 288)
(231, 292)
(231, 293)
(231, 295)
(231, 301)
(231, 310)
(231, 326)
(231, 343)
(231, 353)
(231, 236)
(231, 366)
(231, 244)
(231, 247)
(232, 259)
(232, 279)
(232, 285)
(232, 288)
(232, 293)
(232, 295)
(232, 299)
(232, 302)
(232, 326)
(232, 335)
(232, 244)
(232, 374)
(232, 247)
(232, 253)
(233, 264)
(233, 271)
(233, 276)
(233, 277)
(233, 367)
(233, 303)
(233, 319)
(233, 327)
(233, 329)
(233, 331)
(233, 334)
(233, 342)
(233, 344)
(233, 345)
(233, 347)
(233, 239)
(233, 245)
(234, 257)
(234, 260)
(234, 261)
(234, 390)
(234, 281)
(234, 282)
(234, 290)
(234, 311)
(234, 313)
(234, 325)
(234, 332)
(234, 333)
(234, 338)
(234, 362)
(234, 365)
(234, 238)
(234, 240)
(234, 250)
(235, 260)
(235, 261)
(235, 390)
(235, 281)
(235, 282)
(235, 304)
(235, 290)
(235, 311)
(235, 313)
(235, 316)
(235, 328)
(235, 333)
(235, 338)
(235, 349)
(235, 351)
(235, 238)
(235, 242)
(235, 377)
(236, 384)
(236, 387)
(236, 391)
(236, 392)
(236, 268)
(236, 398)
(236, 399)
(236, 272)
(236, 273)
(236, 259)
(236, 279)
(236, 292)
(236, 301)
(236, 306)
(236, 310)
(236, 322)
(236, 339)
(236, 341)
(236, 346)
(236, 353)
(236, 237)
(236, 247)
(236, 248)
(236, 252)
(237, 384)
(237, 387)
(237, 392)
(237, 398)
(237, 399)
(237, 272)
(237, 273)
(237, 291)
(237, 294)
(237, 300)
(237, 307)
(237, 315)
(237, 330)
(237, 339)
(237, 346)
(237, 350)
(237, 354)
(237, 371)
(237, 248)
(237, 378)
(237, 252)
(237, 381)
(238, 260)
(238, 390)
(238, 264)
(238, 396)
(238, 278)
(238, 281)
(238, 286)
(238, 290)
(238, 311)
(238, 321)
(238, 327)
(238, 331)
(238, 333)
(238, 338)
(238, 344)
(238, 347)
(238, 349)
(238, 351)
(238, 357)
(238, 365)
(238, 367)
(238, 246)
(238, 376)
(238, 377)
(239, 276)
(239, 277)
(239, 303)
(239, 264)
(239, 312)
(239, 319)
(239, 327)
(239, 331)
(239, 334)
(239, 342)
(239, 344)
(239, 345)
(239, 360)
(239, 367)
(239, 245)
(240, 257)
(240, 260)
(240, 390)
(240, 281)
(240, 311)
(240, 313)
(240, 325)
(240, 332)
(240, 333)
(240, 362)
(240, 365)
(240, 250)
(241, 274)
(241, 284)
(241, 298)
(241, 305)
(241, 320)
(241, 355)
(241, 356)
(241, 359)
(241, 372)
(241, 255)
(242, 386)
(242, 265)
(242, 266)
(242, 397)
(242, 283)
(242, 289)
(242, 304)
(242, 316)
(242, 328)
(242, 337)
(242, 338)
(242, 348)
(242, 349)
(242, 351)
(242, 352)
(242, 361)
(242, 370)
(242, 380)
(242, 382)
(243, 267)
(243, 280)
(243, 287)
(243, 288)
(243, 296)
(243, 317)
(243, 340)
(243, 358)
(243, 366)
(243, 245)
(244, 259)
(244, 279)
(244, 285)
(244, 287)
(244, 288)
(244, 293)
(244, 295)
(244, 299)
(244, 302)
(244, 326)
(244, 247)
(244, 253)
(245, 277)
(245, 296)
(245, 303)
(245, 312)
(245, 317)
(245, 319)
(245, 267)
(245, 334)
(245, 340)
(245, 342)
(245, 345)
(245, 358)
(245, 366)
(246, 260)
(246, 264)
(246, 278)
(246, 321)
(246, 327)
(246, 331)
(246, 344)
(246, 347)
(246, 357)
(246, 365)
(246, 367)
(246, 376)
(246, 377)
(247, 391)
(247, 268)
(247, 269)
(247, 279)
(247, 287)
(247, 288)
(247, 292)
(247, 293)
(247, 295)
(247, 301)
(247, 310)
(247, 326)
(247, 343)
(247, 353)
(247, 366)
(248, 384)
(248, 387)
(248, 392)
(248, 268)
(248, 398)
(248, 399)
(248, 272)
(248, 273)
(248, 292)
(248, 294)
(248, 300)
(248, 301)
(248, 322)
(248, 330)
(248, 336)
(248, 339)
(248, 346)
(248, 350)
(248, 354)
(248, 371)
(248, 378)
(248, 252)
(249, 388)
(249, 270)
(249, 291)
(249, 307)
(249, 315)
(249, 368)
(249, 373)
(249, 375)
(249, 379)
(250, 257)
(250, 260)
(250, 390)
(250, 281)
(250, 282)
(250, 311)
(250, 313)
(250, 325)
(250, 332)
(250, 333)
(250, 362)
(250, 365)
(251, 263)
(251, 298)
(251, 305)
(251, 320)
(251, 323)
(251, 359)
(251, 383)
(252, 384)
(252, 387)
(252, 392)
(252, 268)
(252, 398)
(252, 399)
(252, 272)
(252, 273)
(252, 292)
(252, 294)
(252, 300)
(252, 301)
(252, 306)
(252, 314)
(252, 322)
(252, 336)
(252, 339)
(252, 341)
(252, 346)
(252, 350)
(252, 353)
(252, 354)
(252, 371)
(252, 378)
(253, 259)
(253, 285)
(253, 293)
(253, 295)
(253, 299)
(253, 302)
(253, 326)
(253, 335)
(253, 374)
(254, 385)
(254, 388)
(254, 364)
(254, 302)
(254, 335)
(254, 368)
(254, 375)
(255, 389)
(255, 274)
(255, 284)
(255, 305)
(255, 309)
(255, 318)
(255, 320)
(255, 355)
(255, 356)
(255, 359)
(255, 372)
(256, 391)
(256, 393)
(256, 396)
(256, 269)
(256, 275)
(256, 297)
(256, 306)
(256, 310)
(256, 329)
(256, 268)
(256, 336)
(256, 341)
(256, 343)
(256, 271)
(256, 353)
(256, 363)
(257, 260)
(257, 390)
(257, 281)
(257, 311)
(257, 313)
(257, 325)
(257, 332)
(257, 333)
(257, 362)
(257, 365)
(258, 389)
(258, 262)
(258, 300)
(258, 307)
(258, 309)
(258, 330)
(258, 369)
(258, 379)
(258, 381)
(259, 387)
(259, 392)
(259, 398)
(259, 399)
(259, 272)
(259, 279)
(259, 285)
(259, 291)
(259, 292)
(259, 293)
(259, 299)
(259, 301)
(259, 302)
(259, 326)
(259, 335)
(259, 270)
(259, 374)
(260, 390)
(260, 281)
(260, 282)
(260, 290)
(260, 311)
(260, 313)
(260, 321)
(260, 325)
(260, 332)
(260, 333)
(260, 338)
(260, 357)
(260, 362)
(260, 365)
(260, 376)
(260, 377)
(261, 390)
(261, 281)
(261, 282)
(261, 311)
(261, 313)
(261, 316)
(261, 328)
(261, 332)
(261, 333)
(261, 338)
(261, 362)
(262, 389)
(262, 294)
(262, 300)
(262, 307)
(262, 309)
(262, 315)
(262, 330)
(262, 369)
(262, 379)
(262, 381)
(263, 289)
(263, 323)
(263, 337)
(263, 348)
(263, 352)
(263, 370)
(263, 383)
(264, 276)
(264, 278)
(264, 286)
(264, 319)
(264, 321)
(264, 327)
(264, 331)
(264, 344)
(264, 347)
(264, 357)
(264, 367)
(264, 376)
(265, 386)
(265, 394)
(265, 397)
(265, 289)
(265, 283)
(265, 304)
(265, 316)
(265, 266)
(265, 337)
(265, 348)
(265, 352)
(265, 361)
(265, 370)
(265, 380)
(265, 382)
(265, 383)
(266, 397)
(266, 283)
(266, 289)
(266, 304)
(266, 316)
(266, 337)
(266, 348)
(266, 352)
(266, 361)
(266, 370)
(266, 380)
(266, 382)
(266, 383)
(267, 395)
(267, 277)
(267, 280)
(267, 296)
(267, 303)
(267, 312)
(267, 317)
(267, 319)
(267, 334)
(267, 340)
(267, 342)
(267, 345)
(267, 358)
(267, 366)
(268, 384)
(268, 387)
(268, 391)
(268, 392)
(268, 269)
(268, 398)
(268, 399)
(268, 273)
(268, 279)
(268, 292)
(268, 301)
(268, 306)
(268, 310)
(268, 322)
(268, 336)
(268, 339)
(268, 341)
(268, 343)
(268, 346)
(268, 353)
(268, 272)
(269, 391)
(269, 287)
(269, 288)
(269, 301)
(269, 306)
(269, 310)
(269, 317)
(269, 334)
(269, 341)
(269, 343)
(269, 345)
(269, 353)
(269, 358)
(269, 366)
(269, 319)
(270, 388)
(270, 272)
(270, 285)
(270, 307)
(270, 315)
(270, 291)
(270, 387)
(270, 373)
(270, 374)
(270, 375)
(270, 379)
(271, 391)
(271, 393)
(271, 396)
(271, 275)
(271, 276)
(271, 286)
(271, 297)
(271, 306)
(271, 319)
(271, 321)
(271, 327)
(271, 329)
(271, 341)
(271, 347)
(271, 363)
(271, 367)
(272, 387)
(272, 392)
(272, 398)
(272, 301)
(272, 279)
(272, 285)
(272, 291)
(272, 292)
(272, 299)
(272, 310)
(272, 326)
(272, 346)
(272, 399)
(272, 374)
(273, 384)
(273, 387)
(273, 392)
(273, 394)
(273, 398)
(273, 294)
(273, 301)
(273, 306)
(273, 314)
(273, 322)
(273, 336)
(273, 339)
(273, 341)
(273, 346)
(273, 399)
(273, 350)
(273, 353)
(273, 354)
(273, 371)
(273, 378)
(274, 389)
(274, 284)
(274, 298)
(274, 305)
(274, 308)
(274, 318)
(274, 320)
(274, 324)
(274, 355)
(274, 356)
(274, 359)
(274, 372)
(275, 391)
(275, 393)
(275, 396)
(275, 276)
(275, 286)
(275, 297)
(275, 306)
(275, 322)
(275, 329)
(275, 336)
(275, 341)
(275, 314)
(275, 353)
(275, 363)
(275, 367)
(276, 396)
(276, 286)
(276, 297)
(276, 303)
(276, 319)
(276, 321)
(276, 327)
(276, 329)
(276, 331)
(276, 344)
(276, 345)
(276, 347)
(276, 367)
(276, 376)
(277, 296)
(277, 303)
(277, 312)
(277, 317)
(277, 319)
(277, 395)
(277, 334)
(277, 340)
(277, 342)
(277, 345)
(277, 358)
(277, 360)
(278, 327)
(278, 331)
(278, 344)
(278, 347)
(278, 357)
(278, 365)
(278, 367)
(278, 376)
(279, 387)
(279, 392)
(279, 398)
(279, 399)
(279, 288)
(279, 292)
(279, 293)
(279, 295)
(279, 299)
(279, 301)
(279, 310)
(279, 326)
(279, 343)
(279, 346)
(279, 353)
(279, 374)
(280, 287)
(280, 288)
(280, 296)
(280, 317)
(280, 340)
(280, 358)
(280, 366)
(281, 390)
(281, 282)
(281, 290)
(281, 311)
(281, 313)
(281, 325)
(281, 328)
(281, 332)
(281, 333)
(281, 338)
(281, 357)
(281, 362)
(281, 365)
(281, 377)
(282, 390)
(282, 290)
(282, 311)
(282, 313)
(282, 316)
(282, 325)
(282, 328)
(282, 332)
(282, 333)
(282, 338)
(282, 351)
(282, 362)
(283, 289)
(283, 304)
(283, 316)
(283, 337)
(283, 348)
(283, 352)
(283, 370)
(283, 382)
(283, 380)
(284, 298)
(284, 305)
(284, 318)
(284, 320)
(284, 355)
(284, 356)
(284, 359)
(284, 372)
(285, 291)
(285, 293)
(285, 299)
(285, 302)
(285, 326)
(285, 335)
(285, 364)
(285, 374)
(285, 375)
(286, 393)
(286, 396)
(286, 290)
(286, 297)
(286, 321)
(286, 327)
(286, 329)
(286, 344)
(286, 347)
(286, 349)
(286, 351)
(286, 357)
(286, 363)
(286, 367)
(286, 376)
(286, 377)
(287, 343)
(287, 288)
(287, 293)
(287, 295)
(287, 317)
(287, 340)
(287, 358)
(287, 366)
(288, 343)
(288, 293)
(288, 295)
(288, 317)
(288, 326)
(288, 340)
(288, 358)
(288, 366)
(289, 304)
(289, 316)
(289, 337)
(289, 348)
(289, 352)
(289, 370)
(289, 382)
(289, 380)
(289, 383)
(290, 390)
(290, 396)
(290, 311)
(290, 316)
(290, 321)
(290, 328)
(290, 333)
(290, 338)
(290, 347)
(290, 349)
(290, 351)
(290, 357)
(290, 376)
(290, 377)
(291, 388)
(291, 399)
(291, 294)
(291, 307)
(291, 315)
(291, 398)
(291, 387)
(291, 373)
(291, 374)
(291, 375)
(291, 379)
(291, 381)
(292, 387)
(292, 392)
(292, 398)
(292, 399)
(292, 299)
(292, 301)
(292, 310)
(292, 326)
(292, 343)
(292, 346)
(292, 353)
(293, 295)
(293, 299)
(293, 302)
(293, 326)
(294, 384)
(294, 392)
(294, 398)
(294, 399)
(294, 387)
(294, 300)
(294, 307)
(294, 315)
(294, 330)
(294, 339)
(294, 346)
(294, 350)
(294, 354)
(294, 369)
(294, 371)
(294, 378)
(294, 379)
(294, 381)
(295, 299)
(295, 326)
(295, 343)
(296, 312)
(296, 317)
(296, 340)
(296, 358)
(296, 366)
(297, 386)
(297, 393)
(297, 396)
(297, 349)
(297, 306)
(297, 321)
(297, 322)
(297, 329)
(297, 336)
(297, 341)
(297, 347)
(297, 314)
(297, 361)
(297, 363)
(297, 367)
(298, 305)
(298, 320)
(298, 323)
(298, 355)
(298, 356)
(298, 359)
(298, 372)
(299, 398)
(299, 302)
(299, 326)
(299, 335)
(299, 374)
(300, 389)
(300, 399)
(300, 387)
(300, 307)
(300, 309)
(300, 315)
(300, 330)
(300, 346)
(300, 350)
(300, 354)
(300, 369)
(300, 378)
(300, 379)
(300, 381)
(301, 387)
(301, 391)
(301, 392)
(301, 398)
(301, 399)
(301, 306)
(301, 310)
(301, 341)
(301, 343)
(301, 346)
(301, 353)
(301, 339)
(302, 385)
(302, 364)
(302, 326)
(302, 335)
(302, 374)
(302, 375)
(303, 312)
(303, 317)
(303, 319)
(303, 395)
(303, 334)
(303, 342)
(303, 345)
(303, 358)
(303, 360)
(304, 397)
(304, 316)
(304, 328)
(304, 337)
(304, 338)
(304, 348)
(304, 351)
(304, 352)
(304, 361)
(304, 370)
(304, 380)
(304, 382)
(305, 318)
(305, 320)
(305, 323)
(305, 355)
(305, 356)
(305, 359)
(305, 372)
(306, 384)
(306, 391)
(306, 392)
(306, 393)
(306, 310)
(306, 314)
(306, 322)
(306, 336)
(306, 339)
(306, 341)
(306, 343)
(306, 353)
(306, 363)
(307, 387)
(307, 330)
(307, 315)
(307, 369)
(307, 373)
(307, 379)
(307, 381)
(308, 389)
(308, 394)
(308, 318)
(308, 320)
(308, 323)
(308, 324)
(308, 354)
(308, 359)
(308, 372)
(308, 378)
(308, 380)
(308, 383)
(309, 389)
(309, 330)
(309, 318)
(309, 369)
(309, 372)
(309, 378)
(309, 381)
(310, 391)
(310, 392)
(310, 398)
(310, 341)
(310, 343)
(310, 346)
(310, 353)
(311, 390)
(311, 313)
(311, 325)
(311, 328)
(311, 332)
(311, 333)
(311, 338)
(311, 357)
(311, 362)
(311, 365)
(311, 377)
(312, 317)
(312, 395)
(312, 342)
(312, 345)
(312, 360)
(313, 390)
(313, 325)
(313, 328)
(313, 332)
(313, 333)
(313, 338)
(313, 362)
(314, 384)
(314, 386)
(314, 393)
(314, 394)
(314, 396)
(314, 397)
(314, 322)
(314, 336)
(314, 339)
(314, 341)
(314, 350)
(314, 354)
(314, 361)
(314, 363)
(314, 371)
(315, 387)
(315, 399)
(315, 330)
(315, 369)
(315, 373)
(315, 379)
(315, 381)
(316, 386)
(316, 328)
(316, 337)
(316, 338)
(316, 348)
(316, 349)
(316, 351)
(316, 361)
(316, 377)
(316, 382)
(317, 343)
(317, 319)
(317, 334)
(317, 340)
(317, 342)
(317, 345)
(317, 358)
(317, 366)
(318, 389)
(318, 320)
(318, 323)
(318, 324)
(318, 355)
(318, 356)
(318, 359)
(318, 372)
(318, 378)
(319, 327)
(319, 334)
(319, 342)
(319, 345)
(319, 367)
(320, 323)
(320, 324)
(320, 355)
(320, 356)
(320, 359)
(320, 372)
(321, 393)
(321, 396)
(321, 327)
(321, 329)
(321, 331)
(321, 344)
(321, 347)
(321, 349)
(321, 351)
(321, 357)
(321, 363)
(321, 367)
(321, 376)
(321, 377)
(322, 384)
(322, 386)
(322, 392)
(322, 393)
(322, 394)
(322, 397)
(322, 336)
(322, 339)
(322, 341)
(322, 346)
(322, 350)
(322, 353)
(322, 354)
(322, 361)
(322, 363)
(322, 371)
(322, 378)
(323, 324)
(323, 337)
(323, 348)
(323, 352)
(323, 359)
(323, 370)
(323, 380)
(323, 383)
(324, 389)
(324, 394)
(324, 330)
(324, 350)
(324, 354)
(324, 359)
(324, 372)
(324, 378)
(324, 383)
(325, 390)
(325, 332)
(325, 333)
(325, 362)
(325, 365)
(326, 335)
(326, 374)
(327, 396)
(327, 329)
(327, 331)
(327, 344)
(327, 347)
(327, 357)
(327, 367)
(327, 376)
(327, 377)
(328, 390)
(328, 332)
(328, 333)
(328, 338)
(328, 349)
(328, 351)
(329, 393)
(329, 396)
(329, 341)
(329, 347)
(329, 349)
(329, 363)
(329, 367)
(329, 377)
(330, 389)
(330, 350)
(330, 354)
(330, 369)
(330, 378)
(330, 379)
(330, 381)
(331, 344)
(331, 347)
(331, 357)
(331, 367)
(331, 376)
(332, 390)
(332, 333)
(332, 338)
(332, 362)
(333, 390)
(333, 338)
(333, 357)
(333, 362)
(333, 365)
(333, 377)
(334, 391)
(334, 343)
(334, 340)
(334, 342)
(334, 345)
(334, 358)
(334, 366)
(335, 385)
(335, 364)
(335, 368)
(335, 374)
(335, 375)
(336, 384)
(336, 386)
(336, 392)
(336, 393)
(336, 394)
(336, 397)
(336, 339)
(336, 341)
(336, 346)
(336, 350)
(336, 353)
(336, 354)
(336, 361)
(336, 363)
(336, 371)
(337, 386)
(337, 394)
(337, 397)
(337, 348)
(337, 352)
(337, 361)
(337, 370)
(337, 380)
(337, 382)
(337, 383)
(338, 390)
(338, 349)
(338, 351)
(338, 377)
(339, 384)
(339, 387)
(339, 392)
(339, 394)
(339, 398)
(339, 399)
(339, 341)
(339, 346)
(339, 350)
(339, 353)
(339, 354)
(339, 371)
(339, 378)
(340, 345)
(340, 358)
(340, 366)
(341, 384)
(341, 391)
(341, 393)
(341, 396)
(341, 353)
(341, 363)
(341, 371)
(342, 395)
(342, 345)
(342, 360)
(343, 391)
(343, 353)
(343, 358)
(343, 366)
(344, 347)
(344, 357)
(344, 367)
(344, 376)
(345, 358)
(345, 360)
(345, 366)
(346, 384)
(346, 387)
(346, 392)
(346, 398)
(346, 399)
(346, 350)
(346, 353)
(346, 354)
(346, 371)
(346, 378)
(347, 396)
(347, 349)
(347, 357)
(347, 367)
(347, 376)
(347, 377)
(348, 397)
(348, 352)
(348, 361)
(348, 370)
(348, 380)
(348, 382)
(348, 383)
(349, 386)
(349, 393)
(349, 396)
(349, 351)
(349, 361)
(349, 363)
(349, 377)
(350, 384)
(350, 392)
(350, 394)
(350, 399)
(350, 354)
(350, 371)
(350, 378)
(351, 386)
(351, 393)
(351, 396)
(351, 361)
(351, 377)
(351, 382)
(352, 397)
(352, 382)
(352, 370)
(352, 380)
(352, 383)
(353, 391)
(353, 392)
(353, 398)
(354, 384)
(354, 394)
(354, 371)
(354, 378)
(355, 356)
(355, 359)
(355, 372)
(356, 359)
(356, 372)
(357, 365)
(357, 367)
(357, 376)
(357, 377)
(358, 366)
(359, 372)
(360, 395)
(361, 386)
(361, 393)
(361, 394)
(361, 396)
(361, 397)
(361, 363)
(361, 371)
(361, 380)
(361, 382)
(362, 390)
(362, 365)
(363, 386)
(363, 393)
(363, 396)
(364, 385)
(364, 388)
(364, 368)
(364, 375)
(365, 390)
(365, 376)
(366, 391)
(367, 396)
(367, 376)
(367, 377)
(368, 385)
(368, 388)
(368, 375)
(369, 389)
(369, 379)
(369, 381)
(370, 382)
(370, 380)
(370, 383)
(371, 384)
(371, 386)
(371, 394)
(371, 397)
(371, 378)
(372, 389)
(373, 387)
(373, 388)
(373, 374)
(373, 375)
(373, 379)
(373, 381)
(374, 387)
(374, 398)
(374, 375)
(375, 385)
(375, 388)
(376, 377)
(377, 390)
(377, 396)
(378, 384)
(378, 389)
(378, 394)
(379, 381)
(380, 386)
(380, 394)
(380, 397)
(380, 382)
(380, 383)
(381, 389)
(382, 386)
(382, 394)
(382, 397)
(382, 383)
(384, 386)
(384, 392)
(384, 394)
(384, 397)
(384, 399)
(385, 388)
(386, 393)
(386, 394)
(386, 397)
(387, 392)
(387, 398)
(387, 399)
(392, 398)
(392, 399)
(393, 396)
(393, 397)
(394, 397)
(398, 399)
