#Nodes
0
1
2
3
4
5
6
7
8
9
10
11
12
13
14
15
16
17
18
19
20
21
22
23
24
25
26
27
28
29
30
31
32
33
34
35
36
37
38
39
40
41
42
43
44
45
46
47
48
49
50
51
52
53
54
55
56
57
58
59
60
61
62
63
64
65
66
67
68
69
70
71
72
73
74
75
76
77
78
79
80
81
82
83
84
85
86
87
88
89
90
91
92
93
94
95
96
97
98
99
100
101
102
103
104
105
106
107
108
109
110
111
112
113
114
115
116
117
118
119
120
121
122
123
124
125
126
127
128
129
130
131
132
133
134
135
136
137
138
139
140
141
142
143
144
145
146
147
148
149
150
151
152
153
154
155
156
157
158
159
160
161
162
163
164
165
166
167
168
169
170
171
172
173
174
175
176
177
178
179
180
181
182
183
184
185
186
187
188
189
190
191
192
193
194
195
196
197
198
199
200
201
202
203
204
205
206
207
208
209
210
211
212
213
214
215
216
217
218
219
220
221
222
223
224
225
226
227
228
229
230
231
232
233
234
235
236
237
238
239
240
241
242
243
244
245
246
247
248
249
250
251
252
253
254
255
256
257
258
259
260
261
262
263
264
265
266
267
268
269
270
271
272
273
274
275
276
277
278
279
280
281
282
283
284
285
286
287
288
289
290
291
292
293
294
295
296
297
298
299
300
301
302
303
304
305
306
307
308
309
310
311
312
313
314
315
316
317
318
319
320
321
322
323
324
325
326
327
328
329
330
331
332
333
334
335
336
337
338
339
340
341
342
343
344
345
346
347
348
349
350
351
352
353
354
355
356
357
358
359
360
361
362
363
364
365
366
367
368
369
370
371
372
373
374
375
376
377
378
379
380
381
382
383
384
385
386
387
388
389
390
391
392
393
394
395
396
397
398
399
#Edges
(0, 4)
(0, 7)
(0, 139)
(0, 268)
(0, 142)
(0, 276)
(0, 150)
(0, 279)
(0, 283)
(0, 284)
(0, 157)
(0, 291)
(0, 164)
(0, 165)
(0, 296)
(0, 45)
(0, 285)
(0, 27)
(0, 314)
(0, 65)
(0, 68)
(0, 327)
(0, 76)
(0, 207)
(0, 87)
(0, 348)
(0, 356)
(0, 361)
(0, 235)
(0, 118)
(1, 4)
(1, 268)
(1, 141)
(1, 150)
(1, 280)
(1, 27)
(1, 284)
(1, 165)
(1, 297)
(1, 45)
(1, 314)
(1, 65)
(1, 322)
(1, 68)
(1, 207)
(1, 336)
(1, 66)
(1, 356)
(1, 357)
(1, 235)
(1, 114)
(1, 121)
(2, 3)
(2, 389)
(2, 391)
(2, 8)
(2, 393)
(2, 11)
(2, 15)
(2, 146)
(2, 275)
(2, 148)
(2, 25)
(2, 153)
(2, 156)
(2, 285)
(2, 31)
(2, 34)
(2, 163)
(2, 292)
(2, 293)
(2, 44)
(2, 304)
(2, 183)
(2, 189)
(2, 190)
(2, 63)
(2, 64)
(2, 197)
(2, 79)
(2, 203)
(2, 78)
(2, 335)
(2, 82)
(2, 83)
(2, 86)
(2, 36)
(2, 91)
(2, 92)
(2, 221)
(2, 350)
(2, 96)
(2, 359)
(2, 236)
(2, 239)
(2, 112)
(2, 369)
(2, 246)
(2, 55)
(3, 389)
(3, 391)
(3, 8)
(3, 393)
(3, 11)
(3, 15)
(3, 146)
(3, 275)
(3, 148)
(3, 25)
(3, 156)
(3, 285)
(3, 31)
(3, 34)
(3, 163)
(3, 292)
(3, 293)
(3, 92)
(3, 44)
(3, 46)
(3, 304)
(3, 183)
(3, 189)
(3, 190)
(3, 63)
(3, 64)
(3, 197)
(3, 79)
(3, 55)
(3, 78)
(3, 335)
(3, 82)
(3, 83)
(3, 86)
(3, 36)
(3, 91)
(3, 220)
(3, 221)
(3, 350)
(3, 96)
(3, 359)
(3, 236)
(3, 112)
(3, 369)
(3, 246)
(4, 268)
(4, 141)
(4, 150)
(4, 280)
(4, 27)
(4, 284)
(4, 291)
(4, 165)
(4, 296)
(4, 297)
(4, 45)
(4, 314)
(4, 65)
(4, 322)
(4, 68)
(4, 207)
(4, 336)
(4, 66)
(4, 356)
(4, 357)
(4, 235)
(4, 114)
(4, 121)
(5, 128)
(5, 129)
(5, 258)
(5, 132)
(5, 137)
(5, 10)
(5, 140)
(5, 397)
(5, 399)
(5, 144)
(5, 195)
(5, 56)
(5, 24)
(5, 196)
(5, 154)
(5, 159)
(5, 289)
(5, 37)
(5, 299)
(5, 302)
(5, 49)
(5, 53)
(5, 312)
(5, 185)
(5, 319)
(5, 323)
(5, 324)
(5, 329)
(5, 330)
(5, 120)
(5, 342)
(5, 345)
(5, 90)
(5, 143)
(5, 355)
(5, 358)
(5, 360)
(5, 233)
(5, 234)
(5, 108)
(5, 365)
(5, 12)
(5, 241)
(5, 116)
(5, 248)
(5, 379)
(5, 252)
(5, 383)
(6, 260)
(6, 261)
(6, 263)
(6, 392)
(6, 395)
(6, 396)
(6, 270)
(6, 273)
(6, 19)
(6, 149)
(6, 23)
(6, 47)
(6, 287)
(6, 33)
(6, 177)
(6, 168)
(6, 42)
(6, 175)
(6, 48)
(6, 305)
(6, 178)
(6, 308)
(6, 182)
(6, 184)
(6, 188)
(6, 62)
(6, 193)
(6, 194)
(6, 325)
(6, 198)
(6, 328)
(6, 74)
(6, 75)
(6, 205)
(6, 338)
(6, 213)
(6, 215)
(6, 88)
(6, 224)
(6, 99)
(6, 102)
(6, 230)
(6, 210)
(6, 366)
(6, 111)
(6, 240)
(6, 113)
(6, 242)
(6, 117)
(6, 374)
(6, 119)
(6, 376)
(6, 123)
(6, 253)
(6, 126)
(6, 255)
(7, 133)
(7, 393)
(7, 151)
(7, 142)
(7, 146)
(7, 67)
(7, 276)
(7, 150)
(7, 279)
(7, 283)
(7, 284)
(7, 285)
(7, 31)
(7, 291)
(7, 164)
(7, 296)
(7, 45)
(7, 157)
(7, 189)
(7, 139)
(7, 68)
(7, 118)
(7, 326)
(7, 327)
(7, 76)
(7, 332)
(7, 82)
(7, 163)
(7, 214)
(7, 87)
(7, 91)
(7, 348)
(7, 96)
(7, 356)
(7, 359)
(7, 361)
(7, 239)
(7, 112)
(7, 83)
(7, 246)
(7, 148)
(7, 378)
(7, 380)
(8, 389)
(8, 134)
(8, 391)
(8, 11)
(8, 398)
(8, 15)
(8, 17)
(8, 275)
(8, 277)
(8, 278)
(8, 153)
(8, 156)
(8, 34)
(8, 292)
(8, 293)
(8, 44)
(8, 173)
(8, 46)
(8, 304)
(8, 183)
(8, 36)
(8, 317)
(8, 190)
(8, 191)
(8, 64)
(8, 197)
(8, 70)
(8, 55)
(8, 78)
(8, 335)
(8, 339)
(8, 86)
(8, 217)
(8, 79)
(8, 220)
(8, 221)
(8, 96)
(8, 106)
(8, 236)
(8, 109)
(8, 110)
(8, 369)
(8, 246)
(8, 124)
(8, 382)
(9, 385)
(9, 386)
(9, 257)
(9, 13)
(9, 398)
(9, 22)
(9, 281)
(9, 288)
(9, 38)
(9, 167)
(9, 173)
(9, 46)
(9, 304)
(9, 186)
(9, 59)
(9, 60)
(9, 317)
(9, 191)
(9, 160)
(9, 199)
(9, 200)
(9, 202)
(9, 78)
(9, 220)
(9, 94)
(9, 61)
(9, 232)
(9, 109)
(9, 110)
(9, 367)
(9, 368)
(9, 369)
(9, 245)
(9, 375)
(9, 124)
(10, 128)
(10, 129)
(10, 43)
(10, 132)
(10, 135)
(10, 137)
(10, 140)
(10, 397)
(10, 14)
(10, 399)
(10, 144)
(10, 24)
(10, 195)
(10, 149)
(10, 56)
(10, 152)
(10, 154)
(10, 159)
(10, 289)
(10, 37)
(10, 299)
(10, 302)
(10, 49)
(10, 312)
(10, 185)
(10, 319)
(10, 320)
(10, 323)
(10, 196)
(10, 329)
(10, 330)
(10, 120)
(10, 342)
(10, 345)
(10, 90)
(10, 143)
(10, 93)
(10, 353)
(10, 358)
(10, 103)
(10, 234)
(10, 108)
(10, 365)
(10, 241)
(10, 242)
(10, 248)
(10, 379)
(10, 252)
(10, 383)
(11, 256)
(11, 130)
(11, 387)
(11, 17)
(11, 389)
(11, 390)
(11, 391)
(11, 394)
(11, 145)
(11, 275)
(11, 148)
(11, 277)
(11, 278)
(11, 89)
(11, 153)
(11, 156)
(11, 31)
(11, 34)
(11, 163)
(11, 292)
(11, 293)
(11, 294)
(11, 44)
(11, 174)
(11, 183)
(11, 187)
(11, 189)
(11, 190)
(11, 36)
(11, 197)
(11, 70)
(11, 203)
(11, 206)
(11, 79)
(11, 82)
(11, 339)
(11, 341)
(11, 86)
(11, 217)
(11, 221)
(11, 96)
(11, 100)
(11, 134)
(11, 359)
(11, 105)
(11, 362)
(11, 107)
(11, 236)
(11, 109)
(11, 239)
(11, 112)
(11, 369)
(11, 106)
(11, 246)
(11, 247)
(11, 55)
(11, 381)
(11, 382)
(12, 128)
(12, 129)
(12, 266)
(12, 140)
(12, 397)
(12, 143)
(12, 144)
(12, 195)
(12, 155)
(12, 159)
(12, 289)
(12, 50)
(12, 306)
(12, 312)
(12, 185)
(12, 320)
(12, 323)
(12, 324)
(12, 97)
(12, 329)
(12, 333)
(12, 85)
(12, 342)
(12, 345)
(12, 219)
(12, 93)
(12, 353)
(12, 379)
(12, 358)
(12, 233)
(12, 234)
(12, 108)
(12, 365)
(12, 238)
(12, 241)
(12, 116)
(12, 120)
(12, 250)
(12, 251)
(13, 385)
(13, 258)
(13, 257)
(13, 15)
(13, 399)
(13, 24)
(13, 152)
(13, 25)
(13, 154)
(13, 160)
(13, 37)
(13, 369)
(13, 92)
(13, 46)
(13, 303)
(13, 304)
(13, 52)
(13, 310)
(13, 311)
(13, 202)
(13, 104)
(13, 59)
(13, 60)
(13, 317)
(13, 319)
(13, 64)
(13, 196)
(13, 197)
(13, 199)
(13, 200)
(13, 330)
(13, 331)
(13, 226)
(13, 78)
(13, 86)
(13, 347)
(13, 220)
(13, 94)
(13, 354)
(13, 355)
(13, 228)
(13, 101)
(13, 360)
(13, 124)
(13, 39)
(13, 237)
(13, 110)
(13, 368)
(13, 232)
(13, 245)
(13, 122)
(13, 191)
(13, 252)
(13, 125)
(14, 384)
(14, 43)
(14, 135)
(14, 137)
(14, 152)
(14, 282)
(14, 154)
(14, 37)
(14, 166)
(14, 39)
(14, 41)
(14, 299)
(14, 302)
(14, 303)
(14, 177)
(14, 310)
(14, 311)
(14, 56)
(14, 57)
(14, 319)
(14, 194)
(14, 69)
(14, 330)
(14, 331)
(14, 226)
(14, 77)
(14, 248)
(14, 218)
(14, 347)
(14, 351)
(14, 352)
(14, 354)
(14, 227)
(14, 101)
(14, 360)
(14, 104)
(14, 376)
(14, 122)
(14, 252)
(14, 125)
(15, 389)
(15, 391)
(15, 393)
(15, 109)
(15, 25)
(15, 156)
(15, 36)
(15, 92)
(15, 44)
(15, 46)
(15, 303)
(15, 304)
(15, 94)
(15, 310)
(15, 311)
(15, 57)
(15, 317)
(15, 190)
(15, 191)
(15, 64)
(15, 197)
(15, 200)
(15, 79)
(15, 183)
(15, 226)
(15, 78)
(15, 335)
(15, 86)
(15, 347)
(15, 220)
(15, 221)
(15, 350)
(15, 354)
(15, 228)
(15, 237)
(15, 110)
(15, 369)
(15, 245)
(15, 246)
(15, 124)
(16, 84)
(16, 51)
(16, 259)
(16, 20)
(16, 35)
(16, 231)
(16, 267)
(16, 301)
(16, 334)
(16, 274)
(16, 371)
(16, 180)
(16, 222)
(16, 343)
(16, 249)
(16, 315)
(16, 286)
(16, 223)
(17, 385)
(17, 386)
(17, 389)
(17, 134)
(17, 391)
(17, 398)
(17, 145)
(17, 277)
(17, 278)
(17, 156)
(17, 288)
(17, 292)
(17, 44)
(17, 173)
(17, 304)
(17, 186)
(17, 317)
(17, 191)
(17, 197)
(17, 70)
(17, 339)
(17, 86)
(17, 344)
(17, 220)
(17, 221)
(17, 100)
(17, 362)
(17, 109)
(17, 110)
(17, 369)
(17, 124)
(17, 106)
(17, 382)
(18, 131)
(18, 392)
(18, 137)
(18, 266)
(18, 395)
(18, 273)
(18, 149)
(18, 26)
(18, 155)
(18, 90)
(18, 158)
(18, 162)
(18, 40)
(18, 42)
(18, 71)
(18, 370)
(18, 175)
(18, 50)
(18, 308)
(18, 182)
(18, 313)
(18, 62)
(18, 320)
(18, 321)
(18, 325)
(18, 225)
(18, 75)
(18, 205)
(18, 81)
(18, 338)
(18, 213)
(18, 342)
(18, 88)
(18, 346)
(18, 54)
(18, 93)
(18, 353)
(18, 358)
(18, 103)
(18, 111)
(18, 241)
(18, 242)
(18, 126)
(18, 85)
(18, 123)
(18, 21)
(18, 254)
(18, 255)
(19, 131)
(19, 260)
(19, 261)
(19, 263)
(19, 392)
(19, 137)
(19, 395)
(19, 270)
(19, 273)
(19, 149)
(19, 23)
(19, 47)
(19, 287)
(19, 33)
(19, 166)
(19, 177)
(19, 168)
(19, 42)
(19, 135)
(19, 175)
(19, 48)
(19, 305)
(19, 178)
(19, 308)
(19, 182)
(19, 184)
(19, 193)
(19, 194)
(19, 325)
(19, 198)
(19, 328)
(19, 74)
(19, 75)
(19, 205)
(19, 338)
(19, 213)
(19, 43)
(19, 215)
(19, 88)
(19, 224)
(19, 225)
(19, 227)
(19, 102)
(19, 230)
(19, 103)
(19, 210)
(19, 366)
(19, 111)
(19, 240)
(19, 113)
(19, 242)
(19, 374)
(19, 119)
(19, 376)
(19, 123)
(19, 253)
(19, 126)
(19, 255)
(20, 51)
(20, 259)
(20, 35)
(20, 267)
(20, 334)
(20, 371)
(20, 84)
(20, 286)
(20, 223)
(21, 126)
(21, 131)
(21, 261)
(21, 263)
(21, 392)
(21, 395)
(21, 396)
(21, 273)
(21, 26)
(21, 158)
(21, 162)
(21, 40)
(21, 42)
(21, 175)
(21, 136)
(21, 50)
(21, 308)
(21, 54)
(21, 313)
(21, 62)
(21, 117)
(21, 321)
(21, 325)
(21, 71)
(21, 205)
(21, 81)
(21, 338)
(21, 213)
(21, 346)
(21, 225)
(21, 229)
(21, 111)
(21, 240)
(21, 370)
(21, 373)
(21, 123)
(21, 254)
(22, 385)
(22, 386)
(22, 398)
(22, 281)
(22, 288)
(22, 38)
(22, 167)
(22, 173)
(22, 180)
(22, 186)
(22, 59)
(22, 60)
(22, 61)
(22, 191)
(22, 160)
(22, 199)
(22, 202)
(22, 222)
(22, 232)
(22, 110)
(22, 367)
(22, 375)
(22, 124)
(23, 388)
(23, 262)
(23, 300)
(23, 270)
(23, 287)
(23, 290)
(23, 168)
(23, 170)
(23, 172)
(23, 48)
(23, 178)
(23, 184)
(23, 58)
(23, 188)
(23, 193)
(23, 198)
(23, 328)
(23, 74)
(23, 208)
(23, 210)
(23, 215)
(23, 224)
(23, 98)
(23, 99)
(23, 102)
(23, 230)
(23, 366)
(23, 113)
(23, 374)
(23, 253)
(23, 127)
(24, 257)
(24, 258)
(24, 132)
(24, 179)
(24, 265)
(24, 140)
(24, 399)
(24, 196)
(24, 154)
(24, 28)
(24, 29)
(24, 30)
(24, 159)
(24, 160)
(24, 289)
(24, 37)
(24, 116)
(24, 299)
(24, 301)
(24, 49)
(24, 307)
(24, 52)
(24, 53)
(24, 312)
(24, 185)
(24, 59)
(24, 318)
(24, 319)
(24, 32)
(24, 324)
(24, 199)
(24, 200)
(24, 73)
(24, 330)
(24, 337)
(24, 343)
(24, 345)
(24, 355)
(24, 101)
(24, 231)
(24, 360)
(24, 234)
(24, 108)
(24, 237)
(24, 368)
(24, 104)
(24, 372)
(24, 245)
(24, 122)
(24, 379)
(24, 252)
(24, 383)
(25, 133)
(25, 393)
(25, 77)
(25, 146)
(25, 156)
(25, 69)
(25, 91)
(25, 36)
(25, 295)
(25, 92)
(25, 44)
(25, 46)
(25, 303)
(25, 304)
(25, 310)
(25, 311)
(25, 57)
(25, 190)
(25, 63)
(25, 64)
(25, 197)
(25, 326)
(25, 331)
(25, 226)
(25, 78)
(25, 335)
(25, 83)
(25, 86)
(25, 347)
(25, 220)
(25, 350)
(25, 96)
(25, 354)
(25, 228)
(25, 39)
(25, 125)
(25, 369)
(25, 246)
(25, 41)
(25, 378)
(25, 183)
(26, 131)
(26, 137)
(26, 266)
(26, 395)
(26, 273)
(26, 149)
(26, 155)
(26, 90)
(26, 158)
(26, 162)
(26, 40)
(26, 42)
(26, 370)
(26, 302)
(26, 175)
(26, 50)
(26, 308)
(26, 54)
(26, 56)
(26, 313)
(26, 62)
(26, 320)
(26, 195)
(26, 325)
(26, 225)
(26, 329)
(26, 75)
(26, 205)
(26, 81)
(26, 338)
(26, 213)
(26, 342)
(26, 88)
(26, 346)
(26, 93)
(26, 353)
(26, 358)
(26, 103)
(26, 111)
(26, 241)
(26, 242)
(26, 126)
(26, 123)
(26, 254)
(26, 85)
(27, 139)
(27, 268)
(27, 141)
(27, 142)
(27, 276)
(27, 150)
(27, 280)
(27, 284)
(27, 157)
(27, 291)
(27, 165)
(27, 296)
(27, 297)
(27, 171)
(27, 45)
(27, 181)
(27, 314)
(27, 192)
(27, 65)
(27, 322)
(27, 68)
(27, 207)
(27, 336)
(27, 211)
(27, 66)
(27, 349)
(27, 356)
(27, 357)
(27, 361)
(27, 235)
(27, 121)
(27, 380)
(28, 257)
(28, 258)
(28, 132)
(28, 179)
(28, 265)
(28, 267)
(28, 399)
(28, 274)
(28, 196)
(28, 52)
(28, 29)
(28, 30)
(28, 159)
(28, 160)
(28, 116)
(28, 35)
(28, 38)
(28, 301)
(28, 49)
(28, 307)
(28, 180)
(28, 53)
(28, 312)
(28, 185)
(28, 315)
(28, 61)
(28, 318)
(28, 32)
(28, 324)
(28, 199)
(28, 73)
(28, 202)
(28, 337)
(28, 212)
(28, 343)
(28, 222)
(28, 223)
(28, 84)
(28, 355)
(28, 231)
(28, 379)
(28, 367)
(28, 368)
(28, 59)
(28, 371)
(28, 372)
(28, 249)
(28, 251)
(28, 383)
(29, 51)
(29, 132)
(29, 179)
(29, 265)
(29, 30)
(29, 267)
(29, 140)
(29, 399)
(29, 286)
(29, 159)
(29, 32)
(29, 116)
(29, 301)
(29, 49)
(29, 306)
(29, 307)
(29, 53)
(29, 73)
(29, 312)
(29, 185)
(29, 315)
(29, 316)
(29, 318)
(29, 324)
(29, 201)
(29, 333)
(29, 337)
(29, 212)
(29, 343)
(29, 97)
(29, 379)
(29, 231)
(29, 233)
(29, 234)
(29, 108)
(29, 365)
(29, 372)
(29, 84)
(29, 250)
(29, 251)
(29, 383)
(30, 257)
(30, 258)
(30, 132)
(30, 179)
(30, 265)
(30, 267)
(30, 140)
(30, 399)
(30, 196)
(30, 52)
(30, 159)
(30, 160)
(30, 116)
(30, 37)
(30, 38)
(30, 299)
(30, 301)
(30, 49)
(30, 307)
(30, 180)
(30, 53)
(30, 59)
(30, 312)
(30, 185)
(30, 315)
(30, 318)
(30, 32)
(30, 324)
(30, 199)
(30, 200)
(30, 73)
(30, 202)
(30, 337)
(30, 84)
(30, 343)
(30, 355)
(30, 231)
(30, 360)
(30, 234)
(30, 108)
(30, 367)
(30, 368)
(30, 232)
(30, 372)
(30, 245)
(30, 379)
(30, 252)
(30, 383)
(31, 130)
(31, 390)
(31, 393)
(31, 151)
(31, 146)
(31, 275)
(31, 148)
(31, 279)
(31, 153)
(31, 283)
(31, 156)
(31, 285)
(31, 34)
(31, 163)
(31, 164)
(31, 293)
(31, 44)
(31, 183)
(31, 189)
(31, 190)
(31, 67)
(31, 118)
(31, 326)
(31, 76)
(31, 79)
(31, 203)
(31, 332)
(31, 335)
(31, 82)
(31, 83)
(31, 214)
(31, 87)
(31, 36)
(31, 91)
(31, 348)
(31, 221)
(31, 350)
(31, 96)
(31, 359)
(31, 236)
(31, 239)
(31, 112)
(31, 246)
(31, 55)
(32, 51)
(32, 258)
(32, 132)
(32, 179)
(32, 265)
(32, 267)
(32, 140)
(32, 399)
(32, 196)
(32, 159)
(32, 289)
(32, 37)
(32, 116)
(32, 301)
(32, 49)
(32, 306)
(32, 307)
(32, 52)
(32, 53)
(32, 73)
(32, 312)
(32, 185)
(32, 315)
(32, 316)
(32, 318)
(32, 324)
(32, 199)
(32, 201)
(32, 333)
(32, 337)
(32, 212)
(32, 343)
(32, 97)
(32, 379)
(32, 231)
(32, 233)
(32, 234)
(32, 108)
(32, 365)
(32, 368)
(32, 372)
(32, 84)
(32, 250)
(32, 251)
(32, 383)
(33, 260)
(33, 261)
(33, 135)
(33, 392)
(33, 137)
(33, 395)
(33, 273)
(33, 149)
(33, 56)
(33, 282)
(33, 47)
(33, 287)
(33, 166)
(33, 177)
(33, 42)
(33, 43)
(33, 302)
(33, 175)
(33, 48)
(33, 305)
(33, 308)
(33, 182)
(33, 184)
(33, 313)
(33, 194)
(33, 325)
(33, 198)
(33, 75)
(33, 205)
(33, 248)
(33, 338)
(33, 213)
(33, 342)
(33, 215)
(33, 88)
(33, 90)
(33, 351)
(33, 352)
(33, 225)
(33, 227)
(33, 102)
(33, 103)
(33, 366)
(33, 111)
(33, 242)
(33, 374)
(33, 119)
(33, 376)
(33, 123)
(33, 126)
(33, 255)
(34, 256)
(34, 130)
(34, 387)
(34, 390)
(34, 391)
(34, 275)
(34, 148)
(34, 151)
(34, 153)
(34, 156)
(34, 285)
(34, 163)
(34, 292)
(34, 293)
(34, 44)
(34, 174)
(34, 55)
(34, 189)
(34, 190)
(34, 36)
(34, 67)
(34, 76)
(34, 203)
(34, 332)
(34, 79)
(34, 82)
(34, 341)
(34, 214)
(34, 217)
(34, 221)
(34, 96)
(34, 359)
(34, 107)
(34, 236)
(34, 239)
(34, 112)
(34, 246)
(34, 247)
(35, 259)
(35, 267)
(35, 274)
(35, 286)
(35, 301)
(35, 51)
(35, 180)
(35, 249)
(35, 316)
(35, 201)
(35, 334)
(35, 84)
(35, 343)
(35, 222)
(35, 223)
(35, 315)
(35, 231)
(35, 371)
(35, 212)
(36, 389)
(36, 391)
(36, 393)
(36, 146)
(36, 275)
(36, 148)
(36, 153)
(36, 156)
(36, 285)
(36, 163)
(36, 292)
(36, 293)
(36, 44)
(36, 304)
(36, 183)
(36, 189)
(36, 190)
(36, 63)
(36, 64)
(36, 197)
(36, 79)
(36, 203)
(36, 78)
(36, 335)
(36, 82)
(36, 83)
(36, 86)
(36, 91)
(36, 92)
(36, 221)
(36, 350)
(36, 96)
(36, 359)
(36, 236)
(36, 239)
(36, 112)
(36, 369)
(36, 246)
(36, 55)
(37, 257)
(37, 258)
(37, 132)
(37, 265)
(37, 140)
(37, 397)
(37, 399)
(37, 152)
(37, 120)
(37, 154)
(37, 159)
(37, 289)
(37, 39)
(37, 299)
(37, 302)
(37, 49)
(37, 307)
(37, 52)
(37, 53)
(37, 310)
(37, 312)
(37, 185)
(37, 319)
(37, 196)
(37, 200)
(37, 330)
(37, 331)
(37, 337)
(37, 345)
(37, 355)
(37, 101)
(37, 360)
(37, 234)
(37, 108)
(37, 237)
(37, 104)
(37, 116)
(37, 245)
(37, 248)
(37, 122)
(37, 379)
(37, 252)
(37, 125)
(37, 383)
(38, 385)
(38, 257)
(38, 265)
(38, 267)
(38, 274)
(38, 281)
(38, 160)
(38, 167)
(38, 301)
(38, 307)
(38, 180)
(38, 52)
(38, 315)
(38, 60)
(38, 61)
(38, 318)
(38, 199)
(38, 200)
(38, 73)
(38, 202)
(38, 337)
(38, 84)
(38, 222)
(38, 223)
(38, 59)
(38, 231)
(38, 232)
(38, 367)
(38, 368)
(38, 371)
(38, 372)
(38, 249)
(39, 257)
(39, 258)
(39, 399)
(39, 152)
(39, 282)
(39, 154)
(39, 41)
(39, 299)
(39, 46)
(39, 303)
(39, 52)
(39, 310)
(39, 311)
(39, 57)
(39, 319)
(39, 64)
(39, 196)
(39, 69)
(39, 200)
(39, 330)
(39, 331)
(39, 226)
(39, 78)
(39, 77)
(39, 218)
(39, 347)
(39, 92)
(39, 94)
(39, 351)
(39, 352)
(39, 354)
(39, 355)
(39, 228)
(39, 101)
(39, 360)
(39, 237)
(39, 104)
(39, 245)
(39, 248)
(39, 122)
(39, 252)
(39, 125)
(39, 383)
(40, 131)
(40, 136)
(40, 158)
(40, 162)
(40, 42)
(40, 54)
(40, 313)
(40, 62)
(40, 117)
(40, 321)
(40, 71)
(40, 81)
(40, 346)
(40, 225)
(40, 229)
(40, 111)
(40, 370)
(40, 373)
(40, 254)
(41, 384)
(41, 152)
(41, 282)
(41, 154)
(41, 166)
(41, 295)
(41, 299)
(41, 303)
(41, 310)
(41, 311)
(41, 57)
(41, 319)
(41, 64)
(41, 69)
(41, 330)
(41, 331)
(41, 226)
(41, 77)
(41, 218)
(41, 347)
(41, 92)
(41, 351)
(41, 352)
(41, 354)
(41, 228)
(41, 101)
(41, 360)
(41, 364)
(41, 237)
(41, 104)
(41, 248)
(41, 122)
(41, 252)
(41, 125)
(42, 131)
(42, 47)
(42, 261)
(42, 263)
(42, 392)
(42, 137)
(42, 395)
(42, 273)
(42, 149)
(42, 56)
(42, 155)
(42, 90)
(42, 158)
(42, 162)
(42, 177)
(42, 135)
(42, 370)
(42, 302)
(42, 175)
(42, 305)
(42, 50)
(42, 308)
(42, 182)
(42, 184)
(42, 313)
(42, 62)
(42, 117)
(42, 320)
(42, 325)
(42, 71)
(42, 75)
(42, 205)
(42, 81)
(42, 338)
(42, 213)
(42, 342)
(42, 88)
(42, 346)
(42, 54)
(42, 93)
(42, 225)
(42, 229)
(42, 358)
(42, 103)
(42, 43)
(42, 111)
(42, 240)
(42, 242)
(42, 126)
(42, 374)
(42, 119)
(42, 136)
(42, 123)
(42, 102)
(42, 254)
(42, 255)
(43, 260)
(43, 135)
(43, 137)
(43, 395)
(43, 90)
(43, 149)
(43, 282)
(43, 47)
(43, 154)
(43, 287)
(43, 166)
(43, 177)
(43, 299)
(43, 302)
(43, 175)
(43, 305)
(43, 308)
(43, 182)
(43, 56)
(43, 319)
(43, 194)
(43, 325)
(43, 75)
(43, 205)
(43, 248)
(43, 338)
(43, 213)
(43, 342)
(43, 215)
(43, 88)
(43, 218)
(43, 351)
(43, 352)
(43, 227)
(43, 102)
(43, 358)
(43, 103)
(43, 242)
(43, 374)
(43, 119)
(43, 376)
(43, 123)
(43, 125)
(43, 126)
(43, 255)
(44, 389)
(44, 390)
(44, 391)
(44, 275)
(44, 148)
(44, 153)
(44, 156)
(44, 163)
(44, 292)
(44, 293)
(44, 46)
(44, 304)
(44, 189)
(44, 183)
(44, 317)
(44, 190)
(44, 64)
(44, 197)
(44, 203)
(44, 78)
(44, 335)
(44, 82)
(44, 339)
(44, 86)
(44, 217)
(44, 79)
(44, 220)
(44, 221)
(44, 350)
(44, 96)
(44, 134)
(44, 359)
(44, 106)
(44, 107)
(44, 236)
(44, 109)
(44, 110)
(44, 239)
(44, 112)
(44, 369)
(44, 246)
(44, 55)
(45, 133)
(45, 264)
(45, 139)
(45, 268)
(45, 141)
(45, 142)
(45, 276)
(45, 150)
(45, 284)
(45, 157)
(45, 291)
(45, 164)
(45, 165)
(45, 296)
(45, 171)
(45, 309)
(45, 314)
(45, 181)
(45, 192)
(45, 65)
(45, 322)
(45, 68)
(45, 326)
(45, 327)
(45, 204)
(45, 207)
(45, 83)
(45, 66)
(45, 87)
(45, 348)
(45, 349)
(45, 356)
(45, 357)
(45, 361)
(45, 235)
(45, 118)
(45, 121)
(45, 378)
(45, 380)
(46, 385)
(46, 386)
(46, 389)
(46, 257)
(46, 398)
(46, 109)
(46, 156)
(46, 160)
(46, 92)
(46, 173)
(46, 303)
(46, 304)
(46, 310)
(46, 311)
(46, 104)
(46, 60)
(46, 232)
(46, 191)
(46, 64)
(46, 197)
(46, 200)
(46, 183)
(46, 78)
(46, 86)
(46, 347)
(46, 220)
(46, 94)
(46, 226)
(46, 228)
(46, 101)
(46, 360)
(46, 237)
(46, 110)
(46, 317)
(46, 369)
(46, 245)
(46, 124)
(47, 131)
(47, 260)
(47, 261)
(47, 263)
(47, 392)
(47, 137)
(47, 395)
(47, 270)
(47, 273)
(47, 149)
(47, 287)
(47, 166)
(47, 177)
(47, 168)
(47, 135)
(47, 175)
(47, 48)
(47, 305)
(47, 178)
(47, 308)
(47, 182)
(47, 184)
(47, 313)
(47, 193)
(47, 194)
(47, 325)
(47, 198)
(47, 328)
(47, 75)
(47, 205)
(47, 338)
(47, 213)
(47, 215)
(47, 88)
(47, 224)
(47, 225)
(47, 227)
(47, 102)
(47, 230)
(47, 103)
(47, 210)
(47, 366)
(47, 111)
(47, 240)
(47, 113)
(47, 242)
(47, 374)
(47, 119)
(47, 376)
(47, 123)
(47, 253)
(47, 126)
(47, 255)
(48, 384)
(48, 388)
(48, 262)
(48, 270)
(48, 272)
(48, 147)
(48, 260)
(48, 282)
(48, 287)
(48, 290)
(48, 166)
(48, 177)
(48, 168)
(48, 170)
(48, 172)
(48, 305)
(48, 309)
(48, 184)
(48, 58)
(48, 188)
(48, 194)
(48, 198)
(48, 328)
(48, 74)
(48, 208)
(48, 99)
(48, 215)
(48, 224)
(48, 98)
(48, 227)
(48, 102)
(48, 230)
(48, 366)
(48, 113)
(48, 374)
(48, 119)
(48, 376)
(48, 377)
(48, 127)
(48, 253)
(48, 255)
(49, 128)
(49, 257)
(49, 258)
(49, 132)
(49, 179)
(49, 129)
(49, 265)
(49, 140)
(49, 397)
(49, 399)
(49, 144)
(49, 196)
(49, 154)
(49, 104)
(49, 159)
(49, 289)
(49, 116)
(49, 299)
(49, 307)
(49, 52)
(49, 53)
(49, 312)
(49, 185)
(49, 319)
(49, 324)
(49, 73)
(49, 330)
(49, 337)
(49, 343)
(49, 345)
(49, 97)
(49, 355)
(49, 101)
(49, 360)
(49, 233)
(49, 234)
(49, 108)
(49, 365)
(49, 241)
(49, 372)
(49, 251)
(49, 120)
(49, 379)
(49, 252)
(49, 383)
(50, 131)
(50, 137)
(50, 266)
(50, 395)
(50, 397)
(50, 143)
(50, 149)
(50, 155)
(50, 90)
(50, 158)
(50, 162)
(50, 370)
(50, 302)
(50, 175)
(50, 308)
(50, 54)
(50, 56)
(50, 313)
(50, 320)
(50, 195)
(50, 325)
(50, 225)
(50, 329)
(50, 75)
(50, 205)
(50, 81)
(50, 338)
(50, 85)
(50, 342)
(50, 345)
(50, 346)
(50, 93)
(50, 353)
(50, 358)
(50, 103)
(50, 111)
(50, 241)
(50, 242)
(50, 120)
(50, 123)
(50, 254)
(51, 259)
(51, 267)
(51, 286)
(51, 301)
(51, 306)
(51, 179)
(51, 372)
(51, 316)
(51, 324)
(51, 201)
(51, 333)
(51, 334)
(51, 84)
(51, 343)
(51, 97)
(51, 116)
(51, 212)
(51, 250)
(51, 251)
(52, 257)
(52, 258)
(52, 132)
(52, 265)
(52, 399)
(52, 152)
(52, 154)
(52, 104)
(52, 160)
(52, 299)
(52, 307)
(52, 53)
(52, 310)
(52, 312)
(52, 185)
(52, 59)
(52, 60)
(52, 202)
(52, 318)
(52, 319)
(52, 196)
(52, 199)
(52, 200)
(52, 73)
(52, 330)
(52, 331)
(52, 337)
(52, 94)
(52, 355)
(52, 228)
(52, 101)
(52, 231)
(52, 360)
(52, 237)
(52, 367)
(52, 368)
(52, 232)
(52, 372)
(52, 245)
(52, 122)
(52, 379)
(52, 252)
(52, 383)
(53, 128)
(53, 257)
(53, 258)
(53, 132)
(53, 179)
(53, 129)
(53, 265)
(53, 267)
(53, 140)
(53, 397)
(53, 399)
(53, 144)
(53, 196)
(53, 159)
(53, 289)
(53, 116)
(53, 299)
(53, 301)
(53, 307)
(53, 73)
(53, 312)
(53, 185)
(53, 316)
(53, 318)
(53, 324)
(53, 199)
(53, 201)
(53, 333)
(53, 337)
(53, 212)
(53, 343)
(53, 345)
(53, 97)
(53, 355)
(53, 231)
(53, 233)
(53, 234)
(53, 108)
(53, 365)
(53, 368)
(53, 372)
(53, 251)
(53, 120)
(53, 250)
(53, 379)
(53, 252)
(53, 383)
(54, 131)
(54, 136)
(54, 266)
(54, 155)
(54, 158)
(54, 162)
(54, 308)
(54, 313)
(54, 62)
(54, 320)
(54, 321)
(54, 325)
(54, 71)
(54, 205)
(54, 81)
(54, 346)
(54, 225)
(54, 229)
(54, 111)
(54, 370)
(54, 373)
(54, 123)
(54, 254)
(55, 256)
(55, 130)
(55, 387)
(55, 390)
(55, 391)
(55, 394)
(55, 275)
(55, 148)
(55, 151)
(55, 153)
(55, 156)
(55, 285)
(55, 163)
(55, 292)
(55, 293)
(55, 298)
(55, 174)
(55, 134)
(55, 187)
(55, 189)
(55, 190)
(55, 67)
(55, 203)
(55, 332)
(55, 79)
(55, 82)
(55, 339)
(55, 341)
(55, 214)
(55, 217)
(55, 221)
(55, 96)
(55, 359)
(55, 105)
(55, 362)
(55, 107)
(55, 236)
(55, 239)
(55, 112)
(55, 246)
(55, 247)
(56, 260)
(56, 81)
(56, 135)
(56, 137)
(56, 395)
(56, 397)
(56, 149)
(56, 154)
(56, 166)
(56, 299)
(56, 302)
(56, 175)
(56, 177)
(56, 308)
(56, 313)
(56, 319)
(56, 320)
(56, 194)
(56, 195)
(56, 325)
(56, 329)
(56, 330)
(56, 75)
(56, 205)
(56, 120)
(56, 342)
(56, 88)
(56, 345)
(56, 90)
(56, 93)
(56, 351)
(56, 352)
(56, 225)
(56, 358)
(56, 103)
(56, 241)
(56, 242)
(56, 248)
(56, 123)
(57, 384)
(57, 133)
(57, 393)
(57, 77)
(57, 146)
(57, 152)
(57, 282)
(57, 154)
(57, 91)
(57, 295)
(57, 169)
(57, 303)
(57, 310)
(57, 311)
(57, 319)
(57, 64)
(57, 69)
(57, 331)
(57, 226)
(57, 335)
(57, 83)
(57, 218)
(57, 347)
(57, 92)
(57, 122)
(57, 350)
(57, 351)
(57, 352)
(57, 354)
(57, 228)
(57, 101)
(57, 360)
(57, 364)
(57, 237)
(57, 104)
(57, 378)
(57, 63)
(57, 125)
(58, 388)
(58, 262)
(58, 172)
(58, 270)
(58, 271)
(58, 272)
(58, 147)
(58, 260)
(58, 287)
(58, 161)
(58, 290)
(58, 99)
(58, 168)
(58, 170)
(58, 300)
(58, 176)
(58, 115)
(58, 309)
(58, 184)
(58, 188)
(58, 194)
(58, 198)
(58, 328)
(58, 74)
(58, 208)
(58, 211)
(58, 340)
(58, 215)
(58, 216)
(58, 224)
(58, 80)
(58, 98)
(58, 227)
(58, 363)
(58, 366)
(58, 113)
(58, 243)
(58, 374)
(58, 376)
(58, 377)
(58, 253)
(58, 127)
(59, 385)
(59, 386)
(59, 132)
(59, 257)
(59, 265)
(59, 267)
(59, 258)
(59, 399)
(59, 274)
(59, 281)
(59, 160)
(59, 167)
(59, 307)
(59, 180)
(59, 94)
(59, 315)
(59, 60)
(59, 61)
(59, 318)
(59, 196)
(59, 199)
(59, 200)
(59, 73)
(59, 202)
(59, 337)
(59, 84)
(59, 222)
(59, 223)
(59, 355)
(59, 231)
(59, 232)
(59, 367)
(59, 368)
(59, 371)
(59, 372)
(59, 245)
(59, 249)
(59, 124)
(60, 385)
(60, 386)
(60, 257)
(60, 265)
(60, 398)
(60, 109)
(60, 281)
(60, 288)
(60, 167)
(60, 173)
(60, 304)
(60, 180)
(60, 186)
(60, 317)
(60, 318)
(60, 191)
(60, 160)
(60, 199)
(60, 200)
(60, 202)
(60, 78)
(60, 220)
(60, 94)
(60, 61)
(60, 228)
(60, 231)
(60, 232)
(60, 237)
(60, 110)
(60, 367)
(60, 368)
(60, 369)
(60, 245)
(60, 375)
(60, 124)
(61, 385)
(61, 265)
(61, 267)
(61, 274)
(61, 281)
(61, 160)
(61, 167)
(61, 307)
(61, 180)
(61, 315)
(61, 318)
(61, 199)
(61, 73)
(61, 202)
(61, 337)
(61, 84)
(61, 222)
(61, 223)
(61, 231)
(61, 232)
(61, 367)
(61, 368)
(61, 371)
(61, 372)
(61, 375)
(61, 249)
(62, 126)
(62, 131)
(62, 261)
(62, 263)
(62, 392)
(62, 395)
(62, 396)
(62, 273)
(62, 158)
(62, 175)
(62, 136)
(62, 178)
(62, 308)
(62, 182)
(62, 313)
(62, 117)
(62, 321)
(62, 325)
(62, 71)
(62, 205)
(62, 81)
(62, 338)
(62, 213)
(62, 346)
(62, 225)
(62, 229)
(62, 111)
(62, 240)
(62, 370)
(62, 373)
(62, 123)
(62, 254)
(62, 255)
(63, 133)
(63, 264)
(63, 393)
(63, 139)
(63, 142)
(63, 146)
(63, 276)
(63, 150)
(63, 285)
(63, 91)
(63, 164)
(63, 295)
(63, 169)
(63, 171)
(63, 303)
(63, 181)
(63, 311)
(63, 190)
(63, 64)
(63, 69)
(63, 326)
(63, 327)
(63, 183)
(63, 204)
(63, 77)
(63, 335)
(63, 92)
(63, 83)
(63, 87)
(63, 347)
(63, 348)
(63, 350)
(63, 96)
(63, 354)
(63, 361)
(63, 364)
(63, 378)
(63, 380)
(64, 389)
(64, 393)
(64, 77)
(64, 146)
(64, 152)
(64, 156)
(64, 69)
(64, 91)
(64, 92)
(64, 303)
(64, 304)
(64, 94)
(64, 310)
(64, 311)
(64, 104)
(64, 317)
(64, 190)
(64, 197)
(64, 200)
(64, 331)
(64, 226)
(64, 78)
(64, 335)
(64, 86)
(64, 347)
(64, 220)
(64, 350)
(64, 354)
(64, 228)
(64, 101)
(64, 360)
(64, 237)
(64, 110)
(64, 125)
(64, 369)
(64, 245)
(64, 122)
(64, 183)
(65, 139)
(65, 268)
(65, 141)
(65, 142)
(65, 276)
(65, 150)
(65, 284)
(65, 157)
(65, 291)
(65, 164)
(65, 165)
(65, 296)
(65, 171)
(65, 181)
(65, 314)
(65, 322)
(65, 68)
(65, 327)
(65, 204)
(65, 207)
(65, 66)
(65, 87)
(65, 348)
(65, 349)
(65, 356)
(65, 357)
(65, 361)
(65, 235)
(65, 118)
(65, 121)
(65, 380)
(66, 363)
(66, 138)
(66, 268)
(66, 269)
(66, 271)
(66, 141)
(66, 280)
(66, 161)
(66, 165)
(66, 297)
(66, 171)
(66, 300)
(66, 176)
(66, 115)
(66, 309)
(66, 314)
(66, 181)
(66, 192)
(66, 322)
(66, 72)
(66, 207)
(66, 336)
(66, 211)
(66, 340)
(66, 216)
(66, 349)
(66, 95)
(66, 80)
(66, 357)
(66, 235)
(66, 114)
(66, 243)
(66, 121)
(67, 256)
(67, 130)
(67, 390)
(67, 151)
(67, 275)
(67, 148)
(67, 279)
(67, 153)
(67, 283)
(67, 285)
(67, 163)
(67, 164)
(67, 293)
(67, 189)
(67, 246)
(67, 76)
(67, 203)
(67, 332)
(67, 82)
(67, 214)
(67, 96)
(67, 359)
(67, 239)
(67, 112)
(67, 118)
(68, 139)
(68, 268)
(68, 142)
(68, 276)
(68, 150)
(68, 279)
(68, 283)
(68, 284)
(68, 157)
(68, 291)
(68, 164)
(68, 165)
(68, 296)
(68, 171)
(68, 314)
(68, 327)
(68, 76)
(68, 207)
(68, 87)
(68, 348)
(68, 356)
(68, 361)
(68, 235)
(68, 118)
(68, 380)
(69, 384)
(69, 133)
(69, 393)
(69, 272)
(69, 147)
(69, 152)
(69, 282)
(69, 154)
(69, 91)
(69, 166)
(69, 295)
(69, 169)
(69, 303)
(69, 310)
(69, 311)
(69, 319)
(69, 194)
(69, 330)
(69, 331)
(69, 226)
(69, 77)
(69, 218)
(69, 347)
(69, 92)
(69, 122)
(69, 350)
(69, 351)
(69, 352)
(69, 354)
(69, 227)
(69, 101)
(69, 360)
(69, 364)
(69, 104)
(69, 248)
(69, 377)
(69, 378)
(69, 125)
(70, 387)
(70, 389)
(70, 390)
(70, 391)
(70, 394)
(70, 145)
(70, 275)
(70, 277)
(70, 278)
(70, 89)
(70, 153)
(70, 292)
(70, 134)
(70, 294)
(70, 298)
(70, 174)
(70, 187)
(70, 206)
(70, 209)
(70, 339)
(70, 341)
(70, 344)
(70, 217)
(70, 221)
(70, 100)
(70, 105)
(70, 362)
(70, 107)
(70, 236)
(70, 109)
(70, 244)
(70, 106)
(70, 247)
(70, 381)
(70, 382)
(71, 321)
(71, 136)
(71, 229)
(71, 263)
(71, 392)
(71, 396)
(71, 158)
(71, 111)
(71, 273)
(71, 370)
(71, 131)
(71, 373)
(71, 346)
(71, 254)
(71, 117)
(72, 138)
(72, 268)
(72, 269)
(72, 271)
(72, 280)
(72, 161)
(72, 297)
(72, 300)
(72, 176)
(72, 243)
(72, 322)
(72, 141)
(72, 80)
(72, 211)
(72, 340)
(72, 216)
(72, 95)
(72, 357)
(72, 363)
(72, 114)
(72, 115)
(72, 121)
(73, 257)
(73, 258)
(73, 132)
(73, 179)
(73, 265)
(73, 267)
(73, 399)
(73, 274)
(73, 196)
(73, 159)
(73, 160)
(73, 116)
(73, 167)
(73, 301)
(73, 307)
(73, 180)
(73, 312)
(73, 185)
(73, 315)
(73, 318)
(73, 324)
(73, 199)
(73, 202)
(73, 337)
(73, 212)
(73, 343)
(73, 222)
(73, 223)
(73, 84)
(73, 355)
(73, 231)
(73, 379)
(73, 367)
(73, 368)
(73, 232)
(73, 371)
(73, 372)
(73, 249)
(73, 251)
(73, 383)
(74, 388)
(74, 262)
(74, 270)
(74, 287)
(74, 290)
(74, 168)
(74, 170)
(74, 172)
(74, 178)
(74, 184)
(74, 188)
(74, 193)
(74, 198)
(74, 328)
(74, 208)
(74, 210)
(74, 215)
(74, 224)
(74, 98)
(74, 99)
(74, 102)
(74, 230)
(74, 366)
(74, 113)
(74, 374)
(74, 253)
(74, 127)
(75, 131)
(75, 260)
(75, 261)
(75, 81)
(75, 263)
(75, 392)
(75, 137)
(75, 395)
(75, 273)
(75, 149)
(75, 90)
(75, 287)
(75, 162)
(75, 166)
(75, 177)
(75, 135)
(75, 302)
(75, 175)
(75, 305)
(75, 308)
(75, 182)
(75, 184)
(75, 313)
(75, 320)
(75, 194)
(75, 325)
(75, 205)
(75, 248)
(75, 338)
(75, 213)
(75, 342)
(75, 215)
(75, 88)
(75, 346)
(75, 225)
(75, 102)
(75, 358)
(75, 103)
(75, 366)
(75, 111)
(75, 240)
(75, 241)
(75, 242)
(75, 374)
(75, 119)
(75, 376)
(75, 123)
(75, 126)
(75, 255)
(76, 130)
(76, 279)
(76, 142)
(76, 146)
(76, 276)
(76, 150)
(76, 151)
(76, 283)
(76, 284)
(76, 157)
(76, 291)
(76, 164)
(76, 296)
(76, 285)
(76, 189)
(76, 139)
(76, 118)
(76, 326)
(76, 327)
(76, 332)
(76, 82)
(76, 163)
(76, 214)
(76, 87)
(76, 348)
(76, 96)
(76, 356)
(76, 359)
(76, 361)
(76, 239)
(76, 112)
(76, 83)
(76, 246)
(76, 148)
(77, 384)
(77, 133)
(77, 264)
(77, 393)
(77, 272)
(77, 146)
(77, 147)
(77, 152)
(77, 282)
(77, 154)
(77, 91)
(77, 166)
(77, 295)
(77, 169)
(77, 303)
(77, 310)
(77, 311)
(77, 319)
(77, 331)
(77, 204)
(77, 226)
(77, 335)
(77, 83)
(77, 218)
(77, 347)
(77, 92)
(77, 122)
(77, 350)
(77, 351)
(77, 352)
(77, 354)
(77, 227)
(77, 101)
(77, 104)
(77, 364)
(77, 377)
(77, 378)
(77, 125)
(78, 385)
(78, 386)
(78, 389)
(78, 257)
(78, 398)
(78, 109)
(78, 156)
(78, 160)
(78, 92)
(78, 173)
(78, 303)
(78, 304)
(78, 310)
(78, 311)
(78, 104)
(78, 232)
(78, 191)
(78, 197)
(78, 200)
(78, 183)
(78, 335)
(78, 86)
(78, 347)
(78, 220)
(78, 94)
(78, 226)
(78, 228)
(78, 101)
(78, 360)
(78, 237)
(78, 110)
(78, 317)
(78, 369)
(78, 245)
(78, 122)
(78, 124)
(79, 256)
(79, 130)
(79, 389)
(79, 390)
(79, 391)
(79, 394)
(79, 275)
(79, 148)
(79, 153)
(79, 156)
(79, 163)
(79, 292)
(79, 293)
(79, 174)
(79, 183)
(79, 189)
(79, 190)
(79, 197)
(79, 203)
(79, 335)
(79, 82)
(79, 339)
(79, 86)
(79, 217)
(79, 221)
(79, 350)
(79, 96)
(79, 134)
(79, 359)
(79, 106)
(79, 107)
(79, 236)
(79, 109)
(79, 239)
(79, 112)
(79, 369)
(79, 246)
(79, 247)
(80, 388)
(80, 262)
(80, 300)
(80, 138)
(80, 269)
(80, 271)
(80, 280)
(80, 161)
(80, 290)
(80, 170)
(80, 172)
(80, 176)
(80, 115)
(80, 141)
(80, 208)
(80, 211)
(80, 340)
(80, 216)
(80, 95)
(80, 98)
(80, 99)
(80, 357)
(80, 363)
(80, 243)
(80, 121)
(80, 127)
(81, 131)
(81, 137)
(81, 266)
(81, 395)
(81, 273)
(81, 149)
(81, 155)
(81, 90)
(81, 158)
(81, 162)
(81, 370)
(81, 302)
(81, 175)
(81, 308)
(81, 313)
(81, 320)
(81, 195)
(81, 325)
(81, 225)
(81, 329)
(81, 205)
(81, 338)
(81, 213)
(81, 342)
(81, 88)
(81, 346)
(81, 93)
(81, 353)
(81, 358)
(81, 103)
(81, 111)
(81, 241)
(81, 242)
(81, 126)
(81, 123)
(81, 254)
(81, 85)
(82, 256)
(82, 130)
(82, 390)
(82, 151)
(82, 146)
(82, 275)
(82, 148)
(82, 279)
(82, 153)
(82, 283)
(82, 156)
(82, 285)
(82, 163)
(82, 164)
(82, 293)
(82, 183)
(82, 189)
(82, 190)
(82, 118)
(82, 203)
(82, 332)
(82, 335)
(82, 214)
(82, 221)
(82, 350)
(82, 96)
(82, 359)
(82, 107)
(82, 236)
(82, 239)
(82, 112)
(82, 246)
(83, 133)
(83, 264)
(83, 393)
(83, 139)
(83, 142)
(83, 146)
(83, 276)
(83, 150)
(83, 285)
(83, 164)
(83, 295)
(83, 296)
(83, 169)
(83, 171)
(83, 181)
(83, 189)
(83, 190)
(83, 118)
(83, 326)
(83, 327)
(83, 204)
(83, 335)
(83, 92)
(83, 87)
(83, 91)
(83, 348)
(83, 350)
(83, 96)
(83, 356)
(83, 361)
(83, 364)
(83, 112)
(83, 246)
(83, 378)
(83, 380)
(84, 259)
(84, 179)
(84, 265)
(84, 267)
(84, 274)
(84, 286)
(84, 301)
(84, 307)
(84, 180)
(84, 315)
(84, 318)
(84, 199)
(84, 201)
(84, 334)
(84, 337)
(84, 212)
(84, 343)
(84, 222)
(84, 223)
(84, 231)
(84, 367)
(84, 371)
(84, 372)
(84, 249)
(85, 128)
(85, 129)
(85, 266)
(85, 397)
(85, 143)
(85, 144)
(85, 195)
(85, 155)
(85, 289)
(85, 162)
(85, 313)
(85, 320)
(85, 323)
(85, 329)
(85, 342)
(85, 345)
(85, 90)
(85, 219)
(85, 93)
(85, 353)
(85, 358)
(85, 233)
(85, 365)
(85, 238)
(85, 241)
(85, 120)
(85, 254)
(86, 385)
(86, 386)
(86, 389)
(86, 391)
(86, 398)
(86, 109)
(86, 275)
(86, 156)
(86, 292)
(86, 92)
(86, 173)
(86, 303)
(86, 304)
(86, 94)
(86, 311)
(86, 317)
(86, 190)
(86, 191)
(86, 197)
(86, 200)
(86, 183)
(86, 335)
(86, 347)
(86, 220)
(86, 221)
(86, 350)
(86, 228)
(86, 106)
(86, 236)
(86, 237)
(86, 110)
(86, 369)
(86, 245)
(86, 246)
(86, 124)
(87, 133)
(87, 264)
(87, 393)
(87, 151)
(87, 142)
(87, 146)
(87, 276)
(87, 150)
(87, 279)
(87, 283)
(87, 284)
(87, 285)
(87, 291)
(87, 164)
(87, 295)
(87, 296)
(87, 169)
(87, 171)
(87, 157)
(87, 91)
(87, 181)
(87, 314)
(87, 189)
(87, 139)
(87, 326)
(87, 327)
(87, 204)
(87, 207)
(87, 335)
(87, 348)
(87, 350)
(87, 356)
(87, 361)
(87, 235)
(87, 112)
(87, 118)
(87, 378)
(87, 380)
(88, 131)
(88, 260)
(88, 261)
(88, 263)
(88, 392)
(88, 137)
(88, 395)
(88, 273)
(88, 149)
(88, 287)
(88, 166)
(88, 177)
(88, 135)
(88, 302)
(88, 175)
(88, 305)
(88, 178)
(88, 308)
(88, 182)
(88, 184)
(88, 313)
(88, 193)
(88, 194)
(88, 325)
(88, 198)
(88, 328)
(88, 205)
(88, 248)
(88, 338)
(88, 213)
(88, 342)
(88, 215)
(88, 90)
(88, 225)
(88, 227)
(88, 102)
(88, 230)
(88, 103)
(88, 366)
(88, 111)
(88, 240)
(88, 242)
(88, 374)
(88, 119)
(88, 376)
(88, 123)
(88, 126)
(88, 255)
(89, 256)
(89, 387)
(89, 390)
(89, 391)
(89, 394)
(89, 145)
(89, 277)
(89, 278)
(89, 153)
(89, 292)
(89, 134)
(89, 294)
(89, 298)
(89, 174)
(89, 187)
(89, 206)
(89, 209)
(89, 339)
(89, 341)
(89, 217)
(89, 100)
(89, 105)
(89, 362)
(89, 107)
(89, 244)
(89, 106)
(89, 247)
(89, 381)
(89, 382)
(90, 128)
(90, 129)
(90, 131)
(90, 135)
(90, 137)
(90, 266)
(90, 395)
(90, 397)
(90, 143)
(90, 149)
(90, 155)
(90, 162)
(90, 302)
(90, 175)
(90, 177)
(90, 308)
(90, 313)
(90, 320)
(90, 195)
(90, 325)
(90, 225)
(90, 329)
(90, 205)
(90, 120)
(90, 338)
(90, 213)
(90, 342)
(90, 345)
(90, 346)
(90, 93)
(90, 353)
(90, 358)
(90, 103)
(90, 111)
(90, 241)
(90, 242)
(90, 126)
(90, 248)
(90, 123)
(90, 254)
(91, 133)
(91, 264)
(91, 393)
(91, 139)
(91, 142)
(91, 146)
(91, 276)
(91, 150)
(91, 285)
(91, 164)
(91, 295)
(91, 169)
(91, 171)
(91, 303)
(91, 181)
(91, 183)
(91, 189)
(91, 190)
(91, 118)
(91, 326)
(91, 327)
(91, 204)
(91, 335)
(91, 92)
(91, 347)
(91, 348)
(91, 350)
(91, 96)
(91, 354)
(91, 356)
(91, 361)
(91, 364)
(91, 112)
(91, 246)
(91, 378)
(91, 380)
(92, 133)
(92, 393)
(92, 146)
(92, 152)
(92, 156)
(92, 295)
(92, 303)
(92, 304)
(92, 94)
(92, 310)
(92, 311)
(92, 190)
(92, 197)
(92, 331)
(92, 226)
(92, 335)
(92, 347)
(92, 220)
(92, 122)
(92, 350)
(92, 354)
(92, 228)
(92, 101)
(92, 360)
(92, 237)
(92, 125)
(92, 104)
(92, 378)
(92, 183)
(93, 128)
(93, 129)
(93, 131)
(93, 137)
(93, 266)
(93, 397)
(93, 143)
(93, 144)
(93, 195)
(93, 155)
(93, 289)
(93, 162)
(93, 302)
(93, 313)
(93, 320)
(93, 323)
(93, 225)
(93, 329)
(93, 342)
(93, 345)
(93, 219)
(93, 353)
(93, 358)
(93, 103)
(93, 233)
(93, 365)
(93, 238)
(93, 241)
(93, 120)
(93, 123)
(93, 254)
(94, 385)
(94, 386)
(94, 257)
(94, 258)
(94, 398)
(94, 109)
(94, 160)
(94, 167)
(94, 173)
(94, 303)
(94, 304)
(94, 310)
(94, 311)
(94, 104)
(94, 232)
(94, 191)
(94, 196)
(94, 197)
(94, 199)
(94, 200)
(94, 202)
(94, 183)
(94, 347)
(94, 220)
(94, 226)
(94, 355)
(94, 228)
(94, 101)
(94, 360)
(94, 124)
(94, 237)
(94, 110)
(94, 317)
(94, 368)
(94, 369)
(94, 245)
(94, 122)
(94, 252)
(95, 161)
(95, 115)
(95, 357)
(95, 211)
(95, 297)
(95, 138)
(95, 363)
(95, 300)
(95, 269)
(95, 271)
(95, 176)
(95, 216)
(95, 114)
(95, 243)
(95, 340)
(95, 141)
(95, 280)
(95, 121)
(96, 130)
(96, 390)
(96, 393)
(96, 146)
(96, 275)
(96, 148)
(96, 151)
(96, 153)
(96, 156)
(96, 285)
(96, 163)
(96, 164)
(96, 293)
(96, 183)
(96, 189)
(96, 190)
(96, 326)
(96, 203)
(96, 332)
(96, 335)
(96, 214)
(96, 348)
(96, 221)
(96, 350)
(96, 359)
(96, 236)
(96, 239)
(96, 112)
(96, 246)
(97, 128)
(97, 129)
(97, 132)
(97, 179)
(97, 140)
(97, 397)
(97, 143)
(97, 144)
(97, 286)
(97, 159)
(97, 289)
(97, 116)
(97, 301)
(97, 306)
(97, 307)
(97, 201)
(97, 312)
(97, 185)
(97, 316)
(97, 323)
(97, 324)
(97, 329)
(97, 333)
(97, 212)
(97, 343)
(97, 345)
(97, 219)
(97, 379)
(97, 233)
(97, 234)
(97, 108)
(97, 365)
(97, 238)
(97, 372)
(97, 120)
(97, 250)
(97, 251)
(98, 388)
(98, 262)
(98, 172)
(98, 269)
(98, 270)
(98, 271)
(98, 272)
(98, 147)
(98, 287)
(98, 161)
(98, 290)
(98, 99)
(98, 170)
(98, 300)
(98, 176)
(98, 115)
(98, 309)
(98, 121)
(98, 188)
(98, 181)
(98, 192)
(98, 198)
(98, 328)
(98, 141)
(98, 208)
(98, 211)
(98, 340)
(98, 215)
(98, 216)
(98, 349)
(98, 224)
(98, 227)
(98, 357)
(98, 363)
(98, 366)
(98, 113)
(98, 243)
(98, 377)
(98, 253)
(98, 127)
(99, 388)
(99, 262)
(99, 172)
(99, 270)
(99, 271)
(99, 287)
(99, 290)
(99, 168)
(99, 170)
(99, 300)
(99, 176)
(99, 178)
(99, 184)
(99, 188)
(99, 193)
(99, 198)
(99, 328)
(99, 208)
(99, 210)
(99, 215)
(99, 224)
(99, 102)
(99, 230)
(99, 366)
(99, 113)
(99, 374)
(99, 253)
(99, 127)
(100, 387)
(100, 134)
(100, 391)
(100, 394)
(100, 145)
(100, 277)
(100, 278)
(100, 292)
(100, 294)
(100, 298)
(100, 174)
(100, 187)
(100, 206)
(100, 209)
(100, 339)
(100, 341)
(100, 344)
(100, 217)
(100, 105)
(100, 362)
(100, 107)
(100, 244)
(100, 106)
(100, 247)
(100, 381)
(100, 382)
(101, 257)
(101, 258)
(101, 399)
(101, 152)
(101, 154)
(101, 160)
(101, 299)
(101, 303)
(101, 310)
(101, 311)
(101, 319)
(101, 196)
(101, 200)
(101, 330)
(101, 331)
(101, 226)
(101, 347)
(101, 351)
(101, 352)
(101, 354)
(101, 355)
(101, 228)
(101, 360)
(101, 237)
(101, 104)
(101, 245)
(101, 122)
(101, 252)
(101, 125)
(101, 383)
(102, 388)
(102, 261)
(102, 262)
(102, 263)
(102, 392)
(102, 137)
(102, 395)
(102, 270)
(102, 273)
(102, 149)
(102, 260)
(102, 287)
(102, 166)
(102, 177)
(102, 168)
(102, 135)
(102, 175)
(102, 305)
(102, 178)
(102, 308)
(102, 182)
(102, 184)
(102, 188)
(102, 193)
(102, 194)
(102, 325)
(102, 198)
(102, 328)
(102, 205)
(102, 338)
(102, 213)
(102, 215)
(102, 224)
(102, 227)
(102, 230)
(102, 103)
(102, 210)
(102, 366)
(102, 111)
(102, 240)
(102, 113)
(102, 242)
(102, 374)
(102, 119)
(102, 376)
(102, 123)
(102, 253)
(102, 126)
(102, 255)
(103, 131)
(103, 260)
(103, 261)
(103, 135)
(103, 137)
(103, 395)
(103, 273)
(103, 149)
(103, 155)
(103, 162)
(103, 166)
(103, 177)
(103, 302)
(103, 175)
(103, 305)
(103, 308)
(103, 182)
(103, 313)
(103, 320)
(103, 194)
(103, 325)
(103, 225)
(103, 205)
(103, 248)
(103, 338)
(103, 213)
(103, 342)
(103, 353)
(103, 358)
(103, 111)
(103, 241)
(103, 242)
(103, 374)
(103, 119)
(103, 376)
(103, 123)
(103, 126)
(103, 255)
(104, 257)
(104, 258)
(104, 399)
(104, 152)
(104, 154)
(104, 160)
(104, 299)
(104, 303)
(104, 310)
(104, 311)
(104, 319)
(104, 196)
(104, 200)
(104, 330)
(104, 331)
(104, 226)
(104, 347)
(104, 351)
(104, 352)
(104, 354)
(104, 355)
(104, 228)
(104, 360)
(104, 237)
(104, 245)
(104, 248)
(104, 122)
(104, 252)
(104, 125)
(104, 383)
(105, 256)
(105, 130)
(105, 387)
(105, 390)
(105, 394)
(105, 145)
(105, 275)
(105, 277)
(105, 278)
(105, 153)
(105, 163)
(105, 293)
(105, 294)
(105, 298)
(105, 174)
(105, 187)
(105, 134)
(105, 203)
(105, 206)
(105, 209)
(105, 339)
(105, 341)
(105, 217)
(105, 362)
(105, 107)
(105, 236)
(105, 244)
(105, 247)
(105, 381)
(106, 389)
(106, 134)
(106, 391)
(106, 394)
(106, 398)
(106, 145)
(106, 275)
(106, 277)
(106, 278)
(106, 153)
(106, 156)
(106, 288)
(106, 292)
(106, 293)
(106, 294)
(106, 173)
(106, 174)
(106, 187)
(106, 317)
(106, 191)
(106, 197)
(106, 206)
(106, 339)
(106, 344)
(106, 217)
(106, 221)
(106, 362)
(106, 107)
(106, 236)
(106, 109)
(106, 110)
(106, 369)
(106, 247)
(106, 381)
(106, 382)
(107, 256)
(107, 130)
(107, 387)
(107, 390)
(107, 391)
(107, 394)
(107, 275)
(107, 148)
(107, 277)
(107, 278)
(107, 153)
(107, 163)
(107, 292)
(107, 293)
(107, 294)
(107, 298)
(107, 174)
(107, 187)
(107, 134)
(107, 203)
(107, 206)
(107, 209)
(107, 339)
(107, 341)
(107, 217)
(107, 221)
(107, 359)
(107, 362)
(107, 236)
(107, 239)
(107, 244)
(107, 246)
(107, 247)
(107, 381)
(107, 382)
(108, 128)
(108, 129)
(108, 132)
(108, 179)
(108, 140)
(108, 397)
(108, 399)
(108, 144)
(108, 195)
(108, 196)
(108, 159)
(108, 289)
(108, 116)
(108, 299)
(108, 306)
(108, 307)
(108, 312)
(108, 185)
(108, 323)
(108, 324)
(108, 329)
(108, 143)
(108, 333)
(108, 337)
(108, 342)
(108, 343)
(108, 345)
(108, 219)
(108, 379)
(108, 358)
(108, 233)
(108, 234)
(108, 365)
(108, 238)
(108, 241)
(108, 372)
(108, 120)
(108, 250)
(108, 251)
(108, 383)
(109, 385)
(109, 386)
(109, 389)
(109, 134)
(109, 391)
(109, 398)
(109, 277)
(109, 156)
(109, 288)
(109, 292)
(109, 173)
(109, 304)
(109, 183)
(109, 186)
(109, 317)
(109, 191)
(109, 197)
(109, 339)
(109, 344)
(109, 220)
(109, 221)
(109, 236)
(109, 110)
(109, 369)
(109, 124)
(109, 382)
(110, 385)
(110, 386)
(110, 389)
(110, 391)
(110, 398)
(110, 156)
(110, 288)
(110, 292)
(110, 167)
(110, 173)
(110, 304)
(110, 183)
(110, 186)
(110, 317)
(110, 191)
(110, 160)
(110, 197)
(110, 200)
(110, 202)
(110, 344)
(110, 220)
(110, 228)
(110, 232)
(110, 369)
(110, 245)
(110, 375)
(110, 124)
(111, 131)
(111, 261)
(111, 263)
(111, 392)
(111, 395)
(111, 396)
(111, 273)
(111, 149)
(111, 158)
(111, 162)
(111, 193)
(111, 370)
(111, 175)
(111, 305)
(111, 178)
(111, 308)
(111, 182)
(111, 184)
(111, 313)
(111, 117)
(111, 320)
(111, 321)
(111, 325)
(111, 205)
(111, 338)
(111, 213)
(111, 215)
(111, 346)
(111, 225)
(111, 229)
(111, 230)
(111, 240)
(111, 242)
(111, 126)
(111, 374)
(111, 119)
(111, 136)
(111, 123)
(111, 254)
(111, 255)
(112, 256)
(112, 130)
(112, 390)
(112, 393)
(112, 151)
(112, 146)
(112, 275)
(112, 148)
(112, 279)
(112, 153)
(112, 283)
(112, 156)
(112, 285)
(112, 163)
(112, 164)
(112, 293)
(112, 183)
(112, 189)
(112, 190)
(112, 118)
(112, 326)
(112, 327)
(112, 203)
(112, 332)
(112, 335)
(112, 214)
(112, 348)
(112, 221)
(112, 350)
(112, 359)
(112, 236)
(112, 239)
(112, 246)
(113, 388)
(113, 261)
(113, 262)
(113, 270)
(113, 260)
(113, 287)
(113, 290)
(113, 168)
(113, 170)
(113, 172)
(113, 305)
(113, 178)
(113, 182)
(113, 184)
(113, 188)
(113, 193)
(113, 194)
(113, 198)
(113, 328)
(113, 208)
(113, 210)
(113, 215)
(113, 224)
(113, 227)
(113, 230)
(113, 366)
(113, 374)
(113, 119)
(113, 376)
(113, 127)
(113, 253)
(113, 255)
(114, 165)
(114, 297)
(114, 268)
(114, 336)
(114, 280)
(115, 363)
(115, 388)
(115, 262)
(115, 264)
(115, 172)
(115, 138)
(115, 269)
(115, 271)
(115, 272)
(115, 147)
(115, 280)
(115, 161)
(115, 290)
(115, 170)
(115, 171)
(115, 300)
(115, 176)
(115, 309)
(115, 181)
(115, 192)
(115, 322)
(115, 141)
(115, 208)
(115, 211)
(115, 340)
(115, 121)
(115, 216)
(115, 349)
(115, 357)
(115, 235)
(115, 243)
(115, 377)
(115, 127)
(116, 128)
(116, 129)
(116, 132)
(116, 179)
(116, 265)
(116, 267)
(116, 140)
(116, 397)
(116, 399)
(116, 144)
(116, 196)
(116, 159)
(116, 289)
(116, 301)
(116, 306)
(116, 307)
(116, 312)
(116, 185)
(116, 316)
(116, 318)
(116, 323)
(116, 324)
(116, 201)
(116, 143)
(116, 333)
(116, 337)
(116, 212)
(116, 343)
(116, 345)
(116, 219)
(116, 379)
(116, 231)
(116, 233)
(116, 234)
(116, 365)
(116, 238)
(116, 372)
(116, 120)
(116, 250)
(116, 251)
(116, 383)
(117, 131)
(117, 261)
(117, 263)
(117, 392)
(117, 396)
(117, 273)
(117, 158)
(117, 193)
(117, 136)
(117, 178)
(117, 308)
(117, 182)
(117, 321)
(117, 205)
(117, 210)
(117, 346)
(117, 229)
(117, 230)
(117, 338)
(117, 240)
(117, 370)
(117, 373)
(117, 126)
(117, 255)
(118, 133)
(118, 279)
(118, 142)
(118, 146)
(118, 276)
(118, 150)
(118, 151)
(118, 283)
(118, 284)
(118, 285)
(118, 291)
(118, 164)
(118, 296)
(118, 157)
(118, 314)
(118, 189)
(118, 139)
(118, 326)
(118, 327)
(118, 332)
(118, 214)
(118, 348)
(118, 356)
(118, 359)
(118, 361)
(118, 148)
(118, 378)
(118, 380)
(119, 260)
(119, 261)
(119, 263)
(119, 392)
(119, 137)
(119, 395)
(119, 270)
(119, 273)
(119, 149)
(119, 287)
(119, 166)
(119, 177)
(119, 168)
(119, 135)
(119, 175)
(119, 305)
(119, 178)
(119, 308)
(119, 182)
(119, 184)
(119, 193)
(119, 194)
(119, 325)
(119, 198)
(119, 328)
(119, 205)
(119, 338)
(119, 213)
(119, 215)
(119, 224)
(119, 225)
(119, 227)
(119, 230)
(119, 210)
(119, 366)
(119, 240)
(119, 242)
(119, 374)
(119, 376)
(119, 123)
(119, 253)
(119, 126)
(119, 255)
(120, 128)
(120, 129)
(120, 132)
(120, 140)
(120, 397)
(120, 143)
(120, 144)
(120, 195)
(120, 155)
(120, 159)
(120, 289)
(120, 299)
(120, 302)
(120, 306)
(120, 312)
(120, 185)
(120, 320)
(120, 323)
(120, 324)
(120, 329)
(120, 333)
(120, 342)
(120, 345)
(120, 219)
(120, 353)
(120, 379)
(120, 358)
(120, 233)
(120, 234)
(120, 365)
(120, 238)
(120, 241)
(120, 250)
(120, 251)
(120, 383)
(121, 235)
(121, 264)
(121, 172)
(121, 138)
(121, 268)
(121, 269)
(121, 271)
(121, 141)
(121, 280)
(121, 161)
(121, 290)
(121, 297)
(121, 171)
(121, 300)
(121, 176)
(121, 309)
(121, 314)
(121, 181)
(121, 192)
(121, 322)
(121, 207)
(121, 211)
(121, 340)
(121, 216)
(121, 349)
(121, 357)
(121, 363)
(121, 243)
(122, 257)
(122, 258)
(122, 399)
(122, 152)
(122, 282)
(122, 154)
(122, 299)
(122, 303)
(122, 310)
(122, 311)
(122, 319)
(122, 196)
(122, 200)
(122, 330)
(122, 331)
(122, 226)
(122, 347)
(122, 351)
(122, 352)
(122, 354)
(122, 355)
(122, 228)
(122, 360)
(122, 237)
(122, 245)
(122, 248)
(122, 252)
(122, 125)
(122, 383)
(123, 131)
(123, 261)
(123, 263)
(123, 392)
(123, 137)
(123, 266)
(123, 395)
(123, 273)
(123, 149)
(123, 155)
(123, 158)
(123, 162)
(123, 177)
(123, 135)
(123, 370)
(123, 302)
(123, 175)
(123, 305)
(123, 308)
(123, 182)
(123, 313)
(123, 320)
(123, 325)
(123, 205)
(123, 338)
(123, 213)
(123, 342)
(123, 346)
(123, 225)
(123, 358)
(123, 240)
(123, 241)
(123, 242)
(123, 126)
(123, 374)
(123, 254)
(123, 255)
(124, 385)
(124, 386)
(124, 389)
(124, 398)
(124, 281)
(124, 288)
(124, 167)
(124, 173)
(124, 304)
(124, 186)
(124, 317)
(124, 191)
(124, 160)
(124, 197)
(124, 199)
(124, 200)
(124, 202)
(124, 344)
(124, 220)
(124, 228)
(124, 232)
(124, 367)
(124, 368)
(124, 369)
(124, 245)
(124, 375)
(125, 384)
(125, 258)
(125, 152)
(125, 282)
(125, 154)
(125, 166)
(125, 299)
(125, 303)
(125, 310)
(125, 311)
(125, 319)
(125, 330)
(125, 331)
(125, 226)
(125, 218)
(125, 347)
(125, 351)
(125, 352)
(125, 354)
(125, 355)
(125, 228)
(125, 360)
(125, 237)
(125, 245)
(125, 248)
(125, 252)
(126, 131)
(126, 260)
(126, 261)
(126, 263)
(126, 392)
(126, 137)
(126, 395)
(126, 396)
(126, 273)
(126, 149)
(126, 287)
(126, 177)
(126, 135)
(126, 370)
(126, 175)
(126, 305)
(126, 178)
(126, 308)
(126, 182)
(126, 184)
(126, 313)
(126, 193)
(126, 194)
(126, 325)
(126, 198)
(126, 328)
(126, 205)
(126, 338)
(126, 213)
(126, 215)
(126, 346)
(126, 225)
(126, 230)
(126, 210)
(126, 366)
(126, 240)
(126, 242)
(126, 374)
(126, 376)
(126, 136)
(126, 255)
(127, 388)
(127, 262)
(127, 172)
(127, 138)
(127, 269)
(127, 270)
(127, 271)
(127, 147)
(127, 287)
(127, 161)
(127, 290)
(127, 170)
(127, 300)
(127, 176)
(127, 188)
(127, 198)
(127, 328)
(127, 208)
(127, 211)
(127, 340)
(127, 216)
(127, 224)
(127, 363)
(127, 366)
(127, 243)
(127, 253)
(128, 129)
(128, 266)
(128, 140)
(128, 397)
(128, 143)
(128, 144)
(128, 195)
(128, 155)
(128, 159)
(128, 289)
(128, 306)
(128, 312)
(128, 185)
(128, 320)
(128, 323)
(128, 324)
(128, 329)
(128, 333)
(128, 342)
(128, 345)
(128, 219)
(128, 353)
(128, 379)
(128, 358)
(128, 233)
(128, 234)
(128, 365)
(128, 238)
(128, 241)
(128, 250)
(128, 251)
(129, 266)
(129, 140)
(129, 397)
(129, 143)
(129, 144)
(129, 195)
(129, 155)
(129, 159)
(129, 289)
(129, 306)
(129, 312)
(129, 185)
(129, 320)
(129, 323)
(129, 324)
(129, 329)
(129, 333)
(129, 342)
(129, 345)
(129, 219)
(129, 353)
(129, 379)
(129, 358)
(129, 233)
(129, 234)
(129, 365)
(129, 238)
(129, 241)
(129, 250)
(129, 251)
(130, 256)
(130, 387)
(130, 390)
(130, 151)
(130, 275)
(130, 148)
(130, 279)
(130, 153)
(130, 283)
(130, 285)
(130, 163)
(130, 293)
(130, 174)
(130, 189)
(130, 190)
(130, 203)
(130, 332)
(130, 341)
(130, 214)
(130, 217)
(130, 359)
(130, 236)
(130, 239)
(130, 246)
(130, 247)
(131, 261)
(131, 263)
(131, 392)
(131, 266)
(131, 395)
(131, 273)
(131, 149)
(131, 155)
(131, 158)
(131, 162)
(131, 370)
(131, 175)
(131, 305)
(131, 308)
(131, 182)
(131, 313)
(131, 320)
(131, 321)
(131, 325)
(131, 205)
(131, 338)
(131, 213)
(131, 346)
(131, 225)
(131, 229)
(131, 240)
(131, 242)
(131, 136)
(131, 254)
(131, 255)
(132, 257)
(132, 258)
(132, 179)
(132, 265)
(132, 140)
(132, 397)
(132, 399)
(132, 196)
(132, 159)
(132, 289)
(132, 299)
(132, 301)
(132, 307)
(132, 312)
(132, 185)
(132, 318)
(132, 319)
(132, 324)
(132, 199)
(132, 330)
(132, 337)
(132, 343)
(132, 345)
(132, 355)
(132, 231)
(132, 360)
(132, 234)
(132, 365)
(132, 368)
(132, 372)
(132, 251)
(132, 379)
(132, 252)
(132, 383)
(133, 264)
(133, 393)
(133, 139)
(133, 142)
(133, 146)
(133, 276)
(133, 150)
(133, 285)
(133, 164)
(133, 295)
(133, 169)
(133, 171)
(133, 309)
(133, 181)
(133, 192)
(133, 326)
(133, 327)
(133, 204)
(133, 335)
(133, 348)
(133, 349)
(133, 350)
(133, 356)
(133, 361)
(133, 364)
(133, 378)
(133, 380)
(134, 387)
(134, 389)
(134, 390)
(134, 391)
(134, 394)
(134, 145)
(134, 275)
(134, 277)
(134, 278)
(134, 153)
(134, 156)
(134, 292)
(134, 293)
(134, 294)
(134, 298)
(134, 174)
(134, 187)
(134, 197)
(134, 203)
(134, 206)
(134, 209)
(134, 339)
(134, 341)
(134, 344)
(134, 217)
(134, 221)
(134, 362)
(134, 236)
(134, 369)
(134, 244)
(134, 247)
(134, 381)
(134, 382)
(135, 384)
(135, 260)
(135, 137)
(135, 395)
(135, 149)
(135, 282)
(135, 287)
(135, 166)
(135, 177)
(135, 302)
(135, 175)
(135, 305)
(135, 308)
(135, 182)
(135, 194)
(135, 325)
(135, 205)
(135, 248)
(135, 338)
(135, 213)
(135, 342)
(135, 215)
(135, 218)
(135, 351)
(135, 352)
(135, 227)
(135, 358)
(135, 366)
(135, 242)
(135, 374)
(135, 376)
(135, 255)
(136, 261)
(136, 263)
(136, 392)
(136, 396)
(136, 273)
(136, 158)
(136, 193)
(136, 178)
(136, 321)
(136, 210)
(136, 346)
(136, 229)
(136, 338)
(136, 240)
(136, 370)
(136, 373)
(137, 260)
(137, 395)
(137, 149)
(137, 282)
(137, 166)
(137, 177)
(137, 299)
(137, 302)
(137, 175)
(137, 305)
(137, 308)
(137, 313)
(137, 320)
(137, 194)
(137, 325)
(137, 205)
(137, 248)
(137, 338)
(137, 213)
(137, 342)
(137, 345)
(137, 351)
(137, 352)
(137, 225)
(137, 358)
(137, 241)
(137, 242)
(137, 376)
(138, 271)
(138, 141)
(138, 280)
(138, 161)
(138, 297)
(138, 170)
(138, 300)
(138, 176)
(138, 243)
(138, 322)
(138, 269)
(138, 211)
(138, 340)
(138, 216)
(138, 208)
(138, 357)
(138, 363)
(139, 264)
(139, 393)
(139, 268)
(139, 142)
(139, 146)
(139, 276)
(139, 150)
(139, 279)
(139, 283)
(139, 284)
(139, 285)
(139, 291)
(139, 164)
(139, 296)
(139, 171)
(139, 157)
(139, 181)
(139, 314)
(139, 322)
(139, 326)
(139, 327)
(139, 204)
(139, 207)
(139, 348)
(139, 349)
(139, 356)
(139, 361)
(139, 235)
(139, 378)
(139, 380)
(140, 179)
(140, 397)
(140, 399)
(140, 144)
(140, 195)
(140, 196)
(140, 159)
(140, 289)
(140, 299)
(140, 301)
(140, 306)
(140, 307)
(140, 312)
(140, 185)
(140, 323)
(140, 324)
(140, 329)
(140, 143)
(140, 333)
(140, 337)
(140, 212)
(140, 343)
(140, 345)
(140, 219)
(140, 379)
(140, 358)
(140, 233)
(140, 234)
(140, 365)
(140, 238)
(140, 241)
(140, 372)
(140, 250)
(140, 251)
(140, 383)
(141, 363)
(141, 300)
(141, 268)
(141, 269)
(141, 271)
(141, 280)
(141, 161)
(141, 290)
(141, 297)
(141, 171)
(141, 172)
(141, 176)
(141, 309)
(141, 181)
(141, 192)
(141, 322)
(141, 207)
(141, 211)
(141, 340)
(141, 216)
(141, 349)
(141, 357)
(141, 235)
(141, 243)
(142, 264)
(142, 393)
(142, 146)
(142, 276)
(142, 150)
(142, 283)
(142, 284)
(142, 285)
(142, 291)
(142, 164)
(142, 295)
(142, 296)
(142, 169)
(142, 171)
(142, 157)
(142, 181)
(142, 314)
(142, 192)
(142, 322)
(142, 326)
(142, 327)
(142, 204)
(142, 207)
(142, 348)
(142, 349)
(142, 350)
(142, 356)
(142, 361)
(142, 235)
(142, 378)
(142, 380)
(143, 266)
(143, 397)
(143, 144)
(143, 195)
(143, 155)
(143, 159)
(143, 289)
(143, 306)
(143, 312)
(143, 185)
(143, 320)
(143, 323)
(143, 324)
(143, 329)
(143, 333)
(143, 342)
(143, 345)
(143, 219)
(143, 353)
(143, 379)
(143, 358)
(143, 233)
(143, 234)
(143, 365)
(143, 238)
(143, 241)
(143, 250)
(143, 251)
(144, 266)
(144, 397)
(144, 195)
(144, 155)
(144, 159)
(144, 289)
(144, 306)
(144, 312)
(144, 185)
(144, 320)
(144, 323)
(144, 324)
(144, 329)
(144, 333)
(144, 342)
(144, 345)
(144, 219)
(144, 353)
(144, 379)
(144, 358)
(144, 233)
(144, 234)
(144, 365)
(144, 238)
(144, 241)
(144, 250)
(144, 251)
(145, 391)
(145, 394)
(145, 277)
(145, 278)
(145, 288)
(145, 292)
(145, 294)
(145, 298)
(145, 174)
(145, 187)
(145, 206)
(145, 209)
(145, 339)
(145, 344)
(145, 217)
(145, 362)
(145, 244)
(145, 381)
(145, 382)
(146, 393)
(146, 276)
(146, 285)
(146, 164)
(146, 295)
(146, 169)
(146, 303)
(146, 183)
(146, 189)
(146, 190)
(146, 326)
(146, 327)
(146, 204)
(146, 335)
(146, 348)
(146, 350)
(146, 361)
(146, 246)
(146, 378)
(146, 380)
(147, 384)
(147, 388)
(147, 262)
(147, 264)
(147, 194)
(147, 272)
(147, 282)
(147, 287)
(147, 161)
(147, 290)
(147, 166)
(147, 295)
(147, 169)
(147, 170)
(147, 171)
(147, 172)
(147, 309)
(147, 181)
(147, 192)
(147, 322)
(147, 204)
(147, 211)
(147, 216)
(147, 218)
(147, 349)
(147, 227)
(147, 364)
(147, 376)
(147, 377)
(147, 380)
(148, 256)
(148, 390)
(148, 151)
(148, 275)
(148, 279)
(148, 153)
(148, 283)
(148, 285)
(148, 163)
(148, 164)
(148, 293)
(148, 189)
(148, 190)
(148, 203)
(148, 332)
(148, 214)
(148, 221)
(148, 359)
(148, 236)
(148, 239)
(148, 246)
(149, 260)
(149, 261)
(149, 392)
(149, 395)
(149, 273)
(149, 287)
(149, 162)
(149, 166)
(149, 177)
(149, 302)
(149, 175)
(149, 305)
(149, 308)
(149, 182)
(149, 184)
(149, 313)
(149, 320)
(149, 194)
(149, 325)
(149, 205)
(149, 248)
(149, 338)
(149, 213)
(149, 342)
(149, 215)
(149, 225)
(149, 358)
(149, 366)
(149, 241)
(149, 242)
(149, 374)
(149, 376)
(149, 255)
(150, 264)
(150, 268)
(150, 276)
(150, 284)
(150, 285)
(150, 291)
(150, 164)
(150, 165)
(150, 296)
(150, 169)
(150, 171)
(150, 157)
(150, 309)
(150, 314)
(150, 181)
(150, 192)
(150, 322)
(150, 326)
(150, 327)
(150, 204)
(150, 207)
(150, 348)
(150, 349)
(150, 356)
(150, 361)
(150, 235)
(150, 378)
(150, 380)
(151, 256)
(151, 279)
(151, 153)
(151, 283)
(151, 285)
(151, 163)
(151, 164)
(151, 293)
(151, 189)
(151, 190)
(151, 327)
(151, 203)
(151, 332)
(151, 214)
(151, 348)
(151, 359)
(151, 239)
(151, 246)
(152, 257)
(152, 258)
(152, 399)
(152, 282)
(152, 154)
(152, 166)
(152, 299)
(152, 303)
(152, 310)
(152, 311)
(152, 319)
(152, 196)
(152, 200)
(152, 330)
(152, 331)
(152, 226)
(152, 218)
(152, 347)
(152, 351)
(152, 352)
(152, 354)
(152, 355)
(152, 228)
(152, 360)
(152, 237)
(152, 245)
(152, 248)
(152, 252)
(152, 383)
(153, 256)
(153, 387)
(153, 390)
(153, 391)
(153, 394)
(153, 275)
(153, 278)
(153, 156)
(153, 163)
(153, 292)
(153, 293)
(153, 294)
(153, 298)
(153, 174)
(153, 187)
(153, 189)
(153, 190)
(153, 203)
(153, 332)
(153, 206)
(153, 339)
(153, 341)
(153, 214)
(153, 217)
(153, 221)
(153, 359)
(153, 362)
(153, 236)
(153, 239)
(153, 244)
(153, 246)
(153, 247)
(153, 381)
(154, 257)
(154, 258)
(154, 399)
(154, 282)
(154, 166)
(154, 299)
(154, 302)
(154, 303)
(154, 310)
(154, 311)
(154, 319)
(154, 196)
(154, 330)
(154, 331)
(154, 226)
(154, 218)
(154, 347)
(154, 351)
(154, 352)
(154, 354)
(154, 355)
(154, 228)
(154, 360)
(154, 237)
(154, 245)
(154, 248)
(154, 252)
(154, 383)
(155, 266)
(155, 397)
(155, 158)
(155, 162)
(155, 308)
(155, 313)
(155, 320)
(155, 195)
(155, 325)
(155, 225)
(155, 329)
(155, 205)
(155, 342)
(155, 345)
(155, 346)
(155, 353)
(155, 358)
(155, 241)
(155, 254)
(156, 389)
(156, 391)
(156, 275)
(156, 292)
(156, 293)
(156, 304)
(156, 183)
(156, 317)
(156, 190)
(156, 191)
(156, 197)
(156, 335)
(156, 339)
(156, 220)
(156, 221)
(156, 350)
(156, 236)
(156, 369)
(156, 246)
(157, 268)
(157, 276)
(157, 279)
(157, 283)
(157, 284)
(157, 285)
(157, 291)
(157, 164)
(157, 165)
(157, 296)
(157, 171)
(157, 314)
(157, 326)
(157, 327)
(157, 207)
(157, 348)
(157, 356)
(157, 361)
(157, 235)
(157, 380)
(158, 263)
(158, 392)
(158, 395)
(158, 396)
(158, 273)
(158, 162)
(158, 308)
(158, 313)
(158, 321)
(158, 325)
(158, 205)
(158, 338)
(158, 346)
(158, 225)
(158, 229)
(158, 370)
(158, 373)
(158, 254)
(159, 179)
(159, 265)
(159, 397)
(159, 399)
(159, 195)
(159, 196)
(159, 289)
(159, 301)
(159, 306)
(159, 307)
(159, 201)
(159, 312)
(159, 185)
(159, 316)
(159, 323)
(159, 324)
(159, 329)
(159, 333)
(159, 337)
(159, 212)
(159, 343)
(159, 345)
(159, 219)
(159, 379)
(159, 233)
(159, 234)
(159, 365)
(159, 238)
(159, 372)
(159, 250)
(159, 251)
(159, 383)
(160, 385)
(160, 386)
(160, 257)
(160, 265)
(160, 258)
(160, 399)
(160, 281)
(160, 167)
(160, 304)
(160, 307)
(160, 315)
(160, 317)
(160, 318)
(160, 191)
(160, 196)
(160, 199)
(160, 200)
(160, 202)
(160, 337)
(160, 220)
(160, 355)
(160, 228)
(160, 231)
(160, 360)
(160, 237)
(160, 367)
(160, 368)
(160, 232)
(160, 245)
(160, 252)
(161, 363)
(161, 388)
(161, 172)
(161, 269)
(161, 271)
(161, 280)
(161, 290)
(161, 297)
(161, 170)
(161, 171)
(161, 300)
(161, 176)
(161, 309)
(161, 181)
(161, 192)
(161, 322)
(161, 208)
(161, 211)
(161, 340)
(161, 216)
(161, 349)
(161, 357)
(161, 235)
(161, 243)
(162, 266)
(162, 395)
(162, 370)
(162, 175)
(162, 308)
(162, 313)
(162, 320)
(162, 195)
(162, 325)
(162, 225)
(162, 329)
(162, 205)
(162, 338)
(162, 342)
(162, 346)
(162, 353)
(162, 358)
(162, 241)
(162, 242)
(162, 254)
(163, 256)
(163, 387)
(163, 390)
(163, 275)
(163, 279)
(163, 283)
(163, 285)
(163, 293)
(163, 174)
(163, 189)
(163, 190)
(163, 203)
(163, 332)
(163, 341)
(163, 214)
(163, 217)
(163, 221)
(163, 359)
(163, 236)
(163, 239)
(163, 246)
(163, 247)
(164, 393)
(164, 276)
(164, 279)
(164, 283)
(164, 284)
(164, 285)
(164, 291)
(164, 296)
(164, 189)
(164, 326)
(164, 327)
(164, 204)
(164, 332)
(164, 214)
(164, 348)
(164, 350)
(164, 356)
(164, 359)
(164, 361)
(164, 246)
(164, 378)
(164, 380)
(165, 291)
(165, 356)
(165, 296)
(165, 297)
(165, 235)
(165, 268)
(165, 207)
(165, 336)
(165, 314)
(165, 284)
(166, 384)
(166, 260)
(166, 272)
(166, 282)
(166, 287)
(166, 305)
(166, 302)
(166, 177)
(166, 194)
(166, 331)
(166, 248)
(166, 215)
(166, 218)
(166, 351)
(166, 352)
(166, 227)
(166, 364)
(166, 366)
(166, 242)
(166, 374)
(166, 376)
(166, 377)
(167, 385)
(167, 386)
(167, 257)
(167, 265)
(167, 398)
(167, 274)
(167, 281)
(167, 173)
(167, 180)
(167, 186)
(167, 315)
(167, 318)
(167, 191)
(167, 199)
(167, 200)
(167, 202)
(167, 222)
(167, 223)
(167, 231)
(167, 232)
(167, 367)
(167, 368)
(167, 375)
(167, 249)
(168, 388)
(168, 261)
(168, 262)
(168, 263)
(168, 392)
(168, 270)
(168, 273)
(168, 287)
(168, 305)
(168, 178)
(168, 182)
(168, 184)
(168, 188)
(168, 193)
(168, 198)
(168, 328)
(168, 208)
(168, 210)
(168, 215)
(168, 224)
(168, 230)
(168, 366)
(168, 240)
(168, 374)
(168, 253)
(168, 255)
(169, 384)
(169, 264)
(169, 393)
(169, 272)
(169, 276)
(169, 282)
(169, 295)
(169, 171)
(169, 309)
(169, 181)
(169, 192)
(169, 322)
(169, 326)
(169, 327)
(169, 204)
(169, 218)
(169, 348)
(169, 349)
(169, 350)
(169, 354)
(169, 361)
(169, 364)
(169, 377)
(169, 378)
(169, 380)
(170, 388)
(170, 262)
(170, 172)
(170, 269)
(170, 270)
(170, 271)
(170, 287)
(170, 290)
(170, 300)
(170, 176)
(170, 309)
(170, 188)
(170, 198)
(170, 328)
(170, 208)
(170, 211)
(170, 340)
(170, 216)
(170, 224)
(170, 363)
(170, 366)
(170, 243)
(170, 253)
(171, 264)
(171, 268)
(171, 272)
(171, 276)
(171, 291)
(171, 295)
(171, 296)
(171, 309)
(171, 314)
(171, 181)
(171, 192)
(171, 322)
(171, 326)
(171, 327)
(171, 204)
(171, 207)
(171, 211)
(171, 348)
(171, 349)
(171, 356)
(171, 357)
(171, 361)
(171, 235)
(171, 364)
(171, 378)
(171, 380)
(172, 384)
(172, 388)
(172, 262)
(172, 264)
(172, 269)
(172, 271)
(172, 272)
(172, 287)
(172, 290)
(172, 300)
(172, 176)
(172, 309)
(172, 188)
(172, 181)
(172, 192)
(172, 322)
(172, 198)
(172, 328)
(172, 208)
(172, 211)
(172, 340)
(172, 215)
(172, 216)
(172, 349)
(172, 224)
(172, 227)
(172, 357)
(172, 363)
(172, 364)
(172, 366)
(172, 243)
(172, 377)
(172, 253)
(173, 385)
(173, 386)
(173, 389)
(173, 391)
(173, 398)
(173, 288)
(173, 292)
(173, 304)
(173, 186)
(173, 317)
(173, 191)
(173, 197)
(173, 202)
(173, 344)
(173, 220)
(173, 232)
(173, 369)
(173, 375)
(173, 382)
(174, 256)
(174, 387)
(174, 390)
(174, 391)
(174, 394)
(174, 275)
(174, 277)
(174, 278)
(174, 292)
(174, 293)
(174, 294)
(174, 298)
(174, 187)
(174, 203)
(174, 206)
(174, 209)
(174, 339)
(174, 341)
(174, 217)
(174, 221)
(174, 362)
(174, 236)
(174, 239)
(174, 244)
(174, 247)
(174, 381)
(174, 382)
(175, 260)
(175, 261)
(175, 263)
(175, 392)
(175, 395)
(175, 273)
(175, 287)
(175, 177)
(175, 242)
(175, 302)
(175, 305)
(175, 178)
(175, 308)
(175, 182)
(175, 184)
(175, 313)
(175, 320)
(175, 193)
(175, 194)
(175, 325)
(175, 198)
(175, 205)
(175, 338)
(175, 213)
(175, 342)
(175, 215)
(175, 346)
(175, 225)
(175, 230)
(175, 358)
(175, 366)
(175, 240)
(175, 370)
(175, 374)
(175, 376)
(175, 255)
(176, 388)
(176, 262)
(176, 269)
(176, 271)
(176, 280)
(176, 290)
(176, 300)
(176, 211)
(176, 340)
(176, 216)
(176, 208)
(176, 357)
(176, 363)
(176, 243)
(177, 384)
(177, 260)
(177, 261)
(177, 395)
(177, 282)
(177, 287)
(177, 302)
(177, 305)
(177, 308)
(177, 182)
(177, 184)
(177, 194)
(177, 325)
(177, 198)
(177, 205)
(177, 248)
(177, 338)
(177, 213)
(177, 342)
(177, 215)
(177, 218)
(177, 351)
(177, 352)
(177, 227)
(177, 366)
(177, 242)
(177, 374)
(177, 376)
(177, 377)
(177, 255)
(178, 260)
(178, 261)
(178, 263)
(178, 392)
(178, 395)
(178, 396)
(178, 270)
(178, 273)
(178, 287)
(178, 305)
(178, 308)
(178, 182)
(178, 184)
(178, 188)
(178, 193)
(178, 325)
(178, 198)
(178, 328)
(178, 205)
(178, 338)
(178, 213)
(178, 215)
(178, 224)
(178, 230)
(178, 210)
(178, 366)
(178, 240)
(178, 374)
(178, 253)
(178, 255)
(179, 265)
(179, 267)
(179, 399)
(179, 196)
(179, 289)
(179, 301)
(179, 306)
(179, 307)
(179, 312)
(179, 185)
(179, 315)
(179, 316)
(179, 318)
(179, 324)
(179, 201)
(179, 333)
(179, 337)
(179, 212)
(179, 343)
(179, 379)
(179, 231)
(179, 233)
(179, 234)
(179, 365)
(179, 372)
(179, 250)
(179, 251)
(179, 383)
(180, 265)
(180, 267)
(180, 274)
(180, 281)
(180, 301)
(180, 307)
(180, 315)
(180, 318)
(180, 199)
(180, 202)
(180, 337)
(180, 343)
(180, 222)
(180, 223)
(180, 231)
(180, 232)
(180, 367)
(180, 368)
(180, 371)
(180, 372)
(180, 249)
(181, 384)
(181, 363)
(181, 264)
(181, 272)
(181, 276)
(181, 290)
(181, 295)
(181, 309)
(181, 192)
(181, 322)
(181, 326)
(181, 327)
(181, 204)
(181, 207)
(181, 211)
(181, 216)
(181, 218)
(181, 348)
(181, 349)
(181, 356)
(181, 357)
(181, 361)
(181, 235)
(181, 364)
(181, 377)
(181, 378)
(181, 380)
(182, 260)
(182, 261)
(182, 263)
(182, 392)
(182, 395)
(182, 396)
(182, 270)
(182, 273)
(182, 287)
(182, 305)
(182, 308)
(182, 184)
(182, 313)
(182, 193)
(182, 194)
(182, 325)
(182, 198)
(182, 328)
(182, 205)
(182, 338)
(182, 213)
(182, 215)
(182, 224)
(182, 225)
(182, 230)
(182, 210)
(182, 366)
(182, 240)
(182, 242)
(182, 374)
(182, 376)
(182, 253)
(182, 255)
(183, 389)
(183, 391)
(183, 393)
(183, 275)
(183, 292)
(183, 293)
(183, 303)
(183, 304)
(183, 311)
(183, 317)
(183, 190)
(183, 197)
(183, 335)
(183, 347)
(183, 220)
(183, 221)
(183, 350)
(183, 228)
(183, 236)
(183, 369)
(183, 246)
(184, 388)
(184, 261)
(184, 262)
(184, 263)
(184, 392)
(184, 395)
(184, 270)
(184, 273)
(184, 260)
(184, 287)
(184, 305)
(184, 308)
(184, 188)
(184, 193)
(184, 194)
(184, 325)
(184, 198)
(184, 328)
(184, 205)
(184, 338)
(184, 213)
(184, 215)
(184, 224)
(184, 230)
(184, 210)
(184, 366)
(184, 240)
(184, 374)
(184, 376)
(184, 253)
(184, 255)
(185, 258)
(185, 265)
(185, 397)
(185, 399)
(185, 195)
(185, 196)
(185, 289)
(185, 299)
(185, 301)
(185, 306)
(185, 307)
(185, 312)
(185, 323)
(185, 324)
(185, 329)
(185, 333)
(185, 337)
(185, 212)
(185, 343)
(185, 345)
(185, 219)
(185, 355)
(185, 233)
(185, 234)
(185, 365)
(185, 238)
(185, 241)
(185, 372)
(185, 251)
(185, 250)
(185, 379)
(185, 383)
(186, 385)
(186, 386)
(186, 398)
(186, 281)
(186, 288)
(186, 317)
(186, 191)
(186, 202)
(186, 344)
(186, 220)
(186, 232)
(186, 367)
(186, 375)
(187, 256)
(187, 387)
(187, 390)
(187, 394)
(187, 275)
(187, 277)
(187, 278)
(187, 292)
(187, 293)
(187, 294)
(187, 298)
(187, 203)
(187, 206)
(187, 209)
(187, 339)
(187, 341)
(187, 217)
(187, 362)
(187, 236)
(187, 244)
(187, 247)
(187, 381)
(187, 382)
(188, 388)
(188, 262)
(188, 270)
(188, 287)
(188, 290)
(188, 193)
(188, 198)
(188, 328)
(188, 208)
(188, 210)
(188, 215)
(188, 224)
(188, 230)
(188, 366)
(188, 374)
(188, 253)
(189, 256)
(189, 390)
(189, 393)
(189, 275)
(189, 279)
(189, 283)
(189, 285)
(189, 293)
(189, 190)
(189, 326)
(189, 327)
(189, 203)
(189, 332)
(189, 335)
(189, 214)
(189, 348)
(189, 221)
(189, 350)
(189, 359)
(189, 236)
(189, 239)
(189, 246)
(190, 389)
(190, 391)
(190, 393)
(190, 275)
(190, 285)
(190, 292)
(190, 293)
(190, 197)
(190, 326)
(190, 203)
(190, 332)
(190, 335)
(190, 221)
(190, 350)
(190, 359)
(190, 236)
(190, 239)
(190, 369)
(190, 246)
(190, 378)
(191, 385)
(191, 386)
(191, 389)
(191, 391)
(191, 398)
(191, 288)
(191, 304)
(191, 317)
(191, 197)
(191, 200)
(191, 202)
(191, 344)
(191, 220)
(191, 228)
(191, 232)
(191, 369)
(191, 245)
(191, 375)
(192, 384)
(192, 235)
(192, 264)
(192, 269)
(192, 271)
(192, 272)
(192, 276)
(192, 290)
(192, 295)
(192, 309)
(192, 322)
(192, 326)
(192, 204)
(192, 207)
(192, 211)
(192, 216)
(192, 218)
(192, 349)
(192, 356)
(192, 357)
(192, 361)
(192, 363)
(192, 364)
(192, 377)
(192, 378)
(192, 380)
(193, 260)
(193, 261)
(193, 262)
(193, 263)
(193, 392)
(193, 395)
(193, 396)
(193, 270)
(193, 273)
(193, 287)
(193, 305)
(193, 308)
(193, 325)
(193, 198)
(193, 328)
(193, 205)
(193, 338)
(193, 213)
(193, 215)
(193, 224)
(193, 230)
(193, 210)
(193, 366)
(193, 240)
(193, 374)
(193, 253)
(193, 255)
(194, 384)
(194, 388)
(194, 272)
(194, 260)
(194, 282)
(194, 287)
(194, 302)
(194, 305)
(194, 198)
(194, 328)
(194, 248)
(194, 213)
(194, 215)
(194, 218)
(194, 351)
(194, 352)
(194, 227)
(194, 364)
(194, 366)
(194, 242)
(194, 374)
(194, 376)
(194, 377)
(194, 255)
(195, 266)
(195, 397)
(195, 289)
(195, 302)
(195, 306)
(195, 312)
(195, 313)
(195, 320)
(195, 323)
(195, 329)
(195, 333)
(195, 342)
(195, 345)
(195, 219)
(195, 353)
(195, 358)
(195, 233)
(195, 234)
(195, 365)
(195, 238)
(195, 241)
(195, 250)
(195, 379)
(196, 257)
(196, 258)
(196, 265)
(196, 399)
(196, 299)
(196, 307)
(196, 310)
(196, 312)
(196, 318)
(196, 319)
(196, 199)
(196, 200)
(196, 330)
(196, 331)
(196, 337)
(196, 355)
(196, 228)
(196, 360)
(196, 237)
(196, 368)
(196, 232)
(196, 372)
(196, 245)
(196, 379)
(196, 252)
(196, 383)
(197, 385)
(197, 386)
(197, 389)
(197, 391)
(197, 398)
(197, 275)
(197, 292)
(197, 304)
(197, 317)
(197, 335)
(197, 347)
(197, 220)
(197, 221)
(197, 228)
(197, 236)
(197, 369)
(197, 246)
(198, 388)
(198, 261)
(198, 262)
(198, 263)
(198, 392)
(198, 395)
(198, 270)
(198, 273)
(198, 260)
(198, 287)
(198, 290)
(198, 305)
(198, 328)
(198, 208)
(198, 338)
(198, 213)
(198, 215)
(198, 224)
(198, 227)
(198, 230)
(198, 210)
(198, 366)
(198, 240)
(198, 374)
(198, 376)
(198, 253)
(198, 255)
(199, 385)
(199, 258)
(199, 257)
(199, 265)
(199, 267)
(199, 399)
(199, 274)
(199, 281)
(199, 301)
(199, 307)
(199, 315)
(199, 318)
(199, 200)
(199, 202)
(199, 337)
(199, 222)
(199, 223)
(199, 355)
(199, 231)
(199, 232)
(199, 237)
(199, 367)
(199, 368)
(199, 372)
(199, 245)
(199, 249)
(200, 385)
(200, 386)
(200, 257)
(200, 265)
(200, 258)
(200, 399)
(200, 304)
(200, 232)
(200, 310)
(200, 311)
(200, 202)
(200, 317)
(200, 318)
(200, 319)
(200, 330)
(200, 337)
(200, 347)
(200, 220)
(200, 226)
(200, 355)
(200, 228)
(200, 360)
(200, 237)
(200, 367)
(200, 368)
(200, 369)
(200, 245)
(200, 252)
(200, 383)
(201, 259)
(201, 307)
(201, 267)
(201, 286)
(201, 301)
(201, 306)
(201, 316)
(201, 324)
(201, 333)
(201, 212)
(201, 343)
(201, 219)
(201, 233)
(201, 234)
(201, 238)
(201, 372)
(201, 250)
(201, 251)
(202, 385)
(202, 386)
(202, 257)
(202, 265)
(202, 398)
(202, 274)
(202, 281)
(202, 315)
(202, 318)
(202, 337)
(202, 222)
(202, 223)
(202, 231)
(202, 232)
(202, 367)
(202, 368)
(202, 245)
(202, 375)
(202, 249)
(203, 256)
(203, 387)
(203, 390)
(203, 394)
(203, 275)
(203, 292)
(203, 293)
(203, 298)
(203, 332)
(203, 339)
(203, 341)
(203, 214)
(203, 217)
(203, 221)
(203, 359)
(203, 362)
(203, 236)
(203, 239)
(203, 246)
(203, 247)
(204, 384)
(204, 264)
(204, 393)
(204, 272)
(204, 276)
(204, 295)
(204, 296)
(204, 309)
(204, 322)
(204, 326)
(204, 327)
(204, 207)
(204, 218)
(204, 348)
(204, 349)
(204, 350)
(204, 356)
(204, 361)
(204, 235)
(204, 364)
(204, 377)
(204, 378)
(204, 380)
(205, 260)
(205, 261)
(205, 263)
(205, 392)
(205, 395)
(205, 273)
(205, 370)
(205, 302)
(205, 305)
(205, 308)
(205, 313)
(205, 320)
(205, 325)
(205, 338)
(205, 213)
(205, 342)
(205, 346)
(205, 225)
(205, 230)
(205, 358)
(205, 240)
(205, 242)
(205, 374)
(205, 254)
(205, 255)
(206, 256)
(206, 387)
(206, 390)
(206, 391)
(206, 394)
(206, 277)
(206, 278)
(206, 217)
(206, 292)
(206, 294)
(206, 298)
(206, 209)
(206, 339)
(206, 341)
(206, 362)
(206, 244)
(206, 247)
(206, 381)
(206, 382)
(207, 264)
(207, 268)
(207, 276)
(207, 280)
(207, 284)
(207, 291)
(207, 296)
(207, 309)
(207, 314)
(207, 322)
(207, 327)
(207, 211)
(207, 348)
(207, 349)
(207, 356)
(207, 357)
(207, 361)
(207, 235)
(207, 380)
(208, 388)
(208, 262)
(208, 269)
(208, 270)
(208, 271)
(208, 290)
(208, 300)
(208, 328)
(208, 211)
(208, 340)
(208, 216)
(208, 224)
(208, 363)
(208, 366)
(208, 243)
(208, 253)
(209, 387)
(209, 390)
(209, 394)
(209, 277)
(209, 278)
(209, 217)
(209, 294)
(209, 298)
(209, 339)
(209, 341)
(209, 362)
(209, 244)
(209, 247)
(209, 381)
(209, 382)
(210, 261)
(210, 263)
(210, 392)
(210, 396)
(210, 270)
(210, 273)
(210, 305)
(210, 328)
(210, 338)
(210, 213)
(210, 215)
(210, 224)
(210, 230)
(210, 366)
(210, 240)
(210, 374)
(210, 253)
(210, 255)
(211, 363)
(211, 268)
(211, 271)
(211, 280)
(211, 290)
(211, 297)
(211, 300)
(211, 309)
(211, 322)
(211, 269)
(211, 340)
(211, 216)
(211, 349)
(211, 357)
(211, 235)
(211, 243)
(212, 267)
(212, 286)
(212, 301)
(212, 306)
(212, 307)
(212, 312)
(212, 316)
(212, 324)
(212, 333)
(212, 343)
(212, 219)
(212, 379)
(212, 233)
(212, 234)
(212, 238)
(212, 372)
(212, 250)
(212, 251)
(213, 260)
(213, 261)
(213, 263)
(213, 392)
(213, 395)
(213, 273)
(213, 287)
(213, 370)
(213, 305)
(213, 308)
(213, 313)
(213, 325)
(213, 328)
(213, 338)
(213, 215)
(213, 346)
(213, 225)
(213, 230)
(213, 366)
(213, 240)
(213, 242)
(213, 374)
(213, 376)
(213, 255)
(214, 256)
(214, 279)
(214, 283)
(214, 285)
(214, 293)
(214, 246)
(214, 332)
(214, 359)
(214, 239)
(215, 388)
(215, 261)
(215, 262)
(215, 263)
(215, 392)
(215, 395)
(215, 270)
(215, 273)
(215, 260)
(215, 287)
(215, 290)
(215, 305)
(215, 328)
(215, 338)
(215, 224)
(215, 227)
(215, 230)
(215, 366)
(215, 240)
(215, 242)
(215, 374)
(215, 376)
(215, 377)
(215, 253)
(215, 255)
(216, 388)
(216, 262)
(216, 271)
(216, 280)
(216, 290)
(216, 297)
(216, 300)
(216, 243)
(216, 309)
(216, 322)
(216, 269)
(216, 340)
(216, 349)
(216, 357)
(216, 363)
(217, 256)
(217, 387)
(217, 390)
(217, 391)
(217, 394)
(217, 275)
(217, 277)
(217, 278)
(217, 292)
(217, 293)
(217, 294)
(217, 298)
(217, 339)
(217, 341)
(217, 221)
(217, 362)
(217, 236)
(217, 239)
(217, 244)
(217, 247)
(217, 381)
(217, 382)
(218, 384)
(218, 260)
(218, 264)
(218, 272)
(218, 282)
(218, 295)
(218, 303)
(218, 309)
(218, 310)
(218, 311)
(218, 331)
(218, 226)
(218, 376)
(218, 351)
(218, 352)
(218, 354)
(218, 227)
(218, 364)
(218, 248)
(218, 377)
(219, 397)
(219, 289)
(219, 306)
(219, 312)
(219, 316)
(219, 323)
(219, 324)
(219, 329)
(219, 333)
(219, 345)
(219, 353)
(219, 379)
(219, 233)
(219, 234)
(219, 365)
(219, 238)
(219, 241)
(219, 250)
(219, 251)
(220, 385)
(220, 386)
(220, 389)
(220, 391)
(220, 398)
(220, 288)
(220, 292)
(220, 304)
(220, 317)
(220, 347)
(220, 221)
(220, 228)
(220, 232)
(220, 237)
(220, 369)
(220, 245)
(221, 389)
(221, 390)
(221, 391)
(221, 394)
(221, 275)
(221, 278)
(221, 292)
(221, 293)
(221, 304)
(221, 317)
(221, 335)
(221, 339)
(221, 359)
(221, 362)
(221, 236)
(221, 239)
(221, 369)
(221, 246)
(221, 247)
(221, 382)
(222, 267)
(222, 274)
(222, 281)
(222, 318)
(222, 223)
(222, 315)
(222, 231)
(222, 367)
(222, 368)
(222, 371)
(222, 249)
(223, 265)
(223, 267)
(223, 274)
(223, 281)
(223, 301)
(223, 307)
(223, 315)
(223, 318)
(223, 334)
(223, 337)
(223, 343)
(223, 231)
(223, 367)
(223, 368)
(223, 371)
(223, 372)
(223, 249)
(224, 388)
(224, 261)
(224, 262)
(224, 270)
(224, 260)
(224, 287)
(224, 290)
(224, 305)
(224, 328)
(224, 230)
(224, 366)
(224, 240)
(224, 374)
(224, 376)
(224, 253)
(224, 255)
(225, 261)
(225, 392)
(225, 266)
(225, 395)
(225, 273)
(225, 370)
(225, 302)
(225, 305)
(225, 308)
(225, 313)
(225, 320)
(225, 325)
(225, 338)
(225, 342)
(225, 346)
(225, 353)
(225, 358)
(225, 241)
(225, 242)
(225, 254)
(225, 255)
(226, 393)
(226, 282)
(226, 295)
(226, 299)
(226, 303)
(226, 310)
(226, 311)
(226, 319)
(226, 330)
(226, 331)
(226, 335)
(226, 347)
(226, 350)
(226, 351)
(226, 352)
(226, 354)
(226, 355)
(226, 228)
(226, 360)
(226, 237)
(226, 245)
(226, 252)
(227, 384)
(227, 388)
(227, 262)
(227, 272)
(227, 260)
(227, 282)
(227, 287)
(227, 290)
(227, 305)
(227, 248)
(227, 351)
(227, 352)
(227, 364)
(227, 366)
(227, 374)
(227, 376)
(227, 377)
(228, 385)
(228, 258)
(228, 257)
(228, 303)
(228, 304)
(228, 310)
(228, 311)
(228, 232)
(228, 319)
(228, 330)
(228, 331)
(228, 347)
(228, 354)
(228, 355)
(228, 360)
(228, 237)
(228, 317)
(228, 369)
(228, 245)
(228, 252)
(229, 261)
(229, 263)
(229, 392)
(229, 396)
(229, 273)
(229, 321)
(229, 338)
(229, 346)
(229, 240)
(229, 370)
(229, 373)
(230, 260)
(230, 261)
(230, 262)
(230, 263)
(230, 392)
(230, 395)
(230, 396)
(230, 270)
(230, 273)
(230, 287)
(230, 305)
(230, 308)
(230, 325)
(230, 328)
(230, 338)
(230, 366)
(230, 240)
(230, 374)
(230, 253)
(230, 255)
(231, 257)
(231, 265)
(231, 267)
(231, 274)
(231, 281)
(231, 301)
(231, 307)
(231, 315)
(231, 318)
(231, 337)
(231, 343)
(231, 232)
(231, 367)
(231, 368)
(231, 371)
(231, 372)
(231, 249)
(232, 385)
(232, 386)
(232, 257)
(232, 265)
(232, 398)
(232, 399)
(232, 281)
(232, 304)
(232, 315)
(232, 317)
(232, 318)
(232, 258)
(232, 337)
(232, 355)
(232, 237)
(232, 367)
(232, 368)
(232, 369)
(232, 245)
(232, 375)
(233, 397)
(233, 289)
(233, 306)
(233, 312)
(233, 316)
(233, 323)
(233, 324)
(233, 329)
(233, 333)
(233, 345)
(233, 353)
(233, 379)
(233, 358)
(233, 234)
(233, 365)
(233, 238)
(233, 241)
(233, 250)
(233, 251)
(234, 397)
(234, 399)
(234, 289)
(234, 301)
(234, 306)
(234, 307)
(234, 312)
(234, 316)
(234, 323)
(234, 324)
(234, 329)
(234, 333)
(234, 337)
(234, 343)
(234, 345)
(234, 379)
(234, 365)
(234, 238)
(234, 241)
(234, 372)
(234, 250)
(234, 251)
(234, 383)
(235, 264)
(235, 268)
(235, 269)
(235, 276)
(235, 280)
(235, 284)
(235, 291)
(235, 296)
(235, 297)
(235, 309)
(235, 314)
(235, 322)
(235, 327)
(235, 336)
(235, 349)
(235, 356)
(235, 357)
(235, 361)
(235, 380)
(236, 256)
(236, 387)
(236, 389)
(236, 390)
(236, 391)
(236, 394)
(236, 275)
(236, 277)
(236, 278)
(236, 292)
(236, 293)
(236, 339)
(236, 341)
(236, 359)
(236, 362)
(236, 239)
(236, 369)
(236, 246)
(236, 247)
(237, 257)
(237, 258)
(237, 347)
(237, 299)
(237, 303)
(237, 304)
(237, 310)
(237, 311)
(237, 317)
(237, 319)
(237, 330)
(237, 331)
(237, 399)
(237, 354)
(237, 355)
(237, 360)
(237, 368)
(237, 245)
(237, 252)
(237, 383)
(238, 397)
(238, 289)
(238, 306)
(238, 312)
(238, 316)
(238, 323)
(238, 324)
(238, 329)
(238, 333)
(238, 345)
(238, 353)
(238, 379)
(238, 365)
(238, 241)
(238, 250)
(238, 251)
(239, 256)
(239, 387)
(239, 390)
(239, 275)
(239, 279)
(239, 283)
(239, 285)
(239, 293)
(239, 332)
(239, 341)
(239, 359)
(239, 246)
(239, 247)
(240, 261)
(240, 263)
(240, 392)
(240, 395)
(240, 396)
(240, 270)
(240, 273)
(240, 305)
(240, 308)
(240, 325)
(240, 328)
(240, 338)
(240, 346)
(240, 366)
(240, 370)
(240, 374)
(240, 255)
(241, 266)
(241, 397)
(241, 289)
(241, 302)
(241, 312)
(241, 313)
(241, 320)
(241, 323)
(241, 329)
(241, 342)
(241, 345)
(241, 353)
(241, 358)
(241, 365)
(241, 242)
(241, 379)
(242, 260)
(242, 261)
(242, 395)
(242, 273)
(242, 287)
(242, 302)
(242, 305)
(242, 308)
(242, 313)
(242, 320)
(242, 325)
(242, 248)
(242, 338)
(242, 342)
(242, 358)
(242, 374)
(242, 376)
(242, 255)
(243, 388)
(243, 262)
(243, 271)
(243, 280)
(243, 290)
(243, 297)
(243, 300)
(243, 309)
(243, 322)
(243, 269)
(243, 340)
(243, 349)
(243, 357)
(243, 363)
(244, 256)
(244, 387)
(244, 390)
(244, 394)
(244, 277)
(244, 278)
(244, 294)
(244, 298)
(244, 339)
(244, 341)
(244, 362)
(244, 247)
(244, 381)
(244, 382)
(245, 385)
(245, 258)
(245, 311)
(245, 257)
(245, 265)
(245, 399)
(245, 299)
(245, 303)
(245, 304)
(245, 310)
(245, 317)
(245, 319)
(245, 330)
(245, 331)
(245, 347)
(245, 355)
(245, 360)
(245, 368)
(245, 369)
(245, 252)
(245, 383)
(246, 389)
(246, 390)
(246, 391)
(246, 393)
(246, 275)
(246, 285)
(246, 292)
(246, 293)
(246, 332)
(246, 335)
(246, 350)
(246, 359)
(247, 256)
(247, 387)
(247, 390)
(247, 391)
(247, 394)
(247, 275)
(247, 277)
(247, 278)
(247, 292)
(247, 293)
(247, 294)
(247, 298)
(247, 339)
(247, 341)
(247, 359)
(247, 362)
(247, 381)
(247, 382)
(248, 260)
(248, 282)
(248, 299)
(248, 302)
(248, 310)
(248, 319)
(248, 330)
(248, 331)
(248, 342)
(248, 351)
(248, 352)
(248, 358)
(248, 376)
(249, 265)
(249, 267)
(249, 274)
(249, 281)
(249, 301)
(249, 307)
(249, 318)
(249, 337)
(249, 343)
(249, 315)
(249, 367)
(249, 368)
(249, 371)
(249, 372)
(250, 397)
(250, 289)
(250, 301)
(250, 306)
(250, 312)
(250, 316)
(250, 323)
(250, 324)
(250, 329)
(250, 333)
(250, 343)
(250, 345)
(250, 379)
(250, 365)
(250, 251)
(251, 397)
(251, 286)
(251, 289)
(251, 301)
(251, 306)
(251, 307)
(251, 312)
(251, 316)
(251, 323)
(251, 324)
(251, 333)
(251, 337)
(251, 343)
(251, 345)
(251, 365)
(251, 372)
(251, 379)
(252, 257)
(252, 258)
(252, 265)
(252, 399)
(252, 299)
(252, 303)
(252, 310)
(252, 311)
(252, 312)
(252, 319)
(252, 330)
(252, 331)
(252, 347)
(252, 351)
(252, 354)
(252, 355)
(252, 360)
(252, 383)
(253, 388)
(253, 261)
(253, 262)
(253, 270)
(253, 287)
(253, 290)
(253, 305)
(253, 328)
(253, 366)
(253, 374)
(253, 255)
(254, 266)
(254, 346)
(254, 308)
(254, 313)
(254, 320)
(254, 321)
(254, 325)
(254, 353)
(254, 370)
(255, 260)
(255, 261)
(255, 263)
(255, 392)
(255, 395)
(255, 396)
(255, 270)
(255, 273)
(255, 287)
(255, 305)
(255, 308)
(255, 313)
(255, 325)
(255, 328)
(255, 338)
(255, 366)
(255, 374)
(255, 376)
(256, 387)
(256, 390)
(256, 394)
(256, 275)
(256, 293)
(256, 298)
(256, 332)
(256, 341)
(256, 359)
(256, 362)
(257, 385)
(257, 258)
(257, 265)
(257, 399)
(257, 299)
(257, 304)
(257, 307)
(257, 310)
(257, 318)
(257, 319)
(257, 330)
(257, 331)
(257, 337)
(257, 355)
(257, 360)
(257, 367)
(257, 368)
(257, 372)
(257, 383)
(258, 265)
(258, 399)
(258, 299)
(258, 307)
(258, 310)
(258, 312)
(258, 318)
(258, 319)
(258, 330)
(258, 331)
(258, 337)
(258, 355)
(258, 360)
(258, 368)
(258, 372)
(258, 379)
(258, 383)
(259, 267)
(259, 334)
(259, 286)
(260, 384)
(260, 388)
(260, 261)
(260, 395)
(260, 273)
(260, 282)
(260, 287)
(260, 262)
(260, 302)
(260, 305)
(260, 308)
(260, 325)
(260, 328)
(260, 338)
(260, 351)
(260, 352)
(260, 366)
(260, 374)
(260, 376)
(260, 377)
(261, 263)
(261, 392)
(261, 395)
(261, 396)
(261, 270)
(261, 273)
(261, 287)
(261, 305)
(261, 308)
(261, 313)
(261, 325)
(261, 328)
(261, 338)
(261, 366)
(261, 370)
(261, 374)
(262, 388)
(262, 270)
(262, 271)
(262, 287)
(262, 290)
(262, 300)
(262, 328)
(262, 340)
(262, 363)
(262, 366)
(262, 374)
(262, 376)
(262, 377)
(263, 392)
(263, 395)
(263, 396)
(263, 270)
(263, 273)
(263, 305)
(263, 308)
(263, 325)
(263, 328)
(263, 338)
(263, 346)
(263, 366)
(263, 370)
(263, 374)
(264, 384)
(264, 272)
(264, 276)
(264, 290)
(264, 295)
(264, 309)
(264, 322)
(264, 326)
(264, 327)
(264, 348)
(264, 349)
(264, 356)
(264, 357)
(264, 361)
(264, 364)
(264, 377)
(264, 378)
(264, 380)
(265, 267)
(265, 399)
(265, 301)
(265, 307)
(265, 312)
(265, 315)
(265, 318)
(265, 324)
(265, 337)
(265, 343)
(265, 355)
(265, 367)
(265, 368)
(265, 372)
(265, 379)
(265, 383)
(266, 397)
(266, 346)
(266, 313)
(266, 320)
(266, 323)
(266, 329)
(266, 342)
(266, 353)
(266, 358)
(267, 274)
(267, 301)
(267, 307)
(267, 286)
(267, 315)
(267, 318)
(267, 334)
(267, 337)
(267, 343)
(267, 367)
(267, 368)
(267, 371)
(267, 372)
(268, 280)
(268, 284)
(268, 291)
(268, 296)
(268, 297)
(268, 314)
(268, 322)
(268, 336)
(268, 349)
(268, 356)
(268, 357)
(268, 361)
(269, 271)
(269, 280)
(269, 290)
(269, 297)
(269, 300)
(269, 309)
(269, 322)
(269, 340)
(269, 349)
(269, 357)
(269, 363)
(270, 388)
(270, 287)
(270, 305)
(270, 328)
(270, 366)
(270, 374)
(271, 388)
(271, 280)
(271, 290)
(271, 300)
(271, 309)
(271, 322)
(271, 340)
(271, 349)
(271, 357)
(271, 363)
(272, 384)
(272, 388)
(272, 282)
(272, 287)
(272, 290)
(272, 295)
(272, 309)
(272, 322)
(272, 349)
(272, 352)
(272, 364)
(272, 376)
(272, 377)
(272, 380)
(273, 392)
(273, 395)
(273, 396)
(273, 305)
(273, 308)
(273, 313)
(273, 321)
(273, 325)
(273, 328)
(273, 338)
(273, 346)
(273, 366)
(273, 370)
(273, 374)
(274, 281)
(274, 318)
(274, 315)
(274, 367)
(274, 371)
(275, 389)
(275, 390)
(275, 391)
(275, 394)
(275, 387)
(275, 278)
(275, 292)
(275, 293)
(275, 332)
(275, 339)
(275, 341)
(275, 359)
(275, 362)
(276, 393)
(276, 284)
(276, 285)
(276, 291)
(276, 295)
(276, 296)
(276, 283)
(276, 314)
(276, 322)
(276, 326)
(276, 327)
(276, 348)
(276, 349)
(276, 350)
(276, 356)
(276, 361)
(276, 378)
(276, 380)
(277, 387)
(277, 389)
(277, 390)
(277, 391)
(277, 394)
(277, 278)
(277, 292)
(277, 294)
(277, 298)
(277, 339)
(277, 341)
(277, 344)
(277, 362)
(277, 381)
(277, 382)
(278, 387)
(278, 389)
(278, 390)
(278, 391)
(278, 394)
(278, 292)
(278, 294)
(278, 298)
(278, 339)
(278, 341)
(278, 344)
(278, 381)
(278, 362)
(278, 382)
(279, 283)
(279, 285)
(279, 291)
(279, 296)
(279, 327)
(279, 332)
(279, 348)
(279, 359)
(280, 297)
(280, 300)
(280, 322)
(280, 340)
(280, 349)
(280, 336)
(280, 357)
(280, 363)
(281, 385)
(281, 386)
(281, 318)
(281, 315)
(281, 367)
(281, 368)
(281, 371)
(281, 375)
(282, 384)
(282, 287)
(282, 295)
(282, 310)
(282, 319)
(282, 331)
(282, 351)
(282, 352)
(282, 354)
(282, 364)
(282, 376)
(282, 377)
(283, 284)
(283, 285)
(283, 291)
(283, 296)
(283, 327)
(283, 332)
(283, 348)
(283, 356)
(283, 359)
(284, 291)
(284, 296)
(284, 314)
(284, 327)
(284, 348)
(284, 356)
(284, 361)
(285, 393)
(285, 291)
(285, 293)
(285, 296)
(285, 326)
(285, 327)
(285, 332)
(285, 335)
(285, 348)
(285, 350)
(285, 356)
(285, 359)
(285, 361)
(285, 378)
(286, 301)
(286, 334)
(286, 343)
(286, 316)
(287, 384)
(287, 388)
(287, 290)
(287, 305)
(287, 328)
(287, 366)
(287, 374)
(287, 376)
(287, 377)
(288, 385)
(288, 386)
(288, 389)
(288, 391)
(288, 398)
(288, 317)
(288, 344)
(288, 369)
(288, 375)
(288, 382)
(289, 397)
(289, 299)
(289, 306)
(289, 312)
(289, 320)
(289, 323)
(289, 324)
(289, 329)
(289, 333)
(289, 342)
(289, 345)
(289, 353)
(289, 358)
(289, 365)
(289, 379)
(289, 383)
(290, 384)
(290, 388)
(290, 300)
(290, 309)
(290, 322)
(290, 328)
(290, 340)
(290, 349)
(290, 357)
(290, 363)
(290, 364)
(290, 366)
(290, 376)
(290, 377)
(291, 296)
(291, 314)
(291, 326)
(291, 327)
(291, 348)
(291, 356)
(291, 361)
(291, 380)
(292, 389)
(292, 390)
(292, 391)
(292, 394)
(292, 398)
(292, 293)
(292, 294)
(292, 304)
(292, 317)
(292, 339)
(292, 344)
(292, 362)
(292, 369)
(292, 381)
(292, 382)
(293, 389)
(293, 390)
(293, 391)
(293, 394)
(293, 387)
(293, 332)
(293, 339)
(293, 341)
(293, 359)
(294, 387)
(294, 390)
(294, 394)
(294, 298)
(294, 339)
(294, 341)
(294, 381)
(294, 362)
(294, 382)
(295, 384)
(295, 393)
(295, 303)
(295, 309)
(295, 310)
(295, 311)
(295, 326)
(295, 327)
(295, 335)
(295, 347)
(295, 348)
(295, 349)
(295, 350)
(295, 352)
(295, 354)
(295, 361)
(295, 364)
(295, 377)
(295, 378)
(295, 380)
(296, 314)
(296, 326)
(296, 327)
(296, 348)
(296, 356)
(296, 361)
(296, 380)
(297, 363)
(297, 336)
(297, 357)
(298, 387)
(298, 390)
(298, 394)
(298, 339)
(298, 341)
(298, 362)
(298, 381)
(299, 397)
(299, 399)
(299, 302)
(299, 310)
(299, 312)
(299, 319)
(299, 330)
(299, 331)
(299, 342)
(299, 345)
(299, 351)
(299, 352)
(299, 355)
(299, 358)
(299, 360)
(299, 379)
(299, 383)
(300, 388)
(300, 340)
(300, 357)
(300, 363)
(301, 307)
(301, 312)
(301, 315)
(301, 316)
(301, 318)
(301, 324)
(301, 337)
(301, 343)
(301, 368)
(301, 372)
(301, 379)
(302, 395)
(302, 397)
(302, 308)
(302, 313)
(302, 319)
(302, 320)
(302, 325)
(302, 329)
(302, 330)
(302, 342)
(302, 345)
(302, 351)
(302, 352)
(302, 358)
(303, 393)
(303, 304)
(303, 310)
(303, 311)
(303, 319)
(303, 330)
(303, 331)
(303, 335)
(303, 347)
(303, 350)
(303, 351)
(303, 352)
(303, 354)
(303, 360)
(304, 385)
(304, 386)
(304, 389)
(304, 391)
(304, 398)
(304, 311)
(304, 317)
(304, 347)
(304, 369)
(305, 392)
(305, 395)
(305, 308)
(305, 313)
(305, 325)
(305, 328)
(305, 338)
(305, 366)
(305, 374)
(305, 376)
(306, 397)
(306, 312)
(306, 316)
(306, 323)
(306, 324)
(306, 329)
(306, 333)
(306, 343)
(306, 345)
(306, 365)
(306, 379)
(307, 399)
(307, 312)
(307, 315)
(307, 318)
(307, 324)
(307, 337)
(307, 343)
(307, 355)
(307, 367)
(307, 368)
(307, 372)
(307, 379)
(307, 383)
(308, 392)
(308, 395)
(308, 313)
(308, 320)
(308, 325)
(308, 338)
(308, 342)
(308, 346)
(308, 358)
(308, 370)
(308, 374)
(309, 384)
(309, 388)
(309, 322)
(309, 377)
(309, 349)
(309, 357)
(309, 361)
(309, 363)
(309, 364)
(309, 380)
(310, 311)
(310, 319)
(310, 330)
(310, 331)
(310, 347)
(310, 351)
(310, 352)
(310, 354)
(310, 355)
(310, 360)
(311, 393)
(311, 330)
(311, 331)
(311, 335)
(311, 347)
(311, 350)
(311, 351)
(311, 352)
(311, 354)
(311, 360)
(311, 319)
(312, 397)
(312, 399)
(312, 323)
(312, 324)
(312, 329)
(312, 330)
(312, 333)
(312, 337)
(312, 343)
(312, 345)
(312, 355)
(312, 365)
(312, 372)
(312, 379)
(312, 383)
(313, 392)
(313, 395)
(313, 320)
(313, 325)
(313, 329)
(313, 338)
(313, 342)
(313, 346)
(313, 353)
(313, 358)
(313, 370)
(314, 322)
(314, 327)
(314, 336)
(314, 356)
(314, 357)
(314, 361)
(314, 380)
(315, 318)
(315, 337)
(315, 343)
(315, 367)
(315, 368)
(315, 371)
(315, 372)
(316, 324)
(316, 333)
(316, 343)
(316, 372)
(317, 385)
(317, 386)
(317, 389)
(317, 391)
(317, 398)
(317, 344)
(317, 369)
(318, 399)
(318, 337)
(318, 343)
(318, 355)
(318, 367)
(318, 368)
(318, 371)
(318, 372)
(319, 399)
(319, 330)
(319, 331)
(319, 347)
(319, 351)
(319, 352)
(319, 354)
(319, 355)
(319, 360)
(319, 383)
(320, 395)
(320, 397)
(320, 346)
(320, 325)
(320, 329)
(320, 342)
(320, 345)
(320, 353)
(320, 358)
(321, 392)
(321, 396)
(321, 370)
(321, 373)
(321, 346)
(322, 349)
(322, 356)
(322, 357)
(322, 361)
(322, 363)
(322, 364)
(322, 380)
(323, 397)
(323, 324)
(323, 329)
(323, 333)
(323, 345)
(323, 353)
(323, 358)
(323, 365)
(323, 379)
(324, 397)
(324, 399)
(324, 329)
(324, 333)
(324, 337)
(324, 343)
(324, 345)
(324, 365)
(324, 372)
(324, 379)
(324, 383)
(325, 392)
(325, 395)
(325, 338)
(325, 342)
(325, 346)
(325, 358)
(325, 370)
(325, 374)
(326, 393)
(326, 327)
(326, 335)
(326, 348)
(326, 350)
(326, 356)
(326, 361)
(326, 364)
(326, 378)
(326, 380)
(327, 393)
(327, 348)
(327, 350)
(327, 356)
(327, 361)
(327, 378)
(327, 380)
(328, 388)
(328, 392)
(328, 366)
(328, 374)
(328, 376)
(329, 397)
(329, 333)
(329, 342)
(329, 345)
(329, 353)
(329, 358)
(329, 365)
(329, 379)
(330, 399)
(330, 331)
(330, 347)
(330, 351)
(330, 352)
(330, 354)
(330, 355)
(330, 360)
(330, 379)
(330, 383)
(331, 347)
(331, 351)
(331, 352)
(331, 354)
(331, 355)
(331, 360)
(332, 348)
(332, 359)
(333, 397)
(333, 343)
(333, 345)
(333, 365)
(333, 379)
(334, 371)
(335, 393)
(335, 347)
(335, 348)
(335, 350)
(335, 354)
(335, 378)
(337, 399)
(337, 343)
(337, 355)
(337, 367)
(337, 368)
(337, 372)
(337, 379)
(337, 383)
(338, 392)
(338, 395)
(338, 396)
(338, 346)
(338, 366)
(338, 370)
(338, 374)
(339, 387)
(339, 389)
(339, 390)
(339, 391)
(339, 394)
(339, 341)
(339, 344)
(339, 362)
(339, 381)
(339, 382)
(340, 388)
(340, 357)
(340, 363)
(341, 387)
(341, 390)
(341, 394)
(341, 362)
(341, 381)
(342, 395)
(342, 397)
(342, 345)
(342, 353)
(342, 358)
(342, 365)
(343, 372)
(343, 379)
(344, 386)
(344, 389)
(344, 391)
(344, 398)
(344, 362)
(344, 375)
(344, 382)
(345, 397)
(345, 353)
(345, 358)
(345, 365)
(345, 379)
(345, 383)
(346, 392)
(346, 395)
(346, 396)
(346, 370)
(346, 373)
(347, 393)
(347, 350)
(347, 351)
(347, 352)
(347, 354)
(347, 360)
(348, 393)
(348, 350)
(348, 356)
(348, 361)
(348, 378)
(348, 380)
(349, 384)
(349, 377)
(349, 356)
(349, 357)
(349, 361)
(349, 363)
(349, 364)
(349, 378)
(349, 380)
(350, 393)
(350, 354)
(350, 378)
(351, 384)
(351, 352)
(351, 354)
(351, 360)
(351, 376)
(351, 377)
(352, 384)
(352, 354)
(352, 360)
(352, 364)
(352, 376)
(352, 377)
(353, 397)
(353, 358)
(353, 365)
(354, 384)
(354, 393)
(354, 360)
(354, 364)
(355, 399)
(355, 360)
(355, 368)
(355, 372)
(355, 379)
(355, 383)
(356, 361)
(356, 378)
(356, 380)
(357, 363)
(358, 397)
(358, 365)
(359, 390)
(360, 399)
(360, 383)
(361, 393)
(361, 364)
(361, 378)
(361, 380)
(362, 387)
(362, 390)
(362, 391)
(362, 394)
(362, 381)
(362, 382)
(363, 388)
(364, 384)
(364, 393)
(364, 377)
(364, 378)
(364, 380)
(365, 397)
(365, 379)
(365, 383)
(366, 388)
(366, 392)
(366, 395)
(366, 374)
(366, 376)
(366, 377)
(367, 385)
(367, 386)
(367, 368)
(367, 371)
(367, 372)
(367, 375)
(368, 385)
(368, 399)
(368, 372)
(369, 385)
(369, 386)
(369, 389)
(369, 391)
(369, 398)
(370, 392)
(370, 395)
(370, 396)
(370, 373)
(372, 399)
(372, 379)
(372, 383)
(373, 396)
(374, 388)
(374, 392)
(374, 395)
(374, 376)
(375, 385)
(375, 386)
(375, 398)
(376, 384)
(376, 388)
(376, 395)
(376, 377)
(377, 384)
(377, 388)
(378, 393)
(378, 380)
(379, 397)
(379, 399)
(379, 383)
(380, 393)
(381, 387)
(381, 390)
(381, 394)
(381, 382)
(382, 389)
(382, 391)
(382, 394)
(382, 398)
(383, 397)
(383, 399)
(385, 386)
(385, 398)
(386, 389)
(386, 398)
(387, 390)
(387, 394)
(389, 391)
(389, 398)
(390, 391)
(390, 394)
(391, 394)
(391, 398)
(392, 395)
(392, 396)
