#Nodes
0
1
2
3
4
5
6
7
8
9
10
11
12
13
14
15
16
17
18
19
20
21
22
23
24
25
26
27
28
29
30
31
32
33
34
35
36
37
38
39
40
41
42
43
44
45
46
47
48
49
50
51
52
53
54
55
56
57
58
59
60
61
62
63
64
65
66
67
68
69
70
71
72
73
74
75
76
77
78
79
80
81
82
83
84
85
86
87
88
89
90
91
92
93
94
95
96
97
98
99
100
101
102
103
104
105
106
107
108
109
110
111
112
113
114
115
116
117
118
119
120
121
122
123
124
125
126
127
128
129
130
131
132
133
134
135
136
137
138
139
140
141
142
143
144
145
146
147
148
149
150
151
152
153
154
155
156
157
158
159
160
161
162
163
164
165
166
167
168
169
170
171
172
173
174
175
176
177
178
179
180
181
182
183
184
185
186
187
188
189
190
191
192
193
194
195
196
197
198
199
200
201
202
203
204
205
206
207
208
209
210
211
212
213
214
215
216
217
218
219
220
221
222
223
224
225
226
227
228
229
230
231
232
233
234
235
236
237
238
239
240
241
242
243
244
245
246
247
248
249
250
251
252
253
254
255
256
257
258
259
260
261
262
263
264
265
266
267
268
269
270
271
272
273
274
275
276
277
278
279
280
281
282
283
284
285
286
287
288
289
290
291
292
293
294
295
296
297
298
299
300
301
302
303
304
305
306
307
308
309
310
311
312
313
314
315
316
317
318
319
320
321
322
323
324
325
326
327
328
329
330
331
332
333
334
335
336
337
338
339
340
341
342
343
344
345
346
347
348
349
350
351
352
353
354
355
356
357
358
359
360
361
362
363
364
365
366
367
368
369
370
371
372
373
374
375
376
377
378
379
380
381
382
383
384
385
386
387
388
389
390
391
392
393
394
395
396
397
398
399
#Edges
(0, 130)
(0, 259)
(0, 389)
(0, 390)
(0, 263)
(0, 23)
(0, 396)
(0, 15)
(0, 16)
(0, 147)
(0, 151)
(0, 282)
(0, 283)
(0, 90)
(0, 286)
(0, 261)
(0, 162)
(0, 291)
(0, 297)
(0, 172)
(0, 370)
(0, 27)
(0, 30)
(0, 311)
(0, 184)
(0, 57)
(0, 31)
(0, 320)
(0, 197)
(0, 326)
(0, 199)
(0, 200)
(0, 140)
(0, 163)
(0, 340)
(0, 86)
(0, 88)
(0, 218)
(0, 221)
(0, 94)
(0, 224)
(0, 97)
(0, 99)
(0, 131)
(0, 357)
(0, 84)
(0, 234)
(0, 236)
(0, 242)
(0, 247)
(0, 377)
(0, 383)
(1, 257)
(1, 196)
(1, 179)
(1, 264)
(1, 138)
(1, 87)
(1, 399)
(1, 281)
(1, 159)
(1, 160)
(1, 133)
(1, 290)
(1, 293)
(1, 294)
(1, 300)
(1, 301)
(1, 47)
(1, 307)
(1, 308)
(1, 59)
(1, 63)
(1, 324)
(1, 33)
(1, 45)
(1, 336)
(1, 209)
(1, 343)
(1, 348)
(1, 349)
(1, 80)
(1, 228)
(1, 230)
(1, 358)
(1, 359)
(1, 38)
(1, 380)
(1, 231)
(1, 108)
(1, 367)
(1, 116)
(1, 118)
(1, 249)
(1, 122)
(1, 123)
(1, 252)
(2, 385)
(2, 387)
(2, 133)
(2, 391)
(2, 145)
(2, 393)
(2, 268)
(2, 398)
(2, 273)
(2, 205)
(2, 281)
(2, 154)
(2, 91)
(2, 293)
(2, 39)
(2, 42)
(2, 299)
(2, 300)
(2, 45)
(2, 303)
(2, 49)
(2, 309)
(2, 55)
(2, 56)
(2, 58)
(2, 117)
(2, 317)
(2, 62)
(2, 319)
(2, 68)
(2, 328)
(2, 202)
(2, 76)
(2, 333)
(2, 335)
(2, 80)
(2, 209)
(2, 82)
(2, 14)
(2, 43)
(2, 215)
(2, 216)
(2, 346)
(2, 207)
(2, 354)
(2, 228)
(2, 102)
(2, 230)
(2, 231)
(2, 63)
(2, 44)
(2, 237)
(2, 61)
(2, 373)
(2, 378)
(2, 127)
(2, 252)
(2, 255)
(3, 4)
(3, 134)
(3, 263)
(3, 136)
(3, 137)
(3, 151)
(3, 16)
(3, 147)
(3, 149)
(3, 279)
(3, 282)
(3, 48)
(3, 162)
(3, 292)
(3, 37)
(3, 167)
(3, 297)
(3, 170)
(3, 172)
(3, 176)
(3, 51)
(3, 180)
(3, 53)
(3, 311)
(3, 57)
(3, 314)
(3, 320)
(3, 326)
(3, 199)
(3, 200)
(3, 330)
(3, 77)
(3, 86)
(3, 217)
(3, 221)
(3, 99)
(3, 234)
(3, 107)
(3, 236)
(3, 365)
(3, 247)
(3, 377)
(4, 136)
(4, 151)
(4, 271)
(4, 16)
(4, 147)
(4, 149)
(4, 279)
(4, 25)
(4, 282)
(4, 30)
(4, 162)
(4, 167)
(4, 297)
(4, 170)
(4, 172)
(4, 175)
(4, 176)
(4, 180)
(4, 23)
(4, 57)
(4, 320)
(4, 326)
(4, 199)
(4, 217)
(4, 221)
(4, 99)
(4, 234)
(4, 107)
(4, 236)
(4, 365)
(4, 370)
(4, 247)
(4, 377)
(5, 259)
(5, 261)
(5, 262)
(5, 263)
(5, 137)
(5, 139)
(5, 140)
(5, 18)
(5, 275)
(5, 20)
(5, 111)
(5, 28)
(5, 389)
(5, 161)
(5, 197)
(5, 163)
(5, 292)
(5, 6)
(5, 298)
(5, 171)
(5, 46)
(5, 48)
(5, 27)
(5, 311)
(5, 95)
(5, 190)
(5, 325)
(5, 200)
(5, 12)
(5, 330)
(5, 79)
(5, 210)
(5, 341)
(5, 342)
(5, 88)
(5, 345)
(5, 347)
(5, 94)
(5, 223)
(5, 226)
(5, 229)
(5, 363)
(5, 109)
(5, 238)
(5, 381)
(5, 369)
(5, 242)
(5, 244)
(5, 119)
(5, 9)
(5, 253)
(5, 383)
(6, 259)
(6, 262)
(6, 9)
(6, 139)
(6, 140)
(6, 397)
(6, 144)
(6, 275)
(6, 238)
(6, 22)
(6, 24)
(6, 111)
(6, 28)
(6, 197)
(6, 161)
(6, 163)
(6, 169)
(6, 298)
(6, 171)
(6, 173)
(6, 46)
(6, 48)
(6, 95)
(6, 64)
(6, 193)
(6, 325)
(6, 12)
(6, 330)
(6, 75)
(6, 79)
(6, 210)
(6, 341)
(6, 342)
(6, 88)
(6, 345)
(6, 347)
(6, 223)
(6, 226)
(6, 229)
(6, 232)
(6, 361)
(6, 363)
(6, 109)
(6, 366)
(6, 125)
(6, 369)
(6, 242)
(6, 244)
(6, 119)
(6, 120)
(6, 381)
(6, 254)
(7, 260)
(7, 392)
(7, 395)
(7, 146)
(7, 20)
(7, 73)
(7, 284)
(7, 158)
(7, 164)
(7, 50)
(7, 304)
(7, 306)
(7, 52)
(7, 54)
(7, 183)
(7, 313)
(7, 315)
(7, 188)
(7, 191)
(7, 192)
(7, 195)
(7, 327)
(7, 201)
(7, 78)
(7, 208)
(7, 214)
(7, 220)
(7, 350)
(7, 225)
(7, 229)
(7, 360)
(7, 18)
(7, 239)
(7, 114)
(7, 115)
(7, 379)
(7, 125)
(8, 129)
(8, 141)
(8, 17)
(8, 29)
(8, 293)
(8, 166)
(8, 43)
(8, 49)
(8, 58)
(8, 61)
(8, 62)
(8, 68)
(8, 76)
(8, 207)
(8, 335)
(8, 213)
(8, 91)
(8, 353)
(8, 354)
(8, 356)
(8, 364)
(8, 237)
(8, 373)
(8, 246)
(8, 378)
(8, 252)
(9, 259)
(9, 261)
(9, 262)
(9, 139)
(9, 140)
(9, 18)
(9, 275)
(9, 20)
(9, 111)
(9, 28)
(9, 389)
(9, 48)
(9, 197)
(9, 163)
(9, 298)
(9, 171)
(9, 46)
(9, 125)
(9, 304)
(9, 27)
(9, 311)
(9, 95)
(9, 190)
(9, 64)
(9, 325)
(9, 200)
(9, 12)
(9, 330)
(9, 210)
(9, 341)
(9, 342)
(9, 88)
(9, 345)
(9, 347)
(9, 94)
(9, 223)
(9, 226)
(9, 229)
(9, 363)
(9, 109)
(9, 238)
(9, 381)
(9, 369)
(9, 242)
(9, 244)
(9, 119)
(9, 253)
(9, 383)
(10, 128)
(10, 386)
(10, 132)
(10, 135)
(10, 265)
(10, 267)
(10, 258)
(10, 152)
(10, 274)
(10, 277)
(10, 280)
(10, 285)
(10, 287)
(10, 34)
(10, 113)
(10, 40)
(10, 157)
(10, 181)
(10, 310)
(10, 312)
(10, 185)
(10, 321)
(10, 194)
(10, 182)
(10, 71)
(10, 72)
(10, 203)
(10, 322)
(10, 206)
(10, 211)
(10, 85)
(10, 98)
(10, 103)
(10, 104)
(10, 110)
(10, 112)
(10, 241)
(10, 83)
(10, 374)
(10, 250)
(10, 124)
(11, 258)
(11, 388)
(11, 134)
(11, 135)
(11, 394)
(11, 274)
(11, 19)
(11, 148)
(11, 277)
(11, 153)
(11, 26)
(11, 155)
(11, 285)
(11, 287)
(11, 288)
(11, 302)
(11, 53)
(11, 186)
(11, 60)
(11, 203)
(11, 338)
(11, 85)
(11, 344)
(11, 93)
(11, 98)
(11, 227)
(11, 103)
(11, 233)
(11, 241)
(11, 245)
(11, 374)
(11, 250)
(11, 124)
(12, 259)
(12, 262)
(12, 139)
(12, 140)
(12, 27)
(12, 18)
(12, 20)
(12, 22)
(12, 111)
(12, 197)
(12, 48)
(12, 163)
(12, 171)
(12, 304)
(12, 54)
(12, 183)
(12, 95)
(12, 190)
(12, 64)
(12, 325)
(12, 75)
(12, 78)
(12, 210)
(12, 341)
(12, 342)
(12, 88)
(12, 345)
(12, 347)
(12, 223)
(12, 225)
(12, 226)
(12, 229)
(12, 232)
(12, 361)
(12, 363)
(12, 109)
(12, 238)
(12, 125)
(12, 369)
(12, 242)
(12, 244)
(12, 119)
(12, 120)
(12, 253)
(13, 269)
(13, 270)
(13, 272)
(13, 150)
(13, 156)
(13, 158)
(13, 36)
(13, 165)
(13, 92)
(13, 305)
(13, 178)
(13, 315)
(13, 318)
(13, 327)
(13, 331)
(13, 337)
(13, 339)
(13, 219)
(13, 220)
(13, 351)
(13, 96)
(13, 106)
(13, 114)
(13, 115)
(13, 375)
(13, 121)
(13, 379)
(14, 385)
(14, 387)
(14, 391)
(14, 393)
(14, 398)
(14, 143)
(14, 145)
(14, 278)
(14, 154)
(14, 32)
(14, 35)
(14, 39)
(14, 42)
(14, 299)
(14, 44)
(14, 303)
(14, 49)
(14, 309)
(14, 55)
(14, 56)
(14, 187)
(14, 317)
(14, 319)
(14, 66)
(14, 328)
(14, 76)
(14, 202)
(14, 204)
(14, 333)
(14, 82)
(14, 142)
(14, 215)
(14, 216)
(14, 346)
(14, 222)
(14, 102)
(14, 127)
(14, 61)
(14, 243)
(14, 117)
(14, 251)
(14, 382)
(14, 255)
(15, 130)
(15, 259)
(15, 261)
(15, 390)
(15, 263)
(15, 23)
(15, 396)
(15, 16)
(15, 147)
(15, 151)
(15, 282)
(15, 283)
(15, 90)
(15, 286)
(15, 389)
(15, 291)
(15, 297)
(15, 370)
(15, 27)
(15, 30)
(15, 184)
(15, 57)
(15, 31)
(15, 67)
(15, 197)
(15, 199)
(15, 200)
(15, 140)
(15, 163)
(15, 340)
(15, 86)
(15, 88)
(15, 218)
(15, 221)
(15, 94)
(15, 224)
(15, 97)
(15, 131)
(15, 357)
(15, 84)
(15, 234)
(15, 363)
(15, 242)
(15, 377)
(15, 253)
(15, 383)
(16, 130)
(16, 261)
(16, 390)
(16, 263)
(16, 136)
(16, 151)
(16, 271)
(16, 147)
(16, 149)
(16, 279)
(16, 25)
(16, 282)
(16, 90)
(16, 286)
(16, 31)
(16, 162)
(16, 291)
(16, 297)
(16, 172)
(16, 175)
(16, 30)
(16, 184)
(16, 57)
(16, 320)
(16, 326)
(16, 199)
(16, 200)
(16, 340)
(16, 86)
(16, 217)
(16, 218)
(16, 221)
(16, 224)
(16, 84)
(16, 99)
(16, 357)
(16, 234)
(16, 236)
(16, 370)
(16, 247)
(16, 377)
(16, 23)
(17, 129)
(17, 141)
(17, 68)
(17, 29)
(17, 160)
(17, 293)
(17, 166)
(17, 43)
(17, 58)
(17, 62)
(17, 324)
(17, 335)
(17, 80)
(17, 213)
(17, 207)
(17, 349)
(17, 353)
(17, 354)
(17, 356)
(17, 364)
(17, 237)
(17, 246)
(17, 252)
(18, 259)
(18, 260)
(18, 389)
(18, 392)
(18, 139)
(18, 140)
(18, 276)
(18, 111)
(18, 163)
(18, 304)
(18, 306)
(18, 54)
(18, 183)
(18, 313)
(18, 188)
(18, 190)
(18, 64)
(18, 323)
(18, 197)
(18, 97)
(18, 73)
(18, 78)
(18, 214)
(18, 88)
(18, 345)
(18, 347)
(18, 350)
(18, 95)
(18, 225)
(18, 226)
(18, 100)
(18, 229)
(18, 360)
(18, 363)
(18, 125)
(18, 27)
(18, 242)
(18, 119)
(18, 20)
(18, 253)
(18, 126)
(18, 383)
(19, 132)
(19, 388)
(19, 134)
(19, 135)
(19, 137)
(19, 394)
(19, 274)
(19, 275)
(19, 148)
(19, 153)
(19, 26)
(19, 155)
(19, 285)
(19, 288)
(19, 292)
(19, 37)
(19, 302)
(19, 93)
(19, 53)
(19, 186)
(19, 60)
(19, 203)
(19, 77)
(19, 79)
(19, 338)
(19, 85)
(19, 344)
(19, 314)
(19, 227)
(19, 103)
(19, 233)
(19, 235)
(19, 241)
(19, 245)
(19, 374)
(19, 376)
(19, 250)
(20, 259)
(20, 260)
(20, 389)
(20, 139)
(20, 140)
(20, 131)
(20, 276)
(20, 111)
(20, 163)
(20, 304)
(20, 94)
(20, 54)
(20, 183)
(20, 184)
(20, 313)
(20, 190)
(20, 323)
(20, 197)
(20, 97)
(20, 73)
(20, 78)
(20, 214)
(20, 88)
(20, 345)
(20, 347)
(20, 350)
(20, 225)
(20, 226)
(20, 100)
(20, 229)
(20, 360)
(20, 363)
(20, 125)
(20, 27)
(20, 242)
(20, 253)
(20, 126)
(20, 383)
(21, 22)
(21, 105)
(21, 262)
(21, 145)
(21, 266)
(21, 268)
(21, 398)
(21, 273)
(21, 278)
(21, 24)
(21, 154)
(21, 159)
(21, 168)
(21, 169)
(21, 300)
(21, 45)
(21, 308)
(21, 309)
(21, 59)
(21, 64)
(21, 193)
(21, 198)
(21, 332)
(21, 75)
(21, 204)
(21, 205)
(21, 209)
(21, 212)
(21, 215)
(21, 89)
(21, 348)
(21, 352)
(21, 101)
(21, 231)
(21, 232)
(21, 361)
(21, 240)
(21, 119)
(21, 120)
(21, 127)
(21, 255)
(22, 262)
(22, 139)
(22, 397)
(22, 24)
(22, 28)
(22, 368)
(22, 168)
(22, 169)
(22, 298)
(22, 171)
(22, 46)
(22, 105)
(22, 95)
(22, 64)
(22, 193)
(22, 325)
(22, 198)
(22, 161)
(22, 204)
(22, 75)
(22, 332)
(22, 205)
(22, 212)
(22, 341)
(22, 342)
(22, 215)
(22, 89)
(22, 347)
(22, 223)
(22, 226)
(22, 101)
(22, 232)
(22, 361)
(22, 109)
(22, 238)
(22, 111)
(22, 240)
(22, 369)
(22, 244)
(22, 119)
(22, 120)
(22, 125)
(22, 254)
(23, 130)
(23, 261)
(23, 390)
(23, 136)
(23, 271)
(23, 147)
(23, 151)
(23, 25)
(23, 282)
(23, 90)
(23, 286)
(23, 31)
(23, 291)
(23, 297)
(23, 172)
(23, 175)
(23, 30)
(23, 184)
(23, 57)
(23, 320)
(23, 326)
(23, 199)
(23, 200)
(23, 340)
(23, 86)
(23, 217)
(23, 218)
(23, 221)
(23, 224)
(23, 84)
(23, 357)
(23, 234)
(23, 236)
(23, 370)
(23, 247)
(23, 377)
(24, 105)
(24, 262)
(24, 266)
(24, 139)
(24, 268)
(24, 397)
(24, 145)
(24, 154)
(24, 368)
(24, 164)
(24, 168)
(24, 169)
(24, 171)
(24, 308)
(24, 64)
(24, 193)
(24, 325)
(24, 198)
(24, 204)
(24, 75)
(24, 332)
(24, 205)
(24, 212)
(24, 341)
(24, 215)
(24, 89)
(24, 95)
(24, 352)
(24, 101)
(24, 231)
(24, 232)
(24, 361)
(24, 109)
(24, 238)
(24, 240)
(24, 369)
(24, 244)
(24, 119)
(24, 120)
(24, 254)
(25, 320)
(25, 224)
(25, 130)
(25, 217)
(25, 136)
(25, 297)
(25, 234)
(25, 151)
(25, 271)
(25, 370)
(25, 30)
(25, 247)
(25, 377)
(25, 218)
(25, 175)
(25, 221)
(25, 286)
(26, 132)
(26, 388)
(26, 134)
(26, 135)
(26, 137)
(26, 394)
(26, 60)
(26, 144)
(26, 275)
(26, 148)
(26, 153)
(26, 155)
(26, 28)
(26, 285)
(26, 288)
(26, 161)
(26, 292)
(26, 37)
(26, 167)
(26, 298)
(26, 173)
(26, 302)
(26, 93)
(26, 176)
(26, 51)
(26, 53)
(26, 311)
(26, 314)
(26, 316)
(26, 203)
(26, 77)
(26, 79)
(26, 338)
(26, 85)
(26, 344)
(26, 186)
(26, 227)
(26, 233)
(26, 235)
(26, 365)
(26, 366)
(26, 245)
(26, 376)
(26, 250)
(26, 381)
(27, 259)
(27, 261)
(27, 263)
(27, 396)
(27, 131)
(27, 67)
(27, 283)
(27, 389)
(27, 291)
(27, 48)
(27, 184)
(27, 313)
(27, 31)
(27, 190)
(27, 323)
(27, 197)
(27, 200)
(27, 140)
(27, 330)
(27, 210)
(27, 163)
(27, 340)
(27, 214)
(27, 88)
(27, 345)
(27, 90)
(27, 347)
(27, 94)
(27, 229)
(27, 97)
(27, 226)
(27, 100)
(27, 357)
(27, 363)
(27, 111)
(27, 242)
(27, 84)
(27, 253)
(27, 383)
(28, 256)
(28, 259)
(28, 132)
(28, 262)
(28, 135)
(28, 137)
(28, 139)
(28, 397)
(28, 60)
(28, 144)
(28, 88)
(28, 275)
(28, 238)
(28, 46)
(28, 153)
(28, 161)
(28, 292)
(28, 298)
(28, 171)
(28, 173)
(28, 302)
(28, 48)
(28, 53)
(28, 311)
(28, 314)
(28, 316)
(28, 325)
(28, 70)
(28, 330)
(28, 79)
(28, 210)
(28, 341)
(28, 342)
(28, 344)
(28, 347)
(28, 93)
(28, 223)
(28, 226)
(28, 227)
(28, 233)
(28, 235)
(28, 109)
(28, 366)
(28, 368)
(28, 369)
(28, 244)
(28, 376)
(28, 250)
(28, 381)
(28, 254)
(29, 353)
(29, 354)
(29, 356)
(29, 166)
(29, 129)
(29, 43)
(29, 364)
(29, 237)
(29, 207)
(29, 141)
(29, 213)
(29, 246)
(29, 68)
(29, 58)
(29, 62)
(30, 130)
(30, 390)
(30, 136)
(30, 271)
(30, 151)
(30, 282)
(30, 90)
(30, 286)
(30, 31)
(30, 291)
(30, 297)
(30, 175)
(30, 184)
(30, 57)
(30, 320)
(30, 326)
(30, 199)
(30, 200)
(30, 340)
(30, 217)
(30, 218)
(30, 221)
(30, 224)
(30, 84)
(30, 357)
(30, 234)
(30, 370)
(30, 247)
(30, 377)
(31, 130)
(31, 131)
(31, 261)
(31, 390)
(31, 140)
(31, 67)
(31, 151)
(31, 282)
(31, 283)
(31, 90)
(31, 286)
(31, 389)
(31, 291)
(31, 184)
(31, 323)
(31, 199)
(31, 200)
(31, 396)
(31, 340)
(31, 218)
(31, 94)
(31, 224)
(31, 97)
(31, 357)
(31, 234)
(31, 370)
(31, 84)
(31, 383)
(32, 385)
(32, 387)
(32, 391)
(32, 393)
(32, 142)
(32, 39)
(32, 42)
(32, 44)
(32, 303)
(32, 55)
(32, 56)
(32, 187)
(32, 317)
(32, 117)
(32, 66)
(32, 328)
(32, 202)
(32, 333)
(32, 82)
(32, 216)
(32, 346)
(32, 91)
(32, 222)
(32, 102)
(32, 61)
(32, 319)
(32, 243)
(32, 373)
(32, 251)
(33, 128)
(33, 257)
(33, 179)
(33, 264)
(33, 265)
(33, 266)
(33, 87)
(33, 399)
(33, 281)
(33, 159)
(33, 160)
(33, 133)
(33, 290)
(33, 294)
(33, 295)
(33, 301)
(33, 174)
(33, 47)
(33, 307)
(33, 308)
(33, 59)
(33, 138)
(33, 196)
(33, 71)
(33, 206)
(33, 336)
(33, 343)
(33, 348)
(33, 349)
(33, 38)
(33, 358)
(33, 359)
(33, 362)
(33, 108)
(33, 367)
(33, 116)
(33, 118)
(33, 249)
(33, 122)
(33, 123)
(33, 380)
(34, 384)
(34, 128)
(34, 386)
(34, 267)
(34, 258)
(34, 152)
(34, 274)
(34, 277)
(34, 280)
(34, 285)
(34, 287)
(34, 113)
(34, 40)
(34, 157)
(34, 181)
(34, 310)
(34, 312)
(34, 185)
(34, 321)
(34, 194)
(34, 182)
(34, 72)
(34, 74)
(34, 322)
(34, 334)
(34, 85)
(34, 98)
(34, 110)
(34, 112)
(34, 241)
(34, 371)
(34, 372)
(34, 374)
(34, 124)
(35, 385)
(35, 387)
(35, 150)
(35, 142)
(35, 143)
(35, 272)
(35, 146)
(35, 278)
(35, 156)
(35, 289)
(35, 164)
(35, 39)
(35, 177)
(35, 50)
(35, 52)
(35, 187)
(35, 191)
(35, 192)
(35, 66)
(35, 327)
(35, 201)
(35, 331)
(35, 204)
(35, 81)
(35, 216)
(35, 219)
(35, 222)
(35, 239)
(35, 114)
(35, 243)
(35, 121)
(35, 319)
(35, 382)
(36, 269)
(36, 270)
(36, 272)
(36, 150)
(36, 156)
(36, 158)
(36, 289)
(36, 165)
(36, 305)
(36, 92)
(36, 177)
(36, 178)
(36, 315)
(36, 318)
(36, 327)
(36, 201)
(36, 331)
(36, 337)
(36, 339)
(36, 219)
(36, 220)
(36, 351)
(36, 96)
(36, 81)
(36, 114)
(36, 115)
(36, 375)
(36, 121)
(36, 379)
(37, 107)
(37, 134)
(37, 263)
(37, 137)
(37, 394)
(37, 275)
(37, 149)
(37, 279)
(37, 153)
(37, 155)
(37, 288)
(37, 48)
(37, 162)
(37, 292)
(37, 167)
(37, 170)
(37, 172)
(37, 93)
(37, 176)
(37, 51)
(37, 180)
(37, 53)
(37, 311)
(37, 57)
(37, 186)
(37, 320)
(37, 326)
(37, 330)
(37, 77)
(37, 79)
(37, 338)
(37, 86)
(37, 344)
(37, 314)
(37, 221)
(37, 99)
(37, 235)
(37, 236)
(37, 365)
(37, 147)
(37, 245)
(37, 247)
(37, 376)
(37, 381)
(38, 257)
(38, 196)
(38, 179)
(38, 264)
(38, 266)
(38, 87)
(38, 399)
(38, 281)
(38, 159)
(38, 160)
(38, 133)
(38, 290)
(38, 294)
(38, 300)
(38, 301)
(38, 47)
(38, 307)
(38, 308)
(38, 59)
(38, 138)
(38, 63)
(38, 324)
(38, 71)
(38, 332)
(38, 45)
(38, 206)
(38, 336)
(38, 209)
(38, 343)
(38, 348)
(38, 349)
(38, 352)
(38, 80)
(38, 228)
(38, 358)
(38, 359)
(38, 231)
(38, 108)
(38, 367)
(38, 116)
(38, 118)
(38, 249)
(38, 122)
(38, 123)
(38, 380)
(39, 385)
(39, 387)
(39, 391)
(39, 393)
(39, 268)
(39, 398)
(39, 143)
(39, 273)
(39, 278)
(39, 154)
(39, 289)
(39, 42)
(39, 299)
(39, 44)
(39, 303)
(39, 309)
(39, 55)
(39, 56)
(39, 187)
(39, 317)
(39, 319)
(39, 66)
(39, 328)
(39, 76)
(39, 202)
(39, 204)
(39, 333)
(39, 205)
(39, 82)
(39, 142)
(39, 215)
(39, 216)
(39, 346)
(39, 222)
(39, 102)
(39, 145)
(39, 127)
(39, 61)
(39, 243)
(39, 117)
(39, 251)
(39, 382)
(39, 255)
(40, 128)
(40, 386)
(40, 132)
(40, 135)
(40, 264)
(40, 265)
(40, 138)
(40, 267)
(40, 258)
(40, 280)
(40, 274)
(40, 152)
(40, 157)
(40, 294)
(40, 295)
(40, 41)
(40, 174)
(40, 47)
(40, 181)
(40, 310)
(40, 65)
(40, 70)
(40, 71)
(40, 72)
(40, 206)
(40, 211)
(40, 212)
(40, 348)
(40, 98)
(40, 355)
(40, 359)
(40, 104)
(40, 362)
(40, 110)
(40, 112)
(40, 83)
(40, 118)
(40, 122)
(40, 124)
(41, 256)
(41, 128)
(41, 132)
(41, 135)
(41, 264)
(41, 265)
(41, 266)
(41, 267)
(41, 397)
(41, 144)
(41, 152)
(41, 159)
(41, 368)
(41, 112)
(41, 70)
(41, 65)
(41, 168)
(41, 169)
(41, 71)
(41, 301)
(41, 46)
(41, 308)
(41, 59)
(41, 316)
(41, 193)
(41, 198)
(41, 161)
(41, 332)
(41, 206)
(41, 211)
(41, 212)
(41, 343)
(41, 348)
(41, 98)
(41, 355)
(41, 101)
(41, 359)
(41, 104)
(41, 362)
(41, 366)
(41, 240)
(41, 83)
(41, 118)
(41, 380)
(41, 254)
(42, 385)
(42, 387)
(42, 391)
(42, 393)
(42, 142)
(42, 299)
(42, 44)
(42, 303)
(42, 49)
(42, 55)
(42, 56)
(42, 58)
(42, 317)
(42, 117)
(42, 66)
(42, 328)
(42, 202)
(42, 76)
(42, 333)
(42, 82)
(42, 398)
(42, 216)
(42, 346)
(42, 91)
(42, 222)
(42, 354)
(42, 102)
(42, 61)
(42, 319)
(42, 243)
(42, 373)
(42, 251)
(43, 129)
(43, 141)
(43, 68)
(43, 293)
(43, 166)
(43, 299)
(43, 49)
(43, 56)
(43, 58)
(43, 61)
(43, 62)
(43, 324)
(43, 76)
(43, 207)
(43, 335)
(43, 80)
(43, 82)
(43, 213)
(43, 356)
(43, 91)
(43, 353)
(43, 354)
(43, 228)
(43, 102)
(43, 230)
(43, 364)
(43, 237)
(43, 373)
(43, 246)
(43, 378)
(43, 252)
(44, 385)
(44, 387)
(44, 391)
(44, 393)
(44, 268)
(44, 398)
(44, 143)
(44, 273)
(44, 278)
(44, 154)
(44, 299)
(44, 300)
(44, 303)
(44, 49)
(44, 309)
(44, 55)
(44, 56)
(44, 187)
(44, 317)
(44, 319)
(44, 66)
(44, 328)
(44, 76)
(44, 202)
(44, 204)
(44, 333)
(44, 205)
(44, 209)
(44, 82)
(44, 142)
(44, 215)
(44, 216)
(44, 89)
(44, 346)
(44, 222)
(44, 102)
(44, 145)
(44, 127)
(44, 61)
(44, 117)
(44, 251)
(44, 255)
(45, 257)
(45, 179)
(45, 129)
(45, 87)
(45, 268)
(45, 273)
(45, 281)
(45, 154)
(45, 159)
(45, 160)
(45, 133)
(45, 290)
(45, 293)
(45, 166)
(45, 168)
(45, 299)
(45, 300)
(45, 301)
(45, 307)
(45, 308)
(45, 309)
(45, 56)
(45, 59)
(45, 61)
(45, 62)
(45, 63)
(45, 324)
(45, 198)
(45, 76)
(45, 332)
(45, 335)
(45, 336)
(45, 209)
(45, 343)
(45, 89)
(45, 346)
(45, 207)
(45, 348)
(45, 352)
(45, 80)
(45, 228)
(45, 230)
(45, 358)
(45, 231)
(45, 252)
(45, 116)
(45, 378)
(45, 127)
(45, 380)
(45, 255)
(46, 256)
(46, 132)
(46, 262)
(46, 135)
(46, 137)
(46, 139)
(46, 397)
(46, 60)
(46, 144)
(46, 275)
(46, 238)
(46, 153)
(46, 161)
(46, 292)
(46, 65)
(46, 169)
(46, 298)
(46, 171)
(46, 173)
(46, 302)
(46, 48)
(46, 95)
(46, 316)
(46, 193)
(46, 325)
(46, 70)
(46, 330)
(46, 79)
(46, 120)
(46, 210)
(46, 227)
(46, 212)
(46, 341)
(46, 342)
(46, 347)
(46, 223)
(46, 355)
(46, 232)
(46, 233)
(46, 235)
(46, 109)
(46, 366)
(46, 368)
(46, 369)
(46, 211)
(46, 244)
(46, 376)
(46, 250)
(46, 381)
(46, 254)
(47, 128)
(47, 257)
(47, 179)
(47, 264)
(47, 265)
(47, 138)
(47, 267)
(47, 399)
(47, 157)
(47, 159)
(47, 294)
(47, 295)
(47, 301)
(47, 174)
(47, 307)
(47, 181)
(47, 87)
(47, 59)
(47, 196)
(47, 71)
(47, 206)
(47, 336)
(47, 343)
(47, 348)
(47, 358)
(47, 359)
(47, 362)
(47, 108)
(47, 367)
(47, 112)
(47, 116)
(47, 118)
(47, 249)
(47, 122)
(47, 123)
(47, 380)
(48, 259)
(48, 389)
(48, 263)
(48, 137)
(48, 139)
(48, 140)
(48, 109)
(48, 144)
(48, 275)
(48, 235)
(48, 153)
(48, 86)
(48, 261)
(48, 161)
(48, 162)
(48, 163)
(48, 292)
(48, 298)
(48, 171)
(48, 173)
(48, 176)
(48, 51)
(48, 53)
(48, 311)
(48, 57)
(48, 314)
(48, 197)
(48, 200)
(48, 330)
(48, 79)
(48, 210)
(48, 341)
(48, 342)
(48, 88)
(48, 345)
(48, 347)
(48, 94)
(48, 223)
(48, 226)
(48, 99)
(48, 363)
(48, 365)
(48, 369)
(48, 242)
(48, 147)
(48, 244)
(48, 376)
(48, 381)
(49, 129)
(49, 387)
(49, 391)
(49, 393)
(49, 141)
(49, 398)
(49, 273)
(49, 91)
(49, 293)
(49, 166)
(49, 299)
(49, 303)
(49, 55)
(49, 56)
(49, 58)
(49, 317)
(49, 62)
(49, 117)
(49, 68)
(49, 328)
(49, 202)
(49, 76)
(49, 333)
(49, 335)
(49, 80)
(49, 82)
(49, 216)
(49, 346)
(49, 207)
(49, 353)
(49, 354)
(49, 228)
(49, 102)
(49, 230)
(49, 237)
(49, 61)
(49, 373)
(49, 246)
(49, 378)
(49, 63)
(49, 252)
(50, 385)
(50, 64)
(50, 143)
(50, 146)
(50, 278)
(50, 289)
(50, 164)
(50, 73)
(50, 304)
(50, 177)
(50, 306)
(50, 52)
(50, 54)
(50, 183)
(50, 187)
(50, 188)
(50, 191)
(50, 192)
(50, 66)
(50, 327)
(50, 201)
(50, 331)
(50, 204)
(50, 81)
(50, 220)
(50, 361)
(50, 239)
(50, 319)
(50, 114)
(50, 119)
(50, 121)
(50, 379)
(50, 125)
(50, 382)
(51, 261)
(51, 134)
(51, 263)
(51, 137)
(51, 275)
(51, 149)
(51, 279)
(51, 282)
(51, 162)
(51, 292)
(51, 167)
(51, 170)
(51, 172)
(51, 176)
(51, 180)
(51, 53)
(51, 311)
(51, 57)
(51, 314)
(51, 320)
(51, 326)
(51, 199)
(51, 200)
(51, 330)
(51, 77)
(51, 210)
(51, 86)
(51, 186)
(51, 344)
(51, 221)
(51, 99)
(51, 234)
(51, 107)
(51, 236)
(51, 365)
(51, 147)
(51, 245)
(51, 247)
(51, 376)
(51, 377)
(51, 381)
(52, 385)
(52, 150)
(52, 142)
(52, 143)
(52, 272)
(52, 146)
(52, 278)
(52, 156)
(52, 158)
(52, 289)
(52, 164)
(52, 73)
(52, 306)
(52, 177)
(52, 178)
(52, 54)
(52, 183)
(52, 187)
(52, 188)
(52, 191)
(52, 192)
(52, 66)
(52, 327)
(52, 201)
(52, 331)
(52, 204)
(52, 81)
(52, 219)
(52, 220)
(52, 239)
(52, 319)
(52, 114)
(52, 121)
(52, 379)
(52, 382)
(53, 107)
(53, 388)
(53, 134)
(53, 263)
(53, 137)
(53, 394)
(53, 144)
(53, 275)
(53, 148)
(53, 149)
(53, 153)
(53, 155)
(53, 288)
(53, 162)
(53, 292)
(53, 167)
(53, 298)
(53, 173)
(53, 302)
(53, 93)
(53, 176)
(53, 311)
(53, 314)
(53, 60)
(53, 330)
(53, 77)
(53, 79)
(53, 338)
(53, 99)
(53, 86)
(53, 344)
(53, 186)
(53, 227)
(53, 233)
(53, 235)
(53, 365)
(53, 366)
(53, 245)
(53, 170)
(53, 376)
(53, 250)
(53, 381)
(54, 64)
(54, 260)
(54, 146)
(54, 278)
(54, 111)
(54, 289)
(54, 164)
(54, 73)
(54, 304)
(54, 306)
(54, 183)
(54, 188)
(54, 191)
(54, 192)
(54, 325)
(54, 201)
(54, 75)
(54, 204)
(54, 78)
(54, 105)
(54, 345)
(54, 220)
(54, 350)
(54, 95)
(54, 225)
(54, 229)
(54, 361)
(54, 239)
(54, 119)
(54, 120)
(54, 125)
(55, 385)
(55, 387)
(55, 391)
(55, 393)
(55, 268)
(55, 398)
(55, 143)
(55, 273)
(55, 278)
(55, 154)
(55, 299)
(55, 303)
(55, 309)
(55, 56)
(55, 317)
(55, 319)
(55, 66)
(55, 328)
(55, 76)
(55, 202)
(55, 204)
(55, 333)
(55, 205)
(55, 209)
(55, 82)
(55, 142)
(55, 215)
(55, 216)
(55, 346)
(55, 91)
(55, 222)
(55, 354)
(55, 102)
(55, 145)
(55, 127)
(55, 61)
(55, 117)
(55, 378)
(55, 251)
(55, 255)
(56, 387)
(56, 391)
(56, 393)
(56, 268)
(56, 398)
(56, 273)
(56, 281)
(56, 154)
(56, 91)
(56, 293)
(56, 299)
(56, 300)
(56, 303)
(56, 309)
(56, 58)
(56, 117)
(56, 317)
(56, 62)
(56, 319)
(56, 68)
(56, 328)
(56, 202)
(56, 76)
(56, 333)
(56, 335)
(56, 80)
(56, 209)
(56, 82)
(56, 216)
(56, 346)
(56, 207)
(56, 354)
(56, 228)
(56, 102)
(56, 230)
(56, 145)
(56, 63)
(56, 237)
(56, 61)
(56, 373)
(56, 378)
(56, 127)
(56, 252)
(56, 255)
(57, 261)
(57, 263)
(57, 136)
(57, 137)
(57, 151)
(57, 147)
(57, 149)
(57, 279)
(57, 282)
(57, 162)
(57, 291)
(57, 167)
(57, 297)
(57, 170)
(57, 172)
(57, 175)
(57, 176)
(57, 180)
(57, 311)
(57, 320)
(57, 326)
(57, 199)
(57, 200)
(57, 330)
(57, 340)
(57, 86)
(57, 217)
(57, 221)
(57, 99)
(57, 357)
(57, 234)
(57, 107)
(57, 236)
(57, 365)
(57, 370)
(57, 247)
(57, 377)
(58, 129)
(58, 393)
(58, 141)
(58, 91)
(58, 293)
(58, 166)
(58, 299)
(58, 303)
(58, 317)
(58, 62)
(58, 117)
(58, 68)
(58, 76)
(58, 333)
(58, 207)
(58, 82)
(58, 213)
(58, 346)
(58, 335)
(58, 353)
(58, 354)
(58, 228)
(58, 102)
(58, 230)
(58, 364)
(58, 237)
(58, 61)
(58, 373)
(58, 246)
(58, 378)
(58, 252)
(59, 257)
(59, 196)
(59, 179)
(59, 264)
(59, 266)
(59, 87)
(59, 268)
(59, 399)
(59, 273)
(59, 281)
(59, 159)
(59, 160)
(59, 133)
(59, 290)
(59, 168)
(59, 300)
(59, 301)
(59, 307)
(59, 308)
(59, 63)
(59, 324)
(59, 198)
(59, 332)
(59, 336)
(59, 209)
(59, 212)
(59, 343)
(59, 89)
(59, 348)
(59, 352)
(59, 80)
(59, 355)
(59, 228)
(59, 230)
(59, 358)
(59, 359)
(59, 362)
(59, 231)
(59, 367)
(59, 240)
(59, 116)
(59, 118)
(59, 249)
(59, 123)
(59, 380)
(60, 256)
(60, 132)
(60, 388)
(60, 134)
(60, 135)
(60, 137)
(60, 394)
(60, 144)
(60, 274)
(60, 275)
(60, 148)
(60, 152)
(60, 153)
(60, 155)
(60, 285)
(60, 288)
(60, 161)
(60, 292)
(60, 298)
(60, 173)
(60, 302)
(60, 93)
(60, 314)
(60, 316)
(60, 65)
(60, 203)
(60, 79)
(60, 338)
(60, 83)
(60, 85)
(60, 344)
(60, 186)
(60, 98)
(60, 227)
(60, 233)
(60, 235)
(60, 366)
(60, 241)
(60, 245)
(60, 374)
(60, 376)
(60, 250)
(60, 124)
(60, 381)
(61, 129)
(61, 387)
(61, 391)
(61, 393)
(61, 268)
(61, 141)
(61, 398)
(61, 273)
(61, 91)
(61, 293)
(61, 166)
(61, 299)
(61, 303)
(61, 309)
(61, 317)
(61, 62)
(61, 117)
(61, 68)
(61, 328)
(61, 202)
(61, 76)
(61, 333)
(61, 335)
(61, 80)
(61, 209)
(61, 82)
(61, 216)
(61, 346)
(61, 207)
(61, 353)
(61, 354)
(61, 228)
(61, 102)
(61, 230)
(61, 63)
(61, 237)
(61, 373)
(61, 378)
(61, 127)
(61, 252)
(61, 255)
(62, 129)
(62, 133)
(62, 141)
(62, 68)
(62, 160)
(62, 290)
(62, 91)
(62, 293)
(62, 166)
(62, 299)
(62, 63)
(62, 324)
(62, 76)
(62, 335)
(62, 80)
(62, 213)
(62, 356)
(62, 207)
(62, 349)
(62, 353)
(62, 354)
(62, 228)
(62, 230)
(62, 364)
(62, 237)
(62, 373)
(62, 246)
(62, 378)
(62, 252)
(63, 68)
(63, 257)
(63, 179)
(63, 129)
(63, 87)
(63, 268)
(63, 141)
(63, 273)
(63, 281)
(63, 154)
(63, 159)
(63, 160)
(63, 133)
(63, 290)
(63, 293)
(63, 166)
(63, 299)
(63, 300)
(63, 301)
(63, 307)
(63, 308)
(63, 324)
(63, 76)
(63, 335)
(63, 336)
(63, 209)
(63, 343)
(63, 346)
(63, 207)
(63, 349)
(63, 352)
(63, 80)
(63, 228)
(63, 230)
(63, 358)
(63, 231)
(63, 252)
(63, 367)
(63, 116)
(63, 378)
(63, 380)
(64, 262)
(64, 139)
(64, 146)
(64, 111)
(64, 164)
(64, 169)
(64, 171)
(64, 304)
(64, 105)
(64, 183)
(64, 95)
(64, 191)
(64, 193)
(64, 325)
(64, 75)
(64, 204)
(64, 205)
(64, 341)
(64, 215)
(64, 345)
(64, 347)
(64, 101)
(64, 226)
(64, 229)
(64, 232)
(64, 361)
(64, 109)
(64, 238)
(64, 239)
(64, 369)
(64, 244)
(64, 119)
(64, 120)
(64, 125)
(65, 256)
(65, 128)
(65, 132)
(65, 135)
(65, 264)
(65, 265)
(65, 266)
(65, 267)
(65, 397)
(65, 173)
(65, 144)
(65, 274)
(65, 152)
(65, 368)
(65, 70)
(65, 112)
(65, 298)
(65, 71)
(65, 301)
(65, 302)
(65, 181)
(65, 316)
(65, 198)
(65, 161)
(65, 332)
(65, 206)
(65, 211)
(65, 212)
(65, 348)
(65, 98)
(65, 355)
(65, 359)
(65, 104)
(65, 362)
(65, 366)
(65, 240)
(65, 83)
(65, 118)
(65, 250)
(65, 124)
(65, 254)
(66, 385)
(66, 387)
(66, 391)
(66, 393)
(66, 398)
(66, 143)
(66, 145)
(66, 278)
(66, 156)
(66, 289)
(66, 303)
(66, 177)
(66, 309)
(66, 187)
(66, 317)
(66, 319)
(66, 328)
(66, 201)
(66, 202)
(66, 331)
(66, 204)
(66, 333)
(66, 81)
(66, 142)
(66, 216)
(66, 346)
(66, 222)
(66, 127)
(66, 114)
(66, 243)
(66, 117)
(66, 121)
(66, 251)
(66, 382)
(66, 255)
(67, 131)
(67, 390)
(67, 396)
(67, 276)
(67, 218)
(67, 283)
(67, 184)
(67, 313)
(67, 190)
(67, 323)
(67, 84)
(67, 214)
(67, 90)
(67, 94)
(67, 97)
(67, 100)
(67, 357)
(67, 253)
(67, 126)
(67, 383)
(68, 129)
(68, 141)
(68, 293)
(68, 166)
(68, 299)
(68, 324)
(68, 76)
(68, 207)
(68, 335)
(68, 80)
(68, 82)
(68, 213)
(68, 356)
(68, 91)
(68, 353)
(68, 354)
(68, 228)
(68, 102)
(68, 230)
(68, 364)
(68, 237)
(68, 373)
(68, 246)
(68, 378)
(68, 252)
(69, 260)
(69, 392)
(69, 395)
(69, 195)
(69, 276)
(69, 284)
(69, 296)
(69, 306)
(69, 73)
(69, 313)
(69, 315)
(69, 188)
(69, 189)
(69, 323)
(69, 329)
(69, 78)
(69, 208)
(69, 214)
(69, 350)
(69, 225)
(69, 100)
(69, 360)
(69, 248)
(69, 126)
(70, 256)
(70, 132)
(70, 135)
(70, 264)
(70, 266)
(70, 267)
(70, 397)
(70, 144)
(70, 238)
(70, 152)
(70, 159)
(70, 368)
(70, 168)
(70, 169)
(70, 298)
(70, 173)
(70, 302)
(70, 308)
(70, 104)
(70, 316)
(70, 193)
(70, 198)
(70, 161)
(70, 332)
(70, 211)
(70, 212)
(70, 341)
(70, 348)
(70, 223)
(70, 98)
(70, 355)
(70, 101)
(70, 232)
(70, 362)
(70, 366)
(70, 240)
(70, 369)
(70, 83)
(70, 244)
(70, 118)
(70, 250)
(70, 254)
(71, 128)
(71, 386)
(71, 264)
(71, 265)
(71, 138)
(71, 267)
(71, 399)
(71, 152)
(71, 280)
(71, 157)
(71, 294)
(71, 295)
(71, 301)
(71, 174)
(71, 181)
(71, 310)
(71, 196)
(71, 72)
(71, 206)
(71, 211)
(71, 343)
(71, 348)
(71, 98)
(71, 359)
(71, 104)
(71, 124)
(71, 362)
(71, 108)
(71, 110)
(71, 112)
(71, 83)
(71, 118)
(71, 249)
(71, 122)
(71, 123)
(71, 380)
(72, 384)
(72, 128)
(72, 386)
(72, 265)
(72, 267)
(72, 258)
(72, 277)
(72, 280)
(72, 157)
(72, 295)
(72, 174)
(72, 181)
(72, 182)
(72, 312)
(72, 185)
(72, 321)
(72, 194)
(72, 310)
(72, 74)
(72, 322)
(72, 334)
(72, 110)
(72, 112)
(72, 113)
(72, 371)
(72, 372)
(73, 260)
(73, 392)
(73, 395)
(73, 146)
(73, 284)
(73, 158)
(73, 304)
(73, 306)
(73, 201)
(73, 313)
(73, 315)
(73, 188)
(73, 189)
(73, 191)
(73, 192)
(73, 195)
(73, 327)
(73, 329)
(73, 183)
(73, 78)
(73, 208)
(73, 214)
(73, 220)
(73, 350)
(73, 225)
(73, 100)
(73, 229)
(73, 360)
(73, 106)
(73, 239)
(73, 115)
(73, 248)
(73, 379)
(73, 125)
(73, 126)
(74, 384)
(74, 321)
(74, 386)
(74, 182)
(74, 113)
(74, 194)
(74, 322)
(74, 334)
(74, 280)
(74, 371)
(74, 372)
(74, 277)
(74, 310)
(74, 312)
(74, 185)
(75, 262)
(75, 139)
(75, 145)
(75, 146)
(75, 278)
(75, 111)
(75, 164)
(75, 168)
(75, 169)
(75, 171)
(75, 105)
(75, 183)
(75, 95)
(75, 191)
(75, 193)
(75, 325)
(75, 204)
(75, 205)
(75, 341)
(75, 215)
(75, 89)
(75, 347)
(75, 101)
(75, 223)
(75, 226)
(75, 229)
(75, 232)
(75, 361)
(75, 109)
(75, 238)
(75, 239)
(75, 369)
(75, 244)
(75, 119)
(75, 120)
(75, 125)
(75, 254)
(76, 129)
(76, 387)
(76, 391)
(76, 393)
(76, 268)
(76, 141)
(76, 398)
(76, 273)
(76, 281)
(76, 91)
(76, 293)
(76, 166)
(76, 299)
(76, 303)
(76, 309)
(76, 317)
(76, 117)
(76, 324)
(76, 328)
(76, 333)
(76, 335)
(76, 80)
(76, 209)
(76, 82)
(76, 216)
(76, 346)
(76, 207)
(76, 353)
(76, 354)
(76, 228)
(76, 102)
(76, 230)
(76, 237)
(76, 373)
(76, 378)
(76, 127)
(76, 252)
(76, 255)
(77, 134)
(77, 137)
(77, 394)
(77, 148)
(77, 149)
(77, 279)
(77, 155)
(77, 288)
(77, 162)
(77, 292)
(77, 167)
(77, 170)
(77, 172)
(77, 93)
(77, 176)
(77, 180)
(77, 314)
(77, 338)
(77, 344)
(77, 186)
(77, 99)
(77, 107)
(77, 365)
(77, 245)
(77, 376)
(78, 260)
(78, 392)
(78, 276)
(78, 111)
(78, 284)
(78, 304)
(78, 306)
(78, 183)
(78, 313)
(78, 188)
(78, 190)
(78, 323)
(78, 208)
(78, 214)
(78, 345)
(78, 350)
(78, 225)
(78, 100)
(78, 229)
(78, 360)
(78, 363)
(78, 125)
(78, 248)
(78, 253)
(78, 126)
(78, 383)
(79, 256)
(79, 132)
(79, 135)
(79, 137)
(79, 397)
(79, 109)
(79, 144)
(79, 275)
(79, 238)
(79, 153)
(79, 155)
(79, 161)
(79, 292)
(79, 298)
(79, 171)
(79, 173)
(79, 302)
(79, 311)
(79, 314)
(79, 316)
(79, 330)
(79, 338)
(79, 341)
(79, 342)
(79, 344)
(79, 93)
(79, 223)
(79, 227)
(79, 233)
(79, 235)
(79, 210)
(79, 366)
(79, 369)
(79, 244)
(79, 376)
(79, 250)
(79, 381)
(79, 254)
(80, 257)
(80, 179)
(80, 129)
(80, 87)
(80, 268)
(80, 141)
(80, 399)
(80, 273)
(80, 281)
(80, 133)
(80, 160)
(80, 290)
(80, 293)
(80, 166)
(80, 299)
(80, 300)
(80, 307)
(80, 324)
(80, 335)
(80, 336)
(80, 209)
(80, 343)
(80, 207)
(80, 349)
(80, 228)
(80, 230)
(80, 358)
(80, 231)
(80, 380)
(80, 364)
(80, 237)
(80, 367)
(80, 116)
(80, 249)
(80, 378)
(80, 252)
(81, 385)
(81, 278)
(81, 142)
(81, 143)
(81, 272)
(81, 150)
(81, 156)
(81, 289)
(81, 177)
(81, 178)
(81, 187)
(81, 319)
(81, 192)
(81, 327)
(81, 201)
(81, 331)
(81, 339)
(81, 219)
(81, 222)
(81, 114)
(81, 243)
(81, 375)
(81, 121)
(81, 382)
(82, 387)
(82, 391)
(82, 393)
(82, 398)
(82, 273)
(82, 299)
(82, 303)
(82, 309)
(82, 117)
(82, 317)
(82, 319)
(82, 328)
(82, 202)
(82, 333)
(82, 335)
(82, 216)
(82, 346)
(82, 91)
(82, 222)
(82, 353)
(82, 354)
(82, 102)
(82, 127)
(82, 237)
(82, 373)
(82, 378)
(82, 251)
(82, 255)
(83, 256)
(83, 128)
(83, 258)
(83, 132)
(83, 135)
(83, 264)
(83, 265)
(83, 266)
(83, 267)
(83, 397)
(83, 144)
(83, 274)
(83, 110)
(83, 152)
(83, 285)
(83, 112)
(83, 227)
(83, 302)
(83, 157)
(83, 181)
(83, 316)
(83, 118)
(83, 206)
(83, 211)
(83, 212)
(83, 85)
(83, 348)
(83, 98)
(83, 355)
(83, 104)
(83, 233)
(83, 362)
(83, 366)
(83, 368)
(83, 374)
(83, 250)
(83, 124)
(84, 130)
(84, 131)
(84, 261)
(84, 390)
(84, 396)
(84, 151)
(84, 282)
(84, 283)
(84, 90)
(84, 286)
(84, 389)
(84, 291)
(84, 297)
(84, 184)
(84, 199)
(84, 200)
(84, 340)
(84, 218)
(84, 221)
(84, 94)
(84, 224)
(84, 97)
(84, 357)
(84, 234)
(84, 370)
(84, 377)
(84, 383)
(85, 258)
(85, 388)
(85, 135)
(85, 394)
(85, 132)
(85, 274)
(85, 148)
(85, 277)
(85, 152)
(85, 153)
(85, 155)
(85, 285)
(85, 287)
(85, 288)
(85, 113)
(85, 302)
(85, 312)
(85, 322)
(85, 203)
(85, 338)
(85, 93)
(85, 98)
(85, 227)
(85, 103)
(85, 233)
(85, 110)
(85, 241)
(85, 374)
(85, 250)
(85, 124)
(86, 259)
(86, 389)
(86, 263)
(86, 136)
(86, 137)
(86, 151)
(86, 275)
(86, 149)
(86, 279)
(86, 282)
(86, 261)
(86, 162)
(86, 291)
(86, 292)
(86, 167)
(86, 297)
(86, 170)
(86, 172)
(86, 176)
(86, 180)
(86, 311)
(86, 314)
(86, 320)
(86, 197)
(86, 326)
(86, 199)
(86, 200)
(86, 330)
(86, 210)
(86, 340)
(86, 88)
(86, 221)
(86, 94)
(86, 99)
(86, 234)
(86, 107)
(86, 236)
(86, 365)
(86, 147)
(86, 247)
(86, 377)
(86, 381)
(87, 257)
(87, 196)
(87, 179)
(87, 264)
(87, 266)
(87, 268)
(87, 399)
(87, 273)
(87, 281)
(87, 159)
(87, 160)
(87, 133)
(87, 290)
(87, 293)
(87, 300)
(87, 301)
(87, 307)
(87, 308)
(87, 324)
(87, 198)
(87, 332)
(87, 336)
(87, 209)
(87, 343)
(87, 348)
(87, 349)
(87, 352)
(87, 228)
(87, 230)
(87, 358)
(87, 359)
(87, 252)
(87, 231)
(87, 108)
(87, 367)
(87, 240)
(87, 116)
(87, 118)
(87, 249)
(87, 378)
(87, 123)
(87, 380)
(88, 259)
(88, 261)
(88, 263)
(88, 139)
(88, 140)
(88, 111)
(88, 389)
(88, 163)
(88, 171)
(88, 311)
(88, 184)
(88, 190)
(88, 197)
(88, 200)
(88, 330)
(88, 210)
(88, 342)
(88, 345)
(88, 347)
(88, 94)
(88, 223)
(88, 97)
(88, 226)
(88, 229)
(88, 363)
(88, 109)
(88, 381)
(88, 369)
(88, 242)
(88, 244)
(88, 253)
(88, 383)
(89, 145)
(89, 266)
(89, 268)
(89, 398)
(89, 273)
(89, 278)
(89, 281)
(89, 154)
(89, 159)
(89, 168)
(89, 169)
(89, 300)
(89, 308)
(89, 309)
(89, 193)
(89, 198)
(89, 204)
(89, 332)
(89, 205)
(89, 209)
(89, 212)
(89, 215)
(89, 346)
(89, 348)
(89, 352)
(89, 101)
(89, 358)
(89, 231)
(89, 232)
(89, 361)
(89, 240)
(89, 105)
(89, 120)
(89, 127)
(89, 255)
(90, 130)
(90, 131)
(90, 261)
(90, 390)
(90, 396)
(90, 151)
(90, 282)
(90, 283)
(90, 286)
(90, 389)
(90, 291)
(90, 297)
(90, 184)
(90, 199)
(90, 200)
(90, 340)
(90, 218)
(90, 94)
(90, 224)
(90, 97)
(90, 357)
(90, 234)
(90, 370)
(90, 383)
(91, 129)
(91, 393)
(91, 141)
(91, 293)
(91, 299)
(91, 303)
(91, 317)
(91, 117)
(91, 328)
(91, 202)
(91, 333)
(91, 207)
(91, 216)
(91, 346)
(91, 335)
(91, 353)
(91, 354)
(91, 102)
(91, 230)
(91, 237)
(91, 373)
(91, 246)
(91, 378)
(91, 252)
(92, 395)
(92, 269)
(92, 270)
(92, 272)
(92, 150)
(92, 284)
(92, 158)
(92, 165)
(92, 296)
(92, 178)
(92, 305)
(92, 306)
(92, 315)
(92, 188)
(92, 189)
(92, 318)
(92, 195)
(92, 327)
(92, 331)
(92, 208)
(92, 337)
(92, 339)
(92, 219)
(92, 220)
(92, 351)
(92, 96)
(92, 106)
(92, 114)
(92, 115)
(92, 375)
(92, 379)
(93, 256)
(93, 132)
(93, 388)
(93, 134)
(93, 135)
(93, 137)
(93, 394)
(93, 144)
(93, 274)
(93, 275)
(93, 148)
(93, 153)
(93, 155)
(93, 285)
(93, 288)
(93, 161)
(93, 292)
(93, 298)
(93, 173)
(93, 302)
(93, 314)
(93, 316)
(93, 203)
(93, 338)
(93, 344)
(93, 186)
(93, 98)
(93, 227)
(93, 233)
(93, 235)
(93, 366)
(93, 241)
(93, 245)
(93, 374)
(93, 376)
(93, 250)
(93, 381)
(94, 259)
(94, 261)
(94, 390)
(94, 263)
(94, 396)
(94, 147)
(94, 282)
(94, 283)
(94, 389)
(94, 291)
(94, 311)
(94, 184)
(94, 313)
(94, 190)
(94, 323)
(94, 197)
(94, 199)
(94, 200)
(94, 140)
(94, 330)
(94, 210)
(94, 163)
(94, 340)
(94, 345)
(94, 218)
(94, 347)
(94, 97)
(94, 226)
(94, 131)
(94, 357)
(94, 363)
(94, 242)
(94, 253)
(94, 383)
(95, 259)
(95, 262)
(95, 139)
(95, 146)
(95, 111)
(95, 163)
(95, 164)
(95, 169)
(95, 171)
(95, 304)
(95, 183)
(95, 191)
(95, 193)
(95, 325)
(95, 341)
(95, 342)
(95, 105)
(95, 345)
(95, 347)
(95, 101)
(95, 223)
(95, 226)
(95, 229)
(95, 232)
(95, 361)
(95, 363)
(95, 109)
(95, 238)
(95, 239)
(95, 369)
(95, 242)
(95, 244)
(95, 119)
(95, 120)
(95, 125)
(95, 254)
(96, 269)
(96, 270)
(96, 272)
(96, 150)
(96, 158)
(96, 165)
(96, 296)
(96, 305)
(96, 178)
(96, 315)
(96, 318)
(96, 327)
(96, 337)
(96, 339)
(96, 219)
(96, 351)
(96, 106)
(96, 115)
(96, 375)
(96, 379)
(97, 259)
(97, 261)
(97, 390)
(97, 396)
(97, 131)
(97, 276)
(97, 283)
(97, 389)
(97, 291)
(97, 184)
(97, 313)
(97, 190)
(97, 323)
(97, 197)
(97, 200)
(97, 140)
(97, 163)
(97, 340)
(97, 214)
(97, 345)
(97, 218)
(97, 100)
(97, 357)
(97, 363)
(97, 242)
(97, 253)
(97, 126)
(97, 383)
(98, 256)
(98, 128)
(98, 258)
(98, 388)
(98, 135)
(98, 265)
(98, 267)
(98, 152)
(98, 274)
(98, 148)
(98, 277)
(98, 280)
(98, 132)
(98, 285)
(98, 112)
(98, 302)
(98, 157)
(98, 181)
(98, 312)
(98, 316)
(98, 322)
(98, 203)
(98, 206)
(98, 227)
(98, 355)
(98, 104)
(98, 233)
(98, 362)
(98, 110)
(98, 366)
(98, 368)
(98, 241)
(98, 211)
(98, 374)
(98, 250)
(98, 124)
(99, 261)
(99, 134)
(99, 263)
(99, 136)
(99, 137)
(99, 151)
(99, 147)
(99, 149)
(99, 279)
(99, 282)
(99, 162)
(99, 292)
(99, 167)
(99, 297)
(99, 170)
(99, 172)
(99, 176)
(99, 180)
(99, 311)
(99, 314)
(99, 320)
(99, 326)
(99, 199)
(99, 200)
(99, 330)
(99, 217)
(99, 221)
(99, 234)
(99, 107)
(99, 236)
(99, 365)
(99, 247)
(99, 377)
(99, 381)
(100, 131)
(100, 260)
(100, 392)
(100, 396)
(100, 276)
(100, 283)
(100, 284)
(100, 304)
(100, 306)
(100, 184)
(100, 313)
(100, 188)
(100, 190)
(100, 323)
(100, 140)
(100, 208)
(100, 214)
(100, 345)
(100, 350)
(100, 225)
(100, 229)
(100, 360)
(100, 363)
(100, 248)
(100, 253)
(100, 126)
(100, 383)
(101, 105)
(101, 262)
(101, 266)
(101, 268)
(101, 397)
(101, 145)
(101, 154)
(101, 159)
(101, 368)
(101, 168)
(101, 169)
(101, 300)
(101, 308)
(101, 309)
(101, 193)
(101, 325)
(101, 198)
(101, 204)
(101, 332)
(101, 205)
(101, 209)
(101, 212)
(101, 341)
(101, 215)
(101, 348)
(101, 352)
(101, 355)
(101, 231)
(101, 232)
(101, 361)
(101, 238)
(101, 240)
(101, 119)
(101, 120)
(101, 127)
(101, 254)
(101, 255)
(102, 387)
(102, 391)
(102, 393)
(102, 299)
(102, 303)
(102, 317)
(102, 117)
(102, 328)
(102, 202)
(102, 333)
(102, 398)
(102, 216)
(102, 346)
(102, 222)
(102, 353)
(102, 354)
(102, 237)
(102, 373)
(102, 378)
(102, 251)
(103, 258)
(103, 388)
(103, 274)
(103, 148)
(103, 277)
(103, 155)
(103, 285)
(103, 287)
(103, 288)
(103, 241)
(103, 312)
(103, 394)
(103, 321)
(103, 322)
(103, 203)
(103, 113)
(103, 374)
(103, 124)
(104, 256)
(104, 128)
(104, 132)
(104, 135)
(104, 264)
(104, 265)
(104, 266)
(104, 267)
(104, 397)
(104, 144)
(104, 110)
(104, 152)
(104, 157)
(104, 159)
(104, 368)
(104, 112)
(104, 301)
(104, 308)
(104, 181)
(104, 316)
(104, 198)
(104, 161)
(104, 332)
(104, 206)
(104, 211)
(104, 212)
(104, 343)
(104, 348)
(104, 355)
(104, 359)
(104, 362)
(104, 366)
(104, 240)
(104, 118)
(104, 250)
(104, 124)
(104, 254)
(105, 262)
(105, 268)
(105, 398)
(105, 145)
(105, 146)
(105, 278)
(105, 154)
(105, 164)
(105, 168)
(105, 169)
(105, 309)
(105, 191)
(105, 193)
(105, 325)
(105, 198)
(105, 204)
(105, 332)
(105, 205)
(105, 341)
(105, 215)
(105, 352)
(105, 232)
(105, 361)
(105, 238)
(105, 239)
(105, 240)
(105, 119)
(105, 120)
(105, 127)
(105, 255)
(106, 392)
(106, 395)
(106, 269)
(106, 270)
(106, 284)
(106, 158)
(106, 165)
(106, 296)
(106, 306)
(106, 305)
(106, 178)
(106, 315)
(106, 188)
(106, 189)
(106, 318)
(106, 195)
(106, 327)
(106, 329)
(106, 208)
(106, 337)
(106, 339)
(106, 220)
(106, 351)
(106, 115)
(106, 379)
(107, 134)
(107, 263)
(107, 136)
(107, 137)
(107, 151)
(107, 147)
(107, 149)
(107, 279)
(107, 282)
(107, 162)
(107, 292)
(107, 167)
(107, 297)
(107, 170)
(107, 172)
(107, 176)
(107, 180)
(107, 311)
(107, 186)
(107, 320)
(107, 326)
(107, 199)
(107, 217)
(107, 314)
(107, 221)
(107, 234)
(107, 236)
(107, 365)
(107, 245)
(107, 247)
(107, 377)
(108, 257)
(108, 179)
(108, 264)
(108, 138)
(108, 399)
(108, 160)
(108, 294)
(108, 295)
(108, 301)
(108, 174)
(108, 307)
(108, 196)
(108, 336)
(108, 343)
(108, 349)
(108, 358)
(108, 359)
(108, 367)
(108, 116)
(108, 249)
(108, 122)
(108, 123)
(108, 380)
(109, 259)
(109, 262)
(109, 139)
(109, 140)
(109, 397)
(109, 144)
(109, 275)
(109, 238)
(109, 235)
(109, 111)
(109, 197)
(109, 161)
(109, 163)
(109, 292)
(109, 169)
(109, 298)
(109, 171)
(109, 173)
(109, 316)
(109, 193)
(109, 325)
(109, 330)
(109, 210)
(109, 341)
(109, 342)
(109, 345)
(109, 347)
(109, 223)
(109, 226)
(109, 229)
(109, 232)
(109, 361)
(109, 363)
(109, 366)
(109, 125)
(109, 369)
(109, 242)
(109, 244)
(109, 119)
(109, 120)
(109, 381)
(109, 254)
(110, 128)
(110, 386)
(110, 264)
(110, 265)
(110, 267)
(110, 322)
(110, 152)
(110, 274)
(110, 277)
(110, 280)
(110, 285)
(110, 295)
(110, 174)
(110, 157)
(110, 181)
(110, 310)
(110, 312)
(110, 185)
(110, 321)
(110, 194)
(110, 182)
(110, 113)
(110, 258)
(110, 206)
(110, 211)
(110, 362)
(110, 112)
(110, 241)
(110, 374)
(110, 124)
(111, 259)
(111, 214)
(111, 262)
(111, 139)
(111, 140)
(111, 197)
(111, 163)
(111, 171)
(111, 125)
(111, 304)
(111, 183)
(111, 313)
(111, 190)
(111, 325)
(111, 210)
(111, 341)
(111, 342)
(111, 345)
(111, 347)
(111, 350)
(111, 223)
(111, 225)
(111, 226)
(111, 229)
(111, 361)
(111, 363)
(111, 238)
(111, 239)
(111, 369)
(111, 242)
(111, 244)
(111, 119)
(111, 120)
(111, 253)
(111, 383)
(112, 128)
(112, 386)
(112, 264)
(112, 265)
(112, 138)
(112, 267)
(112, 258)
(112, 280)
(112, 152)
(112, 157)
(112, 294)
(112, 295)
(112, 174)
(112, 181)
(112, 182)
(112, 196)
(112, 310)
(112, 206)
(112, 211)
(112, 359)
(112, 362)
(112, 118)
(112, 122)
(112, 124)
(113, 384)
(113, 386)
(113, 258)
(113, 274)
(113, 277)
(113, 280)
(113, 285)
(113, 287)
(113, 182)
(113, 312)
(113, 185)
(113, 321)
(113, 194)
(113, 203)
(113, 322)
(113, 334)
(113, 241)
(113, 371)
(113, 372)
(113, 374)
(113, 124)
(114, 385)
(114, 150)
(114, 142)
(114, 143)
(114, 272)
(114, 146)
(114, 278)
(114, 156)
(114, 158)
(114, 289)
(114, 164)
(114, 177)
(114, 178)
(114, 187)
(114, 191)
(114, 192)
(114, 327)
(114, 201)
(114, 331)
(114, 337)
(114, 339)
(114, 219)
(114, 220)
(114, 239)
(114, 375)
(114, 121)
(114, 379)
(114, 382)
(115, 392)
(115, 395)
(115, 269)
(115, 270)
(115, 272)
(115, 150)
(115, 284)
(115, 158)
(115, 165)
(115, 296)
(115, 178)
(115, 305)
(115, 306)
(115, 315)
(115, 188)
(115, 189)
(115, 318)
(115, 195)
(115, 327)
(115, 329)
(115, 331)
(115, 208)
(115, 337)
(115, 339)
(115, 219)
(115, 220)
(115, 351)
(115, 379)
(116, 257)
(116, 196)
(116, 179)
(116, 264)
(116, 138)
(116, 399)
(116, 281)
(116, 159)
(116, 160)
(116, 133)
(116, 290)
(116, 293)
(116, 294)
(116, 300)
(116, 301)
(116, 307)
(116, 308)
(116, 324)
(116, 336)
(116, 209)
(116, 343)
(116, 348)
(116, 349)
(116, 228)
(116, 230)
(116, 358)
(116, 359)
(116, 380)
(116, 231)
(116, 367)
(116, 118)
(116, 249)
(116, 122)
(116, 123)
(116, 252)
(116, 166)
(117, 385)
(117, 387)
(117, 391)
(117, 393)
(117, 299)
(117, 303)
(117, 398)
(117, 317)
(117, 319)
(117, 328)
(117, 202)
(117, 333)
(117, 142)
(117, 216)
(117, 346)
(117, 222)
(117, 354)
(117, 243)
(117, 373)
(117, 251)
(118, 128)
(118, 257)
(118, 264)
(118, 265)
(118, 266)
(118, 267)
(118, 397)
(118, 399)
(118, 159)
(118, 240)
(118, 168)
(118, 300)
(118, 301)
(118, 308)
(118, 196)
(118, 198)
(118, 332)
(118, 206)
(118, 211)
(118, 212)
(118, 343)
(118, 348)
(118, 352)
(118, 355)
(118, 358)
(118, 359)
(118, 362)
(118, 231)
(118, 368)
(118, 249)
(118, 122)
(118, 123)
(118, 380)
(119, 262)
(119, 139)
(119, 146)
(119, 164)
(119, 169)
(119, 171)
(119, 304)
(119, 183)
(119, 191)
(119, 193)
(119, 325)
(119, 204)
(119, 341)
(119, 345)
(119, 347)
(119, 223)
(119, 226)
(119, 229)
(119, 232)
(119, 361)
(119, 238)
(119, 239)
(119, 369)
(119, 244)
(119, 120)
(119, 125)
(120, 262)
(120, 139)
(120, 397)
(120, 146)
(120, 164)
(120, 168)
(120, 169)
(120, 171)
(120, 183)
(120, 193)
(120, 325)
(120, 198)
(120, 204)
(120, 205)
(120, 341)
(120, 342)
(120, 215)
(120, 347)
(120, 223)
(120, 226)
(120, 229)
(120, 232)
(120, 361)
(120, 238)
(120, 239)
(120, 369)
(120, 244)
(120, 125)
(120, 254)
(121, 385)
(121, 150)
(121, 142)
(121, 143)
(121, 272)
(121, 146)
(121, 278)
(121, 156)
(121, 158)
(121, 289)
(121, 164)
(121, 177)
(121, 178)
(121, 187)
(121, 191)
(121, 192)
(121, 327)
(121, 201)
(121, 331)
(121, 339)
(121, 219)
(121, 220)
(121, 239)
(121, 375)
(121, 379)
(121, 382)
(122, 128)
(122, 257)
(122, 307)
(122, 264)
(122, 265)
(122, 138)
(122, 267)
(122, 399)
(122, 157)
(122, 294)
(122, 295)
(122, 301)
(122, 174)
(122, 179)
(122, 181)
(122, 310)
(122, 196)
(122, 206)
(122, 343)
(122, 359)
(122, 367)
(122, 249)
(122, 123)
(122, 380)
(123, 257)
(123, 179)
(123, 264)
(123, 265)
(123, 138)
(123, 399)
(123, 281)
(123, 196)
(123, 159)
(123, 160)
(123, 133)
(123, 290)
(123, 294)
(123, 295)
(123, 301)
(123, 174)
(123, 307)
(123, 324)
(123, 206)
(123, 336)
(123, 343)
(123, 348)
(123, 349)
(123, 358)
(123, 359)
(123, 367)
(123, 249)
(123, 380)
(124, 256)
(124, 128)
(124, 386)
(124, 388)
(124, 135)
(124, 265)
(124, 267)
(124, 258)
(124, 152)
(124, 274)
(124, 148)
(124, 277)
(124, 280)
(124, 132)
(124, 285)
(124, 287)
(124, 302)
(124, 157)
(124, 181)
(124, 312)
(124, 322)
(124, 203)
(124, 206)
(124, 211)
(124, 227)
(124, 233)
(124, 362)
(124, 241)
(124, 374)
(124, 250)
(125, 260)
(125, 262)
(125, 139)
(125, 146)
(125, 163)
(125, 164)
(125, 171)
(125, 304)
(125, 306)
(125, 183)
(125, 313)
(125, 188)
(125, 190)
(125, 191)
(125, 192)
(125, 325)
(125, 214)
(125, 345)
(125, 347)
(125, 350)
(125, 225)
(125, 226)
(125, 229)
(125, 361)
(125, 363)
(125, 239)
(125, 242)
(125, 253)
(126, 131)
(126, 260)
(126, 392)
(126, 396)
(126, 276)
(126, 283)
(126, 284)
(126, 304)
(126, 306)
(126, 313)
(126, 188)
(126, 189)
(126, 190)
(126, 323)
(126, 329)
(126, 208)
(126, 214)
(126, 350)
(126, 225)
(126, 229)
(126, 360)
(126, 363)
(126, 248)
(126, 253)
(126, 383)
(127, 385)
(127, 387)
(127, 391)
(127, 145)
(127, 393)
(127, 268)
(127, 398)
(127, 143)
(127, 273)
(127, 278)
(127, 154)
(127, 168)
(127, 299)
(127, 300)
(127, 303)
(127, 309)
(127, 317)
(127, 319)
(127, 328)
(127, 204)
(127, 333)
(127, 205)
(127, 209)
(127, 142)
(127, 215)
(127, 216)
(127, 346)
(127, 352)
(127, 230)
(127, 231)
(127, 255)
(128, 386)
(128, 264)
(128, 265)
(128, 138)
(128, 267)
(128, 258)
(128, 280)
(128, 152)
(128, 157)
(128, 294)
(128, 295)
(128, 301)
(128, 174)
(128, 181)
(128, 310)
(128, 196)
(128, 206)
(128, 211)
(128, 348)
(128, 355)
(128, 359)
(128, 362)
(129, 133)
(129, 141)
(129, 281)
(129, 160)
(129, 290)
(129, 293)
(129, 166)
(129, 324)
(129, 335)
(129, 336)
(129, 213)
(129, 356)
(129, 207)
(129, 349)
(129, 353)
(129, 354)
(129, 228)
(129, 230)
(129, 364)
(129, 237)
(129, 246)
(129, 378)
(129, 252)
(130, 390)
(130, 136)
(130, 396)
(130, 271)
(130, 151)
(130, 282)
(130, 283)
(130, 286)
(130, 291)
(130, 297)
(130, 175)
(130, 184)
(130, 320)
(130, 199)
(130, 200)
(130, 340)
(130, 217)
(130, 218)
(130, 221)
(130, 224)
(130, 357)
(130, 234)
(130, 370)
(130, 247)
(130, 377)
(131, 389)
(131, 390)
(131, 140)
(131, 276)
(131, 283)
(131, 184)
(131, 313)
(131, 190)
(131, 323)
(131, 396)
(131, 214)
(131, 357)
(131, 360)
(131, 363)
(131, 253)
(131, 383)
(132, 256)
(132, 388)
(132, 135)
(132, 394)
(132, 397)
(132, 144)
(132, 274)
(132, 275)
(132, 148)
(132, 152)
(132, 153)
(132, 155)
(132, 285)
(132, 161)
(132, 298)
(132, 173)
(132, 302)
(132, 316)
(132, 338)
(132, 227)
(132, 212)
(132, 344)
(132, 355)
(132, 233)
(132, 362)
(132, 235)
(132, 366)
(132, 368)
(132, 211)
(132, 244)
(132, 374)
(132, 376)
(132, 250)
(132, 254)
(133, 257)
(133, 196)
(133, 179)
(133, 268)
(133, 399)
(133, 273)
(133, 281)
(133, 154)
(133, 159)
(133, 160)
(133, 290)
(133, 293)
(133, 166)
(133, 299)
(133, 300)
(133, 301)
(133, 307)
(133, 308)
(133, 324)
(133, 198)
(133, 335)
(133, 336)
(133, 209)
(133, 343)
(133, 207)
(133, 348)
(133, 349)
(133, 352)
(133, 228)
(133, 230)
(133, 358)
(133, 359)
(133, 252)
(133, 231)
(133, 367)
(133, 249)
(133, 378)
(133, 380)
(134, 388)
(134, 137)
(134, 394)
(134, 148)
(134, 149)
(134, 153)
(134, 155)
(134, 288)
(134, 162)
(134, 292)
(134, 167)
(134, 170)
(134, 176)
(134, 180)
(134, 314)
(134, 338)
(134, 344)
(134, 186)
(134, 227)
(134, 233)
(134, 235)
(134, 365)
(134, 245)
(134, 376)
(135, 256)
(135, 258)
(135, 388)
(135, 394)
(135, 267)
(135, 397)
(135, 144)
(135, 274)
(135, 275)
(135, 148)
(135, 152)
(135, 153)
(135, 155)
(135, 285)
(135, 161)
(135, 298)
(135, 173)
(135, 302)
(135, 316)
(135, 203)
(135, 338)
(135, 227)
(135, 344)
(135, 355)
(135, 233)
(135, 362)
(135, 235)
(135, 366)
(135, 368)
(135, 241)
(135, 211)
(135, 374)
(135, 376)
(135, 250)
(136, 151)
(136, 271)
(136, 147)
(136, 149)
(136, 279)
(136, 282)
(136, 286)
(136, 162)
(136, 291)
(136, 297)
(136, 172)
(136, 175)
(136, 180)
(136, 320)
(136, 326)
(136, 199)
(136, 340)
(136, 217)
(136, 218)
(136, 221)
(136, 224)
(136, 357)
(136, 234)
(136, 236)
(136, 370)
(136, 247)
(136, 377)
(137, 263)
(137, 394)
(137, 144)
(137, 275)
(137, 149)
(137, 153)
(137, 155)
(137, 161)
(137, 162)
(137, 292)
(137, 167)
(137, 210)
(137, 298)
(137, 173)
(137, 302)
(137, 176)
(137, 311)
(137, 314)
(137, 330)
(137, 338)
(137, 342)
(137, 344)
(137, 186)
(137, 223)
(137, 227)
(137, 233)
(137, 235)
(137, 365)
(137, 366)
(137, 147)
(137, 244)
(137, 245)
(137, 170)
(137, 376)
(137, 381)
(138, 257)
(138, 307)
(138, 264)
(138, 265)
(138, 267)
(138, 399)
(138, 157)
(138, 294)
(138, 295)
(138, 301)
(138, 174)
(138, 179)
(138, 181)
(138, 310)
(138, 196)
(138, 206)
(138, 343)
(138, 359)
(138, 367)
(138, 249)
(138, 380)
(139, 259)
(139, 262)
(139, 140)
(139, 197)
(139, 161)
(139, 163)
(139, 169)
(139, 298)
(139, 171)
(139, 304)
(139, 183)
(139, 193)
(139, 325)
(139, 330)
(139, 210)
(139, 341)
(139, 342)
(139, 345)
(139, 347)
(139, 223)
(139, 226)
(139, 229)
(139, 232)
(139, 361)
(139, 363)
(139, 238)
(139, 381)
(139, 369)
(139, 242)
(139, 244)
(139, 253)
(139, 254)
(140, 259)
(140, 261)
(140, 263)
(140, 396)
(140, 283)
(140, 389)
(140, 163)
(140, 342)
(140, 171)
(140, 304)
(140, 311)
(140, 184)
(140, 313)
(140, 190)
(140, 197)
(140, 200)
(140, 330)
(140, 210)
(140, 214)
(140, 345)
(140, 347)
(140, 225)
(140, 226)
(140, 229)
(140, 363)
(140, 242)
(140, 253)
(140, 383)
(141, 160)
(141, 293)
(141, 166)
(141, 324)
(141, 335)
(141, 213)
(141, 356)
(141, 207)
(141, 349)
(141, 353)
(141, 354)
(141, 228)
(141, 230)
(141, 364)
(141, 237)
(141, 246)
(141, 378)
(141, 252)
(142, 385)
(142, 387)
(142, 391)
(142, 393)
(142, 398)
(142, 143)
(142, 145)
(142, 278)
(142, 156)
(142, 289)
(142, 303)
(142, 177)
(142, 309)
(142, 187)
(142, 317)
(142, 319)
(142, 328)
(142, 201)
(142, 202)
(142, 331)
(142, 333)
(142, 216)
(142, 346)
(142, 222)
(142, 243)
(142, 251)
(142, 382)
(142, 255)
(143, 385)
(143, 387)
(143, 391)
(143, 398)
(143, 145)
(143, 146)
(143, 278)
(143, 289)
(143, 164)
(143, 303)
(143, 177)
(143, 309)
(143, 187)
(143, 317)
(143, 319)
(143, 192)
(143, 328)
(143, 201)
(143, 331)
(143, 204)
(143, 333)
(143, 205)
(143, 215)
(143, 216)
(143, 346)
(143, 222)
(143, 239)
(143, 243)
(143, 191)
(143, 382)
(143, 255)
(144, 256)
(144, 262)
(144, 397)
(144, 275)
(144, 238)
(144, 152)
(144, 153)
(144, 161)
(144, 292)
(144, 298)
(144, 171)
(144, 173)
(144, 302)
(144, 314)
(144, 316)
(144, 330)
(144, 338)
(144, 227)
(144, 212)
(144, 341)
(144, 342)
(144, 344)
(144, 223)
(144, 355)
(144, 233)
(144, 235)
(144, 210)
(144, 366)
(144, 368)
(144, 369)
(144, 211)
(144, 244)
(144, 376)
(144, 250)
(144, 381)
(144, 254)
(145, 385)
(145, 387)
(145, 391)
(145, 268)
(145, 398)
(145, 273)
(145, 146)
(145, 278)
(145, 154)
(145, 164)
(145, 168)
(145, 299)
(145, 300)
(145, 303)
(145, 309)
(145, 317)
(145, 319)
(145, 193)
(145, 328)
(145, 204)
(145, 333)
(145, 205)
(145, 209)
(145, 215)
(145, 216)
(145, 346)
(145, 352)
(145, 231)
(145, 232)
(145, 361)
(145, 239)
(145, 191)
(145, 255)
(146, 385)
(146, 278)
(146, 289)
(146, 164)
(146, 304)
(146, 177)
(146, 183)
(146, 191)
(146, 192)
(146, 201)
(146, 331)
(146, 204)
(146, 205)
(146, 215)
(146, 361)
(146, 239)
(146, 319)
(146, 382)
(147, 261)
(147, 263)
(147, 151)
(147, 149)
(147, 279)
(147, 282)
(147, 389)
(147, 162)
(147, 291)
(147, 292)
(147, 167)
(147, 297)
(147, 170)
(147, 172)
(147, 175)
(147, 176)
(147, 180)
(147, 311)
(147, 314)
(147, 320)
(147, 326)
(147, 199)
(147, 200)
(147, 330)
(147, 340)
(147, 217)
(147, 221)
(147, 357)
(147, 234)
(147, 236)
(147, 365)
(147, 370)
(147, 247)
(147, 377)
(148, 258)
(148, 388)
(148, 394)
(148, 274)
(148, 277)
(148, 153)
(148, 155)
(148, 285)
(148, 287)
(148, 288)
(148, 302)
(148, 186)
(148, 203)
(148, 338)
(148, 344)
(148, 314)
(148, 227)
(148, 233)
(148, 235)
(148, 241)
(148, 245)
(148, 374)
(148, 376)
(148, 250)
(149, 263)
(149, 151)
(149, 279)
(149, 282)
(149, 162)
(149, 292)
(149, 167)
(149, 297)
(149, 170)
(149, 172)
(149, 175)
(149, 176)
(149, 180)
(149, 311)
(149, 314)
(149, 320)
(149, 326)
(149, 199)
(149, 200)
(149, 217)
(149, 221)
(149, 234)
(149, 236)
(149, 365)
(149, 247)
(149, 377)
(150, 270)
(150, 272)
(150, 156)
(150, 158)
(150, 289)
(150, 305)
(150, 177)
(150, 178)
(150, 315)
(150, 318)
(150, 192)
(150, 327)
(150, 201)
(150, 331)
(150, 337)
(150, 339)
(150, 219)
(150, 220)
(150, 187)
(150, 375)
(150, 379)
(150, 382)
(151, 390)
(151, 263)
(151, 271)
(151, 279)
(151, 282)
(151, 286)
(151, 162)
(151, 291)
(151, 297)
(151, 172)
(151, 175)
(151, 180)
(151, 320)
(151, 326)
(151, 199)
(151, 200)
(151, 340)
(151, 217)
(151, 218)
(151, 221)
(151, 224)
(151, 357)
(151, 234)
(151, 236)
(151, 370)
(151, 247)
(151, 377)
(152, 256)
(152, 258)
(152, 388)
(152, 264)
(152, 265)
(152, 267)
(152, 397)
(152, 274)
(152, 280)
(152, 285)
(152, 302)
(152, 157)
(152, 181)
(152, 316)
(152, 206)
(152, 227)
(152, 212)
(152, 355)
(152, 233)
(152, 362)
(152, 366)
(152, 368)
(152, 241)
(152, 211)
(152, 374)
(152, 250)
(153, 256)
(153, 388)
(153, 394)
(153, 275)
(153, 155)
(153, 288)
(153, 161)
(153, 292)
(153, 298)
(153, 173)
(153, 302)
(153, 311)
(153, 314)
(153, 316)
(153, 330)
(153, 338)
(153, 342)
(153, 344)
(153, 186)
(153, 223)
(153, 227)
(153, 233)
(153, 235)
(153, 366)
(153, 369)
(153, 244)
(153, 245)
(153, 376)
(153, 250)
(153, 381)
(154, 385)
(154, 387)
(154, 391)
(154, 268)
(154, 398)
(154, 273)
(154, 278)
(154, 281)
(154, 159)
(154, 168)
(154, 169)
(154, 299)
(154, 300)
(154, 303)
(154, 308)
(154, 309)
(154, 317)
(154, 319)
(154, 193)
(154, 198)
(154, 328)
(154, 204)
(154, 332)
(154, 333)
(154, 205)
(154, 209)
(154, 215)
(154, 216)
(154, 346)
(154, 352)
(154, 230)
(154, 231)
(154, 232)
(154, 378)
(154, 255)
(155, 388)
(155, 394)
(155, 274)
(155, 275)
(155, 285)
(155, 288)
(155, 292)
(155, 173)
(155, 302)
(155, 186)
(155, 203)
(155, 338)
(155, 344)
(155, 314)
(155, 227)
(155, 233)
(155, 235)
(155, 241)
(155, 245)
(155, 374)
(155, 376)
(155, 250)
(156, 272)
(156, 289)
(156, 177)
(156, 178)
(156, 187)
(156, 327)
(156, 201)
(156, 331)
(156, 339)
(156, 219)
(156, 222)
(156, 243)
(156, 375)
(156, 382)
(157, 386)
(157, 264)
(157, 265)
(157, 267)
(157, 258)
(157, 280)
(157, 294)
(157, 295)
(157, 174)
(157, 181)
(157, 182)
(157, 322)
(157, 310)
(157, 206)
(157, 359)
(157, 362)
(158, 392)
(158, 395)
(158, 269)
(158, 270)
(158, 272)
(158, 284)
(158, 165)
(158, 296)
(158, 178)
(158, 305)
(158, 306)
(158, 201)
(158, 315)
(158, 188)
(158, 189)
(158, 318)
(158, 192)
(158, 195)
(158, 327)
(158, 329)
(158, 331)
(158, 208)
(158, 337)
(158, 339)
(158, 219)
(158, 220)
(158, 351)
(158, 375)
(158, 379)
(159, 257)
(159, 264)
(159, 266)
(159, 268)
(159, 399)
(159, 273)
(159, 281)
(159, 240)
(159, 290)
(159, 168)
(159, 169)
(159, 300)
(159, 301)
(159, 179)
(159, 308)
(159, 193)
(159, 196)
(159, 198)
(159, 332)
(159, 209)
(159, 211)
(159, 212)
(159, 343)
(159, 348)
(159, 352)
(159, 355)
(159, 358)
(159, 359)
(159, 362)
(159, 231)
(159, 368)
(159, 249)
(159, 380)
(160, 257)
(160, 196)
(160, 179)
(160, 399)
(160, 281)
(160, 290)
(160, 293)
(160, 166)
(160, 300)
(160, 301)
(160, 307)
(160, 324)
(160, 335)
(160, 336)
(160, 209)
(160, 343)
(160, 207)
(160, 349)
(160, 228)
(160, 230)
(160, 358)
(160, 380)
(160, 364)
(160, 367)
(160, 249)
(160, 378)
(160, 252)
(161, 256)
(161, 262)
(161, 397)
(161, 275)
(161, 238)
(161, 292)
(161, 169)
(161, 298)
(161, 171)
(161, 173)
(161, 302)
(161, 316)
(161, 193)
(161, 325)
(161, 330)
(161, 210)
(161, 227)
(161, 212)
(161, 341)
(161, 342)
(161, 223)
(161, 355)
(161, 233)
(161, 235)
(161, 366)
(161, 368)
(161, 369)
(161, 211)
(161, 244)
(161, 376)
(161, 250)
(161, 381)
(161, 254)
(162, 261)
(162, 263)
(162, 275)
(162, 279)
(162, 282)
(162, 291)
(162, 292)
(162, 167)
(162, 297)
(162, 170)
(162, 172)
(162, 176)
(162, 180)
(162, 311)
(162, 314)
(162, 320)
(162, 326)
(162, 199)
(162, 200)
(162, 330)
(162, 210)
(162, 340)
(162, 217)
(162, 221)
(162, 234)
(162, 236)
(162, 365)
(162, 247)
(162, 376)
(162, 377)
(162, 381)
(163, 259)
(163, 261)
(163, 389)
(163, 197)
(163, 171)
(163, 304)
(163, 311)
(163, 184)
(163, 313)
(163, 190)
(163, 325)
(163, 200)
(163, 330)
(163, 210)
(163, 342)
(163, 345)
(163, 347)
(163, 223)
(163, 225)
(163, 226)
(163, 229)
(163, 363)
(163, 238)
(163, 381)
(163, 369)
(163, 242)
(163, 244)
(163, 253)
(163, 383)
(164, 385)
(164, 278)
(164, 289)
(164, 304)
(164, 177)
(164, 183)
(164, 191)
(164, 192)
(164, 201)
(164, 204)
(164, 205)
(164, 215)
(164, 361)
(164, 239)
(164, 319)
(164, 382)
(165, 395)
(165, 270)
(165, 272)
(165, 296)
(165, 305)
(165, 178)
(165, 315)
(165, 318)
(165, 195)
(165, 327)
(165, 269)
(165, 337)
(165, 339)
(165, 219)
(165, 351)
(165, 375)
(165, 379)
(166, 281)
(166, 290)
(166, 293)
(166, 179)
(166, 324)
(166, 335)
(166, 336)
(166, 213)
(166, 356)
(166, 207)
(166, 349)
(166, 353)
(166, 354)
(166, 228)
(166, 230)
(166, 364)
(166, 237)
(166, 246)
(166, 378)
(166, 252)
(167, 263)
(167, 279)
(167, 282)
(167, 292)
(167, 170)
(167, 172)
(167, 176)
(167, 180)
(167, 311)
(167, 186)
(167, 320)
(167, 326)
(167, 199)
(167, 344)
(167, 314)
(167, 221)
(167, 236)
(167, 365)
(167, 245)
(167, 247)
(167, 376)
(167, 377)
(168, 262)
(168, 266)
(168, 215)
(168, 268)
(168, 397)
(168, 273)
(168, 281)
(168, 368)
(168, 169)
(168, 300)
(168, 301)
(168, 308)
(168, 309)
(168, 193)
(168, 198)
(168, 204)
(168, 332)
(168, 205)
(168, 209)
(168, 212)
(168, 343)
(168, 348)
(168, 352)
(168, 355)
(168, 358)
(168, 231)
(168, 232)
(168, 238)
(168, 240)
(168, 254)
(168, 255)
(169, 256)
(169, 262)
(169, 266)
(169, 397)
(169, 238)
(169, 368)
(169, 171)
(169, 308)
(169, 316)
(169, 193)
(169, 325)
(169, 198)
(169, 332)
(169, 205)
(169, 212)
(169, 341)
(169, 215)
(169, 348)
(169, 223)
(169, 352)
(169, 355)
(169, 231)
(169, 232)
(169, 361)
(169, 366)
(169, 240)
(169, 369)
(169, 244)
(169, 254)
(170, 263)
(170, 279)
(170, 172)
(170, 221)
(170, 176)
(170, 180)
(170, 311)
(170, 186)
(170, 320)
(170, 326)
(170, 344)
(170, 314)
(170, 236)
(170, 365)
(170, 245)
(170, 247)
(170, 377)
(171, 259)
(171, 262)
(171, 397)
(171, 275)
(171, 238)
(171, 197)
(171, 298)
(171, 173)
(171, 183)
(171, 193)
(171, 325)
(171, 330)
(171, 210)
(171, 341)
(171, 342)
(171, 345)
(171, 347)
(171, 223)
(171, 226)
(171, 229)
(171, 232)
(171, 361)
(171, 363)
(171, 366)
(171, 369)
(171, 242)
(171, 244)
(171, 381)
(171, 254)
(172, 263)
(172, 279)
(172, 282)
(172, 291)
(172, 297)
(172, 175)
(172, 176)
(172, 180)
(172, 311)
(172, 320)
(172, 326)
(172, 199)
(172, 200)
(172, 340)
(172, 217)
(172, 221)
(172, 234)
(172, 236)
(172, 365)
(172, 370)
(172, 247)
(172, 377)
(173, 256)
(173, 262)
(173, 397)
(173, 275)
(173, 238)
(173, 292)
(173, 298)
(173, 302)
(173, 311)
(173, 314)
(173, 316)
(173, 330)
(173, 338)
(173, 227)
(173, 341)
(173, 342)
(173, 344)
(173, 223)
(173, 355)
(173, 233)
(173, 235)
(173, 210)
(173, 366)
(173, 368)
(173, 369)
(173, 244)
(173, 376)
(173, 250)
(173, 381)
(173, 254)
(174, 257)
(174, 386)
(174, 264)
(174, 265)
(174, 267)
(174, 399)
(174, 280)
(174, 294)
(174, 295)
(174, 301)
(174, 181)
(174, 310)
(174, 196)
(174, 206)
(174, 359)
(174, 362)
(174, 249)
(175, 271)
(175, 279)
(175, 282)
(175, 286)
(175, 291)
(175, 297)
(175, 180)
(175, 320)
(175, 326)
(175, 199)
(175, 340)
(175, 217)
(175, 221)
(175, 224)
(175, 234)
(175, 236)
(175, 370)
(175, 247)
(175, 377)
(176, 263)
(176, 275)
(176, 279)
(176, 282)
(176, 292)
(176, 180)
(176, 311)
(176, 314)
(176, 320)
(176, 326)
(176, 199)
(176, 200)
(176, 330)
(176, 186)
(176, 344)
(176, 221)
(176, 234)
(176, 236)
(176, 365)
(176, 245)
(176, 247)
(176, 376)
(176, 377)
(176, 381)
(177, 385)
(177, 272)
(177, 278)
(177, 289)
(177, 178)
(177, 187)
(177, 191)
(177, 192)
(177, 327)
(177, 201)
(177, 331)
(177, 339)
(177, 219)
(177, 220)
(177, 239)
(177, 319)
(177, 243)
(177, 375)
(177, 379)
(177, 382)
(178, 395)
(178, 270)
(178, 272)
(178, 289)
(178, 305)
(178, 315)
(178, 318)
(178, 192)
(178, 195)
(178, 327)
(178, 201)
(178, 331)
(178, 269)
(178, 337)
(178, 339)
(178, 219)
(178, 220)
(178, 351)
(178, 375)
(178, 379)
(179, 257)
(179, 264)
(179, 399)
(179, 281)
(179, 196)
(179, 290)
(179, 294)
(179, 301)
(179, 307)
(179, 324)
(179, 336)
(179, 343)
(179, 349)
(179, 228)
(179, 358)
(179, 359)
(179, 367)
(179, 249)
(179, 380)
(180, 263)
(180, 279)
(180, 282)
(180, 297)
(180, 311)
(180, 186)
(180, 320)
(180, 326)
(180, 199)
(180, 217)
(180, 314)
(180, 221)
(180, 234)
(180, 236)
(180, 365)
(180, 247)
(180, 377)
(181, 386)
(181, 264)
(181, 265)
(181, 267)
(181, 258)
(181, 274)
(181, 280)
(181, 294)
(181, 295)
(181, 182)
(181, 312)
(181, 322)
(181, 310)
(181, 206)
(181, 211)
(181, 359)
(181, 362)
(182, 384)
(182, 386)
(182, 258)
(182, 277)
(182, 280)
(182, 287)
(182, 310)
(182, 312)
(182, 185)
(182, 321)
(182, 194)
(182, 322)
(182, 334)
(182, 371)
(182, 372)
(183, 260)
(183, 304)
(183, 306)
(183, 313)
(183, 188)
(183, 190)
(183, 191)
(183, 192)
(183, 325)
(183, 214)
(183, 345)
(183, 347)
(183, 350)
(183, 225)
(183, 226)
(183, 229)
(183, 360)
(183, 361)
(183, 363)
(183, 239)
(183, 253)
(184, 259)
(184, 261)
(184, 390)
(184, 396)
(184, 282)
(184, 283)
(184, 389)
(184, 291)
(184, 370)
(184, 313)
(184, 190)
(184, 323)
(184, 197)
(184, 199)
(184, 200)
(184, 340)
(184, 345)
(184, 218)
(184, 224)
(184, 357)
(184, 234)
(184, 363)
(184, 242)
(184, 253)
(184, 383)
(185, 384)
(185, 386)
(185, 258)
(185, 277)
(185, 280)
(185, 287)
(185, 241)
(185, 310)
(185, 312)
(185, 321)
(185, 194)
(185, 322)
(185, 334)
(185, 371)
(185, 372)
(186, 388)
(186, 394)
(186, 288)
(186, 314)
(186, 338)
(186, 344)
(186, 227)
(186, 233)
(186, 365)
(186, 245)
(186, 376)
(187, 385)
(187, 387)
(187, 272)
(187, 278)
(187, 289)
(187, 303)
(187, 319)
(187, 192)
(187, 201)
(187, 202)
(187, 331)
(187, 216)
(187, 219)
(187, 222)
(187, 243)
(187, 251)
(187, 382)
(188, 260)
(188, 392)
(188, 395)
(188, 284)
(188, 304)
(188, 306)
(188, 201)
(188, 313)
(188, 315)
(188, 189)
(188, 191)
(188, 192)
(188, 195)
(188, 327)
(188, 329)
(188, 208)
(188, 214)
(188, 220)
(188, 350)
(188, 351)
(188, 225)
(188, 360)
(188, 239)
(188, 248)
(188, 379)
(189, 260)
(189, 392)
(189, 395)
(189, 276)
(189, 284)
(189, 296)
(189, 306)
(189, 315)
(189, 195)
(189, 329)
(189, 208)
(189, 220)
(189, 350)
(189, 351)
(189, 360)
(189, 248)
(189, 379)
(190, 259)
(190, 260)
(190, 261)
(190, 396)
(190, 276)
(190, 283)
(190, 389)
(190, 304)
(190, 313)
(190, 323)
(190, 197)
(190, 214)
(190, 345)
(190, 347)
(190, 350)
(190, 225)
(190, 226)
(190, 229)
(190, 360)
(190, 363)
(190, 242)
(190, 253)
(190, 383)
(191, 385)
(191, 278)
(191, 289)
(191, 306)
(191, 304)
(191, 192)
(191, 201)
(191, 331)
(191, 204)
(191, 215)
(191, 220)
(191, 361)
(191, 239)
(191, 382)
(192, 395)
(192, 272)
(192, 278)
(192, 289)
(192, 306)
(192, 195)
(192, 327)
(192, 201)
(192, 331)
(192, 204)
(192, 219)
(192, 220)
(192, 239)
(192, 379)
(192, 382)
(193, 262)
(193, 266)
(193, 268)
(193, 397)
(193, 368)
(193, 308)
(193, 325)
(193, 198)
(193, 204)
(193, 332)
(193, 205)
(193, 212)
(193, 341)
(193, 215)
(193, 348)
(193, 223)
(193, 352)
(193, 355)
(193, 231)
(193, 232)
(193, 361)
(193, 238)
(193, 240)
(193, 369)
(193, 244)
(193, 254)
(194, 384)
(194, 321)
(194, 386)
(194, 258)
(194, 322)
(194, 334)
(194, 280)
(194, 371)
(194, 372)
(194, 277)
(194, 310)
(194, 312)
(194, 287)
(195, 260)
(195, 392)
(195, 395)
(195, 269)
(195, 270)
(195, 284)
(195, 296)
(195, 305)
(195, 306)
(195, 315)
(195, 327)
(195, 329)
(195, 208)
(195, 337)
(195, 339)
(195, 219)
(195, 220)
(195, 350)
(195, 351)
(195, 360)
(195, 248)
(195, 379)
(196, 257)
(196, 264)
(196, 265)
(196, 399)
(196, 281)
(196, 290)
(196, 294)
(196, 295)
(196, 301)
(196, 307)
(196, 308)
(196, 206)
(196, 336)
(196, 343)
(196, 348)
(196, 349)
(196, 358)
(196, 359)
(196, 362)
(196, 367)
(196, 249)
(196, 380)
(197, 259)
(197, 261)
(197, 263)
(197, 389)
(197, 311)
(197, 200)
(197, 330)
(197, 210)
(197, 340)
(197, 342)
(197, 345)
(197, 347)
(197, 223)
(197, 226)
(197, 229)
(197, 363)
(197, 381)
(197, 242)
(197, 253)
(197, 383)
(198, 266)
(198, 215)
(198, 268)
(198, 397)
(198, 273)
(198, 281)
(198, 368)
(198, 300)
(198, 301)
(198, 308)
(198, 332)
(198, 205)
(198, 209)
(198, 211)
(198, 212)
(198, 343)
(198, 348)
(198, 352)
(198, 355)
(198, 358)
(198, 359)
(198, 232)
(198, 362)
(198, 231)
(198, 240)
(198, 380)
(198, 254)
(199, 261)
(199, 390)
(199, 263)
(199, 271)
(199, 279)
(199, 282)
(199, 286)
(199, 389)
(199, 291)
(199, 297)
(199, 311)
(199, 320)
(199, 326)
(199, 200)
(199, 340)
(199, 217)
(199, 218)
(199, 221)
(199, 224)
(199, 357)
(199, 234)
(199, 236)
(199, 365)
(199, 370)
(199, 247)
(199, 377)
(200, 259)
(200, 261)
(200, 263)
(200, 282)
(200, 389)
(200, 291)
(200, 297)
(200, 370)
(200, 311)
(200, 320)
(200, 326)
(200, 330)
(200, 210)
(200, 340)
(200, 221)
(200, 357)
(200, 234)
(200, 363)
(200, 236)
(200, 365)
(200, 242)
(200, 247)
(200, 377)
(200, 383)
(201, 385)
(201, 272)
(201, 278)
(201, 289)
(201, 319)
(201, 327)
(201, 331)
(201, 339)
(201, 219)
(201, 220)
(201, 239)
(201, 379)
(201, 382)
(202, 385)
(202, 387)
(202, 391)
(202, 393)
(202, 303)
(202, 317)
(202, 319)
(202, 328)
(202, 333)
(202, 398)
(202, 216)
(202, 346)
(202, 222)
(202, 243)
(202, 373)
(202, 251)
(203, 258)
(203, 388)
(203, 394)
(203, 274)
(203, 277)
(203, 285)
(203, 287)
(203, 288)
(203, 312)
(203, 322)
(203, 338)
(203, 344)
(203, 227)
(203, 233)
(203, 241)
(203, 245)
(203, 374)
(203, 250)
(204, 385)
(204, 387)
(204, 278)
(204, 391)
(204, 268)
(204, 289)
(204, 309)
(204, 317)
(204, 319)
(204, 328)
(204, 205)
(204, 398)
(204, 215)
(204, 346)
(204, 232)
(204, 361)
(204, 239)
(204, 382)
(204, 255)
(205, 385)
(205, 387)
(205, 391)
(205, 268)
(205, 398)
(205, 273)
(205, 278)
(205, 299)
(205, 300)
(205, 308)
(205, 309)
(205, 317)
(205, 319)
(205, 328)
(205, 332)
(205, 209)
(205, 215)
(205, 346)
(205, 352)
(205, 231)
(205, 232)
(205, 361)
(205, 240)
(205, 255)
(206, 257)
(206, 264)
(206, 265)
(206, 267)
(206, 399)
(206, 280)
(206, 294)
(206, 295)
(206, 301)
(206, 310)
(206, 211)
(206, 343)
(206, 348)
(206, 355)
(206, 359)
(206, 362)
(206, 249)
(206, 380)
(207, 273)
(207, 281)
(207, 290)
(207, 293)
(207, 299)
(207, 324)
(207, 335)
(207, 209)
(207, 213)
(207, 356)
(207, 349)
(207, 353)
(207, 354)
(207, 228)
(207, 230)
(207, 364)
(207, 237)
(207, 246)
(207, 378)
(207, 252)
(208, 260)
(208, 392)
(208, 395)
(208, 276)
(208, 284)
(208, 296)
(208, 306)
(208, 313)
(208, 315)
(208, 329)
(208, 214)
(208, 220)
(208, 350)
(208, 351)
(208, 225)
(208, 360)
(208, 248)
(208, 379)
(209, 391)
(209, 266)
(209, 215)
(209, 268)
(209, 398)
(209, 273)
(209, 281)
(209, 290)
(209, 293)
(209, 299)
(209, 300)
(209, 301)
(209, 308)
(209, 309)
(209, 317)
(209, 324)
(209, 328)
(209, 332)
(209, 335)
(209, 343)
(209, 346)
(209, 348)
(209, 352)
(209, 228)
(209, 230)
(209, 358)
(209, 231)
(209, 252)
(209, 240)
(209, 378)
(209, 380)
(209, 255)
(210, 259)
(210, 261)
(210, 262)
(210, 263)
(210, 275)
(210, 235)
(210, 389)
(210, 292)
(210, 298)
(210, 311)
(210, 325)
(210, 330)
(210, 341)
(210, 342)
(210, 345)
(210, 347)
(210, 223)
(210, 226)
(210, 229)
(210, 363)
(210, 238)
(210, 381)
(210, 369)
(210, 242)
(210, 244)
(210, 376)
(210, 253)
(210, 383)
(211, 256)
(211, 264)
(211, 265)
(211, 266)
(211, 267)
(211, 397)
(211, 274)
(211, 368)
(211, 301)
(211, 302)
(211, 316)
(211, 332)
(211, 212)
(211, 343)
(211, 348)
(211, 355)
(211, 359)
(211, 362)
(211, 366)
(211, 240)
(211, 250)
(211, 254)
(212, 256)
(212, 264)
(212, 266)
(212, 267)
(212, 397)
(212, 238)
(212, 240)
(212, 301)
(212, 308)
(212, 316)
(212, 332)
(212, 341)
(212, 343)
(212, 348)
(212, 352)
(212, 355)
(212, 359)
(212, 232)
(212, 362)
(212, 366)
(212, 368)
(212, 369)
(212, 244)
(212, 380)
(212, 254)
(213, 353)
(213, 354)
(213, 356)
(213, 293)
(213, 364)
(213, 237)
(213, 335)
(213, 246)
(214, 260)
(214, 392)
(214, 276)
(214, 283)
(214, 284)
(214, 304)
(214, 306)
(214, 313)
(214, 323)
(214, 345)
(214, 350)
(214, 225)
(214, 229)
(214, 360)
(214, 363)
(214, 242)
(214, 248)
(214, 253)
(214, 383)
(215, 385)
(215, 387)
(215, 391)
(215, 268)
(215, 398)
(215, 273)
(215, 278)
(215, 299)
(215, 300)
(215, 303)
(215, 309)
(215, 317)
(215, 319)
(215, 328)
(215, 216)
(215, 346)
(215, 352)
(215, 231)
(215, 232)
(215, 361)
(215, 239)
(215, 255)
(216, 385)
(216, 387)
(216, 391)
(216, 393)
(216, 273)
(216, 278)
(216, 299)
(216, 303)
(216, 309)
(216, 317)
(216, 319)
(216, 328)
(216, 333)
(216, 398)
(216, 346)
(216, 222)
(216, 243)
(216, 251)
(216, 382)
(216, 255)
(217, 271)
(217, 279)
(217, 282)
(217, 291)
(217, 297)
(217, 286)
(217, 320)
(217, 326)
(217, 340)
(217, 221)
(217, 224)
(217, 234)
(217, 236)
(217, 370)
(217, 247)
(217, 377)
(218, 390)
(218, 396)
(218, 282)
(218, 283)
(218, 291)
(218, 297)
(218, 286)
(218, 340)
(218, 271)
(218, 221)
(218, 224)
(218, 357)
(218, 234)
(218, 370)
(218, 377)
(219, 395)
(219, 270)
(219, 272)
(219, 289)
(219, 220)
(219, 305)
(219, 315)
(219, 318)
(219, 327)
(219, 331)
(219, 337)
(219, 339)
(219, 375)
(219, 379)
(219, 382)
(220, 260)
(220, 392)
(220, 395)
(220, 272)
(220, 284)
(220, 289)
(220, 296)
(220, 305)
(220, 306)
(220, 315)
(220, 327)
(220, 331)
(220, 337)
(220, 339)
(220, 350)
(220, 351)
(220, 239)
(220, 379)
(221, 261)
(221, 263)
(221, 271)
(221, 279)
(221, 282)
(221, 286)
(221, 291)
(221, 297)
(221, 311)
(221, 320)
(221, 326)
(221, 340)
(221, 224)
(221, 357)
(221, 234)
(221, 236)
(221, 365)
(221, 370)
(221, 247)
(221, 377)
(222, 385)
(222, 387)
(222, 391)
(222, 393)
(222, 398)
(222, 303)
(222, 317)
(222, 319)
(222, 328)
(222, 333)
(222, 243)
(222, 251)
(222, 382)
(223, 256)
(223, 259)
(223, 262)
(223, 397)
(223, 275)
(223, 238)
(223, 292)
(223, 298)
(223, 302)
(223, 311)
(223, 316)
(223, 325)
(223, 330)
(223, 341)
(223, 342)
(223, 345)
(223, 347)
(223, 226)
(223, 232)
(223, 233)
(223, 235)
(223, 366)
(223, 368)
(223, 369)
(223, 242)
(223, 244)
(223, 376)
(223, 381)
(223, 254)
(224, 390)
(224, 396)
(224, 282)
(224, 283)
(224, 291)
(224, 297)
(224, 286)
(224, 320)
(224, 340)
(224, 271)
(224, 357)
(224, 234)
(224, 370)
(224, 377)
(225, 260)
(225, 392)
(225, 276)
(225, 284)
(225, 304)
(225, 306)
(225, 313)
(225, 323)
(225, 345)
(225, 347)
(225, 350)
(225, 226)
(225, 229)
(225, 360)
(225, 363)
(225, 242)
(225, 248)
(225, 253)
(225, 383)
(226, 259)
(226, 261)
(226, 262)
(226, 389)
(226, 304)
(226, 313)
(226, 325)
(226, 330)
(226, 341)
(226, 342)
(226, 345)
(226, 347)
(226, 229)
(226, 361)
(226, 363)
(226, 238)
(226, 369)
(226, 242)
(226, 244)
(226, 253)
(226, 383)
(227, 256)
(227, 388)
(227, 394)
(227, 274)
(227, 275)
(227, 285)
(227, 288)
(227, 292)
(227, 298)
(227, 302)
(227, 314)
(227, 316)
(227, 338)
(227, 344)
(227, 233)
(227, 235)
(227, 366)
(227, 241)
(227, 245)
(227, 374)
(227, 376)
(227, 250)
(227, 381)
(228, 257)
(228, 268)
(228, 273)
(228, 281)
(228, 290)
(228, 293)
(228, 299)
(228, 300)
(228, 307)
(228, 324)
(228, 335)
(228, 336)
(228, 346)
(228, 349)
(228, 352)
(228, 354)
(228, 230)
(228, 358)
(228, 231)
(228, 380)
(228, 364)
(228, 237)
(228, 378)
(228, 252)
(229, 259)
(229, 260)
(229, 262)
(229, 304)
(229, 313)
(229, 325)
(229, 345)
(229, 347)
(229, 350)
(229, 360)
(229, 361)
(229, 363)
(229, 238)
(229, 239)
(229, 242)
(229, 253)
(229, 383)
(230, 391)
(230, 268)
(230, 398)
(230, 273)
(230, 281)
(230, 290)
(230, 293)
(230, 299)
(230, 300)
(230, 308)
(230, 309)
(230, 317)
(230, 324)
(230, 328)
(230, 333)
(230, 335)
(230, 346)
(230, 349)
(230, 352)
(230, 354)
(230, 358)
(230, 231)
(230, 237)
(230, 378)
(230, 252)
(230, 255)
(231, 257)
(231, 266)
(231, 268)
(231, 273)
(231, 281)
(231, 290)
(231, 299)
(231, 300)
(231, 301)
(231, 308)
(231, 309)
(231, 324)
(231, 332)
(231, 343)
(231, 346)
(231, 348)
(231, 352)
(231, 358)
(231, 359)
(231, 232)
(231, 252)
(231, 240)
(231, 378)
(231, 380)
(231, 255)
(232, 262)
(232, 266)
(232, 397)
(232, 368)
(232, 308)
(232, 325)
(232, 268)
(232, 332)
(232, 341)
(232, 352)
(232, 355)
(232, 361)
(232, 238)
(232, 240)
(232, 369)
(232, 244)
(232, 254)
(233, 256)
(233, 388)
(233, 394)
(233, 397)
(233, 274)
(233, 275)
(233, 285)
(233, 288)
(233, 292)
(233, 298)
(233, 302)
(233, 314)
(233, 316)
(233, 338)
(233, 344)
(233, 235)
(233, 366)
(233, 244)
(233, 245)
(233, 374)
(233, 376)
(233, 250)
(233, 381)
(234, 261)
(234, 390)
(234, 263)
(234, 271)
(234, 279)
(234, 282)
(234, 286)
(234, 291)
(234, 297)
(234, 320)
(234, 326)
(234, 340)
(234, 357)
(234, 236)
(234, 365)
(234, 370)
(234, 247)
(234, 377)
(235, 256)
(235, 388)
(235, 394)
(235, 397)
(235, 275)
(235, 292)
(235, 298)
(235, 302)
(235, 311)
(235, 314)
(235, 316)
(235, 330)
(235, 338)
(235, 341)
(235, 342)
(235, 344)
(235, 366)
(235, 369)
(235, 244)
(235, 376)
(235, 250)
(235, 381)
(235, 254)
(236, 263)
(236, 279)
(236, 282)
(236, 291)
(236, 297)
(236, 311)
(236, 320)
(236, 326)
(236, 340)
(236, 365)
(236, 370)
(236, 247)
(236, 377)
(237, 299)
(237, 293)
(237, 324)
(237, 335)
(237, 353)
(237, 354)
(237, 356)
(237, 364)
(237, 373)
(237, 246)
(237, 378)
(237, 252)
(238, 256)
(238, 262)
(238, 397)
(238, 275)
(238, 298)
(238, 316)
(238, 325)
(238, 341)
(238, 342)
(238, 345)
(238, 347)
(238, 361)
(238, 366)
(238, 368)
(238, 369)
(238, 244)
(238, 381)
(238, 254)
(239, 278)
(239, 289)
(239, 304)
(239, 325)
(239, 361)
(240, 256)
(240, 262)
(240, 264)
(240, 266)
(240, 268)
(240, 397)
(240, 300)
(240, 301)
(240, 308)
(240, 332)
(240, 341)
(240, 343)
(240, 348)
(240, 352)
(240, 355)
(240, 358)
(240, 359)
(240, 362)
(240, 368)
(240, 380)
(240, 254)
(241, 258)
(241, 388)
(241, 394)
(241, 274)
(241, 277)
(241, 285)
(241, 287)
(241, 288)
(241, 312)
(241, 321)
(241, 322)
(241, 338)
(241, 374)
(241, 250)
(242, 259)
(242, 261)
(242, 389)
(242, 304)
(242, 311)
(242, 313)
(242, 325)
(242, 330)
(242, 342)
(242, 345)
(242, 347)
(242, 363)
(242, 253)
(242, 383)
(243, 385)
(243, 387)
(243, 393)
(243, 303)
(243, 319)
(243, 251)
(243, 382)
(244, 256)
(244, 259)
(244, 262)
(244, 397)
(244, 275)
(244, 292)
(244, 298)
(244, 302)
(244, 316)
(244, 325)
(244, 330)
(244, 341)
(244, 342)
(244, 347)
(244, 366)
(244, 368)
(244, 369)
(244, 376)
(244, 381)
(244, 254)
(245, 388)
(245, 394)
(245, 288)
(245, 292)
(245, 314)
(245, 338)
(245, 344)
(245, 365)
(245, 376)
(246, 293)
(246, 335)
(246, 353)
(246, 354)
(246, 356)
(246, 364)
(246, 373)
(247, 263)
(247, 271)
(247, 279)
(247, 282)
(247, 291)
(247, 297)
(247, 286)
(247, 311)
(247, 320)
(247, 326)
(247, 340)
(247, 357)
(247, 365)
(247, 370)
(247, 377)
(248, 260)
(248, 392)
(248, 395)
(248, 276)
(248, 284)
(248, 296)
(248, 306)
(248, 313)
(248, 315)
(248, 323)
(248, 329)
(248, 350)
(248, 360)
(249, 257)
(249, 264)
(249, 265)
(249, 399)
(249, 281)
(249, 290)
(249, 294)
(249, 295)
(249, 301)
(249, 307)
(249, 324)
(249, 336)
(249, 343)
(249, 349)
(249, 358)
(249, 359)
(249, 367)
(249, 380)
(250, 256)
(250, 258)
(250, 388)
(250, 394)
(250, 397)
(250, 274)
(250, 285)
(250, 298)
(250, 302)
(250, 314)
(250, 316)
(250, 338)
(250, 344)
(250, 355)
(250, 366)
(250, 368)
(250, 275)
(250, 374)
(250, 376)
(251, 385)
(251, 387)
(251, 391)
(251, 393)
(251, 303)
(251, 317)
(251, 328)
(251, 333)
(251, 373)
(251, 319)
(252, 299)
(252, 268)
(252, 281)
(252, 290)
(252, 293)
(252, 300)
(252, 324)
(252, 335)
(252, 336)
(252, 346)
(252, 349)
(252, 354)
(252, 356)
(252, 358)
(252, 273)
(252, 364)
(252, 378)
(253, 259)
(253, 260)
(253, 261)
(253, 396)
(253, 276)
(253, 283)
(253, 389)
(253, 304)
(253, 313)
(253, 323)
(253, 345)
(253, 347)
(253, 350)
(253, 360)
(253, 363)
(253, 383)
(254, 256)
(254, 262)
(254, 266)
(254, 397)
(254, 275)
(254, 298)
(254, 302)
(254, 316)
(254, 325)
(254, 332)
(254, 341)
(254, 342)
(254, 355)
(254, 366)
(254, 368)
(254, 369)
(254, 381)
(255, 385)
(255, 387)
(255, 391)
(255, 393)
(255, 268)
(255, 273)
(255, 278)
(255, 299)
(255, 300)
(255, 303)
(255, 309)
(255, 317)
(255, 319)
(255, 328)
(255, 333)
(255, 398)
(255, 346)
(255, 352)
(256, 266)
(256, 397)
(256, 275)
(256, 302)
(256, 298)
(256, 316)
(256, 332)
(256, 341)
(256, 348)
(256, 355)
(256, 362)
(256, 366)
(256, 368)
(256, 369)
(256, 376)
(257, 264)
(257, 301)
(257, 281)
(257, 290)
(257, 294)
(257, 307)
(257, 308)
(257, 324)
(257, 336)
(257, 343)
(257, 399)
(257, 348)
(257, 349)
(257, 358)
(257, 359)
(257, 367)
(257, 380)
(258, 384)
(258, 386)
(258, 388)
(258, 274)
(258, 277)
(258, 280)
(258, 285)
(258, 287)
(258, 312)
(258, 321)
(258, 322)
(258, 267)
(258, 374)
(259, 261)
(259, 263)
(259, 389)
(259, 311)
(259, 325)
(259, 330)
(259, 342)
(259, 345)
(259, 347)
(259, 363)
(259, 369)
(259, 381)
(259, 383)
(260, 392)
(260, 395)
(260, 276)
(260, 284)
(260, 304)
(260, 306)
(260, 313)
(260, 323)
(260, 329)
(260, 350)
(260, 360)
(261, 263)
(261, 396)
(261, 282)
(261, 283)
(261, 389)
(261, 291)
(261, 311)
(261, 326)
(261, 330)
(261, 340)
(261, 342)
(261, 345)
(261, 347)
(261, 357)
(261, 363)
(261, 377)
(261, 383)
(262, 397)
(262, 298)
(262, 316)
(262, 325)
(262, 341)
(262, 342)
(262, 345)
(262, 347)
(262, 361)
(262, 366)
(262, 368)
(262, 369)
(263, 389)
(263, 275)
(263, 279)
(263, 282)
(263, 291)
(263, 292)
(263, 297)
(263, 311)
(263, 314)
(263, 320)
(263, 326)
(263, 330)
(263, 340)
(263, 365)
(263, 376)
(263, 377)
(263, 381)
(264, 265)
(264, 266)
(264, 267)
(264, 399)
(264, 294)
(264, 295)
(264, 301)
(264, 307)
(264, 308)
(264, 332)
(264, 343)
(264, 348)
(264, 355)
(264, 358)
(264, 359)
(264, 362)
(264, 367)
(264, 380)
(265, 386)
(265, 267)
(265, 280)
(265, 294)
(265, 295)
(265, 301)
(265, 310)
(265, 343)
(265, 348)
(265, 355)
(265, 359)
(265, 362)
(265, 380)
(266, 268)
(266, 397)
(266, 300)
(266, 301)
(266, 308)
(266, 332)
(266, 343)
(266, 348)
(266, 352)
(266, 355)
(266, 358)
(266, 359)
(266, 362)
(266, 368)
(266, 380)
(267, 386)
(267, 274)
(267, 280)
(267, 294)
(267, 295)
(267, 301)
(267, 310)
(267, 348)
(267, 355)
(267, 359)
(267, 362)
(268, 387)
(268, 391)
(268, 398)
(268, 273)
(268, 278)
(268, 281)
(268, 290)
(268, 299)
(268, 300)
(268, 303)
(268, 308)
(268, 309)
(268, 317)
(268, 328)
(268, 332)
(268, 333)
(268, 346)
(268, 352)
(268, 358)
(268, 378)
(269, 315)
(269, 327)
(269, 296)
(269, 395)
(269, 305)
(269, 270)
(269, 337)
(269, 339)
(269, 379)
(269, 318)
(269, 351)
(270, 395)
(270, 272)
(270, 296)
(270, 305)
(270, 315)
(270, 318)
(270, 327)
(270, 337)
(270, 339)
(270, 351)
(270, 375)
(270, 379)
(271, 282)
(271, 291)
(271, 297)
(271, 286)
(271, 320)
(271, 340)
(271, 357)
(271, 370)
(271, 377)
(272, 289)
(272, 305)
(272, 315)
(272, 318)
(272, 327)
(272, 331)
(272, 337)
(272, 339)
(272, 375)
(272, 379)
(272, 382)
(273, 387)
(273, 391)
(273, 393)
(273, 398)
(273, 281)
(273, 290)
(273, 293)
(273, 299)
(273, 300)
(273, 303)
(273, 308)
(273, 309)
(273, 317)
(273, 324)
(273, 328)
(273, 333)
(273, 335)
(273, 346)
(273, 352)
(273, 354)
(273, 358)
(273, 378)
(274, 388)
(274, 394)
(274, 277)
(274, 280)
(274, 285)
(274, 287)
(274, 302)
(274, 312)
(274, 322)
(274, 338)
(274, 374)
(275, 292)
(275, 298)
(275, 302)
(275, 311)
(275, 314)
(275, 316)
(275, 330)
(275, 338)
(275, 341)
(275, 342)
(275, 344)
(275, 365)
(275, 366)
(275, 369)
(275, 376)
(275, 381)
(276, 392)
(276, 396)
(276, 283)
(276, 284)
(276, 313)
(276, 323)
(276, 329)
(276, 350)
(276, 360)
(276, 383)
(277, 384)
(277, 386)
(277, 388)
(277, 280)
(277, 285)
(277, 287)
(277, 312)
(277, 321)
(277, 322)
(277, 334)
(277, 374)
(278, 385)
(278, 387)
(278, 391)
(278, 289)
(278, 303)
(278, 309)
(278, 317)
(278, 319)
(278, 328)
(278, 333)
(278, 398)
(278, 346)
(278, 361)
(278, 382)
(279, 282)
(279, 297)
(279, 320)
(279, 326)
(279, 365)
(279, 377)
(280, 384)
(280, 386)
(280, 295)
(280, 310)
(280, 312)
(280, 321)
(280, 322)
(280, 334)
(280, 372)
(281, 399)
(281, 290)
(281, 293)
(281, 299)
(281, 300)
(281, 301)
(281, 307)
(281, 308)
(281, 324)
(281, 332)
(281, 335)
(281, 336)
(281, 343)
(281, 346)
(281, 348)
(281, 349)
(281, 352)
(281, 358)
(281, 367)
(281, 378)
(281, 380)
(282, 389)
(282, 390)
(282, 291)
(282, 297)
(282, 286)
(282, 311)
(282, 320)
(282, 326)
(282, 340)
(282, 357)
(282, 365)
(282, 370)
(282, 377)
(283, 389)
(283, 390)
(283, 396)
(283, 323)
(283, 291)
(283, 313)
(283, 357)
(283, 363)
(283, 340)
(283, 383)
(284, 392)
(284, 395)
(284, 296)
(284, 306)
(284, 315)
(284, 329)
(284, 350)
(284, 351)
(284, 360)
(284, 379)
(285, 388)
(285, 394)
(285, 287)
(285, 288)
(285, 302)
(285, 312)
(285, 322)
(285, 338)
(285, 374)
(286, 390)
(286, 291)
(286, 297)
(286, 320)
(286, 340)
(286, 357)
(286, 370)
(286, 377)
(287, 384)
(287, 388)
(287, 312)
(287, 321)
(287, 322)
(287, 334)
(287, 374)
(288, 388)
(288, 394)
(288, 302)
(288, 314)
(288, 338)
(288, 344)
(288, 374)
(288, 376)
(289, 385)
(289, 319)
(289, 327)
(289, 331)
(289, 379)
(289, 382)
(290, 301)
(290, 293)
(290, 300)
(290, 307)
(290, 308)
(290, 324)
(290, 335)
(290, 336)
(290, 343)
(290, 399)
(290, 349)
(290, 352)
(290, 358)
(290, 359)
(290, 367)
(290, 378)
(290, 380)
(291, 389)
(291, 390)
(291, 396)
(291, 297)
(291, 320)
(291, 326)
(291, 340)
(291, 357)
(291, 370)
(291, 377)
(291, 383)
(292, 302)
(292, 298)
(292, 311)
(292, 314)
(292, 316)
(292, 330)
(292, 338)
(292, 342)
(292, 344)
(292, 365)
(292, 366)
(292, 369)
(292, 376)
(292, 381)
(293, 299)
(293, 300)
(293, 324)
(293, 335)
(293, 336)
(293, 349)
(293, 353)
(293, 354)
(293, 356)
(293, 364)
(293, 378)
(294, 399)
(294, 295)
(294, 301)
(294, 307)
(294, 310)
(294, 359)
(294, 367)
(294, 380)
(295, 386)
(295, 399)
(295, 310)
(295, 359)
(296, 392)
(296, 395)
(296, 305)
(296, 306)
(296, 315)
(296, 318)
(296, 329)
(296, 337)
(296, 339)
(296, 351)
(296, 379)
(297, 390)
(297, 320)
(297, 326)
(297, 340)
(297, 357)
(297, 370)
(297, 377)
(298, 397)
(298, 302)
(298, 311)
(298, 314)
(298, 316)
(298, 325)
(298, 330)
(298, 338)
(298, 341)
(298, 342)
(298, 344)
(298, 355)
(298, 366)
(298, 368)
(298, 369)
(298, 376)
(298, 381)
(299, 387)
(299, 391)
(299, 393)
(299, 398)
(299, 300)
(299, 303)
(299, 309)
(299, 317)
(299, 319)
(299, 324)
(299, 328)
(299, 333)
(299, 335)
(299, 346)
(299, 354)
(299, 373)
(299, 378)
(300, 391)
(300, 398)
(300, 301)
(300, 308)
(300, 309)
(300, 317)
(300, 324)
(300, 328)
(300, 332)
(300, 335)
(300, 343)
(300, 346)
(300, 348)
(300, 352)
(300, 358)
(300, 378)
(300, 380)
(301, 399)
(301, 307)
(301, 308)
(301, 332)
(301, 336)
(301, 343)
(301, 348)
(301, 352)
(301, 355)
(301, 358)
(301, 359)
(301, 362)
(301, 367)
(301, 380)
(302, 388)
(302, 394)
(302, 397)
(302, 314)
(302, 338)
(302, 344)
(302, 316)
(302, 366)
(302, 368)
(302, 369)
(302, 374)
(302, 376)
(302, 381)
(303, 385)
(303, 387)
(303, 391)
(303, 393)
(303, 309)
(303, 317)
(303, 319)
(303, 328)
(303, 333)
(303, 398)
(303, 346)
(303, 354)
(303, 373)
(304, 392)
(304, 306)
(304, 313)
(304, 345)
(304, 347)
(304, 350)
(304, 360)
(304, 361)
(304, 363)
(305, 395)
(305, 315)
(305, 318)
(305, 327)
(305, 337)
(305, 339)
(305, 351)
(305, 375)
(305, 379)
(306, 392)
(306, 395)
(306, 313)
(306, 315)
(306, 327)
(306, 329)
(306, 350)
(306, 351)
(306, 360)
(306, 379)
(307, 343)
(307, 399)
(307, 324)
(307, 349)
(307, 336)
(307, 358)
(307, 359)
(307, 367)
(307, 380)
(308, 343)
(308, 332)
(308, 348)
(308, 352)
(308, 355)
(308, 358)
(308, 359)
(308, 362)
(308, 368)
(308, 380)
(309, 385)
(309, 387)
(309, 391)
(309, 393)
(309, 398)
(309, 319)
(309, 328)
(309, 333)
(309, 346)
(309, 352)
(309, 317)
(310, 384)
(310, 386)
(310, 322)
(310, 312)
(310, 321)
(311, 389)
(311, 342)
(311, 314)
(311, 326)
(311, 330)
(311, 344)
(311, 365)
(311, 376)
(311, 381)
(312, 384)
(312, 386)
(312, 322)
(312, 321)
(312, 334)
(312, 371)
(312, 372)
(312, 374)
(313, 389)
(313, 392)
(313, 396)
(313, 350)
(313, 323)
(313, 345)
(313, 360)
(313, 363)
(313, 383)
(314, 388)
(314, 394)
(314, 330)
(314, 338)
(314, 344)
(314, 365)
(314, 376)
(314, 381)
(315, 392)
(315, 395)
(315, 318)
(315, 327)
(315, 329)
(315, 331)
(315, 337)
(315, 339)
(315, 351)
(315, 379)
(316, 397)
(316, 338)
(316, 341)
(316, 342)
(316, 355)
(316, 362)
(316, 366)
(316, 368)
(316, 369)
(316, 376)
(316, 381)
(317, 385)
(317, 387)
(317, 391)
(317, 393)
(317, 398)
(317, 319)
(317, 328)
(317, 333)
(317, 346)
(317, 354)
(317, 378)
(318, 327)
(318, 337)
(318, 339)
(318, 351)
(318, 375)
(318, 379)
(319, 385)
(319, 387)
(319, 391)
(319, 393)
(319, 398)
(319, 328)
(319, 333)
(319, 346)
(319, 382)
(320, 326)
(320, 340)
(320, 357)
(320, 365)
(320, 370)
(320, 377)
(321, 384)
(321, 386)
(321, 322)
(321, 334)
(321, 371)
(321, 372)
(321, 374)
(322, 384)
(322, 386)
(322, 334)
(322, 371)
(322, 372)
(322, 374)
(323, 396)
(323, 350)
(323, 360)
(323, 363)
(323, 383)
(324, 343)
(324, 399)
(324, 335)
(324, 349)
(324, 336)
(324, 358)
(324, 364)
(324, 367)
(324, 378)
(324, 380)
(325, 341)
(325, 342)
(325, 345)
(325, 347)
(325, 361)
(325, 369)
(326, 340)
(326, 365)
(326, 370)
(326, 377)
(327, 395)
(327, 331)
(327, 339)
(327, 351)
(327, 337)
(327, 375)
(327, 379)
(327, 382)
(328, 385)
(328, 387)
(328, 391)
(328, 393)
(328, 398)
(328, 333)
(328, 346)
(328, 354)
(328, 378)
(329, 392)
(329, 395)
(329, 350)
(329, 351)
(329, 360)
(329, 379)
(330, 389)
(330, 341)
(330, 342)
(330, 345)
(330, 347)
(330, 363)
(330, 365)
(330, 369)
(330, 376)
(330, 381)
(331, 395)
(331, 339)
(331, 337)
(331, 375)
(331, 379)
(331, 382)
(332, 343)
(332, 397)
(332, 348)
(332, 352)
(332, 355)
(332, 358)
(332, 359)
(332, 362)
(332, 368)
(332, 380)
(333, 385)
(333, 387)
(333, 391)
(333, 393)
(333, 398)
(333, 346)
(333, 354)
(333, 373)
(333, 378)
(334, 384)
(334, 386)
(334, 371)
(334, 372)
(335, 346)
(335, 349)
(335, 353)
(335, 354)
(335, 356)
(335, 364)
(335, 378)
(336, 343)
(336, 399)
(336, 349)
(336, 358)
(336, 367)
(336, 380)
(337, 395)
(337, 339)
(337, 351)
(337, 375)
(337, 379)
(338, 388)
(338, 394)
(338, 344)
(338, 366)
(338, 374)
(338, 376)
(338, 381)
(339, 395)
(339, 351)
(339, 375)
(339, 379)
(340, 389)
(340, 390)
(340, 396)
(340, 357)
(340, 370)
(340, 377)
(340, 383)
(341, 397)
(341, 342)
(341, 347)
(341, 355)
(341, 361)
(341, 366)
(341, 368)
(341, 369)
(341, 381)
(342, 376)
(342, 345)
(342, 347)
(342, 363)
(342, 366)
(342, 369)
(342, 381)
(343, 399)
(343, 348)
(343, 352)
(343, 355)
(343, 358)
(343, 359)
(343, 362)
(343, 367)
(343, 380)
(344, 388)
(344, 394)
(344, 365)
(344, 366)
(344, 376)
(344, 381)
(345, 389)
(345, 350)
(345, 347)
(345, 361)
(345, 363)
(345, 383)
(346, 385)
(346, 387)
(346, 391)
(346, 393)
(346, 398)
(346, 354)
(346, 378)
(347, 389)
(347, 361)
(347, 363)
(347, 369)
(347, 381)
(347, 383)
(348, 397)
(348, 352)
(348, 355)
(348, 358)
(348, 359)
(348, 362)
(348, 368)
(348, 380)
(349, 364)
(349, 399)
(349, 358)
(349, 367)
(350, 392)
(350, 395)
(350, 360)
(350, 363)
(351, 392)
(351, 395)
(351, 379)
(352, 398)
(352, 358)
(352, 380)
(353, 354)
(353, 356)
(353, 364)
(353, 373)
(354, 393)
(354, 364)
(354, 373)
(354, 378)
(355, 397)
(355, 359)
(355, 362)
(355, 366)
(355, 368)
(355, 380)
(356, 364)
(357, 389)
(357, 390)
(357, 396)
(357, 370)
(357, 377)
(357, 383)
(358, 399)
(358, 359)
(358, 367)
(358, 378)
(358, 380)
(359, 399)
(359, 362)
(359, 367)
(359, 380)
(360, 392)
(360, 395)
(360, 363)
(362, 397)
(362, 368)
(362, 380)
(363, 389)
(363, 383)
(364, 378)
(365, 376)
(365, 377)
(365, 381)
(366, 397)
(366, 368)
(366, 369)
(366, 376)
(366, 381)
(367, 399)
(367, 380)
(368, 397)
(368, 369)
(369, 397)
(369, 376)
(369, 381)
(370, 390)
(370, 377)
(371, 384)
(371, 386)
(371, 372)
(372, 384)
(372, 386)
(373, 393)
(374, 388)
(374, 394)
(375, 379)
(376, 388)
(376, 394)
(376, 381)
(378, 391)
(379, 392)
(379, 395)
(380, 399)
(382, 385)
(382, 387)
(383, 389)
(383, 396)
(384, 386)
(385, 387)
(385, 391)
(385, 393)
(385, 398)
(387, 391)
(387, 393)
(387, 398)
(388, 394)
(389, 396)
(390, 396)
(391, 393)
(391, 398)
(392, 395)
(393, 398)
