#Nodes
0
1
2
3
4
5
6
7
8
9
10
11
12
13
14
15
16
17
18
19
20
21
22
23
24
25
26
27
28
29
30
31
32
33
34
35
36
37
38
39
40
41
42
43
44
45
46
47
48
49
50
51
52
53
54
55
56
57
58
59
60
61
62
63
64
65
66
67
68
69
70
71
72
73
74
75
76
77
78
79
80
81
82
83
84
85
86
87
88
89
90
91
92
93
94
95
96
97
98
99
100
101
102
103
104
105
106
107
108
109
110
111
112
113
114
115
116
117
118
119
120
121
122
123
124
125
126
127
128
129
130
131
132
133
134
135
136
137
138
139
140
141
142
143
144
145
146
147
148
149
150
151
152
153
154
155
156
157
158
159
160
161
162
163
164
165
166
167
168
169
170
171
172
173
174
175
176
177
178
179
180
181
182
183
184
185
186
187
188
189
190
191
192
193
194
195
196
197
198
199
200
201
202
203
204
205
206
207
208
209
210
211
212
213
214
215
216
217
218
219
220
221
222
223
224
225
226
227
228
229
230
231
232
233
234
235
236
237
238
239
240
241
242
243
244
245
246
247
248
249
250
251
252
253
254
255
256
257
258
259
260
261
262
263
264
265
266
267
268
269
270
271
272
273
274
275
276
277
278
279
280
281
282
283
284
285
286
287
288
289
290
291
292
293
294
295
296
297
298
299
300
301
302
303
304
305
306
307
308
309
310
311
312
313
314
315
316
317
318
319
320
321
322
323
324
325
326
327
328
329
330
331
332
333
334
335
336
337
338
339
340
341
342
343
344
345
346
347
348
349
350
351
352
353
354
355
356
357
358
359
360
361
362
363
364
365
366
367
368
369
370
371
372
373
374
375
376
377
378
379
380
381
382
383
384
385
386
387
388
389
390
391
392
393
394
395
396
397
398
399
#Edges
(0, 386)
(0, 43)
(0, 260)
(0, 8)
(0, 265)
(0, 267)
(0, 140)
(0, 270)
(0, 271)
(0, 20)
(0, 22)
(0, 281)
(0, 282)
(0, 155)
(0, 33)
(0, 162)
(0, 163)
(0, 165)
(0, 166)
(0, 296)
(0, 41)
(0, 299)
(0, 301)
(0, 177)
(0, 308)
(0, 181)
(0, 55)
(0, 312)
(0, 185)
(0, 58)
(0, 139)
(0, 199)
(0, 200)
(0, 74)
(0, 75)
(0, 34)
(0, 173)
(0, 37)
(0, 211)
(0, 344)
(0, 221)
(0, 95)
(0, 97)
(0, 359)
(0, 232)
(0, 367)
(0, 123)
(0, 252)
(1, 391)
(1, 393)
(1, 397)
(1, 26)
(1, 284)
(1, 159)
(1, 241)
(1, 168)
(1, 135)
(1, 303)
(1, 304)
(1, 137)
(1, 197)
(1, 336)
(1, 93)
(1, 223)
(1, 225)
(1, 354)
(1, 103)
(1, 362)
(1, 107)
(1, 111)
(1, 113)
(1, 375)
(1, 251)
(1, 255)
(2, 129)
(2, 3)
(2, 389)
(2, 65)
(2, 10)
(2, 395)
(2, 399)
(2, 144)
(2, 274)
(2, 148)
(2, 149)
(2, 285)
(2, 286)
(2, 287)
(2, 240)
(2, 35)
(2, 198)
(2, 295)
(2, 297)
(2, 298)
(2, 300)
(2, 29)
(2, 90)
(2, 178)
(2, 158)
(2, 184)
(2, 317)
(2, 215)
(2, 319)
(2, 193)
(2, 323)
(2, 326)
(2, 327)
(2, 203)
(2, 334)
(2, 343)
(2, 346)
(2, 91)
(2, 349)
(2, 352)
(2, 355)
(2, 357)
(2, 363)
(2, 146)
(2, 110)
(2, 368)
(2, 369)
(2, 114)
(2, 62)
(2, 374)
(2, 122)
(2, 380)
(2, 170)
(2, 254)
(3, 129)
(3, 108)
(3, 138)
(3, 395)
(3, 274)
(3, 149)
(3, 151)
(3, 27)
(3, 29)
(3, 286)
(3, 287)
(3, 293)
(3, 295)
(3, 297)
(3, 300)
(3, 46)
(3, 158)
(3, 314)
(3, 62)
(3, 319)
(3, 194)
(3, 327)
(3, 202)
(3, 203)
(3, 76)
(3, 334)
(3, 335)
(3, 84)
(3, 341)
(3, 215)
(3, 216)
(3, 349)
(3, 350)
(3, 352)
(3, 228)
(3, 358)
(3, 236)
(3, 146)
(3, 110)
(3, 240)
(3, 114)
(3, 374)
(3, 169)
(3, 122)
(3, 380)
(3, 125)
(3, 254)
(4, 385)
(4, 387)
(4, 133)
(4, 257)
(4, 392)
(4, 109)
(4, 237)
(4, 275)
(4, 283)
(4, 164)
(4, 198)
(4, 38)
(4, 49)
(4, 170)
(4, 45)
(4, 264)
(4, 306)
(4, 179)
(4, 313)
(4, 59)
(4, 316)
(4, 318)
(4, 64)
(4, 196)
(4, 326)
(4, 328)
(4, 332)
(4, 333)
(4, 78)
(4, 207)
(4, 208)
(4, 337)
(4, 210)
(4, 214)
(4, 36)
(4, 219)
(4, 224)
(4, 80)
(4, 355)
(4, 100)
(4, 101)
(4, 102)
(4, 209)
(4, 105)
(4, 363)
(4, 365)
(4, 111)
(4, 112)
(4, 245)
(4, 249)
(4, 136)
(4, 382)
(5, 261)
(5, 263)
(5, 9)
(5, 266)
(5, 11)
(5, 269)
(5, 398)
(5, 280)
(5, 150)
(5, 279)
(5, 152)
(5, 289)
(5, 92)
(5, 171)
(5, 50)
(5, 310)
(5, 205)
(5, 79)
(5, 81)
(5, 212)
(5, 89)
(5, 218)
(5, 348)
(5, 104)
(5, 361)
(5, 116)
(5, 117)
(5, 120)
(5, 121)
(5, 250)
(6, 385)
(6, 387)
(6, 392)
(6, 265)
(6, 10)
(6, 139)
(6, 142)
(6, 144)
(6, 145)
(6, 275)
(6, 90)
(6, 24)
(6, 282)
(6, 156)
(6, 157)
(6, 163)
(6, 166)
(6, 28)
(6, 170)
(6, 172)
(6, 174)
(6, 44)
(6, 136)
(6, 179)
(6, 308)
(6, 55)
(6, 184)
(6, 58)
(6, 187)
(6, 318)
(6, 323)
(6, 198)
(6, 331)
(6, 78)
(6, 8)
(6, 75)
(6, 87)
(6, 88)
(6, 346)
(6, 219)
(6, 95)
(6, 224)
(6, 67)
(6, 355)
(6, 233)
(6, 234)
(6, 364)
(6, 109)
(6, 239)
(6, 369)
(6, 115)
(6, 373)
(6, 246)
(6, 105)
(6, 377)
(6, 127)
(7, 260)
(7, 263)
(7, 9)
(7, 140)
(7, 270)
(7, 301)
(7, 273)
(7, 150)
(7, 33)
(7, 162)
(7, 165)
(7, 39)
(7, 171)
(7, 173)
(7, 50)
(7, 307)
(7, 310)
(7, 185)
(7, 191)
(7, 69)
(7, 199)
(7, 74)
(7, 79)
(7, 81)
(7, 342)
(7, 344)
(7, 89)
(7, 271)
(7, 37)
(7, 98)
(7, 356)
(7, 359)
(7, 367)
(7, 252)
(8, 386)
(8, 43)
(8, 265)
(8, 394)
(8, 267)
(8, 140)
(8, 34)
(8, 20)
(8, 22)
(8, 23)
(8, 281)
(8, 282)
(8, 155)
(8, 156)
(8, 157)
(8, 162)
(8, 163)
(8, 166)
(8, 296)
(8, 41)
(8, 299)
(8, 172)
(8, 301)
(8, 174)
(8, 177)
(8, 308)
(8, 181)
(8, 55)
(8, 312)
(8, 58)
(8, 187)
(8, 195)
(8, 70)
(8, 200)
(8, 12)
(8, 75)
(8, 77)
(8, 28)
(8, 211)
(8, 139)
(8, 88)
(8, 95)
(8, 97)
(8, 233)
(8, 364)
(8, 40)
(8, 115)
(8, 373)
(8, 377)
(8, 252)
(8, 127)
(9, 261)
(9, 263)
(9, 266)
(9, 11)
(9, 398)
(9, 271)
(9, 273)
(9, 150)
(9, 279)
(9, 152)
(9, 289)
(9, 165)
(9, 39)
(9, 92)
(9, 171)
(9, 50)
(9, 310)
(9, 191)
(9, 69)
(9, 205)
(9, 79)
(9, 81)
(9, 212)
(9, 342)
(9, 344)
(9, 89)
(9, 348)
(9, 37)
(9, 98)
(9, 356)
(9, 361)
(9, 367)
(9, 116)
(9, 120)
(10, 385)
(10, 387)
(10, 392)
(10, 44)
(10, 142)
(10, 144)
(10, 275)
(10, 90)
(10, 283)
(10, 28)
(10, 157)
(10, 286)
(10, 112)
(10, 166)
(10, 295)
(10, 297)
(10, 170)
(10, 172)
(10, 174)
(10, 136)
(10, 179)
(10, 158)
(10, 184)
(10, 187)
(10, 317)
(10, 318)
(10, 323)
(10, 198)
(10, 331)
(10, 334)
(10, 207)
(10, 209)
(10, 75)
(10, 78)
(10, 203)
(10, 87)
(10, 346)
(10, 219)
(10, 224)
(10, 67)
(10, 355)
(10, 101)
(10, 105)
(10, 363)
(10, 109)
(10, 239)
(10, 368)
(10, 369)
(10, 115)
(10, 245)
(10, 246)
(10, 38)
(10, 254)
(10, 127)
(11, 261)
(11, 263)
(11, 266)
(11, 398)
(11, 273)
(11, 150)
(11, 279)
(11, 152)
(11, 289)
(11, 92)
(11, 171)
(11, 50)
(11, 310)
(11, 61)
(11, 69)
(11, 71)
(11, 205)
(11, 79)
(11, 81)
(11, 212)
(11, 342)
(11, 344)
(11, 89)
(11, 218)
(11, 348)
(11, 280)
(11, 351)
(11, 98)
(11, 356)
(11, 104)
(11, 361)
(11, 367)
(11, 116)
(11, 117)
(11, 120)
(11, 121)
(11, 250)
(12, 385)
(12, 387)
(12, 388)
(12, 390)
(12, 392)
(12, 394)
(12, 142)
(12, 145)
(12, 107)
(12, 20)
(12, 23)
(12, 156)
(12, 163)
(12, 294)
(12, 40)
(12, 28)
(12, 44)
(12, 174)
(12, 136)
(12, 57)
(12, 187)
(12, 318)
(12, 245)
(12, 195)
(12, 68)
(12, 70)
(12, 72)
(12, 73)
(12, 75)
(12, 332)
(12, 77)
(12, 78)
(12, 336)
(12, 213)
(12, 88)
(12, 95)
(12, 224)
(12, 225)
(12, 67)
(12, 229)
(12, 233)
(12, 234)
(12, 235)
(12, 364)
(12, 366)
(12, 239)
(12, 115)
(12, 244)
(12, 373)
(12, 377)
(13, 131)
(13, 14)
(13, 15)
(13, 277)
(13, 278)
(13, 35)
(13, 169)
(13, 305)
(13, 178)
(13, 192)
(13, 321)
(13, 66)
(13, 324)
(13, 206)
(13, 85)
(13, 222)
(13, 96)
(13, 231)
(13, 238)
(13, 372)
(13, 247)
(13, 379)
(13, 125)
(13, 21)
(14, 131)
(14, 65)
(14, 395)
(14, 66)
(14, 15)
(14, 16)
(14, 274)
(14, 277)
(14, 278)
(14, 27)
(14, 285)
(14, 110)
(14, 35)
(14, 169)
(14, 300)
(14, 305)
(14, 178)
(14, 189)
(14, 192)
(14, 321)
(14, 322)
(14, 324)
(14, 76)
(14, 206)
(14, 335)
(14, 84)
(14, 85)
(14, 215)
(14, 349)
(14, 222)
(14, 228)
(14, 231)
(14, 146)
(14, 238)
(14, 240)
(14, 114)
(14, 372)
(14, 247)
(14, 379)
(14, 125)
(15, 131)
(15, 66)
(15, 16)
(15, 277)
(15, 278)
(15, 285)
(15, 35)
(15, 169)
(15, 305)
(15, 178)
(15, 189)
(15, 192)
(15, 321)
(15, 322)
(15, 324)
(15, 206)
(15, 85)
(15, 349)
(15, 222)
(15, 96)
(15, 231)
(15, 110)
(15, 238)
(15, 114)
(15, 372)
(15, 247)
(15, 379)
(15, 125)
(15, 21)
(16, 384)
(16, 131)
(16, 389)
(16, 65)
(16, 215)
(16, 66)
(16, 399)
(16, 148)
(16, 110)
(16, 278)
(16, 153)
(16, 285)
(16, 30)
(16, 35)
(16, 297)
(16, 298)
(16, 305)
(16, 178)
(16, 180)
(16, 53)
(16, 189)
(16, 193)
(16, 322)
(16, 324)
(16, 326)
(16, 206)
(16, 208)
(16, 210)
(16, 86)
(16, 343)
(16, 345)
(16, 91)
(16, 349)
(16, 96)
(16, 357)
(16, 231)
(16, 363)
(16, 237)
(16, 238)
(16, 368)
(16, 114)
(16, 42)
(16, 372)
(16, 374)
(16, 247)
(16, 125)
(17, 128)
(17, 130)
(17, 259)
(17, 262)
(17, 396)
(17, 141)
(17, 272)
(17, 276)
(17, 25)
(17, 154)
(17, 47)
(17, 288)
(17, 161)
(17, 99)
(17, 48)
(17, 302)
(17, 175)
(17, 176)
(17, 182)
(17, 56)
(17, 190)
(17, 320)
(17, 160)
(17, 325)
(17, 32)
(17, 329)
(17, 204)
(17, 338)
(17, 339)
(17, 340)
(17, 217)
(17, 54)
(17, 118)
(17, 353)
(17, 227)
(17, 230)
(17, 360)
(17, 106)
(17, 211)
(17, 268)
(17, 378)
(17, 253)
(17, 126)
(18, 256)
(18, 129)
(18, 258)
(18, 134)
(18, 265)
(18, 138)
(18, 147)
(18, 151)
(18, 24)
(18, 158)
(18, 31)
(18, 293)
(18, 166)
(18, 41)
(18, 71)
(18, 172)
(18, 51)
(18, 308)
(18, 55)
(18, 52)
(18, 186)
(18, 319)
(18, 323)
(18, 327)
(18, 330)
(18, 331)
(18, 334)
(18, 83)
(18, 87)
(18, 344)
(18, 90)
(18, 220)
(18, 58)
(18, 94)
(18, 351)
(18, 352)
(18, 97)
(18, 108)
(18, 242)
(18, 19)
(18, 246)
(18, 120)
(18, 123)
(18, 124)
(18, 254)
(18, 127)
(19, 256)
(19, 51)
(19, 258)
(19, 261)
(19, 108)
(19, 138)
(19, 151)
(19, 279)
(19, 31)
(19, 290)
(19, 293)
(19, 167)
(19, 348)
(19, 371)
(19, 52)
(19, 183)
(19, 61)
(19, 63)
(19, 194)
(19, 71)
(19, 330)
(19, 92)
(19, 83)
(19, 220)
(19, 351)
(19, 352)
(19, 226)
(19, 236)
(19, 242)
(19, 243)
(19, 117)
(19, 119)
(19, 120)
(19, 121)
(19, 124)
(20, 386)
(20, 265)
(20, 394)
(20, 267)
(20, 145)
(20, 22)
(20, 23)
(20, 281)
(20, 282)
(20, 155)
(20, 156)
(20, 161)
(20, 34)
(20, 163)
(20, 294)
(20, 296)
(20, 28)
(20, 299)
(20, 174)
(20, 181)
(20, 312)
(20, 57)
(20, 187)
(20, 195)
(20, 68)
(20, 70)
(20, 200)
(20, 73)
(20, 75)
(20, 77)
(20, 338)
(20, 211)
(20, 139)
(20, 213)
(20, 88)
(20, 221)
(20, 95)
(20, 229)
(20, 233)
(20, 234)
(20, 364)
(20, 40)
(20, 115)
(20, 373)
(20, 377)
(20, 166)
(21, 192)
(21, 321)
(21, 66)
(21, 131)
(21, 324)
(21, 231)
(21, 238)
(21, 305)
(21, 372)
(21, 277)
(21, 278)
(21, 247)
(21, 222)
(21, 85)
(22, 386)
(22, 43)
(22, 260)
(22, 267)
(22, 140)
(22, 270)
(22, 271)
(22, 34)
(22, 25)
(22, 281)
(22, 155)
(22, 33)
(22, 162)
(22, 292)
(22, 165)
(22, 296)
(22, 299)
(22, 301)
(22, 302)
(22, 177)
(22, 307)
(22, 181)
(22, 182)
(22, 312)
(22, 185)
(22, 199)
(22, 200)
(22, 74)
(22, 204)
(22, 77)
(22, 173)
(22, 211)
(22, 221)
(22, 95)
(22, 99)
(22, 359)
(22, 232)
(22, 252)
(22, 23)
(23, 386)
(23, 388)
(23, 394)
(23, 267)
(23, 268)
(23, 272)
(23, 276)
(23, 155)
(23, 156)
(23, 288)
(23, 161)
(23, 34)
(23, 163)
(23, 294)
(23, 296)
(23, 299)
(23, 302)
(23, 48)
(23, 181)
(23, 54)
(23, 312)
(23, 57)
(23, 195)
(23, 68)
(23, 70)
(23, 200)
(23, 73)
(23, 77)
(23, 338)
(23, 211)
(23, 213)
(23, 88)
(23, 217)
(23, 221)
(23, 95)
(23, 229)
(23, 233)
(23, 40)
(23, 377)
(23, 253)
(23, 383)
(24, 256)
(24, 129)
(24, 134)
(24, 265)
(24, 138)
(24, 144)
(24, 147)
(24, 151)
(24, 282)
(24, 157)
(24, 158)
(24, 31)
(24, 293)
(24, 166)
(24, 41)
(24, 172)
(24, 51)
(24, 308)
(24, 55)
(24, 184)
(24, 52)
(24, 186)
(24, 319)
(24, 323)
(24, 327)
(24, 331)
(24, 334)
(24, 83)
(24, 87)
(24, 90)
(24, 220)
(24, 58)
(24, 94)
(24, 351)
(24, 352)
(24, 97)
(24, 108)
(24, 369)
(24, 242)
(24, 246)
(24, 123)
(24, 124)
(24, 254)
(24, 127)
(25, 130)
(25, 262)
(25, 268)
(25, 141)
(25, 270)
(25, 288)
(25, 33)
(25, 34)
(25, 292)
(25, 296)
(25, 299)
(25, 173)
(25, 302)
(25, 175)
(25, 176)
(25, 307)
(25, 182)
(25, 56)
(25, 185)
(25, 190)
(25, 160)
(25, 329)
(25, 204)
(25, 339)
(25, 340)
(25, 221)
(25, 99)
(25, 359)
(25, 232)
(25, 211)
(25, 126)
(26, 133)
(26, 391)
(26, 393)
(26, 397)
(26, 143)
(26, 284)
(26, 159)
(26, 291)
(26, 36)
(26, 168)
(26, 135)
(26, 303)
(26, 304)
(26, 306)
(26, 309)
(26, 137)
(26, 316)
(26, 197)
(26, 328)
(26, 336)
(26, 347)
(26, 93)
(26, 223)
(26, 225)
(26, 354)
(26, 100)
(26, 103)
(26, 80)
(26, 60)
(26, 107)
(26, 111)
(26, 113)
(26, 248)
(26, 251)
(26, 381)
(26, 382)
(27, 131)
(27, 395)
(27, 274)
(27, 149)
(27, 29)
(27, 287)
(27, 110)
(27, 35)
(27, 169)
(27, 300)
(27, 46)
(27, 178)
(27, 314)
(27, 62)
(27, 194)
(27, 327)
(27, 202)
(27, 76)
(27, 335)
(27, 84)
(27, 341)
(27, 216)
(27, 349)
(27, 350)
(27, 228)
(27, 358)
(27, 236)
(27, 146)
(27, 238)
(27, 240)
(27, 114)
(27, 374)
(27, 122)
(27, 379)
(27, 380)
(27, 125)
(28, 385)
(28, 387)
(28, 392)
(28, 44)
(28, 394)
(28, 139)
(28, 142)
(28, 145)
(28, 275)
(28, 282)
(28, 156)
(28, 157)
(28, 163)
(28, 166)
(28, 40)
(28, 172)
(28, 174)
(28, 136)
(28, 55)
(28, 312)
(28, 187)
(28, 318)
(28, 245)
(28, 195)
(28, 200)
(28, 75)
(28, 332)
(28, 78)
(28, 213)
(28, 88)
(28, 219)
(28, 95)
(28, 224)
(28, 67)
(28, 233)
(28, 234)
(28, 364)
(28, 109)
(28, 366)
(28, 239)
(28, 369)
(28, 115)
(28, 373)
(28, 105)
(28, 72)
(28, 377)
(28, 127)
(29, 129)
(29, 108)
(29, 138)
(29, 395)
(29, 274)
(29, 149)
(29, 151)
(29, 286)
(29, 287)
(29, 240)
(29, 87)
(29, 293)
(29, 295)
(29, 297)
(29, 300)
(29, 114)
(29, 46)
(29, 52)
(29, 158)
(29, 184)
(29, 314)
(29, 317)
(29, 62)
(29, 319)
(29, 323)
(29, 246)
(29, 327)
(29, 202)
(29, 331)
(29, 76)
(29, 334)
(29, 335)
(29, 84)
(29, 341)
(29, 203)
(29, 215)
(29, 216)
(29, 90)
(29, 349)
(29, 350)
(29, 352)
(29, 228)
(29, 358)
(29, 124)
(29, 236)
(29, 146)
(29, 110)
(29, 368)
(29, 242)
(29, 374)
(29, 122)
(29, 380)
(29, 254)
(30, 384)
(30, 389)
(30, 65)
(30, 237)
(30, 148)
(30, 153)
(30, 285)
(30, 164)
(30, 298)
(30, 45)
(30, 180)
(30, 53)
(30, 315)
(30, 189)
(30, 193)
(30, 322)
(30, 196)
(30, 326)
(30, 333)
(30, 206)
(30, 208)
(30, 210)
(30, 86)
(30, 343)
(30, 345)
(30, 91)
(30, 96)
(30, 357)
(30, 365)
(30, 42)
(31, 256)
(31, 129)
(31, 258)
(31, 134)
(31, 265)
(31, 138)
(31, 273)
(31, 147)
(31, 151)
(31, 282)
(31, 158)
(31, 293)
(31, 166)
(31, 41)
(31, 43)
(31, 177)
(31, 51)
(31, 308)
(31, 55)
(31, 52)
(31, 186)
(31, 69)
(31, 71)
(31, 330)
(31, 331)
(31, 334)
(31, 83)
(31, 342)
(31, 87)
(31, 344)
(31, 90)
(31, 220)
(31, 58)
(31, 94)
(31, 351)
(31, 352)
(31, 97)
(31, 108)
(31, 242)
(31, 246)
(31, 120)
(31, 123)
(31, 124)
(31, 254)
(31, 127)
(32, 128)
(32, 130)
(32, 259)
(32, 262)
(32, 268)
(32, 141)
(32, 272)
(32, 276)
(32, 154)
(32, 288)
(32, 161)
(32, 48)
(32, 302)
(32, 47)
(32, 176)
(32, 54)
(32, 190)
(32, 320)
(32, 160)
(32, 325)
(32, 396)
(32, 204)
(32, 338)
(32, 339)
(32, 340)
(32, 217)
(32, 353)
(32, 227)
(32, 230)
(32, 360)
(32, 106)
(32, 118)
(32, 378)
(32, 253)
(32, 383)
(33, 260)
(33, 267)
(33, 140)
(33, 270)
(33, 173)
(33, 160)
(33, 162)
(33, 292)
(33, 37)
(33, 39)
(33, 296)
(33, 299)
(33, 301)
(33, 175)
(33, 307)
(33, 181)
(33, 182)
(33, 56)
(33, 185)
(33, 190)
(33, 191)
(33, 329)
(33, 74)
(33, 204)
(33, 34)
(33, 221)
(33, 99)
(33, 359)
(33, 232)
(34, 386)
(34, 43)
(34, 260)
(34, 267)
(34, 268)
(34, 270)
(34, 173)
(34, 281)
(34, 282)
(34, 155)
(34, 162)
(34, 163)
(34, 165)
(34, 296)
(34, 299)
(34, 301)
(34, 302)
(34, 177)
(34, 307)
(34, 181)
(34, 182)
(34, 312)
(34, 185)
(34, 139)
(34, 199)
(34, 200)
(34, 140)
(34, 74)
(34, 204)
(34, 77)
(34, 211)
(34, 221)
(34, 95)
(34, 99)
(34, 359)
(34, 232)
(34, 252)
(35, 384)
(35, 131)
(35, 389)
(35, 65)
(35, 395)
(35, 66)
(35, 399)
(35, 274)
(35, 148)
(35, 277)
(35, 278)
(35, 153)
(35, 285)
(35, 287)
(35, 240)
(35, 110)
(35, 297)
(35, 298)
(35, 300)
(35, 305)
(35, 178)
(35, 169)
(35, 189)
(35, 215)
(35, 192)
(35, 193)
(35, 322)
(35, 324)
(35, 206)
(35, 84)
(35, 343)
(35, 345)
(35, 349)
(35, 222)
(35, 96)
(35, 228)
(35, 357)
(35, 231)
(35, 146)
(35, 238)
(35, 368)
(35, 114)
(35, 372)
(35, 374)
(35, 247)
(35, 379)
(35, 380)
(35, 125)
(36, 132)
(36, 133)
(36, 391)
(36, 264)
(36, 393)
(36, 397)
(36, 143)
(36, 376)
(36, 291)
(36, 303)
(36, 49)
(36, 306)
(36, 309)
(36, 311)
(36, 313)
(36, 59)
(36, 316)
(36, 64)
(36, 328)
(36, 60)
(36, 80)
(36, 337)
(36, 82)
(36, 214)
(36, 347)
(36, 223)
(36, 354)
(36, 100)
(36, 102)
(36, 103)
(36, 188)
(36, 111)
(36, 370)
(36, 248)
(36, 249)
(36, 251)
(36, 381)
(36, 382)
(37, 43)
(37, 260)
(37, 263)
(37, 140)
(37, 270)
(37, 301)
(37, 273)
(37, 150)
(37, 162)
(37, 165)
(37, 39)
(37, 41)
(37, 171)
(37, 173)
(37, 177)
(37, 50)
(37, 307)
(37, 310)
(37, 185)
(37, 191)
(37, 69)
(37, 199)
(37, 74)
(37, 79)
(37, 81)
(37, 342)
(37, 344)
(37, 89)
(37, 271)
(37, 97)
(37, 98)
(37, 356)
(37, 359)
(37, 367)
(37, 252)
(38, 385)
(38, 387)
(38, 133)
(38, 257)
(38, 392)
(38, 109)
(38, 142)
(38, 399)
(38, 144)
(38, 275)
(38, 283)
(38, 157)
(38, 112)
(38, 91)
(38, 164)
(38, 198)
(38, 297)
(38, 170)
(38, 44)
(38, 136)
(38, 179)
(38, 184)
(38, 313)
(38, 316)
(38, 317)
(38, 318)
(38, 193)
(38, 323)
(38, 196)
(38, 326)
(38, 203)
(38, 332)
(38, 333)
(38, 78)
(38, 207)
(38, 208)
(38, 209)
(38, 210)
(38, 343)
(38, 346)
(38, 219)
(38, 101)
(38, 224)
(38, 67)
(38, 355)
(38, 100)
(38, 357)
(38, 105)
(38, 363)
(38, 237)
(38, 239)
(38, 368)
(38, 369)
(38, 245)
(38, 249)
(38, 382)
(39, 260)
(39, 263)
(39, 140)
(39, 270)
(39, 301)
(39, 273)
(39, 150)
(39, 162)
(39, 165)
(39, 173)
(39, 50)
(39, 307)
(39, 310)
(39, 185)
(39, 191)
(39, 199)
(39, 74)
(39, 79)
(39, 81)
(39, 89)
(39, 271)
(39, 98)
(39, 356)
(39, 359)
(39, 367)
(39, 252)
(40, 388)
(40, 390)
(40, 394)
(40, 267)
(40, 272)
(40, 276)
(40, 155)
(40, 156)
(40, 161)
(40, 163)
(40, 294)
(40, 302)
(40, 48)
(40, 181)
(40, 54)
(40, 312)
(40, 57)
(40, 195)
(40, 68)
(40, 325)
(40, 70)
(40, 200)
(40, 73)
(40, 77)
(40, 336)
(40, 338)
(40, 211)
(40, 213)
(40, 88)
(40, 217)
(40, 95)
(40, 229)
(40, 233)
(40, 234)
(40, 235)
(40, 364)
(40, 366)
(40, 244)
(40, 373)
(40, 377)
(40, 253)
(40, 383)
(41, 386)
(41, 43)
(41, 260)
(41, 134)
(41, 265)
(41, 139)
(41, 140)
(41, 271)
(41, 273)
(41, 147)
(41, 281)
(41, 282)
(41, 162)
(41, 165)
(41, 166)
(41, 171)
(41, 301)
(41, 177)
(41, 308)
(41, 55)
(41, 186)
(41, 69)
(41, 199)
(41, 74)
(41, 75)
(41, 79)
(41, 342)
(41, 344)
(41, 89)
(41, 220)
(41, 58)
(41, 94)
(41, 97)
(41, 367)
(41, 123)
(41, 252)
(42, 384)
(42, 257)
(42, 389)
(42, 65)
(42, 399)
(42, 148)
(42, 153)
(42, 283)
(42, 285)
(42, 164)
(42, 298)
(42, 45)
(42, 180)
(42, 53)
(42, 315)
(42, 189)
(42, 193)
(42, 322)
(42, 196)
(42, 326)
(42, 333)
(42, 206)
(42, 208)
(42, 210)
(42, 237)
(42, 86)
(42, 343)
(42, 345)
(42, 91)
(42, 96)
(42, 59)
(42, 357)
(42, 102)
(42, 363)
(42, 365)
(43, 386)
(43, 260)
(43, 265)
(43, 267)
(43, 140)
(43, 271)
(43, 273)
(43, 281)
(43, 282)
(43, 155)
(43, 162)
(43, 165)
(43, 166)
(43, 296)
(43, 301)
(43, 177)
(43, 308)
(43, 181)
(43, 55)
(43, 186)
(43, 139)
(43, 69)
(43, 199)
(43, 200)
(43, 74)
(43, 75)
(43, 79)
(43, 342)
(43, 344)
(43, 89)
(43, 220)
(43, 58)
(43, 94)
(43, 97)
(43, 98)
(43, 359)
(43, 367)
(43, 123)
(43, 252)
(44, 385)
(44, 387)
(44, 392)
(44, 142)
(44, 144)
(44, 145)
(44, 275)
(44, 156)
(44, 157)
(44, 170)
(44, 172)
(44, 174)
(44, 136)
(44, 179)
(44, 313)
(44, 187)
(44, 318)
(44, 245)
(44, 323)
(44, 198)
(44, 72)
(44, 75)
(44, 332)
(44, 78)
(44, 207)
(44, 209)
(44, 249)
(44, 88)
(44, 346)
(44, 219)
(44, 224)
(44, 225)
(44, 67)
(44, 355)
(44, 100)
(44, 101)
(44, 195)
(44, 233)
(44, 234)
(44, 364)
(44, 109)
(44, 366)
(44, 239)
(44, 112)
(44, 369)
(44, 115)
(44, 373)
(44, 105)
(44, 377)
(44, 127)
(45, 384)
(45, 257)
(45, 132)
(45, 389)
(45, 65)
(45, 237)
(45, 148)
(45, 153)
(45, 283)
(45, 164)
(45, 298)
(45, 180)
(45, 82)
(45, 315)
(45, 188)
(45, 189)
(45, 53)
(45, 64)
(45, 193)
(45, 322)
(45, 196)
(45, 326)
(45, 333)
(45, 208)
(45, 337)
(45, 210)
(45, 86)
(45, 343)
(45, 345)
(45, 91)
(45, 96)
(45, 59)
(45, 357)
(45, 102)
(45, 363)
(45, 365)
(46, 395)
(46, 274)
(46, 149)
(46, 287)
(46, 110)
(46, 293)
(46, 169)
(46, 300)
(46, 314)
(46, 62)
(46, 319)
(46, 194)
(46, 327)
(46, 202)
(46, 76)
(46, 335)
(46, 84)
(46, 341)
(46, 216)
(46, 349)
(46, 350)
(46, 352)
(46, 228)
(46, 358)
(46, 236)
(46, 146)
(46, 238)
(46, 240)
(46, 114)
(46, 243)
(46, 122)
(46, 379)
(46, 380)
(46, 125)
(47, 128)
(47, 130)
(47, 259)
(47, 262)
(47, 396)
(47, 141)
(47, 272)
(47, 154)
(47, 288)
(47, 302)
(47, 175)
(47, 176)
(47, 56)
(47, 190)
(47, 320)
(47, 160)
(47, 325)
(47, 329)
(47, 204)
(47, 339)
(47, 340)
(47, 217)
(47, 118)
(47, 353)
(47, 227)
(47, 230)
(47, 360)
(47, 106)
(47, 268)
(47, 378)
(47, 126)
(48, 128)
(48, 388)
(48, 390)
(48, 396)
(48, 272)
(48, 276)
(48, 288)
(48, 161)
(48, 294)
(48, 54)
(48, 73)
(48, 57)
(48, 320)
(48, 68)
(48, 325)
(48, 70)
(48, 201)
(48, 77)
(48, 338)
(48, 213)
(48, 217)
(48, 229)
(48, 230)
(48, 360)
(48, 106)
(48, 244)
(48, 118)
(48, 378)
(48, 383)
(48, 253)
(48, 255)
(49, 257)
(49, 132)
(49, 133)
(49, 391)
(49, 264)
(49, 143)
(49, 376)
(49, 164)
(49, 303)
(49, 306)
(49, 309)
(49, 311)
(49, 313)
(49, 59)
(49, 188)
(49, 64)
(49, 328)
(49, 60)
(49, 333)
(49, 80)
(49, 337)
(49, 82)
(49, 214)
(49, 347)
(49, 100)
(49, 102)
(49, 103)
(49, 316)
(49, 365)
(49, 111)
(49, 370)
(49, 248)
(49, 381)
(49, 382)
(50, 261)
(50, 263)
(50, 266)
(50, 398)
(50, 271)
(50, 273)
(50, 150)
(50, 279)
(50, 152)
(50, 289)
(50, 165)
(50, 92)
(50, 171)
(50, 310)
(50, 191)
(50, 69)
(50, 205)
(50, 79)
(50, 81)
(50, 212)
(50, 342)
(50, 344)
(50, 89)
(50, 348)
(50, 351)
(50, 98)
(50, 356)
(50, 361)
(50, 367)
(50, 116)
(50, 120)
(50, 121)
(51, 256)
(51, 258)
(51, 261)
(51, 134)
(51, 138)
(51, 151)
(51, 147)
(51, 279)
(51, 152)
(51, 290)
(51, 293)
(51, 348)
(51, 52)
(51, 183)
(51, 186)
(51, 61)
(51, 63)
(51, 71)
(51, 330)
(51, 92)
(51, 83)
(51, 212)
(51, 220)
(51, 351)
(51, 226)
(51, 108)
(51, 242)
(51, 371)
(51, 117)
(51, 119)
(51, 120)
(51, 121)
(51, 124)
(52, 256)
(52, 129)
(52, 258)
(52, 134)
(52, 108)
(52, 138)
(52, 147)
(52, 151)
(52, 158)
(52, 293)
(52, 295)
(52, 71)
(52, 94)
(52, 186)
(52, 62)
(52, 319)
(52, 327)
(52, 330)
(52, 331)
(52, 334)
(52, 83)
(52, 87)
(52, 90)
(52, 220)
(52, 350)
(52, 351)
(52, 352)
(52, 226)
(52, 358)
(52, 236)
(52, 242)
(52, 371)
(52, 246)
(52, 122)
(52, 124)
(52, 254)
(53, 384)
(53, 389)
(53, 65)
(53, 148)
(53, 153)
(53, 285)
(53, 298)
(53, 305)
(53, 180)
(53, 315)
(53, 189)
(53, 193)
(53, 322)
(53, 324)
(53, 206)
(53, 210)
(53, 86)
(53, 345)
(53, 91)
(53, 96)
(53, 231)
(53, 237)
(53, 372)
(54, 128)
(54, 388)
(54, 390)
(54, 268)
(54, 272)
(54, 276)
(54, 73)
(54, 154)
(54, 288)
(54, 161)
(54, 294)
(54, 302)
(54, 201)
(54, 57)
(54, 320)
(54, 68)
(54, 325)
(54, 70)
(54, 396)
(54, 77)
(54, 338)
(54, 213)
(54, 217)
(54, 229)
(54, 230)
(54, 360)
(54, 106)
(54, 244)
(54, 118)
(54, 378)
(54, 383)
(54, 253)
(54, 255)
(55, 386)
(55, 134)
(55, 265)
(55, 139)
(55, 140)
(55, 147)
(55, 281)
(55, 282)
(55, 156)
(55, 157)
(55, 166)
(55, 172)
(55, 301)
(55, 174)
(55, 177)
(55, 308)
(55, 186)
(55, 187)
(55, 323)
(55, 199)
(55, 200)
(55, 331)
(55, 75)
(55, 87)
(55, 344)
(55, 90)
(55, 220)
(55, 58)
(55, 94)
(55, 97)
(55, 369)
(55, 115)
(55, 246)
(55, 123)
(55, 252)
(55, 127)
(56, 130)
(56, 262)
(56, 268)
(56, 141)
(56, 270)
(56, 160)
(56, 292)
(56, 299)
(56, 173)
(56, 302)
(56, 175)
(56, 176)
(56, 307)
(56, 182)
(56, 185)
(56, 190)
(56, 329)
(56, 204)
(56, 339)
(56, 340)
(56, 221)
(56, 99)
(56, 232)
(56, 126)
(57, 388)
(57, 390)
(57, 394)
(57, 272)
(57, 276)
(57, 155)
(57, 156)
(57, 161)
(57, 163)
(57, 294)
(57, 302)
(57, 181)
(57, 73)
(57, 312)
(57, 195)
(57, 68)
(57, 325)
(57, 70)
(57, 200)
(57, 201)
(57, 77)
(57, 336)
(57, 338)
(57, 211)
(57, 213)
(57, 88)
(57, 217)
(57, 95)
(57, 229)
(57, 233)
(57, 234)
(57, 235)
(57, 364)
(57, 366)
(57, 244)
(57, 373)
(57, 377)
(57, 383)
(57, 253)
(57, 255)
(58, 386)
(58, 134)
(58, 265)
(58, 139)
(58, 147)
(58, 281)
(58, 282)
(58, 157)
(58, 166)
(58, 172)
(58, 177)
(58, 308)
(58, 186)
(58, 187)
(58, 323)
(58, 199)
(58, 331)
(58, 75)
(58, 87)
(58, 344)
(58, 90)
(58, 220)
(58, 94)
(58, 97)
(58, 369)
(58, 242)
(58, 115)
(58, 246)
(58, 123)
(58, 252)
(58, 127)
(59, 257)
(59, 132)
(59, 133)
(59, 264)
(59, 82)
(59, 237)
(59, 283)
(59, 164)
(59, 306)
(59, 309)
(59, 311)
(59, 313)
(59, 315)
(59, 316)
(59, 64)
(59, 196)
(59, 328)
(59, 333)
(59, 207)
(59, 208)
(59, 209)
(59, 210)
(59, 214)
(59, 80)
(59, 100)
(59, 101)
(59, 102)
(59, 337)
(59, 188)
(59, 365)
(59, 112)
(59, 376)
(59, 249)
(59, 381)
(59, 382)
(60, 132)
(60, 391)
(60, 264)
(60, 393)
(60, 143)
(60, 284)
(60, 159)
(60, 291)
(60, 168)
(60, 135)
(60, 303)
(60, 309)
(60, 311)
(60, 188)
(60, 64)
(60, 328)
(60, 376)
(60, 214)
(60, 347)
(60, 93)
(60, 223)
(60, 354)
(60, 103)
(60, 111)
(60, 370)
(60, 248)
(60, 251)
(60, 381)
(61, 256)
(61, 258)
(61, 261)
(61, 151)
(61, 280)
(61, 279)
(61, 152)
(61, 289)
(61, 290)
(61, 167)
(61, 92)
(61, 183)
(61, 63)
(61, 71)
(61, 330)
(61, 205)
(61, 83)
(61, 212)
(61, 218)
(61, 348)
(61, 351)
(61, 226)
(61, 361)
(61, 371)
(61, 117)
(61, 119)
(61, 120)
(61, 121)
(61, 124)
(62, 129)
(62, 108)
(62, 138)
(62, 395)
(62, 274)
(62, 149)
(62, 151)
(62, 158)
(62, 287)
(62, 293)
(62, 295)
(62, 300)
(62, 114)
(62, 371)
(62, 314)
(62, 319)
(62, 194)
(62, 327)
(62, 202)
(62, 76)
(62, 334)
(62, 335)
(62, 84)
(62, 341)
(62, 216)
(62, 349)
(62, 350)
(62, 352)
(62, 228)
(62, 358)
(62, 124)
(62, 236)
(62, 146)
(62, 110)
(62, 240)
(62, 242)
(62, 243)
(62, 374)
(62, 122)
(62, 380)
(62, 254)
(63, 256)
(63, 258)
(63, 261)
(63, 138)
(63, 151)
(63, 279)
(63, 280)
(63, 290)
(63, 167)
(63, 92)
(63, 371)
(63, 183)
(63, 71)
(63, 330)
(63, 83)
(63, 218)
(63, 348)
(63, 351)
(63, 226)
(63, 243)
(63, 117)
(63, 119)
(63, 120)
(63, 121)
(63, 124)
(64, 257)
(64, 132)
(64, 133)
(64, 264)
(64, 143)
(64, 376)
(64, 164)
(64, 309)
(64, 311)
(64, 315)
(64, 188)
(64, 196)
(64, 328)
(64, 333)
(64, 337)
(64, 82)
(64, 214)
(64, 347)
(64, 102)
(64, 316)
(64, 365)
(64, 248)
(64, 381)
(64, 382)
(65, 384)
(65, 131)
(65, 389)
(65, 215)
(65, 66)
(65, 399)
(65, 148)
(65, 278)
(65, 153)
(65, 196)
(65, 285)
(65, 297)
(65, 298)
(65, 305)
(65, 178)
(65, 180)
(65, 189)
(65, 193)
(65, 322)
(65, 324)
(65, 326)
(65, 203)
(65, 206)
(65, 208)
(65, 210)
(65, 86)
(65, 343)
(65, 345)
(65, 91)
(65, 349)
(65, 96)
(65, 357)
(65, 231)
(65, 363)
(65, 237)
(65, 110)
(65, 368)
(65, 372)
(65, 374)
(66, 131)
(66, 389)
(66, 277)
(66, 278)
(66, 153)
(66, 285)
(66, 169)
(66, 305)
(66, 178)
(66, 180)
(66, 189)
(66, 192)
(66, 321)
(66, 322)
(66, 324)
(66, 206)
(66, 85)
(66, 86)
(66, 349)
(66, 222)
(66, 96)
(66, 231)
(66, 110)
(66, 238)
(66, 114)
(66, 372)
(66, 247)
(66, 379)
(66, 125)
(67, 385)
(67, 387)
(67, 133)
(67, 392)
(67, 394)
(67, 142)
(67, 145)
(67, 275)
(67, 156)
(67, 157)
(67, 163)
(67, 172)
(67, 174)
(67, 136)
(67, 179)
(67, 313)
(67, 187)
(67, 318)
(67, 245)
(67, 195)
(67, 72)
(67, 73)
(67, 75)
(67, 332)
(67, 78)
(67, 336)
(67, 209)
(67, 213)
(67, 249)
(67, 88)
(67, 346)
(67, 219)
(67, 95)
(67, 224)
(67, 225)
(67, 100)
(67, 101)
(67, 233)
(67, 234)
(67, 235)
(67, 364)
(67, 109)
(67, 366)
(67, 239)
(67, 112)
(67, 369)
(67, 115)
(67, 373)
(67, 105)
(67, 377)
(68, 388)
(68, 390)
(68, 394)
(68, 272)
(68, 276)
(68, 161)
(68, 294)
(68, 73)
(68, 312)
(68, 195)
(68, 325)
(68, 70)
(68, 201)
(68, 77)
(68, 336)
(68, 338)
(68, 213)
(68, 88)
(68, 217)
(68, 229)
(68, 230)
(68, 233)
(68, 362)
(68, 235)
(68, 364)
(68, 366)
(68, 241)
(68, 244)
(68, 373)
(68, 375)
(68, 234)
(68, 383)
(68, 253)
(68, 255)
(69, 261)
(69, 263)
(69, 266)
(69, 398)
(69, 271)
(69, 273)
(69, 150)
(69, 279)
(69, 152)
(69, 289)
(69, 165)
(69, 348)
(69, 171)
(69, 177)
(69, 310)
(69, 186)
(69, 199)
(69, 205)
(69, 79)
(69, 92)
(69, 81)
(69, 212)
(69, 342)
(69, 344)
(69, 89)
(69, 71)
(69, 220)
(69, 94)
(69, 351)
(69, 97)
(69, 98)
(69, 356)
(69, 367)
(69, 116)
(69, 120)
(69, 123)
(70, 388)
(70, 390)
(70, 394)
(70, 267)
(70, 268)
(70, 272)
(70, 276)
(70, 155)
(70, 156)
(70, 288)
(70, 161)
(70, 163)
(70, 294)
(70, 302)
(70, 181)
(70, 312)
(70, 195)
(70, 325)
(70, 200)
(70, 73)
(70, 77)
(70, 338)
(70, 211)
(70, 213)
(70, 88)
(70, 217)
(70, 95)
(70, 229)
(70, 230)
(70, 233)
(70, 234)
(70, 235)
(70, 244)
(70, 106)
(70, 377)
(70, 253)
(70, 383)
(71, 256)
(71, 258)
(71, 261)
(71, 138)
(71, 151)
(71, 273)
(71, 147)
(71, 279)
(71, 280)
(71, 289)
(71, 290)
(71, 167)
(71, 348)
(71, 171)
(71, 183)
(71, 186)
(71, 152)
(71, 330)
(71, 205)
(71, 79)
(71, 92)
(71, 83)
(71, 212)
(71, 342)
(71, 344)
(71, 218)
(71, 220)
(71, 351)
(71, 226)
(71, 108)
(71, 242)
(71, 371)
(71, 117)
(71, 119)
(71, 120)
(71, 121)
(71, 123)
(71, 124)
(72, 385)
(72, 387)
(72, 133)
(72, 390)
(72, 392)
(72, 394)
(72, 142)
(72, 145)
(72, 275)
(72, 111)
(72, 156)
(72, 174)
(72, 136)
(72, 306)
(72, 313)
(72, 316)
(72, 318)
(72, 245)
(72, 195)
(72, 73)
(72, 332)
(72, 78)
(72, 336)
(72, 213)
(72, 249)
(72, 88)
(72, 219)
(72, 224)
(72, 225)
(72, 100)
(72, 229)
(72, 107)
(72, 80)
(72, 233)
(72, 234)
(72, 235)
(72, 364)
(72, 366)
(72, 239)
(72, 373)
(72, 105)
(72, 377)
(72, 382)
(73, 107)
(73, 388)
(73, 390)
(73, 137)
(73, 394)
(73, 145)
(73, 156)
(73, 161)
(73, 294)
(73, 304)
(73, 318)
(73, 195)
(73, 197)
(73, 201)
(73, 332)
(73, 77)
(73, 336)
(73, 213)
(73, 88)
(73, 225)
(73, 229)
(73, 233)
(73, 234)
(73, 235)
(73, 364)
(73, 366)
(73, 239)
(73, 241)
(73, 244)
(73, 373)
(73, 375)
(73, 377)
(73, 383)
(73, 362)
(73, 255)
(74, 386)
(74, 260)
(74, 267)
(74, 140)
(74, 270)
(74, 173)
(74, 281)
(74, 162)
(74, 165)
(74, 296)
(74, 299)
(74, 301)
(74, 177)
(74, 307)
(74, 181)
(74, 185)
(74, 191)
(74, 199)
(74, 89)
(74, 271)
(74, 221)
(74, 97)
(74, 98)
(74, 356)
(74, 359)
(74, 232)
(74, 367)
(74, 252)
(75, 386)
(75, 265)
(75, 394)
(75, 267)
(75, 142)
(75, 145)
(75, 281)
(75, 282)
(75, 155)
(75, 156)
(75, 157)
(75, 163)
(75, 166)
(75, 172)
(75, 174)
(75, 177)
(75, 308)
(75, 181)
(75, 312)
(75, 187)
(75, 195)
(75, 200)
(75, 331)
(75, 139)
(75, 88)
(75, 94)
(75, 95)
(75, 224)
(75, 97)
(75, 233)
(75, 234)
(75, 364)
(75, 239)
(75, 369)
(75, 115)
(75, 373)
(75, 377)
(75, 127)
(76, 395)
(76, 146)
(76, 149)
(76, 110)
(76, 169)
(76, 300)
(76, 314)
(76, 194)
(76, 202)
(76, 335)
(76, 84)
(76, 341)
(76, 216)
(76, 349)
(76, 350)
(76, 228)
(76, 358)
(76, 236)
(76, 274)
(76, 238)
(76, 240)
(76, 114)
(76, 379)
(76, 125)
(77, 386)
(77, 388)
(77, 394)
(77, 267)
(77, 268)
(77, 272)
(77, 276)
(77, 155)
(77, 156)
(77, 288)
(77, 161)
(77, 163)
(77, 294)
(77, 296)
(77, 299)
(77, 302)
(77, 181)
(77, 312)
(77, 195)
(77, 200)
(77, 338)
(77, 211)
(77, 213)
(77, 88)
(77, 217)
(77, 221)
(77, 95)
(77, 229)
(77, 233)
(77, 377)
(77, 253)
(77, 383)
(78, 385)
(78, 387)
(78, 133)
(78, 392)
(78, 142)
(78, 144)
(78, 145)
(78, 275)
(78, 283)
(78, 156)
(78, 157)
(78, 170)
(78, 174)
(78, 136)
(78, 306)
(78, 179)
(78, 313)
(78, 187)
(78, 316)
(78, 318)
(78, 245)
(78, 195)
(78, 198)
(78, 332)
(78, 207)
(78, 80)
(78, 209)
(78, 346)
(78, 219)
(78, 224)
(78, 225)
(78, 355)
(78, 100)
(78, 101)
(78, 105)
(78, 234)
(78, 364)
(78, 109)
(78, 366)
(78, 239)
(78, 112)
(78, 369)
(78, 373)
(78, 249)
(78, 382)
(79, 260)
(79, 261)
(79, 263)
(79, 266)
(79, 398)
(79, 271)
(79, 273)
(79, 150)
(79, 279)
(79, 152)
(79, 289)
(79, 165)
(79, 92)
(79, 171)
(79, 310)
(79, 191)
(79, 199)
(79, 205)
(79, 81)
(79, 212)
(79, 342)
(79, 344)
(79, 89)
(79, 348)
(79, 351)
(79, 97)
(79, 98)
(79, 356)
(79, 367)
(79, 116)
(79, 120)
(79, 123)
(80, 385)
(80, 387)
(80, 133)
(80, 391)
(80, 392)
(80, 397)
(80, 143)
(80, 275)
(80, 103)
(80, 219)
(80, 257)
(80, 303)
(80, 264)
(80, 306)
(80, 309)
(80, 311)
(80, 313)
(80, 316)
(80, 318)
(80, 328)
(80, 332)
(80, 207)
(80, 337)
(80, 214)
(80, 347)
(80, 225)
(80, 354)
(80, 100)
(80, 102)
(80, 209)
(80, 107)
(80, 111)
(80, 112)
(80, 245)
(80, 249)
(80, 136)
(80, 381)
(80, 382)
(81, 171)
(81, 260)
(81, 266)
(81, 398)
(81, 271)
(81, 273)
(81, 150)
(81, 152)
(81, 165)
(81, 263)
(81, 310)
(81, 191)
(81, 212)
(81, 342)
(81, 344)
(81, 89)
(81, 98)
(81, 356)
(81, 367)
(81, 116)
(82, 257)
(82, 132)
(82, 264)
(82, 143)
(82, 376)
(82, 164)
(82, 309)
(82, 311)
(82, 188)
(82, 328)
(82, 333)
(82, 337)
(82, 214)
(82, 315)
(82, 102)
(82, 365)
(82, 248)
(82, 381)
(83, 256)
(83, 129)
(83, 258)
(83, 134)
(83, 108)
(83, 138)
(83, 147)
(83, 151)
(83, 158)
(83, 293)
(83, 186)
(83, 319)
(83, 327)
(83, 330)
(83, 331)
(83, 334)
(83, 87)
(83, 90)
(83, 220)
(83, 94)
(83, 351)
(83, 352)
(83, 226)
(83, 358)
(83, 236)
(83, 242)
(83, 371)
(83, 246)
(83, 119)
(83, 120)
(83, 123)
(83, 124)
(83, 254)
(84, 131)
(84, 395)
(84, 274)
(84, 149)
(84, 287)
(84, 110)
(84, 169)
(84, 300)
(84, 178)
(84, 314)
(84, 194)
(84, 202)
(84, 335)
(84, 341)
(84, 216)
(84, 349)
(84, 350)
(84, 228)
(84, 358)
(84, 236)
(84, 146)
(84, 238)
(84, 240)
(84, 114)
(84, 122)
(84, 379)
(84, 380)
(84, 125)
(85, 192)
(85, 321)
(85, 131)
(85, 324)
(85, 231)
(85, 169)
(85, 238)
(85, 305)
(85, 178)
(85, 372)
(85, 277)
(85, 278)
(85, 247)
(85, 379)
(85, 125)
(85, 222)
(86, 384)
(86, 389)
(86, 148)
(86, 278)
(86, 153)
(86, 285)
(86, 298)
(86, 305)
(86, 180)
(86, 315)
(86, 189)
(86, 193)
(86, 322)
(86, 324)
(86, 326)
(86, 206)
(86, 208)
(86, 210)
(86, 343)
(86, 345)
(86, 91)
(86, 96)
(86, 357)
(86, 231)
(86, 237)
(86, 372)
(87, 256)
(87, 129)
(87, 134)
(87, 265)
(87, 138)
(87, 144)
(87, 147)
(87, 90)
(87, 151)
(87, 157)
(87, 286)
(87, 293)
(87, 166)
(87, 295)
(87, 172)
(87, 308)
(87, 158)
(87, 184)
(87, 186)
(87, 187)
(87, 317)
(87, 319)
(87, 323)
(87, 327)
(87, 331)
(87, 334)
(87, 346)
(87, 220)
(87, 94)
(87, 352)
(87, 108)
(87, 369)
(87, 242)
(87, 246)
(87, 122)
(87, 123)
(87, 124)
(87, 254)
(87, 127)
(88, 386)
(88, 394)
(88, 267)
(88, 142)
(88, 145)
(88, 282)
(88, 155)
(88, 156)
(88, 161)
(88, 163)
(88, 294)
(88, 174)
(88, 181)
(88, 312)
(88, 187)
(88, 318)
(88, 195)
(88, 200)
(88, 338)
(88, 211)
(88, 139)
(88, 213)
(88, 95)
(88, 229)
(88, 233)
(88, 234)
(88, 364)
(88, 366)
(88, 239)
(88, 115)
(88, 373)
(88, 377)
(88, 166)
(89, 260)
(89, 263)
(89, 266)
(89, 140)
(89, 398)
(89, 271)
(89, 273)
(89, 150)
(89, 279)
(89, 152)
(89, 165)
(89, 171)
(89, 177)
(89, 310)
(89, 191)
(89, 199)
(89, 205)
(89, 212)
(89, 342)
(89, 344)
(89, 92)
(89, 97)
(89, 98)
(89, 356)
(89, 367)
(89, 116)
(89, 120)
(89, 123)
(89, 252)
(90, 256)
(90, 129)
(90, 134)
(90, 138)
(90, 144)
(90, 147)
(90, 151)
(90, 157)
(90, 286)
(90, 287)
(90, 293)
(90, 166)
(90, 295)
(90, 172)
(90, 158)
(90, 184)
(90, 186)
(90, 187)
(90, 317)
(90, 319)
(90, 323)
(90, 327)
(90, 331)
(90, 334)
(90, 346)
(90, 220)
(90, 94)
(90, 352)
(90, 108)
(90, 369)
(90, 242)
(90, 246)
(90, 122)
(90, 123)
(90, 124)
(90, 254)
(90, 127)
(91, 384)
(91, 257)
(91, 389)
(91, 215)
(91, 399)
(91, 148)
(91, 153)
(91, 283)
(91, 285)
(91, 112)
(91, 164)
(91, 198)
(91, 297)
(91, 298)
(91, 179)
(91, 180)
(91, 315)
(91, 317)
(91, 193)
(91, 322)
(91, 196)
(91, 326)
(91, 203)
(91, 333)
(91, 206)
(91, 207)
(91, 208)
(91, 209)
(91, 210)
(91, 343)
(91, 345)
(91, 101)
(91, 96)
(91, 355)
(91, 357)
(91, 363)
(91, 237)
(91, 189)
(91, 368)
(91, 374)
(91, 170)
(92, 258)
(92, 261)
(92, 263)
(92, 266)
(92, 269)
(92, 398)
(92, 273)
(92, 279)
(92, 280)
(92, 289)
(92, 167)
(92, 171)
(92, 310)
(92, 183)
(92, 152)
(92, 205)
(92, 212)
(92, 342)
(92, 344)
(92, 218)
(92, 348)
(92, 351)
(92, 104)
(92, 361)
(92, 116)
(92, 117)
(92, 119)
(92, 120)
(92, 121)
(92, 250)
(93, 391)
(93, 393)
(93, 397)
(93, 284)
(93, 159)
(93, 291)
(93, 168)
(93, 135)
(93, 303)
(93, 304)
(93, 137)
(93, 197)
(93, 347)
(93, 223)
(93, 354)
(93, 103)
(93, 113)
(93, 370)
(93, 248)
(93, 251)
(94, 256)
(94, 134)
(94, 265)
(94, 139)
(94, 273)
(94, 147)
(94, 281)
(94, 282)
(94, 158)
(94, 165)
(94, 166)
(94, 172)
(94, 177)
(94, 308)
(94, 186)
(94, 187)
(94, 199)
(94, 331)
(94, 342)
(94, 344)
(94, 220)
(94, 351)
(94, 97)
(94, 124)
(94, 108)
(94, 242)
(94, 246)
(94, 123)
(94, 252)
(94, 254)
(94, 127)
(95, 386)
(95, 265)
(95, 394)
(95, 267)
(95, 145)
(95, 281)
(95, 282)
(95, 155)
(95, 156)
(95, 161)
(95, 163)
(95, 294)
(95, 296)
(95, 174)
(95, 181)
(95, 312)
(95, 187)
(95, 195)
(95, 200)
(95, 211)
(95, 139)
(95, 213)
(95, 166)
(95, 233)
(95, 234)
(95, 364)
(95, 239)
(95, 115)
(95, 373)
(95, 377)
(96, 384)
(96, 389)
(96, 148)
(96, 278)
(96, 153)
(96, 285)
(96, 298)
(96, 305)
(96, 178)
(96, 180)
(96, 189)
(96, 192)
(96, 193)
(96, 322)
(96, 324)
(96, 206)
(96, 210)
(96, 343)
(96, 345)
(96, 357)
(96, 231)
(96, 237)
(96, 372)
(97, 386)
(97, 260)
(97, 134)
(97, 265)
(97, 139)
(97, 140)
(97, 271)
(97, 273)
(97, 147)
(97, 281)
(97, 282)
(97, 162)
(97, 165)
(97, 166)
(97, 171)
(97, 301)
(97, 177)
(97, 308)
(97, 186)
(97, 199)
(97, 342)
(97, 344)
(97, 220)
(97, 367)
(97, 123)
(97, 252)
(98, 260)
(98, 263)
(98, 266)
(98, 140)
(98, 271)
(98, 273)
(98, 150)
(98, 152)
(98, 162)
(98, 165)
(98, 171)
(98, 301)
(98, 310)
(98, 185)
(98, 191)
(98, 199)
(98, 342)
(98, 344)
(98, 356)
(98, 367)
(98, 116)
(98, 252)
(99, 130)
(99, 262)
(99, 268)
(99, 141)
(99, 270)
(99, 160)
(99, 292)
(99, 296)
(99, 299)
(99, 173)
(99, 302)
(99, 175)
(99, 176)
(99, 307)
(99, 182)
(99, 185)
(99, 190)
(99, 329)
(99, 204)
(99, 339)
(99, 340)
(99, 221)
(99, 359)
(99, 232)
(99, 211)
(99, 126)
(100, 385)
(100, 387)
(100, 133)
(100, 257)
(100, 392)
(100, 111)
(100, 397)
(100, 142)
(100, 145)
(100, 275)
(100, 283)
(100, 103)
(100, 264)
(100, 306)
(100, 179)
(100, 309)
(100, 313)
(100, 316)
(100, 318)
(100, 196)
(100, 328)
(100, 332)
(100, 333)
(100, 207)
(100, 337)
(100, 219)
(100, 224)
(100, 225)
(100, 101)
(100, 209)
(100, 105)
(100, 234)
(100, 107)
(100, 364)
(100, 109)
(100, 366)
(100, 239)
(100, 112)
(100, 245)
(100, 249)
(100, 136)
(100, 381)
(100, 382)
(101, 385)
(101, 387)
(101, 133)
(101, 257)
(101, 392)
(101, 109)
(101, 142)
(101, 399)
(101, 144)
(101, 275)
(101, 283)
(101, 157)
(101, 112)
(101, 164)
(101, 198)
(101, 170)
(101, 136)
(101, 179)
(101, 184)
(101, 313)
(101, 316)
(101, 317)
(101, 318)
(101, 193)
(101, 323)
(101, 196)
(101, 326)
(101, 332)
(101, 333)
(101, 207)
(101, 208)
(101, 209)
(101, 210)
(101, 346)
(101, 219)
(101, 224)
(101, 355)
(101, 357)
(101, 105)
(101, 363)
(101, 237)
(101, 239)
(101, 368)
(101, 369)
(101, 245)
(101, 249)
(101, 382)
(102, 257)
(102, 132)
(102, 133)
(102, 264)
(102, 237)
(102, 283)
(102, 376)
(102, 164)
(102, 306)
(102, 309)
(102, 311)
(102, 313)
(102, 315)
(102, 316)
(102, 196)
(102, 328)
(102, 333)
(102, 207)
(102, 208)
(102, 209)
(102, 214)
(102, 143)
(102, 337)
(102, 188)
(102, 365)
(102, 248)
(102, 381)
(102, 382)
(103, 133)
(103, 391)
(103, 264)
(103, 393)
(103, 397)
(103, 143)
(103, 137)
(103, 284)
(103, 248)
(103, 159)
(103, 291)
(103, 168)
(103, 135)
(103, 303)
(103, 304)
(103, 306)
(103, 309)
(103, 311)
(103, 313)
(103, 316)
(103, 328)
(103, 337)
(103, 214)
(103, 347)
(103, 223)
(103, 225)
(103, 354)
(103, 107)
(103, 111)
(103, 113)
(103, 370)
(103, 376)
(103, 251)
(103, 381)
(103, 382)
(104, 289)
(104, 261)
(104, 116)
(104, 167)
(104, 361)
(104, 183)
(104, 269)
(104, 398)
(104, 205)
(104, 212)
(104, 117)
(104, 279)
(104, 280)
(104, 121)
(104, 250)
(104, 348)
(104, 218)
(105, 385)
(105, 387)
(105, 133)
(105, 392)
(105, 142)
(105, 144)
(105, 145)
(105, 275)
(105, 283)
(105, 156)
(105, 157)
(105, 170)
(105, 172)
(105, 174)
(105, 136)
(105, 179)
(105, 184)
(105, 313)
(105, 187)
(105, 317)
(105, 318)
(105, 245)
(105, 323)
(105, 196)
(105, 198)
(105, 332)
(105, 207)
(105, 209)
(105, 346)
(105, 219)
(105, 224)
(105, 355)
(105, 234)
(105, 363)
(105, 364)
(105, 109)
(105, 239)
(105, 112)
(105, 369)
(105, 373)
(105, 249)
(105, 382)
(105, 127)
(106, 128)
(106, 130)
(106, 259)
(106, 388)
(106, 262)
(106, 268)
(106, 272)
(106, 276)
(106, 154)
(106, 288)
(106, 161)
(106, 294)
(106, 302)
(106, 190)
(106, 320)
(106, 160)
(106, 325)
(106, 396)
(106, 338)
(106, 339)
(106, 340)
(106, 217)
(106, 353)
(106, 227)
(106, 230)
(106, 360)
(106, 118)
(106, 378)
(106, 253)
(106, 383)
(107, 385)
(107, 133)
(107, 390)
(107, 392)
(107, 137)
(107, 397)
(107, 145)
(107, 113)
(107, 303)
(107, 304)
(107, 306)
(107, 316)
(107, 318)
(107, 195)
(107, 197)
(107, 201)
(107, 332)
(107, 336)
(107, 213)
(107, 225)
(107, 229)
(107, 362)
(107, 235)
(107, 364)
(107, 366)
(107, 111)
(107, 241)
(107, 244)
(107, 373)
(107, 375)
(107, 234)
(107, 255)
(108, 256)
(108, 129)
(108, 258)
(108, 134)
(108, 138)
(108, 147)
(108, 151)
(108, 286)
(108, 287)
(108, 293)
(108, 295)
(108, 158)
(108, 184)
(108, 186)
(108, 319)
(108, 323)
(108, 327)
(108, 330)
(108, 331)
(108, 334)
(108, 220)
(108, 350)
(108, 351)
(108, 352)
(108, 358)
(108, 236)
(108, 242)
(108, 371)
(108, 246)
(108, 122)
(108, 124)
(108, 254)
(109, 385)
(109, 387)
(109, 392)
(109, 142)
(109, 399)
(109, 144)
(109, 275)
(109, 283)
(109, 157)
(109, 286)
(109, 112)
(109, 198)
(109, 295)
(109, 297)
(109, 170)
(109, 172)
(109, 174)
(109, 136)
(109, 179)
(109, 184)
(109, 313)
(109, 187)
(109, 317)
(109, 318)
(109, 323)
(109, 326)
(109, 331)
(109, 332)
(109, 207)
(109, 209)
(109, 203)
(109, 346)
(109, 219)
(109, 224)
(109, 355)
(109, 363)
(109, 239)
(109, 368)
(109, 369)
(109, 245)
(109, 249)
(109, 127)
(110, 131)
(110, 389)
(110, 395)
(110, 399)
(110, 274)
(110, 149)
(110, 278)
(110, 285)
(110, 287)
(110, 240)
(110, 295)
(110, 297)
(110, 298)
(110, 300)
(110, 305)
(110, 178)
(110, 314)
(110, 189)
(110, 215)
(110, 324)
(110, 327)
(110, 203)
(110, 206)
(110, 335)
(110, 343)
(110, 216)
(110, 169)
(110, 349)
(110, 228)
(110, 231)
(110, 146)
(110, 238)
(110, 368)
(110, 114)
(110, 372)
(110, 374)
(110, 247)
(110, 122)
(110, 379)
(110, 380)
(110, 125)
(111, 385)
(111, 133)
(111, 391)
(111, 264)
(111, 393)
(111, 397)
(111, 143)
(111, 137)
(111, 219)
(111, 303)
(111, 304)
(111, 306)
(111, 309)
(111, 311)
(111, 313)
(111, 316)
(111, 328)
(111, 332)
(111, 337)
(111, 214)
(111, 347)
(111, 225)
(111, 354)
(111, 113)
(111, 245)
(111, 248)
(111, 249)
(111, 381)
(111, 382)
(112, 385)
(112, 387)
(112, 133)
(112, 257)
(112, 392)
(112, 142)
(112, 399)
(112, 144)
(112, 275)
(112, 283)
(112, 164)
(112, 198)
(112, 170)
(112, 136)
(112, 179)
(112, 313)
(112, 316)
(112, 317)
(112, 318)
(112, 193)
(112, 196)
(112, 326)
(112, 332)
(112, 333)
(112, 207)
(112, 208)
(112, 337)
(112, 210)
(112, 346)
(112, 219)
(112, 224)
(112, 355)
(112, 357)
(112, 209)
(112, 363)
(112, 237)
(112, 239)
(112, 369)
(112, 245)
(112, 249)
(112, 382)
(113, 390)
(113, 391)
(113, 393)
(113, 397)
(113, 284)
(113, 159)
(113, 168)
(113, 303)
(113, 304)
(113, 137)
(113, 197)
(113, 201)
(113, 336)
(113, 225)
(113, 354)
(113, 362)
(113, 235)
(113, 241)
(113, 244)
(113, 375)
(113, 255)
(114, 131)
(114, 395)
(114, 274)
(114, 277)
(114, 278)
(114, 285)
(114, 287)
(114, 169)
(114, 300)
(114, 305)
(114, 178)
(114, 314)
(114, 189)
(114, 324)
(114, 206)
(114, 335)
(114, 215)
(114, 216)
(114, 349)
(114, 228)
(114, 231)
(114, 146)
(114, 238)
(114, 240)
(114, 372)
(114, 374)
(114, 247)
(114, 122)
(114, 379)
(114, 380)
(114, 125)
(114, 149)
(115, 386)
(115, 392)
(115, 265)
(115, 394)
(115, 267)
(115, 142)
(115, 145)
(115, 281)
(115, 282)
(115, 155)
(115, 156)
(115, 157)
(115, 163)
(115, 166)
(115, 172)
(115, 174)
(115, 177)
(115, 308)
(115, 181)
(115, 312)
(115, 187)
(115, 318)
(115, 195)
(115, 200)
(115, 139)
(115, 224)
(115, 233)
(115, 234)
(115, 364)
(115, 239)
(115, 369)
(115, 373)
(115, 377)
(115, 127)
(116, 261)
(116, 263)
(116, 266)
(116, 269)
(116, 398)
(116, 273)
(116, 150)
(116, 279)
(116, 152)
(116, 289)
(116, 171)
(116, 310)
(116, 205)
(116, 212)
(116, 342)
(116, 218)
(116, 348)
(116, 356)
(116, 361)
(116, 120)
(116, 121)
(116, 250)
(117, 258)
(117, 261)
(117, 269)
(117, 280)
(117, 279)
(117, 152)
(117, 289)
(117, 290)
(117, 167)
(117, 183)
(117, 330)
(117, 205)
(117, 212)
(117, 218)
(117, 348)
(117, 351)
(117, 226)
(117, 361)
(117, 119)
(117, 120)
(117, 121)
(117, 250)
(118, 128)
(118, 130)
(118, 259)
(118, 262)
(118, 268)
(118, 141)
(118, 272)
(118, 276)
(118, 154)
(118, 288)
(118, 161)
(118, 302)
(118, 175)
(118, 176)
(118, 182)
(118, 190)
(118, 320)
(118, 160)
(118, 325)
(118, 396)
(118, 204)
(118, 338)
(118, 339)
(118, 340)
(118, 217)
(118, 353)
(118, 227)
(118, 230)
(118, 360)
(118, 378)
(118, 253)
(118, 126)
(119, 256)
(119, 258)
(119, 261)
(119, 138)
(119, 151)
(119, 279)
(119, 280)
(119, 290)
(119, 167)
(119, 371)
(119, 183)
(119, 194)
(119, 330)
(119, 218)
(119, 348)
(119, 351)
(119, 226)
(119, 243)
(119, 120)
(119, 121)
(119, 124)
(120, 256)
(120, 258)
(120, 261)
(120, 263)
(120, 266)
(120, 273)
(120, 279)
(120, 280)
(120, 289)
(120, 348)
(120, 171)
(120, 310)
(120, 183)
(120, 186)
(120, 152)
(120, 330)
(120, 205)
(120, 212)
(120, 342)
(120, 344)
(120, 218)
(120, 220)
(120, 351)
(120, 361)
(120, 121)
(120, 123)
(120, 124)
(121, 258)
(121, 261)
(121, 266)
(121, 269)
(121, 398)
(121, 280)
(121, 279)
(121, 152)
(121, 289)
(121, 290)
(121, 167)
(121, 171)
(121, 183)
(121, 205)
(121, 212)
(121, 218)
(121, 348)
(121, 351)
(121, 361)
(121, 250)
(122, 129)
(122, 138)
(122, 395)
(122, 399)
(122, 144)
(122, 274)
(122, 149)
(122, 286)
(122, 287)
(122, 240)
(122, 293)
(122, 295)
(122, 297)
(122, 300)
(122, 158)
(122, 184)
(122, 317)
(122, 215)
(122, 319)
(122, 323)
(122, 246)
(122, 327)
(122, 331)
(122, 334)
(122, 203)
(122, 343)
(122, 216)
(122, 346)
(122, 349)
(122, 350)
(122, 352)
(122, 355)
(122, 228)
(122, 358)
(122, 236)
(122, 146)
(122, 368)
(122, 242)
(122, 374)
(122, 380)
(122, 254)
(123, 256)
(123, 386)
(123, 134)
(123, 265)
(123, 139)
(123, 140)
(123, 271)
(123, 273)
(123, 147)
(123, 281)
(123, 282)
(123, 165)
(123, 166)
(123, 171)
(123, 301)
(123, 177)
(123, 308)
(123, 186)
(123, 199)
(123, 331)
(123, 342)
(123, 344)
(123, 220)
(123, 351)
(123, 367)
(123, 242)
(123, 246)
(123, 252)
(124, 256)
(124, 129)
(124, 258)
(124, 134)
(124, 138)
(124, 147)
(124, 151)
(124, 158)
(124, 293)
(124, 371)
(124, 186)
(124, 202)
(124, 319)
(124, 194)
(124, 327)
(124, 330)
(124, 331)
(124, 334)
(124, 220)
(124, 350)
(124, 351)
(124, 352)
(124, 226)
(124, 358)
(124, 236)
(124, 242)
(124, 243)
(124, 246)
(124, 254)
(125, 131)
(125, 395)
(125, 274)
(125, 277)
(125, 278)
(125, 285)
(125, 169)
(125, 300)
(125, 305)
(125, 178)
(125, 314)
(125, 192)
(125, 321)
(125, 324)
(125, 206)
(125, 335)
(125, 215)
(125, 216)
(125, 349)
(125, 222)
(125, 228)
(125, 231)
(125, 146)
(125, 238)
(125, 240)
(125, 372)
(125, 247)
(125, 379)
(125, 380)
(125, 149)
(126, 130)
(126, 262)
(126, 268)
(126, 141)
(126, 154)
(126, 160)
(126, 292)
(126, 302)
(126, 175)
(126, 176)
(126, 182)
(126, 190)
(126, 329)
(126, 204)
(126, 339)
(126, 340)
(126, 353)
(126, 227)
(127, 129)
(127, 134)
(127, 265)
(127, 139)
(127, 142)
(127, 144)
(127, 275)
(127, 282)
(127, 156)
(127, 157)
(127, 286)
(127, 166)
(127, 170)
(127, 172)
(127, 174)
(127, 308)
(127, 158)
(127, 184)
(127, 187)
(127, 323)
(127, 198)
(127, 331)
(127, 334)
(127, 346)
(127, 220)
(127, 224)
(127, 355)
(127, 369)
(127, 147)
(127, 246)
(127, 254)
(128, 259)
(128, 388)
(128, 262)
(128, 268)
(128, 272)
(128, 276)
(128, 154)
(128, 288)
(128, 161)
(128, 294)
(128, 302)
(128, 320)
(128, 325)
(128, 396)
(128, 338)
(128, 340)
(128, 217)
(128, 353)
(128, 227)
(128, 230)
(128, 360)
(128, 378)
(128, 253)
(128, 383)
(129, 256)
(129, 134)
(129, 138)
(129, 395)
(129, 144)
(129, 274)
(129, 147)
(129, 149)
(129, 151)
(129, 286)
(129, 287)
(129, 293)
(129, 295)
(129, 297)
(129, 158)
(129, 184)
(129, 317)
(129, 319)
(129, 323)
(129, 246)
(129, 327)
(129, 330)
(129, 331)
(129, 334)
(129, 203)
(129, 220)
(129, 350)
(129, 352)
(129, 358)
(129, 236)
(129, 146)
(129, 369)
(129, 242)
(129, 374)
(129, 380)
(129, 254)
(130, 259)
(130, 262)
(130, 396)
(130, 141)
(130, 272)
(130, 154)
(130, 288)
(130, 292)
(130, 302)
(130, 175)
(130, 176)
(130, 182)
(130, 190)
(130, 160)
(130, 329)
(130, 204)
(130, 339)
(130, 340)
(130, 353)
(130, 227)
(130, 360)
(130, 268)
(130, 378)
(131, 395)
(131, 277)
(131, 278)
(131, 285)
(131, 169)
(131, 300)
(131, 305)
(131, 178)
(131, 189)
(131, 192)
(131, 321)
(131, 322)
(131, 324)
(131, 206)
(131, 349)
(131, 222)
(131, 231)
(131, 238)
(131, 240)
(131, 372)
(131, 247)
(131, 379)
(132, 257)
(132, 264)
(132, 143)
(132, 376)
(132, 164)
(132, 309)
(132, 311)
(132, 328)
(132, 333)
(132, 337)
(132, 214)
(132, 315)
(132, 188)
(132, 365)
(132, 248)
(132, 381)
(133, 385)
(133, 387)
(133, 257)
(133, 392)
(133, 397)
(133, 143)
(133, 275)
(133, 219)
(133, 303)
(133, 264)
(133, 306)
(133, 179)
(133, 309)
(133, 311)
(133, 313)
(133, 316)
(133, 318)
(133, 328)
(133, 332)
(133, 333)
(133, 207)
(133, 337)
(133, 214)
(133, 347)
(133, 225)
(133, 209)
(133, 239)
(133, 245)
(133, 249)
(133, 136)
(133, 381)
(133, 382)
(134, 256)
(134, 258)
(134, 265)
(134, 138)
(134, 144)
(134, 147)
(134, 151)
(134, 282)
(134, 157)
(134, 158)
(134, 293)
(134, 166)
(134, 172)
(134, 308)
(134, 184)
(134, 186)
(134, 319)
(134, 323)
(134, 327)
(134, 330)
(134, 331)
(134, 334)
(134, 220)
(134, 351)
(134, 352)
(134, 369)
(134, 242)
(134, 246)
(134, 254)
(135, 354)
(135, 291)
(135, 391)
(135, 168)
(135, 393)
(135, 159)
(135, 397)
(135, 303)
(135, 370)
(135, 251)
(135, 248)
(135, 347)
(135, 284)
(135, 143)
(135, 223)
(136, 385)
(136, 387)
(136, 392)
(136, 142)
(136, 144)
(136, 145)
(136, 275)
(136, 283)
(136, 156)
(136, 157)
(136, 170)
(136, 174)
(136, 306)
(136, 179)
(136, 313)
(136, 187)
(136, 316)
(136, 318)
(136, 245)
(136, 195)
(136, 198)
(136, 332)
(136, 207)
(136, 209)
(136, 346)
(136, 219)
(136, 224)
(136, 225)
(136, 355)
(136, 234)
(136, 364)
(136, 366)
(136, 239)
(136, 369)
(136, 373)
(136, 249)
(136, 382)
(137, 390)
(137, 393)
(137, 397)
(137, 284)
(137, 159)
(137, 168)
(137, 303)
(137, 304)
(137, 306)
(137, 197)
(137, 201)
(137, 336)
(137, 225)
(137, 354)
(137, 362)
(137, 235)
(137, 366)
(137, 241)
(137, 244)
(137, 375)
(137, 255)
(138, 256)
(138, 258)
(138, 147)
(138, 149)
(138, 151)
(138, 158)
(138, 287)
(138, 293)
(138, 371)
(138, 186)
(138, 202)
(138, 319)
(138, 194)
(138, 327)
(138, 330)
(138, 331)
(138, 334)
(138, 341)
(138, 216)
(138, 220)
(138, 350)
(138, 351)
(138, 352)
(138, 226)
(138, 358)
(138, 236)
(138, 242)
(138, 243)
(138, 246)
(138, 254)
(139, 386)
(139, 265)
(139, 394)
(139, 267)
(139, 140)
(139, 142)
(139, 281)
(139, 282)
(139, 155)
(139, 156)
(139, 157)
(139, 163)
(139, 166)
(139, 172)
(139, 301)
(139, 174)
(139, 177)
(139, 308)
(139, 181)
(139, 312)
(139, 187)
(139, 199)
(139, 200)
(139, 233)
(139, 377)
(139, 252)
(140, 386)
(140, 260)
(140, 265)
(140, 267)
(140, 270)
(140, 271)
(140, 273)
(140, 281)
(140, 282)
(140, 155)
(140, 162)
(140, 165)
(140, 296)
(140, 299)
(140, 301)
(140, 177)
(140, 308)
(140, 181)
(140, 185)
(140, 191)
(140, 199)
(140, 200)
(140, 173)
(140, 342)
(140, 344)
(140, 221)
(140, 359)
(140, 232)
(140, 367)
(140, 252)
(141, 259)
(141, 262)
(141, 396)
(141, 154)
(141, 288)
(141, 292)
(141, 302)
(141, 175)
(141, 176)
(141, 182)
(141, 190)
(141, 160)
(141, 329)
(141, 204)
(141, 339)
(141, 340)
(141, 353)
(141, 227)
(141, 232)
(141, 268)
(142, 385)
(142, 387)
(142, 392)
(142, 144)
(142, 145)
(142, 275)
(142, 156)
(142, 157)
(142, 166)
(142, 170)
(142, 172)
(142, 174)
(142, 179)
(142, 313)
(142, 187)
(142, 318)
(142, 245)
(142, 323)
(142, 198)
(142, 332)
(142, 207)
(142, 209)
(142, 249)
(142, 346)
(142, 219)
(142, 224)
(142, 225)
(142, 355)
(142, 195)
(142, 233)
(142, 234)
(142, 364)
(142, 366)
(142, 239)
(142, 369)
(142, 373)
(142, 377)
(143, 391)
(143, 264)
(143, 393)
(143, 397)
(143, 159)
(143, 376)
(143, 291)
(143, 168)
(143, 303)
(143, 306)
(143, 309)
(143, 311)
(143, 316)
(143, 328)
(143, 337)
(143, 214)
(143, 347)
(143, 223)
(143, 354)
(143, 188)
(143, 370)
(143, 248)
(143, 251)
(143, 381)
(143, 382)
(144, 399)
(144, 275)
(144, 157)
(144, 286)
(144, 166)
(144, 295)
(144, 297)
(144, 170)
(144, 172)
(144, 174)
(144, 179)
(144, 158)
(144, 184)
(144, 187)
(144, 317)
(144, 319)
(144, 203)
(144, 374)
(144, 198)
(144, 327)
(144, 331)
(144, 334)
(144, 346)
(144, 219)
(144, 224)
(144, 355)
(144, 323)
(144, 363)
(144, 368)
(144, 369)
(144, 246)
(144, 254)
(145, 385)
(145, 387)
(145, 392)
(145, 394)
(145, 275)
(145, 156)
(145, 157)
(145, 163)
(145, 174)
(145, 313)
(145, 187)
(145, 318)
(145, 245)
(145, 195)
(145, 332)
(145, 336)
(145, 213)
(145, 249)
(145, 219)
(145, 224)
(145, 225)
(145, 229)
(145, 233)
(145, 234)
(145, 235)
(145, 364)
(145, 366)
(145, 239)
(145, 373)
(145, 377)
(146, 395)
(146, 399)
(146, 274)
(146, 149)
(146, 285)
(146, 286)
(146, 287)
(146, 240)
(146, 293)
(146, 295)
(146, 297)
(146, 298)
(146, 300)
(146, 178)
(146, 158)
(146, 184)
(146, 317)
(146, 215)
(146, 319)
(146, 327)
(146, 203)
(146, 334)
(146, 335)
(146, 341)
(146, 343)
(146, 216)
(146, 349)
(146, 350)
(146, 352)
(146, 228)
(146, 358)
(146, 236)
(146, 238)
(146, 368)
(146, 374)
(146, 169)
(146, 380)
(146, 254)
(147, 256)
(147, 258)
(147, 265)
(147, 151)
(147, 282)
(147, 158)
(147, 293)
(147, 166)
(147, 172)
(147, 308)
(147, 186)
(147, 319)
(147, 323)
(147, 327)
(147, 330)
(147, 331)
(147, 334)
(147, 344)
(147, 220)
(147, 351)
(147, 352)
(147, 242)
(147, 246)
(147, 254)
(148, 384)
(148, 257)
(148, 389)
(148, 215)
(148, 399)
(148, 153)
(148, 283)
(148, 285)
(148, 164)
(148, 297)
(148, 298)
(148, 305)
(148, 178)
(148, 180)
(148, 315)
(148, 317)
(148, 193)
(148, 322)
(148, 196)
(148, 326)
(148, 203)
(148, 333)
(148, 206)
(148, 208)
(148, 210)
(148, 343)
(148, 345)
(148, 349)
(148, 355)
(148, 357)
(148, 363)
(148, 237)
(148, 189)
(148, 368)
(148, 374)
(149, 395)
(149, 274)
(149, 151)
(149, 158)
(149, 287)
(149, 293)
(149, 295)
(149, 169)
(149, 300)
(149, 371)
(149, 314)
(149, 319)
(149, 194)
(149, 327)
(149, 202)
(149, 334)
(149, 335)
(149, 341)
(149, 216)
(149, 349)
(149, 350)
(149, 352)
(149, 228)
(149, 358)
(149, 236)
(149, 240)
(149, 243)
(149, 374)
(149, 379)
(149, 380)
(149, 254)
(150, 263)
(150, 266)
(150, 398)
(150, 273)
(150, 279)
(150, 152)
(150, 289)
(150, 171)
(150, 310)
(150, 191)
(150, 205)
(150, 212)
(150, 342)
(150, 356)
(150, 367)
(151, 256)
(151, 258)
(151, 158)
(151, 293)
(151, 371)
(151, 186)
(151, 202)
(151, 319)
(151, 194)
(151, 327)
(151, 330)
(151, 331)
(151, 334)
(151, 220)
(151, 350)
(151, 351)
(151, 352)
(151, 226)
(151, 358)
(151, 236)
(151, 242)
(151, 243)
(151, 246)
(151, 254)
(152, 263)
(152, 266)
(152, 398)
(152, 271)
(152, 273)
(152, 279)
(152, 261)
(152, 289)
(152, 171)
(152, 310)
(152, 205)
(152, 212)
(152, 342)
(152, 344)
(152, 218)
(152, 348)
(152, 351)
(152, 356)
(152, 361)
(152, 367)
(152, 250)
(153, 384)
(153, 389)
(153, 399)
(153, 278)
(153, 285)
(153, 298)
(153, 305)
(153, 178)
(153, 180)
(153, 315)
(153, 189)
(153, 193)
(153, 322)
(153, 324)
(153, 326)
(153, 206)
(153, 208)
(153, 210)
(153, 343)
(153, 345)
(153, 357)
(153, 231)
(153, 237)
(153, 372)
(154, 259)
(154, 262)
(154, 268)
(154, 272)
(154, 276)
(154, 288)
(154, 302)
(154, 175)
(154, 176)
(154, 190)
(154, 320)
(154, 160)
(154, 325)
(154, 396)
(154, 204)
(154, 338)
(154, 339)
(154, 340)
(154, 217)
(154, 353)
(154, 227)
(154, 230)
(154, 360)
(154, 378)
(154, 253)
(155, 386)
(155, 265)
(155, 394)
(155, 267)
(155, 173)
(155, 281)
(155, 282)
(155, 156)
(155, 161)
(155, 162)
(155, 163)
(155, 296)
(155, 299)
(155, 301)
(155, 302)
(155, 177)
(155, 308)
(155, 181)
(155, 182)
(155, 312)
(155, 200)
(155, 204)
(155, 211)
(155, 221)
(155, 359)
(155, 232)
(155, 233)
(155, 377)
(155, 252)
(156, 385)
(156, 387)
(156, 392)
(156, 265)
(156, 394)
(156, 282)
(156, 157)
(156, 163)
(156, 166)
(156, 172)
(156, 174)
(156, 312)
(156, 187)
(156, 318)
(156, 195)
(156, 200)
(156, 332)
(156, 213)
(156, 224)
(156, 233)
(156, 234)
(156, 364)
(156, 366)
(156, 239)
(156, 373)
(156, 377)
(157, 385)
(157, 387)
(157, 392)
(157, 265)
(157, 275)
(157, 282)
(157, 286)
(157, 166)
(157, 170)
(157, 172)
(157, 174)
(157, 179)
(157, 308)
(157, 184)
(157, 187)
(157, 318)
(157, 323)
(157, 198)
(157, 331)
(157, 346)
(157, 219)
(157, 224)
(157, 355)
(157, 364)
(157, 239)
(157, 369)
(157, 373)
(157, 246)
(157, 377)
(158, 256)
(158, 286)
(158, 287)
(158, 293)
(158, 295)
(158, 297)
(158, 172)
(158, 184)
(158, 186)
(158, 317)
(158, 319)
(158, 323)
(158, 374)
(158, 327)
(158, 330)
(158, 331)
(158, 334)
(158, 203)
(158, 220)
(158, 352)
(158, 358)
(158, 236)
(158, 369)
(158, 242)
(158, 246)
(158, 380)
(158, 254)
(159, 391)
(159, 393)
(159, 397)
(159, 284)
(159, 291)
(159, 168)
(159, 303)
(159, 347)
(159, 223)
(159, 354)
(159, 370)
(159, 248)
(159, 251)
(159, 381)
(160, 259)
(160, 262)
(160, 396)
(160, 270)
(160, 272)
(160, 288)
(160, 161)
(160, 292)
(160, 296)
(160, 299)
(160, 302)
(160, 175)
(160, 176)
(160, 182)
(160, 190)
(160, 329)
(160, 204)
(160, 338)
(160, 339)
(160, 340)
(160, 217)
(160, 221)
(160, 353)
(160, 227)
(160, 360)
(160, 232)
(160, 211)
(160, 268)
(160, 378)
(160, 253)
(161, 388)
(161, 394)
(161, 267)
(161, 268)
(161, 272)
(161, 276)
(161, 288)
(161, 163)
(161, 294)
(161, 302)
(161, 181)
(161, 312)
(161, 320)
(161, 325)
(161, 200)
(161, 396)
(161, 338)
(161, 211)
(161, 213)
(161, 217)
(161, 221)
(161, 229)
(161, 230)
(161, 360)
(161, 233)
(161, 244)
(161, 377)
(161, 378)
(161, 253)
(161, 383)
(162, 386)
(162, 260)
(162, 265)
(162, 267)
(162, 270)
(162, 271)
(162, 281)
(162, 282)
(162, 165)
(162, 296)
(162, 299)
(162, 301)
(162, 177)
(162, 307)
(162, 308)
(162, 181)
(162, 185)
(162, 191)
(162, 199)
(162, 200)
(162, 173)
(162, 344)
(162, 221)
(162, 359)
(162, 232)
(162, 367)
(162, 252)
(163, 386)
(163, 265)
(163, 394)
(163, 267)
(163, 281)
(163, 282)
(163, 294)
(163, 296)
(163, 174)
(163, 181)
(163, 312)
(163, 187)
(163, 195)
(163, 200)
(163, 211)
(163, 213)
(163, 166)
(163, 233)
(163, 234)
(163, 364)
(163, 366)
(163, 239)
(163, 373)
(163, 377)
(164, 384)
(164, 257)
(164, 389)
(164, 264)
(164, 399)
(164, 283)
(164, 298)
(164, 179)
(164, 313)
(164, 315)
(164, 316)
(164, 193)
(164, 196)
(164, 326)
(164, 328)
(164, 333)
(164, 207)
(164, 208)
(164, 337)
(164, 210)
(164, 237)
(164, 343)
(164, 345)
(164, 219)
(164, 355)
(164, 357)
(164, 209)
(164, 188)
(164, 363)
(164, 365)
(164, 249)
(164, 170)
(164, 382)
(165, 386)
(165, 260)
(165, 263)
(165, 265)
(165, 271)
(165, 273)
(165, 281)
(165, 282)
(165, 171)
(165, 301)
(165, 177)
(165, 308)
(165, 310)
(165, 185)
(165, 186)
(165, 191)
(165, 199)
(165, 342)
(165, 344)
(165, 356)
(165, 359)
(165, 367)
(165, 252)
(166, 386)
(166, 265)
(166, 281)
(166, 282)
(166, 172)
(166, 301)
(166, 174)
(166, 177)
(166, 308)
(166, 186)
(166, 187)
(166, 323)
(166, 200)
(166, 331)
(166, 220)
(166, 233)
(166, 369)
(166, 246)
(166, 377)
(166, 252)
(167, 258)
(167, 261)
(167, 269)
(167, 279)
(167, 280)
(167, 289)
(167, 290)
(167, 348)
(167, 183)
(167, 205)
(167, 212)
(167, 218)
(167, 361)
(167, 250)
(168, 391)
(168, 393)
(168, 397)
(168, 284)
(168, 291)
(168, 303)
(168, 309)
(168, 347)
(168, 223)
(168, 354)
(168, 370)
(168, 248)
(168, 251)
(168, 381)
(169, 395)
(169, 274)
(169, 277)
(169, 278)
(169, 300)
(169, 178)
(169, 314)
(169, 324)
(169, 206)
(169, 335)
(169, 216)
(169, 349)
(169, 222)
(169, 228)
(169, 231)
(169, 238)
(169, 240)
(169, 372)
(169, 247)
(169, 379)
(170, 385)
(170, 387)
(170, 392)
(170, 399)
(170, 275)
(170, 283)
(170, 286)
(170, 198)
(170, 295)
(170, 297)
(170, 298)
(170, 172)
(170, 179)
(170, 184)
(170, 313)
(170, 317)
(170, 193)
(170, 323)
(170, 196)
(170, 326)
(170, 203)
(170, 207)
(170, 208)
(170, 209)
(170, 210)
(170, 343)
(170, 346)
(170, 219)
(170, 224)
(170, 355)
(170, 357)
(170, 363)
(170, 368)
(170, 369)
(170, 245)
(170, 374)
(170, 249)
(171, 263)
(171, 266)
(171, 398)
(171, 271)
(171, 273)
(171, 279)
(171, 261)
(171, 289)
(171, 310)
(171, 186)
(171, 199)
(171, 205)
(171, 212)
(171, 342)
(171, 344)
(171, 348)
(171, 351)
(171, 356)
(171, 367)
(172, 265)
(172, 275)
(172, 282)
(172, 286)
(172, 174)
(172, 308)
(172, 184)
(172, 187)
(172, 323)
(172, 198)
(172, 331)
(172, 334)
(172, 346)
(172, 224)
(172, 355)
(172, 239)
(172, 369)
(172, 246)
(172, 254)
(173, 260)
(173, 267)
(173, 270)
(173, 292)
(173, 296)
(173, 299)
(173, 301)
(173, 307)
(173, 181)
(173, 182)
(173, 185)
(173, 190)
(173, 191)
(173, 329)
(173, 204)
(173, 221)
(173, 359)
(173, 232)
(173, 252)
(174, 385)
(174, 387)
(174, 392)
(174, 265)
(174, 394)
(174, 275)
(174, 282)
(174, 187)
(174, 318)
(174, 245)
(174, 195)
(174, 200)
(174, 332)
(174, 346)
(174, 219)
(174, 224)
(174, 233)
(174, 234)
(174, 364)
(174, 366)
(174, 239)
(174, 369)
(174, 373)
(174, 377)
(175, 262)
(175, 268)
(175, 270)
(175, 292)
(175, 302)
(175, 176)
(175, 182)
(175, 190)
(175, 329)
(175, 204)
(175, 339)
(175, 340)
(175, 353)
(175, 227)
(175, 232)
(176, 259)
(176, 262)
(176, 396)
(176, 288)
(176, 292)
(176, 302)
(176, 182)
(176, 190)
(176, 329)
(176, 204)
(176, 339)
(176, 340)
(176, 353)
(176, 227)
(176, 360)
(176, 268)
(176, 378)
(177, 386)
(177, 260)
(177, 265)
(177, 267)
(177, 271)
(177, 273)
(177, 281)
(177, 282)
(177, 296)
(177, 301)
(177, 308)
(177, 181)
(177, 186)
(177, 199)
(177, 200)
(177, 342)
(177, 344)
(177, 220)
(177, 359)
(177, 367)
(177, 252)
(178, 384)
(178, 389)
(178, 395)
(178, 399)
(178, 274)
(178, 277)
(178, 278)
(178, 285)
(178, 297)
(178, 298)
(178, 300)
(178, 305)
(178, 189)
(178, 215)
(178, 192)
(178, 193)
(178, 322)
(178, 324)
(178, 206)
(178, 343)
(178, 345)
(178, 349)
(178, 222)
(178, 231)
(178, 238)
(178, 240)
(178, 372)
(178, 374)
(178, 247)
(178, 379)
(178, 380)
(179, 385)
(179, 387)
(179, 257)
(179, 392)
(179, 399)
(179, 275)
(179, 283)
(179, 198)
(179, 184)
(179, 313)
(179, 316)
(179, 317)
(179, 318)
(179, 193)
(179, 323)
(179, 196)
(179, 326)
(179, 203)
(179, 332)
(179, 333)
(179, 207)
(179, 208)
(179, 209)
(179, 210)
(179, 346)
(179, 219)
(179, 224)
(179, 355)
(179, 357)
(179, 363)
(179, 239)
(179, 368)
(179, 369)
(179, 245)
(179, 249)
(179, 382)
(180, 384)
(180, 389)
(180, 278)
(180, 285)
(180, 298)
(180, 305)
(180, 315)
(180, 189)
(180, 193)
(180, 322)
(180, 324)
(180, 206)
(180, 210)
(180, 345)
(180, 231)
(180, 237)
(180, 372)
(181, 386)
(181, 265)
(181, 394)
(181, 267)
(181, 268)
(181, 270)
(181, 281)
(181, 282)
(181, 296)
(181, 299)
(181, 301)
(181, 302)
(181, 182)
(181, 312)
(181, 185)
(181, 200)
(181, 204)
(181, 211)
(181, 221)
(181, 359)
(181, 232)
(181, 233)
(181, 377)
(181, 252)
(182, 262)
(182, 267)
(182, 396)
(182, 270)
(182, 288)
(182, 292)
(182, 296)
(182, 299)
(182, 302)
(182, 307)
(182, 312)
(182, 185)
(182, 190)
(182, 329)
(182, 204)
(182, 339)
(182, 340)
(182, 221)
(182, 359)
(182, 232)
(182, 211)
(182, 268)
(182, 253)
(183, 258)
(183, 261)
(183, 269)
(183, 279)
(183, 280)
(183, 290)
(183, 348)
(183, 330)
(183, 205)
(183, 218)
(183, 351)
(183, 226)
(183, 361)
(183, 371)
(183, 250)
(184, 399)
(184, 275)
(184, 286)
(184, 287)
(184, 295)
(184, 297)
(184, 317)
(184, 319)
(184, 224)
(184, 323)
(184, 374)
(184, 198)
(184, 327)
(184, 331)
(184, 334)
(184, 203)
(184, 215)
(184, 346)
(184, 352)
(184, 355)
(184, 363)
(184, 368)
(184, 369)
(184, 246)
(184, 380)
(184, 254)
(185, 260)
(185, 267)
(185, 270)
(185, 271)
(185, 292)
(185, 296)
(185, 299)
(185, 301)
(185, 307)
(185, 191)
(185, 199)
(185, 329)
(185, 204)
(185, 221)
(185, 359)
(185, 232)
(185, 367)
(185, 252)
(186, 256)
(186, 258)
(186, 265)
(186, 273)
(186, 281)
(186, 282)
(186, 308)
(186, 199)
(186, 331)
(186, 342)
(186, 344)
(186, 220)
(186, 351)
(186, 242)
(186, 246)
(187, 385)
(187, 386)
(187, 387)
(187, 392)
(187, 265)
(187, 394)
(187, 275)
(187, 281)
(187, 282)
(187, 308)
(187, 318)
(187, 323)
(187, 198)
(187, 200)
(187, 331)
(187, 346)
(187, 224)
(187, 195)
(187, 233)
(187, 234)
(187, 364)
(187, 239)
(187, 369)
(187, 373)
(187, 377)
(188, 257)
(188, 264)
(188, 376)
(188, 309)
(188, 311)
(188, 328)
(188, 333)
(188, 337)
(188, 214)
(188, 315)
(188, 365)
(188, 248)
(188, 381)
(189, 384)
(189, 389)
(189, 215)
(189, 399)
(189, 278)
(189, 285)
(189, 297)
(189, 298)
(189, 305)
(189, 193)
(189, 322)
(189, 324)
(189, 326)
(189, 206)
(189, 208)
(189, 210)
(189, 343)
(189, 345)
(189, 349)
(189, 357)
(189, 231)
(189, 363)
(189, 237)
(189, 238)
(189, 368)
(189, 372)
(189, 374)
(190, 259)
(190, 262)
(190, 396)
(190, 270)
(190, 288)
(190, 292)
(190, 296)
(190, 299)
(190, 302)
(190, 329)
(190, 204)
(190, 339)
(190, 340)
(190, 221)
(190, 353)
(190, 227)
(190, 360)
(190, 232)
(190, 211)
(190, 268)
(190, 378)
(190, 253)
(191, 260)
(191, 263)
(191, 270)
(191, 271)
(191, 273)
(191, 301)
(191, 307)
(191, 310)
(191, 199)
(191, 356)
(191, 359)
(191, 367)
(191, 252)
(192, 277)
(192, 278)
(192, 305)
(192, 321)
(192, 322)
(192, 324)
(192, 206)
(192, 222)
(192, 231)
(192, 238)
(192, 372)
(192, 247)
(193, 384)
(193, 257)
(193, 389)
(193, 215)
(193, 399)
(193, 283)
(193, 285)
(193, 198)
(193, 297)
(193, 298)
(193, 317)
(193, 322)
(193, 196)
(193, 326)
(193, 203)
(193, 333)
(193, 206)
(193, 208)
(193, 209)
(193, 210)
(193, 343)
(193, 345)
(193, 349)
(193, 355)
(193, 357)
(193, 363)
(193, 237)
(193, 368)
(193, 374)
(194, 274)
(194, 293)
(194, 300)
(194, 371)
(194, 314)
(194, 202)
(194, 330)
(194, 335)
(194, 341)
(194, 216)
(194, 350)
(194, 352)
(194, 226)
(194, 228)
(194, 358)
(194, 236)
(194, 243)
(195, 385)
(195, 387)
(195, 388)
(195, 390)
(195, 392)
(195, 394)
(195, 294)
(195, 312)
(195, 318)
(195, 332)
(195, 336)
(195, 213)
(195, 224)
(195, 225)
(195, 229)
(195, 233)
(195, 234)
(195, 235)
(195, 364)
(195, 366)
(195, 239)
(195, 244)
(195, 373)
(195, 377)
(196, 384)
(196, 257)
(196, 389)
(196, 264)
(196, 399)
(196, 275)
(196, 283)
(196, 198)
(196, 298)
(196, 313)
(196, 315)
(196, 326)
(196, 328)
(196, 333)
(196, 207)
(196, 208)
(196, 337)
(196, 210)
(196, 237)
(196, 343)
(196, 345)
(196, 219)
(196, 355)
(196, 357)
(196, 209)
(196, 363)
(196, 365)
(196, 368)
(196, 245)
(196, 249)
(196, 382)
(197, 304)
(197, 229)
(197, 390)
(197, 225)
(197, 201)
(197, 362)
(197, 235)
(197, 397)
(197, 336)
(197, 241)
(197, 244)
(197, 375)
(197, 255)
(198, 385)
(198, 387)
(198, 392)
(198, 399)
(198, 275)
(198, 283)
(198, 286)
(198, 295)
(198, 297)
(198, 317)
(198, 323)
(198, 326)
(198, 331)
(198, 207)
(198, 208)
(198, 209)
(198, 210)
(198, 203)
(198, 343)
(198, 346)
(198, 219)
(198, 224)
(198, 355)
(198, 357)
(198, 363)
(198, 368)
(198, 369)
(198, 245)
(198, 374)
(198, 249)
(199, 386)
(199, 260)
(199, 265)
(199, 267)
(199, 271)
(199, 273)
(199, 281)
(199, 282)
(199, 296)
(199, 301)
(199, 308)
(199, 342)
(199, 344)
(199, 356)
(199, 359)
(199, 367)
(199, 252)
(200, 386)
(200, 265)
(200, 394)
(200, 267)
(200, 281)
(200, 282)
(200, 296)
(200, 299)
(200, 301)
(200, 308)
(200, 312)
(200, 211)
(200, 221)
(200, 359)
(200, 233)
(200, 377)
(200, 252)
(201, 388)
(201, 390)
(201, 276)
(201, 294)
(201, 304)
(201, 336)
(201, 213)
(201, 229)
(201, 362)
(201, 235)
(201, 366)
(201, 241)
(201, 244)
(201, 375)
(201, 383)
(201, 255)
(202, 395)
(202, 274)
(202, 293)
(202, 300)
(202, 371)
(202, 314)
(202, 330)
(202, 335)
(202, 341)
(202, 216)
(202, 350)
(202, 352)
(202, 226)
(202, 228)
(202, 358)
(202, 236)
(202, 240)
(202, 243)
(203, 389)
(203, 395)
(203, 399)
(203, 274)
(203, 283)
(203, 285)
(203, 286)
(203, 287)
(203, 295)
(203, 297)
(203, 298)
(203, 317)
(203, 215)
(203, 319)
(203, 323)
(203, 326)
(203, 327)
(203, 334)
(203, 210)
(203, 343)
(203, 346)
(203, 349)
(203, 355)
(203, 357)
(203, 363)
(203, 368)
(203, 369)
(203, 374)
(203, 380)
(203, 254)
(204, 262)
(204, 267)
(204, 396)
(204, 270)
(204, 288)
(204, 292)
(204, 296)
(204, 299)
(204, 302)
(204, 329)
(204, 338)
(204, 339)
(204, 340)
(204, 221)
(204, 359)
(204, 360)
(204, 232)
(204, 211)
(204, 268)
(204, 253)
(205, 263)
(205, 266)
(205, 269)
(205, 398)
(205, 273)
(205, 279)
(205, 280)
(205, 261)
(205, 289)
(205, 310)
(205, 212)
(205, 342)
(205, 218)
(205, 348)
(205, 351)
(205, 361)
(205, 250)
(206, 384)
(206, 389)
(206, 215)
(206, 399)
(206, 278)
(206, 285)
(206, 297)
(206, 298)
(206, 305)
(206, 322)
(206, 324)
(206, 326)
(206, 210)
(206, 343)
(206, 345)
(206, 349)
(206, 357)
(206, 231)
(206, 238)
(206, 368)
(206, 372)
(206, 374)
(206, 247)
(207, 385)
(207, 387)
(207, 257)
(207, 392)
(207, 275)
(207, 283)
(207, 264)
(207, 306)
(207, 313)
(207, 316)
(207, 318)
(207, 326)
(207, 328)
(207, 332)
(207, 333)
(207, 208)
(207, 337)
(207, 210)
(207, 346)
(207, 219)
(207, 224)
(207, 355)
(207, 357)
(207, 209)
(207, 363)
(207, 237)
(207, 245)
(207, 249)
(207, 382)
(208, 384)
(208, 257)
(208, 389)
(208, 399)
(208, 283)
(208, 285)
(208, 298)
(208, 315)
(208, 326)
(208, 333)
(208, 209)
(208, 210)
(208, 237)
(208, 343)
(208, 345)
(208, 355)
(208, 357)
(208, 337)
(208, 363)
(208, 365)
(208, 368)
(209, 385)
(209, 387)
(209, 257)
(209, 392)
(209, 275)
(209, 283)
(209, 264)
(209, 306)
(209, 313)
(209, 316)
(209, 318)
(209, 326)
(209, 328)
(209, 332)
(209, 333)
(209, 337)
(209, 210)
(209, 346)
(209, 219)
(209, 224)
(209, 355)
(209, 357)
(209, 363)
(209, 237)
(209, 239)
(209, 369)
(209, 245)
(209, 249)
(209, 382)
(210, 384)
(210, 257)
(210, 389)
(210, 215)
(210, 399)
(210, 283)
(210, 285)
(210, 297)
(210, 298)
(210, 315)
(210, 322)
(210, 326)
(210, 333)
(210, 237)
(210, 343)
(210, 345)
(210, 355)
(210, 357)
(210, 363)
(210, 365)
(210, 368)
(211, 386)
(211, 394)
(211, 267)
(211, 268)
(211, 272)
(211, 288)
(211, 294)
(211, 296)
(211, 299)
(211, 302)
(211, 312)
(211, 396)
(211, 338)
(211, 217)
(211, 221)
(211, 359)
(211, 360)
(211, 233)
(211, 232)
(211, 253)
(212, 258)
(212, 261)
(212, 263)
(212, 266)
(212, 269)
(212, 398)
(212, 273)
(212, 279)
(212, 280)
(212, 289)
(212, 310)
(212, 342)
(212, 344)
(212, 218)
(212, 348)
(212, 351)
(212, 356)
(212, 361)
(212, 250)
(213, 388)
(213, 390)
(213, 394)
(213, 276)
(213, 294)
(213, 304)
(213, 312)
(213, 318)
(213, 336)
(213, 338)
(213, 234)
(213, 225)
(213, 229)
(213, 233)
(213, 362)
(213, 235)
(213, 364)
(213, 366)
(213, 239)
(213, 244)
(213, 373)
(213, 375)
(213, 377)
(213, 383)
(213, 253)
(213, 255)
(214, 257)
(214, 391)
(214, 264)
(214, 376)
(214, 291)
(214, 303)
(214, 306)
(214, 309)
(214, 311)
(214, 313)
(214, 316)
(214, 328)
(214, 333)
(214, 337)
(214, 347)
(214, 354)
(214, 365)
(214, 370)
(214, 248)
(214, 381)
(214, 382)
(215, 384)
(215, 389)
(215, 395)
(215, 399)
(215, 274)
(215, 278)
(215, 285)
(215, 286)
(215, 287)
(215, 240)
(215, 295)
(215, 297)
(215, 298)
(215, 300)
(215, 317)
(215, 319)
(215, 322)
(215, 326)
(215, 327)
(215, 334)
(215, 343)
(215, 349)
(215, 355)
(215, 357)
(215, 363)
(215, 238)
(215, 368)
(215, 374)
(215, 380)
(216, 395)
(216, 274)
(216, 287)
(216, 293)
(216, 300)
(216, 314)
(216, 319)
(216, 327)
(216, 335)
(216, 341)
(216, 349)
(216, 350)
(216, 352)
(216, 228)
(216, 358)
(216, 236)
(216, 238)
(216, 240)
(216, 243)
(216, 374)
(216, 379)
(216, 380)
(217, 259)
(217, 388)
(217, 262)
(217, 268)
(217, 272)
(217, 276)
(217, 288)
(217, 294)
(217, 302)
(217, 320)
(217, 325)
(217, 396)
(217, 338)
(217, 340)
(217, 353)
(217, 230)
(217, 360)
(217, 378)
(217, 253)
(217, 383)
(218, 258)
(218, 261)
(218, 269)
(218, 279)
(218, 280)
(218, 289)
(218, 290)
(218, 348)
(218, 351)
(218, 361)
(218, 250)
(219, 385)
(219, 387)
(219, 257)
(219, 392)
(219, 275)
(219, 283)
(219, 306)
(219, 313)
(219, 316)
(219, 318)
(219, 245)
(219, 328)
(219, 332)
(219, 333)
(219, 337)
(219, 346)
(219, 224)
(219, 225)
(219, 355)
(219, 234)
(219, 363)
(219, 364)
(219, 239)
(219, 369)
(219, 373)
(219, 249)
(219, 382)
(220, 256)
(220, 258)
(220, 265)
(220, 273)
(220, 282)
(220, 293)
(220, 308)
(220, 330)
(220, 331)
(220, 342)
(220, 344)
(220, 351)
(220, 352)
(220, 242)
(220, 246)
(220, 254)
(221, 386)
(221, 267)
(221, 268)
(221, 270)
(221, 292)
(221, 296)
(221, 299)
(221, 301)
(221, 302)
(221, 307)
(221, 312)
(221, 329)
(221, 338)
(221, 359)
(221, 232)
(221, 252)
(222, 277)
(222, 278)
(222, 305)
(222, 321)
(222, 324)
(222, 231)
(222, 238)
(222, 372)
(222, 247)
(222, 379)
(223, 391)
(223, 393)
(223, 397)
(223, 284)
(223, 291)
(223, 303)
(223, 309)
(223, 376)
(223, 347)
(223, 354)
(223, 370)
(223, 248)
(223, 251)
(223, 381)
(224, 385)
(224, 387)
(224, 392)
(224, 275)
(224, 283)
(224, 313)
(224, 318)
(224, 245)
(224, 323)
(224, 332)
(224, 346)
(224, 355)
(224, 234)
(224, 364)
(224, 239)
(224, 369)
(224, 373)
(224, 249)
(225, 385)
(225, 387)
(225, 390)
(225, 392)
(225, 397)
(225, 304)
(225, 306)
(225, 313)
(225, 316)
(225, 318)
(225, 373)
(225, 332)
(225, 336)
(225, 229)
(225, 362)
(225, 235)
(225, 364)
(225, 366)
(225, 239)
(225, 244)
(225, 245)
(225, 249)
(225, 234)
(225, 382)
(225, 255)
(226, 256)
(226, 258)
(226, 290)
(226, 293)
(226, 371)
(226, 330)
(226, 341)
(226, 350)
(226, 358)
(226, 236)
(226, 243)
(227, 259)
(227, 262)
(227, 268)
(227, 272)
(227, 320)
(227, 288)
(227, 396)
(227, 339)
(227, 340)
(227, 353)
(227, 230)
(227, 360)
(227, 378)
(228, 395)
(228, 274)
(228, 287)
(228, 300)
(228, 314)
(228, 335)
(228, 341)
(228, 349)
(228, 350)
(228, 358)
(228, 236)
(228, 238)
(228, 240)
(228, 379)
(228, 380)
(229, 388)
(229, 390)
(229, 394)
(229, 276)
(229, 294)
(229, 304)
(229, 336)
(229, 338)
(229, 234)
(229, 233)
(229, 362)
(229, 235)
(229, 364)
(229, 366)
(229, 241)
(229, 244)
(229, 373)
(229, 375)
(229, 377)
(229, 383)
(229, 253)
(229, 255)
(230, 259)
(230, 388)
(230, 262)
(230, 268)
(230, 272)
(230, 276)
(230, 294)
(230, 302)
(230, 320)
(230, 288)
(230, 325)
(230, 396)
(230, 338)
(230, 340)
(230, 353)
(230, 360)
(230, 378)
(230, 253)
(230, 383)
(231, 389)
(231, 277)
(231, 278)
(231, 285)
(231, 305)
(231, 321)
(231, 322)
(231, 324)
(231, 345)
(231, 349)
(231, 238)
(231, 372)
(231, 247)
(231, 379)
(232, 386)
(232, 260)
(232, 267)
(232, 268)
(232, 270)
(232, 292)
(232, 296)
(232, 299)
(232, 301)
(232, 302)
(232, 307)
(232, 329)
(232, 359)
(232, 252)
(233, 386)
(233, 392)
(233, 394)
(233, 267)
(233, 282)
(233, 294)
(233, 312)
(233, 318)
(233, 234)
(233, 364)
(233, 366)
(233, 239)
(233, 373)
(233, 377)
(234, 385)
(234, 387)
(234, 390)
(234, 392)
(234, 394)
(234, 275)
(234, 294)
(234, 318)
(234, 245)
(234, 332)
(234, 336)
(234, 377)
(234, 235)
(234, 364)
(234, 366)
(234, 239)
(234, 244)
(234, 373)
(234, 249)
(235, 385)
(235, 388)
(235, 390)
(235, 392)
(235, 394)
(235, 397)
(235, 294)
(235, 304)
(235, 318)
(235, 332)
(235, 336)
(235, 362)
(235, 364)
(235, 366)
(235, 239)
(235, 241)
(235, 244)
(235, 373)
(235, 375)
(235, 383)
(235, 255)
(236, 256)
(236, 395)
(236, 274)
(236, 287)
(236, 293)
(236, 300)
(236, 371)
(236, 314)
(236, 319)
(236, 327)
(236, 330)
(236, 334)
(236, 335)
(236, 341)
(236, 350)
(236, 352)
(236, 358)
(236, 240)
(236, 242)
(236, 243)
(236, 380)
(236, 254)
(237, 384)
(237, 257)
(237, 389)
(237, 399)
(237, 283)
(237, 285)
(237, 298)
(237, 315)
(237, 322)
(237, 326)
(237, 333)
(237, 343)
(237, 345)
(237, 357)
(237, 363)
(237, 365)
(238, 395)
(238, 274)
(238, 277)
(238, 278)
(238, 285)
(238, 300)
(238, 305)
(238, 321)
(238, 324)
(238, 335)
(238, 349)
(238, 240)
(238, 372)
(238, 247)
(238, 379)
(239, 385)
(239, 387)
(239, 392)
(239, 394)
(239, 275)
(239, 313)
(239, 318)
(239, 245)
(239, 332)
(239, 336)
(239, 249)
(239, 346)
(239, 364)
(239, 366)
(239, 369)
(239, 373)
(239, 377)
(240, 395)
(240, 274)
(240, 287)
(240, 295)
(240, 297)
(240, 300)
(240, 314)
(240, 319)
(240, 327)
(240, 335)
(240, 341)
(240, 349)
(240, 350)
(240, 358)
(240, 374)
(240, 379)
(240, 380)
(241, 304)
(241, 388)
(241, 390)
(241, 362)
(241, 336)
(241, 244)
(241, 375)
(241, 255)
(241, 383)
(242, 256)
(242, 258)
(242, 293)
(242, 295)
(242, 319)
(242, 323)
(242, 327)
(242, 330)
(242, 331)
(242, 334)
(242, 351)
(242, 352)
(242, 358)
(242, 371)
(242, 246)
(242, 254)
(243, 258)
(243, 290)
(243, 293)
(243, 314)
(243, 330)
(243, 335)
(243, 341)
(243, 350)
(243, 358)
(243, 371)
(244, 388)
(244, 390)
(244, 394)
(244, 276)
(244, 294)
(244, 304)
(244, 336)
(244, 362)
(244, 364)
(244, 366)
(244, 375)
(244, 383)
(244, 255)
(245, 385)
(245, 387)
(245, 257)
(245, 392)
(245, 275)
(245, 283)
(245, 264)
(245, 306)
(245, 313)
(245, 316)
(245, 318)
(245, 328)
(245, 332)
(245, 337)
(245, 346)
(245, 355)
(245, 364)
(245, 366)
(245, 373)
(245, 249)
(245, 382)
(246, 256)
(246, 286)
(246, 293)
(246, 295)
(246, 287)
(246, 317)
(246, 319)
(246, 323)
(246, 327)
(246, 331)
(246, 334)
(246, 346)
(246, 352)
(246, 369)
(246, 254)
(247, 277)
(247, 278)
(247, 285)
(247, 305)
(247, 321)
(247, 324)
(247, 349)
(247, 372)
(247, 379)
(248, 391)
(248, 264)
(248, 393)
(248, 397)
(248, 291)
(248, 303)
(248, 306)
(248, 309)
(248, 311)
(248, 328)
(248, 337)
(248, 347)
(248, 354)
(248, 316)
(248, 370)
(248, 376)
(248, 251)
(248, 381)
(249, 385)
(249, 387)
(249, 257)
(249, 392)
(249, 275)
(249, 283)
(249, 264)
(249, 306)
(249, 313)
(249, 316)
(249, 318)
(249, 328)
(249, 332)
(249, 333)
(249, 337)
(249, 346)
(249, 355)
(249, 364)
(249, 373)
(249, 382)
(250, 261)
(250, 266)
(250, 269)
(250, 398)
(250, 280)
(250, 279)
(250, 289)
(250, 348)
(250, 361)
(251, 391)
(251, 393)
(251, 397)
(251, 284)
(251, 291)
(251, 303)
(251, 309)
(251, 347)
(251, 354)
(251, 370)
(251, 381)
(252, 386)
(252, 260)
(252, 265)
(252, 267)
(252, 271)
(252, 273)
(252, 281)
(252, 282)
(252, 296)
(252, 299)
(252, 301)
(252, 308)
(252, 342)
(252, 344)
(252, 359)
(252, 367)
(253, 259)
(253, 388)
(253, 262)
(253, 394)
(253, 268)
(253, 272)
(253, 276)
(253, 288)
(253, 294)
(253, 302)
(253, 312)
(253, 320)
(253, 325)
(253, 396)
(253, 338)
(253, 340)
(253, 353)
(253, 360)
(253, 378)
(253, 383)
(254, 256)
(254, 274)
(254, 286)
(254, 287)
(254, 293)
(254, 295)
(254, 297)
(254, 317)
(254, 319)
(254, 323)
(254, 327)
(254, 331)
(254, 334)
(254, 346)
(254, 350)
(254, 352)
(254, 358)
(254, 368)
(254, 369)
(254, 374)
(254, 380)
(255, 388)
(255, 390)
(255, 276)
(255, 294)
(255, 304)
(255, 336)
(255, 362)
(255, 366)
(255, 375)
(255, 383)
(256, 258)
(256, 293)
(256, 327)
(256, 330)
(256, 331)
(256, 334)
(256, 351)
(256, 352)
(256, 358)
(256, 371)
(256, 319)
(257, 384)
(257, 264)
(257, 283)
(257, 311)
(257, 313)
(257, 316)
(257, 326)
(257, 328)
(257, 333)
(257, 337)
(257, 315)
(257, 357)
(257, 363)
(257, 365)
(257, 382)
(258, 261)
(258, 279)
(258, 280)
(258, 290)
(258, 293)
(258, 348)
(258, 330)
(258, 351)
(258, 371)
(259, 262)
(259, 268)
(259, 272)
(259, 302)
(259, 320)
(259, 288)
(259, 325)
(259, 396)
(259, 339)
(259, 340)
(259, 353)
(259, 360)
(259, 378)
(260, 386)
(260, 267)
(260, 270)
(260, 271)
(260, 273)
(260, 281)
(260, 296)
(260, 299)
(260, 301)
(260, 307)
(260, 342)
(260, 344)
(260, 356)
(260, 359)
(260, 367)
(261, 263)
(261, 266)
(261, 269)
(261, 398)
(261, 273)
(261, 279)
(261, 280)
(261, 289)
(261, 290)
(261, 310)
(261, 342)
(261, 348)
(261, 351)
(261, 361)
(262, 396)
(262, 272)
(262, 302)
(262, 320)
(262, 288)
(262, 325)
(262, 329)
(262, 339)
(262, 340)
(262, 353)
(262, 360)
(262, 268)
(262, 378)
(263, 266)
(263, 398)
(263, 271)
(263, 273)
(263, 279)
(263, 289)
(263, 310)
(263, 342)
(263, 344)
(263, 348)
(263, 356)
(263, 361)
(263, 367)
(264, 391)
(264, 303)
(264, 306)
(264, 309)
(264, 311)
(264, 313)
(264, 328)
(264, 333)
(264, 337)
(264, 347)
(264, 316)
(264, 365)
(264, 370)
(264, 376)
(264, 381)
(264, 382)
(265, 386)
(265, 267)
(265, 271)
(265, 281)
(265, 282)
(265, 301)
(265, 308)
(265, 331)
(265, 344)
(265, 377)
(266, 398)
(266, 273)
(266, 279)
(266, 289)
(266, 348)
(266, 310)
(266, 342)
(266, 344)
(266, 356)
(266, 361)
(266, 367)
(267, 386)
(267, 394)
(267, 270)
(267, 281)
(267, 282)
(267, 296)
(267, 299)
(267, 301)
(267, 302)
(267, 308)
(267, 312)
(267, 359)
(267, 377)
(268, 396)
(268, 272)
(268, 276)
(268, 296)
(268, 299)
(268, 302)
(268, 312)
(268, 320)
(268, 288)
(268, 325)
(268, 329)
(268, 338)
(268, 339)
(268, 340)
(268, 353)
(268, 360)
(268, 378)
(269, 289)
(269, 361)
(269, 398)
(269, 279)
(269, 280)
(269, 348)
(270, 292)
(270, 296)
(270, 299)
(270, 301)
(270, 307)
(270, 329)
(270, 359)
(271, 386)
(271, 273)
(271, 281)
(271, 282)
(271, 301)
(271, 308)
(271, 310)
(271, 342)
(271, 344)
(271, 356)
(271, 359)
(271, 367)
(272, 388)
(272, 396)
(272, 276)
(272, 294)
(272, 302)
(272, 320)
(272, 288)
(272, 325)
(272, 338)
(272, 340)
(272, 353)
(272, 360)
(272, 378)
(272, 383)
(273, 279)
(273, 310)
(273, 342)
(273, 344)
(273, 348)
(273, 351)
(273, 356)
(273, 367)
(274, 395)
(274, 286)
(274, 287)
(274, 293)
(274, 295)
(274, 297)
(274, 300)
(274, 314)
(274, 319)
(274, 327)
(274, 334)
(274, 335)
(274, 341)
(274, 349)
(274, 350)
(274, 352)
(274, 358)
(274, 374)
(274, 379)
(274, 380)
(275, 385)
(275, 387)
(275, 392)
(275, 283)
(275, 313)
(275, 316)
(275, 318)
(275, 323)
(275, 332)
(275, 346)
(275, 355)
(275, 363)
(275, 364)
(275, 369)
(275, 373)
(275, 382)
(276, 388)
(276, 396)
(276, 288)
(276, 294)
(276, 302)
(276, 320)
(276, 325)
(276, 338)
(276, 360)
(276, 378)
(276, 383)
(277, 278)
(277, 305)
(277, 321)
(277, 324)
(277, 372)
(277, 379)
(278, 389)
(278, 285)
(278, 298)
(278, 305)
(278, 321)
(278, 322)
(278, 324)
(278, 345)
(278, 349)
(278, 372)
(278, 379)
(279, 398)
(279, 280)
(279, 289)
(279, 348)
(279, 310)
(279, 342)
(279, 344)
(279, 351)
(279, 361)
(280, 289)
(280, 290)
(280, 348)
(280, 361)
(281, 386)
(281, 282)
(281, 296)
(281, 299)
(281, 301)
(281, 308)
(281, 312)
(281, 344)
(281, 359)
(281, 377)
(282, 386)
(282, 301)
(282, 308)
(282, 331)
(282, 377)
(283, 384)
(283, 389)
(283, 399)
(283, 297)
(283, 298)
(283, 313)
(283, 317)
(283, 326)
(283, 333)
(283, 337)
(283, 343)
(283, 346)
(283, 355)
(283, 357)
(283, 363)
(283, 365)
(283, 368)
(283, 382)
(284, 354)
(284, 291)
(284, 391)
(284, 393)
(284, 397)
(284, 303)
(284, 304)
(284, 370)
(284, 347)
(285, 384)
(285, 389)
(285, 399)
(285, 297)
(285, 298)
(285, 305)
(285, 322)
(285, 324)
(285, 326)
(285, 343)
(285, 345)
(285, 349)
(285, 357)
(285, 363)
(285, 368)
(285, 372)
(285, 374)
(286, 395)
(286, 399)
(286, 287)
(286, 295)
(286, 297)
(286, 317)
(286, 319)
(286, 323)
(286, 326)
(286, 327)
(286, 331)
(286, 334)
(286, 343)
(286, 346)
(286, 352)
(286, 355)
(286, 357)
(286, 363)
(286, 368)
(286, 369)
(286, 374)
(286, 380)
(287, 395)
(287, 399)
(287, 293)
(287, 295)
(287, 297)
(287, 300)
(287, 317)
(287, 319)
(287, 323)
(287, 327)
(287, 334)
(287, 335)
(287, 341)
(287, 349)
(287, 350)
(287, 352)
(287, 358)
(287, 368)
(287, 374)
(287, 380)
(288, 396)
(288, 294)
(288, 302)
(288, 320)
(288, 325)
(288, 338)
(288, 339)
(288, 340)
(288, 353)
(288, 360)
(288, 378)
(288, 383)
(289, 398)
(289, 348)
(289, 310)
(289, 351)
(289, 361)
(290, 330)
(290, 371)
(290, 348)
(290, 351)
(291, 391)
(291, 393)
(291, 303)
(291, 309)
(291, 311)
(291, 376)
(291, 347)
(291, 354)
(291, 370)
(291, 381)
(292, 296)
(292, 299)
(292, 302)
(292, 307)
(292, 329)
(292, 359)
(293, 295)
(293, 319)
(293, 327)
(293, 330)
(293, 331)
(293, 334)
(293, 341)
(293, 350)
(293, 352)
(293, 358)
(293, 371)
(293, 380)
(294, 388)
(294, 390)
(294, 394)
(294, 312)
(294, 320)
(294, 325)
(294, 336)
(294, 338)
(294, 366)
(294, 377)
(294, 383)
(295, 395)
(295, 399)
(295, 297)
(295, 300)
(295, 317)
(295, 319)
(295, 323)
(295, 327)
(295, 331)
(295, 334)
(295, 343)
(295, 346)
(295, 349)
(295, 352)
(295, 355)
(295, 357)
(295, 358)
(295, 368)
(295, 369)
(295, 374)
(295, 380)
(296, 386)
(296, 299)
(296, 301)
(296, 302)
(296, 307)
(296, 312)
(296, 359)
(297, 384)
(297, 389)
(297, 395)
(297, 399)
(297, 298)
(297, 317)
(297, 319)
(297, 323)
(297, 326)
(297, 327)
(297, 334)
(297, 343)
(297, 346)
(297, 349)
(297, 355)
(297, 357)
(297, 363)
(297, 368)
(297, 369)
(297, 374)
(297, 380)
(298, 384)
(298, 389)
(298, 399)
(298, 305)
(298, 317)
(298, 322)
(298, 324)
(298, 326)
(298, 343)
(298, 345)
(298, 349)
(298, 355)
(298, 357)
(298, 363)
(298, 368)
(298, 374)
(299, 386)
(299, 301)
(299, 302)
(299, 307)
(299, 329)
(299, 312)
(299, 359)
(300, 395)
(300, 314)
(300, 319)
(300, 327)
(300, 335)
(300, 341)
(300, 349)
(300, 350)
(300, 358)
(300, 374)
(300, 379)
(300, 380)
(301, 386)
(301, 308)
(301, 344)
(301, 359)
(301, 367)
(302, 396)
(302, 325)
(302, 329)
(302, 312)
(302, 338)
(302, 339)
(302, 340)
(302, 353)
(302, 360)
(302, 378)
(303, 391)
(303, 393)
(303, 397)
(303, 304)
(303, 306)
(303, 309)
(303, 328)
(303, 347)
(303, 354)
(303, 316)
(303, 370)
(303, 376)
(303, 381)
(303, 382)
(304, 390)
(304, 393)
(304, 397)
(304, 336)
(304, 362)
(304, 366)
(304, 375)
(305, 384)
(305, 389)
(305, 321)
(305, 322)
(305, 324)
(305, 345)
(305, 349)
(305, 372)
(306, 385)
(306, 387)
(306, 391)
(306, 392)
(306, 397)
(306, 309)
(306, 311)
(306, 313)
(306, 316)
(306, 318)
(306, 328)
(306, 332)
(306, 337)
(306, 347)
(306, 354)
(306, 381)
(306, 382)
(307, 329)
(307, 359)
(308, 386)
(308, 331)
(308, 342)
(308, 344)
(309, 391)
(309, 393)
(309, 397)
(309, 311)
(309, 313)
(309, 328)
(309, 337)
(309, 347)
(309, 354)
(309, 316)
(309, 370)
(309, 376)
(309, 381)
(309, 382)
(310, 398)
(310, 348)
(310, 342)
(310, 344)
(310, 356)
(310, 361)
(310, 367)
(311, 391)
(311, 328)
(311, 333)
(311, 337)
(311, 347)
(311, 316)
(311, 365)
(311, 370)
(311, 376)
(311, 381)
(311, 382)
(312, 386)
(312, 394)
(312, 338)
(312, 359)
(312, 377)
(313, 385)
(313, 387)
(313, 392)
(313, 316)
(313, 318)
(313, 328)
(313, 332)
(313, 333)
(313, 337)
(313, 381)
(313, 382)
(314, 395)
(314, 335)
(314, 341)
(314, 350)
(314, 358)
(314, 379)
(315, 384)
(315, 333)
(315, 345)
(315, 365)
(316, 385)
(316, 387)
(316, 391)
(316, 392)
(316, 397)
(316, 318)
(316, 328)
(316, 332)
(316, 333)
(316, 337)
(316, 347)
(316, 354)
(316, 381)
(316, 382)
(317, 389)
(317, 399)
(317, 319)
(317, 323)
(317, 326)
(317, 327)
(317, 331)
(317, 334)
(317, 343)
(317, 346)
(317, 349)
(317, 355)
(317, 357)
(317, 363)
(317, 368)
(317, 369)
(317, 374)
(317, 380)
(318, 385)
(318, 387)
(318, 392)
(318, 394)
(318, 332)
(318, 336)
(318, 364)
(318, 366)
(318, 373)
(318, 377)
(318, 382)
(319, 395)
(319, 323)
(319, 327)
(319, 331)
(319, 334)
(319, 350)
(319, 352)
(319, 358)
(319, 368)
(319, 374)
(319, 380)
(320, 388)
(320, 396)
(320, 325)
(320, 338)
(320, 340)
(320, 353)
(320, 360)
(320, 378)
(320, 383)
(321, 324)
(321, 372)
(321, 379)
(322, 384)
(322, 389)
(322, 399)
(322, 324)
(322, 326)
(322, 343)
(322, 345)
(322, 349)
(322, 357)
(322, 372)
(323, 346)
(323, 327)
(323, 331)
(323, 334)
(323, 352)
(323, 355)
(323, 368)
(323, 369)
(323, 374)
(323, 380)
(324, 389)
(324, 345)
(324, 349)
(324, 372)
(324, 379)
(325, 388)
(325, 396)
(325, 338)
(325, 353)
(325, 360)
(325, 378)
(325, 383)
(326, 384)
(326, 389)
(326, 399)
(326, 333)
(326, 343)
(326, 345)
(326, 346)
(326, 355)
(326, 357)
(326, 363)
(326, 368)
(326, 374)
(327, 395)
(327, 331)
(327, 334)
(327, 349)
(327, 350)
(327, 352)
(327, 358)
(327, 368)
(327, 374)
(327, 380)
(328, 391)
(328, 397)
(328, 333)
(328, 337)
(328, 347)
(328, 354)
(328, 365)
(328, 370)
(328, 376)
(328, 381)
(328, 382)
(329, 339)
(329, 340)
(330, 348)
(330, 350)
(330, 351)
(330, 352)
(330, 358)
(330, 371)
(331, 346)
(331, 334)
(331, 352)
(331, 369)
(332, 385)
(332, 387)
(332, 392)
(332, 336)
(332, 364)
(332, 366)
(332, 373)
(332, 382)
(333, 384)
(333, 337)
(333, 357)
(333, 363)
(333, 365)
(333, 382)
(334, 395)
(334, 346)
(334, 350)
(334, 352)
(334, 358)
(334, 368)
(334, 369)
(334, 374)
(334, 380)
(335, 395)
(335, 341)
(335, 349)
(335, 350)
(335, 358)
(335, 379)
(335, 380)
(336, 385)
(336, 387)
(336, 388)
(336, 390)
(336, 392)
(336, 394)
(336, 397)
(336, 362)
(336, 364)
(336, 366)
(336, 373)
(336, 375)
(337, 347)
(337, 365)
(337, 376)
(337, 381)
(337, 382)
(338, 388)
(338, 394)
(338, 396)
(338, 360)
(338, 378)
(338, 383)
(339, 396)
(339, 340)
(339, 353)
(339, 360)
(339, 378)
(340, 396)
(340, 353)
(340, 360)
(340, 378)
(341, 395)
(341, 350)
(341, 352)
(341, 358)
(341, 371)
(342, 348)
(342, 344)
(342, 351)
(342, 356)
(342, 367)
(343, 384)
(343, 389)
(343, 399)
(343, 345)
(343, 349)
(343, 355)
(343, 357)
(343, 363)
(343, 368)
(343, 374)
(343, 380)
(344, 348)
(344, 351)
(344, 356)
(344, 367)
(345, 384)
(345, 389)
(345, 399)
(345, 357)
(345, 363)
(345, 372)
(346, 385)
(346, 387)
(346, 392)
(346, 399)
(346, 355)
(346, 357)
(346, 363)
(346, 368)
(346, 369)
(346, 374)
(347, 391)
(347, 393)
(347, 397)
(347, 354)
(347, 370)
(347, 376)
(347, 381)
(347, 382)
(348, 398)
(348, 351)
(348, 361)
(349, 389)
(349, 395)
(349, 399)
(349, 357)
(349, 368)
(349, 372)
(349, 374)
(349, 379)
(349, 380)
(350, 395)
(350, 352)
(350, 358)
(350, 380)
(350, 371)
(352, 395)
(352, 358)
(352, 380)
(352, 371)
(352, 374)
(353, 396)
(353, 360)
(353, 378)
(354, 393)
(354, 397)
(354, 391)
(354, 370)
(354, 376)
(354, 381)
(355, 389)
(355, 399)
(355, 368)
(355, 357)
(355, 363)
(355, 369)
(355, 374)
(356, 398)
(356, 367)
(357, 384)
(357, 389)
(357, 399)
(357, 368)
(357, 363)
(357, 374)
(358, 395)
(358, 380)
(358, 371)
(359, 386)
(360, 396)
(360, 378)
(360, 383)
(361, 398)
(362, 388)
(362, 390)
(362, 397)
(362, 375)
(362, 383)
(363, 384)
(363, 389)
(363, 399)
(363, 368)
(363, 369)
(363, 374)
(364, 385)
(364, 387)
(364, 392)
(364, 394)
(364, 390)
(364, 366)
(364, 373)
(364, 377)
(365, 376)
(365, 382)
(366, 385)
(366, 387)
(366, 388)
(366, 390)
(366, 392)
(366, 394)
(366, 373)
(366, 377)
(368, 384)
(368, 389)
(368, 395)
(368, 399)
(368, 369)
(368, 374)
(368, 380)
(369, 387)
(369, 392)
(370, 391)
(370, 393)
(370, 376)
(370, 381)
(372, 389)
(372, 379)
(373, 385)
(373, 387)
(373, 392)
(373, 394)
(373, 390)
(373, 377)
(374, 389)
(374, 395)
(374, 399)
(374, 380)
(375, 390)
(375, 388)
(375, 383)
(376, 391)
(376, 381)
(377, 385)
(377, 386)
(377, 392)
(377, 394)
(378, 396)
(379, 395)
(380, 395)
(380, 399)
(381, 391)
(381, 393)
(381, 397)
(381, 382)
(382, 385)
(382, 387)
(382, 392)
(382, 397)
(383, 388)
(383, 390)
(383, 394)
(383, 396)
(384, 389)
(384, 399)
(385, 387)
(385, 392)
(387, 392)
(388, 390)
(388, 394)
(389, 399)
(390, 394)
(391, 393)
(391, 397)
(393, 397)
