#Nodes
0
1
2
3
4
5
6
7
8
9
10
11
12
13
14
15
16
17
18
19
20
21
22
23
24
25
26
27
28
29
30
31
32
33
34
35
36
37
38
39
40
41
42
43
44
45
46
47
48
49
50
51
52
53
54
55
56
57
58
59
60
61
62
63
64
65
66
67
68
69
70
71
72
73
74
75
76
77
78
79
80
81
82
83
84
85
86
87
88
89
90
91
92
93
94
95
96
97
98
99
100
101
102
103
104
105
106
107
108
109
110
111
112
113
114
115
116
117
118
119
120
121
122
123
124
125
126
127
128
129
130
131
132
133
134
135
136
137
138
139
140
141
142
143
144
145
146
147
148
149
150
151
152
153
154
155
156
157
158
159
160
161
162
163
164
165
166
167
168
169
170
171
172
173
174
175
176
177
178
179
180
181
182
183
184
185
186
187
188
189
190
191
192
193
194
195
196
197
198
199
200
201
202
203
204
205
206
207
208
209
210
211
212
213
214
215
216
217
218
219
220
221
222
223
224
225
226
227
228
229
230
231
232
233
234
235
236
237
238
239
240
241
242
243
244
245
246
247
248
249
250
251
252
253
254
255
256
257
258
259
260
261
262
263
264
265
266
267
268
269
270
271
272
273
274
275
276
277
278
279
280
281
282
283
284
285
286
287
288
289
290
291
292
293
294
295
296
297
298
299
300
301
302
303
304
305
306
307
308
309
310
311
312
313
314
315
316
317
318
319
320
321
322
323
324
325
326
327
328
329
330
331
332
333
334
335
336
337
338
339
340
341
342
343
344
345
346
347
348
349
350
351
352
353
354
355
356
357
358
359
360
361
362
363
364
365
366
367
368
369
370
371
372
373
374
375
376
377
378
379
380
381
382
383
384
385
386
387
388
389
390
391
392
393
394
395
396
397
398
399
#Edges
(0, 258)
(0, 3)
(0, 97)
(0, 5)
(0, 264)
(0, 267)
(0, 396)
(0, 397)
(0, 398)
(0, 15)
(0, 144)
(0, 273)
(0, 147)
(0, 149)
(0, 279)
(0, 157)
(0, 32)
(0, 161)
(0, 162)
(0, 163)
(0, 36)
(0, 165)
(0, 145)
(0, 42)
(0, 300)
(0, 173)
(0, 178)
(0, 308)
(0, 309)
(0, 55)
(0, 184)
(0, 180)
(0, 316)
(0, 190)
(0, 191)
(0, 193)
(0, 66)
(0, 118)
(0, 130)
(0, 199)
(0, 73)
(0, 202)
(0, 337)
(0, 35)
(0, 212)
(0, 348)
(0, 349)
(0, 225)
(0, 151)
(0, 50)
(0, 228)
(0, 359)
(0, 60)
(0, 108)
(0, 109)
(0, 112)
(0, 241)
(0, 243)
(0, 116)
(0, 374)
(0, 379)
(0, 127)
(1, 131)
(1, 17)
(1, 150)
(1, 391)
(1, 138)
(1, 271)
(1, 88)
(1, 146)
(1, 278)
(1, 284)
(1, 43)
(1, 114)
(1, 47)
(1, 182)
(1, 313)
(1, 188)
(1, 63)
(1, 325)
(1, 72)
(1, 203)
(1, 208)
(1, 83)
(1, 344)
(1, 91)
(1, 227)
(1, 103)
(1, 360)
(1, 238)
(1, 370)
(1, 123)
(2, 384)
(2, 192)
(2, 260)
(2, 137)
(2, 268)
(2, 270)
(2, 143)
(2, 272)
(2, 277)
(2, 22)
(2, 25)
(2, 281)
(2, 26)
(2, 28)
(2, 285)
(2, 292)
(2, 38)
(2, 295)
(2, 169)
(2, 44)
(2, 46)
(2, 181)
(2, 9)
(2, 187)
(2, 320)
(2, 65)
(2, 67)
(2, 198)
(2, 205)
(2, 207)
(2, 336)
(2, 339)
(2, 214)
(2, 94)
(2, 355)
(2, 356)
(2, 104)
(2, 105)
(2, 363)
(2, 120)
(2, 253)
(2, 126)
(2, 383)
(3, 130)
(3, 135)
(3, 264)
(3, 108)
(3, 151)
(3, 396)
(3, 66)
(3, 398)
(3, 273)
(3, 279)
(3, 154)
(3, 157)
(3, 286)
(3, 160)
(3, 162)
(3, 164)
(3, 145)
(3, 42)
(3, 300)
(3, 173)
(3, 178)
(3, 115)
(3, 308)
(3, 309)
(3, 183)
(3, 184)
(3, 186)
(3, 60)
(3, 190)
(3, 191)
(3, 321)
(3, 322)
(3, 118)
(3, 199)
(3, 200)
(3, 202)
(3, 55)
(3, 335)
(3, 337)
(3, 58)
(3, 212)
(3, 345)
(3, 219)
(3, 348)
(3, 349)
(3, 352)
(3, 97)
(3, 36)
(3, 50)
(3, 359)
(3, 361)
(3, 364)
(3, 109)
(3, 239)
(3, 243)
(3, 374)
(3, 127)
(4, 134)
(4, 393)
(4, 87)
(4, 141)
(4, 399)
(4, 20)
(4, 24)
(4, 156)
(4, 288)
(4, 34)
(4, 291)
(4, 294)
(4, 40)
(4, 307)
(4, 179)
(4, 76)
(4, 334)
(4, 80)
(4, 340)
(4, 343)
(4, 90)
(4, 92)
(4, 223)
(4, 226)
(4, 358)
(4, 234)
(4, 365)
(4, 246)
(4, 250)
(4, 106)
(4, 382)
(5, 385)
(5, 258)
(5, 108)
(5, 394)
(5, 397)
(5, 15)
(5, 273)
(5, 147)
(5, 149)
(5, 89)
(5, 196)
(5, 201)
(5, 155)
(5, 29)
(5, 161)
(5, 162)
(5, 163)
(5, 36)
(5, 165)
(5, 39)
(5, 298)
(5, 300)
(5, 27)
(5, 308)
(5, 53)
(5, 311)
(5, 180)
(5, 316)
(5, 190)
(5, 319)
(5, 193)
(5, 324)
(5, 130)
(5, 199)
(5, 329)
(5, 55)
(5, 332)
(5, 81)
(5, 210)
(5, 35)
(5, 86)
(5, 217)
(5, 100)
(5, 225)
(5, 228)
(5, 33)
(5, 359)
(5, 236)
(5, 109)
(5, 241)
(5, 243)
(5, 116)
(5, 374)
(5, 375)
(5, 191)
(5, 42)
(5, 254)
(5, 127)
(6, 384)
(6, 259)
(6, 260)
(6, 389)
(6, 391)
(6, 136)
(6, 137)
(6, 143)
(6, 272)
(6, 21)
(6, 25)
(6, 281)
(6, 155)
(6, 284)
(6, 133)
(6, 326)
(6, 45)
(6, 176)
(6, 56)
(6, 189)
(6, 67)
(6, 198)
(6, 201)
(6, 207)
(6, 336)
(6, 82)
(6, 339)
(6, 346)
(6, 37)
(6, 293)
(6, 232)
(6, 105)
(6, 237)
(6, 238)
(6, 104)
(6, 244)
(6, 245)
(6, 251)
(6, 124)
(7, 257)
(7, 132)
(7, 395)
(7, 140)
(7, 270)
(7, 16)
(7, 22)
(7, 23)
(7, 152)
(7, 28)
(7, 285)
(7, 30)
(7, 290)
(7, 168)
(7, 297)
(7, 170)
(7, 175)
(7, 305)
(7, 51)
(7, 181)
(7, 314)
(7, 315)
(7, 318)
(7, 79)
(7, 211)
(7, 85)
(7, 347)
(7, 353)
(7, 354)
(7, 235)
(7, 369)
(7, 247)
(7, 121)
(7, 378)
(7, 380)
(7, 381)
(8, 385)
(8, 259)
(8, 261)
(8, 263)
(8, 271)
(8, 17)
(8, 131)
(8, 276)
(8, 278)
(8, 153)
(8, 280)
(8, 299)
(8, 284)
(8, 158)
(8, 31)
(8, 37)
(8, 39)
(8, 391)
(8, 45)
(8, 303)
(8, 201)
(8, 56)
(8, 57)
(8, 317)
(8, 194)
(8, 325)
(8, 70)
(8, 204)
(8, 330)
(8, 75)
(8, 332)
(8, 333)
(8, 78)
(8, 77)
(8, 208)
(8, 83)
(8, 86)
(8, 220)
(8, 96)
(8, 123)
(8, 229)
(8, 237)
(8, 370)
(8, 150)
(8, 251)
(8, 252)
(9, 260)
(9, 136)
(9, 268)
(9, 272)
(9, 67)
(9, 277)
(9, 25)
(9, 26)
(9, 292)
(9, 293)
(9, 295)
(9, 44)
(9, 176)
(9, 94)
(9, 320)
(9, 65)
(9, 195)
(9, 198)
(9, 205)
(9, 207)
(9, 336)
(9, 339)
(9, 350)
(9, 356)
(9, 232)
(9, 105)
(9, 363)
(9, 104)
(9, 120)
(9, 124)
(9, 126)
(9, 383)
(10, 256)
(10, 129)
(10, 387)
(10, 388)
(10, 392)
(10, 266)
(10, 396)
(10, 141)
(10, 273)
(10, 147)
(10, 151)
(10, 283)
(10, 69)
(10, 288)
(10, 161)
(10, 162)
(10, 164)
(10, 296)
(10, 300)
(10, 173)
(10, 48)
(10, 306)
(10, 308)
(10, 309)
(10, 311)
(10, 186)
(10, 319)
(10, 196)
(10, 246)
(10, 74)
(10, 55)
(10, 76)
(10, 335)
(10, 209)
(10, 210)
(10, 87)
(10, 118)
(10, 222)
(10, 224)
(10, 226)
(10, 102)
(10, 145)
(10, 367)
(10, 115)
(10, 116)
(10, 374)
(10, 376)
(10, 249)
(10, 250)
(10, 125)
(11, 128)
(11, 43)
(11, 389)
(11, 136)
(11, 138)
(11, 139)
(11, 133)
(11, 171)
(11, 47)
(11, 182)
(11, 312)
(11, 313)
(11, 188)
(11, 189)
(11, 71)
(11, 72)
(11, 88)
(11, 91)
(11, 227)
(11, 232)
(11, 238)
(11, 113)
(11, 114)
(11, 244)
(12, 386)
(12, 262)
(12, 142)
(12, 144)
(12, 274)
(12, 153)
(12, 282)
(12, 32)
(12, 289)
(12, 112)
(12, 299)
(12, 301)
(12, 302)
(12, 49)
(12, 52)
(12, 185)
(12, 117)
(12, 64)
(12, 323)
(12, 68)
(12, 328)
(12, 73)
(12, 84)
(12, 341)
(12, 216)
(12, 218)
(12, 221)
(12, 351)
(12, 99)
(12, 101)
(12, 230)
(12, 233)
(12, 362)
(12, 18)
(12, 240)
(12, 371)
(12, 372)
(12, 373)
(12, 41)
(12, 377)
(13, 386)
(13, 262)
(13, 111)
(13, 286)
(13, 289)
(13, 41)
(13, 172)
(13, 302)
(13, 93)
(13, 200)
(13, 52)
(13, 60)
(13, 61)
(13, 64)
(13, 197)
(13, 328)
(13, 202)
(13, 84)
(13, 213)
(13, 221)
(13, 351)
(13, 352)
(13, 99)
(13, 101)
(13, 362)
(13, 239)
(13, 240)
(13, 372)
(13, 117)
(13, 377)
(13, 341)
(14, 390)
(14, 392)
(14, 307)
(14, 269)
(14, 20)
(14, 283)
(14, 287)
(14, 288)
(14, 34)
(14, 166)
(14, 48)
(14, 179)
(14, 59)
(14, 62)
(14, 76)
(14, 211)
(14, 342)
(14, 343)
(14, 90)
(14, 223)
(14, 226)
(14, 367)
(14, 376)
(14, 249)
(14, 382)
(14, 255)
(15, 385)
(15, 130)
(15, 97)
(15, 264)
(15, 265)
(15, 267)
(15, 397)
(15, 398)
(15, 60)
(15, 144)
(15, 273)
(15, 149)
(15, 279)
(15, 157)
(15, 32)
(15, 163)
(15, 36)
(15, 165)
(15, 42)
(15, 301)
(15, 303)
(15, 308)
(15, 184)
(15, 180)
(15, 316)
(15, 190)
(15, 191)
(15, 193)
(15, 66)
(15, 199)
(15, 73)
(15, 202)
(15, 332)
(15, 212)
(15, 142)
(15, 86)
(15, 348)
(15, 221)
(15, 351)
(15, 225)
(15, 228)
(15, 359)
(15, 233)
(15, 108)
(15, 109)
(15, 112)
(15, 241)
(15, 243)
(15, 379)
(15, 127)
(16, 257)
(16, 392)
(16, 395)
(16, 140)
(16, 269)
(16, 19)
(16, 23)
(16, 28)
(16, 287)
(16, 48)
(16, 290)
(16, 168)
(16, 297)
(16, 170)
(16, 174)
(16, 304)
(16, 305)
(16, 51)
(16, 314)
(16, 315)
(16, 318)
(16, 331)
(16, 206)
(16, 79)
(16, 248)
(16, 211)
(16, 85)
(16, 342)
(16, 347)
(16, 353)
(16, 98)
(16, 59)
(16, 357)
(16, 231)
(16, 235)
(16, 366)
(16, 62)
(16, 247)
(16, 376)
(16, 380)
(16, 255)
(17, 259)
(17, 150)
(17, 391)
(17, 138)
(17, 271)
(17, 146)
(17, 131)
(17, 276)
(17, 278)
(17, 284)
(17, 261)
(17, 37)
(17, 263)
(17, 182)
(17, 57)
(17, 188)
(17, 63)
(17, 75)
(17, 325)
(17, 70)
(17, 203)
(17, 204)
(17, 77)
(17, 78)
(17, 208)
(17, 83)
(17, 344)
(17, 91)
(17, 96)
(17, 123)
(17, 229)
(17, 103)
(17, 360)
(17, 238)
(17, 370)
(17, 251)
(18, 386)
(18, 265)
(18, 267)
(18, 397)
(18, 142)
(18, 144)
(18, 274)
(18, 149)
(18, 153)
(18, 282)
(18, 32)
(18, 289)
(18, 163)
(18, 41)
(18, 299)
(18, 301)
(18, 303)
(18, 49)
(18, 52)
(18, 185)
(18, 317)
(18, 117)
(18, 64)
(18, 323)
(18, 68)
(18, 328)
(18, 73)
(18, 330)
(18, 338)
(18, 84)
(18, 341)
(18, 216)
(18, 218)
(18, 221)
(18, 351)
(18, 101)
(18, 230)
(18, 233)
(18, 362)
(18, 112)
(18, 371)
(18, 373)
(18, 377)
(18, 379)
(19, 256)
(19, 257)
(19, 387)
(19, 388)
(19, 81)
(19, 392)
(19, 266)
(19, 140)
(19, 107)
(19, 196)
(19, 283)
(19, 28)
(19, 287)
(19, 161)
(19, 27)
(19, 177)
(19, 170)
(19, 174)
(19, 304)
(19, 305)
(19, 306)
(19, 310)
(19, 311)
(19, 59)
(19, 62)
(19, 319)
(19, 324)
(19, 74)
(19, 331)
(19, 206)
(19, 79)
(19, 248)
(19, 210)
(19, 211)
(19, 48)
(19, 342)
(19, 215)
(19, 217)
(19, 222)
(19, 224)
(19, 353)
(19, 98)
(19, 357)
(19, 231)
(19, 235)
(19, 366)
(19, 367)
(19, 368)
(19, 376)
(19, 249)
(19, 122)
(19, 253)
(20, 129)
(20, 179)
(20, 390)
(20, 392)
(20, 87)
(20, 269)
(20, 399)
(20, 283)
(20, 156)
(20, 288)
(20, 34)
(20, 291)
(20, 134)
(20, 166)
(20, 296)
(20, 307)
(20, 62)
(20, 76)
(20, 334)
(20, 141)
(20, 80)
(20, 343)
(20, 90)
(20, 223)
(20, 226)
(20, 358)
(20, 234)
(20, 365)
(20, 367)
(20, 40)
(20, 246)
(20, 376)
(20, 249)
(20, 250)
(20, 106)
(20, 382)
(21, 384)
(21, 259)
(21, 260)
(21, 261)
(21, 391)
(21, 136)
(21, 137)
(21, 138)
(21, 278)
(21, 25)
(21, 284)
(21, 389)
(21, 133)
(21, 293)
(21, 45)
(21, 47)
(21, 176)
(21, 56)
(21, 104)
(21, 188)
(21, 189)
(21, 67)
(21, 326)
(21, 325)
(21, 198)
(21, 71)
(21, 72)
(21, 208)
(21, 82)
(21, 57)
(21, 346)
(21, 37)
(21, 336)
(21, 123)
(21, 232)
(21, 105)
(21, 237)
(21, 238)
(21, 113)
(21, 244)
(21, 245)
(21, 251)
(22, 257)
(22, 235)
(22, 132)
(22, 395)
(22, 268)
(22, 270)
(22, 277)
(22, 23)
(22, 152)
(22, 281)
(22, 28)
(22, 285)
(22, 290)
(22, 292)
(22, 38)
(22, 167)
(22, 168)
(22, 169)
(22, 170)
(22, 44)
(22, 46)
(22, 175)
(22, 51)
(22, 181)
(22, 314)
(22, 192)
(22, 320)
(22, 65)
(22, 140)
(22, 331)
(22, 205)
(22, 214)
(22, 347)
(22, 94)
(22, 355)
(22, 363)
(22, 121)
(22, 378)
(22, 253)
(22, 126)
(23, 257)
(23, 132)
(23, 395)
(23, 140)
(23, 270)
(23, 152)
(23, 28)
(23, 285)
(23, 290)
(23, 168)
(23, 297)
(23, 170)
(23, 175)
(23, 305)
(23, 51)
(23, 181)
(23, 314)
(23, 315)
(23, 318)
(23, 98)
(23, 206)
(23, 79)
(23, 211)
(23, 85)
(23, 347)
(23, 353)
(23, 354)
(23, 231)
(23, 235)
(23, 366)
(23, 369)
(23, 247)
(23, 121)
(23, 378)
(23, 380)
(23, 381)
(24, 129)
(24, 134)
(24, 393)
(24, 141)
(24, 399)
(24, 156)
(24, 288)
(24, 291)
(24, 164)
(24, 294)
(24, 296)
(24, 186)
(24, 322)
(24, 69)
(24, 327)
(24, 76)
(24, 334)
(24, 335)
(24, 80)
(24, 209)
(24, 340)
(24, 87)
(24, 219)
(24, 92)
(24, 95)
(24, 358)
(24, 361)
(24, 234)
(24, 365)
(24, 40)
(24, 115)
(24, 106)
(24, 246)
(24, 119)
(24, 250)
(24, 125)
(25, 384)
(25, 259)
(25, 260)
(25, 136)
(25, 137)
(25, 143)
(25, 272)
(25, 67)
(25, 277)
(25, 281)
(25, 293)
(25, 176)
(25, 94)
(25, 104)
(25, 189)
(25, 320)
(25, 195)
(25, 326)
(25, 198)
(25, 205)
(25, 207)
(25, 336)
(25, 339)
(25, 346)
(25, 350)
(25, 355)
(25, 356)
(25, 232)
(25, 105)
(25, 363)
(25, 237)
(25, 113)
(25, 120)
(25, 124)
(25, 383)
(26, 260)
(26, 268)
(26, 272)
(26, 277)
(26, 292)
(26, 295)
(26, 44)
(26, 320)
(26, 65)
(26, 195)
(26, 198)
(26, 205)
(26, 339)
(26, 94)
(26, 356)
(26, 363)
(26, 120)
(26, 124)
(26, 126)
(26, 383)
(27, 256)
(27, 257)
(27, 258)
(27, 394)
(27, 140)
(27, 89)
(27, 196)
(27, 155)
(27, 29)
(27, 161)
(27, 35)
(27, 38)
(27, 169)
(27, 298)
(27, 174)
(27, 177)
(27, 306)
(27, 53)
(27, 310)
(27, 311)
(27, 187)
(27, 266)
(27, 319)
(27, 192)
(27, 324)
(27, 33)
(27, 331)
(27, 206)
(27, 81)
(27, 210)
(27, 170)
(27, 214)
(27, 215)
(27, 217)
(27, 224)
(27, 355)
(27, 100)
(27, 357)
(27, 107)
(27, 366)
(27, 368)
(27, 116)
(27, 375)
(27, 248)
(27, 122)
(27, 253)
(27, 254)
(28, 257)
(28, 235)
(28, 132)
(28, 395)
(28, 268)
(28, 270)
(28, 107)
(28, 152)
(28, 285)
(28, 290)
(28, 38)
(28, 177)
(28, 168)
(28, 169)
(28, 170)
(28, 46)
(28, 175)
(28, 305)
(28, 51)
(28, 181)
(28, 310)
(28, 314)
(28, 187)
(28, 192)
(28, 140)
(28, 331)
(28, 205)
(28, 206)
(28, 85)
(28, 214)
(28, 215)
(28, 347)
(28, 94)
(28, 353)
(28, 98)
(28, 355)
(28, 357)
(28, 231)
(28, 363)
(28, 366)
(28, 368)
(28, 121)
(28, 378)
(28, 253)
(28, 126)
(29, 384)
(29, 385)
(29, 258)
(29, 394)
(29, 143)
(29, 89)
(29, 155)
(29, 33)
(29, 35)
(29, 39)
(29, 169)
(29, 298)
(29, 45)
(29, 177)
(29, 53)
(29, 310)
(29, 201)
(29, 56)
(29, 187)
(29, 316)
(29, 193)
(29, 194)
(29, 324)
(29, 326)
(29, 329)
(29, 332)
(29, 81)
(29, 82)
(29, 86)
(29, 217)
(29, 220)
(29, 225)
(29, 100)
(29, 107)
(29, 236)
(29, 368)
(29, 245)
(29, 375)
(29, 254)
(30, 132)
(30, 270)
(30, 275)
(30, 148)
(30, 152)
(30, 285)
(30, 159)
(30, 290)
(30, 292)
(30, 167)
(30, 175)
(30, 51)
(30, 181)
(30, 54)
(30, 65)
(30, 85)
(30, 347)
(30, 354)
(30, 110)
(30, 242)
(30, 121)
(30, 378)
(30, 381)
(30, 126)
(31, 385)
(31, 261)
(31, 263)
(31, 265)
(31, 45)
(31, 276)
(31, 278)
(31, 280)
(31, 153)
(31, 158)
(31, 37)
(31, 39)
(31, 299)
(31, 301)
(31, 303)
(31, 201)
(31, 56)
(31, 185)
(31, 317)
(31, 193)
(31, 194)
(31, 70)
(31, 329)
(31, 330)
(31, 332)
(31, 333)
(31, 78)
(31, 77)
(31, 208)
(31, 86)
(31, 57)
(31, 89)
(31, 220)
(31, 96)
(31, 225)
(31, 379)
(31, 228)
(31, 229)
(31, 236)
(31, 204)
(31, 245)
(31, 375)
(31, 251)
(31, 252)
(32, 386)
(32, 264)
(32, 265)
(32, 267)
(32, 397)
(32, 398)
(32, 60)
(32, 144)
(32, 274)
(32, 149)
(32, 279)
(32, 111)
(32, 286)
(32, 289)
(32, 163)
(32, 36)
(32, 165)
(32, 41)
(32, 299)
(32, 172)
(32, 301)
(32, 142)
(32, 93)
(32, 49)
(32, 243)
(32, 180)
(32, 183)
(32, 184)
(32, 52)
(32, 316)
(32, 61)
(32, 190)
(32, 191)
(32, 64)
(32, 66)
(32, 199)
(32, 200)
(32, 73)
(32, 202)
(32, 337)
(32, 212)
(32, 341)
(32, 348)
(32, 221)
(32, 351)
(32, 352)
(32, 225)
(32, 117)
(32, 228)
(32, 233)
(32, 362)
(32, 108)
(32, 109)
(32, 239)
(32, 112)
(32, 241)
(32, 371)
(32, 372)
(32, 373)
(32, 379)
(32, 127)
(33, 384)
(33, 385)
(33, 258)
(33, 137)
(33, 394)
(33, 143)
(33, 89)
(33, 281)
(33, 155)
(33, 35)
(33, 38)
(33, 169)
(33, 298)
(33, 45)
(33, 177)
(33, 53)
(33, 310)
(33, 201)
(33, 187)
(33, 192)
(33, 324)
(33, 326)
(33, 329)
(33, 331)
(33, 207)
(33, 336)
(33, 81)
(33, 82)
(33, 214)
(33, 215)
(33, 217)
(33, 355)
(33, 100)
(33, 357)
(33, 104)
(33, 107)
(33, 236)
(33, 368)
(33, 245)
(33, 375)
(33, 122)
(33, 253)
(33, 254)
(34, 129)
(34, 388)
(34, 390)
(34, 392)
(34, 307)
(34, 269)
(34, 283)
(34, 287)
(34, 288)
(34, 48)
(34, 166)
(34, 304)
(34, 179)
(34, 59)
(34, 62)
(34, 74)
(34, 76)
(34, 141)
(34, 211)
(34, 342)
(34, 343)
(34, 90)
(34, 223)
(34, 226)
(34, 367)
(34, 376)
(34, 249)
(34, 382)
(34, 255)
(35, 256)
(35, 385)
(35, 258)
(35, 387)
(35, 394)
(35, 130)
(35, 273)
(35, 147)
(35, 89)
(35, 196)
(35, 161)
(35, 162)
(35, 165)
(35, 298)
(35, 300)
(35, 174)
(35, 306)
(35, 308)
(35, 309)
(35, 311)
(35, 316)
(35, 266)
(35, 190)
(35, 319)
(35, 193)
(35, 324)
(35, 329)
(35, 55)
(35, 81)
(35, 210)
(35, 215)
(35, 217)
(35, 224)
(35, 100)
(35, 102)
(35, 359)
(35, 53)
(35, 236)
(35, 109)
(35, 368)
(35, 241)
(35, 243)
(35, 116)
(35, 374)
(35, 375)
(35, 122)
(35, 191)
(35, 42)
(35, 254)
(35, 127)
(36, 130)
(36, 97)
(36, 264)
(36, 267)
(36, 397)
(36, 398)
(36, 144)
(36, 273)
(36, 149)
(36, 279)
(36, 157)
(36, 286)
(36, 163)
(36, 165)
(36, 145)
(36, 42)
(36, 300)
(36, 173)
(36, 178)
(36, 308)
(36, 309)
(36, 183)
(36, 184)
(36, 180)
(36, 58)
(36, 316)
(36, 190)
(36, 191)
(36, 66)
(36, 199)
(36, 200)
(36, 73)
(36, 202)
(36, 55)
(36, 337)
(36, 212)
(36, 142)
(36, 345)
(36, 348)
(36, 349)
(36, 351)
(36, 352)
(36, 225)
(36, 151)
(36, 50)
(36, 228)
(36, 359)
(36, 60)
(36, 108)
(36, 109)
(36, 112)
(36, 241)
(36, 243)
(36, 374)
(36, 379)
(36, 127)
(37, 259)
(37, 261)
(37, 391)
(37, 138)
(37, 271)
(37, 131)
(37, 276)
(37, 278)
(37, 150)
(37, 284)
(37, 158)
(37, 389)
(37, 70)
(37, 263)
(37, 45)
(37, 56)
(37, 57)
(37, 188)
(37, 63)
(37, 194)
(37, 325)
(37, 326)
(37, 201)
(37, 203)
(37, 204)
(37, 77)
(37, 78)
(37, 208)
(37, 83)
(37, 344)
(37, 346)
(37, 91)
(37, 220)
(37, 96)
(37, 123)
(37, 229)
(37, 103)
(37, 360)
(37, 237)
(37, 238)
(37, 370)
(37, 244)
(37, 251)
(38, 384)
(38, 257)
(38, 235)
(38, 395)
(38, 268)
(38, 270)
(38, 143)
(38, 107)
(38, 277)
(38, 46)
(38, 281)
(38, 290)
(38, 177)
(38, 168)
(38, 169)
(38, 170)
(38, 174)
(38, 305)
(38, 51)
(38, 181)
(38, 310)
(38, 314)
(38, 187)
(38, 192)
(38, 320)
(38, 324)
(38, 140)
(38, 331)
(38, 205)
(38, 206)
(38, 207)
(38, 214)
(38, 215)
(38, 217)
(38, 94)
(38, 355)
(38, 357)
(38, 363)
(38, 366)
(38, 368)
(38, 122)
(38, 253)
(39, 385)
(39, 261)
(39, 263)
(39, 265)
(39, 397)
(39, 45)
(39, 276)
(39, 149)
(39, 153)
(39, 158)
(39, 163)
(39, 165)
(39, 298)
(39, 299)
(39, 301)
(39, 303)
(39, 180)
(39, 201)
(39, 56)
(39, 57)
(39, 316)
(39, 193)
(39, 194)
(39, 70)
(39, 329)
(39, 330)
(39, 332)
(39, 333)
(39, 78)
(39, 77)
(39, 82)
(39, 86)
(39, 89)
(39, 220)
(39, 96)
(39, 225)
(39, 379)
(39, 228)
(39, 229)
(39, 236)
(39, 241)
(39, 204)
(39, 245)
(39, 375)
(39, 251)
(39, 252)
(40, 129)
(40, 134)
(40, 393)
(40, 87)
(40, 141)
(40, 399)
(40, 283)
(40, 156)
(40, 288)
(40, 291)
(40, 294)
(40, 296)
(40, 307)
(40, 179)
(40, 95)
(40, 69)
(40, 76)
(40, 334)
(40, 80)
(40, 209)
(40, 340)
(40, 343)
(40, 90)
(40, 92)
(40, 223)
(40, 226)
(40, 358)
(40, 234)
(40, 365)
(40, 106)
(40, 246)
(40, 250)
(40, 125)
(40, 382)
(41, 386)
(41, 262)
(41, 265)
(41, 267)
(41, 397)
(41, 142)
(41, 144)
(41, 274)
(41, 149)
(41, 282)
(41, 111)
(41, 286)
(41, 289)
(41, 163)
(41, 49)
(41, 112)
(41, 172)
(41, 301)
(41, 93)
(41, 200)
(41, 52)
(41, 184)
(41, 185)
(41, 60)
(41, 61)
(41, 117)
(41, 64)
(41, 66)
(41, 68)
(41, 199)
(41, 328)
(41, 73)
(41, 202)
(41, 212)
(41, 341)
(41, 221)
(41, 351)
(41, 84)
(41, 101)
(41, 230)
(41, 233)
(41, 362)
(41, 239)
(41, 240)
(41, 371)
(41, 372)
(41, 373)
(41, 377)
(41, 379)
(42, 258)
(42, 264)
(42, 267)
(42, 396)
(42, 397)
(42, 398)
(42, 273)
(42, 147)
(42, 149)
(42, 279)
(42, 157)
(42, 161)
(42, 162)
(42, 163)
(42, 164)
(42, 165)
(42, 145)
(42, 300)
(42, 173)
(42, 178)
(42, 115)
(42, 308)
(42, 309)
(42, 55)
(42, 184)
(42, 180)
(42, 316)
(42, 190)
(42, 319)
(42, 66)
(42, 196)
(42, 118)
(42, 130)
(42, 199)
(42, 337)
(42, 210)
(42, 212)
(42, 348)
(42, 349)
(42, 97)
(42, 151)
(42, 50)
(42, 102)
(42, 359)
(42, 108)
(42, 109)
(42, 241)
(42, 243)
(42, 116)
(42, 374)
(42, 191)
(42, 254)
(42, 127)
(43, 128)
(43, 133)
(43, 391)
(43, 138)
(43, 139)
(43, 88)
(43, 146)
(43, 284)
(43, 389)
(43, 171)
(43, 47)
(43, 182)
(43, 312)
(43, 313)
(43, 188)
(43, 63)
(43, 325)
(43, 71)
(43, 72)
(43, 203)
(43, 344)
(43, 91)
(43, 227)
(43, 360)
(43, 238)
(43, 113)
(43, 114)
(43, 244)
(43, 123)
(44, 260)
(44, 268)
(44, 270)
(44, 272)
(44, 277)
(44, 285)
(44, 292)
(44, 295)
(44, 46)
(44, 181)
(44, 320)
(44, 65)
(44, 195)
(44, 198)
(44, 205)
(44, 207)
(44, 339)
(44, 94)
(44, 356)
(44, 363)
(44, 120)
(44, 126)
(44, 383)
(45, 384)
(45, 385)
(45, 258)
(45, 259)
(45, 261)
(45, 137)
(45, 394)
(45, 143)
(45, 278)
(45, 281)
(45, 155)
(45, 293)
(45, 298)
(45, 201)
(45, 56)
(45, 57)
(45, 187)
(45, 193)
(45, 194)
(45, 67)
(45, 326)
(45, 329)
(45, 332)
(45, 336)
(45, 82)
(45, 86)
(45, 89)
(45, 346)
(45, 220)
(45, 96)
(45, 100)
(45, 104)
(45, 105)
(45, 236)
(45, 237)
(45, 204)
(45, 245)
(45, 375)
(45, 251)
(46, 384)
(46, 257)
(46, 363)
(46, 395)
(46, 268)
(46, 270)
(46, 143)
(46, 272)
(46, 107)
(46, 277)
(46, 152)
(46, 281)
(46, 285)
(46, 290)
(46, 292)
(46, 168)
(46, 169)
(46, 170)
(46, 175)
(46, 177)
(46, 51)
(46, 181)
(46, 310)
(46, 314)
(46, 187)
(46, 192)
(46, 320)
(46, 65)
(46, 140)
(46, 331)
(46, 205)
(46, 207)
(46, 339)
(46, 214)
(46, 94)
(46, 355)
(46, 104)
(46, 235)
(46, 368)
(46, 253)
(46, 126)
(46, 383)
(47, 128)
(47, 133)
(47, 391)
(47, 138)
(47, 139)
(47, 88)
(47, 146)
(47, 284)
(47, 389)
(47, 113)
(47, 171)
(47, 182)
(47, 312)
(47, 313)
(47, 188)
(47, 189)
(47, 63)
(47, 325)
(47, 71)
(47, 72)
(47, 203)
(47, 344)
(47, 91)
(47, 227)
(47, 360)
(47, 238)
(47, 232)
(47, 114)
(47, 244)
(47, 123)
(48, 256)
(48, 129)
(48, 387)
(48, 388)
(48, 390)
(48, 392)
(48, 266)
(48, 215)
(48, 269)
(48, 283)
(48, 287)
(48, 288)
(48, 166)
(48, 296)
(48, 174)
(48, 304)
(48, 306)
(48, 311)
(48, 87)
(48, 59)
(48, 62)
(48, 319)
(48, 196)
(48, 74)
(48, 76)
(48, 98)
(48, 206)
(48, 141)
(48, 248)
(48, 210)
(48, 211)
(48, 342)
(48, 343)
(48, 90)
(48, 222)
(48, 224)
(48, 226)
(48, 357)
(48, 102)
(48, 231)
(48, 366)
(48, 367)
(48, 376)
(48, 249)
(48, 122)
(48, 255)
(49, 386)
(49, 262)
(49, 265)
(49, 267)
(49, 142)
(49, 144)
(49, 274)
(49, 149)
(49, 153)
(49, 282)
(49, 289)
(49, 163)
(49, 112)
(49, 299)
(49, 172)
(49, 301)
(49, 93)
(49, 52)
(49, 185)
(49, 117)
(49, 64)
(49, 323)
(49, 68)
(49, 328)
(49, 73)
(49, 330)
(49, 84)
(49, 341)
(49, 216)
(49, 221)
(49, 351)
(49, 101)
(49, 230)
(49, 233)
(49, 362)
(49, 240)
(49, 371)
(49, 372)
(49, 373)
(49, 377)
(49, 379)
(50, 130)
(50, 135)
(50, 264)
(50, 108)
(50, 151)
(50, 396)
(50, 66)
(50, 398)
(50, 273)
(50, 147)
(50, 279)
(50, 154)
(50, 157)
(50, 286)
(50, 160)
(50, 162)
(50, 164)
(50, 145)
(50, 199)
(50, 300)
(50, 173)
(50, 178)
(50, 115)
(50, 308)
(50, 309)
(50, 183)
(50, 184)
(50, 186)
(50, 60)
(50, 190)
(50, 191)
(50, 321)
(50, 322)
(50, 118)
(50, 327)
(50, 200)
(50, 202)
(50, 55)
(50, 335)
(50, 337)
(50, 58)
(50, 212)
(50, 345)
(50, 219)
(50, 348)
(50, 349)
(50, 352)
(50, 97)
(50, 359)
(50, 361)
(50, 364)
(50, 109)
(50, 243)
(50, 116)
(50, 374)
(50, 127)
(51, 257)
(51, 132)
(51, 395)
(51, 268)
(51, 270)
(51, 152)
(51, 285)
(51, 290)
(51, 168)
(51, 297)
(51, 170)
(51, 175)
(51, 305)
(51, 181)
(51, 314)
(51, 315)
(51, 140)
(51, 98)
(51, 206)
(51, 79)
(51, 85)
(51, 347)
(51, 353)
(51, 354)
(51, 235)
(51, 366)
(51, 381)
(51, 369)
(51, 247)
(51, 121)
(51, 378)
(51, 380)
(51, 253)
(52, 386)
(52, 262)
(52, 142)
(52, 144)
(52, 274)
(52, 282)
(52, 111)
(52, 289)
(52, 112)
(52, 172)
(52, 302)
(52, 93)
(52, 61)
(52, 117)
(52, 64)
(52, 68)
(52, 197)
(52, 328)
(52, 73)
(52, 84)
(52, 341)
(52, 221)
(52, 351)
(52, 99)
(52, 101)
(52, 230)
(52, 233)
(52, 362)
(52, 239)
(52, 240)
(52, 371)
(52, 372)
(52, 373)
(52, 377)
(53, 385)
(53, 258)
(53, 394)
(53, 130)
(53, 89)
(53, 196)
(53, 155)
(53, 161)
(53, 169)
(53, 298)
(53, 174)
(53, 177)
(53, 306)
(53, 310)
(53, 311)
(53, 187)
(53, 319)
(53, 192)
(53, 324)
(53, 329)
(53, 331)
(53, 81)
(53, 210)
(53, 214)
(53, 215)
(53, 217)
(53, 224)
(53, 100)
(53, 357)
(53, 107)
(53, 236)
(53, 82)
(53, 368)
(53, 116)
(53, 245)
(53, 375)
(53, 248)
(53, 122)
(53, 253)
(53, 254)
(54, 354)
(54, 132)
(54, 167)
(54, 110)
(54, 175)
(54, 242)
(54, 275)
(54, 148)
(54, 121)
(54, 378)
(54, 159)
(55, 256)
(55, 258)
(55, 387)
(55, 81)
(55, 145)
(55, 266)
(55, 151)
(55, 396)
(55, 130)
(55, 173)
(55, 273)
(55, 147)
(55, 279)
(55, 157)
(55, 161)
(55, 162)
(55, 164)
(55, 300)
(55, 178)
(55, 306)
(55, 115)
(55, 308)
(55, 309)
(55, 311)
(55, 186)
(55, 316)
(55, 190)
(55, 319)
(55, 196)
(55, 118)
(55, 335)
(55, 209)
(55, 210)
(55, 348)
(55, 349)
(55, 222)
(55, 224)
(55, 97)
(55, 102)
(55, 359)
(55, 108)
(55, 109)
(55, 241)
(55, 243)
(55, 116)
(55, 374)
(55, 191)
(55, 254)
(55, 127)
(56, 384)
(56, 385)
(56, 259)
(56, 261)
(56, 391)
(56, 137)
(56, 143)
(56, 278)
(56, 155)
(56, 284)
(56, 293)
(56, 298)
(56, 263)
(56, 201)
(56, 57)
(56, 189)
(56, 194)
(56, 67)
(56, 326)
(56, 329)
(56, 204)
(56, 78)
(56, 336)
(56, 82)
(56, 86)
(56, 89)
(56, 346)
(56, 220)
(56, 96)
(56, 208)
(56, 123)
(56, 104)
(56, 105)
(56, 236)
(56, 237)
(56, 238)
(56, 244)
(56, 245)
(56, 375)
(56, 251)
(57, 385)
(57, 259)
(57, 261)
(57, 263)
(57, 276)
(57, 278)
(57, 150)
(57, 280)
(57, 299)
(57, 284)
(57, 158)
(57, 70)
(57, 391)
(57, 303)
(57, 201)
(57, 193)
(57, 194)
(57, 325)
(57, 326)
(57, 329)
(57, 330)
(57, 332)
(57, 333)
(57, 78)
(57, 77)
(57, 208)
(57, 83)
(57, 86)
(57, 220)
(57, 96)
(57, 123)
(57, 229)
(57, 236)
(57, 237)
(57, 370)
(57, 204)
(57, 245)
(57, 251)
(57, 252)
(58, 135)
(58, 264)
(58, 108)
(58, 66)
(58, 398)
(58, 279)
(58, 154)
(58, 111)
(58, 157)
(58, 286)
(58, 160)
(58, 172)
(58, 173)
(58, 93)
(58, 178)
(58, 183)
(58, 184)
(58, 60)
(58, 61)
(58, 190)
(58, 321)
(58, 322)
(58, 199)
(58, 200)
(58, 202)
(58, 335)
(58, 337)
(58, 212)
(58, 213)
(58, 345)
(58, 219)
(58, 348)
(58, 349)
(58, 352)
(58, 97)
(58, 359)
(58, 364)
(58, 239)
(59, 387)
(59, 388)
(59, 390)
(59, 392)
(59, 266)
(59, 140)
(59, 269)
(59, 283)
(59, 287)
(59, 166)
(59, 170)
(59, 304)
(59, 305)
(59, 306)
(59, 315)
(59, 318)
(59, 74)
(59, 98)
(59, 206)
(59, 79)
(59, 248)
(59, 211)
(59, 342)
(59, 343)
(59, 90)
(59, 353)
(59, 226)
(59, 231)
(59, 366)
(59, 367)
(59, 62)
(59, 247)
(59, 376)
(59, 249)
(59, 255)
(60, 386)
(60, 135)
(60, 264)
(60, 267)
(60, 397)
(60, 398)
(60, 144)
(60, 149)
(60, 279)
(60, 111)
(60, 157)
(60, 286)
(60, 160)
(60, 289)
(60, 163)
(60, 172)
(60, 142)
(60, 349)
(60, 180)
(60, 183)
(60, 184)
(60, 61)
(60, 190)
(60, 64)
(60, 321)
(60, 66)
(60, 199)
(60, 200)
(60, 73)
(60, 202)
(60, 337)
(60, 212)
(60, 341)
(60, 345)
(60, 348)
(60, 221)
(60, 351)
(60, 352)
(60, 97)
(60, 362)
(60, 108)
(60, 109)
(60, 93)
(60, 239)
(60, 112)
(60, 241)
(60, 243)
(60, 372)
(60, 127)
(60, 213)
(61, 386)
(61, 264)
(61, 267)
(61, 398)
(61, 144)
(61, 279)
(61, 111)
(61, 286)
(61, 160)
(61, 289)
(61, 112)
(61, 172)
(61, 93)
(61, 183)
(61, 184)
(61, 64)
(61, 321)
(61, 66)
(61, 199)
(61, 200)
(61, 202)
(61, 337)
(61, 212)
(61, 341)
(61, 345)
(61, 221)
(61, 351)
(61, 352)
(61, 101)
(61, 362)
(61, 239)
(61, 240)
(61, 372)
(61, 377)
(61, 213)
(62, 129)
(62, 387)
(62, 388)
(62, 390)
(62, 392)
(62, 266)
(62, 269)
(62, 283)
(62, 287)
(62, 288)
(62, 166)
(62, 304)
(62, 306)
(62, 179)
(62, 315)
(62, 318)
(62, 74)
(62, 76)
(62, 98)
(62, 141)
(62, 376)
(62, 211)
(62, 342)
(62, 343)
(62, 90)
(62, 79)
(62, 223)
(62, 226)
(62, 231)
(62, 367)
(62, 248)
(62, 249)
(62, 255)
(63, 131)
(63, 133)
(63, 391)
(63, 138)
(63, 271)
(63, 88)
(63, 146)
(63, 278)
(63, 284)
(63, 150)
(63, 261)
(63, 389)
(63, 114)
(63, 182)
(63, 313)
(63, 188)
(63, 325)
(63, 72)
(63, 203)
(63, 78)
(63, 208)
(63, 83)
(63, 344)
(63, 91)
(63, 227)
(63, 103)
(63, 360)
(63, 238)
(63, 370)
(63, 244)
(63, 123)
(64, 386)
(64, 262)
(64, 142)
(64, 144)
(64, 274)
(64, 282)
(64, 111)
(64, 289)
(64, 112)
(64, 172)
(64, 302)
(64, 93)
(64, 117)
(64, 197)
(64, 328)
(64, 202)
(64, 84)
(64, 341)
(64, 221)
(64, 351)
(64, 99)
(64, 101)
(64, 230)
(64, 233)
(64, 362)
(64, 239)
(64, 240)
(64, 371)
(64, 372)
(64, 373)
(64, 377)
(65, 132)
(65, 268)
(65, 270)
(65, 277)
(65, 152)
(65, 167)
(65, 292)
(65, 295)
(65, 175)
(65, 181)
(65, 314)
(65, 320)
(65, 205)
(65, 339)
(65, 94)
(65, 356)
(65, 363)
(65, 285)
(65, 120)
(65, 121)
(65, 126)
(65, 383)
(66, 386)
(66, 135)
(66, 264)
(66, 267)
(66, 397)
(66, 398)
(66, 144)
(66, 149)
(66, 279)
(66, 111)
(66, 157)
(66, 286)
(66, 160)
(66, 289)
(66, 163)
(66, 172)
(66, 142)
(66, 221)
(66, 178)
(66, 180)
(66, 183)
(66, 184)
(66, 190)
(66, 191)
(66, 321)
(66, 199)
(66, 200)
(66, 73)
(66, 202)
(66, 337)
(66, 212)
(66, 341)
(66, 345)
(66, 348)
(66, 349)
(66, 351)
(66, 352)
(66, 97)
(66, 359)
(66, 362)
(66, 108)
(66, 109)
(66, 93)
(66, 239)
(66, 112)
(66, 241)
(66, 243)
(66, 372)
(66, 127)
(66, 213)
(67, 384)
(67, 259)
(67, 260)
(67, 136)
(67, 137)
(67, 143)
(67, 272)
(67, 281)
(67, 155)
(67, 293)
(67, 176)
(67, 94)
(67, 187)
(67, 189)
(67, 320)
(67, 195)
(67, 326)
(67, 198)
(67, 205)
(67, 207)
(67, 336)
(67, 82)
(67, 339)
(67, 346)
(67, 350)
(67, 355)
(67, 356)
(67, 232)
(67, 105)
(67, 363)
(67, 237)
(67, 104)
(67, 245)
(67, 120)
(67, 124)
(67, 383)
(68, 265)
(68, 142)
(68, 144)
(68, 274)
(68, 280)
(68, 153)
(68, 282)
(68, 289)
(68, 299)
(68, 301)
(68, 303)
(68, 185)
(68, 317)
(68, 117)
(68, 323)
(68, 328)
(68, 73)
(68, 330)
(68, 75)
(68, 338)
(68, 216)
(68, 218)
(68, 101)
(68, 221)
(68, 351)
(68, 229)
(68, 230)
(68, 233)
(68, 112)
(68, 371)
(68, 373)
(68, 252)
(69, 129)
(69, 393)
(69, 396)
(69, 141)
(69, 399)
(69, 145)
(69, 151)
(69, 154)
(69, 156)
(69, 288)
(69, 291)
(69, 164)
(69, 294)
(69, 296)
(69, 173)
(69, 309)
(69, 186)
(69, 322)
(69, 118)
(69, 327)
(69, 76)
(69, 334)
(69, 335)
(69, 209)
(69, 340)
(69, 87)
(69, 219)
(69, 222)
(69, 95)
(69, 358)
(69, 361)
(69, 234)
(69, 364)
(69, 365)
(69, 115)
(69, 246)
(69, 119)
(69, 250)
(69, 125)
(70, 261)
(70, 263)
(70, 265)
(70, 276)
(70, 278)
(70, 150)
(70, 280)
(70, 153)
(70, 158)
(70, 299)
(70, 301)
(70, 303)
(70, 185)
(70, 317)
(70, 194)
(70, 204)
(70, 330)
(70, 75)
(70, 332)
(70, 333)
(70, 78)
(70, 77)
(70, 208)
(70, 338)
(70, 86)
(70, 216)
(70, 218)
(70, 220)
(70, 96)
(70, 225)
(70, 228)
(70, 229)
(70, 370)
(70, 251)
(70, 252)
(71, 128)
(71, 389)
(71, 391)
(71, 136)
(71, 138)
(71, 139)
(71, 133)
(71, 171)
(71, 182)
(71, 312)
(71, 188)
(71, 189)
(71, 72)
(71, 88)
(71, 91)
(71, 350)
(71, 227)
(71, 232)
(71, 238)
(71, 113)
(71, 114)
(71, 244)
(72, 128)
(72, 133)
(72, 391)
(72, 138)
(72, 139)
(72, 88)
(72, 146)
(72, 284)
(72, 389)
(72, 113)
(72, 171)
(72, 182)
(72, 312)
(72, 313)
(72, 188)
(72, 189)
(72, 325)
(72, 203)
(72, 344)
(72, 91)
(72, 227)
(72, 103)
(72, 360)
(72, 238)
(72, 232)
(72, 114)
(72, 244)
(72, 123)
(73, 386)
(73, 265)
(73, 267)
(73, 397)
(73, 142)
(73, 144)
(73, 274)
(73, 149)
(73, 279)
(73, 153)
(73, 289)
(73, 163)
(73, 165)
(73, 299)
(73, 172)
(73, 301)
(73, 303)
(73, 371)
(73, 180)
(73, 184)
(73, 185)
(73, 316)
(73, 202)
(73, 191)
(73, 193)
(73, 199)
(73, 330)
(73, 333)
(73, 212)
(73, 341)
(73, 348)
(73, 221)
(73, 351)
(73, 225)
(73, 117)
(73, 228)
(73, 230)
(73, 233)
(73, 362)
(73, 108)
(73, 109)
(73, 93)
(73, 239)
(73, 112)
(73, 241)
(73, 243)
(73, 373)
(73, 379)
(73, 127)
(74, 256)
(74, 129)
(74, 387)
(74, 388)
(74, 392)
(74, 266)
(74, 215)
(74, 269)
(74, 147)
(74, 283)
(74, 287)
(74, 288)
(74, 161)
(74, 162)
(74, 166)
(74, 296)
(74, 300)
(74, 174)
(74, 304)
(74, 306)
(74, 209)
(74, 311)
(74, 87)
(74, 319)
(74, 196)
(74, 76)
(74, 98)
(74, 206)
(74, 141)
(74, 248)
(74, 210)
(74, 342)
(74, 343)
(74, 222)
(74, 224)
(74, 226)
(74, 357)
(74, 102)
(74, 231)
(74, 366)
(74, 367)
(74, 115)
(74, 116)
(74, 376)
(74, 249)
(74, 122)
(75, 263)
(75, 276)
(75, 150)
(75, 280)
(75, 153)
(75, 299)
(75, 185)
(75, 317)
(75, 323)
(75, 330)
(75, 77)
(75, 78)
(75, 338)
(75, 216)
(75, 218)
(75, 229)
(75, 370)
(75, 252)
(76, 129)
(76, 387)
(76, 388)
(76, 179)
(76, 390)
(76, 392)
(76, 393)
(76, 87)
(76, 269)
(76, 399)
(76, 283)
(76, 156)
(76, 288)
(76, 291)
(76, 166)
(76, 296)
(76, 307)
(76, 334)
(76, 141)
(76, 80)
(76, 209)
(76, 343)
(76, 90)
(76, 222)
(76, 223)
(76, 226)
(76, 358)
(76, 234)
(76, 365)
(76, 367)
(76, 106)
(76, 246)
(76, 376)
(76, 249)
(76, 250)
(76, 125)
(76, 382)
(77, 131)
(77, 261)
(77, 263)
(77, 271)
(77, 276)
(77, 278)
(77, 150)
(77, 280)
(77, 153)
(77, 284)
(77, 158)
(77, 299)
(77, 303)
(77, 317)
(77, 194)
(77, 325)
(77, 330)
(77, 204)
(77, 333)
(77, 78)
(77, 208)
(77, 338)
(77, 83)
(77, 86)
(77, 220)
(77, 96)
(77, 123)
(77, 229)
(77, 370)
(77, 251)
(77, 252)
(78, 259)
(78, 261)
(78, 391)
(78, 271)
(78, 131)
(78, 276)
(78, 278)
(78, 150)
(78, 280)
(78, 284)
(78, 158)
(78, 263)
(78, 317)
(78, 194)
(78, 325)
(78, 330)
(78, 204)
(78, 333)
(78, 208)
(78, 83)
(78, 344)
(78, 220)
(78, 96)
(78, 123)
(78, 229)
(78, 103)
(78, 360)
(78, 237)
(78, 238)
(78, 370)
(78, 251)
(78, 252)
(79, 257)
(79, 390)
(79, 395)
(79, 140)
(79, 269)
(79, 287)
(79, 297)
(79, 170)
(79, 304)
(79, 305)
(79, 315)
(79, 318)
(79, 206)
(79, 211)
(79, 85)
(79, 342)
(79, 347)
(79, 353)
(79, 98)
(79, 231)
(79, 235)
(79, 366)
(79, 369)
(79, 247)
(79, 376)
(79, 380)
(79, 255)
(80, 134)
(80, 393)
(80, 87)
(80, 141)
(80, 399)
(80, 156)
(80, 288)
(80, 291)
(80, 294)
(80, 307)
(80, 179)
(80, 334)
(80, 340)
(80, 343)
(80, 90)
(80, 92)
(80, 223)
(80, 226)
(80, 358)
(80, 234)
(80, 365)
(80, 246)
(80, 250)
(80, 106)
(80, 382)
(81, 256)
(81, 385)
(81, 258)
(81, 394)
(81, 130)
(81, 147)
(81, 89)
(81, 196)
(81, 155)
(81, 161)
(81, 169)
(81, 298)
(81, 174)
(81, 177)
(81, 306)
(81, 308)
(81, 310)
(81, 311)
(81, 187)
(81, 316)
(81, 319)
(81, 324)
(81, 329)
(81, 331)
(81, 210)
(81, 215)
(81, 217)
(81, 224)
(81, 100)
(81, 357)
(81, 102)
(81, 107)
(81, 236)
(81, 82)
(81, 368)
(81, 116)
(81, 374)
(81, 375)
(81, 248)
(81, 122)
(81, 254)
(82, 384)
(82, 385)
(82, 258)
(82, 259)
(82, 137)
(82, 394)
(82, 143)
(82, 281)
(82, 155)
(82, 169)
(82, 298)
(82, 201)
(82, 187)
(82, 193)
(82, 194)
(82, 324)
(82, 326)
(82, 329)
(82, 332)
(82, 336)
(82, 86)
(82, 89)
(82, 346)
(82, 220)
(82, 96)
(82, 100)
(82, 104)
(82, 236)
(82, 237)
(82, 204)
(82, 245)
(82, 375)
(82, 251)
(82, 254)
(83, 131)
(83, 150)
(83, 391)
(83, 138)
(83, 271)
(83, 88)
(83, 146)
(83, 278)
(83, 284)
(83, 261)
(83, 114)
(83, 182)
(83, 313)
(83, 188)
(83, 325)
(83, 203)
(83, 208)
(83, 344)
(83, 91)
(83, 227)
(83, 103)
(83, 360)
(83, 238)
(83, 370)
(83, 123)
(84, 386)
(84, 262)
(84, 274)
(84, 282)
(84, 289)
(84, 302)
(84, 117)
(84, 197)
(84, 328)
(84, 341)
(84, 99)
(84, 101)
(84, 230)
(84, 362)
(84, 240)
(84, 371)
(84, 372)
(84, 373)
(84, 377)
(85, 132)
(85, 395)
(85, 270)
(85, 152)
(85, 285)
(85, 290)
(85, 168)
(85, 297)
(85, 175)
(85, 305)
(85, 181)
(85, 314)
(85, 315)
(85, 318)
(85, 347)
(85, 353)
(85, 354)
(85, 235)
(85, 369)
(85, 242)
(85, 247)
(85, 121)
(85, 378)
(85, 380)
(85, 381)
(86, 385)
(86, 258)
(86, 263)
(86, 265)
(86, 394)
(86, 397)
(86, 276)
(86, 149)
(86, 89)
(86, 155)
(86, 158)
(86, 163)
(86, 165)
(86, 298)
(86, 299)
(86, 301)
(86, 303)
(86, 180)
(86, 201)
(86, 316)
(86, 193)
(86, 194)
(86, 329)
(86, 330)
(86, 332)
(86, 333)
(86, 100)
(86, 220)
(86, 96)
(86, 225)
(86, 379)
(86, 228)
(86, 236)
(86, 241)
(86, 243)
(86, 204)
(86, 245)
(86, 375)
(86, 251)
(86, 252)
(87, 256)
(87, 129)
(87, 387)
(87, 388)
(87, 392)
(87, 393)
(87, 266)
(87, 396)
(87, 141)
(87, 399)
(87, 145)
(87, 147)
(87, 151)
(87, 283)
(87, 288)
(87, 162)
(87, 291)
(87, 164)
(87, 296)
(87, 300)
(87, 306)
(87, 309)
(87, 186)
(87, 319)
(87, 196)
(87, 118)
(87, 334)
(87, 209)
(87, 210)
(87, 343)
(87, 90)
(87, 222)
(87, 223)
(87, 226)
(87, 102)
(87, 358)
(87, 234)
(87, 365)
(87, 367)
(87, 115)
(87, 246)
(87, 376)
(87, 249)
(87, 250)
(87, 125)
(87, 382)
(88, 128)
(88, 131)
(88, 133)
(88, 391)
(88, 138)
(88, 271)
(88, 146)
(88, 284)
(88, 389)
(88, 171)
(88, 182)
(88, 312)
(88, 313)
(88, 188)
(88, 325)
(88, 203)
(88, 344)
(88, 91)
(88, 227)
(88, 103)
(88, 360)
(88, 238)
(88, 114)
(88, 244)
(88, 123)
(89, 385)
(89, 258)
(89, 394)
(89, 155)
(89, 298)
(89, 329)
(89, 187)
(89, 316)
(89, 193)
(89, 194)
(89, 324)
(89, 326)
(89, 201)
(89, 332)
(89, 217)
(89, 220)
(89, 100)
(89, 96)
(89, 225)
(89, 228)
(89, 236)
(89, 245)
(89, 375)
(89, 251)
(89, 254)
(90, 129)
(90, 388)
(90, 390)
(90, 392)
(90, 307)
(90, 269)
(90, 283)
(90, 288)
(90, 166)
(90, 179)
(90, 141)
(90, 342)
(90, 343)
(90, 223)
(90, 226)
(90, 358)
(90, 106)
(90, 365)
(90, 367)
(90, 246)
(90, 376)
(90, 249)
(90, 250)
(90, 382)
(90, 255)
(91, 128)
(91, 131)
(91, 133)
(91, 391)
(91, 138)
(91, 271)
(91, 146)
(91, 278)
(91, 284)
(91, 150)
(91, 389)
(91, 114)
(91, 182)
(91, 312)
(91, 313)
(91, 188)
(91, 325)
(91, 203)
(91, 208)
(91, 344)
(91, 227)
(91, 103)
(91, 360)
(91, 238)
(91, 370)
(91, 244)
(91, 123)
(92, 291)
(92, 294)
(92, 358)
(92, 393)
(92, 234)
(92, 365)
(92, 334)
(92, 399)
(92, 307)
(92, 340)
(92, 246)
(92, 250)
(92, 156)
(92, 106)
(92, 134)
(92, 95)
(93, 386)
(93, 264)
(93, 267)
(93, 398)
(93, 144)
(93, 111)
(93, 286)
(93, 160)
(93, 289)
(93, 112)
(93, 172)
(93, 200)
(93, 183)
(93, 184)
(93, 117)
(93, 328)
(93, 202)
(93, 337)
(93, 212)
(93, 341)
(93, 221)
(93, 351)
(93, 352)
(93, 101)
(93, 233)
(93, 362)
(93, 239)
(93, 240)
(93, 371)
(93, 372)
(93, 373)
(93, 377)
(93, 213)
(94, 384)
(94, 192)
(94, 260)
(94, 268)
(94, 270)
(94, 143)
(94, 272)
(94, 277)
(94, 281)
(94, 285)
(94, 292)
(94, 295)
(94, 169)
(94, 181)
(94, 314)
(94, 187)
(94, 320)
(94, 198)
(94, 205)
(94, 207)
(94, 336)
(94, 339)
(94, 214)
(94, 355)
(94, 356)
(94, 104)
(94, 105)
(94, 363)
(94, 120)
(94, 253)
(94, 126)
(94, 383)
(95, 393)
(95, 399)
(95, 154)
(95, 156)
(95, 291)
(95, 164)
(95, 294)
(95, 186)
(95, 322)
(95, 327)
(95, 334)
(95, 335)
(95, 209)
(95, 340)
(95, 219)
(95, 361)
(95, 234)
(95, 364)
(95, 365)
(95, 246)
(95, 119)
(95, 250)
(95, 125)
(96, 385)
(96, 259)
(96, 261)
(96, 263)
(96, 265)
(96, 276)
(96, 278)
(96, 150)
(96, 280)
(96, 153)
(96, 284)
(96, 158)
(96, 299)
(96, 301)
(96, 303)
(96, 201)
(96, 193)
(96, 194)
(96, 326)
(96, 329)
(96, 330)
(96, 332)
(96, 333)
(96, 208)
(96, 220)
(96, 225)
(96, 228)
(96, 229)
(96, 236)
(96, 237)
(96, 204)
(96, 245)
(96, 375)
(96, 251)
(96, 252)
(97, 130)
(97, 135)
(97, 264)
(97, 108)
(97, 151)
(97, 396)
(97, 398)
(97, 273)
(97, 279)
(97, 154)
(97, 157)
(97, 286)
(97, 160)
(97, 162)
(97, 164)
(97, 145)
(97, 300)
(97, 173)
(97, 178)
(97, 115)
(97, 308)
(97, 309)
(97, 183)
(97, 184)
(97, 186)
(97, 190)
(97, 191)
(97, 321)
(97, 322)
(97, 118)
(97, 199)
(97, 200)
(97, 202)
(97, 335)
(97, 337)
(97, 212)
(97, 345)
(97, 219)
(97, 348)
(97, 349)
(97, 352)
(97, 359)
(97, 361)
(97, 364)
(97, 109)
(97, 239)
(97, 243)
(97, 374)
(97, 127)
(98, 257)
(98, 107)
(98, 392)
(98, 395)
(98, 140)
(98, 287)
(98, 290)
(98, 177)
(98, 168)
(98, 170)
(98, 174)
(98, 304)
(98, 305)
(98, 306)
(98, 310)
(98, 311)
(98, 314)
(98, 315)
(98, 318)
(98, 331)
(98, 206)
(98, 248)
(98, 211)
(98, 342)
(98, 215)
(98, 353)
(98, 357)
(98, 231)
(98, 235)
(98, 366)
(98, 368)
(98, 247)
(98, 376)
(98, 122)
(98, 253)
(98, 255)
(99, 289)
(99, 386)
(99, 230)
(99, 262)
(99, 328)
(99, 101)
(99, 302)
(99, 240)
(99, 274)
(99, 371)
(99, 372)
(99, 341)
(99, 377)
(99, 282)
(99, 117)
(99, 197)
(100, 384)
(100, 385)
(100, 258)
(100, 394)
(100, 143)
(100, 201)
(100, 155)
(100, 161)
(100, 169)
(100, 298)
(100, 177)
(100, 310)
(100, 311)
(100, 187)
(100, 316)
(100, 193)
(100, 194)
(100, 324)
(100, 326)
(100, 329)
(100, 332)
(100, 215)
(100, 217)
(100, 225)
(100, 107)
(100, 236)
(100, 368)
(100, 245)
(100, 375)
(100, 122)
(100, 254)
(101, 386)
(101, 262)
(101, 142)
(101, 144)
(101, 274)
(101, 282)
(101, 289)
(101, 112)
(101, 172)
(101, 302)
(101, 117)
(101, 197)
(101, 328)
(101, 341)
(101, 221)
(101, 351)
(101, 230)
(101, 233)
(101, 362)
(101, 111)
(101, 240)
(101, 371)
(101, 372)
(101, 373)
(101, 377)
(102, 256)
(102, 129)
(102, 130)
(102, 387)
(102, 388)
(102, 392)
(102, 266)
(102, 396)
(102, 141)
(102, 273)
(102, 147)
(102, 151)
(102, 283)
(102, 161)
(102, 162)
(102, 164)
(102, 296)
(102, 145)
(102, 300)
(102, 173)
(102, 174)
(102, 306)
(102, 308)
(102, 309)
(102, 311)
(102, 186)
(102, 190)
(102, 319)
(102, 196)
(102, 118)
(102, 209)
(102, 210)
(102, 215)
(102, 222)
(102, 224)
(102, 359)
(102, 367)
(102, 115)
(102, 116)
(102, 374)
(102, 248)
(102, 249)
(102, 122)
(102, 254)
(103, 131)
(103, 150)
(103, 391)
(103, 138)
(103, 271)
(103, 146)
(103, 278)
(103, 284)
(103, 261)
(103, 114)
(103, 182)
(103, 313)
(103, 188)
(103, 325)
(103, 203)
(103, 208)
(103, 344)
(103, 227)
(103, 360)
(103, 238)
(103, 370)
(103, 123)
(104, 384)
(104, 192)
(104, 259)
(104, 260)
(104, 137)
(104, 143)
(104, 272)
(104, 281)
(104, 155)
(104, 293)
(104, 169)
(104, 176)
(104, 187)
(104, 189)
(104, 320)
(104, 198)
(104, 326)
(104, 205)
(104, 207)
(104, 336)
(104, 339)
(104, 214)
(104, 346)
(104, 355)
(104, 232)
(104, 105)
(104, 363)
(104, 237)
(104, 245)
(104, 120)
(104, 124)
(104, 383)
(105, 384)
(105, 259)
(105, 260)
(105, 389)
(105, 136)
(105, 137)
(105, 143)
(105, 272)
(105, 281)
(105, 198)
(105, 176)
(105, 189)
(105, 320)
(105, 195)
(105, 326)
(105, 207)
(105, 336)
(105, 339)
(105, 346)
(105, 350)
(105, 293)
(105, 232)
(105, 237)
(105, 113)
(105, 244)
(105, 245)
(105, 120)
(105, 124)
(106, 134)
(106, 393)
(106, 399)
(106, 156)
(106, 288)
(106, 291)
(106, 294)
(106, 307)
(106, 179)
(106, 334)
(106, 340)
(106, 343)
(106, 223)
(106, 226)
(106, 358)
(106, 234)
(106, 365)
(106, 246)
(106, 250)
(106, 382)
(107, 257)
(107, 258)
(107, 394)
(107, 395)
(107, 140)
(107, 143)
(107, 281)
(107, 155)
(107, 177)
(107, 169)
(107, 170)
(107, 174)
(107, 305)
(107, 306)
(107, 310)
(107, 311)
(107, 187)
(107, 192)
(107, 324)
(107, 331)
(107, 206)
(107, 214)
(107, 215)
(107, 217)
(107, 224)
(107, 355)
(107, 357)
(107, 231)
(107, 235)
(107, 366)
(107, 368)
(107, 248)
(107, 122)
(107, 253)
(107, 254)
(108, 130)
(108, 135)
(108, 264)
(108, 267)
(108, 396)
(108, 397)
(108, 398)
(108, 144)
(108, 273)
(108, 147)
(108, 149)
(108, 279)
(108, 157)
(108, 286)
(108, 162)
(108, 163)
(108, 165)
(108, 145)
(108, 300)
(108, 173)
(108, 178)
(108, 308)
(108, 309)
(108, 183)
(108, 184)
(108, 180)
(108, 316)
(108, 190)
(108, 191)
(108, 199)
(108, 200)
(108, 202)
(108, 337)
(108, 212)
(108, 345)
(108, 348)
(108, 349)
(108, 352)
(108, 151)
(108, 359)
(108, 109)
(108, 239)
(108, 112)
(108, 241)
(108, 243)
(108, 374)
(108, 379)
(108, 127)
(109, 130)
(109, 264)
(109, 265)
(109, 267)
(109, 397)
(109, 398)
(109, 144)
(109, 273)
(109, 149)
(109, 279)
(109, 157)
(109, 286)
(109, 163)
(109, 165)
(109, 173)
(109, 308)
(109, 184)
(109, 180)
(109, 316)
(109, 190)
(109, 191)
(109, 193)
(109, 199)
(109, 202)
(109, 332)
(109, 337)
(109, 212)
(109, 142)
(109, 348)
(109, 349)
(109, 351)
(109, 225)
(109, 228)
(109, 359)
(109, 112)
(109, 241)
(109, 243)
(109, 374)
(109, 379)
(109, 127)
(110, 354)
(110, 292)
(110, 167)
(110, 270)
(110, 175)
(110, 242)
(110, 275)
(110, 148)
(110, 181)
(110, 121)
(110, 152)
(110, 132)
(110, 378)
(110, 285)
(110, 126)
(110, 159)
(111, 386)
(111, 264)
(111, 267)
(111, 398)
(111, 144)
(111, 286)
(111, 160)
(111, 289)
(111, 112)
(111, 172)
(111, 200)
(111, 183)
(111, 184)
(111, 321)
(111, 328)
(111, 202)
(111, 337)
(111, 212)
(111, 341)
(111, 221)
(111, 351)
(111, 352)
(111, 362)
(111, 239)
(111, 240)
(111, 371)
(111, 372)
(111, 117)
(111, 377)
(111, 213)
(112, 386)
(112, 265)
(112, 267)
(112, 397)
(112, 142)
(112, 144)
(112, 274)
(112, 149)
(112, 279)
(112, 282)
(112, 286)
(112, 289)
(112, 163)
(112, 165)
(112, 299)
(112, 172)
(112, 301)
(112, 303)
(112, 243)
(112, 180)
(112, 184)
(112, 185)
(112, 316)
(112, 117)
(112, 199)
(112, 200)
(112, 202)
(112, 212)
(112, 341)
(112, 348)
(112, 221)
(112, 351)
(112, 225)
(112, 228)
(112, 230)
(112, 233)
(112, 362)
(112, 239)
(112, 241)
(112, 371)
(112, 372)
(112, 373)
(112, 377)
(112, 379)
(112, 127)
(113, 260)
(113, 133)
(113, 136)
(113, 389)
(113, 293)
(113, 171)
(113, 176)
(113, 188)
(113, 189)
(113, 195)
(113, 198)
(113, 139)
(113, 350)
(113, 232)
(113, 244)
(113, 124)
(114, 128)
(114, 131)
(114, 133)
(114, 138)
(114, 271)
(114, 146)
(114, 171)
(114, 389)
(114, 182)
(114, 312)
(114, 313)
(114, 188)
(114, 325)
(114, 203)
(114, 344)
(114, 227)
(114, 360)
(114, 238)
(114, 244)
(115, 256)
(115, 129)
(115, 130)
(115, 387)
(115, 388)
(115, 145)
(115, 266)
(115, 396)
(115, 141)
(115, 173)
(115, 273)
(115, 147)
(115, 151)
(115, 154)
(115, 118)
(115, 157)
(115, 288)
(115, 161)
(115, 162)
(115, 164)
(115, 296)
(115, 300)
(115, 178)
(115, 306)
(115, 308)
(115, 309)
(115, 186)
(115, 190)
(115, 319)
(115, 322)
(115, 196)
(115, 246)
(115, 327)
(115, 335)
(115, 209)
(115, 210)
(115, 219)
(115, 349)
(115, 222)
(115, 224)
(115, 359)
(115, 361)
(115, 364)
(115, 367)
(115, 116)
(115, 374)
(115, 249)
(115, 125)
(116, 256)
(116, 129)
(116, 258)
(116, 387)
(116, 388)
(116, 145)
(116, 266)
(116, 396)
(116, 130)
(116, 273)
(116, 147)
(116, 151)
(116, 196)
(116, 161)
(116, 162)
(116, 164)
(116, 296)
(116, 300)
(116, 173)
(116, 174)
(116, 306)
(116, 308)
(116, 309)
(116, 311)
(116, 186)
(116, 190)
(116, 319)
(116, 324)
(116, 118)
(116, 209)
(116, 210)
(116, 215)
(116, 217)
(116, 222)
(116, 224)
(116, 359)
(116, 374)
(116, 248)
(116, 249)
(116, 122)
(116, 191)
(116, 254)
(116, 127)
(117, 386)
(117, 262)
(117, 142)
(117, 144)
(117, 274)
(117, 282)
(117, 289)
(117, 172)
(117, 301)
(117, 302)
(117, 185)
(117, 323)
(117, 197)
(117, 328)
(117, 341)
(117, 221)
(117, 351)
(117, 230)
(117, 233)
(117, 362)
(117, 240)
(117, 371)
(117, 372)
(117, 373)
(117, 377)
(118, 256)
(118, 129)
(118, 130)
(118, 387)
(118, 388)
(118, 145)
(118, 266)
(118, 396)
(118, 141)
(118, 273)
(118, 147)
(118, 151)
(118, 154)
(118, 157)
(118, 161)
(118, 162)
(118, 164)
(118, 296)
(118, 300)
(118, 173)
(118, 178)
(118, 308)
(118, 309)
(118, 186)
(118, 190)
(118, 319)
(118, 322)
(118, 196)
(118, 327)
(118, 335)
(118, 209)
(118, 210)
(118, 219)
(118, 348)
(118, 349)
(118, 222)
(118, 224)
(118, 359)
(118, 361)
(118, 364)
(118, 374)
(118, 125)
(119, 322)
(119, 164)
(119, 327)
(119, 125)
(119, 393)
(119, 234)
(119, 135)
(119, 364)
(119, 335)
(119, 145)
(119, 178)
(119, 361)
(119, 345)
(119, 186)
(119, 219)
(119, 154)
(120, 260)
(120, 136)
(120, 137)
(120, 268)
(120, 143)
(120, 272)
(120, 277)
(120, 281)
(120, 292)
(120, 293)
(120, 295)
(120, 176)
(120, 320)
(120, 195)
(120, 198)
(120, 205)
(120, 207)
(120, 336)
(120, 339)
(120, 350)
(120, 356)
(120, 232)
(120, 363)
(120, 124)
(120, 126)
(120, 383)
(121, 132)
(121, 395)
(121, 268)
(121, 270)
(121, 275)
(121, 148)
(121, 152)
(121, 285)
(121, 159)
(121, 290)
(121, 292)
(121, 167)
(121, 168)
(121, 297)
(121, 175)
(121, 181)
(121, 314)
(121, 347)
(121, 354)
(121, 235)
(121, 369)
(121, 242)
(121, 378)
(121, 381)
(121, 126)
(122, 256)
(122, 257)
(122, 258)
(122, 387)
(122, 388)
(122, 392)
(122, 394)
(122, 140)
(122, 147)
(122, 196)
(122, 161)
(122, 177)
(122, 169)
(122, 170)
(122, 174)
(122, 304)
(122, 305)
(122, 306)
(122, 310)
(122, 311)
(122, 187)
(122, 266)
(122, 319)
(122, 192)
(122, 324)
(122, 331)
(122, 206)
(122, 210)
(122, 215)
(122, 217)
(122, 222)
(122, 224)
(122, 357)
(122, 231)
(122, 366)
(122, 368)
(122, 248)
(122, 253)
(122, 254)
(123, 259)
(123, 261)
(123, 391)
(123, 138)
(123, 271)
(123, 146)
(123, 131)
(123, 278)
(123, 284)
(123, 150)
(123, 389)
(123, 133)
(123, 182)
(123, 188)
(123, 325)
(123, 203)
(123, 204)
(123, 208)
(123, 344)
(123, 346)
(123, 227)
(123, 360)
(123, 237)
(123, 238)
(123, 370)
(123, 244)
(123, 251)
(124, 260)
(124, 136)
(124, 137)
(124, 139)
(124, 272)
(124, 195)
(124, 293)
(124, 176)
(124, 189)
(124, 320)
(124, 198)
(124, 207)
(124, 339)
(124, 350)
(124, 356)
(124, 232)
(124, 383)
(125, 129)
(125, 393)
(125, 396)
(125, 141)
(125, 399)
(125, 145)
(125, 151)
(125, 154)
(125, 156)
(125, 288)
(125, 291)
(125, 164)
(125, 294)
(125, 296)
(125, 173)
(125, 309)
(125, 186)
(125, 322)
(125, 327)
(125, 334)
(125, 335)
(125, 209)
(125, 340)
(125, 219)
(125, 358)
(125, 361)
(125, 234)
(125, 364)
(125, 365)
(125, 246)
(125, 250)
(126, 132)
(126, 395)
(126, 268)
(126, 270)
(126, 167)
(126, 148)
(126, 277)
(126, 152)
(126, 285)
(126, 290)
(126, 292)
(126, 295)
(126, 168)
(126, 175)
(126, 181)
(126, 314)
(126, 320)
(126, 205)
(126, 339)
(126, 356)
(126, 363)
(126, 378)
(126, 383)
(127, 258)
(127, 264)
(127, 267)
(127, 396)
(127, 397)
(127, 398)
(127, 144)
(127, 273)
(127, 147)
(127, 149)
(127, 279)
(127, 157)
(127, 161)
(127, 162)
(127, 163)
(127, 165)
(127, 145)
(127, 300)
(127, 173)
(127, 178)
(127, 308)
(127, 309)
(127, 184)
(127, 180)
(127, 316)
(127, 190)
(127, 191)
(127, 193)
(127, 130)
(127, 199)
(127, 202)
(127, 337)
(127, 212)
(127, 142)
(127, 348)
(127, 349)
(127, 225)
(127, 151)
(127, 228)
(127, 359)
(127, 241)
(127, 243)
(127, 374)
(127, 379)
(128, 227)
(128, 133)
(128, 138)
(128, 203)
(128, 146)
(128, 139)
(128, 171)
(128, 182)
(128, 312)
(128, 313)
(128, 188)
(129, 256)
(129, 387)
(129, 388)
(129, 392)
(129, 393)
(129, 266)
(129, 396)
(129, 141)
(129, 145)
(129, 147)
(129, 151)
(129, 283)
(129, 288)
(129, 162)
(129, 291)
(129, 164)
(129, 166)
(129, 296)
(129, 300)
(129, 306)
(129, 309)
(129, 186)
(129, 319)
(129, 196)
(129, 334)
(129, 209)
(129, 210)
(129, 343)
(129, 222)
(129, 223)
(129, 224)
(129, 226)
(129, 358)
(129, 234)
(129, 365)
(129, 367)
(129, 246)
(129, 376)
(129, 249)
(129, 250)
(129, 382)
(130, 256)
(130, 258)
(130, 145)
(130, 151)
(130, 396)
(130, 397)
(130, 273)
(130, 147)
(130, 149)
(130, 279)
(130, 157)
(130, 161)
(130, 162)
(130, 163)
(130, 165)
(130, 298)
(130, 300)
(130, 173)
(130, 178)
(130, 308)
(130, 309)
(130, 311)
(130, 180)
(130, 316)
(130, 190)
(130, 319)
(130, 193)
(130, 196)
(130, 199)
(130, 210)
(130, 212)
(130, 348)
(130, 349)
(130, 224)
(130, 359)
(130, 241)
(130, 243)
(130, 374)
(130, 375)
(130, 191)
(130, 254)
(131, 150)
(131, 391)
(131, 138)
(131, 271)
(131, 146)
(131, 278)
(131, 284)
(131, 261)
(131, 182)
(131, 313)
(131, 188)
(131, 325)
(131, 203)
(131, 208)
(131, 344)
(131, 227)
(131, 360)
(131, 238)
(131, 370)
(132, 395)
(132, 268)
(132, 270)
(132, 275)
(132, 148)
(132, 152)
(132, 285)
(132, 159)
(132, 290)
(132, 292)
(132, 167)
(132, 168)
(132, 297)
(132, 175)
(132, 181)
(132, 314)
(132, 347)
(132, 353)
(132, 354)
(132, 235)
(132, 369)
(132, 242)
(132, 378)
(132, 380)
(132, 381)
(133, 259)
(133, 389)
(133, 391)
(133, 136)
(133, 138)
(133, 139)
(133, 146)
(133, 284)
(133, 293)
(133, 171)
(133, 176)
(133, 182)
(133, 312)
(133, 188)
(133, 189)
(133, 325)
(133, 346)
(133, 350)
(133, 227)
(133, 360)
(133, 238)
(133, 232)
(133, 244)
(134, 393)
(134, 399)
(134, 156)
(134, 288)
(134, 291)
(134, 294)
(134, 307)
(134, 334)
(134, 340)
(134, 358)
(134, 234)
(134, 365)
(134, 246)
(134, 250)
(134, 382)
(135, 264)
(135, 151)
(135, 396)
(135, 398)
(135, 273)
(135, 279)
(135, 154)
(135, 157)
(135, 286)
(135, 160)
(135, 164)
(135, 145)
(135, 173)
(135, 178)
(135, 183)
(135, 186)
(135, 190)
(135, 321)
(135, 322)
(135, 327)
(135, 200)
(135, 202)
(135, 335)
(135, 337)
(135, 212)
(135, 345)
(135, 219)
(135, 348)
(135, 349)
(135, 352)
(135, 359)
(135, 361)
(135, 364)
(136, 260)
(136, 389)
(136, 137)
(136, 272)
(136, 195)
(136, 293)
(136, 171)
(136, 176)
(136, 189)
(136, 198)
(136, 339)
(136, 139)
(136, 350)
(136, 356)
(136, 232)
(136, 244)
(137, 384)
(137, 259)
(137, 260)
(137, 389)
(137, 143)
(137, 272)
(137, 281)
(137, 155)
(137, 198)
(137, 176)
(137, 187)
(137, 189)
(137, 320)
(137, 326)
(137, 207)
(137, 336)
(137, 339)
(137, 346)
(137, 350)
(137, 293)
(137, 232)
(137, 237)
(137, 244)
(137, 245)
(138, 389)
(138, 391)
(138, 139)
(138, 271)
(138, 146)
(138, 278)
(138, 284)
(138, 171)
(138, 182)
(138, 312)
(138, 313)
(138, 188)
(138, 189)
(138, 325)
(138, 203)
(138, 208)
(138, 344)
(138, 227)
(138, 360)
(138, 238)
(138, 244)
(139, 260)
(139, 389)
(139, 171)
(139, 176)
(139, 182)
(139, 312)
(139, 188)
(139, 189)
(139, 195)
(139, 350)
(139, 232)
(139, 244)
(140, 257)
(140, 214)
(140, 395)
(140, 287)
(140, 290)
(140, 177)
(140, 168)
(140, 169)
(140, 170)
(140, 174)
(140, 304)
(140, 305)
(140, 310)
(140, 314)
(140, 315)
(140, 192)
(140, 331)
(140, 206)
(140, 211)
(140, 342)
(140, 215)
(140, 217)
(140, 347)
(140, 353)
(140, 355)
(140, 357)
(140, 231)
(140, 235)
(140, 366)
(140, 368)
(140, 248)
(140, 253)
(141, 256)
(141, 387)
(141, 388)
(141, 179)
(141, 392)
(141, 393)
(141, 266)
(141, 396)
(141, 269)
(141, 283)
(141, 288)
(141, 162)
(141, 291)
(141, 164)
(141, 166)
(141, 296)
(141, 306)
(141, 307)
(141, 186)
(141, 319)
(141, 196)
(141, 334)
(141, 209)
(141, 210)
(141, 343)
(141, 222)
(141, 223)
(141, 224)
(141, 226)
(141, 358)
(141, 234)
(141, 365)
(141, 367)
(141, 246)
(141, 376)
(141, 249)
(141, 250)
(141, 382)
(142, 386)
(142, 265)
(142, 267)
(142, 397)
(142, 144)
(142, 274)
(142, 149)
(142, 153)
(142, 282)
(142, 289)
(142, 163)
(142, 165)
(142, 299)
(142, 172)
(142, 301)
(142, 303)
(142, 371)
(142, 180)
(142, 184)
(142, 185)
(142, 316)
(142, 202)
(142, 199)
(142, 330)
(142, 333)
(142, 212)
(142, 341)
(142, 221)
(142, 351)
(142, 225)
(142, 228)
(142, 230)
(142, 233)
(142, 362)
(142, 241)
(142, 243)
(142, 373)
(142, 379)
(143, 384)
(143, 192)
(143, 259)
(143, 260)
(143, 394)
(143, 272)
(143, 281)
(143, 155)
(143, 293)
(143, 169)
(143, 176)
(143, 177)
(143, 187)
(143, 320)
(143, 198)
(143, 326)
(143, 205)
(143, 207)
(143, 336)
(143, 339)
(143, 214)
(143, 346)
(143, 355)
(143, 363)
(143, 237)
(143, 368)
(143, 245)
(143, 253)
(144, 386)
(144, 265)
(144, 267)
(144, 397)
(144, 274)
(144, 149)
(144, 279)
(144, 153)
(144, 282)
(144, 286)
(144, 289)
(144, 163)
(144, 165)
(144, 299)
(144, 172)
(144, 301)
(144, 303)
(144, 371)
(144, 180)
(144, 184)
(144, 185)
(144, 316)
(144, 202)
(144, 199)
(144, 330)
(144, 212)
(144, 341)
(144, 221)
(144, 351)
(144, 225)
(144, 228)
(144, 230)
(144, 233)
(144, 362)
(144, 239)
(144, 241)
(144, 243)
(144, 373)
(144, 379)
(145, 256)
(145, 264)
(145, 209)
(145, 151)
(145, 396)
(145, 398)
(145, 273)
(145, 147)
(145, 279)
(145, 154)
(145, 157)
(145, 161)
(145, 162)
(145, 164)
(145, 296)
(145, 300)
(145, 173)
(145, 178)
(145, 308)
(145, 309)
(145, 186)
(145, 190)
(145, 319)
(145, 322)
(145, 196)
(145, 327)
(145, 335)
(145, 337)
(145, 210)
(145, 345)
(145, 219)
(145, 348)
(145, 349)
(145, 222)
(145, 359)
(145, 361)
(145, 364)
(145, 374)
(145, 191)
(146, 391)
(146, 271)
(146, 150)
(146, 284)
(146, 182)
(146, 312)
(146, 313)
(146, 188)
(146, 325)
(146, 203)
(146, 208)
(146, 344)
(146, 227)
(146, 360)
(146, 238)
(146, 370)
(146, 244)
(147, 256)
(147, 258)
(147, 387)
(147, 388)
(147, 266)
(147, 396)
(147, 173)
(147, 273)
(147, 151)
(147, 157)
(147, 161)
(147, 162)
(147, 164)
(147, 296)
(147, 300)
(147, 178)
(147, 306)
(147, 308)
(147, 309)
(147, 311)
(147, 186)
(147, 190)
(147, 319)
(147, 196)
(147, 335)
(147, 209)
(147, 210)
(147, 222)
(147, 224)
(147, 359)
(147, 374)
(147, 249)
(147, 191)
(147, 254)
(148, 354)
(148, 292)
(148, 167)
(148, 270)
(148, 175)
(148, 242)
(148, 275)
(148, 181)
(148, 152)
(148, 378)
(148, 285)
(148, 159)
(149, 385)
(149, 265)
(149, 267)
(149, 397)
(149, 279)
(149, 158)
(149, 163)
(149, 165)
(149, 299)
(149, 301)
(149, 303)
(149, 180)
(149, 184)
(149, 316)
(149, 202)
(149, 190)
(149, 191)
(149, 193)
(149, 194)
(149, 199)
(149, 330)
(149, 332)
(149, 333)
(149, 212)
(149, 348)
(149, 221)
(149, 351)
(149, 225)
(149, 228)
(149, 233)
(149, 362)
(149, 241)
(149, 243)
(149, 373)
(149, 379)
(150, 261)
(150, 391)
(150, 271)
(150, 276)
(150, 278)
(150, 280)
(150, 284)
(150, 263)
(150, 188)
(150, 325)
(150, 203)
(150, 204)
(150, 208)
(150, 344)
(150, 229)
(150, 360)
(150, 238)
(150, 370)
(150, 251)
(150, 252)
(151, 256)
(151, 264)
(151, 209)
(151, 396)
(151, 398)
(151, 273)
(151, 279)
(151, 154)
(151, 157)
(151, 161)
(151, 162)
(151, 164)
(151, 296)
(151, 300)
(151, 173)
(151, 178)
(151, 308)
(151, 309)
(151, 186)
(151, 190)
(151, 319)
(151, 322)
(151, 196)
(151, 327)
(151, 335)
(151, 337)
(151, 210)
(151, 345)
(151, 219)
(151, 348)
(151, 349)
(151, 222)
(151, 359)
(151, 361)
(151, 364)
(151, 374)
(151, 191)
(152, 257)
(152, 235)
(152, 395)
(152, 268)
(152, 270)
(152, 275)
(152, 277)
(152, 285)
(152, 290)
(152, 292)
(152, 167)
(152, 168)
(152, 297)
(152, 175)
(152, 181)
(152, 314)
(152, 205)
(152, 347)
(152, 354)
(152, 363)
(152, 369)
(152, 242)
(152, 378)
(152, 381)
(153, 263)
(153, 265)
(153, 274)
(153, 276)
(153, 280)
(153, 158)
(153, 299)
(153, 301)
(153, 303)
(153, 185)
(153, 317)
(153, 194)
(153, 323)
(153, 330)
(153, 204)
(153, 333)
(153, 338)
(153, 216)
(153, 218)
(153, 228)
(153, 229)
(153, 230)
(153, 233)
(153, 373)
(153, 379)
(153, 252)
(154, 264)
(154, 396)
(154, 398)
(154, 273)
(154, 279)
(154, 157)
(154, 160)
(154, 162)
(154, 164)
(154, 300)
(154, 173)
(154, 178)
(154, 309)
(154, 183)
(154, 186)
(154, 190)
(154, 321)
(154, 322)
(154, 327)
(154, 335)
(154, 209)
(154, 345)
(154, 219)
(154, 348)
(154, 349)
(154, 337)
(154, 359)
(154, 361)
(154, 364)
(155, 384)
(155, 385)
(155, 258)
(155, 259)
(155, 394)
(155, 281)
(155, 169)
(155, 298)
(155, 177)
(155, 201)
(155, 187)
(155, 192)
(155, 193)
(155, 194)
(155, 324)
(155, 326)
(155, 329)
(155, 332)
(155, 207)
(155, 336)
(155, 214)
(155, 217)
(155, 346)
(155, 220)
(155, 355)
(155, 236)
(155, 237)
(155, 368)
(155, 245)
(155, 375)
(155, 251)
(155, 254)
(156, 393)
(156, 399)
(156, 288)
(156, 291)
(156, 294)
(156, 307)
(156, 334)
(156, 340)
(156, 358)
(156, 234)
(156, 365)
(156, 246)
(156, 250)
(156, 382)
(157, 264)
(157, 267)
(157, 396)
(157, 398)
(157, 273)
(157, 279)
(157, 286)
(157, 160)
(157, 162)
(157, 164)
(157, 300)
(157, 173)
(157, 178)
(157, 308)
(157, 309)
(157, 183)
(157, 184)
(157, 186)
(157, 190)
(157, 191)
(157, 321)
(157, 322)
(157, 199)
(157, 200)
(157, 202)
(157, 335)
(157, 337)
(157, 212)
(157, 345)
(157, 219)
(157, 348)
(157, 349)
(157, 352)
(157, 359)
(157, 364)
(157, 239)
(157, 241)
(157, 243)
(157, 374)
(158, 385)
(158, 261)
(158, 263)
(158, 265)
(158, 276)
(158, 278)
(158, 280)
(158, 299)
(158, 301)
(158, 303)
(158, 201)
(158, 185)
(158, 317)
(158, 193)
(158, 194)
(158, 329)
(158, 330)
(158, 332)
(158, 333)
(158, 208)
(158, 220)
(158, 225)
(158, 379)
(158, 228)
(158, 229)
(158, 236)
(158, 204)
(158, 251)
(158, 252)
(159, 354)
(159, 167)
(159, 175)
(159, 242)
(159, 275)
(159, 378)
(159, 381)
(160, 264)
(160, 398)
(160, 286)
(160, 172)
(160, 178)
(160, 183)
(160, 184)
(160, 321)
(160, 200)
(160, 202)
(160, 337)
(160, 213)
(160, 345)
(160, 219)
(160, 348)
(160, 349)
(160, 352)
(160, 364)
(160, 239)
(161, 256)
(161, 258)
(161, 387)
(161, 388)
(161, 394)
(161, 396)
(161, 273)
(161, 196)
(161, 162)
(161, 164)
(161, 300)
(161, 173)
(161, 174)
(161, 306)
(161, 308)
(161, 309)
(161, 311)
(161, 316)
(161, 266)
(161, 190)
(161, 319)
(161, 324)
(161, 210)
(161, 215)
(161, 217)
(161, 222)
(161, 224)
(161, 359)
(161, 243)
(161, 374)
(161, 248)
(161, 191)
(161, 254)
(162, 256)
(162, 387)
(162, 388)
(162, 266)
(162, 396)
(162, 173)
(162, 273)
(162, 164)
(162, 296)
(162, 300)
(162, 178)
(162, 306)
(162, 308)
(162, 309)
(162, 311)
(162, 186)
(162, 190)
(162, 319)
(162, 196)
(162, 335)
(162, 209)
(162, 210)
(162, 348)
(162, 349)
(162, 222)
(162, 224)
(162, 359)
(162, 374)
(162, 249)
(162, 191)
(162, 254)
(163, 385)
(163, 265)
(163, 267)
(163, 397)
(163, 279)
(163, 165)
(163, 299)
(163, 301)
(163, 303)
(163, 180)
(163, 184)
(163, 316)
(163, 202)
(163, 190)
(163, 191)
(163, 193)
(163, 194)
(163, 199)
(163, 330)
(163, 332)
(163, 333)
(163, 212)
(163, 348)
(163, 221)
(163, 351)
(163, 225)
(163, 228)
(163, 233)
(163, 362)
(163, 241)
(163, 243)
(163, 373)
(163, 379)
(164, 256)
(164, 387)
(164, 388)
(164, 393)
(164, 266)
(164, 396)
(164, 273)
(164, 288)
(164, 296)
(164, 300)
(164, 173)
(164, 178)
(164, 308)
(164, 309)
(164, 186)
(164, 190)
(164, 319)
(164, 322)
(164, 196)
(164, 374)
(164, 327)
(164, 335)
(164, 209)
(164, 210)
(164, 219)
(164, 349)
(164, 222)
(164, 359)
(164, 361)
(164, 364)
(164, 246)
(165, 385)
(165, 258)
(165, 265)
(165, 267)
(165, 397)
(165, 273)
(165, 279)
(165, 298)
(165, 299)
(165, 301)
(165, 303)
(165, 180)
(165, 184)
(165, 316)
(165, 190)
(165, 191)
(165, 193)
(165, 194)
(165, 199)
(165, 329)
(165, 202)
(165, 332)
(165, 333)
(165, 212)
(165, 348)
(165, 221)
(165, 351)
(165, 225)
(165, 228)
(165, 359)
(165, 236)
(165, 241)
(165, 243)
(165, 375)
(165, 379)
(166, 388)
(166, 390)
(166, 392)
(166, 307)
(166, 269)
(166, 283)
(166, 287)
(166, 288)
(166, 304)
(166, 179)
(166, 211)
(166, 342)
(166, 343)
(166, 223)
(166, 226)
(166, 367)
(166, 376)
(166, 249)
(166, 382)
(166, 255)
(167, 354)
(167, 292)
(167, 270)
(167, 175)
(167, 242)
(167, 275)
(167, 181)
(167, 378)
(167, 285)
(168, 257)
(168, 235)
(168, 395)
(168, 268)
(168, 270)
(168, 285)
(168, 290)
(168, 292)
(168, 297)
(168, 170)
(168, 175)
(168, 305)
(168, 181)
(168, 314)
(168, 192)
(168, 331)
(168, 206)
(168, 214)
(168, 347)
(168, 353)
(168, 354)
(168, 355)
(168, 363)
(168, 366)
(168, 381)
(168, 369)
(168, 378)
(168, 380)
(168, 253)
(169, 384)
(169, 257)
(169, 235)
(169, 394)
(169, 395)
(169, 268)
(169, 281)
(169, 170)
(169, 174)
(169, 177)
(169, 310)
(169, 187)
(169, 192)
(169, 320)
(169, 324)
(169, 331)
(169, 205)
(169, 206)
(169, 207)
(169, 336)
(169, 214)
(169, 215)
(169, 217)
(169, 355)
(169, 357)
(169, 363)
(169, 368)
(169, 253)
(170, 257)
(170, 214)
(170, 395)
(170, 287)
(170, 290)
(170, 177)
(170, 174)
(170, 304)
(170, 305)
(170, 310)
(170, 311)
(170, 314)
(170, 315)
(170, 192)
(170, 331)
(170, 206)
(170, 211)
(170, 342)
(170, 215)
(170, 217)
(170, 347)
(170, 353)
(170, 355)
(170, 357)
(170, 231)
(170, 235)
(170, 366)
(170, 368)
(170, 248)
(170, 253)
(171, 389)
(171, 182)
(171, 312)
(171, 188)
(171, 189)
(171, 350)
(171, 232)
(171, 238)
(171, 244)
(172, 386)
(172, 264)
(172, 267)
(172, 398)
(172, 286)
(172, 289)
(172, 200)
(172, 183)
(172, 184)
(172, 328)
(172, 202)
(172, 337)
(172, 212)
(172, 341)
(172, 221)
(172, 351)
(172, 352)
(172, 233)
(172, 362)
(172, 239)
(172, 240)
(172, 371)
(172, 372)
(172, 373)
(172, 377)
(172, 213)
(173, 256)
(173, 264)
(173, 209)
(173, 396)
(173, 398)
(173, 273)
(173, 279)
(173, 296)
(173, 300)
(173, 178)
(173, 308)
(173, 309)
(173, 186)
(173, 190)
(173, 319)
(173, 322)
(173, 196)
(173, 327)
(173, 335)
(173, 337)
(173, 210)
(173, 212)
(173, 345)
(173, 219)
(173, 348)
(173, 349)
(173, 359)
(173, 361)
(173, 364)
(173, 374)
(173, 191)
(174, 256)
(174, 257)
(174, 387)
(174, 388)
(174, 392)
(174, 394)
(174, 196)
(174, 287)
(174, 177)
(174, 304)
(174, 305)
(174, 306)
(174, 310)
(174, 311)
(174, 187)
(174, 266)
(174, 319)
(174, 192)
(174, 324)
(174, 331)
(174, 206)
(174, 210)
(174, 342)
(174, 215)
(174, 217)
(174, 222)
(174, 224)
(174, 357)
(174, 231)
(174, 235)
(174, 366)
(174, 368)
(174, 248)
(174, 249)
(174, 253)
(174, 254)
(175, 395)
(175, 268)
(175, 270)
(175, 275)
(175, 277)
(175, 285)
(175, 290)
(175, 292)
(175, 181)
(175, 314)
(175, 347)
(175, 354)
(175, 363)
(175, 242)
(175, 378)
(175, 381)
(176, 384)
(176, 259)
(176, 260)
(176, 389)
(176, 272)
(176, 281)
(176, 293)
(176, 189)
(176, 320)
(176, 195)
(176, 326)
(176, 198)
(176, 207)
(176, 336)
(176, 339)
(176, 346)
(176, 350)
(176, 356)
(176, 232)
(176, 237)
(176, 244)
(176, 383)
(177, 257)
(177, 394)
(177, 395)
(177, 281)
(177, 305)
(177, 310)
(177, 311)
(177, 314)
(177, 187)
(177, 192)
(177, 324)
(177, 331)
(177, 206)
(177, 214)
(177, 215)
(177, 217)
(177, 355)
(177, 357)
(177, 231)
(177, 235)
(177, 366)
(177, 368)
(177, 248)
(177, 253)
(177, 254)
(178, 264)
(178, 209)
(178, 396)
(178, 398)
(178, 273)
(178, 279)
(178, 286)
(178, 300)
(178, 308)
(178, 309)
(178, 183)
(178, 186)
(178, 190)
(178, 191)
(178, 321)
(178, 322)
(178, 327)
(178, 200)
(178, 335)
(178, 337)
(178, 212)
(178, 345)
(178, 219)
(178, 348)
(178, 349)
(178, 352)
(178, 359)
(178, 361)
(178, 364)
(178, 374)
(179, 390)
(179, 269)
(179, 283)
(179, 288)
(179, 307)
(179, 343)
(179, 223)
(179, 226)
(179, 358)
(179, 365)
(179, 367)
(179, 246)
(179, 376)
(179, 250)
(179, 382)
(180, 385)
(180, 265)
(180, 267)
(180, 397)
(180, 273)
(180, 279)
(180, 299)
(180, 301)
(180, 303)
(180, 184)
(180, 316)
(180, 190)
(180, 191)
(180, 193)
(180, 194)
(180, 199)
(180, 202)
(180, 332)
(180, 333)
(180, 212)
(180, 348)
(180, 221)
(180, 351)
(180, 225)
(180, 228)
(180, 359)
(180, 233)
(180, 236)
(180, 241)
(180, 243)
(180, 373)
(180, 375)
(180, 379)
(181, 257)
(181, 235)
(181, 395)
(181, 192)
(181, 270)
(181, 277)
(181, 285)
(181, 290)
(181, 292)
(181, 314)
(181, 320)
(181, 268)
(181, 205)
(181, 214)
(181, 347)
(181, 354)
(181, 355)
(181, 363)
(181, 378)
(181, 253)
(182, 389)
(182, 391)
(182, 271)
(182, 284)
(182, 312)
(182, 313)
(182, 188)
(182, 325)
(182, 203)
(182, 208)
(182, 344)
(182, 227)
(182, 360)
(182, 238)
(182, 244)
(183, 264)
(183, 398)
(183, 279)
(183, 286)
(183, 184)
(183, 190)
(183, 321)
(183, 199)
(183, 200)
(183, 202)
(183, 337)
(183, 212)
(183, 341)
(183, 345)
(183, 219)
(183, 348)
(183, 349)
(183, 352)
(183, 362)
(183, 364)
(183, 239)
(183, 213)
(184, 386)
(184, 264)
(184, 267)
(184, 397)
(184, 398)
(184, 279)
(184, 286)
(184, 289)
(184, 221)
(184, 316)
(184, 190)
(184, 191)
(184, 199)
(184, 200)
(184, 202)
(184, 337)
(184, 212)
(184, 341)
(184, 345)
(184, 348)
(184, 349)
(184, 351)
(184, 352)
(184, 359)
(184, 233)
(184, 362)
(184, 239)
(184, 241)
(184, 243)
(184, 372)
(184, 373)
(184, 379)
(185, 263)
(185, 265)
(185, 274)
(185, 276)
(185, 280)
(185, 282)
(185, 299)
(185, 301)
(185, 303)
(185, 317)
(185, 323)
(185, 330)
(185, 333)
(185, 338)
(185, 216)
(185, 218)
(185, 221)
(185, 351)
(185, 228)
(185, 229)
(185, 230)
(185, 233)
(185, 371)
(185, 373)
(185, 379)
(185, 252)
(186, 256)
(186, 393)
(186, 396)
(186, 273)
(186, 296)
(186, 300)
(186, 308)
(186, 309)
(186, 190)
(186, 322)
(186, 374)
(186, 327)
(186, 335)
(186, 209)
(186, 210)
(186, 345)
(186, 219)
(186, 349)
(186, 222)
(186, 359)
(186, 361)
(186, 234)
(186, 364)
(186, 246)
(187, 384)
(187, 257)
(187, 258)
(187, 394)
(187, 192)
(187, 281)
(187, 298)
(187, 310)
(187, 320)
(187, 324)
(187, 331)
(187, 207)
(187, 336)
(187, 214)
(187, 215)
(187, 217)
(187, 355)
(187, 357)
(187, 368)
(187, 245)
(187, 375)
(187, 253)
(187, 254)
(188, 259)
(188, 261)
(188, 391)
(188, 271)
(188, 278)
(188, 284)
(188, 389)
(188, 312)
(188, 313)
(188, 189)
(188, 325)
(188, 203)
(188, 208)
(188, 344)
(188, 227)
(188, 360)
(188, 238)
(188, 232)
(188, 244)
(189, 384)
(189, 259)
(189, 260)
(189, 389)
(189, 391)
(189, 272)
(189, 198)
(189, 195)
(189, 326)
(189, 207)
(189, 336)
(189, 339)
(189, 346)
(189, 350)
(189, 293)
(189, 232)
(189, 237)
(189, 238)
(189, 244)
(190, 264)
(190, 267)
(190, 396)
(190, 397)
(190, 398)
(190, 273)
(190, 279)
(190, 286)
(190, 300)
(190, 308)
(190, 309)
(190, 316)
(190, 191)
(190, 199)
(190, 200)
(190, 202)
(190, 335)
(190, 337)
(190, 212)
(190, 345)
(190, 219)
(190, 348)
(190, 349)
(190, 352)
(190, 359)
(190, 364)
(190, 241)
(190, 243)
(190, 374)
(191, 258)
(191, 264)
(191, 267)
(191, 396)
(191, 397)
(191, 398)
(191, 273)
(191, 279)
(191, 300)
(191, 308)
(191, 309)
(191, 316)
(191, 193)
(191, 199)
(191, 202)
(191, 212)
(191, 348)
(191, 349)
(191, 225)
(191, 228)
(191, 359)
(191, 241)
(191, 243)
(191, 374)
(191, 379)
(191, 254)
(192, 384)
(192, 257)
(192, 235)
(192, 394)
(192, 395)
(192, 268)
(192, 277)
(192, 281)
(192, 305)
(192, 310)
(192, 314)
(192, 320)
(192, 324)
(192, 331)
(192, 205)
(192, 206)
(192, 207)
(192, 336)
(192, 214)
(192, 215)
(192, 217)
(192, 355)
(192, 357)
(192, 363)
(192, 366)
(192, 368)
(192, 253)
(193, 385)
(193, 258)
(193, 263)
(193, 265)
(193, 394)
(193, 397)
(193, 276)
(193, 298)
(193, 299)
(193, 301)
(193, 303)
(193, 201)
(193, 316)
(193, 194)
(193, 329)
(193, 330)
(193, 332)
(193, 333)
(193, 220)
(193, 225)
(193, 379)
(193, 228)
(193, 236)
(193, 241)
(193, 243)
(193, 204)
(193, 245)
(193, 375)
(193, 251)
(193, 252)
(194, 385)
(194, 261)
(194, 263)
(194, 265)
(194, 397)
(194, 276)
(194, 278)
(194, 298)
(194, 299)
(194, 301)
(194, 303)
(194, 201)
(194, 316)
(194, 326)
(194, 329)
(194, 330)
(194, 332)
(194, 333)
(194, 220)
(194, 225)
(194, 379)
(194, 228)
(194, 229)
(194, 236)
(194, 237)
(194, 204)
(194, 245)
(194, 375)
(194, 251)
(194, 252)
(195, 260)
(195, 272)
(195, 293)
(195, 295)
(195, 198)
(195, 207)
(195, 339)
(195, 350)
(195, 356)
(195, 232)
(195, 383)
(196, 256)
(196, 258)
(196, 387)
(196, 388)
(196, 392)
(196, 266)
(196, 396)
(196, 273)
(196, 296)
(196, 300)
(196, 304)
(196, 306)
(196, 308)
(196, 309)
(196, 311)
(196, 319)
(196, 324)
(196, 209)
(196, 210)
(196, 215)
(196, 217)
(196, 222)
(196, 224)
(196, 359)
(196, 367)
(196, 374)
(196, 248)
(196, 249)
(196, 254)
(197, 289)
(197, 386)
(197, 262)
(197, 328)
(197, 302)
(197, 240)
(197, 371)
(197, 372)
(197, 341)
(197, 377)
(197, 282)
(198, 384)
(198, 260)
(198, 272)
(198, 281)
(198, 293)
(198, 320)
(198, 205)
(198, 207)
(198, 336)
(198, 339)
(198, 346)
(198, 350)
(198, 356)
(198, 232)
(198, 383)
(199, 264)
(199, 265)
(199, 267)
(199, 397)
(199, 398)
(199, 273)
(199, 279)
(199, 286)
(199, 221)
(199, 308)
(199, 316)
(199, 200)
(199, 202)
(199, 337)
(199, 212)
(199, 348)
(199, 349)
(199, 351)
(199, 352)
(199, 225)
(199, 228)
(199, 359)
(199, 233)
(199, 362)
(199, 239)
(199, 241)
(199, 243)
(199, 379)
(200, 386)
(200, 264)
(200, 267)
(200, 398)
(200, 279)
(200, 286)
(200, 349)
(200, 321)
(200, 202)
(200, 337)
(200, 212)
(200, 341)
(200, 345)
(200, 348)
(200, 221)
(200, 351)
(200, 352)
(200, 362)
(200, 239)
(200, 372)
(200, 213)
(201, 385)
(201, 258)
(201, 259)
(201, 261)
(201, 263)
(201, 394)
(201, 276)
(201, 278)
(201, 298)
(201, 303)
(201, 316)
(201, 326)
(201, 329)
(201, 332)
(201, 333)
(201, 346)
(201, 220)
(201, 225)
(201, 228)
(201, 236)
(201, 237)
(201, 204)
(201, 245)
(201, 375)
(201, 251)
(202, 386)
(202, 264)
(202, 267)
(202, 397)
(202, 398)
(202, 279)
(202, 286)
(202, 289)
(202, 221)
(202, 321)
(202, 337)
(202, 212)
(202, 341)
(202, 345)
(202, 348)
(202, 349)
(202, 351)
(202, 352)
(202, 233)
(202, 362)
(202, 239)
(202, 241)
(202, 243)
(202, 372)
(202, 373)
(202, 213)
(203, 391)
(203, 271)
(203, 278)
(203, 284)
(203, 312)
(203, 313)
(203, 325)
(203, 208)
(203, 344)
(203, 227)
(203, 360)
(203, 238)
(203, 370)
(204, 385)
(204, 259)
(204, 261)
(204, 263)
(204, 276)
(204, 278)
(204, 280)
(204, 299)
(204, 284)
(204, 391)
(204, 303)
(204, 326)
(204, 329)
(204, 330)
(204, 332)
(204, 333)
(204, 208)
(204, 220)
(204, 225)
(204, 228)
(204, 229)
(204, 236)
(204, 237)
(204, 370)
(204, 245)
(204, 251)
(204, 252)
(205, 384)
(205, 260)
(205, 268)
(205, 270)
(205, 272)
(205, 277)
(205, 281)
(205, 285)
(205, 292)
(205, 295)
(205, 314)
(205, 320)
(205, 207)
(205, 336)
(205, 339)
(205, 214)
(205, 355)
(205, 356)
(205, 363)
(205, 383)
(206, 257)
(206, 214)
(206, 266)
(206, 395)
(206, 287)
(206, 290)
(206, 304)
(206, 305)
(206, 306)
(206, 310)
(206, 311)
(206, 314)
(206, 324)
(206, 331)
(206, 211)
(206, 342)
(206, 215)
(206, 217)
(206, 224)
(206, 353)
(206, 357)
(206, 231)
(206, 235)
(206, 366)
(206, 368)
(206, 248)
(206, 253)
(207, 384)
(207, 260)
(207, 268)
(207, 272)
(207, 277)
(207, 281)
(207, 293)
(207, 320)
(207, 326)
(207, 336)
(207, 339)
(207, 214)
(207, 346)
(207, 355)
(207, 356)
(207, 232)
(207, 363)
(207, 383)
(208, 259)
(208, 261)
(208, 391)
(208, 271)
(208, 276)
(208, 278)
(208, 284)
(208, 263)
(208, 325)
(208, 344)
(208, 220)
(208, 229)
(208, 360)
(208, 237)
(208, 238)
(208, 370)
(208, 244)
(208, 251)
(208, 252)
(209, 256)
(209, 387)
(209, 388)
(209, 392)
(209, 393)
(209, 266)
(209, 396)
(209, 283)
(209, 288)
(209, 291)
(209, 296)
(209, 300)
(209, 308)
(209, 309)
(209, 319)
(209, 322)
(209, 246)
(209, 327)
(209, 334)
(209, 335)
(209, 210)
(209, 219)
(209, 222)
(209, 361)
(209, 234)
(209, 364)
(209, 365)
(209, 367)
(209, 374)
(209, 249)
(209, 250)
(210, 256)
(210, 258)
(210, 387)
(210, 388)
(210, 392)
(210, 266)
(210, 396)
(210, 273)
(210, 296)
(210, 300)
(210, 304)
(210, 306)
(210, 308)
(210, 309)
(210, 311)
(210, 319)
(210, 324)
(210, 215)
(210, 217)
(210, 222)
(210, 224)
(210, 359)
(210, 367)
(210, 374)
(210, 248)
(210, 249)
(210, 254)
(211, 257)
(211, 390)
(211, 392)
(211, 269)
(211, 287)
(211, 304)
(211, 305)
(211, 315)
(211, 318)
(211, 248)
(211, 342)
(211, 353)
(211, 357)
(211, 231)
(211, 235)
(211, 366)
(211, 247)
(211, 376)
(211, 380)
(211, 255)
(212, 264)
(212, 267)
(212, 397)
(212, 398)
(212, 273)
(212, 279)
(212, 286)
(212, 221)
(212, 308)
(212, 316)
(212, 337)
(212, 345)
(212, 348)
(212, 349)
(212, 351)
(212, 352)
(212, 228)
(212, 359)
(212, 362)
(212, 239)
(212, 241)
(212, 243)
(212, 379)
(213, 386)
(213, 264)
(213, 398)
(213, 286)
(213, 321)
(213, 337)
(213, 341)
(213, 352)
(213, 362)
(213, 239)
(213, 372)
(213, 377)
(214, 384)
(214, 257)
(214, 235)
(214, 395)
(214, 268)
(214, 272)
(214, 277)
(214, 281)
(214, 310)
(214, 314)
(214, 320)
(214, 324)
(214, 331)
(214, 336)
(214, 339)
(214, 215)
(214, 217)
(214, 355)
(214, 357)
(214, 363)
(214, 368)
(214, 253)
(215, 256)
(215, 257)
(215, 258)
(215, 387)
(215, 388)
(215, 392)
(215, 394)
(215, 304)
(215, 305)
(215, 306)
(215, 310)
(215, 311)
(215, 266)
(215, 319)
(215, 324)
(215, 331)
(215, 217)
(215, 222)
(215, 224)
(215, 357)
(215, 231)
(215, 235)
(215, 366)
(215, 368)
(215, 248)
(215, 253)
(215, 254)
(216, 323)
(216, 229)
(216, 230)
(216, 330)
(216, 299)
(216, 301)
(216, 338)
(216, 274)
(216, 280)
(216, 218)
(216, 282)
(216, 252)
(216, 317)
(217, 256)
(217, 258)
(217, 394)
(217, 298)
(217, 306)
(217, 310)
(217, 311)
(217, 266)
(217, 319)
(217, 324)
(217, 331)
(217, 224)
(217, 355)
(217, 357)
(217, 366)
(217, 368)
(217, 375)
(217, 248)
(217, 253)
(217, 254)
(218, 323)
(218, 229)
(218, 230)
(218, 330)
(218, 299)
(218, 301)
(218, 338)
(218, 274)
(218, 276)
(218, 280)
(218, 252)
(218, 317)
(219, 264)
(219, 396)
(219, 398)
(219, 273)
(219, 300)
(219, 309)
(219, 321)
(219, 322)
(219, 327)
(219, 335)
(219, 337)
(219, 345)
(219, 348)
(219, 349)
(219, 359)
(219, 361)
(219, 364)
(220, 385)
(220, 259)
(220, 261)
(220, 263)
(220, 265)
(220, 276)
(220, 278)
(220, 298)
(220, 299)
(220, 303)
(220, 326)
(220, 329)
(220, 330)
(220, 332)
(220, 333)
(220, 225)
(220, 228)
(220, 229)
(220, 236)
(220, 237)
(220, 245)
(220, 375)
(220, 251)
(220, 252)
(221, 386)
(221, 265)
(221, 267)
(221, 397)
(221, 274)
(221, 282)
(221, 286)
(221, 289)
(221, 299)
(221, 301)
(221, 328)
(221, 341)
(221, 351)
(221, 230)
(221, 233)
(221, 362)
(221, 239)
(221, 240)
(221, 371)
(221, 372)
(221, 373)
(221, 377)
(221, 379)
(222, 256)
(222, 387)
(222, 388)
(222, 392)
(222, 266)
(222, 396)
(222, 283)
(222, 288)
(222, 296)
(222, 300)
(222, 304)
(222, 306)
(222, 308)
(222, 309)
(222, 311)
(222, 319)
(222, 246)
(222, 248)
(222, 342)
(222, 224)
(222, 226)
(222, 367)
(222, 374)
(222, 376)
(222, 249)
(223, 390)
(223, 392)
(223, 269)
(223, 283)
(223, 288)
(223, 307)
(223, 343)
(223, 226)
(223, 358)
(223, 365)
(223, 367)
(223, 246)
(223, 376)
(223, 249)
(223, 250)
(223, 382)
(224, 256)
(224, 258)
(224, 387)
(224, 388)
(224, 392)
(224, 266)
(224, 396)
(224, 283)
(224, 296)
(224, 300)
(224, 304)
(224, 306)
(224, 308)
(224, 309)
(224, 310)
(224, 311)
(224, 319)
(224, 324)
(224, 357)
(224, 367)
(224, 374)
(224, 248)
(224, 249)
(224, 254)
(225, 385)
(225, 258)
(225, 263)
(225, 265)
(225, 267)
(225, 397)
(225, 276)
(225, 298)
(225, 299)
(225, 301)
(225, 303)
(225, 316)
(225, 329)
(225, 330)
(225, 332)
(225, 333)
(225, 379)
(225, 228)
(225, 236)
(225, 241)
(225, 243)
(225, 375)
(225, 251)
(225, 252)
(226, 387)
(226, 388)
(226, 390)
(226, 392)
(226, 266)
(226, 269)
(226, 283)
(226, 287)
(226, 288)
(226, 296)
(226, 304)
(226, 307)
(226, 342)
(226, 343)
(226, 358)
(226, 365)
(226, 367)
(226, 246)
(226, 376)
(226, 249)
(226, 250)
(226, 382)
(226, 255)
(227, 271)
(227, 344)
(227, 284)
(227, 312)
(227, 313)
(227, 325)
(227, 360)
(227, 238)
(228, 385)
(228, 263)
(228, 265)
(228, 267)
(228, 397)
(228, 276)
(228, 298)
(228, 299)
(228, 301)
(228, 303)
(228, 316)
(228, 329)
(228, 330)
(228, 332)
(228, 333)
(228, 233)
(228, 236)
(228, 241)
(228, 243)
(228, 373)
(228, 375)
(228, 379)
(228, 252)
(229, 261)
(229, 263)
(229, 265)
(229, 276)
(229, 278)
(229, 280)
(229, 299)
(229, 301)
(229, 303)
(229, 317)
(229, 323)
(229, 330)
(229, 333)
(229, 338)
(229, 370)
(229, 251)
(229, 252)
(230, 386)
(230, 262)
(230, 274)
(230, 282)
(230, 289)
(230, 299)
(230, 301)
(230, 302)
(230, 323)
(230, 328)
(230, 341)
(230, 351)
(230, 233)
(230, 362)
(230, 240)
(230, 371)
(230, 372)
(230, 373)
(230, 377)
(231, 257)
(231, 392)
(231, 266)
(231, 395)
(231, 269)
(231, 287)
(231, 304)
(231, 305)
(231, 306)
(231, 310)
(231, 311)
(231, 315)
(231, 318)
(231, 331)
(231, 248)
(231, 342)
(231, 353)
(231, 357)
(231, 235)
(231, 366)
(231, 247)
(231, 376)
(231, 249)
(231, 253)
(231, 255)
(232, 259)
(232, 260)
(232, 389)
(232, 391)
(232, 272)
(232, 293)
(232, 336)
(232, 339)
(232, 346)
(232, 350)
(232, 237)
(232, 238)
(232, 244)
(233, 386)
(233, 265)
(233, 267)
(233, 397)
(233, 274)
(233, 282)
(233, 289)
(233, 299)
(233, 301)
(233, 303)
(233, 323)
(233, 328)
(233, 330)
(233, 341)
(233, 351)
(233, 362)
(233, 240)
(233, 371)
(233, 372)
(233, 373)
(233, 377)
(233, 379)
(234, 393)
(234, 399)
(234, 288)
(234, 291)
(234, 294)
(234, 296)
(234, 322)
(234, 327)
(234, 334)
(234, 340)
(234, 358)
(234, 361)
(234, 365)
(234, 246)
(234, 250)
(235, 257)
(235, 395)
(235, 268)
(235, 270)
(235, 285)
(235, 287)
(235, 290)
(235, 297)
(235, 305)
(235, 310)
(235, 314)
(235, 315)
(235, 331)
(235, 347)
(235, 353)
(235, 355)
(235, 357)
(235, 366)
(235, 368)
(235, 369)
(235, 248)
(235, 378)
(235, 380)
(235, 253)
(236, 385)
(236, 258)
(236, 263)
(236, 394)
(236, 298)
(236, 303)
(236, 316)
(236, 324)
(236, 326)
(236, 329)
(236, 332)
(236, 333)
(236, 379)
(236, 241)
(236, 243)
(236, 245)
(236, 375)
(236, 251)
(236, 254)
(237, 384)
(237, 259)
(237, 261)
(237, 391)
(237, 278)
(237, 284)
(237, 389)
(237, 326)
(237, 329)
(237, 336)
(237, 346)
(237, 293)
(237, 238)
(237, 244)
(237, 245)
(237, 251)
(238, 259)
(238, 261)
(238, 391)
(238, 271)
(238, 278)
(238, 284)
(238, 389)
(238, 293)
(238, 313)
(238, 325)
(238, 344)
(238, 346)
(238, 360)
(238, 244)
(239, 386)
(239, 264)
(239, 267)
(239, 398)
(239, 279)
(239, 286)
(239, 289)
(239, 321)
(239, 337)
(239, 341)
(239, 345)
(239, 348)
(239, 349)
(239, 351)
(239, 352)
(239, 362)
(239, 372)
(239, 377)
(240, 386)
(240, 262)
(240, 274)
(240, 282)
(240, 289)
(240, 302)
(240, 328)
(240, 341)
(240, 351)
(240, 362)
(240, 371)
(240, 372)
(240, 373)
(240, 377)
(241, 385)
(241, 258)
(241, 265)
(241, 267)
(241, 397)
(241, 273)
(241, 279)
(241, 301)
(241, 303)
(241, 308)
(241, 316)
(241, 332)
(241, 348)
(241, 351)
(241, 359)
(241, 243)
(241, 374)
(241, 375)
(241, 379)
(242, 354)
(242, 275)
(242, 378)
(242, 381)
(243, 385)
(243, 258)
(243, 264)
(243, 265)
(243, 267)
(243, 397)
(243, 398)
(243, 273)
(243, 279)
(243, 298)
(243, 300)
(243, 308)
(243, 316)
(243, 332)
(243, 348)
(243, 359)
(243, 374)
(243, 375)
(243, 379)
(244, 259)
(244, 389)
(244, 391)
(244, 278)
(244, 284)
(244, 293)
(244, 325)
(244, 326)
(244, 344)
(244, 346)
(244, 360)
(245, 384)
(245, 385)
(245, 258)
(245, 259)
(245, 394)
(245, 281)
(245, 293)
(245, 298)
(245, 326)
(245, 329)
(245, 332)
(245, 336)
(245, 346)
(245, 375)
(245, 251)
(246, 388)
(246, 393)
(246, 399)
(246, 283)
(246, 288)
(246, 291)
(246, 294)
(246, 296)
(246, 307)
(246, 334)
(246, 340)
(246, 343)
(246, 358)
(246, 365)
(246, 367)
(246, 249)
(246, 250)
(246, 382)
(247, 353)
(247, 315)
(247, 305)
(247, 297)
(247, 255)
(247, 369)
(247, 347)
(247, 380)
(247, 381)
(247, 318)
(247, 287)
(248, 256)
(248, 257)
(248, 387)
(248, 388)
(248, 392)
(248, 266)
(248, 283)
(248, 287)
(248, 304)
(248, 305)
(248, 306)
(248, 310)
(248, 311)
(248, 319)
(248, 324)
(248, 331)
(248, 342)
(248, 357)
(248, 366)
(248, 367)
(248, 368)
(248, 376)
(248, 249)
(248, 253)
(248, 254)
(249, 256)
(249, 387)
(249, 388)
(249, 392)
(249, 266)
(249, 269)
(249, 283)
(249, 287)
(249, 288)
(249, 296)
(249, 304)
(249, 306)
(249, 311)
(249, 319)
(249, 342)
(249, 343)
(249, 367)
(249, 376)
(250, 393)
(250, 399)
(250, 283)
(250, 288)
(250, 291)
(250, 294)
(250, 296)
(250, 307)
(250, 334)
(250, 340)
(250, 343)
(250, 358)
(250, 365)
(250, 367)
(250, 382)
(251, 385)
(251, 259)
(251, 261)
(251, 391)
(251, 276)
(251, 278)
(251, 284)
(251, 298)
(251, 263)
(251, 303)
(251, 326)
(251, 329)
(251, 332)
(251, 333)
(251, 346)
(251, 375)
(251, 252)
(252, 385)
(252, 261)
(252, 263)
(252, 265)
(252, 276)
(252, 278)
(252, 280)
(252, 299)
(252, 301)
(252, 303)
(252, 317)
(252, 323)
(252, 330)
(252, 332)
(252, 333)
(252, 338)
(252, 379)
(253, 257)
(253, 395)
(253, 268)
(253, 270)
(253, 281)
(253, 290)
(253, 305)
(253, 310)
(253, 314)
(253, 320)
(253, 324)
(253, 331)
(253, 355)
(253, 357)
(253, 363)
(253, 366)
(253, 368)
(254, 256)
(254, 385)
(254, 258)
(254, 394)
(254, 298)
(254, 300)
(254, 306)
(254, 308)
(254, 310)
(254, 311)
(254, 316)
(254, 266)
(254, 319)
(254, 324)
(254, 329)
(254, 357)
(254, 368)
(254, 374)
(254, 375)
(255, 390)
(255, 392)
(255, 269)
(255, 283)
(255, 287)
(255, 304)
(255, 342)
(255, 343)
(255, 353)
(255, 315)
(255, 318)
(255, 376)
(256, 387)
(256, 388)
(256, 392)
(256, 266)
(256, 396)
(256, 273)
(256, 296)
(256, 300)
(256, 304)
(256, 306)
(256, 308)
(256, 309)
(256, 311)
(256, 283)
(256, 319)
(256, 367)
(256, 374)
(256, 376)
(257, 395)
(257, 268)
(257, 270)
(257, 287)
(257, 290)
(257, 304)
(257, 305)
(257, 310)
(257, 314)
(257, 331)
(257, 347)
(257, 353)
(257, 355)
(257, 357)
(257, 366)
(257, 368)
(258, 385)
(258, 394)
(258, 308)
(258, 310)
(258, 311)
(258, 316)
(258, 319)
(258, 324)
(258, 329)
(258, 332)
(258, 368)
(258, 374)
(258, 375)
(258, 298)
(259, 384)
(259, 261)
(259, 391)
(259, 278)
(259, 284)
(259, 389)
(259, 293)
(259, 325)
(259, 326)
(259, 336)
(259, 346)
(260, 384)
(260, 389)
(260, 272)
(260, 281)
(260, 293)
(260, 350)
(260, 320)
(260, 336)
(260, 339)
(260, 346)
(260, 356)
(260, 383)
(261, 391)
(261, 271)
(261, 276)
(261, 278)
(261, 284)
(261, 263)
(261, 325)
(261, 326)
(261, 333)
(261, 344)
(261, 360)
(261, 370)
(262, 386)
(262, 274)
(262, 282)
(262, 289)
(262, 302)
(262, 328)
(262, 341)
(262, 371)
(262, 372)
(262, 377)
(263, 385)
(263, 265)
(263, 276)
(263, 278)
(263, 280)
(263, 299)
(263, 301)
(263, 303)
(263, 317)
(263, 329)
(263, 330)
(263, 332)
(263, 333)
(263, 338)
(263, 379)
(264, 267)
(264, 398)
(264, 273)
(264, 279)
(264, 286)
(264, 321)
(264, 335)
(264, 337)
(264, 345)
(264, 348)
(264, 349)
(264, 352)
(264, 359)
(264, 362)
(264, 364)
(265, 385)
(265, 267)
(265, 397)
(265, 276)
(265, 280)
(265, 299)
(265, 301)
(265, 303)
(265, 316)
(265, 317)
(265, 330)
(265, 332)
(265, 333)
(265, 351)
(265, 274)
(265, 373)
(265, 379)
(266, 387)
(266, 388)
(266, 392)
(266, 396)
(266, 283)
(266, 296)
(266, 300)
(266, 304)
(266, 306)
(266, 308)
(266, 309)
(266, 311)
(266, 319)
(266, 342)
(266, 357)
(266, 367)
(266, 374)
(266, 376)
(267, 386)
(267, 397)
(267, 398)
(267, 279)
(267, 286)
(267, 289)
(267, 299)
(267, 301)
(267, 303)
(267, 316)
(267, 341)
(267, 348)
(267, 351)
(267, 352)
(267, 362)
(267, 371)
(267, 373)
(267, 379)
(268, 395)
(268, 270)
(268, 272)
(268, 277)
(268, 281)
(268, 285)
(268, 290)
(268, 292)
(268, 295)
(268, 314)
(268, 320)
(268, 339)
(268, 355)
(268, 363)
(268, 378)
(268, 383)
(269, 388)
(269, 390)
(269, 392)
(269, 283)
(269, 287)
(269, 288)
(269, 304)
(269, 342)
(269, 343)
(269, 367)
(269, 318)
(269, 376)
(269, 382)
(270, 395)
(270, 277)
(270, 285)
(270, 290)
(270, 292)
(270, 314)
(270, 347)
(270, 354)
(270, 363)
(270, 378)
(270, 381)
(271, 391)
(271, 278)
(271, 284)
(271, 313)
(271, 325)
(271, 344)
(271, 360)
(271, 370)
(272, 384)
(272, 277)
(272, 281)
(272, 293)
(272, 350)
(272, 320)
(272, 336)
(272, 339)
(272, 346)
(272, 355)
(272, 356)
(272, 363)
(272, 383)
(273, 396)
(273, 398)
(273, 279)
(273, 300)
(273, 308)
(273, 309)
(273, 316)
(273, 319)
(273, 335)
(273, 337)
(273, 345)
(273, 348)
(273, 349)
(273, 359)
(273, 364)
(273, 374)
(274, 386)
(274, 282)
(274, 289)
(274, 299)
(274, 301)
(274, 302)
(274, 323)
(274, 328)
(274, 341)
(274, 351)
(274, 362)
(274, 371)
(274, 372)
(274, 373)
(274, 377)
(275, 354)
(275, 292)
(275, 378)
(275, 285)
(276, 385)
(276, 278)
(276, 280)
(276, 299)
(276, 301)
(276, 303)
(276, 317)
(276, 330)
(276, 332)
(276, 333)
(276, 338)
(276, 370)
(276, 379)
(277, 281)
(277, 285)
(277, 292)
(277, 295)
(277, 314)
(277, 320)
(277, 339)
(277, 355)
(277, 356)
(277, 363)
(277, 383)
(278, 389)
(278, 391)
(278, 284)
(278, 326)
(278, 325)
(278, 333)
(278, 344)
(278, 346)
(278, 360)
(278, 370)
(279, 396)
(279, 397)
(279, 398)
(279, 286)
(279, 300)
(279, 308)
(279, 309)
(279, 316)
(279, 337)
(279, 345)
(279, 348)
(279, 349)
(279, 351)
(279, 352)
(279, 359)
(279, 374)
(279, 379)
(280, 299)
(280, 301)
(280, 303)
(280, 317)
(280, 323)
(280, 330)
(280, 333)
(280, 338)
(280, 370)
(281, 384)
(281, 293)
(281, 310)
(281, 320)
(281, 326)
(281, 331)
(281, 336)
(281, 339)
(281, 346)
(281, 355)
(281, 363)
(281, 368)
(282, 386)
(282, 289)
(282, 301)
(282, 302)
(282, 323)
(282, 328)
(282, 341)
(282, 351)
(282, 362)
(282, 371)
(282, 372)
(282, 373)
(282, 377)
(283, 387)
(283, 388)
(283, 390)
(283, 392)
(283, 287)
(283, 288)
(283, 296)
(283, 304)
(283, 306)
(283, 342)
(283, 343)
(283, 358)
(283, 365)
(283, 367)
(283, 376)
(283, 382)
(284, 389)
(284, 391)
(284, 325)
(284, 326)
(284, 344)
(284, 346)
(284, 360)
(284, 370)
(285, 395)
(285, 290)
(285, 292)
(285, 295)
(285, 314)
(285, 347)
(285, 354)
(285, 363)
(285, 378)
(286, 386)
(286, 398)
(286, 289)
(286, 321)
(286, 337)
(286, 341)
(286, 345)
(286, 348)
(286, 349)
(286, 351)
(286, 352)
(286, 362)
(286, 372)
(287, 388)
(287, 390)
(287, 392)
(287, 304)
(287, 305)
(287, 306)
(287, 342)
(287, 343)
(287, 353)
(287, 315)
(287, 357)
(287, 366)
(287, 367)
(287, 318)
(287, 376)
(288, 387)
(288, 388)
(288, 392)
(288, 393)
(288, 399)
(288, 291)
(288, 307)
(288, 334)
(288, 343)
(288, 358)
(288, 365)
(288, 367)
(288, 296)
(288, 376)
(288, 382)
(289, 386)
(289, 302)
(289, 328)
(289, 341)
(289, 351)
(289, 362)
(289, 371)
(289, 372)
(289, 373)
(289, 377)
(290, 395)
(290, 292)
(290, 297)
(290, 305)
(290, 314)
(290, 315)
(290, 347)
(290, 353)
(290, 354)
(290, 366)
(290, 369)
(290, 378)
(290, 380)
(290, 381)
(291, 393)
(291, 399)
(291, 294)
(291, 296)
(291, 307)
(291, 327)
(291, 334)
(291, 340)
(291, 358)
(291, 365)
(291, 382)
(292, 295)
(292, 314)
(292, 320)
(292, 339)
(292, 363)
(292, 378)
(292, 383)
(293, 384)
(293, 389)
(293, 391)
(293, 320)
(293, 326)
(293, 336)
(293, 339)
(293, 346)
(293, 350)
(294, 358)
(294, 393)
(294, 365)
(294, 334)
(294, 399)
(294, 340)
(295, 320)
(295, 356)
(295, 363)
(295, 339)
(295, 383)
(296, 387)
(296, 388)
(296, 392)
(296, 393)
(296, 396)
(296, 300)
(296, 306)
(296, 309)
(296, 319)
(296, 334)
(296, 335)
(296, 343)
(296, 358)
(296, 365)
(296, 367)
(296, 374)
(296, 376)
(297, 395)
(297, 305)
(297, 314)
(297, 315)
(297, 318)
(297, 347)
(297, 353)
(297, 354)
(297, 369)
(297, 378)
(297, 380)
(297, 381)
(298, 385)
(298, 394)
(298, 316)
(298, 324)
(298, 326)
(298, 329)
(298, 332)
(298, 375)
(299, 397)
(299, 301)
(299, 303)
(299, 317)
(299, 323)
(299, 330)
(299, 332)
(299, 333)
(299, 338)
(299, 371)
(299, 373)
(299, 379)
(300, 387)
(300, 388)
(300, 396)
(300, 306)
(300, 308)
(300, 309)
(300, 311)
(300, 319)
(300, 335)
(300, 348)
(300, 349)
(300, 359)
(300, 364)
(300, 374)
(301, 397)
(301, 303)
(301, 317)
(301, 323)
(301, 330)
(301, 332)
(301, 333)
(301, 338)
(301, 351)
(301, 371)
(301, 373)
(301, 379)
(302, 386)
(302, 328)
(302, 371)
(302, 372)
(302, 341)
(302, 377)
(303, 385)
(303, 397)
(303, 316)
(303, 317)
(303, 329)
(303, 330)
(303, 332)
(303, 333)
(303, 373)
(303, 379)
(304, 387)
(304, 388)
(304, 392)
(304, 305)
(304, 306)
(304, 310)
(304, 311)
(304, 319)
(304, 331)
(304, 342)
(304, 353)
(304, 357)
(304, 366)
(304, 367)
(304, 376)
(305, 395)
(305, 310)
(305, 314)
(305, 318)
(305, 331)
(305, 342)
(305, 347)
(305, 353)
(305, 315)
(305, 357)
(305, 366)
(305, 368)
(305, 380)
(306, 387)
(306, 388)
(306, 392)
(306, 308)
(306, 309)
(306, 310)
(306, 324)
(306, 311)
(306, 342)
(306, 357)
(306, 366)
(306, 367)
(306, 374)
(306, 376)
(306, 319)
(307, 399)
(307, 390)
(307, 334)
(307, 343)
(307, 358)
(307, 365)
(307, 382)
(308, 387)
(308, 396)
(308, 309)
(308, 316)
(308, 319)
(308, 311)
(308, 335)
(308, 348)
(308, 349)
(308, 359)
(308, 374)
(309, 387)
(309, 388)
(309, 396)
(309, 319)
(309, 322)
(309, 335)
(309, 348)
(309, 349)
(309, 359)
(309, 364)
(309, 374)
(310, 394)
(310, 395)
(310, 311)
(310, 324)
(310, 331)
(310, 355)
(310, 357)
(310, 366)
(310, 368)
(311, 387)
(311, 388)
(311, 392)
(311, 394)
(311, 319)
(311, 324)
(311, 331)
(311, 357)
(311, 366)
(311, 367)
(311, 368)
(311, 374)
(312, 389)
(312, 313)
(313, 325)
(313, 344)
(313, 360)
(314, 395)
(314, 331)
(314, 347)
(314, 353)
(314, 354)
(314, 355)
(314, 363)
(314, 366)
(314, 369)
(314, 378)
(315, 342)
(315, 347)
(315, 353)
(315, 366)
(315, 369)
(315, 318)
(315, 380)
(316, 385)
(316, 394)
(316, 397)
(316, 329)
(316, 332)
(316, 348)
(316, 359)
(316, 374)
(316, 375)
(316, 379)
(317, 323)
(317, 330)
(317, 333)
(317, 338)
(318, 390)
(318, 342)
(318, 353)
(318, 369)
(318, 380)
(319, 387)
(319, 388)
(319, 392)
(319, 396)
(319, 324)
(319, 357)
(319, 359)
(319, 367)
(319, 374)
(320, 384)
(320, 336)
(320, 339)
(320, 355)
(320, 356)
(320, 363)
(320, 383)
(321, 398)
(321, 337)
(321, 345)
(321, 348)
(321, 349)
(321, 352)
(321, 364)
(322, 393)
(322, 396)
(322, 327)
(322, 335)
(322, 337)
(322, 345)
(322, 349)
(322, 361)
(322, 364)
(323, 330)
(323, 338)
(323, 371)
(323, 373)
(324, 394)
(324, 329)
(324, 331)
(324, 355)
(324, 357)
(324, 368)
(324, 375)
(325, 389)
(325, 391)
(325, 344)
(325, 360)
(325, 370)
(326, 384)
(326, 385)
(326, 391)
(326, 329)
(326, 336)
(326, 346)
(326, 375)
(327, 393)
(327, 396)
(327, 399)
(327, 334)
(327, 335)
(327, 340)
(327, 345)
(327, 349)
(327, 361)
(327, 364)
(328, 386)
(328, 373)
(328, 341)
(328, 351)
(328, 362)
(328, 371)
(328, 372)
(328, 377)
(329, 385)
(329, 394)
(329, 332)
(329, 333)
(329, 375)
(330, 397)
(330, 332)
(330, 333)
(330, 338)
(330, 373)
(330, 379)
(331, 394)
(331, 395)
(331, 355)
(331, 357)
(331, 366)
(331, 368)
(332, 385)
(332, 394)
(332, 397)
(332, 333)
(332, 375)
(332, 379)
(333, 385)
(333, 397)
(333, 379)
(334, 393)
(334, 399)
(334, 340)
(334, 358)
(334, 365)
(334, 382)
(335, 396)
(335, 398)
(335, 349)
(335, 337)
(335, 345)
(335, 348)
(335, 359)
(335, 361)
(335, 364)
(335, 374)
(336, 384)
(336, 339)
(336, 346)
(336, 355)
(336, 363)
(337, 398)
(337, 349)
(337, 345)
(337, 348)
(337, 352)
(337, 359)
(337, 364)
(339, 384)
(339, 350)
(339, 355)
(339, 356)
(339, 363)
(339, 383)
(340, 393)
(340, 399)
(340, 358)
(340, 365)
(341, 386)
(341, 351)
(341, 352)
(341, 362)
(341, 371)
(341, 372)
(341, 373)
(341, 377)
(342, 387)
(342, 388)
(342, 390)
(342, 392)
(342, 343)
(342, 353)
(342, 366)
(342, 367)
(342, 376)
(343, 388)
(343, 390)
(343, 392)
(343, 358)
(343, 365)
(343, 367)
(343, 376)
(343, 382)
(344, 391)
(344, 370)
(344, 360)
(345, 398)
(345, 348)
(345, 349)
(345, 352)
(345, 359)
(345, 361)
(345, 364)
(346, 384)
(346, 391)
(346, 389)
(347, 395)
(347, 353)
(347, 354)
(347, 369)
(347, 378)
(347, 380)
(347, 381)
(348, 396)
(348, 397)
(348, 398)
(348, 349)
(348, 352)
(348, 359)
(348, 364)
(348, 374)
(349, 396)
(349, 398)
(349, 374)
(349, 352)
(349, 359)
(349, 361)
(349, 364)
(350, 389)
(350, 356)
(350, 383)
(351, 386)
(351, 397)
(351, 352)
(351, 362)
(351, 371)
(351, 372)
(351, 373)
(351, 377)
(351, 379)
(352, 386)
(352, 398)
(352, 362)
(352, 372)
(353, 395)
(353, 366)
(353, 369)
(353, 380)
(353, 381)
(354, 395)
(354, 369)
(354, 378)
(354, 380)
(354, 381)
(355, 384)
(355, 395)
(355, 357)
(355, 363)
(355, 368)
(356, 363)
(356, 383)
(357, 394)
(357, 395)
(357, 366)
(357, 368)
(358, 393)
(358, 399)
(358, 365)
(358, 382)
(359, 396)
(359, 397)
(359, 398)
(359, 364)
(359, 374)
(360, 391)
(360, 389)
(360, 370)
(361, 393)
(361, 396)
(361, 364)
(362, 386)
(362, 397)
(362, 398)
(362, 371)
(362, 372)
(362, 373)
(362, 377)
(362, 379)
(363, 384)
(363, 395)
(363, 383)
(364, 396)
(364, 398)
(365, 393)
(365, 399)
(365, 382)
(366, 392)
(366, 395)
(366, 368)
(367, 387)
(367, 388)
(367, 390)
(367, 392)
(367, 376)
(367, 382)
(368, 384)
(368, 394)
(369, 395)
(369, 378)
(369, 380)
(369, 381)
(370, 391)
(371, 386)
(371, 372)
(371, 373)
(371, 377)
(372, 386)
(372, 373)
(372, 377)
(373, 386)
(373, 397)
(373, 377)
(373, 379)
(374, 387)
(374, 388)
(374, 396)
(375, 385)
(375, 394)
(376, 387)
(376, 388)
(376, 390)
(376, 392)
(376, 382)
(377, 386)
(378, 395)
(378, 380)
(378, 381)
(379, 385)
(379, 397)
(380, 395)
(380, 381)
(382, 399)
(382, 390)
(384, 394)
(385, 394)
(385, 397)
(387, 388)
(387, 392)
(387, 396)
(388, 392)
(388, 396)
(389, 391)
(390, 392)
(393, 399)
