#Nodes
0
1
2
3
4
5
6
7
8
9
10
11
12
13
14
15
16
17
18
19
20
21
22
23
24
25
26
27
28
29
30
31
32
33
34
35
36
37
38
39
40
41
42
43
44
45
46
47
48
49
50
51
52
53
54
55
56
57
58
59
60
61
62
63
64
65
66
67
68
69
70
71
72
73
74
75
76
77
78
79
80
81
82
83
84
85
86
87
88
89
90
91
92
93
94
95
96
97
98
99
100
101
102
103
104
105
106
107
108
109
110
111
112
113
114
115
116
117
118
119
120
121
122
123
124
125
126
127
128
129
130
131
132
133
134
135
136
137
138
139
140
141
142
143
144
145
146
147
148
149
150
151
152
153
154
155
156
157
158
159
160
161
162
163
164
165
166
167
168
169
170
171
172
173
174
175
176
177
178
179
180
181
182
183
184
185
186
187
188
189
190
191
192
193
194
195
196
197
198
199
200
201
202
203
204
205
206
207
208
209
210
211
212
213
214
215
216
217
218
219
220
221
222
223
224
225
226
227
228
229
230
231
232
233
234
235
236
237
238
239
240
241
242
243
244
245
246
247
248
249
250
251
252
253
254
255
256
257
258
259
260
261
262
263
264
265
266
267
268
269
270
271
272
273
274
275
276
277
278
279
280
281
282
283
284
285
286
287
288
289
290
291
292
293
294
295
296
297
298
299
300
301
302
303
304
305
306
307
308
309
310
311
312
313
314
315
316
317
318
319
320
321
322
323
324
325
326
327
328
329
330
331
332
333
334
335
336
337
338
339
340
341
342
343
344
345
346
347
348
349
350
351
352
353
354
355
356
357
358
359
360
361
362
363
364
365
366
367
368
369
370
371
372
373
374
375
376
377
378
379
380
381
382
383
384
385
386
387
388
389
390
391
392
393
394
395
396
397
398
399
#Edges
(0, 129)
(0, 389)
(0, 266)
(0, 343)
(0, 396)
(0, 24)
(0, 25)
(0, 26)
(0, 157)
(0, 41)
(0, 46)
(0, 178)
(0, 307)
(0, 54)
(0, 317)
(0, 65)
(0, 322)
(0, 199)
(0, 206)
(0, 209)
(0, 87)
(0, 222)
(0, 227)
(0, 102)
(0, 105)
(0, 124)
(1, 2)
(1, 262)
(1, 264)
(1, 137)
(1, 138)
(1, 140)
(1, 144)
(1, 148)
(1, 28)
(1, 159)
(1, 287)
(1, 136)
(1, 306)
(1, 115)
(1, 183)
(1, 313)
(1, 187)
(1, 69)
(1, 329)
(1, 75)
(1, 82)
(1, 84)
(1, 344)
(1, 220)
(1, 221)
(1, 223)
(1, 352)
(1, 101)
(1, 12)
(1, 369)
(1, 371)
(1, 377)
(1, 381)
(2, 262)
(2, 264)
(2, 137)
(2, 138)
(2, 140)
(2, 144)
(2, 148)
(2, 28)
(2, 159)
(2, 287)
(2, 136)
(2, 306)
(2, 115)
(2, 183)
(2, 313)
(2, 187)
(2, 329)
(2, 82)
(2, 84)
(2, 220)
(2, 221)
(2, 223)
(2, 352)
(2, 101)
(2, 12)
(2, 369)
(2, 371)
(2, 377)
(3, 128)
(3, 385)
(3, 22)
(3, 4)
(3, 133)
(3, 6)
(3, 391)
(3, 9)
(3, 394)
(3, 395)
(3, 275)
(3, 149)
(3, 150)
(3, 23)
(3, 282)
(3, 284)
(3, 31)
(3, 290)
(3, 170)
(3, 43)
(3, 47)
(3, 304)
(3, 52)
(3, 311)
(3, 184)
(3, 315)
(3, 320)
(3, 267)
(3, 73)
(3, 74)
(3, 331)
(3, 333)
(3, 337)
(3, 338)
(3, 215)
(3, 345)
(3, 90)
(3, 219)
(3, 350)
(3, 96)
(3, 234)
(3, 110)
(3, 366)
(3, 239)
(3, 243)
(3, 119)
(3, 121)
(3, 122)
(3, 125)
(3, 127)
(4, 128)
(4, 385)
(4, 260)
(4, 133)
(4, 6)
(4, 391)
(4, 394)
(4, 395)
(4, 397)
(4, 14)
(4, 275)
(4, 238)
(4, 22)
(4, 184)
(4, 284)
(4, 29)
(4, 31)
(4, 288)
(4, 34)
(4, 35)
(4, 43)
(4, 302)
(4, 304)
(4, 311)
(4, 312)
(4, 185)
(4, 315)
(4, 320)
(4, 267)
(4, 197)
(4, 326)
(4, 73)
(4, 74)
(4, 331)
(4, 333)
(4, 205)
(4, 337)
(4, 211)
(4, 215)
(4, 88)
(4, 219)
(4, 92)
(4, 67)
(4, 230)
(4, 234)
(4, 110)
(4, 366)
(4, 239)
(4, 119)
(4, 121)
(4, 125)
(4, 149)
(5, 386)
(5, 235)
(5, 261)
(5, 393)
(5, 268)
(5, 130)
(5, 398)
(5, 271)
(5, 280)
(5, 214)
(5, 293)
(5, 166)
(5, 295)
(5, 298)
(5, 174)
(5, 305)
(5, 50)
(5, 309)
(5, 182)
(5, 265)
(5, 60)
(5, 319)
(5, 323)
(5, 200)
(5, 332)
(5, 210)
(5, 339)
(5, 142)
(5, 342)
(5, 216)
(5, 347)
(5, 37)
(5, 353)
(5, 100)
(5, 231)
(5, 361)
(5, 363)
(5, 113)
(5, 374)
(5, 378)
(5, 379)
(5, 143)
(6, 128)
(6, 22)
(6, 391)
(6, 394)
(6, 395)
(6, 149)
(6, 150)
(6, 23)
(6, 152)
(6, 284)
(6, 31)
(6, 290)
(6, 170)
(6, 43)
(6, 304)
(6, 52)
(6, 184)
(6, 185)
(6, 61)
(6, 320)
(6, 73)
(6, 74)
(6, 331)
(6, 333)
(6, 337)
(6, 338)
(6, 215)
(6, 219)
(6, 350)
(6, 96)
(6, 230)
(6, 81)
(6, 234)
(6, 110)
(6, 366)
(6, 239)
(6, 119)
(6, 121)
(6, 122)
(6, 382)
(6, 127)
(7, 393)
(7, 141)
(7, 270)
(7, 271)
(7, 272)
(7, 19)
(7, 21)
(7, 279)
(7, 285)
(7, 69)
(7, 287)
(7, 293)
(7, 306)
(7, 310)
(7, 313)
(7, 314)
(7, 118)
(7, 82)
(7, 83)
(7, 340)
(7, 377)
(7, 220)
(7, 165)
(7, 359)
(7, 246)
(7, 249)
(7, 378)
(8, 256)
(8, 392)
(8, 300)
(8, 399)
(8, 17)
(8, 147)
(8, 89)
(8, 153)
(8, 155)
(8, 158)
(8, 160)
(8, 33)
(8, 296)
(8, 172)
(8, 301)
(8, 179)
(8, 30)
(8, 64)
(8, 325)
(8, 71)
(8, 330)
(8, 204)
(8, 45)
(8, 80)
(8, 217)
(8, 90)
(8, 93)
(8, 94)
(8, 97)
(8, 103)
(8, 362)
(8, 364)
(8, 242)
(8, 247)
(8, 106)
(9, 387)
(9, 388)
(9, 133)
(9, 11)
(9, 43)
(9, 150)
(9, 281)
(9, 282)
(9, 284)
(9, 289)
(9, 290)
(9, 292)
(9, 297)
(9, 171)
(9, 52)
(9, 191)
(9, 198)
(9, 162)
(9, 120)
(9, 212)
(9, 341)
(9, 215)
(9, 345)
(9, 218)
(9, 219)
(9, 122)
(9, 351)
(9, 96)
(9, 354)
(9, 355)
(9, 229)
(9, 81)
(9, 108)
(9, 239)
(9, 243)
(9, 382)
(9, 119)
(9, 248)
(9, 250)
(9, 127)
(9, 254)
(9, 255)
(10, 258)
(10, 131)
(10, 388)
(10, 135)
(10, 139)
(10, 77)
(10, 109)
(10, 20)
(10, 277)
(10, 278)
(10, 151)
(10, 27)
(10, 156)
(10, 289)
(10, 164)
(10, 38)
(10, 39)
(10, 40)
(10, 171)
(10, 72)
(10, 55)
(10, 116)
(10, 186)
(10, 188)
(10, 189)
(10, 62)
(10, 192)
(10, 195)
(10, 328)
(10, 201)
(10, 203)
(10, 98)
(10, 207)
(10, 11)
(10, 212)
(10, 36)
(10, 346)
(10, 91)
(10, 349)
(10, 354)
(10, 358)
(10, 233)
(10, 108)
(10, 365)
(10, 367)
(10, 368)
(10, 370)
(10, 244)
(10, 375)
(10, 120)
(10, 250)
(10, 252)
(10, 254)
(11, 388)
(11, 278)
(11, 151)
(11, 26)
(11, 27)
(11, 346)
(11, 162)
(11, 292)
(11, 171)
(11, 44)
(11, 186)
(11, 188)
(11, 191)
(11, 322)
(11, 195)
(11, 198)
(11, 77)
(11, 343)
(11, 164)
(11, 218)
(11, 91)
(11, 349)
(11, 351)
(11, 354)
(11, 102)
(11, 358)
(11, 108)
(11, 237)
(11, 368)
(11, 370)
(11, 243)
(11, 89)
(11, 120)
(11, 250)
(11, 255)
(12, 51)
(12, 262)
(12, 264)
(12, 137)
(12, 138)
(12, 140)
(12, 13)
(12, 144)
(12, 148)
(12, 283)
(12, 28)
(12, 285)
(12, 287)
(12, 165)
(12, 159)
(12, 176)
(12, 136)
(12, 306)
(12, 115)
(12, 183)
(12, 313)
(12, 187)
(12, 69)
(12, 329)
(12, 75)
(12, 101)
(12, 82)
(12, 84)
(12, 344)
(12, 220)
(12, 221)
(12, 223)
(12, 352)
(12, 357)
(12, 359)
(12, 369)
(12, 371)
(12, 117)
(12, 246)
(12, 377)
(12, 381)
(13, 51)
(13, 262)
(13, 264)
(13, 137)
(13, 138)
(13, 140)
(13, 144)
(13, 274)
(13, 276)
(13, 68)
(13, 283)
(13, 28)
(13, 287)
(13, 165)
(13, 168)
(13, 169)
(13, 176)
(13, 136)
(13, 115)
(13, 180)
(13, 183)
(13, 56)
(13, 313)
(13, 316)
(13, 193)
(13, 66)
(13, 196)
(13, 327)
(13, 75)
(13, 101)
(13, 82)
(13, 84)
(13, 85)
(13, 86)
(13, 344)
(13, 220)
(13, 221)
(13, 223)
(13, 16)
(13, 99)
(13, 357)
(13, 104)
(13, 112)
(13, 369)
(13, 371)
(13, 117)
(13, 246)
(13, 381)
(14, 128)
(14, 385)
(14, 260)
(14, 257)
(14, 395)
(14, 269)
(14, 275)
(14, 22)
(14, 47)
(14, 31)
(14, 288)
(14, 34)
(14, 70)
(14, 302)
(14, 303)
(14, 304)
(14, 311)
(14, 312)
(14, 315)
(14, 318)
(14, 267)
(14, 326)
(14, 73)
(14, 331)
(14, 205)
(14, 211)
(14, 67)
(14, 228)
(14, 238)
(14, 121)
(14, 125)
(15, 259)
(15, 141)
(15, 270)
(15, 145)
(15, 146)
(15, 387)
(15, 21)
(15, 152)
(15, 281)
(15, 283)
(15, 289)
(15, 36)
(15, 165)
(15, 297)
(15, 180)
(15, 61)
(15, 63)
(15, 324)
(15, 327)
(15, 202)
(15, 334)
(15, 81)
(15, 340)
(15, 341)
(15, 95)
(15, 225)
(15, 355)
(15, 161)
(15, 229)
(15, 232)
(15, 380)
(15, 236)
(15, 18)
(15, 111)
(15, 104)
(15, 382)
(15, 248)
(15, 212)
(15, 252)
(15, 254)
(15, 213)
(16, 263)
(16, 136)
(16, 274)
(16, 276)
(16, 68)
(16, 28)
(16, 240)
(16, 163)
(16, 167)
(16, 48)
(16, 115)
(16, 316)
(16, 193)
(16, 66)
(16, 196)
(16, 75)
(16, 335)
(16, 85)
(16, 86)
(16, 223)
(16, 99)
(16, 101)
(16, 112)
(16, 369)
(16, 371)
(16, 117)
(16, 381)
(16, 383)
(17, 256)
(17, 47)
(17, 133)
(17, 392)
(17, 172)
(17, 267)
(17, 269)
(17, 399)
(17, 275)
(17, 217)
(17, 153)
(17, 155)
(17, 158)
(17, 288)
(17, 33)
(17, 34)
(17, 292)
(17, 300)
(17, 45)
(17, 302)
(17, 303)
(17, 179)
(17, 30)
(17, 315)
(17, 64)
(17, 160)
(17, 325)
(17, 71)
(17, 73)
(17, 330)
(17, 204)
(17, 211)
(17, 345)
(17, 90)
(17, 93)
(17, 94)
(17, 97)
(17, 228)
(17, 103)
(17, 362)
(17, 364)
(17, 238)
(17, 239)
(17, 242)
(17, 147)
(17, 106)
(17, 89)
(17, 247)
(17, 121)
(17, 125)
(18, 387)
(18, 393)
(18, 141)
(18, 270)
(18, 145)
(18, 259)
(18, 21)
(18, 23)
(18, 152)
(18, 281)
(18, 293)
(18, 166)
(18, 298)
(18, 314)
(18, 61)
(18, 319)
(18, 324)
(18, 202)
(18, 81)
(18, 338)
(18, 213)
(18, 216)
(18, 347)
(18, 350)
(18, 225)
(18, 229)
(18, 232)
(18, 111)
(18, 113)
(18, 63)
(18, 380)
(18, 170)
(18, 382)
(18, 127)
(19, 272)
(19, 21)
(19, 279)
(19, 285)
(19, 69)
(19, 165)
(19, 306)
(19, 310)
(19, 313)
(19, 314)
(19, 287)
(19, 118)
(19, 82)
(19, 83)
(19, 340)
(19, 249)
(19, 220)
(19, 359)
(19, 246)
(19, 377)
(19, 378)
(20, 258)
(20, 131)
(20, 390)
(20, 263)
(20, 139)
(20, 161)
(20, 109)
(20, 277)
(20, 278)
(20, 151)
(20, 156)
(20, 289)
(20, 164)
(20, 294)
(20, 167)
(20, 168)
(20, 169)
(20, 135)
(20, 48)
(20, 72)
(20, 55)
(20, 56)
(20, 116)
(20, 186)
(20, 188)
(20, 189)
(20, 62)
(20, 192)
(20, 193)
(20, 68)
(20, 327)
(20, 328)
(20, 201)
(20, 203)
(20, 76)
(20, 77)
(20, 207)
(20, 212)
(20, 36)
(20, 91)
(20, 349)
(20, 98)
(20, 38)
(20, 358)
(20, 104)
(20, 233)
(20, 39)
(20, 108)
(20, 365)
(20, 367)
(20, 368)
(20, 40)
(20, 244)
(20, 375)
(20, 120)
(20, 250)
(20, 123)
(20, 252)
(20, 254)
(21, 393)
(21, 141)
(21, 270)
(21, 271)
(21, 272)
(21, 145)
(21, 279)
(21, 152)
(21, 285)
(21, 293)
(21, 166)
(21, 310)
(21, 314)
(21, 63)
(21, 324)
(21, 118)
(21, 202)
(21, 83)
(21, 340)
(21, 213)
(21, 216)
(21, 347)
(21, 165)
(21, 225)
(21, 359)
(21, 236)
(21, 111)
(21, 246)
(21, 249)
(21, 378)
(21, 380)
(22, 128)
(22, 385)
(22, 260)
(22, 133)
(22, 391)
(22, 394)
(22, 395)
(22, 275)
(22, 238)
(22, 150)
(22, 284)
(22, 31)
(22, 288)
(22, 34)
(22, 35)
(22, 43)
(22, 302)
(22, 47)
(22, 304)
(22, 311)
(22, 312)
(22, 315)
(22, 320)
(22, 267)
(22, 326)
(22, 73)
(22, 74)
(22, 331)
(22, 333)
(22, 205)
(22, 184)
(22, 211)
(22, 215)
(22, 345)
(22, 90)
(22, 219)
(22, 67)
(22, 234)
(22, 110)
(22, 366)
(22, 239)
(22, 119)
(22, 121)
(22, 122)
(22, 125)
(23, 391)
(23, 394)
(23, 145)
(23, 149)
(23, 150)
(23, 152)
(23, 284)
(23, 290)
(23, 170)
(23, 43)
(23, 304)
(23, 52)
(23, 184)
(23, 61)
(23, 319)
(23, 320)
(23, 74)
(23, 331)
(23, 333)
(23, 337)
(23, 338)
(23, 341)
(23, 215)
(23, 219)
(23, 350)
(23, 96)
(23, 230)
(23, 81)
(23, 234)
(23, 110)
(23, 366)
(23, 239)
(23, 119)
(23, 122)
(23, 382)
(23, 127)
(24, 129)
(24, 389)
(24, 25)
(24, 157)
(24, 286)
(24, 41)
(24, 42)
(24, 46)
(24, 49)
(24, 59)
(24, 317)
(24, 190)
(24, 321)
(24, 208)
(24, 209)
(24, 87)
(24, 222)
(24, 224)
(24, 336)
(24, 227)
(24, 372)
(24, 376)
(24, 251)
(24, 253)
(25, 129)
(25, 227)
(25, 389)
(25, 199)
(25, 105)
(25, 46)
(25, 253)
(25, 336)
(25, 209)
(25, 307)
(25, 372)
(25, 41)
(25, 157)
(25, 87)
(25, 376)
(25, 49)
(25, 317)
(25, 222)
(26, 256)
(26, 388)
(26, 389)
(26, 396)
(26, 147)
(26, 27)
(26, 30)
(26, 33)
(26, 44)
(26, 301)
(26, 46)
(26, 178)
(26, 307)
(26, 54)
(26, 65)
(26, 322)
(26, 199)
(26, 206)
(26, 209)
(26, 343)
(26, 89)
(26, 346)
(26, 222)
(26, 354)
(26, 102)
(26, 105)
(26, 364)
(26, 237)
(26, 241)
(26, 124)
(27, 388)
(27, 266)
(27, 237)
(27, 278)
(27, 151)
(27, 346)
(27, 289)
(27, 162)
(27, 164)
(27, 39)
(27, 171)
(27, 44)
(27, 55)
(27, 186)
(27, 188)
(27, 191)
(27, 322)
(27, 195)
(27, 198)
(27, 328)
(27, 203)
(27, 77)
(27, 209)
(27, 343)
(27, 218)
(27, 91)
(27, 349)
(27, 351)
(27, 354)
(27, 102)
(27, 358)
(27, 233)
(27, 108)
(27, 365)
(27, 368)
(27, 370)
(27, 375)
(27, 120)
(27, 250)
(27, 255)
(28, 51)
(28, 262)
(28, 264)
(28, 137)
(28, 138)
(28, 140)
(28, 144)
(28, 274)
(28, 276)
(28, 283)
(28, 287)
(28, 165)
(28, 159)
(28, 176)
(28, 136)
(28, 306)
(28, 115)
(28, 180)
(28, 183)
(28, 313)
(28, 187)
(28, 316)
(28, 66)
(28, 196)
(28, 329)
(28, 75)
(28, 101)
(28, 82)
(28, 84)
(28, 86)
(28, 344)
(28, 220)
(28, 221)
(28, 223)
(28, 352)
(28, 148)
(28, 99)
(28, 357)
(28, 112)
(28, 369)
(28, 371)
(28, 117)
(28, 246)
(28, 377)
(28, 381)
(29, 385)
(29, 132)
(29, 261)
(29, 391)
(29, 394)
(29, 395)
(29, 397)
(29, 273)
(29, 149)
(29, 184)
(29, 31)
(29, 32)
(29, 35)
(29, 173)
(29, 53)
(29, 311)
(29, 312)
(29, 185)
(29, 58)
(29, 320)
(29, 67)
(29, 197)
(29, 74)
(29, 205)
(29, 78)
(29, 337)
(29, 88)
(29, 92)
(29, 353)
(29, 230)
(29, 360)
(29, 110)
(29, 366)
(29, 126)
(30, 256)
(30, 392)
(30, 396)
(30, 147)
(30, 345)
(30, 153)
(30, 282)
(30, 155)
(30, 158)
(30, 160)
(30, 33)
(30, 292)
(30, 296)
(30, 44)
(30, 301)
(30, 47)
(30, 179)
(30, 54)
(30, 64)
(30, 65)
(30, 322)
(30, 325)
(30, 198)
(30, 71)
(30, 330)
(30, 204)
(30, 217)
(30, 90)
(30, 93)
(30, 351)
(30, 97)
(30, 364)
(30, 237)
(30, 241)
(30, 242)
(30, 243)
(30, 89)
(30, 247)
(31, 128)
(31, 385)
(31, 260)
(31, 391)
(31, 394)
(31, 395)
(31, 397)
(31, 275)
(31, 238)
(31, 132)
(31, 184)
(31, 284)
(31, 34)
(31, 35)
(31, 170)
(31, 43)
(31, 304)
(31, 311)
(31, 312)
(31, 185)
(31, 315)
(31, 320)
(31, 267)
(31, 197)
(31, 73)
(31, 74)
(31, 331)
(31, 333)
(31, 78)
(31, 205)
(31, 337)
(31, 215)
(31, 88)
(31, 219)
(31, 92)
(31, 67)
(31, 230)
(31, 234)
(31, 110)
(31, 366)
(31, 119)
(31, 121)
(31, 125)
(31, 149)
(32, 386)
(32, 235)
(32, 132)
(32, 261)
(32, 397)
(32, 398)
(32, 143)
(32, 273)
(32, 149)
(32, 37)
(32, 295)
(32, 173)
(32, 174)
(32, 308)
(32, 309)
(32, 182)
(32, 185)
(32, 58)
(32, 53)
(32, 323)
(32, 197)
(32, 130)
(32, 200)
(32, 332)
(32, 78)
(32, 337)
(32, 339)
(32, 353)
(32, 356)
(32, 230)
(32, 231)
(32, 360)
(32, 361)
(32, 363)
(32, 113)
(32, 245)
(32, 374)
(32, 379)
(32, 126)
(33, 256)
(33, 392)
(33, 396)
(33, 147)
(33, 345)
(33, 153)
(33, 282)
(33, 155)
(33, 158)
(33, 160)
(33, 292)
(33, 296)
(33, 44)
(33, 301)
(33, 47)
(33, 179)
(33, 54)
(33, 64)
(33, 322)
(33, 325)
(33, 198)
(33, 71)
(33, 330)
(33, 204)
(33, 217)
(33, 90)
(33, 93)
(33, 351)
(33, 97)
(33, 106)
(33, 364)
(33, 237)
(33, 241)
(33, 242)
(33, 243)
(33, 89)
(33, 247)
(34, 128)
(34, 385)
(34, 260)
(34, 257)
(34, 395)
(34, 269)
(34, 275)
(34, 47)
(34, 288)
(34, 70)
(34, 302)
(34, 303)
(34, 304)
(34, 311)
(34, 315)
(34, 318)
(34, 267)
(34, 326)
(34, 73)
(34, 331)
(34, 211)
(34, 67)
(34, 228)
(34, 238)
(34, 121)
(34, 125)
(35, 128)
(35, 385)
(35, 132)
(35, 391)
(35, 394)
(35, 395)
(35, 397)
(35, 273)
(35, 366)
(35, 184)
(35, 304)
(35, 53)
(35, 311)
(35, 312)
(35, 185)
(35, 58)
(35, 320)
(35, 67)
(35, 197)
(35, 331)
(35, 205)
(35, 78)
(35, 337)
(35, 88)
(35, 92)
(35, 230)
(35, 110)
(35, 149)
(36, 258)
(36, 387)
(36, 135)
(36, 108)
(36, 139)
(36, 161)
(36, 109)
(36, 274)
(36, 131)
(36, 276)
(36, 151)
(36, 283)
(36, 156)
(36, 289)
(36, 146)
(36, 168)
(36, 297)
(36, 48)
(36, 51)
(36, 180)
(36, 55)
(36, 56)
(36, 186)
(36, 189)
(36, 62)
(36, 63)
(36, 192)
(36, 193)
(36, 66)
(36, 68)
(36, 327)
(36, 72)
(36, 201)
(36, 203)
(36, 76)
(36, 334)
(36, 207)
(36, 120)
(36, 212)
(36, 213)
(36, 86)
(36, 169)
(36, 95)
(36, 225)
(36, 98)
(36, 355)
(36, 229)
(36, 232)
(36, 233)
(36, 236)
(36, 365)
(36, 367)
(36, 104)
(36, 116)
(36, 375)
(36, 248)
(36, 250)
(36, 38)
(36, 252)
(36, 254)
(37, 386)
(37, 235)
(37, 261)
(37, 265)
(37, 268)
(37, 130)
(37, 398)
(37, 143)
(37, 280)
(37, 214)
(37, 295)
(37, 298)
(37, 174)
(37, 305)
(37, 50)
(37, 308)
(37, 309)
(37, 60)
(37, 323)
(37, 200)
(37, 332)
(37, 210)
(37, 339)
(37, 142)
(37, 342)
(37, 100)
(37, 347)
(37, 226)
(37, 356)
(37, 231)
(37, 361)
(37, 363)
(37, 113)
(37, 245)
(37, 374)
(37, 379)
(38, 258)
(38, 131)
(38, 135)
(38, 139)
(38, 161)
(38, 109)
(38, 146)
(38, 277)
(38, 278)
(38, 151)
(38, 156)
(38, 289)
(38, 164)
(38, 294)
(38, 39)
(38, 168)
(38, 169)
(38, 48)
(38, 72)
(38, 55)
(38, 56)
(38, 186)
(38, 188)
(38, 189)
(38, 62)
(38, 192)
(38, 193)
(38, 68)
(38, 327)
(38, 328)
(38, 201)
(38, 203)
(38, 76)
(38, 77)
(38, 334)
(38, 207)
(38, 212)
(38, 91)
(38, 95)
(38, 98)
(38, 358)
(38, 104)
(38, 233)
(38, 108)
(38, 365)
(38, 367)
(38, 368)
(38, 40)
(38, 116)
(38, 375)
(38, 120)
(38, 250)
(38, 252)
(38, 254)
(39, 384)
(39, 129)
(39, 258)
(39, 390)
(39, 135)
(39, 266)
(39, 139)
(39, 109)
(39, 277)
(39, 278)
(39, 151)
(39, 116)
(39, 164)
(39, 134)
(39, 294)
(39, 40)
(39, 114)
(39, 55)
(39, 244)
(39, 186)
(39, 188)
(39, 190)
(39, 192)
(39, 194)
(39, 195)
(39, 328)
(39, 201)
(39, 203)
(39, 77)
(39, 207)
(39, 208)
(39, 87)
(39, 346)
(39, 91)
(39, 349)
(39, 224)
(39, 358)
(39, 233)
(39, 365)
(39, 368)
(39, 370)
(39, 372)
(39, 62)
(39, 375)
(39, 376)
(39, 251)
(40, 384)
(40, 129)
(40, 258)
(40, 390)
(40, 135)
(40, 266)
(40, 139)
(40, 109)
(40, 277)
(40, 278)
(40, 151)
(40, 164)
(40, 134)
(40, 294)
(40, 114)
(40, 55)
(40, 116)
(40, 186)
(40, 188)
(40, 190)
(40, 192)
(40, 194)
(40, 195)
(40, 328)
(40, 201)
(40, 203)
(40, 77)
(40, 207)
(40, 208)
(40, 87)
(40, 346)
(40, 91)
(40, 349)
(40, 224)
(40, 123)
(40, 358)
(40, 233)
(40, 365)
(40, 368)
(40, 370)
(40, 244)
(40, 62)
(40, 375)
(40, 376)
(40, 251)
(41, 129)
(41, 389)
(41, 343)
(41, 157)
(41, 46)
(41, 49)
(41, 307)
(41, 317)
(41, 199)
(41, 336)
(41, 209)
(41, 87)
(41, 222)
(41, 227)
(41, 105)
(41, 372)
(41, 376)
(41, 124)
(41, 253)
(42, 224)
(42, 321)
(42, 227)
(42, 49)
(42, 134)
(42, 129)
(42, 208)
(42, 157)
(42, 336)
(42, 59)
(42, 372)
(42, 190)
(42, 87)
(42, 376)
(42, 251)
(42, 253)
(42, 286)
(43, 128)
(43, 133)
(43, 391)
(43, 394)
(43, 395)
(43, 149)
(43, 150)
(43, 282)
(43, 284)
(43, 290)
(43, 162)
(43, 170)
(43, 304)
(43, 52)
(43, 184)
(43, 315)
(43, 61)
(43, 191)
(43, 320)
(43, 267)
(43, 73)
(43, 74)
(43, 331)
(43, 333)
(43, 337)
(43, 338)
(43, 341)
(43, 215)
(43, 345)
(43, 219)
(43, 350)
(43, 96)
(43, 81)
(43, 234)
(43, 366)
(43, 239)
(43, 243)
(43, 119)
(43, 121)
(43, 122)
(43, 127)
(43, 382)
(43, 255)
(44, 256)
(44, 388)
(44, 392)
(44, 396)
(44, 147)
(44, 153)
(44, 292)
(44, 301)
(44, 178)
(44, 307)
(44, 54)
(44, 65)
(44, 322)
(44, 195)
(44, 198)
(44, 199)
(44, 77)
(44, 206)
(44, 343)
(44, 89)
(44, 351)
(44, 97)
(44, 354)
(44, 102)
(44, 105)
(44, 364)
(44, 237)
(44, 241)
(44, 243)
(44, 124)
(45, 300)
(45, 269)
(45, 399)
(45, 153)
(45, 154)
(45, 155)
(45, 158)
(45, 160)
(45, 291)
(45, 299)
(45, 172)
(45, 303)
(45, 177)
(45, 179)
(45, 181)
(45, 57)
(45, 64)
(45, 325)
(45, 71)
(45, 330)
(45, 79)
(45, 80)
(45, 217)
(45, 94)
(45, 228)
(45, 103)
(45, 362)
(45, 107)
(45, 373)
(45, 247)
(45, 106)
(46, 129)
(46, 389)
(46, 266)
(46, 87)
(46, 396)
(46, 157)
(46, 178)
(46, 307)
(46, 54)
(46, 188)
(46, 317)
(46, 322)
(46, 195)
(46, 199)
(46, 77)
(46, 206)
(46, 336)
(46, 209)
(46, 343)
(46, 346)
(46, 349)
(46, 222)
(46, 208)
(46, 227)
(46, 102)
(46, 358)
(46, 105)
(46, 368)
(46, 370)
(46, 372)
(46, 376)
(46, 124)
(47, 256)
(47, 128)
(47, 133)
(47, 392)
(47, 267)
(47, 269)
(47, 275)
(47, 150)
(47, 217)
(47, 153)
(47, 282)
(47, 284)
(47, 158)
(47, 288)
(47, 292)
(47, 300)
(47, 302)
(47, 303)
(47, 304)
(47, 179)
(47, 315)
(47, 160)
(47, 147)
(47, 325)
(47, 71)
(47, 73)
(47, 330)
(47, 331)
(47, 204)
(47, 333)
(47, 211)
(47, 215)
(47, 345)
(47, 90)
(47, 219)
(47, 93)
(47, 94)
(47, 97)
(47, 228)
(47, 364)
(47, 238)
(47, 239)
(47, 242)
(47, 243)
(47, 89)
(47, 119)
(47, 121)
(47, 122)
(47, 125)
(48, 384)
(48, 258)
(48, 131)
(48, 390)
(48, 263)
(48, 139)
(48, 274)
(48, 276)
(48, 163)
(48, 294)
(48, 167)
(48, 168)
(48, 169)
(48, 135)
(48, 175)
(48, 56)
(48, 189)
(48, 62)
(48, 192)
(48, 193)
(48, 66)
(48, 68)
(48, 327)
(48, 72)
(48, 201)
(48, 76)
(48, 207)
(48, 85)
(48, 86)
(48, 335)
(48, 348)
(48, 98)
(48, 99)
(48, 104)
(48, 109)
(48, 367)
(48, 240)
(48, 116)
(48, 123)
(48, 383)
(49, 321)
(49, 227)
(49, 129)
(49, 208)
(49, 157)
(49, 336)
(49, 372)
(49, 190)
(49, 87)
(49, 376)
(49, 59)
(49, 253)
(49, 286)
(50, 386)
(50, 235)
(50, 214)
(50, 265)
(50, 268)
(50, 398)
(50, 271)
(50, 280)
(50, 295)
(50, 298)
(50, 174)
(50, 305)
(50, 308)
(50, 309)
(50, 60)
(50, 323)
(50, 200)
(50, 332)
(50, 210)
(50, 142)
(50, 342)
(50, 100)
(50, 347)
(50, 226)
(50, 356)
(50, 231)
(50, 361)
(50, 363)
(50, 245)
(50, 374)
(50, 379)
(50, 143)
(51, 262)
(51, 264)
(51, 138)
(51, 274)
(51, 276)
(51, 283)
(51, 285)
(51, 287)
(51, 161)
(51, 165)
(51, 168)
(51, 169)
(51, 176)
(51, 136)
(51, 180)
(51, 183)
(51, 56)
(51, 313)
(51, 95)
(51, 316)
(51, 189)
(51, 193)
(51, 66)
(51, 68)
(51, 327)
(51, 72)
(51, 75)
(51, 334)
(51, 82)
(51, 340)
(51, 85)
(51, 86)
(51, 344)
(51, 220)
(51, 101)
(51, 99)
(51, 357)
(51, 359)
(51, 104)
(51, 236)
(51, 146)
(51, 246)
(51, 84)
(51, 381)
(52, 259)
(52, 133)
(52, 387)
(52, 150)
(52, 152)
(52, 281)
(52, 282)
(52, 284)
(52, 289)
(52, 290)
(52, 297)
(52, 170)
(52, 171)
(52, 61)
(52, 191)
(52, 198)
(52, 162)
(52, 120)
(52, 212)
(52, 341)
(52, 215)
(52, 218)
(52, 219)
(52, 122)
(52, 351)
(52, 96)
(52, 225)
(52, 355)
(52, 229)
(52, 81)
(52, 232)
(52, 108)
(52, 239)
(52, 243)
(52, 382)
(52, 119)
(52, 248)
(52, 250)
(52, 127)
(52, 254)
(52, 255)
(53, 130)
(53, 132)
(53, 261)
(53, 391)
(53, 395)
(53, 397)
(53, 143)
(53, 273)
(53, 149)
(53, 184)
(53, 295)
(53, 173)
(53, 174)
(53, 182)
(53, 312)
(53, 185)
(53, 58)
(53, 320)
(53, 197)
(53, 332)
(53, 205)
(53, 78)
(53, 337)
(53, 339)
(53, 88)
(53, 92)
(53, 350)
(53, 353)
(53, 230)
(53, 360)
(53, 361)
(53, 235)
(53, 110)
(53, 366)
(53, 245)
(53, 126)
(54, 389)
(54, 396)
(54, 147)
(54, 296)
(54, 301)
(54, 178)
(54, 307)
(54, 65)
(54, 322)
(54, 199)
(54, 206)
(54, 209)
(54, 343)
(54, 222)
(54, 354)
(54, 102)
(54, 105)
(54, 364)
(54, 237)
(54, 241)
(54, 124)
(55, 258)
(55, 131)
(55, 135)
(55, 139)
(55, 109)
(55, 277)
(55, 278)
(55, 151)
(55, 156)
(55, 289)
(55, 164)
(55, 294)
(55, 168)
(55, 72)
(55, 116)
(55, 186)
(55, 188)
(55, 189)
(55, 62)
(55, 192)
(55, 193)
(55, 195)
(55, 328)
(55, 201)
(55, 203)
(55, 76)
(55, 77)
(55, 207)
(55, 212)
(55, 346)
(55, 91)
(55, 349)
(55, 98)
(55, 358)
(55, 233)
(55, 108)
(55, 365)
(55, 367)
(55, 368)
(55, 370)
(55, 244)
(55, 375)
(55, 120)
(55, 250)
(55, 252)
(55, 254)
(56, 131)
(56, 263)
(56, 139)
(56, 274)
(56, 276)
(56, 283)
(56, 156)
(56, 161)
(56, 163)
(56, 146)
(56, 168)
(56, 169)
(56, 176)
(56, 180)
(56, 189)
(56, 62)
(56, 192)
(56, 193)
(56, 66)
(56, 68)
(56, 327)
(56, 72)
(56, 201)
(56, 203)
(56, 76)
(56, 334)
(56, 207)
(56, 85)
(56, 86)
(56, 344)
(56, 95)
(56, 98)
(56, 99)
(56, 357)
(56, 104)
(56, 233)
(56, 236)
(56, 365)
(56, 367)
(56, 240)
(56, 116)
(56, 375)
(56, 252)
(56, 254)
(57, 160)
(57, 257)
(57, 291)
(57, 228)
(57, 79)
(57, 103)
(57, 362)
(57, 299)
(57, 300)
(57, 269)
(57, 303)
(57, 80)
(57, 177)
(57, 107)
(57, 373)
(57, 154)
(57, 399)
(57, 94)
(57, 181)
(58, 130)
(58, 132)
(58, 261)
(58, 391)
(58, 394)
(58, 395)
(58, 397)
(58, 143)
(58, 273)
(58, 149)
(58, 184)
(58, 295)
(58, 173)
(58, 182)
(58, 312)
(58, 185)
(58, 320)
(58, 197)
(58, 205)
(58, 78)
(58, 337)
(58, 339)
(58, 88)
(58, 92)
(58, 350)
(58, 353)
(58, 230)
(58, 360)
(58, 361)
(58, 110)
(58, 366)
(58, 245)
(58, 126)
(59, 224)
(59, 321)
(59, 227)
(59, 134)
(59, 129)
(59, 208)
(59, 157)
(59, 336)
(59, 372)
(59, 190)
(59, 87)
(59, 376)
(59, 251)
(59, 253)
(59, 286)
(60, 386)
(60, 235)
(60, 261)
(60, 393)
(60, 268)
(60, 130)
(60, 398)
(60, 271)
(60, 280)
(60, 214)
(60, 293)
(60, 166)
(60, 295)
(60, 298)
(60, 174)
(60, 305)
(60, 308)
(60, 309)
(60, 182)
(60, 265)
(60, 319)
(60, 323)
(60, 200)
(60, 332)
(60, 210)
(60, 339)
(60, 142)
(60, 342)
(60, 216)
(60, 347)
(60, 226)
(60, 100)
(60, 231)
(60, 361)
(60, 363)
(60, 113)
(60, 374)
(60, 378)
(60, 379)
(60, 143)
(61, 259)
(61, 141)
(61, 270)
(61, 145)
(61, 146)
(61, 387)
(61, 152)
(61, 281)
(61, 289)
(61, 290)
(61, 297)
(61, 170)
(61, 171)
(61, 63)
(61, 324)
(61, 202)
(61, 81)
(61, 338)
(61, 212)
(61, 213)
(61, 350)
(61, 96)
(61, 225)
(61, 355)
(61, 229)
(61, 232)
(61, 236)
(61, 111)
(61, 248)
(61, 127)
(61, 380)
(61, 382)
(61, 341)
(62, 384)
(62, 258)
(62, 131)
(62, 390)
(62, 263)
(62, 139)
(62, 66)
(62, 109)
(62, 277)
(62, 151)
(62, 163)
(62, 294)
(62, 167)
(62, 168)
(62, 169)
(62, 135)
(62, 175)
(62, 72)
(62, 189)
(62, 192)
(62, 193)
(62, 194)
(62, 68)
(62, 327)
(62, 328)
(62, 201)
(62, 203)
(62, 76)
(62, 207)
(62, 85)
(62, 86)
(62, 335)
(62, 348)
(62, 98)
(62, 99)
(62, 233)
(62, 365)
(62, 367)
(62, 240)
(62, 114)
(62, 116)
(62, 375)
(62, 123)
(62, 383)
(63, 259)
(63, 141)
(63, 270)
(63, 145)
(63, 146)
(63, 387)
(63, 152)
(63, 281)
(63, 283)
(63, 289)
(63, 165)
(63, 297)
(63, 180)
(63, 324)
(63, 161)
(63, 202)
(63, 334)
(63, 81)
(63, 212)
(63, 341)
(63, 95)
(63, 225)
(63, 355)
(63, 229)
(63, 232)
(63, 236)
(63, 111)
(63, 382)
(63, 248)
(63, 340)
(63, 127)
(63, 380)
(63, 254)
(63, 213)
(64, 256)
(64, 392)
(64, 300)
(64, 399)
(64, 147)
(64, 89)
(64, 153)
(64, 155)
(64, 158)
(64, 160)
(64, 296)
(64, 172)
(64, 301)
(64, 179)
(64, 325)
(64, 71)
(64, 330)
(64, 204)
(64, 80)
(64, 217)
(64, 90)
(64, 93)
(64, 94)
(64, 97)
(64, 103)
(64, 362)
(64, 364)
(64, 242)
(64, 247)
(64, 106)
(65, 322)
(65, 199)
(65, 296)
(65, 105)
(65, 396)
(65, 301)
(65, 206)
(65, 237)
(65, 241)
(65, 178)
(65, 307)
(65, 343)
(65, 124)
(66, 131)
(66, 262)
(66, 263)
(66, 136)
(66, 139)
(66, 274)
(66, 276)
(66, 68)
(66, 283)
(66, 161)
(66, 163)
(66, 165)
(66, 167)
(66, 168)
(66, 169)
(66, 176)
(66, 180)
(66, 183)
(66, 95)
(66, 316)
(66, 189)
(66, 193)
(66, 196)
(66, 327)
(66, 72)
(66, 201)
(66, 75)
(66, 76)
(66, 334)
(66, 207)
(66, 85)
(66, 86)
(66, 344)
(66, 101)
(66, 98)
(66, 99)
(66, 357)
(66, 104)
(66, 240)
(66, 369)
(66, 116)
(66, 117)
(66, 381)
(66, 383)
(67, 128)
(67, 385)
(67, 260)
(67, 391)
(67, 394)
(67, 395)
(67, 397)
(67, 275)
(67, 238)
(67, 132)
(67, 184)
(67, 288)
(67, 304)
(67, 311)
(67, 312)
(67, 185)
(67, 315)
(67, 320)
(67, 267)
(67, 197)
(67, 326)
(67, 73)
(67, 331)
(67, 333)
(67, 78)
(67, 205)
(67, 337)
(67, 88)
(67, 92)
(67, 230)
(67, 110)
(67, 366)
(67, 121)
(67, 125)
(68, 131)
(68, 263)
(68, 136)
(68, 139)
(68, 274)
(68, 276)
(68, 283)
(68, 156)
(68, 161)
(68, 163)
(68, 294)
(68, 167)
(68, 168)
(68, 169)
(68, 176)
(68, 180)
(68, 316)
(68, 189)
(68, 192)
(68, 193)
(68, 327)
(68, 72)
(68, 201)
(68, 75)
(68, 76)
(68, 334)
(68, 207)
(68, 85)
(68, 86)
(68, 344)
(68, 95)
(68, 98)
(68, 99)
(68, 104)
(68, 367)
(68, 240)
(68, 116)
(68, 123)
(68, 381)
(68, 383)
(69, 262)
(69, 264)
(69, 272)
(69, 279)
(69, 285)
(69, 287)
(69, 165)
(69, 306)
(69, 310)
(69, 183)
(69, 313)
(69, 314)
(69, 118)
(69, 82)
(69, 340)
(69, 249)
(69, 220)
(69, 357)
(69, 359)
(69, 246)
(69, 377)
(70, 288)
(70, 257)
(70, 291)
(70, 260)
(70, 326)
(70, 107)
(70, 269)
(70, 302)
(70, 303)
(70, 275)
(70, 238)
(70, 311)
(70, 228)
(70, 79)
(70, 125)
(70, 318)
(70, 211)
(71, 256)
(71, 392)
(71, 300)
(71, 269)
(71, 399)
(71, 147)
(71, 153)
(71, 155)
(71, 158)
(71, 160)
(71, 296)
(71, 172)
(71, 301)
(71, 179)
(71, 181)
(71, 325)
(71, 330)
(71, 204)
(71, 80)
(71, 217)
(71, 90)
(71, 93)
(71, 94)
(71, 97)
(71, 103)
(71, 362)
(71, 364)
(71, 242)
(71, 247)
(71, 106)
(72, 258)
(72, 131)
(72, 263)
(72, 108)
(72, 139)
(72, 161)
(72, 109)
(72, 274)
(72, 276)
(72, 151)
(72, 283)
(72, 156)
(72, 289)
(72, 163)
(72, 146)
(72, 168)
(72, 169)
(72, 135)
(72, 176)
(72, 180)
(72, 186)
(72, 189)
(72, 192)
(72, 193)
(72, 327)
(72, 201)
(72, 203)
(72, 76)
(72, 334)
(72, 207)
(72, 212)
(72, 85)
(72, 86)
(72, 95)
(72, 98)
(72, 99)
(72, 104)
(72, 233)
(72, 236)
(72, 365)
(72, 367)
(72, 240)
(72, 116)
(72, 375)
(72, 120)
(72, 250)
(72, 252)
(72, 254)
(73, 128)
(73, 385)
(73, 260)
(73, 133)
(73, 391)
(73, 394)
(73, 395)
(73, 275)
(73, 238)
(73, 150)
(73, 282)
(73, 284)
(73, 288)
(73, 302)
(73, 304)
(73, 311)
(73, 184)
(73, 315)
(73, 320)
(73, 267)
(73, 326)
(73, 74)
(73, 331)
(73, 204)
(73, 333)
(73, 211)
(73, 215)
(73, 345)
(73, 90)
(73, 219)
(73, 228)
(73, 234)
(73, 366)
(73, 239)
(73, 242)
(73, 119)
(73, 121)
(73, 122)
(73, 125)
(74, 128)
(74, 385)
(74, 133)
(74, 391)
(74, 394)
(74, 395)
(74, 149)
(74, 150)
(74, 184)
(74, 284)
(74, 170)
(74, 304)
(74, 311)
(74, 312)
(74, 185)
(74, 315)
(74, 320)
(74, 197)
(74, 331)
(74, 333)
(74, 337)
(74, 338)
(74, 215)
(74, 219)
(74, 92)
(74, 350)
(74, 230)
(74, 234)
(74, 110)
(74, 366)
(74, 239)
(74, 119)
(74, 121)
(74, 122)
(74, 127)
(75, 262)
(75, 264)
(75, 137)
(75, 138)
(75, 140)
(75, 144)
(75, 274)
(75, 276)
(75, 287)
(75, 112)
(75, 176)
(75, 136)
(75, 115)
(75, 180)
(75, 183)
(75, 159)
(75, 316)
(75, 193)
(75, 196)
(75, 329)
(75, 84)
(75, 85)
(75, 86)
(75, 344)
(75, 101)
(75, 221)
(75, 223)
(75, 352)
(75, 99)
(75, 357)
(75, 104)
(75, 240)
(75, 369)
(75, 371)
(75, 117)
(75, 381)
(75, 383)
(76, 384)
(76, 258)
(76, 131)
(76, 390)
(76, 263)
(76, 139)
(76, 109)
(76, 274)
(76, 276)
(76, 277)
(76, 156)
(76, 161)
(76, 163)
(76, 294)
(76, 167)
(76, 168)
(76, 169)
(76, 135)
(76, 175)
(76, 189)
(76, 192)
(76, 193)
(76, 327)
(76, 201)
(76, 203)
(76, 207)
(76, 85)
(76, 86)
(76, 335)
(76, 348)
(76, 98)
(76, 99)
(76, 104)
(76, 233)
(76, 365)
(76, 367)
(76, 240)
(76, 116)
(76, 375)
(76, 123)
(76, 383)
(77, 388)
(77, 389)
(77, 135)
(77, 266)
(77, 237)
(77, 278)
(77, 151)
(77, 164)
(77, 171)
(77, 186)
(77, 188)
(77, 192)
(77, 195)
(77, 328)
(77, 203)
(77, 109)
(77, 209)
(77, 343)
(77, 346)
(77, 91)
(77, 349)
(77, 351)
(77, 354)
(77, 102)
(77, 358)
(77, 233)
(77, 108)
(77, 365)
(77, 368)
(77, 370)
(77, 244)
(77, 375)
(77, 120)
(77, 250)
(78, 130)
(78, 132)
(78, 261)
(78, 391)
(78, 394)
(78, 395)
(78, 397)
(78, 273)
(78, 149)
(78, 184)
(78, 173)
(78, 312)
(78, 185)
(78, 320)
(78, 197)
(78, 205)
(78, 337)
(78, 339)
(78, 88)
(78, 92)
(78, 353)
(78, 230)
(78, 360)
(78, 110)
(78, 366)
(78, 126)
(79, 257)
(79, 291)
(79, 228)
(79, 103)
(79, 362)
(79, 299)
(79, 300)
(79, 269)
(79, 303)
(79, 80)
(79, 177)
(79, 107)
(79, 373)
(79, 154)
(79, 399)
(79, 94)
(79, 318)
(79, 181)
(80, 300)
(80, 269)
(80, 399)
(80, 154)
(80, 155)
(80, 160)
(80, 291)
(80, 299)
(80, 172)
(80, 303)
(80, 177)
(80, 179)
(80, 181)
(80, 325)
(80, 94)
(80, 228)
(80, 103)
(80, 362)
(80, 107)
(80, 373)
(80, 247)
(80, 106)
(81, 213)
(81, 259)
(81, 141)
(81, 270)
(81, 145)
(81, 146)
(81, 387)
(81, 152)
(81, 281)
(81, 289)
(81, 290)
(81, 297)
(81, 170)
(81, 171)
(81, 324)
(81, 202)
(81, 162)
(81, 338)
(81, 212)
(81, 341)
(81, 218)
(81, 96)
(81, 225)
(81, 355)
(81, 229)
(81, 232)
(81, 236)
(81, 111)
(81, 382)
(81, 248)
(81, 250)
(81, 127)
(81, 380)
(81, 254)
(81, 255)
(82, 262)
(82, 264)
(82, 137)
(82, 138)
(82, 144)
(82, 279)
(82, 283)
(82, 285)
(82, 287)
(82, 165)
(82, 176)
(82, 136)
(82, 306)
(82, 310)
(82, 183)
(82, 313)
(82, 340)
(82, 377)
(82, 344)
(82, 220)
(82, 101)
(82, 84)
(82, 272)
(82, 357)
(82, 359)
(82, 246)
(82, 249)
(83, 100)
(83, 293)
(83, 166)
(83, 393)
(83, 268)
(83, 271)
(83, 272)
(83, 118)
(83, 310)
(83, 279)
(83, 249)
(83, 378)
(83, 347)
(83, 265)
(83, 314)
(84, 262)
(84, 264)
(84, 137)
(84, 138)
(84, 140)
(84, 144)
(84, 274)
(84, 148)
(84, 287)
(84, 159)
(84, 176)
(84, 136)
(84, 306)
(84, 115)
(84, 183)
(84, 313)
(84, 187)
(84, 316)
(84, 196)
(84, 329)
(84, 101)
(84, 344)
(84, 220)
(84, 221)
(84, 223)
(84, 352)
(84, 357)
(84, 112)
(84, 369)
(84, 371)
(84, 117)
(84, 246)
(84, 377)
(84, 381)
(85, 131)
(85, 263)
(85, 139)
(85, 274)
(85, 276)
(85, 163)
(85, 294)
(85, 167)
(85, 168)
(85, 169)
(85, 175)
(85, 176)
(85, 316)
(85, 189)
(85, 193)
(85, 196)
(85, 327)
(85, 201)
(85, 335)
(85, 86)
(85, 207)
(85, 348)
(85, 98)
(85, 99)
(85, 104)
(85, 240)
(85, 116)
(85, 117)
(85, 123)
(85, 381)
(85, 383)
(86, 131)
(86, 262)
(86, 263)
(86, 136)
(86, 139)
(86, 274)
(86, 276)
(86, 283)
(86, 161)
(86, 163)
(86, 294)
(86, 167)
(86, 168)
(86, 169)
(86, 176)
(86, 180)
(86, 183)
(86, 95)
(86, 316)
(86, 189)
(86, 193)
(86, 196)
(86, 327)
(86, 201)
(86, 334)
(86, 207)
(86, 344)
(86, 101)
(86, 98)
(86, 99)
(86, 357)
(86, 104)
(86, 240)
(86, 369)
(86, 116)
(86, 117)
(86, 381)
(86, 383)
(87, 129)
(87, 389)
(87, 134)
(87, 266)
(87, 157)
(87, 286)
(87, 307)
(87, 244)
(87, 188)
(87, 317)
(87, 190)
(87, 321)
(87, 199)
(87, 336)
(87, 209)
(87, 343)
(87, 346)
(87, 349)
(87, 222)
(87, 224)
(87, 208)
(87, 227)
(87, 102)
(87, 358)
(87, 105)
(87, 368)
(87, 370)
(87, 372)
(87, 376)
(87, 251)
(87, 253)
(88, 385)
(88, 132)
(88, 391)
(88, 394)
(88, 395)
(88, 397)
(88, 273)
(88, 366)
(88, 184)
(88, 311)
(88, 312)
(88, 185)
(88, 320)
(88, 197)
(88, 205)
(88, 337)
(88, 92)
(88, 230)
(88, 360)
(88, 110)
(88, 126)
(88, 149)
(89, 256)
(89, 388)
(89, 133)
(89, 392)
(89, 147)
(89, 345)
(89, 153)
(89, 282)
(89, 158)
(89, 292)
(89, 296)
(89, 301)
(89, 179)
(89, 191)
(89, 322)
(89, 325)
(89, 198)
(89, 330)
(89, 204)
(89, 217)
(89, 90)
(89, 93)
(89, 351)
(89, 97)
(89, 354)
(89, 364)
(89, 237)
(89, 242)
(89, 243)
(89, 122)
(90, 256)
(90, 128)
(90, 133)
(90, 392)
(90, 267)
(90, 269)
(90, 147)
(90, 150)
(90, 345)
(90, 153)
(90, 282)
(90, 284)
(90, 158)
(90, 160)
(90, 292)
(90, 300)
(90, 301)
(90, 302)
(90, 179)
(90, 315)
(90, 325)
(90, 198)
(90, 330)
(90, 204)
(90, 211)
(90, 217)
(90, 219)
(90, 93)
(90, 94)
(90, 351)
(90, 97)
(90, 228)
(90, 364)
(90, 239)
(90, 242)
(90, 243)
(90, 119)
(90, 121)
(90, 122)
(90, 125)
(91, 258)
(91, 388)
(91, 135)
(91, 266)
(91, 109)
(91, 278)
(91, 151)
(91, 156)
(91, 218)
(91, 289)
(91, 164)
(91, 171)
(91, 186)
(91, 188)
(91, 191)
(91, 192)
(91, 195)
(91, 328)
(91, 203)
(91, 209)
(91, 212)
(91, 343)
(91, 346)
(91, 349)
(91, 351)
(91, 354)
(91, 102)
(91, 358)
(91, 233)
(91, 108)
(91, 365)
(91, 367)
(91, 368)
(91, 370)
(91, 244)
(91, 375)
(91, 120)
(91, 250)
(91, 252)
(91, 254)
(91, 255)
(92, 385)
(92, 132)
(92, 391)
(92, 394)
(92, 395)
(92, 397)
(92, 273)
(92, 366)
(92, 184)
(92, 304)
(92, 311)
(92, 312)
(92, 185)
(92, 320)
(92, 197)
(92, 205)
(92, 337)
(92, 230)
(92, 360)
(92, 110)
(92, 126)
(92, 149)
(93, 256)
(93, 133)
(93, 392)
(93, 172)
(93, 269)
(93, 399)
(93, 147)
(93, 345)
(93, 153)
(93, 282)
(93, 155)
(93, 158)
(93, 160)
(93, 292)
(93, 296)
(93, 300)
(93, 301)
(93, 179)
(93, 325)
(93, 198)
(93, 330)
(93, 204)
(93, 211)
(93, 217)
(93, 94)
(93, 97)
(93, 362)
(93, 364)
(93, 242)
(93, 243)
(93, 247)
(93, 106)
(94, 256)
(94, 392)
(94, 172)
(94, 269)
(94, 399)
(94, 147)
(94, 153)
(94, 154)
(94, 155)
(94, 158)
(94, 160)
(94, 291)
(94, 296)
(94, 299)
(94, 300)
(94, 302)
(94, 303)
(94, 177)
(94, 179)
(94, 181)
(94, 325)
(94, 330)
(94, 204)
(94, 211)
(94, 217)
(94, 228)
(94, 103)
(94, 362)
(94, 107)
(94, 242)
(94, 373)
(94, 247)
(94, 106)
(95, 387)
(95, 108)
(95, 139)
(95, 141)
(95, 270)
(95, 274)
(95, 259)
(95, 276)
(95, 281)
(95, 283)
(95, 156)
(95, 289)
(95, 165)
(95, 146)
(95, 168)
(95, 169)
(95, 176)
(95, 180)
(95, 189)
(95, 193)
(95, 327)
(95, 203)
(95, 334)
(95, 120)
(95, 340)
(95, 213)
(95, 233)
(95, 229)
(95, 225)
(95, 98)
(95, 355)
(95, 161)
(95, 357)
(95, 232)
(95, 380)
(95, 236)
(95, 365)
(95, 367)
(95, 104)
(95, 131)
(95, 375)
(95, 248)
(95, 212)
(95, 250)
(95, 252)
(95, 254)
(96, 259)
(96, 387)
(96, 150)
(96, 152)
(96, 281)
(96, 282)
(96, 284)
(96, 289)
(96, 290)
(96, 297)
(96, 170)
(96, 171)
(96, 191)
(96, 198)
(96, 162)
(96, 120)
(96, 212)
(96, 341)
(96, 218)
(96, 219)
(96, 122)
(96, 351)
(96, 225)
(96, 355)
(96, 229)
(96, 232)
(96, 108)
(96, 239)
(96, 243)
(96, 382)
(96, 248)
(96, 250)
(96, 127)
(96, 252)
(96, 254)
(96, 255)
(97, 256)
(97, 133)
(97, 392)
(97, 147)
(97, 345)
(97, 153)
(97, 282)
(97, 158)
(97, 160)
(97, 292)
(97, 296)
(97, 301)
(97, 179)
(97, 191)
(97, 325)
(97, 198)
(97, 330)
(97, 204)
(97, 217)
(97, 351)
(97, 364)
(97, 237)
(97, 239)
(97, 242)
(97, 243)
(97, 122)
(98, 258)
(98, 131)
(98, 390)
(98, 263)
(98, 139)
(98, 109)
(98, 274)
(98, 276)
(98, 277)
(98, 151)
(98, 156)
(98, 161)
(98, 163)
(98, 294)
(98, 167)
(98, 168)
(98, 169)
(98, 135)
(98, 175)
(98, 189)
(98, 192)
(98, 193)
(98, 327)
(98, 328)
(98, 201)
(98, 203)
(98, 334)
(98, 207)
(98, 335)
(98, 348)
(98, 99)
(98, 104)
(98, 233)
(98, 365)
(98, 367)
(98, 240)
(98, 116)
(98, 375)
(98, 123)
(98, 252)
(98, 254)
(98, 383)
(99, 131)
(99, 262)
(99, 263)
(99, 136)
(99, 139)
(99, 274)
(99, 276)
(99, 112)
(99, 163)
(99, 294)
(99, 167)
(99, 168)
(99, 169)
(99, 176)
(99, 180)
(99, 183)
(99, 316)
(99, 189)
(99, 193)
(99, 196)
(99, 327)
(99, 201)
(99, 335)
(99, 344)
(99, 101)
(99, 104)
(99, 240)
(99, 369)
(99, 371)
(99, 116)
(99, 117)
(99, 123)
(99, 381)
(99, 383)
(100, 342)
(100, 393)
(100, 268)
(100, 398)
(100, 271)
(100, 280)
(100, 293)
(100, 166)
(100, 298)
(100, 305)
(100, 309)
(100, 265)
(100, 319)
(100, 118)
(100, 200)
(100, 210)
(100, 142)
(100, 214)
(100, 216)
(100, 347)
(100, 231)
(100, 361)
(100, 363)
(100, 113)
(100, 374)
(100, 378)
(101, 262)
(101, 264)
(101, 137)
(101, 138)
(101, 140)
(101, 144)
(101, 274)
(101, 276)
(101, 283)
(101, 287)
(101, 165)
(101, 159)
(101, 176)
(101, 136)
(101, 306)
(101, 115)
(101, 180)
(101, 183)
(101, 313)
(101, 187)
(101, 316)
(101, 196)
(101, 329)
(101, 344)
(101, 220)
(101, 221)
(101, 223)
(101, 352)
(101, 148)
(101, 357)
(101, 359)
(101, 112)
(101, 369)
(101, 371)
(101, 117)
(101, 246)
(101, 377)
(101, 381)
(102, 388)
(102, 389)
(102, 266)
(102, 396)
(102, 278)
(102, 164)
(102, 178)
(102, 307)
(102, 186)
(102, 188)
(102, 322)
(102, 195)
(102, 199)
(102, 328)
(102, 209)
(102, 343)
(102, 346)
(102, 349)
(102, 222)
(102, 354)
(102, 358)
(102, 105)
(102, 237)
(102, 368)
(102, 370)
(102, 124)
(103, 300)
(103, 269)
(103, 399)
(103, 153)
(103, 154)
(103, 155)
(103, 158)
(103, 160)
(103, 291)
(103, 299)
(103, 172)
(103, 177)
(103, 179)
(103, 181)
(103, 325)
(103, 330)
(103, 217)
(103, 228)
(103, 362)
(103, 107)
(103, 373)
(103, 247)
(103, 106)
(104, 131)
(104, 136)
(104, 139)
(104, 274)
(104, 276)
(104, 283)
(104, 156)
(104, 161)
(104, 163)
(104, 165)
(104, 146)
(104, 168)
(104, 169)
(104, 176)
(104, 180)
(104, 189)
(104, 193)
(104, 327)
(104, 201)
(104, 334)
(104, 207)
(104, 212)
(104, 213)
(104, 344)
(104, 357)
(104, 236)
(104, 365)
(104, 367)
(104, 240)
(104, 116)
(104, 375)
(104, 252)
(104, 254)
(105, 389)
(105, 266)
(105, 396)
(105, 178)
(105, 307)
(105, 317)
(105, 322)
(105, 199)
(105, 206)
(105, 209)
(105, 343)
(105, 222)
(105, 227)
(105, 241)
(105, 124)
(106, 256)
(106, 392)
(106, 300)
(106, 269)
(106, 399)
(106, 147)
(106, 153)
(106, 155)
(106, 158)
(106, 160)
(106, 296)
(106, 172)
(106, 301)
(106, 179)
(106, 181)
(106, 325)
(106, 330)
(106, 204)
(106, 217)
(106, 362)
(106, 242)
(106, 247)
(107, 257)
(107, 269)
(107, 399)
(107, 154)
(107, 288)
(107, 291)
(107, 326)
(107, 299)
(107, 300)
(107, 302)
(107, 303)
(107, 177)
(107, 181)
(107, 318)
(107, 160)
(107, 211)
(107, 228)
(107, 362)
(107, 373)
(108, 258)
(108, 387)
(108, 388)
(108, 135)
(108, 139)
(108, 109)
(108, 146)
(108, 278)
(108, 151)
(108, 281)
(108, 156)
(108, 289)
(108, 290)
(108, 164)
(108, 297)
(108, 171)
(108, 186)
(108, 188)
(108, 189)
(108, 191)
(108, 192)
(108, 195)
(108, 161)
(108, 328)
(108, 203)
(108, 162)
(108, 334)
(108, 120)
(108, 212)
(108, 341)
(108, 218)
(108, 351)
(108, 354)
(108, 355)
(108, 229)
(108, 358)
(108, 232)
(108, 233)
(108, 365)
(108, 367)
(108, 368)
(108, 375)
(108, 248)
(108, 250)
(108, 252)
(108, 254)
(108, 255)
(109, 384)
(109, 258)
(109, 131)
(109, 390)
(109, 263)
(109, 139)
(109, 277)
(109, 278)
(109, 151)
(109, 156)
(109, 164)
(109, 134)
(109, 294)
(109, 167)
(109, 168)
(109, 135)
(109, 114)
(109, 175)
(109, 116)
(109, 186)
(109, 188)
(109, 189)
(109, 192)
(109, 193)
(109, 194)
(109, 328)
(109, 201)
(109, 203)
(109, 207)
(109, 348)
(109, 349)
(109, 224)
(109, 123)
(109, 358)
(109, 233)
(109, 365)
(109, 367)
(109, 368)
(109, 370)
(109, 244)
(109, 375)
(109, 251)
(109, 252)
(110, 128)
(110, 385)
(110, 132)
(110, 391)
(110, 394)
(110, 395)
(110, 397)
(110, 273)
(110, 149)
(110, 184)
(110, 170)
(110, 304)
(110, 311)
(110, 312)
(110, 185)
(110, 320)
(110, 197)
(110, 331)
(110, 333)
(110, 205)
(110, 337)
(110, 338)
(110, 215)
(110, 350)
(110, 353)
(110, 230)
(110, 360)
(110, 234)
(110, 366)
(110, 126)
(111, 259)
(111, 141)
(111, 270)
(111, 145)
(111, 146)
(111, 387)
(111, 152)
(111, 281)
(111, 290)
(111, 293)
(111, 314)
(111, 319)
(111, 324)
(111, 202)
(111, 340)
(111, 213)
(111, 216)
(111, 225)
(111, 355)
(111, 229)
(111, 232)
(111, 236)
(111, 248)
(111, 127)
(111, 380)
(111, 382)
(111, 341)
(112, 136)
(112, 138)
(112, 140)
(112, 148)
(112, 159)
(112, 115)
(112, 187)
(112, 316)
(112, 196)
(112, 329)
(112, 221)
(112, 223)
(112, 352)
(112, 144)
(112, 369)
(112, 371)
(112, 117)
(112, 381)
(112, 383)
(113, 130)
(113, 235)
(113, 261)
(113, 393)
(113, 268)
(113, 398)
(113, 271)
(113, 145)
(113, 149)
(113, 280)
(113, 293)
(113, 166)
(113, 295)
(113, 298)
(113, 174)
(113, 305)
(113, 309)
(113, 182)
(113, 319)
(113, 324)
(113, 200)
(113, 332)
(113, 338)
(113, 339)
(113, 142)
(113, 214)
(113, 216)
(113, 347)
(113, 350)
(113, 353)
(113, 231)
(113, 360)
(113, 361)
(113, 363)
(113, 210)
(113, 374)
(113, 143)
(113, 126)
(114, 384)
(114, 129)
(114, 258)
(114, 390)
(114, 263)
(114, 277)
(114, 286)
(114, 116)
(114, 134)
(114, 294)
(114, 167)
(114, 135)
(114, 175)
(114, 244)
(114, 190)
(114, 192)
(114, 194)
(114, 328)
(114, 201)
(114, 207)
(114, 208)
(114, 348)
(114, 224)
(114, 123)
(114, 372)
(114, 376)
(114, 251)
(115, 262)
(115, 264)
(115, 137)
(115, 138)
(115, 140)
(115, 144)
(115, 148)
(115, 159)
(115, 136)
(115, 187)
(115, 316)
(115, 196)
(115, 329)
(115, 221)
(115, 223)
(115, 352)
(115, 369)
(115, 371)
(115, 117)
(115, 381)
(116, 384)
(116, 258)
(116, 131)
(116, 390)
(116, 263)
(116, 139)
(116, 276)
(116, 277)
(116, 151)
(116, 156)
(116, 163)
(116, 294)
(116, 167)
(116, 168)
(116, 169)
(116, 135)
(116, 175)
(116, 189)
(116, 192)
(116, 193)
(116, 194)
(116, 327)
(116, 328)
(116, 201)
(116, 203)
(116, 207)
(116, 335)
(116, 348)
(116, 233)
(116, 365)
(116, 367)
(116, 240)
(116, 375)
(116, 123)
(116, 383)
(117, 262)
(117, 264)
(117, 137)
(117, 138)
(117, 140)
(117, 144)
(117, 274)
(117, 276)
(117, 159)
(117, 176)
(117, 136)
(117, 183)
(117, 187)
(117, 316)
(117, 196)
(117, 329)
(117, 344)
(117, 221)
(117, 223)
(117, 352)
(117, 240)
(117, 369)
(117, 371)
(117, 148)
(117, 381)
(117, 383)
(118, 293)
(118, 359)
(118, 393)
(118, 268)
(118, 285)
(118, 272)
(118, 310)
(118, 279)
(118, 249)
(118, 378)
(118, 271)
(118, 314)
(119, 128)
(119, 385)
(119, 133)
(119, 391)
(119, 392)
(119, 394)
(119, 395)
(119, 275)
(119, 238)
(119, 150)
(119, 282)
(119, 284)
(119, 292)
(119, 170)
(119, 304)
(119, 311)
(119, 184)
(119, 315)
(119, 191)
(119, 320)
(119, 267)
(119, 331)
(119, 204)
(119, 333)
(119, 211)
(119, 215)
(119, 345)
(119, 219)
(119, 234)
(119, 366)
(119, 239)
(119, 242)
(119, 243)
(119, 121)
(119, 122)
(119, 125)
(120, 387)
(120, 388)
(120, 135)
(120, 146)
(120, 278)
(120, 151)
(120, 281)
(120, 156)
(120, 289)
(120, 290)
(120, 164)
(120, 297)
(120, 171)
(120, 186)
(120, 188)
(120, 189)
(120, 191)
(120, 192)
(120, 195)
(120, 328)
(120, 203)
(120, 162)
(120, 212)
(120, 341)
(120, 218)
(120, 351)
(120, 354)
(120, 355)
(120, 229)
(120, 358)
(120, 232)
(120, 233)
(120, 365)
(120, 367)
(120, 368)
(120, 375)
(120, 248)
(120, 250)
(120, 252)
(120, 254)
(120, 255)
(121, 128)
(121, 385)
(121, 260)
(121, 133)
(121, 391)
(121, 394)
(121, 395)
(121, 275)
(121, 238)
(121, 150)
(121, 282)
(121, 284)
(121, 288)
(121, 302)
(121, 304)
(121, 311)
(121, 184)
(121, 315)
(121, 320)
(121, 267)
(121, 331)
(121, 204)
(121, 333)
(121, 211)
(121, 215)
(121, 345)
(121, 219)
(121, 234)
(121, 366)
(121, 239)
(121, 242)
(121, 122)
(121, 125)
(122, 128)
(122, 133)
(122, 162)
(122, 392)
(122, 267)
(122, 150)
(122, 282)
(122, 284)
(122, 290)
(122, 292)
(122, 304)
(122, 315)
(122, 191)
(122, 198)
(122, 331)
(122, 204)
(122, 333)
(122, 215)
(122, 345)
(122, 218)
(122, 219)
(122, 351)
(122, 234)
(122, 239)
(122, 242)
(122, 243)
(122, 127)
(122, 255)
(123, 384)
(123, 258)
(123, 131)
(123, 390)
(123, 263)
(123, 139)
(123, 277)
(123, 163)
(123, 294)
(123, 167)
(123, 168)
(123, 135)
(123, 175)
(123, 189)
(123, 192)
(123, 193)
(123, 194)
(123, 201)
(123, 335)
(123, 207)
(123, 348)
(123, 240)
(123, 383)
(124, 389)
(124, 396)
(124, 178)
(124, 307)
(124, 317)
(124, 322)
(124, 199)
(124, 206)
(124, 209)
(124, 343)
(124, 222)
(124, 237)
(124, 241)
(125, 128)
(125, 385)
(125, 260)
(125, 133)
(125, 257)
(125, 394)
(125, 395)
(125, 269)
(125, 275)
(125, 217)
(125, 284)
(125, 288)
(125, 300)
(125, 302)
(125, 303)
(125, 304)
(125, 311)
(125, 315)
(125, 318)
(125, 267)
(125, 326)
(125, 331)
(125, 204)
(125, 333)
(125, 211)
(125, 215)
(125, 345)
(125, 219)
(125, 228)
(125, 238)
(125, 239)
(125, 242)
(126, 130)
(126, 132)
(126, 261)
(126, 391)
(126, 397)
(126, 398)
(126, 143)
(126, 273)
(126, 149)
(126, 295)
(126, 173)
(126, 174)
(126, 309)
(126, 182)
(126, 185)
(126, 319)
(126, 197)
(126, 200)
(126, 332)
(126, 337)
(126, 339)
(126, 350)
(126, 353)
(126, 356)
(126, 230)
(126, 231)
(126, 360)
(126, 361)
(126, 235)
(126, 245)
(126, 374)
(126, 379)
(127, 213)
(127, 259)
(127, 391)
(127, 145)
(127, 387)
(127, 150)
(127, 152)
(127, 281)
(127, 284)
(127, 290)
(127, 162)
(127, 297)
(127, 170)
(127, 171)
(127, 184)
(127, 324)
(127, 202)
(127, 333)
(127, 338)
(127, 341)
(127, 215)
(127, 218)
(127, 219)
(127, 350)
(127, 225)
(127, 355)
(127, 229)
(127, 232)
(127, 234)
(127, 366)
(127, 248)
(127, 380)
(127, 382)
(127, 255)
(128, 385)
(128, 260)
(128, 133)
(128, 391)
(128, 394)
(128, 395)
(128, 275)
(128, 238)
(128, 150)
(128, 284)
(128, 288)
(128, 302)
(128, 304)
(128, 311)
(128, 312)
(128, 315)
(128, 320)
(128, 267)
(128, 326)
(128, 331)
(128, 333)
(128, 205)
(128, 184)
(128, 211)
(128, 215)
(128, 345)
(128, 219)
(128, 234)
(128, 366)
(128, 239)
(129, 389)
(129, 134)
(129, 266)
(129, 277)
(129, 157)
(129, 286)
(129, 244)
(129, 188)
(129, 317)
(129, 190)
(129, 321)
(129, 336)
(129, 209)
(129, 346)
(129, 349)
(129, 222)
(129, 224)
(129, 208)
(129, 227)
(129, 358)
(129, 368)
(129, 370)
(129, 372)
(129, 376)
(129, 251)
(129, 253)
(130, 386)
(130, 235)
(130, 132)
(130, 261)
(130, 398)
(130, 143)
(130, 273)
(130, 149)
(130, 166)
(130, 295)
(130, 298)
(130, 173)
(130, 174)
(130, 309)
(130, 182)
(130, 185)
(130, 319)
(130, 323)
(130, 200)
(130, 332)
(130, 337)
(130, 210)
(130, 339)
(130, 214)
(130, 216)
(130, 347)
(130, 350)
(130, 353)
(130, 356)
(130, 230)
(130, 231)
(130, 360)
(130, 361)
(130, 363)
(130, 245)
(130, 374)
(130, 379)
(131, 258)
(131, 263)
(131, 139)
(131, 274)
(131, 276)
(131, 151)
(131, 156)
(131, 161)
(131, 163)
(131, 294)
(131, 167)
(131, 168)
(131, 169)
(131, 135)
(131, 180)
(131, 189)
(131, 192)
(131, 193)
(131, 327)
(131, 328)
(131, 201)
(131, 203)
(131, 334)
(131, 207)
(131, 233)
(131, 365)
(131, 367)
(131, 240)
(131, 375)
(131, 252)
(131, 254)
(131, 383)
(132, 385)
(132, 261)
(132, 391)
(132, 394)
(132, 395)
(132, 397)
(132, 273)
(132, 149)
(132, 184)
(132, 173)
(132, 312)
(132, 185)
(132, 320)
(132, 197)
(132, 205)
(132, 337)
(132, 339)
(132, 353)
(132, 230)
(132, 360)
(132, 366)
(133, 392)
(133, 394)
(133, 267)
(133, 275)
(133, 150)
(133, 345)
(133, 282)
(133, 284)
(133, 162)
(133, 292)
(133, 304)
(133, 315)
(133, 191)
(133, 198)
(133, 330)
(133, 331)
(133, 204)
(133, 333)
(133, 211)
(133, 215)
(133, 217)
(133, 219)
(133, 351)
(133, 234)
(133, 239)
(133, 242)
(133, 243)
(133, 255)
(134, 384)
(134, 258)
(134, 390)
(134, 135)
(134, 266)
(134, 277)
(134, 157)
(134, 286)
(134, 175)
(134, 244)
(134, 188)
(134, 190)
(134, 192)
(134, 321)
(134, 194)
(134, 328)
(134, 336)
(134, 348)
(134, 349)
(134, 224)
(134, 208)
(134, 358)
(134, 368)
(134, 370)
(134, 372)
(134, 376)
(134, 251)
(135, 384)
(135, 258)
(135, 390)
(135, 263)
(135, 139)
(135, 277)
(135, 278)
(135, 151)
(135, 156)
(135, 164)
(135, 294)
(135, 167)
(135, 168)
(135, 186)
(135, 188)
(135, 189)
(135, 192)
(135, 193)
(135, 195)
(135, 328)
(135, 201)
(135, 203)
(135, 207)
(135, 346)
(135, 349)
(135, 224)
(135, 358)
(135, 233)
(135, 365)
(135, 367)
(135, 368)
(135, 370)
(135, 244)
(135, 375)
(135, 251)
(135, 252)
(135, 254)
(136, 262)
(136, 264)
(136, 137)
(136, 138)
(136, 140)
(136, 144)
(136, 274)
(136, 276)
(136, 283)
(136, 287)
(136, 165)
(136, 169)
(136, 176)
(136, 306)
(136, 180)
(136, 183)
(136, 313)
(136, 159)
(136, 316)
(136, 196)
(136, 327)
(136, 344)
(136, 220)
(136, 221)
(136, 223)
(136, 352)
(136, 357)
(136, 359)
(136, 369)
(136, 371)
(136, 246)
(136, 377)
(136, 381)
(137, 262)
(137, 264)
(137, 138)
(137, 140)
(137, 144)
(137, 148)
(137, 159)
(137, 287)
(137, 306)
(137, 183)
(137, 313)
(137, 187)
(137, 329)
(137, 344)
(137, 220)
(137, 221)
(137, 223)
(137, 352)
(137, 369)
(137, 371)
(137, 377)
(137, 381)
(138, 262)
(138, 264)
(138, 140)
(138, 144)
(138, 148)
(138, 287)
(138, 159)
(138, 176)
(138, 306)
(138, 183)
(138, 313)
(138, 187)
(138, 316)
(138, 196)
(138, 329)
(138, 344)
(138, 220)
(138, 221)
(138, 223)
(138, 352)
(138, 357)
(138, 369)
(138, 371)
(138, 246)
(138, 377)
(138, 381)
(139, 258)
(139, 390)
(139, 263)
(139, 274)
(139, 276)
(139, 277)
(139, 151)
(139, 156)
(139, 161)
(139, 163)
(139, 294)
(139, 167)
(139, 168)
(139, 169)
(139, 175)
(139, 186)
(139, 189)
(139, 192)
(139, 193)
(139, 327)
(139, 328)
(139, 201)
(139, 203)
(139, 334)
(139, 207)
(139, 335)
(139, 348)
(139, 233)
(139, 365)
(139, 367)
(139, 240)
(139, 375)
(139, 252)
(139, 254)
(140, 262)
(140, 264)
(140, 144)
(140, 148)
(140, 159)
(140, 183)
(140, 187)
(140, 316)
(140, 196)
(140, 329)
(140, 344)
(140, 221)
(140, 223)
(140, 352)
(140, 369)
(140, 371)
(140, 381)
(141, 387)
(141, 270)
(141, 272)
(141, 145)
(141, 146)
(141, 259)
(141, 152)
(141, 281)
(141, 283)
(141, 285)
(141, 293)
(141, 180)
(141, 310)
(141, 314)
(141, 324)
(141, 202)
(141, 334)
(141, 340)
(141, 213)
(141, 165)
(141, 225)
(141, 229)
(141, 359)
(141, 232)
(141, 236)
(141, 246)
(141, 249)
(141, 378)
(141, 380)
(141, 382)
(142, 386)
(142, 235)
(142, 214)
(142, 393)
(142, 268)
(142, 398)
(142, 271)
(142, 280)
(142, 293)
(142, 166)
(142, 298)
(142, 174)
(142, 305)
(142, 308)
(142, 309)
(142, 265)
(142, 323)
(142, 200)
(142, 332)
(142, 210)
(142, 342)
(142, 347)
(142, 226)
(142, 231)
(142, 361)
(142, 363)
(142, 374)
(142, 379)
(142, 143)
(143, 386)
(143, 235)
(143, 261)
(143, 398)
(143, 273)
(143, 280)
(143, 214)
(143, 295)
(143, 298)
(143, 173)
(143, 174)
(143, 305)
(143, 308)
(143, 309)
(143, 182)
(143, 319)
(143, 323)
(143, 200)
(143, 332)
(143, 210)
(143, 339)
(143, 342)
(143, 347)
(143, 353)
(143, 226)
(143, 356)
(143, 231)
(143, 360)
(143, 361)
(143, 363)
(143, 245)
(143, 374)
(143, 379)
(144, 262)
(144, 264)
(144, 148)
(144, 159)
(144, 287)
(144, 306)
(144, 183)
(144, 313)
(144, 187)
(144, 316)
(144, 196)
(144, 329)
(144, 344)
(144, 220)
(144, 221)
(144, 223)
(144, 352)
(144, 357)
(144, 369)
(144, 371)
(144, 377)
(144, 381)
(145, 387)
(145, 270)
(145, 259)
(145, 152)
(145, 281)
(145, 293)
(145, 166)
(145, 314)
(145, 319)
(145, 324)
(145, 202)
(145, 338)
(145, 213)
(145, 216)
(145, 347)
(145, 350)
(145, 225)
(145, 229)
(145, 232)
(145, 236)
(145, 380)
(145, 382)
(146, 387)
(146, 270)
(146, 259)
(146, 152)
(146, 281)
(146, 283)
(146, 156)
(146, 289)
(146, 165)
(146, 168)
(146, 297)
(146, 180)
(146, 189)
(146, 327)
(146, 202)
(146, 334)
(146, 340)
(146, 341)
(146, 169)
(146, 225)
(146, 355)
(146, 161)
(146, 229)
(146, 232)
(146, 380)
(146, 236)
(146, 365)
(146, 367)
(146, 382)
(146, 375)
(146, 248)
(146, 212)
(146, 250)
(146, 252)
(146, 254)
(146, 213)
(147, 256)
(147, 392)
(147, 396)
(147, 217)
(147, 153)
(147, 155)
(147, 158)
(147, 160)
(147, 292)
(147, 296)
(147, 172)
(147, 301)
(147, 179)
(147, 322)
(147, 325)
(147, 198)
(147, 330)
(147, 204)
(147, 345)
(147, 364)
(147, 237)
(147, 241)
(147, 242)
(147, 243)
(147, 247)
(148, 262)
(148, 264)
(148, 159)
(148, 371)
(148, 187)
(148, 196)
(148, 329)
(148, 221)
(148, 223)
(148, 352)
(148, 369)
(148, 381)
(149, 385)
(149, 261)
(149, 391)
(149, 394)
(149, 395)
(149, 397)
(149, 273)
(149, 184)
(149, 170)
(149, 304)
(149, 182)
(149, 312)
(149, 185)
(149, 319)
(149, 320)
(149, 197)
(149, 331)
(149, 333)
(149, 205)
(149, 337)
(149, 338)
(149, 339)
(149, 215)
(149, 350)
(149, 353)
(149, 230)
(149, 360)
(149, 234)
(149, 366)
(150, 162)
(150, 394)
(150, 267)
(150, 282)
(150, 284)
(150, 290)
(150, 292)
(150, 170)
(150, 304)
(150, 184)
(150, 315)
(150, 191)
(150, 198)
(150, 331)
(150, 333)
(150, 338)
(150, 341)
(150, 215)
(150, 345)
(150, 218)
(150, 219)
(150, 351)
(150, 234)
(150, 366)
(150, 239)
(150, 243)
(150, 255)
(151, 258)
(151, 388)
(151, 277)
(151, 278)
(151, 156)
(151, 289)
(151, 164)
(151, 297)
(151, 171)
(151, 186)
(151, 188)
(151, 189)
(151, 192)
(151, 195)
(151, 328)
(151, 201)
(151, 203)
(151, 207)
(151, 212)
(151, 346)
(151, 349)
(151, 354)
(151, 358)
(151, 233)
(151, 365)
(151, 367)
(151, 368)
(151, 370)
(151, 244)
(151, 375)
(151, 250)
(151, 252)
(151, 254)
(152, 259)
(152, 270)
(152, 387)
(152, 281)
(152, 290)
(152, 293)
(152, 166)
(152, 170)
(152, 319)
(152, 324)
(152, 202)
(152, 338)
(152, 213)
(152, 216)
(152, 350)
(152, 225)
(152, 355)
(152, 229)
(152, 232)
(152, 248)
(152, 380)
(152, 382)
(152, 341)
(153, 256)
(153, 392)
(153, 300)
(153, 399)
(153, 217)
(153, 155)
(153, 158)
(153, 160)
(153, 292)
(153, 296)
(153, 172)
(153, 301)
(153, 179)
(153, 325)
(153, 330)
(153, 204)
(153, 345)
(153, 362)
(153, 364)
(153, 237)
(153, 242)
(153, 247)
(154, 291)
(154, 362)
(154, 299)
(154, 300)
(154, 269)
(154, 303)
(154, 177)
(154, 373)
(154, 399)
(154, 181)
(155, 256)
(155, 300)
(155, 301)
(155, 160)
(155, 296)
(155, 172)
(155, 179)
(155, 158)
(155, 325)
(155, 330)
(155, 204)
(155, 217)
(155, 399)
(155, 362)
(155, 364)
(155, 247)
(156, 258)
(156, 387)
(156, 161)
(156, 278)
(156, 281)
(156, 289)
(156, 164)
(156, 168)
(156, 297)
(156, 171)
(156, 186)
(156, 189)
(156, 192)
(156, 193)
(156, 327)
(156, 328)
(156, 201)
(156, 203)
(156, 334)
(156, 207)
(156, 212)
(156, 341)
(156, 169)
(156, 355)
(156, 229)
(156, 232)
(156, 233)
(156, 365)
(156, 367)
(156, 375)
(156, 248)
(156, 250)
(156, 252)
(156, 254)
(157, 389)
(157, 266)
(157, 286)
(157, 317)
(157, 190)
(157, 321)
(157, 208)
(157, 209)
(157, 222)
(157, 224)
(157, 336)
(157, 227)
(157, 372)
(157, 376)
(157, 251)
(157, 253)
(158, 256)
(158, 392)
(158, 300)
(158, 269)
(158, 399)
(158, 217)
(158, 160)
(158, 292)
(158, 296)
(158, 172)
(158, 301)
(158, 179)
(158, 325)
(158, 330)
(158, 204)
(158, 211)
(158, 345)
(158, 362)
(158, 364)
(158, 242)
(158, 247)
(159, 262)
(159, 264)
(159, 371)
(159, 183)
(159, 187)
(159, 316)
(159, 196)
(159, 329)
(159, 221)
(159, 223)
(159, 352)
(159, 369)
(159, 381)
(160, 256)
(160, 392)
(160, 172)
(160, 269)
(160, 399)
(160, 217)
(160, 291)
(160, 296)
(160, 300)
(160, 302)
(160, 303)
(160, 179)
(160, 181)
(160, 325)
(160, 330)
(160, 204)
(160, 211)
(160, 345)
(160, 228)
(160, 362)
(160, 364)
(160, 242)
(160, 247)
(161, 387)
(161, 274)
(161, 259)
(161, 276)
(161, 281)
(161, 283)
(161, 289)
(161, 165)
(161, 168)
(161, 169)
(161, 176)
(161, 180)
(161, 189)
(161, 193)
(161, 327)
(161, 203)
(161, 334)
(161, 340)
(161, 213)
(161, 344)
(161, 229)
(161, 225)
(161, 357)
(161, 232)
(161, 233)
(161, 236)
(161, 365)
(161, 367)
(161, 375)
(161, 248)
(161, 212)
(161, 252)
(161, 254)
(162, 387)
(162, 388)
(162, 281)
(162, 282)
(162, 284)
(162, 289)
(162, 290)
(162, 292)
(162, 297)
(162, 171)
(162, 191)
(162, 198)
(162, 212)
(162, 341)
(162, 345)
(162, 218)
(162, 351)
(162, 354)
(162, 355)
(162, 229)
(162, 239)
(162, 243)
(162, 382)
(162, 248)
(162, 250)
(162, 254)
(162, 255)
(163, 384)
(163, 390)
(163, 263)
(163, 274)
(163, 276)
(163, 294)
(163, 167)
(163, 168)
(163, 169)
(163, 175)
(163, 316)
(163, 189)
(163, 193)
(163, 196)
(163, 327)
(163, 201)
(163, 335)
(163, 207)
(163, 348)
(163, 240)
(163, 383)
(164, 258)
(164, 388)
(164, 266)
(164, 277)
(164, 278)
(164, 289)
(164, 186)
(164, 188)
(164, 192)
(164, 195)
(164, 328)
(164, 203)
(164, 207)
(164, 209)
(164, 346)
(164, 349)
(164, 354)
(164, 358)
(164, 233)
(164, 365)
(164, 367)
(164, 368)
(164, 370)
(164, 244)
(164, 375)
(164, 250)
(164, 251)
(164, 252)
(164, 254)
(165, 262)
(165, 264)
(165, 270)
(165, 272)
(165, 274)
(165, 276)
(165, 283)
(165, 285)
(165, 287)
(165, 176)
(165, 306)
(165, 180)
(165, 310)
(165, 183)
(165, 313)
(165, 314)
(165, 327)
(165, 334)
(165, 340)
(165, 213)
(165, 377)
(165, 344)
(165, 220)
(165, 357)
(165, 359)
(165, 236)
(165, 246)
(165, 249)
(166, 342)
(166, 393)
(166, 268)
(166, 271)
(166, 272)
(166, 280)
(166, 293)
(166, 298)
(166, 309)
(166, 182)
(166, 265)
(166, 314)
(166, 319)
(166, 324)
(166, 200)
(166, 202)
(166, 210)
(166, 214)
(166, 216)
(166, 347)
(166, 231)
(166, 378)
(167, 384)
(167, 258)
(167, 390)
(167, 263)
(167, 277)
(167, 294)
(167, 168)
(167, 175)
(167, 189)
(167, 192)
(167, 193)
(167, 194)
(167, 201)
(167, 335)
(167, 207)
(167, 348)
(167, 240)
(167, 383)
(168, 258)
(168, 263)
(168, 274)
(168, 276)
(168, 283)
(168, 294)
(168, 169)
(168, 176)
(168, 180)
(168, 189)
(168, 192)
(168, 193)
(168, 327)
(168, 201)
(168, 203)
(168, 334)
(168, 207)
(168, 344)
(168, 233)
(168, 365)
(168, 367)
(168, 240)
(168, 375)
(168, 252)
(168, 254)
(168, 383)
(169, 263)
(169, 274)
(169, 276)
(169, 283)
(169, 176)
(169, 180)
(169, 189)
(169, 192)
(169, 193)
(169, 327)
(169, 201)
(169, 203)
(169, 334)
(169, 207)
(169, 212)
(169, 344)
(169, 357)
(169, 233)
(169, 236)
(169, 365)
(169, 367)
(169, 240)
(169, 375)
(169, 252)
(169, 254)
(170, 391)
(170, 394)
(170, 395)
(170, 284)
(170, 290)
(170, 304)
(170, 182)
(170, 184)
(170, 185)
(170, 319)
(170, 320)
(170, 331)
(170, 333)
(170, 337)
(170, 338)
(170, 215)
(170, 216)
(170, 219)
(170, 350)
(170, 230)
(170, 234)
(170, 366)
(170, 239)
(170, 382)
(171, 387)
(171, 388)
(171, 259)
(171, 281)
(171, 282)
(171, 289)
(171, 290)
(171, 297)
(171, 186)
(171, 191)
(171, 195)
(171, 198)
(171, 203)
(171, 212)
(171, 341)
(171, 218)
(171, 351)
(171, 354)
(171, 355)
(171, 229)
(171, 232)
(171, 233)
(171, 365)
(171, 367)
(171, 243)
(171, 382)
(171, 375)
(171, 248)
(171, 250)
(171, 252)
(171, 254)
(171, 255)
(172, 256)
(172, 269)
(172, 301)
(172, 296)
(172, 300)
(172, 179)
(172, 181)
(172, 325)
(172, 330)
(172, 204)
(172, 217)
(172, 399)
(172, 362)
(172, 242)
(172, 247)
(173, 386)
(173, 261)
(173, 397)
(173, 398)
(173, 273)
(173, 295)
(173, 174)
(173, 309)
(173, 182)
(173, 185)
(173, 323)
(173, 197)
(173, 332)
(173, 339)
(173, 353)
(173, 356)
(173, 360)
(173, 361)
(173, 235)
(173, 245)
(173, 374)
(173, 379)
(174, 386)
(174, 235)
(174, 261)
(174, 398)
(174, 280)
(174, 214)
(174, 295)
(174, 298)
(174, 305)
(174, 308)
(174, 309)
(174, 182)
(174, 323)
(174, 200)
(174, 332)
(174, 210)
(174, 339)
(174, 342)
(174, 353)
(174, 226)
(174, 356)
(174, 231)
(174, 360)
(174, 361)
(174, 363)
(174, 245)
(174, 374)
(174, 379)
(175, 384)
(175, 258)
(175, 390)
(175, 263)
(175, 277)
(175, 294)
(175, 192)
(175, 194)
(175, 201)
(175, 335)
(175, 207)
(175, 348)
(175, 240)
(175, 383)
(176, 262)
(176, 264)
(176, 274)
(176, 276)
(176, 283)
(176, 285)
(176, 287)
(176, 180)
(176, 183)
(176, 313)
(176, 316)
(176, 193)
(176, 327)
(176, 334)
(176, 340)
(176, 344)
(176, 220)
(176, 357)
(176, 359)
(176, 236)
(176, 369)
(176, 246)
(176, 381)
(177, 257)
(177, 291)
(177, 228)
(177, 362)
(177, 299)
(177, 300)
(177, 269)
(177, 303)
(177, 373)
(177, 399)
(177, 181)
(178, 396)
(178, 296)
(178, 301)
(178, 307)
(178, 317)
(178, 322)
(178, 199)
(178, 206)
(178, 209)
(178, 343)
(178, 222)
(178, 237)
(178, 241)
(179, 256)
(179, 392)
(179, 269)
(179, 399)
(179, 345)
(179, 292)
(179, 296)
(179, 300)
(179, 301)
(179, 302)
(179, 325)
(179, 330)
(179, 204)
(179, 211)
(179, 217)
(179, 228)
(179, 362)
(179, 364)
(179, 242)
(179, 247)
(180, 262)
(180, 270)
(180, 274)
(180, 276)
(180, 283)
(180, 285)
(180, 287)
(180, 183)
(180, 189)
(180, 193)
(180, 327)
(180, 334)
(180, 340)
(180, 213)
(180, 344)
(180, 220)
(180, 225)
(180, 357)
(180, 359)
(180, 236)
(180, 246)
(181, 257)
(181, 300)
(181, 269)
(181, 399)
(181, 291)
(181, 299)
(181, 303)
(181, 228)
(181, 362)
(181, 373)
(182, 261)
(182, 391)
(182, 398)
(182, 273)
(182, 293)
(182, 295)
(182, 298)
(182, 309)
(182, 185)
(182, 319)
(182, 200)
(182, 332)
(182, 337)
(182, 338)
(182, 339)
(182, 216)
(182, 347)
(182, 350)
(182, 353)
(182, 230)
(182, 231)
(182, 360)
(182, 361)
(182, 235)
(182, 210)
(182, 366)
(182, 374)
(183, 262)
(183, 264)
(183, 274)
(183, 276)
(183, 283)
(183, 285)
(183, 287)
(183, 306)
(183, 313)
(183, 316)
(183, 196)
(183, 340)
(183, 344)
(183, 220)
(183, 221)
(183, 223)
(183, 357)
(183, 359)
(183, 369)
(183, 371)
(183, 246)
(183, 377)
(183, 381)
(184, 385)
(184, 391)
(184, 394)
(184, 395)
(184, 397)
(184, 273)
(184, 284)
(184, 304)
(184, 311)
(184, 312)
(184, 185)
(184, 315)
(184, 320)
(184, 267)
(184, 197)
(184, 331)
(184, 333)
(184, 205)
(184, 337)
(184, 338)
(184, 215)
(184, 219)
(184, 350)
(184, 230)
(184, 234)
(184, 366)
(184, 239)
(185, 385)
(185, 261)
(185, 391)
(185, 394)
(185, 395)
(185, 397)
(185, 273)
(185, 304)
(185, 311)
(185, 312)
(185, 320)
(185, 197)
(185, 205)
(185, 337)
(185, 338)
(185, 339)
(185, 350)
(185, 353)
(185, 230)
(185, 360)
(185, 234)
(185, 366)
(186, 258)
(186, 388)
(186, 266)
(186, 277)
(186, 278)
(186, 218)
(186, 289)
(186, 297)
(186, 188)
(186, 189)
(186, 192)
(186, 195)
(186, 328)
(186, 201)
(186, 203)
(186, 207)
(186, 212)
(186, 346)
(186, 349)
(186, 354)
(186, 358)
(186, 233)
(186, 365)
(186, 367)
(186, 368)
(186, 370)
(186, 244)
(186, 375)
(186, 250)
(186, 252)
(186, 254)
(187, 262)
(187, 264)
(187, 371)
(187, 196)
(187, 329)
(187, 221)
(187, 223)
(187, 352)
(187, 369)
(187, 381)
(188, 258)
(188, 388)
(188, 389)
(188, 266)
(188, 277)
(188, 278)
(188, 192)
(188, 195)
(188, 328)
(188, 203)
(188, 209)
(188, 343)
(188, 346)
(188, 349)
(188, 224)
(188, 354)
(188, 358)
(188, 233)
(188, 365)
(188, 368)
(188, 370)
(188, 244)
(188, 375)
(188, 251)
(189, 258)
(189, 263)
(189, 274)
(189, 276)
(189, 289)
(189, 294)
(189, 192)
(189, 193)
(189, 327)
(189, 328)
(189, 201)
(189, 203)
(189, 334)
(189, 207)
(189, 212)
(189, 233)
(189, 365)
(189, 367)
(189, 240)
(189, 375)
(189, 252)
(189, 254)
(190, 384)
(190, 390)
(190, 266)
(190, 277)
(190, 286)
(190, 244)
(190, 321)
(190, 194)
(190, 208)
(190, 224)
(190, 336)
(190, 227)
(190, 370)
(190, 372)
(190, 376)
(190, 251)
(191, 388)
(191, 282)
(191, 284)
(191, 289)
(191, 290)
(191, 292)
(191, 297)
(191, 198)
(191, 212)
(191, 341)
(191, 345)
(191, 218)
(191, 351)
(191, 354)
(191, 355)
(191, 239)
(191, 243)
(191, 248)
(191, 250)
(191, 255)
(192, 384)
(192, 258)
(192, 390)
(192, 263)
(192, 277)
(192, 278)
(192, 294)
(192, 193)
(192, 328)
(192, 201)
(192, 203)
(192, 207)
(192, 348)
(192, 349)
(192, 224)
(192, 358)
(192, 233)
(192, 365)
(192, 367)
(192, 368)
(192, 370)
(192, 244)
(192, 375)
(192, 251)
(192, 252)
(192, 254)
(193, 258)
(193, 263)
(193, 274)
(193, 276)
(193, 294)
(193, 316)
(193, 327)
(193, 201)
(193, 203)
(193, 334)
(193, 207)
(193, 335)
(193, 233)
(193, 365)
(193, 367)
(193, 240)
(193, 375)
(193, 383)
(194, 384)
(194, 258)
(194, 390)
(194, 263)
(194, 277)
(194, 286)
(194, 294)
(194, 207)
(194, 208)
(194, 335)
(194, 348)
(194, 224)
(194, 251)
(194, 244)
(195, 388)
(195, 389)
(195, 266)
(195, 237)
(195, 278)
(195, 346)
(195, 322)
(195, 328)
(195, 203)
(195, 209)
(195, 343)
(195, 218)
(195, 349)
(195, 351)
(195, 354)
(195, 358)
(195, 233)
(195, 365)
(195, 368)
(195, 370)
(195, 244)
(195, 375)
(195, 250)
(196, 262)
(196, 264)
(196, 274)
(196, 276)
(196, 316)
(196, 329)
(196, 344)
(196, 221)
(196, 223)
(196, 352)
(196, 240)
(196, 369)
(196, 371)
(196, 381)
(196, 383)
(197, 385)
(197, 261)
(197, 391)
(197, 394)
(197, 395)
(197, 397)
(197, 273)
(197, 304)
(197, 311)
(197, 312)
(197, 320)
(197, 205)
(197, 337)
(197, 350)
(197, 353)
(197, 230)
(197, 360)
(197, 234)
(197, 366)
(198, 256)
(198, 388)
(198, 392)
(198, 282)
(198, 290)
(198, 292)
(198, 204)
(198, 345)
(198, 218)
(198, 351)
(198, 354)
(198, 364)
(198, 237)
(198, 239)
(198, 243)
(198, 255)
(199, 389)
(199, 266)
(199, 396)
(199, 307)
(199, 317)
(199, 322)
(199, 206)
(199, 209)
(199, 343)
(199, 346)
(199, 222)
(199, 227)
(199, 237)
(199, 241)
(200, 386)
(200, 235)
(200, 261)
(200, 393)
(200, 268)
(200, 398)
(200, 271)
(200, 280)
(200, 214)
(200, 293)
(200, 295)
(200, 298)
(200, 305)
(200, 309)
(200, 265)
(200, 319)
(200, 323)
(200, 332)
(200, 210)
(200, 339)
(200, 342)
(200, 216)
(200, 347)
(200, 353)
(200, 356)
(200, 231)
(200, 360)
(200, 361)
(200, 363)
(200, 245)
(200, 374)
(200, 379)
(201, 384)
(201, 258)
(201, 390)
(201, 263)
(201, 276)
(201, 277)
(201, 294)
(201, 327)
(201, 328)
(201, 203)
(201, 207)
(201, 335)
(201, 348)
(201, 233)
(201, 365)
(201, 367)
(201, 240)
(201, 244)
(201, 375)
(201, 252)
(201, 383)
(202, 259)
(202, 270)
(202, 387)
(202, 281)
(202, 293)
(202, 314)
(202, 319)
(202, 324)
(202, 340)
(202, 213)
(202, 216)
(202, 225)
(202, 355)
(202, 229)
(202, 232)
(202, 236)
(202, 380)
(202, 382)
(203, 258)
(203, 277)
(203, 278)
(203, 289)
(203, 297)
(203, 327)
(203, 328)
(203, 207)
(203, 212)
(203, 346)
(203, 349)
(203, 358)
(203, 233)
(203, 365)
(203, 367)
(203, 368)
(203, 370)
(203, 244)
(203, 375)
(203, 250)
(203, 252)
(203, 254)
(204, 256)
(204, 392)
(204, 267)
(204, 269)
(204, 399)
(204, 345)
(204, 282)
(204, 292)
(204, 300)
(204, 301)
(204, 302)
(204, 315)
(204, 325)
(204, 330)
(204, 211)
(204, 217)
(204, 228)
(204, 364)
(204, 239)
(204, 242)
(204, 243)
(204, 247)
(205, 385)
(205, 260)
(205, 391)
(205, 394)
(205, 395)
(205, 397)
(205, 273)
(205, 275)
(205, 304)
(205, 311)
(205, 312)
(205, 320)
(205, 331)
(205, 337)
(205, 230)
(205, 366)
(206, 322)
(206, 296)
(206, 396)
(206, 301)
(206, 237)
(206, 241)
(206, 307)
(206, 343)
(206, 317)
(206, 222)
(207, 384)
(207, 258)
(207, 390)
(207, 263)
(207, 277)
(207, 278)
(207, 294)
(207, 327)
(207, 328)
(207, 335)
(207, 348)
(207, 233)
(207, 365)
(207, 367)
(207, 240)
(207, 244)
(207, 375)
(207, 252)
(208, 389)
(208, 266)
(208, 277)
(208, 286)
(208, 244)
(208, 321)
(208, 336)
(208, 209)
(208, 346)
(208, 349)
(208, 222)
(208, 224)
(208, 227)
(208, 370)
(208, 372)
(208, 376)
(208, 251)
(208, 253)
(209, 389)
(209, 266)
(209, 396)
(209, 278)
(209, 307)
(209, 244)
(209, 317)
(209, 322)
(209, 336)
(209, 343)
(209, 346)
(209, 349)
(209, 222)
(209, 354)
(209, 227)
(209, 358)
(209, 368)
(209, 370)
(209, 372)
(209, 376)
(209, 251)
(210, 386)
(210, 235)
(210, 261)
(210, 393)
(210, 268)
(210, 398)
(210, 271)
(210, 280)
(210, 214)
(210, 293)
(210, 295)
(210, 298)
(210, 305)
(210, 308)
(210, 309)
(210, 265)
(210, 319)
(210, 323)
(210, 332)
(210, 339)
(210, 342)
(210, 216)
(210, 347)
(210, 226)
(210, 231)
(210, 361)
(210, 363)
(210, 374)
(210, 379)
(211, 257)
(211, 260)
(211, 392)
(211, 267)
(211, 269)
(211, 399)
(211, 275)
(211, 345)
(211, 288)
(211, 300)
(211, 302)
(211, 303)
(211, 304)
(211, 315)
(211, 318)
(211, 326)
(211, 330)
(211, 331)
(211, 217)
(211, 228)
(211, 238)
(211, 242)
(212, 213)
(212, 387)
(212, 259)
(212, 281)
(212, 289)
(212, 290)
(212, 297)
(212, 327)
(212, 334)
(212, 380)
(212, 341)
(212, 218)
(212, 225)
(212, 355)
(212, 229)
(212, 232)
(212, 233)
(212, 365)
(212, 367)
(212, 382)
(212, 375)
(212, 248)
(212, 250)
(212, 252)
(212, 254)
(212, 255)
(213, 259)
(213, 270)
(213, 387)
(213, 281)
(213, 283)
(213, 289)
(213, 290)
(213, 297)
(213, 324)
(213, 327)
(213, 334)
(213, 340)
(213, 341)
(213, 225)
(213, 355)
(213, 229)
(213, 232)
(213, 380)
(213, 236)
(213, 382)
(213, 248)
(213, 252)
(213, 254)
(214, 386)
(214, 235)
(214, 393)
(214, 268)
(214, 398)
(214, 271)
(214, 280)
(214, 293)
(214, 295)
(214, 298)
(214, 305)
(214, 308)
(214, 309)
(214, 265)
(214, 323)
(214, 332)
(214, 339)
(214, 342)
(214, 216)
(214, 347)
(214, 226)
(214, 231)
(214, 361)
(214, 363)
(214, 374)
(214, 379)
(215, 385)
(215, 391)
(215, 394)
(215, 395)
(215, 275)
(215, 282)
(215, 284)
(215, 304)
(215, 311)
(215, 315)
(215, 320)
(215, 267)
(215, 331)
(215, 333)
(215, 337)
(215, 338)
(215, 345)
(215, 219)
(215, 350)
(215, 230)
(215, 234)
(215, 366)
(215, 239)
(215, 243)
(216, 393)
(216, 268)
(216, 271)
(216, 261)
(216, 293)
(216, 298)
(216, 314)
(216, 319)
(216, 324)
(216, 338)
(216, 339)
(216, 347)
(216, 350)
(216, 353)
(216, 231)
(216, 380)
(217, 256)
(217, 392)
(217, 267)
(217, 269)
(217, 399)
(217, 282)
(217, 292)
(217, 300)
(217, 301)
(217, 302)
(217, 303)
(217, 315)
(217, 325)
(217, 330)
(217, 345)
(217, 228)
(217, 362)
(217, 364)
(217, 238)
(217, 242)
(217, 247)
(218, 387)
(218, 388)
(218, 281)
(218, 282)
(218, 289)
(218, 290)
(218, 292)
(218, 297)
(218, 341)
(218, 351)
(218, 354)
(218, 355)
(218, 229)
(218, 239)
(218, 243)
(218, 248)
(218, 250)
(218, 252)
(218, 254)
(218, 255)
(219, 385)
(219, 391)
(219, 394)
(219, 395)
(219, 275)
(219, 282)
(219, 284)
(219, 290)
(219, 304)
(219, 311)
(219, 315)
(219, 320)
(219, 267)
(219, 331)
(219, 333)
(219, 337)
(219, 338)
(219, 345)
(219, 350)
(219, 234)
(219, 366)
(219, 239)
(219, 243)
(220, 262)
(220, 264)
(220, 272)
(220, 279)
(220, 283)
(220, 285)
(220, 287)
(220, 306)
(220, 310)
(220, 313)
(220, 340)
(220, 377)
(220, 344)
(220, 357)
(220, 359)
(220, 246)
(220, 249)
(221, 262)
(221, 264)
(221, 371)
(221, 316)
(221, 329)
(221, 344)
(221, 223)
(221, 352)
(221, 369)
(221, 381)
(222, 389)
(222, 266)
(222, 343)
(222, 396)
(222, 307)
(222, 317)
(222, 322)
(222, 336)
(222, 346)
(222, 349)
(222, 227)
(222, 370)
(222, 372)
(222, 376)
(223, 262)
(223, 264)
(223, 371)
(223, 316)
(223, 329)
(223, 344)
(223, 352)
(223, 369)
(223, 381)
(224, 384)
(224, 258)
(224, 389)
(224, 390)
(224, 266)
(224, 277)
(224, 278)
(224, 286)
(224, 244)
(224, 321)
(224, 328)
(224, 336)
(224, 346)
(224, 349)
(224, 358)
(224, 368)
(224, 370)
(224, 372)
(224, 376)
(224, 251)
(225, 259)
(225, 270)
(225, 387)
(225, 281)
(225, 283)
(225, 289)
(225, 290)
(225, 297)
(225, 324)
(225, 334)
(225, 340)
(225, 341)
(225, 355)
(225, 229)
(225, 232)
(225, 380)
(225, 236)
(225, 382)
(225, 248)
(225, 252)
(225, 254)
(226, 386)
(226, 235)
(226, 280)
(226, 295)
(226, 305)
(226, 308)
(226, 309)
(226, 323)
(226, 332)
(226, 398)
(226, 342)
(226, 356)
(226, 231)
(226, 361)
(226, 363)
(226, 245)
(226, 374)
(226, 379)
(227, 389)
(227, 266)
(227, 286)
(227, 307)
(227, 317)
(227, 321)
(227, 336)
(227, 372)
(227, 376)
(227, 253)
(228, 257)
(228, 260)
(228, 267)
(228, 269)
(228, 399)
(228, 275)
(228, 288)
(228, 291)
(228, 300)
(228, 302)
(228, 303)
(228, 315)
(228, 318)
(228, 326)
(228, 330)
(228, 362)
(228, 238)
(228, 242)
(228, 373)
(229, 259)
(229, 270)
(229, 387)
(229, 281)
(229, 289)
(229, 290)
(229, 297)
(229, 324)
(229, 334)
(229, 341)
(229, 355)
(229, 232)
(229, 380)
(229, 236)
(229, 365)
(229, 367)
(229, 382)
(229, 248)
(229, 250)
(229, 252)
(229, 254)
(229, 255)
(230, 385)
(230, 261)
(230, 391)
(230, 394)
(230, 395)
(230, 397)
(230, 273)
(230, 304)
(230, 311)
(230, 312)
(230, 320)
(230, 331)
(230, 333)
(230, 337)
(230, 338)
(230, 339)
(230, 350)
(230, 353)
(230, 360)
(230, 234)
(230, 366)
(231, 386)
(231, 235)
(231, 261)
(231, 393)
(231, 268)
(231, 398)
(231, 271)
(231, 280)
(231, 293)
(231, 295)
(231, 298)
(231, 305)
(231, 308)
(231, 309)
(231, 265)
(231, 319)
(231, 323)
(231, 332)
(231, 339)
(231, 342)
(231, 347)
(231, 353)
(231, 356)
(231, 360)
(231, 361)
(231, 363)
(231, 245)
(231, 374)
(231, 379)
(232, 259)
(232, 270)
(232, 387)
(232, 281)
(232, 289)
(232, 290)
(232, 297)
(232, 324)
(232, 334)
(232, 341)
(232, 355)
(232, 380)
(232, 236)
(232, 382)
(232, 248)
(232, 250)
(232, 252)
(232, 254)
(233, 258)
(233, 277)
(233, 278)
(233, 289)
(233, 297)
(233, 327)
(233, 328)
(233, 349)
(233, 358)
(233, 365)
(233, 367)
(233, 368)
(233, 375)
(233, 248)
(233, 250)
(233, 252)
(233, 254)
(234, 385)
(234, 391)
(234, 394)
(234, 395)
(234, 284)
(234, 304)
(234, 311)
(234, 315)
(234, 320)
(234, 267)
(234, 331)
(234, 333)
(234, 337)
(234, 338)
(234, 350)
(234, 366)
(234, 239)
(235, 386)
(235, 261)
(235, 398)
(235, 273)
(235, 280)
(235, 295)
(235, 298)
(235, 305)
(235, 308)
(235, 309)
(235, 323)
(235, 332)
(235, 339)
(235, 342)
(235, 353)
(235, 356)
(235, 360)
(235, 361)
(235, 363)
(235, 245)
(235, 374)
(235, 379)
(236, 387)
(236, 270)
(236, 259)
(236, 281)
(236, 283)
(236, 285)
(236, 287)
(236, 310)
(236, 314)
(236, 324)
(236, 327)
(236, 334)
(236, 340)
(236, 344)
(236, 357)
(236, 359)
(236, 246)
(236, 380)
(237, 256)
(237, 388)
(237, 392)
(237, 396)
(237, 292)
(237, 301)
(237, 307)
(237, 322)
(237, 343)
(237, 351)
(237, 354)
(237, 364)
(237, 241)
(237, 243)
(238, 385)
(238, 260)
(238, 257)
(238, 395)
(238, 269)
(238, 275)
(238, 288)
(238, 300)
(238, 302)
(238, 303)
(238, 304)
(238, 311)
(238, 315)
(238, 318)
(238, 267)
(238, 326)
(238, 331)
(238, 242)
(239, 392)
(239, 394)
(239, 267)
(239, 275)
(239, 282)
(239, 284)
(239, 290)
(239, 292)
(239, 304)
(239, 315)
(239, 331)
(239, 333)
(239, 345)
(239, 351)
(239, 366)
(239, 242)
(239, 243)
(239, 255)
(240, 384)
(240, 390)
(240, 263)
(240, 274)
(240, 276)
(240, 294)
(240, 316)
(240, 327)
(240, 335)
(240, 348)
(240, 381)
(240, 383)
(241, 256)
(241, 322)
(241, 296)
(241, 396)
(241, 364)
(241, 301)
(241, 307)
(241, 343)
(242, 256)
(242, 392)
(242, 267)
(242, 269)
(242, 399)
(242, 275)
(242, 282)
(242, 292)
(242, 300)
(242, 302)
(242, 303)
(242, 315)
(242, 325)
(242, 330)
(242, 345)
(242, 364)
(242, 243)
(242, 247)
(243, 256)
(243, 388)
(243, 392)
(243, 282)
(243, 284)
(243, 290)
(243, 292)
(243, 297)
(243, 341)
(243, 345)
(243, 351)
(243, 354)
(243, 364)
(243, 255)
(244, 384)
(244, 258)
(244, 389)
(244, 390)
(244, 277)
(244, 278)
(244, 286)
(244, 266)
(244, 328)
(244, 346)
(244, 349)
(244, 358)
(244, 368)
(244, 370)
(244, 372)
(244, 376)
(244, 251)
(245, 386)
(245, 261)
(245, 398)
(245, 273)
(245, 295)
(245, 308)
(245, 309)
(245, 323)
(245, 332)
(245, 339)
(245, 353)
(245, 356)
(245, 360)
(245, 361)
(245, 363)
(245, 374)
(245, 379)
(246, 262)
(246, 264)
(246, 270)
(246, 272)
(246, 279)
(246, 283)
(246, 285)
(246, 287)
(246, 306)
(246, 310)
(246, 313)
(246, 314)
(246, 340)
(246, 377)
(246, 344)
(246, 357)
(246, 359)
(246, 249)
(247, 256)
(247, 392)
(247, 301)
(247, 296)
(247, 300)
(247, 325)
(247, 330)
(247, 399)
(247, 362)
(247, 364)
(248, 387)
(248, 259)
(248, 281)
(248, 289)
(248, 290)
(248, 297)
(248, 334)
(248, 341)
(248, 355)
(248, 380)
(248, 365)
(248, 367)
(248, 382)
(248, 375)
(248, 250)
(248, 252)
(248, 254)
(248, 255)
(249, 270)
(249, 272)
(249, 279)
(249, 283)
(249, 285)
(249, 287)
(249, 306)
(249, 310)
(249, 313)
(249, 314)
(249, 340)
(249, 357)
(249, 359)
(249, 377)
(249, 378)
(250, 259)
(250, 388)
(250, 387)
(250, 278)
(250, 281)
(250, 289)
(250, 290)
(250, 297)
(250, 328)
(250, 334)
(250, 341)
(250, 351)
(250, 354)
(250, 355)
(250, 365)
(250, 367)
(250, 375)
(250, 252)
(250, 254)
(250, 255)
(251, 384)
(251, 258)
(251, 389)
(251, 390)
(251, 266)
(251, 277)
(251, 278)
(251, 286)
(251, 321)
(251, 328)
(251, 336)
(251, 346)
(251, 349)
(251, 358)
(251, 368)
(251, 370)
(251, 372)
(251, 376)
(252, 258)
(252, 259)
(252, 387)
(252, 278)
(252, 281)
(252, 289)
(252, 290)
(252, 297)
(252, 327)
(252, 328)
(252, 334)
(252, 341)
(252, 355)
(252, 365)
(252, 367)
(252, 375)
(252, 254)
(253, 321)
(253, 336)
(253, 372)
(253, 376)
(253, 317)
(253, 286)
(254, 259)
(254, 387)
(254, 278)
(254, 281)
(254, 289)
(254, 290)
(254, 297)
(254, 327)
(254, 328)
(254, 334)
(254, 341)
(254, 355)
(254, 365)
(254, 367)
(254, 375)
(254, 255)
(255, 387)
(255, 388)
(255, 281)
(255, 282)
(255, 289)
(255, 290)
(255, 292)
(255, 297)
(255, 341)
(255, 345)
(255, 351)
(255, 354)
(255, 355)
(255, 382)
(256, 392)
(256, 345)
(256, 282)
(256, 292)
(256, 296)
(256, 300)
(256, 301)
(256, 322)
(256, 325)
(256, 330)
(256, 351)
(256, 364)
(257, 260)
(257, 269)
(257, 275)
(257, 288)
(257, 291)
(257, 326)
(257, 300)
(257, 302)
(257, 303)
(257, 318)
(257, 373)
(258, 384)
(258, 390)
(258, 263)
(258, 277)
(258, 278)
(258, 294)
(258, 328)
(258, 348)
(258, 349)
(258, 358)
(258, 365)
(258, 367)
(258, 368)
(258, 370)
(258, 375)
(259, 387)
(259, 270)
(259, 281)
(259, 289)
(259, 290)
(259, 297)
(259, 324)
(259, 334)
(259, 341)
(259, 355)
(259, 380)
(259, 382)
(260, 385)
(260, 395)
(260, 269)
(260, 275)
(260, 288)
(260, 326)
(260, 302)
(260, 303)
(260, 304)
(260, 311)
(260, 315)
(260, 318)
(260, 267)
(260, 331)
(261, 391)
(261, 398)
(261, 273)
(261, 295)
(261, 298)
(261, 309)
(261, 319)
(261, 332)
(261, 337)
(261, 339)
(261, 347)
(261, 350)
(261, 353)
(261, 356)
(261, 360)
(261, 361)
(261, 363)
(261, 374)
(261, 379)
(262, 264)
(262, 274)
(262, 276)
(262, 283)
(262, 285)
(262, 287)
(262, 306)
(262, 313)
(262, 316)
(262, 329)
(262, 340)
(262, 344)
(262, 352)
(262, 357)
(262, 359)
(262, 369)
(262, 371)
(262, 377)
(262, 381)
(263, 384)
(263, 390)
(263, 274)
(263, 276)
(263, 277)
(263, 294)
(263, 335)
(263, 348)
(263, 383)
(264, 287)
(264, 306)
(264, 313)
(264, 316)
(264, 329)
(264, 344)
(264, 352)
(264, 357)
(264, 369)
(264, 371)
(264, 377)
(264, 381)
(265, 393)
(265, 268)
(265, 271)
(265, 280)
(265, 298)
(265, 305)
(265, 309)
(265, 323)
(265, 398)
(265, 342)
(265, 347)
(265, 293)
(265, 363)
(265, 374)
(265, 378)
(266, 389)
(266, 277)
(266, 278)
(266, 307)
(266, 317)
(266, 328)
(266, 336)
(266, 343)
(266, 346)
(266, 349)
(266, 354)
(266, 358)
(266, 368)
(266, 370)
(266, 372)
(266, 376)
(267, 385)
(267, 392)
(267, 394)
(267, 395)
(267, 269)
(267, 275)
(267, 282)
(267, 284)
(267, 288)
(267, 302)
(267, 303)
(267, 304)
(267, 311)
(267, 315)
(267, 320)
(267, 326)
(267, 330)
(267, 331)
(267, 333)
(267, 345)
(268, 393)
(268, 398)
(268, 271)
(268, 272)
(268, 279)
(268, 280)
(268, 293)
(268, 298)
(268, 305)
(268, 314)
(268, 342)
(268, 347)
(268, 363)
(268, 378)
(269, 399)
(269, 275)
(269, 303)
(269, 288)
(269, 291)
(269, 299)
(269, 300)
(269, 302)
(269, 315)
(269, 318)
(269, 325)
(269, 326)
(269, 330)
(269, 362)
(269, 373)
(270, 387)
(270, 272)
(270, 279)
(270, 281)
(270, 283)
(270, 285)
(270, 287)
(270, 293)
(270, 310)
(270, 314)
(270, 324)
(270, 334)
(270, 340)
(270, 357)
(270, 359)
(270, 378)
(270, 380)
(270, 382)
(271, 393)
(271, 272)
(271, 279)
(271, 280)
(271, 293)
(271, 298)
(271, 305)
(271, 314)
(271, 319)
(271, 342)
(271, 347)
(271, 378)
(272, 393)
(272, 279)
(272, 285)
(272, 310)
(272, 313)
(272, 314)
(272, 340)
(272, 293)
(272, 359)
(272, 378)
(273, 391)
(273, 394)
(273, 395)
(273, 397)
(273, 295)
(273, 312)
(273, 320)
(273, 332)
(273, 337)
(273, 339)
(273, 350)
(273, 353)
(273, 360)
(273, 361)
(273, 366)
(274, 276)
(274, 283)
(274, 316)
(274, 327)
(274, 334)
(274, 344)
(274, 357)
(274, 369)
(274, 381)
(274, 383)
(275, 385)
(275, 394)
(275, 395)
(275, 284)
(275, 288)
(275, 302)
(275, 303)
(275, 304)
(275, 311)
(275, 315)
(275, 318)
(275, 320)
(275, 326)
(275, 331)
(275, 333)
(276, 283)
(276, 316)
(276, 327)
(276, 334)
(276, 344)
(276, 357)
(276, 369)
(276, 381)
(276, 383)
(277, 384)
(277, 390)
(277, 278)
(277, 286)
(277, 294)
(277, 328)
(277, 346)
(277, 348)
(277, 349)
(277, 358)
(277, 368)
(277, 370)
(277, 372)
(277, 376)
(278, 388)
(278, 289)
(278, 328)
(278, 346)
(278, 349)
(278, 354)
(278, 358)
(278, 365)
(278, 367)
(278, 368)
(278, 370)
(278, 375)
(279, 393)
(279, 285)
(279, 293)
(279, 310)
(279, 313)
(279, 314)
(279, 340)
(279, 359)
(279, 378)
(280, 386)
(280, 393)
(280, 398)
(280, 295)
(280, 298)
(280, 305)
(280, 308)
(280, 309)
(280, 323)
(280, 332)
(280, 342)
(280, 347)
(280, 293)
(280, 361)
(280, 363)
(280, 374)
(280, 379)
(281, 387)
(281, 289)
(281, 290)
(281, 297)
(281, 324)
(281, 334)
(281, 341)
(281, 355)
(281, 380)
(281, 382)
(282, 392)
(282, 345)
(282, 284)
(282, 290)
(282, 292)
(282, 315)
(282, 330)
(282, 333)
(282, 351)
(282, 364)
(283, 285)
(283, 287)
(283, 310)
(283, 313)
(283, 327)
(283, 334)
(283, 340)
(283, 344)
(283, 357)
(283, 359)
(283, 380)
(284, 385)
(284, 391)
(284, 394)
(284, 395)
(284, 290)
(284, 304)
(284, 315)
(284, 320)
(284, 331)
(284, 333)
(284, 338)
(284, 345)
(284, 366)
(285, 287)
(285, 306)
(285, 310)
(285, 313)
(285, 314)
(285, 340)
(285, 344)
(285, 357)
(285, 359)
(285, 377)
(285, 378)
(286, 321)
(286, 336)
(286, 372)
(286, 376)
(287, 306)
(287, 310)
(287, 313)
(287, 377)
(287, 344)
(287, 357)
(287, 359)
(287, 340)
(288, 385)
(288, 303)
(288, 326)
(288, 302)
(288, 304)
(288, 311)
(288, 315)
(288, 318)
(288, 331)
(289, 387)
(289, 290)
(289, 297)
(289, 327)
(289, 334)
(289, 341)
(289, 355)
(289, 365)
(289, 367)
(289, 375)
(289, 382)
(290, 387)
(290, 297)
(290, 341)
(290, 351)
(290, 355)
(290, 382)
(291, 399)
(291, 299)
(291, 300)
(291, 302)
(291, 303)
(291, 318)
(291, 362)
(291, 373)
(292, 388)
(292, 392)
(292, 345)
(292, 301)
(292, 330)
(292, 351)
(292, 354)
(292, 364)
(293, 393)
(293, 298)
(293, 314)
(293, 319)
(293, 324)
(293, 347)
(293, 378)
(294, 384)
(294, 390)
(294, 335)
(294, 348)
(294, 383)
(295, 386)
(295, 398)
(295, 298)
(295, 305)
(295, 308)
(295, 309)
(295, 323)
(295, 332)
(295, 339)
(295, 353)
(295, 356)
(295, 360)
(295, 361)
(295, 363)
(295, 374)
(295, 379)
(296, 396)
(296, 301)
(296, 325)
(296, 330)
(296, 364)
(297, 387)
(297, 341)
(297, 351)
(297, 355)
(297, 365)
(297, 367)
(297, 375)
(297, 382)
(298, 393)
(298, 398)
(298, 305)
(298, 309)
(298, 319)
(298, 324)
(298, 332)
(298, 339)
(298, 342)
(298, 347)
(298, 353)
(298, 361)
(298, 363)
(298, 374)
(298, 378)
(299, 362)
(299, 300)
(299, 303)
(299, 373)
(299, 399)
(300, 392)
(300, 399)
(300, 303)
(300, 302)
(300, 325)
(300, 330)
(300, 373)
(300, 362)
(301, 392)
(301, 396)
(301, 322)
(301, 325)
(301, 330)
(301, 364)
(302, 385)
(302, 303)
(302, 326)
(302, 304)
(302, 311)
(302, 315)
(302, 318)
(302, 330)
(302, 331)
(303, 399)
(303, 326)
(303, 318)
(303, 373)
(304, 385)
(304, 391)
(304, 394)
(304, 395)
(304, 311)
(304, 312)
(304, 315)
(304, 320)
(304, 331)
(304, 333)
(304, 337)
(304, 366)
(305, 386)
(305, 393)
(305, 308)
(305, 309)
(305, 323)
(305, 332)
(305, 398)
(305, 342)
(305, 347)
(305, 356)
(305, 361)
(305, 363)
(305, 374)
(305, 379)
(306, 310)
(306, 313)
(306, 377)
(306, 344)
(306, 357)
(306, 359)
(306, 340)
(307, 389)
(307, 343)
(307, 396)
(307, 317)
(307, 322)
(307, 346)
(307, 370)
(308, 386)
(308, 342)
(308, 309)
(308, 323)
(308, 332)
(308, 398)
(308, 356)
(308, 361)
(308, 363)
(308, 374)
(308, 379)
(309, 386)
(309, 398)
(309, 319)
(309, 323)
(309, 332)
(309, 339)
(309, 342)
(309, 347)
(309, 353)
(309, 356)
(309, 360)
(309, 361)
(309, 363)
(309, 374)
(309, 379)
(310, 313)
(310, 314)
(310, 340)
(310, 357)
(310, 359)
(310, 377)
(310, 378)
(311, 385)
(311, 391)
(311, 394)
(311, 395)
(311, 397)
(311, 312)
(311, 315)
(311, 318)
(311, 320)
(311, 326)
(311, 331)
(311, 333)
(311, 337)
(311, 366)
(312, 385)
(312, 391)
(312, 394)
(312, 395)
(312, 397)
(312, 320)
(312, 331)
(312, 337)
(312, 366)
(313, 377)
(313, 344)
(313, 357)
(313, 359)
(313, 340)
(314, 393)
(314, 324)
(314, 340)
(314, 347)
(314, 359)
(314, 378)
(314, 380)
(315, 385)
(315, 394)
(315, 395)
(315, 318)
(315, 320)
(315, 326)
(315, 331)
(315, 333)
(315, 345)
(315, 366)
(316, 371)
(316, 344)
(316, 352)
(316, 369)
(316, 381)
(316, 383)
(317, 389)
(317, 343)
(317, 336)
(317, 376)
(318, 326)
(319, 393)
(319, 324)
(319, 337)
(319, 338)
(319, 339)
(319, 347)
(319, 350)
(319, 353)
(319, 360)
(319, 361)
(320, 385)
(320, 391)
(320, 394)
(320, 395)
(320, 397)
(320, 331)
(320, 333)
(320, 337)
(320, 338)
(320, 350)
(320, 360)
(320, 366)
(321, 336)
(321, 372)
(321, 376)
(322, 388)
(322, 389)
(322, 396)
(322, 343)
(322, 346)
(322, 354)
(322, 364)
(323, 386)
(323, 398)
(323, 332)
(323, 339)
(323, 342)
(323, 356)
(323, 361)
(323, 363)
(323, 374)
(323, 379)
(324, 387)
(324, 393)
(324, 338)
(324, 347)
(324, 350)
(324, 380)
(324, 382)
(325, 392)
(325, 399)
(325, 330)
(325, 362)
(325, 364)
(326, 385)
(327, 334)
(327, 344)
(327, 357)
(327, 365)
(327, 367)
(327, 375)
(328, 365)
(328, 346)
(328, 349)
(328, 358)
(328, 367)
(328, 368)
(328, 370)
(328, 375)
(329, 371)
(329, 352)
(329, 369)
(329, 381)
(330, 392)
(330, 399)
(330, 345)
(330, 362)
(330, 364)
(331, 385)
(331, 391)
(331, 394)
(331, 395)
(331, 333)
(331, 337)
(331, 345)
(331, 366)
(332, 386)
(332, 339)
(332, 398)
(332, 342)
(332, 353)
(332, 356)
(332, 360)
(332, 361)
(332, 363)
(332, 374)
(332, 379)
(333, 385)
(333, 391)
(333, 394)
(333, 395)
(333, 337)
(333, 338)
(333, 345)
(333, 350)
(333, 366)
(334, 387)
(334, 340)
(334, 355)
(334, 357)
(334, 365)
(334, 367)
(334, 375)
(334, 380)
(335, 384)
(335, 390)
(335, 348)
(335, 383)
(336, 389)
(336, 372)
(336, 376)
(337, 385)
(337, 391)
(337, 394)
(337, 395)
(337, 397)
(337, 338)
(337, 339)
(337, 350)
(337, 353)
(337, 360)
(337, 366)
(338, 391)
(338, 394)
(338, 350)
(338, 366)
(338, 382)
(339, 386)
(339, 398)
(339, 347)
(339, 350)
(339, 353)
(339, 356)
(339, 360)
(339, 361)
(339, 363)
(339, 374)
(339, 379)
(340, 344)
(340, 357)
(340, 359)
(340, 377)
(340, 380)
(341, 387)
(341, 351)
(341, 355)
(341, 380)
(341, 382)
(342, 386)
(342, 393)
(342, 398)
(342, 347)
(342, 361)
(342, 363)
(342, 374)
(342, 379)
(343, 388)
(343, 389)
(343, 396)
(343, 346)
(343, 349)
(343, 354)
(343, 358)
(343, 368)
(343, 370)
(344, 357)
(344, 359)
(344, 369)
(344, 371)
(344, 377)
(344, 381)
(345, 392)
(345, 351)
(345, 364)
(346, 388)
(346, 389)
(346, 349)
(346, 354)
(346, 358)
(346, 368)
(346, 370)
(346, 376)
(347, 393)
(347, 398)
(347, 361)
(347, 363)
(347, 378)
(348, 384)
(348, 390)
(348, 383)
(349, 388)
(349, 389)
(349, 365)
(349, 354)
(349, 358)
(349, 368)
(349, 370)
(349, 375)
(349, 376)
(350, 391)
(350, 394)
(350, 395)
(350, 366)
(350, 353)
(350, 360)
(350, 382)
(351, 388)
(351, 392)
(351, 354)
(351, 364)
(352, 371)
(352, 369)
(352, 381)
(353, 391)
(353, 397)
(353, 398)
(353, 356)
(353, 360)
(353, 361)
(353, 374)
(353, 379)
(354, 388)
(354, 396)
(354, 358)
(354, 368)
(354, 370)
(355, 387)
(355, 365)
(355, 380)
(355, 382)
(356, 386)
(356, 363)
(356, 398)
(356, 360)
(356, 361)
(356, 374)
(356, 379)
(357, 359)
(357, 369)
(357, 377)
(357, 381)
(358, 388)
(358, 389)
(358, 365)
(358, 368)
(358, 370)
(358, 375)
(358, 376)
(359, 377)
(360, 391)
(360, 397)
(360, 366)
(360, 361)
(361, 386)
(361, 398)
(361, 363)
(361, 374)
(361, 379)
(362, 399)
(362, 373)
(363, 386)
(363, 398)
(363, 374)
(363, 379)
(364, 392)
(365, 367)
(365, 368)
(365, 375)
(366, 385)
(366, 391)
(366, 394)
(366, 395)
(366, 397)
(367, 375)
(368, 388)
(368, 389)
(368, 370)
(368, 375)
(369, 371)
(369, 381)
(369, 383)
(370, 388)
(370, 389)
(370, 372)
(370, 376)
(371, 381)
(372, 389)
(372, 376)
(373, 399)
(374, 386)
(374, 398)
(374, 379)
(376, 389)
(378, 393)
(379, 386)
(379, 398)
(380, 387)
(380, 382)
(381, 383)
(382, 387)
(384, 390)
(385, 391)
(385, 394)
(385, 395)
(385, 397)
(386, 398)
(391, 394)
(391, 395)
(391, 397)
(394, 395)
(394, 397)
(395, 397)
