#Nodes
0
1
2
3
4
5
6
7
8
9
10
11
12
13
14
15
16
17
18
19
20
21
22
23
24
25
26
27
28
29
30
31
32
33
34
35
36
37
38
39
40
41
42
43
44
45
46
47
48
49
50
51
52
53
54
55
56
57
58
59
60
61
62
63
64
65
66
67
68
69
70
71
72
73
74
75
76
77
78
79
80
81
82
83
84
85
86
87
88
89
90
91
92
93
94
95
96
97
98
99
#Edges
(0, 3)
(0, 98)
(0, 27)
(0, 43)
(0, 76)
(0, 77)
(0, 14)
(0, 18)
(0, 51)
(0, 59)
(0, 29)
(1, 96)
(1, 20)
(1, 23)
(1, 45)
(1, 78)
(1, 15)
(1, 17)
(1, 52)
(1, 54)
(1, 55)
(1, 25)
(1, 91)
(1, 30)
(1, 63)
(2, 66)
(2, 36)
(2, 69)
(2, 7)
(2, 40)
(2, 45)
(2, 15)
(2, 49)
(2, 52)
(2, 53)
(2, 54)
(2, 57)
(2, 20)
(3, 98)
(3, 76)
(3, 77)
(3, 18)
(3, 51)
(3, 27)
(3, 29)
(4, 64)
(4, 6)
(4, 10)
(4, 43)
(4, 46)
(4, 79)
(4, 56)
(4, 14)
(4, 22)
(4, 88)
(4, 89)
(5, 66)
(5, 99)
(5, 36)
(5, 7)
(5, 40)
(5, 73)
(5, 11)
(5, 13)
(5, 48)
(5, 49)
(5, 82)
(5, 19)
(5, 53)
(5, 87)
(5, 92)
(6, 64)
(6, 10)
(6, 43)
(6, 77)
(6, 14)
(6, 79)
(6, 18)
(6, 22)
(6, 56)
(6, 29)
(7, 66)
(7, 99)
(7, 36)
(7, 69)
(7, 40)
(7, 73)
(7, 13)
(7, 48)
(7, 49)
(7, 82)
(7, 19)
(7, 53)
(7, 54)
(8, 11)
(8, 38)
(8, 75)
(8, 19)
(8, 22)
(8, 88)
(8, 89)
(8, 92)
(9, 67)
(9, 41)
(9, 42)
(9, 35)
(9, 93)
(9, 95)
(10, 64)
(10, 47)
(10, 43)
(10, 76)
(10, 77)
(10, 46)
(10, 79)
(10, 18)
(10, 83)
(10, 14)
(10, 22)
(10, 56)
(10, 89)
(10, 59)
(10, 28)
(10, 29)
(11, 99)
(11, 38)
(11, 28)
(11, 75)
(11, 13)
(11, 16)
(11, 82)
(11, 19)
(11, 87)
(11, 88)
(11, 89)
(11, 92)
(12, 32)
(12, 67)
(12, 73)
(12, 13)
(12, 82)
(12, 35)
(12, 58)
(12, 26)
(12, 93)
(12, 94)
(13, 32)
(13, 99)
(13, 36)
(13, 40)
(13, 73)
(13, 75)
(13, 16)
(13, 49)
(13, 82)
(13, 87)
(13, 58)
(13, 92)
(14, 64)
(14, 51)
(14, 98)
(14, 47)
(14, 43)
(14, 76)
(14, 77)
(14, 46)
(14, 79)
(14, 18)
(14, 83)
(14, 56)
(14, 59)
(14, 29)
(15, 96)
(15, 20)
(15, 45)
(15, 17)
(15, 52)
(15, 54)
(15, 23)
(15, 25)
(15, 91)
(15, 30)
(16, 32)
(16, 99)
(16, 28)
(16, 73)
(16, 75)
(16, 46)
(16, 82)
(16, 84)
(16, 87)
(16, 89)
(16, 92)
(17, 33)
(17, 74)
(17, 23)
(17, 45)
(17, 78)
(17, 52)
(17, 30)
(17, 54)
(17, 55)
(17, 25)
(17, 91)
(17, 62)
(17, 63)
(18, 98)
(18, 43)
(18, 76)
(18, 77)
(18, 79)
(18, 51)
(18, 29)
(19, 66)
(19, 99)
(19, 38)
(19, 40)
(19, 48)
(19, 82)
(19, 53)
(20, 96)
(20, 42)
(20, 45)
(20, 52)
(20, 54)
(20, 25)
(20, 30)
(21, 39)
(22, 64)
(22, 37)
(22, 38)
(22, 56)
(22, 88)
(22, 89)
(23, 66)
(23, 74)
(23, 45)
(23, 78)
(23, 52)
(23, 53)
(23, 54)
(23, 25)
(23, 91)
(23, 30)
(24, 37)
(24, 70)
(24, 39)
(24, 71)
(24, 81)
(24, 50)
(24, 85)
(24, 31)
(25, 96)
(25, 74)
(25, 45)
(25, 78)
(25, 52)
(25, 54)
(25, 55)
(25, 91)
(25, 30)
(25, 63)
(26, 32)
(26, 65)
(26, 34)
(26, 67)
(26, 73)
(26, 35)
(26, 58)
(26, 93)
(27, 98)
(27, 76)
(27, 77)
(27, 51)
(27, 59)
(27, 29)
(28, 64)
(28, 75)
(28, 46)
(28, 47)
(28, 83)
(28, 84)
(28, 87)
(28, 56)
(28, 89)
(28, 92)
(29, 64)
(29, 51)
(29, 98)
(29, 47)
(29, 43)
(29, 76)
(29, 77)
(29, 46)
(29, 79)
(29, 83)
(29, 56)
(29, 59)
(30, 96)
(30, 33)
(30, 74)
(30, 45)
(30, 78)
(30, 52)
(30, 54)
(30, 55)
(30, 91)
(30, 63)
(31, 81)
(31, 50)
(31, 70)
(31, 71)
(32, 35)
(32, 99)
(32, 36)
(32, 40)
(32, 73)
(32, 49)
(32, 82)
(32, 67)
(32, 87)
(32, 58)
(32, 92)
(32, 93)
(33, 78)
(33, 80)
(33, 55)
(33, 60)
(33, 62)
(33, 63)
(34, 65)
(34, 67)
(34, 93)
(34, 35)
(35, 67)
(35, 36)
(35, 69)
(35, 73)
(35, 41)
(35, 57)
(35, 58)
(35, 93)
(35, 95)
(36, 67)
(36, 69)
(36, 40)
(36, 73)
(36, 49)
(36, 82)
(36, 99)
(36, 54)
(36, 57)
(36, 58)
(37, 70)
(37, 81)
(37, 50)
(37, 85)
(37, 88)
(38, 75)
(38, 88)
(38, 89)
(39, 70)
(39, 81)
(39, 50)
(39, 85)
(40, 66)
(40, 99)
(40, 69)
(40, 73)
(40, 49)
(40, 82)
(40, 54)
(40, 87)
(40, 58)
(40, 92)
(41, 67)
(41, 42)
(41, 57)
(41, 93)
(41, 95)
(42, 69)
(42, 52)
(42, 57)
(42, 95)
(43, 64)
(43, 51)
(43, 98)
(43, 47)
(43, 76)
(43, 77)
(43, 46)
(43, 79)
(43, 83)
(43, 56)
(43, 59)
(44, 72)
(44, 97)
(44, 61)
(44, 86)
(45, 96)
(45, 74)
(45, 52)
(45, 54)
(45, 91)
(46, 64)
(46, 75)
(46, 77)
(46, 47)
(46, 83)
(46, 56)
(46, 89)
(46, 59)
(47, 64)
(47, 98)
(47, 68)
(47, 76)
(47, 77)
(47, 83)
(47, 56)
(47, 89)
(47, 59)
(48, 66)
(48, 74)
(48, 53)
(48, 86)
(49, 99)
(49, 69)
(49, 73)
(49, 82)
(49, 54)
(49, 57)
(49, 58)
(50, 70)
(50, 71)
(50, 81)
(50, 85)
(50, 90)
(51, 98)
(51, 76)
(51, 77)
(51, 79)
(51, 59)
(52, 96)
(52, 54)
(53, 86)
(53, 74)
(53, 66)
(53, 54)
(54, 69)
(54, 74)
(54, 66)
(54, 91)
(55, 78)
(55, 80)
(55, 91)
(55, 60)
(55, 62)
(55, 63)
(56, 64)
(56, 75)
(56, 76)
(56, 77)
(56, 79)
(56, 83)
(56, 89)
(56, 59)
(57, 69)
(57, 67)
(57, 93)
(57, 95)
(58, 67)
(58, 73)
(58, 82)
(58, 99)
(58, 87)
(58, 93)
(59, 98)
(59, 76)
(59, 77)
(59, 83)
(60, 78)
(60, 80)
(60, 62)
(60, 63)
(61, 72)
(61, 97)
(61, 86)
(62, 78)
(62, 80)
(62, 91)
(62, 63)
(63, 78)
(63, 80)
(63, 91)
(64, 75)
(64, 77)
(64, 79)
(64, 83)
(64, 88)
(64, 89)
(65, 94)
(66, 74)
(66, 86)
(67, 69)
(67, 93)
(67, 95)
(68, 83)
(68, 84)
(68, 94)
(69, 95)
(70, 71)
(70, 81)
(70, 85)
(71, 81)
(71, 86)
(72, 97)
(73, 99)
(73, 82)
(73, 87)
(73, 92)
(74, 86)
(74, 91)
(75, 99)
(75, 82)
(75, 87)
(75, 89)
(75, 92)
(76, 98)
(76, 77)
(76, 83)
(77, 98)
(77, 79)
(77, 83)
(78, 80)
(78, 91)
(79, 98)
(81, 85)
(82, 99)
(82, 87)
(82, 92)
(83, 89)
(84, 94)
(86, 97)
(87, 99)
(87, 89)
(87, 92)
(88, 89)
(89, 92)
(92, 99)
