#Nodes
0
1
2
3
4
5
6
7
8
9
10
11
12
13
14
15
16
17
18
19
20
21
22
23
24
25
26
27
28
29
30
31
32
33
34
35
36
37
38
39
40
41
42
43
44
45
46
47
48
49
50
51
52
53
54
55
56
57
58
59
60
61
62
63
64
65
66
67
68
69
70
71
72
73
74
75
76
77
78
79
80
81
82
83
84
85
86
87
88
89
90
91
92
93
94
95
96
97
98
99
#Edges
(0, 38)
(0, 75)
(0, 77)
(0, 80)
(0, 17)
(0, 87)
(0, 24)
(1, 37)
(1, 38)
(1, 87)
(1, 77)
(1, 80)
(1, 17)
(1, 54)
(1, 55)
(1, 24)
(1, 93)
(2, 19)
(2, 41)
(2, 42)
(2, 29)
(2, 82)
(2, 12)
(2, 45)
(2, 48)
(2, 50)
(2, 51)
(2, 9)
(2, 10)
(2, 61)
(2, 30)
(2, 31)
(3, 96)
(3, 65)
(3, 68)
(3, 71)
(3, 64)
(3, 74)
(3, 39)
(3, 47)
(3, 8)
(3, 21)
(3, 7)
(3, 89)
(3, 90)
(3, 27)
(4, 56)
(4, 28)
(5, 97)
(5, 22)
(5, 72)
(5, 44)
(5, 78)
(5, 20)
(5, 85)
(5, 86)
(5, 57)
(5, 26)
(5, 92)
(5, 53)
(6, 32)
(6, 49)
(6, 42)
(6, 81)
(6, 84)
(6, 23)
(6, 88)
(6, 28)
(6, 94)
(7, 64)
(7, 66)
(7, 68)
(7, 39)
(7, 8)
(7, 74)
(7, 11)
(7, 47)
(7, 18)
(7, 27)
(7, 62)
(8, 64)
(8, 74)
(8, 11)
(8, 21)
(8, 62)
(9, 19)
(9, 42)
(9, 12)
(9, 50)
(9, 45)
(9, 49)
(9, 82)
(9, 51)
(9, 84)
(9, 30)
(9, 88)
(9, 29)
(9, 94)
(10, 34)
(10, 12)
(10, 70)
(10, 29)
(10, 31)
(10, 41)
(10, 43)
(10, 76)
(10, 45)
(10, 46)
(10, 93)
(10, 50)
(10, 51)
(10, 79)
(10, 60)
(10, 61)
(10, 63)
(11, 64)
(11, 66)
(11, 73)
(11, 74)
(11, 47)
(11, 18)
(11, 27)
(11, 62)
(12, 19)
(12, 45)
(12, 70)
(12, 29)
(12, 50)
(12, 79)
(12, 82)
(12, 51)
(12, 31)
(12, 61)
(12, 30)
(12, 63)
(13, 35)
(13, 37)
(13, 16)
(13, 52)
(13, 53)
(13, 54)
(13, 25)
(13, 92)
(13, 20)
(14, 65)
(14, 68)
(14, 71)
(14, 78)
(14, 83)
(14, 85)
(14, 89)
(14, 59)
(14, 36)
(14, 95)
(15, 32)
(15, 33)
(15, 98)
(15, 69)
(15, 40)
(15, 48)
(15, 81)
(15, 28)
(16, 35)
(16, 37)
(16, 72)
(16, 52)
(16, 53)
(16, 54)
(16, 25)
(16, 22)
(16, 20)
(17, 38)
(17, 75)
(17, 77)
(17, 80)
(17, 55)
(17, 24)
(17, 87)
(18, 64)
(18, 98)
(18, 68)
(18, 39)
(18, 73)
(18, 74)
(18, 47)
(18, 27)
(19, 32)
(19, 42)
(19, 50)
(19, 45)
(19, 49)
(19, 82)
(19, 51)
(19, 84)
(19, 30)
(19, 88)
(19, 29)
(19, 94)
(20, 72)
(20, 44)
(20, 52)
(20, 53)
(20, 22)
(20, 26)
(20, 92)
(21, 96)
(21, 65)
(21, 89)
(21, 90)
(21, 58)
(22, 72)
(22, 44)
(22, 78)
(22, 52)
(22, 53)
(22, 26)
(22, 92)
(23, 32)
(23, 49)
(23, 42)
(23, 81)
(23, 84)
(23, 88)
(23, 28)
(23, 94)
(24, 38)
(24, 75)
(24, 77)
(24, 80)
(24, 55)
(24, 87)
(25, 35)
(25, 37)
(25, 43)
(25, 52)
(25, 54)
(26, 97)
(26, 72)
(26, 44)
(26, 78)
(26, 85)
(26, 86)
(26, 53)
(27, 64)
(27, 98)
(27, 68)
(27, 39)
(27, 73)
(27, 74)
(27, 66)
(27, 47)
(27, 62)
(28, 32)
(28, 33)
(28, 42)
(28, 81)
(28, 56)
(29, 45)
(29, 70)
(29, 50)
(29, 79)
(29, 82)
(29, 51)
(29, 31)
(29, 61)
(29, 30)
(29, 63)
(30, 45)
(30, 42)
(30, 82)
(30, 79)
(30, 48)
(30, 50)
(30, 51)
(30, 61)
(30, 31)
(31, 45)
(31, 34)
(31, 70)
(31, 41)
(31, 43)
(31, 76)
(31, 50)
(31, 46)
(31, 79)
(31, 82)
(31, 51)
(31, 61)
(31, 63)
(32, 49)
(32, 42)
(32, 81)
(32, 84)
(32, 88)
(33, 98)
(33, 69)
(33, 40)
(33, 48)
(33, 81)
(33, 83)
(33, 91)
(34, 70)
(34, 41)
(34, 43)
(34, 76)
(34, 46)
(34, 61)
(34, 55)
(34, 60)
(34, 93)
(35, 37)
(35, 52)
(35, 53)
(35, 54)
(36, 65)
(36, 98)
(36, 59)
(36, 68)
(36, 69)
(36, 71)
(36, 40)
(36, 39)
(36, 83)
(36, 85)
(36, 91)
(36, 60)
(36, 95)
(37, 52)
(37, 54)
(37, 55)
(38, 75)
(38, 77)
(38, 80)
(38, 55)
(38, 87)
(38, 93)
(39, 64)
(39, 65)
(39, 98)
(39, 68)
(39, 71)
(39, 40)
(39, 74)
(39, 47)
(39, 83)
(40, 98)
(40, 59)
(40, 68)
(40, 69)
(40, 71)
(40, 48)
(40, 83)
(40, 91)
(40, 60)
(40, 95)
(41, 70)
(41, 43)
(41, 76)
(41, 45)
(41, 46)
(41, 48)
(41, 50)
(41, 51)
(41, 91)
(41, 60)
(41, 61)
(42, 49)
(42, 45)
(42, 81)
(42, 82)
(42, 84)
(42, 88)
(42, 94)
(43, 76)
(43, 46)
(43, 60)
(43, 93)
(44, 97)
(44, 99)
(44, 72)
(44, 53)
(44, 86)
(44, 92)
(45, 82)
(45, 48)
(45, 50)
(45, 51)
(45, 61)
(46, 70)
(46, 76)
(46, 50)
(46, 91)
(46, 60)
(46, 61)
(46, 95)
(47, 64)
(47, 65)
(47, 98)
(47, 68)
(47, 71)
(47, 74)
(47, 89)
(47, 62)
(48, 51)
(48, 69)
(48, 76)
(48, 50)
(48, 83)
(48, 91)
(48, 60)
(48, 61)
(49, 67)
(49, 81)
(49, 84)
(49, 88)
(49, 94)
(50, 70)
(50, 76)
(50, 79)
(50, 82)
(50, 51)
(50, 61)
(50, 63)
(51, 70)
(51, 79)
(51, 82)
(51, 61)
(51, 63)
(52, 72)
(52, 53)
(52, 54)
(52, 92)
(53, 72)
(53, 92)
(54, 55)
(55, 75)
(55, 77)
(55, 80)
(55, 87)
(55, 93)
(56, 81)
(57, 96)
(57, 97)
(57, 99)
(57, 78)
(57, 86)
(57, 90)
(57, 58)
(58, 96)
(58, 97)
(58, 65)
(58, 78)
(58, 85)
(58, 86)
(58, 89)
(58, 90)
(59, 98)
(59, 69)
(59, 71)
(59, 76)
(59, 83)
(59, 85)
(59, 91)
(59, 60)
(59, 95)
(60, 69)
(60, 76)
(60, 83)
(60, 91)
(60, 61)
(60, 95)
(61, 70)
(61, 76)
(61, 79)
(61, 82)
(62, 64)
(62, 74)
(63, 70)
(63, 93)
(63, 79)
(64, 68)
(64, 74)
(65, 96)
(65, 68)
(65, 71)
(65, 78)
(65, 85)
(65, 89)
(65, 90)
(66, 73)
(66, 74)
(67, 88)
(67, 84)
(67, 94)
(68, 98)
(68, 71)
(68, 74)
(68, 83)
(68, 89)
(69, 98)
(69, 71)
(69, 76)
(69, 83)
(69, 91)
(69, 95)
(70, 93)
(70, 79)
(71, 98)
(71, 83)
(71, 85)
(71, 89)
(71, 91)
(71, 95)
(72, 78)
(72, 92)
(75, 80)
(75, 87)
(75, 93)
(76, 95)
(76, 83)
(76, 91)
(77, 80)
(77, 87)
(78, 96)
(78, 97)
(78, 85)
(78, 86)
(78, 89)
(78, 90)
(80, 87)
(82, 84)
(82, 88)
(82, 94)
(83, 98)
(83, 91)
(83, 95)
(84, 88)
(84, 94)
(85, 96)
(85, 89)
(85, 90)
(85, 95)
(86, 97)
(86, 99)
(87, 93)
(88, 94)
(89, 96)
(89, 90)
(90, 96)
(90, 97)
(91, 98)
(91, 95)
(97, 99)
