#Nodes
0
1
2
3
4
5
6
7
8
9
10
11
12
13
14
15
16
17
18
19
20
21
22
23
24
25
26
27
28
29
30
31
32
33
34
35
36
37
38
39
40
41
42
43
44
45
46
47
48
49
50
51
52
53
54
55
56
57
58
59
60
61
62
63
64
65
66
67
68
69
70
71
72
73
74
75
76
77
78
79
80
81
82
83
84
85
86
87
88
89
90
91
92
93
94
95
96
97
98
99
#Edges
(0, 5)
(0, 73)
(0, 74)
(0, 11)
(0, 16)
(0, 49)
(0, 85)
(0, 54)
(0, 9)
(0, 62)
(1, 64)
(1, 51)
(1, 68)
(1, 72)
(1, 44)
(1, 45)
(1, 46)
(1, 17)
(1, 83)
(1, 57)
(2, 32)
(2, 33)
(2, 98)
(2, 27)
(2, 37)
(2, 71)
(2, 42)
(2, 43)
(2, 77)
(2, 79)
(2, 80)
(2, 81)
(2, 84)
(2, 55)
(2, 90)
(2, 59)
(3, 35)
(3, 7)
(3, 73)
(3, 74)
(3, 75)
(3, 14)
(3, 16)
(3, 49)
(3, 82)
(3, 9)
(3, 53)
(3, 54)
(3, 41)
(3, 88)
(4, 82)
(4, 53)
(4, 23)
(4, 26)
(4, 63)
(4, 30)
(4, 31)
(5, 73)
(5, 11)
(5, 16)
(5, 49)
(5, 85)
(5, 9)
(5, 62)
(6, 96)
(6, 97)
(6, 34)
(6, 10)
(6, 76)
(6, 95)
(7, 35)
(7, 38)
(7, 70)
(7, 40)
(7, 73)
(7, 74)
(7, 75)
(7, 12)
(7, 78)
(7, 47)
(7, 16)
(7, 49)
(7, 50)
(7, 14)
(7, 54)
(7, 9)
(7, 88)
(7, 60)
(8, 19)
(8, 68)
(8, 39)
(8, 15)
(8, 51)
(8, 86)
(8, 58)
(8, 92)
(8, 93)
(8, 94)
(9, 35)
(9, 40)
(9, 73)
(9, 74)
(9, 14)
(9, 16)
(9, 49)
(9, 54)
(10, 96)
(10, 29)
(10, 95)
(11, 67)
(11, 40)
(11, 12)
(11, 77)
(11, 47)
(11, 16)
(11, 20)
(11, 85)
(11, 55)
(11, 89)
(11, 27)
(11, 62)
(12, 67)
(12, 38)
(12, 40)
(12, 74)
(12, 77)
(12, 78)
(12, 47)
(12, 16)
(12, 49)
(12, 35)
(12, 84)
(12, 85)
(12, 20)
(12, 89)
(12, 27)
(12, 62)
(13, 19)
(13, 99)
(13, 68)
(13, 72)
(13, 44)
(13, 51)
(13, 52)
(13, 86)
(13, 56)
(13, 93)
(14, 35)
(14, 38)
(14, 70)
(14, 40)
(14, 73)
(14, 74)
(14, 75)
(14, 78)
(14, 47)
(14, 16)
(14, 49)
(14, 50)
(14, 54)
(14, 88)
(14, 60)
(15, 19)
(15, 68)
(15, 39)
(15, 72)
(15, 51)
(15, 58)
(15, 93)
(15, 94)
(16, 35)
(16, 38)
(16, 40)
(16, 73)
(16, 74)
(16, 47)
(16, 49)
(16, 54)
(17, 64)
(17, 45)
(17, 46)
(17, 81)
(17, 83)
(17, 57)
(18, 66)
(18, 70)
(18, 41)
(18, 75)
(18, 82)
(18, 88)
(18, 91)
(18, 60)
(18, 30)
(19, 99)
(19, 68)
(19, 39)
(19, 72)
(19, 51)
(19, 86)
(19, 92)
(19, 93)
(20, 67)
(20, 38)
(20, 40)
(20, 42)
(20, 43)
(20, 77)
(20, 47)
(20, 80)
(20, 35)
(20, 84)
(20, 85)
(20, 89)
(20, 27)
(20, 62)
(21, 67)
(21, 38)
(21, 72)
(21, 44)
(21, 45)
(21, 78)
(21, 47)
(21, 83)
(21, 46)
(21, 56)
(21, 89)
(22, 65)
(22, 36)
(22, 69)
(22, 87)
(22, 25)
(22, 63)
(22, 28)
(22, 31)
(23, 66)
(23, 41)
(23, 75)
(23, 48)
(23, 82)
(23, 53)
(23, 26)
(23, 91)
(23, 60)
(23, 30)
(24, 65)
(24, 61)
(24, 69)
(24, 87)
(25, 65)
(25, 36)
(25, 69)
(25, 87)
(25, 28)
(25, 61)
(26, 41)
(26, 82)
(26, 53)
(26, 63)
(26, 30)
(26, 31)
(27, 32)
(27, 33)
(27, 67)
(27, 42)
(27, 43)
(27, 77)
(27, 47)
(27, 80)
(27, 84)
(27, 85)
(27, 55)
(27, 89)
(27, 90)
(27, 62)
(28, 65)
(28, 36)
(28, 53)
(28, 87)
(28, 63)
(28, 31)
(29, 96)
(29, 48)
(30, 66)
(30, 41)
(30, 75)
(30, 48)
(30, 82)
(30, 91)
(30, 60)
(31, 36)
(31, 41)
(31, 82)
(31, 53)
(31, 63)
(32, 33)
(32, 98)
(32, 37)
(32, 71)
(32, 42)
(32, 43)
(32, 77)
(32, 79)
(32, 80)
(32, 81)
(32, 84)
(32, 55)
(32, 90)
(32, 59)
(33, 98)
(33, 37)
(33, 71)
(33, 42)
(33, 43)
(33, 77)
(33, 80)
(33, 84)
(33, 55)
(33, 90)
(33, 59)
(34, 97)
(34, 76)
(34, 95)
(35, 38)
(35, 70)
(35, 40)
(35, 74)
(35, 78)
(35, 47)
(35, 49)
(35, 50)
(35, 88)
(35, 89)
(36, 65)
(36, 69)
(36, 73)
(36, 54)
(36, 87)
(36, 61)
(36, 63)
(37, 98)
(37, 71)
(37, 42)
(37, 43)
(37, 79)
(37, 80)
(37, 81)
(37, 84)
(37, 90)
(37, 59)
(38, 67)
(38, 40)
(38, 74)
(38, 78)
(38, 47)
(38, 49)
(38, 50)
(38, 56)
(38, 89)
(38, 62)
(39, 51)
(39, 86)
(39, 58)
(39, 92)
(39, 93)
(39, 94)
(40, 67)
(40, 74)
(40, 78)
(40, 47)
(40, 49)
(40, 50)
(40, 85)
(40, 89)
(40, 62)
(41, 70)
(41, 75)
(41, 82)
(41, 53)
(41, 88)
(41, 60)
(41, 63)
(42, 98)
(42, 67)
(42, 43)
(42, 77)
(42, 79)
(42, 80)
(42, 84)
(42, 55)
(42, 89)
(42, 90)
(43, 67)
(43, 77)
(43, 80)
(43, 84)
(43, 85)
(43, 55)
(43, 89)
(43, 90)
(43, 62)
(44, 51)
(44, 99)
(44, 68)
(44, 72)
(44, 45)
(44, 46)
(44, 83)
(44, 56)
(45, 99)
(45, 68)
(45, 72)
(45, 46)
(45, 83)
(45, 56)
(46, 72)
(46, 81)
(46, 83)
(47, 67)
(47, 74)
(47, 77)
(47, 78)
(47, 49)
(47, 50)
(47, 85)
(47, 89)
(47, 62)
(48, 96)
(48, 91)
(49, 73)
(49, 74)
(49, 50)
(49, 54)
(49, 88)
(50, 70)
(50, 74)
(50, 75)
(50, 78)
(50, 56)
(50, 88)
(50, 60)
(51, 64)
(51, 99)
(51, 68)
(51, 72)
(51, 57)
(51, 58)
(52, 97)
(52, 99)
(52, 76)
(52, 86)
(52, 93)
(53, 75)
(53, 82)
(53, 60)
(53, 63)
(54, 73)
(54, 74)
(54, 87)
(55, 77)
(55, 84)
(55, 85)
(55, 62)
(56, 99)
(56, 72)
(56, 78)
(56, 83)
(57, 64)
(58, 94)
(59, 71)
(59, 98)
(59, 79)
(59, 90)
(60, 66)
(60, 70)
(60, 75)
(60, 82)
(60, 88)
(60, 91)
(61, 65)
(61, 69)
(61, 73)
(61, 87)
(62, 67)
(62, 77)
(62, 84)
(62, 85)
(62, 89)
(63, 82)
(65, 69)
(65, 87)
(66, 70)
(66, 75)
(66, 76)
(66, 91)
(67, 77)
(67, 80)
(67, 84)
(67, 85)
(67, 89)
(68, 99)
(68, 72)
(68, 83)
(68, 86)
(69, 87)
(70, 74)
(70, 75)
(70, 78)
(70, 88)
(71, 98)
(71, 79)
(71, 90)
(72, 83)
(72, 99)
(73, 74)
(73, 87)
(74, 78)
(74, 88)
(75, 82)
(75, 88)
(75, 91)
(76, 97)
(76, 91)
(77, 80)
(77, 84)
(77, 85)
(77, 89)
(78, 88)
(78, 89)
(79, 98)
(79, 80)
(79, 81)
(79, 90)
(80, 98)
(80, 81)
(80, 84)
(80, 89)
(80, 90)
(81, 90)
(82, 88)
(83, 99)
(84, 85)
(84, 89)
(84, 90)
(85, 89)
(86, 97)
(86, 99)
(86, 92)
(86, 93)
(90, 98)
(92, 97)
(92, 93)
(93, 97)
(93, 99)
(95, 96)
(95, 97)
