#Nodes
0
1
2
3
4
5
6
7
8
9
10
11
12
13
14
15
16
17
18
19
20
21
22
23
24
25
26
27
28
29
30
31
32
33
34
35
36
37
38
39
40
41
42
43
44
45
46
47
48
49
50
51
52
53
54
55
56
57
58
59
60
61
62
63
64
65
66
67
68
69
70
71
72
73
74
75
76
77
78
79
80
81
82
83
84
85
86
87
88
89
90
91
92
93
94
95
96
97
98
99
#Edges
(0, 37)
(0, 7)
(0, 72)
(0, 14)
(0, 40)
(0, 55)
(0, 5)
(1, 2)
(1, 36)
(1, 73)
(1, 78)
(1, 51)
(1, 30)
(1, 90)
(1, 62)
(2, 36)
(2, 73)
(2, 78)
(2, 51)
(2, 30)
(2, 90)
(2, 62)
(3, 65)
(3, 98)
(3, 31)
(3, 76)
(3, 86)
(3, 87)
(3, 91)
(3, 63)
(4, 64)
(4, 33)
(4, 34)
(4, 71)
(4, 9)
(4, 77)
(4, 16)
(4, 82)
(4, 20)
(4, 27)
(5, 37)
(5, 7)
(5, 40)
(5, 79)
(5, 18)
(5, 53)
(5, 55)
(5, 29)
(6, 33)
(6, 34)
(6, 71)
(6, 74)
(6, 75)
(6, 45)
(6, 16)
(6, 17)
(6, 42)
(6, 84)
(6, 21)
(6, 20)
(6, 57)
(6, 93)
(6, 39)
(7, 40)
(7, 18)
(7, 29)
(8, 37)
(8, 39)
(8, 79)
(8, 48)
(8, 83)
(8, 53)
(8, 55)
(8, 24)
(8, 92)
(8, 61)
(8, 94)
(9, 64)
(9, 35)
(9, 77)
(9, 13)
(9, 16)
(9, 17)
(9, 82)
(9, 19)
(9, 89)
(9, 27)
(10, 32)
(10, 17)
(10, 49)
(10, 42)
(10, 39)
(10, 45)
(10, 13)
(10, 81)
(10, 83)
(10, 93)
(10, 94)
(11, 97)
(11, 69)
(11, 70)
(11, 78)
(11, 85)
(11, 54)
(11, 58)
(11, 60)
(11, 62)
(12, 68)
(12, 47)
(12, 15)
(12, 48)
(12, 59)
(12, 28)
(13, 32)
(13, 34)
(13, 35)
(13, 17)
(13, 45)
(13, 77)
(13, 16)
(13, 81)
(13, 82)
(13, 89)
(13, 93)
(14, 68)
(14, 37)
(14, 72)
(14, 15)
(14, 53)
(14, 22)
(14, 55)
(14, 28)
(15, 68)
(15, 37)
(15, 72)
(15, 53)
(15, 22)
(15, 55)
(15, 28)
(16, 32)
(16, 33)
(16, 34)
(16, 71)
(16, 45)
(16, 77)
(16, 17)
(16, 82)
(16, 20)
(16, 27)
(16, 93)
(17, 32)
(17, 34)
(17, 35)
(17, 45)
(17, 77)
(17, 81)
(17, 82)
(17, 89)
(17, 93)
(18, 40)
(18, 46)
(18, 61)
(18, 24)
(18, 88)
(18, 79)
(18, 29)
(19, 64)
(19, 35)
(19, 36)
(19, 82)
(19, 89)
(20, 33)
(20, 34)
(20, 71)
(20, 74)
(20, 43)
(20, 45)
(20, 77)
(20, 25)
(20, 27)
(21, 96)
(21, 99)
(21, 39)
(21, 42)
(21, 75)
(21, 45)
(21, 83)
(21, 88)
(21, 57)
(21, 92)
(21, 93)
(22, 68)
(22, 72)
(22, 44)
(22, 28)
(23, 69)
(23, 70)
(23, 78)
(23, 49)
(23, 56)
(23, 89)
(23, 58)
(24, 37)
(24, 40)
(24, 79)
(24, 53)
(24, 55)
(24, 88)
(24, 92)
(24, 61)
(24, 94)
(25, 33)
(25, 67)
(25, 38)
(25, 71)
(25, 74)
(25, 43)
(25, 75)
(25, 84)
(26, 65)
(26, 66)
(26, 59)
(26, 63)
(26, 47)
(26, 80)
(26, 50)
(26, 41)
(26, 86)
(26, 87)
(26, 91)
(26, 95)
(27, 64)
(27, 33)
(27, 34)
(27, 35)
(27, 77)
(27, 82)
(28, 68)
(28, 37)
(28, 72)
(28, 47)
(28, 48)
(28, 53)
(28, 55)
(29, 37)
(29, 40)
(29, 46)
(29, 79)
(29, 53)
(30, 36)
(30, 73)
(30, 78)
(30, 51)
(30, 90)
(30, 62)
(31, 65)
(31, 66)
(31, 63)
(31, 80)
(31, 52)
(31, 85)
(31, 54)
(31, 87)
(31, 91)
(31, 95)
(32, 81)
(32, 39)
(32, 45)
(32, 49)
(32, 83)
(32, 89)
(32, 93)
(33, 34)
(33, 71)
(33, 74)
(33, 43)
(33, 45)
(33, 77)
(34, 71)
(34, 45)
(34, 77)
(34, 82)
(34, 93)
(35, 64)
(35, 77)
(35, 82)
(35, 89)
(36, 73)
(36, 78)
(36, 51)
(36, 90)
(37, 72)
(37, 79)
(37, 40)
(37, 53)
(37, 55)
(37, 61)
(38, 43)
(38, 74)
(38, 67)
(39, 42)
(39, 45)
(39, 81)
(39, 83)
(39, 92)
(39, 93)
(39, 94)
(40, 46)
(40, 79)
(40, 53)
(40, 55)
(40, 61)
(41, 65)
(41, 66)
(41, 59)
(41, 47)
(41, 80)
(41, 50)
(41, 56)
(41, 91)
(41, 95)
(42, 96)
(42, 99)
(42, 71)
(42, 45)
(42, 83)
(42, 57)
(42, 92)
(42, 93)
(42, 94)
(43, 67)
(43, 71)
(43, 74)
(43, 75)
(43, 84)
(44, 68)
(44, 86)
(45, 71)
(45, 75)
(45, 81)
(45, 83)
(45, 84)
(45, 57)
(45, 93)
(46, 61)
(46, 88)
(46, 79)
(47, 68)
(47, 48)
(47, 86)
(47, 59)
(48, 94)
(49, 69)
(49, 81)
(49, 50)
(49, 56)
(49, 89)
(49, 58)
(50, 65)
(50, 66)
(50, 69)
(50, 70)
(50, 80)
(50, 85)
(50, 54)
(50, 56)
(50, 58)
(50, 95)
(51, 73)
(51, 78)
(51, 90)
(51, 62)
(52, 65)
(52, 66)
(52, 63)
(52, 80)
(52, 85)
(52, 54)
(52, 87)
(52, 91)
(52, 95)
(53, 72)
(53, 79)
(53, 55)
(53, 61)
(54, 65)
(54, 66)
(54, 80)
(54, 85)
(54, 87)
(54, 91)
(54, 95)
(55, 72)
(55, 79)
(55, 61)
(56, 66)
(56, 69)
(56, 70)
(56, 58)
(56, 95)
(57, 96)
(57, 99)
(57, 71)
(57, 74)
(57, 75)
(57, 67)
(57, 84)
(58, 69)
(58, 70)
(58, 78)
(58, 89)
(58, 60)
(59, 65)
(59, 86)
(59, 95)
(60, 97)
(60, 69)
(60, 70)
(60, 73)
(60, 78)
(60, 85)
(60, 62)
(61, 79)
(61, 88)
(61, 92)
(61, 94)
(62, 97)
(62, 73)
(62, 78)
(62, 90)
(63, 65)
(63, 76)
(63, 80)
(63, 86)
(63, 87)
(63, 91)
(63, 95)
(64, 77)
(64, 82)
(65, 66)
(65, 80)
(65, 87)
(65, 91)
(65, 95)
(66, 80)
(66, 85)
(66, 87)
(66, 91)
(66, 95)
(67, 71)
(67, 74)
(67, 75)
(67, 84)
(68, 72)
(69, 70)
(69, 85)
(69, 89)
(70, 97)
(70, 78)
(70, 85)
(70, 89)
(71, 74)
(71, 75)
(71, 84)
(71, 93)
(73, 97)
(73, 78)
(73, 90)
(74, 75)
(74, 84)
(75, 96)
(75, 99)
(75, 84)
(76, 98)
(77, 82)
(77, 89)
(78, 97)
(78, 90)
(79, 88)
(79, 92)
(79, 94)
(80, 95)
(80, 87)
(80, 91)
(81, 83)
(81, 93)
(81, 94)
(82, 89)
(83, 92)
(83, 93)
(83, 94)
(84, 96)
(84, 99)
(85, 97)
(86, 87)
(87, 95)
(87, 91)
(88, 96)
(88, 99)
(88, 92)
(91, 95)
(92, 96)
(92, 99)
(92, 94)
(96, 99)
