#Nodes
0
1
2
3
4
5
6
7
8
9
10
11
12
13
14
15
16
17
18
19
20
21
22
23
24
25
26
27
28
29
30
31
32
33
34
35
36
37
38
39
40
41
42
43
44
45
46
47
48
49
50
51
52
53
54
55
56
57
58
59
60
61
62
63
64
65
66
67
68
69
70
71
72
73
74
75
76
77
78
79
80
81
82
83
84
85
86
87
88
89
90
91
92
93
94
95
96
97
98
99
#Edges
(0, 65)
(0, 39)
(0, 72)
(0, 9)
(0, 42)
(0, 13)
(0, 16)
(0, 51)
(0, 84)
(0, 23)
(0, 91)
(1, 97)
(1, 70)
(1, 40)
(1, 44)
(1, 18)
(1, 54)
(1, 58)
(1, 30)
(2, 96)
(2, 19)
(2, 34)
(2, 67)
(2, 5)
(2, 38)
(2, 43)
(2, 12)
(2, 77)
(2, 46)
(2, 83)
(2, 52)
(2, 85)
(2, 88)
(2, 20)
(2, 90)
(2, 92)
(2, 21)
(3, 64)
(3, 98)
(3, 73)
(3, 66)
(3, 53)
(3, 87)
(3, 26)
(3, 61)
(4, 91)
(4, 39)
(5, 19)
(5, 34)
(5, 67)
(5, 68)
(5, 62)
(5, 80)
(5, 81)
(5, 83)
(5, 52)
(5, 85)
(5, 88)
(5, 89)
(5, 90)
(5, 27)
(5, 94)
(5, 21)
(6, 32)
(6, 35)
(6, 86)
(6, 82)
(6, 54)
(6, 57)
(6, 28)
(6, 31)
(7, 48)
(7, 99)
(7, 14)
(8, 33)
(8, 37)
(8, 74)
(8, 11)
(8, 48)
(8, 93)
(8, 63)
(9, 65)
(9, 37)
(9, 33)
(9, 72)
(9, 42)
(9, 11)
(9, 16)
(9, 51)
(9, 84)
(9, 23)
(9, 93)
(10, 91)
(10, 41)
(10, 13)
(10, 47)
(10, 25)
(10, 59)
(10, 60)
(11, 65)
(11, 37)
(11, 33)
(11, 72)
(11, 74)
(11, 51)
(11, 84)
(11, 23)
(11, 89)
(11, 93)
(12, 45)
(12, 67)
(12, 38)
(12, 74)
(12, 43)
(12, 77)
(12, 46)
(12, 79)
(12, 34)
(12, 49)
(12, 19)
(12, 52)
(12, 85)
(12, 88)
(12, 20)
(12, 90)
(13, 65)
(13, 59)
(13, 41)
(13, 42)
(13, 16)
(13, 50)
(13, 84)
(13, 23)
(13, 25)
(13, 91)
(14, 48)
(14, 99)
(15, 17)
(15, 71)
(15, 47)
(15, 80)
(15, 81)
(15, 50)
(15, 94)
(15, 22)
(15, 55)
(15, 27)
(15, 62)
(16, 65)
(16, 39)
(16, 72)
(16, 42)
(16, 51)
(16, 84)
(16, 23)
(17, 71)
(17, 80)
(17, 81)
(17, 22)
(17, 55)
(17, 27)
(17, 94)
(18, 97)
(18, 70)
(18, 71)
(18, 40)
(18, 78)
(18, 54)
(18, 58)
(19, 34)
(19, 67)
(19, 68)
(19, 43)
(19, 77)
(19, 81)
(19, 83)
(19, 52)
(19, 85)
(19, 88)
(19, 20)
(19, 90)
(19, 27)
(19, 62)
(19, 21)
(20, 34)
(20, 67)
(20, 68)
(20, 38)
(20, 74)
(20, 43)
(20, 77)
(20, 46)
(20, 79)
(20, 52)
(20, 85)
(20, 88)
(20, 89)
(20, 90)
(20, 63)
(21, 34)
(21, 67)
(21, 68)
(21, 80)
(21, 81)
(21, 83)
(21, 52)
(21, 85)
(21, 88)
(21, 90)
(21, 27)
(21, 28)
(21, 62)
(22, 97)
(22, 70)
(22, 71)
(22, 78)
(22, 47)
(22, 80)
(22, 55)
(23, 65)
(23, 72)
(23, 42)
(23, 50)
(23, 51)
(23, 84)
(24, 58)
(24, 44)
(24, 30)
(24, 54)
(25, 41)
(25, 47)
(25, 59)
(25, 60)
(26, 64)
(26, 98)
(26, 73)
(26, 66)
(26, 53)
(26, 87)
(26, 56)
(26, 61)
(27, 34)
(27, 67)
(27, 68)
(27, 62)
(27, 80)
(27, 81)
(27, 50)
(27, 83)
(27, 85)
(27, 88)
(27, 89)
(27, 90)
(27, 94)
(28, 35)
(28, 83)
(28, 86)
(28, 56)
(28, 57)
(29, 36)
(29, 38)
(29, 75)
(29, 76)
(29, 45)
(29, 46)
(29, 79)
(29, 49)
(30, 40)
(30, 44)
(30, 54)
(30, 58)
(31, 32)
(31, 35)
(31, 86)
(31, 44)
(31, 82)
(31, 54)
(31, 57)
(31, 58)
(32, 35)
(32, 86)
(32, 44)
(32, 82)
(32, 54)
(32, 57)
(32, 58)
(33, 65)
(33, 37)
(33, 72)
(33, 51)
(33, 93)
(34, 67)
(34, 68)
(34, 74)
(34, 62)
(34, 81)
(34, 83)
(34, 52)
(34, 85)
(34, 88)
(34, 89)
(34, 90)
(34, 94)
(35, 82)
(35, 86)
(35, 87)
(35, 56)
(35, 57)
(35, 61)
(36, 38)
(36, 75)
(36, 76)
(36, 45)
(36, 46)
(36, 79)
(36, 49)
(36, 95)
(37, 65)
(37, 72)
(37, 51)
(37, 93)
(38, 45)
(38, 67)
(38, 75)
(38, 76)
(38, 77)
(38, 46)
(38, 79)
(38, 49)
(38, 52)
(38, 43)
(39, 42)
(39, 91)
(40, 97)
(40, 70)
(40, 44)
(40, 54)
(40, 58)
(41, 91)
(41, 59)
(41, 60)
(42, 65)
(42, 72)
(42, 51)
(42, 84)
(42, 93)
(43, 96)
(43, 67)
(43, 75)
(43, 77)
(43, 46)
(43, 83)
(43, 52)
(43, 88)
(43, 92)
(44, 86)
(44, 82)
(44, 54)
(44, 58)
(45, 76)
(45, 46)
(45, 79)
(45, 49)
(46, 75)
(46, 76)
(46, 77)
(46, 79)
(46, 49)
(46, 52)
(47, 97)
(47, 70)
(47, 78)
(47, 55)
(47, 60)
(48, 99)
(48, 63)
(49, 76)
(49, 75)
(49, 79)
(50, 65)
(50, 68)
(50, 80)
(50, 81)
(50, 84)
(50, 62)
(50, 55)
(50, 94)
(51, 65)
(51, 72)
(51, 84)
(51, 93)
(52, 67)
(52, 68)
(52, 77)
(52, 83)
(52, 85)
(52, 88)
(52, 90)
(53, 96)
(53, 64)
(53, 98)
(53, 69)
(53, 73)
(53, 66)
(53, 92)
(53, 95)
(54, 82)
(54, 86)
(54, 58)
(55, 70)
(55, 71)
(55, 78)
(55, 80)
(55, 81)
(55, 94)
(56, 87)
(56, 57)
(56, 92)
(56, 61)
(57, 82)
(57, 86)
(58, 82)
(59, 91)
(59, 60)
(60, 78)
(61, 87)
(62, 67)
(62, 68)
(62, 80)
(62, 81)
(62, 83)
(62, 85)
(62, 88)
(62, 89)
(62, 90)
(62, 94)
(63, 74)
(63, 79)
(63, 89)
(64, 98)
(64, 69)
(64, 73)
(64, 66)
(65, 72)
(65, 84)
(65, 93)
(66, 98)
(66, 69)
(66, 73)
(66, 95)
(67, 68)
(67, 77)
(67, 83)
(67, 85)
(67, 88)
(67, 90)
(67, 92)
(68, 74)
(68, 81)
(68, 85)
(68, 88)
(68, 89)
(68, 90)
(68, 94)
(69, 98)
(69, 73)
(69, 75)
(69, 76)
(69, 95)
(70, 97)
(70, 71)
(70, 78)
(71, 80)
(72, 84)
(72, 93)
(73, 98)
(73, 95)
(74, 85)
(74, 88)
(74, 89)
(75, 96)
(75, 76)
(75, 77)
(75, 95)
(76, 95)
(77, 96)
(77, 83)
(77, 88)
(77, 90)
(77, 92)
(78, 97)
(80, 81)
(80, 94)
(81, 83)
(81, 85)
(81, 90)
(81, 94)
(82, 86)
(83, 96)
(83, 88)
(83, 90)
(83, 92)
(84, 94)
(85, 88)
(85, 89)
(85, 90)
(85, 94)
(88, 89)
(88, 90)
(89, 90)
(92, 96)
(92, 98)
(95, 98)
(96, 98)
