#Nodes
0
1
2
3
4
5
6
7
8
9
10
11
12
13
14
15
16
17
18
19
20
21
22
23
24
25
26
27
28
29
30
31
32
33
34
35
36
37
38
39
40
41
42
43
44
45
46
47
48
49
50
51
52
53
54
55
56
57
58
59
60
61
62
63
64
65
66
67
68
69
70
71
72
73
74
75
76
77
78
79
80
81
82
83
84
85
86
87
88
89
90
91
92
93
94
95
96
97
98
99
#Edges
(0, 64)
(0, 69)
(0, 71)
(0, 9)
(0, 43)
(0, 77)
(0, 46)
(1, 97)
(1, 67)
(1, 37)
(1, 7)
(1, 8)
(1, 60)
(1, 74)
(1, 75)
(1, 44)
(1, 17)
(1, 92)
(1, 29)
(1, 31)
(2, 96)
(2, 65)
(2, 10)
(2, 23)
(2, 12)
(2, 55)
(2, 28)
(2, 93)
(2, 95)
(3, 70)
(3, 38)
(3, 15)
(3, 18)
(3, 52)
(3, 21)
(3, 91)
(3, 63)
(4, 67)
(4, 37)
(4, 7)
(4, 75)
(4, 44)
(4, 79)
(4, 16)
(4, 17)
(4, 54)
(4, 57)
(4, 22)
(4, 92)
(4, 31)
(5, 73)
(5, 13)
(5, 45)
(5, 87)
(6, 96)
(6, 64)
(6, 69)
(6, 72)
(6, 43)
(6, 47)
(6, 49)
(6, 53)
(6, 23)
(6, 24)
(6, 58)
(6, 93)
(6, 95)
(7, 67)
(7, 37)
(7, 75)
(7, 44)
(7, 79)
(7, 16)
(7, 17)
(7, 22)
(7, 27)
(7, 92)
(7, 31)
(8, 19)
(8, 37)
(8, 74)
(8, 44)
(8, 78)
(8, 29)
(8, 17)
(8, 83)
(8, 53)
(8, 22)
(8, 24)
(8, 57)
(8, 58)
(8, 92)
(8, 61)
(8, 31)
(9, 64)
(9, 69)
(9, 71)
(9, 43)
(9, 77)
(9, 46)
(9, 47)
(10, 96)
(10, 55)
(10, 12)
(10, 23)
(10, 28)
(10, 93)
(11, 32)
(11, 41)
(11, 20)
(11, 21)
(11, 55)
(11, 28)
(11, 30)
(12, 96)
(12, 48)
(12, 23)
(12, 28)
(12, 93)
(13, 66)
(13, 68)
(13, 73)
(13, 45)
(13, 82)
(13, 84)
(13, 87)
(13, 56)
(14, 65)
(14, 98)
(14, 99)
(14, 33)
(14, 76)
(14, 80)
(14, 50)
(14, 89)
(14, 62)
(15, 33)
(15, 99)
(15, 38)
(15, 70)
(15, 76)
(15, 81)
(15, 18)
(15, 52)
(15, 30)
(15, 89)
(15, 91)
(15, 62)
(15, 63)
(16, 54)
(16, 31)
(16, 74)
(16, 44)
(16, 79)
(16, 17)
(16, 51)
(16, 86)
(16, 57)
(16, 22)
(16, 59)
(16, 92)
(16, 29)
(16, 94)
(16, 37)
(17, 67)
(17, 37)
(17, 74)
(17, 75)
(17, 44)
(17, 79)
(17, 22)
(17, 57)
(17, 92)
(17, 29)
(17, 31)
(18, 33)
(18, 99)
(18, 38)
(18, 70)
(18, 76)
(18, 81)
(18, 35)
(18, 25)
(18, 89)
(18, 90)
(18, 91)
(18, 62)
(18, 63)
(19, 98)
(19, 72)
(19, 74)
(19, 78)
(19, 29)
(19, 49)
(19, 83)
(19, 53)
(19, 24)
(19, 57)
(19, 58)
(19, 31)
(19, 61)
(19, 95)
(20, 32)
(20, 99)
(20, 41)
(20, 80)
(20, 30)
(20, 55)
(20, 62)
(20, 21)
(21, 32)
(21, 41)
(21, 52)
(21, 91)
(21, 30)
(22, 37)
(22, 39)
(22, 74)
(22, 44)
(22, 79)
(22, 83)
(22, 85)
(22, 54)
(22, 57)
(22, 59)
(22, 92)
(22, 29)
(22, 94)
(22, 31)
(23, 96)
(23, 72)
(23, 49)
(23, 93)
(23, 95)
(24, 64)
(24, 98)
(24, 72)
(24, 43)
(24, 78)
(24, 49)
(24, 83)
(24, 53)
(24, 58)
(24, 61)
(24, 95)
(25, 33)
(25, 34)
(25, 35)
(25, 36)
(25, 42)
(25, 76)
(25, 81)
(25, 90)
(25, 63)
(26, 97)
(26, 36)
(26, 42)
(26, 50)
(26, 68)
(26, 60)
(27, 88)
(27, 40)
(27, 67)
(27, 75)
(28, 96)
(28, 55)
(28, 93)
(29, 37)
(29, 39)
(29, 74)
(29, 44)
(29, 79)
(29, 83)
(29, 85)
(29, 54)
(29, 57)
(29, 58)
(29, 59)
(29, 92)
(29, 61)
(29, 31)
(30, 32)
(30, 99)
(30, 38)
(30, 70)
(30, 41)
(30, 76)
(30, 80)
(30, 52)
(30, 55)
(30, 89)
(30, 62)
(31, 37)
(31, 74)
(31, 44)
(31, 79)
(31, 83)
(31, 54)
(31, 57)
(31, 59)
(31, 92)
(31, 61)
(32, 41)
(32, 52)
(32, 55)
(33, 99)
(33, 38)
(33, 42)
(33, 76)
(33, 80)
(33, 81)
(33, 35)
(33, 89)
(33, 90)
(33, 62)
(33, 63)
(34, 66)
(34, 35)
(34, 36)
(34, 42)
(34, 81)
(34, 82)
(34, 84)
(34, 56)
(34, 90)
(35, 99)
(35, 36)
(35, 42)
(35, 76)
(35, 81)
(35, 50)
(35, 89)
(35, 90)
(35, 63)
(36, 97)
(36, 66)
(36, 68)
(36, 42)
(36, 50)
(36, 84)
(36, 56)
(36, 60)
(37, 97)
(37, 67)
(37, 74)
(37, 75)
(37, 44)
(37, 79)
(37, 57)
(37, 92)
(38, 99)
(38, 70)
(38, 76)
(38, 81)
(38, 52)
(38, 89)
(38, 91)
(38, 62)
(38, 63)
(39, 71)
(39, 74)
(39, 77)
(39, 46)
(39, 83)
(39, 85)
(39, 54)
(39, 57)
(39, 59)
(39, 94)
(40, 88)
(40, 67)
(40, 75)
(41, 55)
(41, 52)
(41, 62)
(42, 76)
(42, 81)
(42, 50)
(42, 90)
(43, 64)
(43, 69)
(43, 71)
(43, 77)
(43, 46)
(43, 49)
(43, 53)
(43, 58)
(43, 95)
(44, 67)
(44, 74)
(44, 75)
(44, 79)
(44, 57)
(44, 92)
(45, 66)
(45, 68)
(45, 73)
(45, 87)
(45, 56)
(46, 64)
(46, 69)
(46, 71)
(46, 77)
(46, 85)
(47, 48)
(47, 69)
(48, 69)
(49, 64)
(49, 65)
(49, 72)
(49, 78)
(49, 61)
(49, 53)
(49, 58)
(49, 93)
(49, 95)
(50, 98)
(50, 76)
(50, 80)
(50, 89)
(50, 60)
(51, 86)
(51, 85)
(51, 54)
(51, 59)
(51, 94)
(52, 70)
(52, 91)
(53, 64)
(53, 98)
(53, 72)
(53, 78)
(53, 83)
(53, 58)
(53, 61)
(53, 95)
(54, 74)
(54, 79)
(54, 83)
(54, 85)
(54, 57)
(54, 59)
(54, 92)
(54, 94)
(56, 66)
(56, 68)
(56, 82)
(56, 84)
(56, 87)
(57, 74)
(57, 79)
(57, 83)
(57, 85)
(57, 58)
(57, 59)
(57, 92)
(57, 61)
(58, 64)
(58, 72)
(58, 74)
(58, 78)
(58, 83)
(58, 61)
(58, 95)
(59, 71)
(59, 74)
(59, 77)
(59, 83)
(59, 85)
(59, 92)
(59, 94)
(60, 97)
(61, 98)
(61, 72)
(61, 74)
(61, 78)
(61, 83)
(61, 92)
(62, 99)
(62, 70)
(62, 76)
(62, 80)
(62, 89)
(62, 63)
(63, 99)
(63, 70)
(63, 76)
(63, 81)
(63, 89)
(63, 90)
(63, 91)
(64, 69)
(64, 71)
(64, 77)
(65, 98)
(65, 72)
(65, 78)
(65, 80)
(65, 93)
(65, 95)
(66, 68)
(66, 73)
(66, 82)
(66, 84)
(66, 87)
(67, 75)
(67, 79)
(67, 88)
(68, 97)
(68, 87)
(68, 88)
(70, 99)
(70, 91)
(71, 77)
(71, 85)
(72, 98)
(72, 78)
(72, 93)
(72, 95)
(73, 87)
(74, 78)
(74, 79)
(74, 83)
(74, 92)
(75, 97)
(75, 88)
(76, 99)
(76, 80)
(76, 81)
(76, 89)
(76, 90)
(77, 85)
(78, 98)
(78, 95)
(79, 92)
(80, 99)
(80, 89)
(81, 99)
(81, 90)
(82, 84)
(82, 87)
(83, 85)
(83, 92)
(85, 94)
(87, 88)
(88, 97)
(89, 99)
(90, 99)
(93, 96)
(93, 95)
(95, 96)
(95, 98)
