#Nodes
0
1
2
3
4
5
6
7
8
9
10
11
12
13
14
15
16
17
18
19
20
21
22
23
24
25
26
27
28
29
30
31
32
33
34
35
36
37
38
39
40
41
42
43
44
45
46
47
48
49
50
51
52
53
54
55
56
57
58
59
60
61
62
63
64
65
66
67
68
69
70
71
72
73
74
75
76
77
78
79
80
81
82
83
84
85
86
87
88
89
90
91
92
93
94
95
96
97
98
99
#Edges
(0, 96)
(0, 65)
(0, 43)
(0, 36)
(0, 37)
(0, 33)
(0, 8)
(0, 75)
(0, 3)
(0, 20)
(0, 32)
(0, 87)
(0, 7)
(1, 67)
(1, 30)
(1, 23)
(1, 15)
(1, 17)
(1, 50)
(1, 99)
(1, 25)
(1, 85)
(1, 55)
(1, 88)
(1, 89)
(1, 59)
(1, 94)
(2, 74)
(2, 21)
(2, 58)
(2, 54)
(2, 71)
(3, 96)
(3, 33)
(3, 36)
(3, 37)
(3, 32)
(3, 43)
(3, 49)
(3, 87)
(3, 7)
(3, 57)
(3, 60)
(3, 31)
(4, 96)
(4, 65)
(4, 5)
(4, 38)
(4, 32)
(4, 42)
(4, 13)
(4, 46)
(4, 19)
(4, 20)
(4, 78)
(5, 38)
(5, 42)
(5, 13)
(5, 46)
(5, 19)
(6, 67)
(6, 17)
(6, 76)
(6, 78)
(6, 81)
(6, 82)
(6, 52)
(6, 30)
(6, 22)
(6, 25)
(6, 89)
(6, 59)
(6, 94)
(6, 63)
(7, 96)
(7, 33)
(7, 43)
(7, 36)
(7, 37)
(7, 32)
(7, 72)
(7, 75)
(7, 79)
(7, 49)
(7, 8)
(7, 87)
(7, 57)
(7, 60)
(7, 31)
(8, 37)
(8, 72)
(8, 43)
(8, 45)
(8, 79)
(8, 57)
(9, 66)
(9, 70)
(9, 72)
(9, 41)
(9, 12)
(9, 79)
(9, 16)
(9, 49)
(9, 83)
(9, 40)
(9, 90)
(9, 26)
(10, 27)
(10, 29)
(10, 85)
(10, 39)
(11, 97)
(11, 35)
(11, 69)
(11, 76)
(11, 77)
(11, 14)
(11, 16)
(11, 81)
(11, 51)
(11, 22)
(11, 60)
(11, 31)
(12, 66)
(12, 72)
(12, 41)
(12, 45)
(12, 79)
(12, 80)
(12, 49)
(12, 40)
(12, 57)
(12, 90)
(12, 47)
(12, 26)
(13, 38)
(13, 46)
(13, 82)
(13, 19)
(13, 52)
(13, 78)
(14, 97)
(14, 35)
(14, 69)
(14, 73)
(14, 76)
(14, 77)
(14, 18)
(14, 51)
(14, 84)
(14, 22)
(15, 67)
(15, 23)
(15, 52)
(15, 30)
(15, 25)
(15, 88)
(15, 89)
(15, 59)
(15, 94)
(15, 63)
(16, 34)
(16, 70)
(16, 40)
(16, 77)
(16, 83)
(16, 90)
(16, 31)
(17, 18)
(17, 67)
(17, 50)
(17, 82)
(17, 51)
(17, 25)
(17, 30)
(17, 55)
(17, 88)
(17, 89)
(17, 59)
(17, 94)
(18, 97)
(18, 35)
(18, 73)
(18, 76)
(18, 50)
(18, 51)
(18, 84)
(18, 22)
(19, 96)
(19, 65)
(19, 38)
(19, 32)
(19, 42)
(19, 46)
(19, 20)
(19, 78)
(20, 96)
(20, 65)
(20, 33)
(20, 32)
(20, 42)
(20, 75)
(21, 71)
(21, 74)
(21, 44)
(21, 48)
(21, 54)
(21, 56)
(21, 58)
(21, 91)
(21, 62)
(22, 97)
(22, 69)
(22, 76)
(22, 78)
(22, 81)
(22, 82)
(22, 51)
(22, 60)
(22, 31)
(23, 67)
(23, 52)
(23, 30)
(23, 25)
(23, 88)
(23, 89)
(23, 59)
(23, 94)
(23, 63)
(24, 64)
(24, 98)
(24, 68)
(24, 28)
(24, 86)
(24, 92)
(24, 93)
(25, 67)
(25, 52)
(25, 30)
(25, 55)
(25, 88)
(25, 89)
(25, 59)
(25, 94)
(25, 63)
(26, 66)
(26, 72)
(26, 41)
(26, 43)
(26, 45)
(26, 79)
(26, 80)
(26, 49)
(26, 40)
(26, 57)
(26, 47)
(27, 99)
(27, 39)
(27, 29)
(27, 85)
(27, 61)
(27, 95)
(28, 64)
(28, 98)
(28, 68)
(28, 54)
(28, 73)
(28, 74)
(28, 86)
(28, 56)
(28, 91)
(28, 93)
(29, 99)
(29, 39)
(29, 85)
(29, 61)
(30, 67)
(30, 82)
(30, 52)
(30, 88)
(30, 89)
(30, 59)
(30, 94)
(30, 63)
(31, 96)
(31, 97)
(31, 36)
(31, 69)
(31, 32)
(31, 76)
(31, 77)
(31, 81)
(31, 87)
(31, 60)
(31, 37)
(32, 96)
(32, 65)
(32, 36)
(32, 37)
(32, 33)
(32, 42)
(32, 78)
(32, 81)
(32, 87)
(32, 60)
(33, 96)
(33, 65)
(33, 36)
(33, 37)
(33, 42)
(33, 75)
(33, 87)
(33, 60)
(34, 70)
(34, 77)
(34, 48)
(34, 83)
(34, 53)
(34, 90)
(34, 62)
(35, 97)
(35, 98)
(35, 69)
(35, 73)
(35, 51)
(35, 84)
(35, 86)
(35, 91)
(36, 96)
(36, 37)
(36, 49)
(36, 87)
(36, 57)
(36, 60)
(37, 96)
(37, 65)
(37, 43)
(37, 75)
(37, 49)
(37, 87)
(37, 57)
(37, 60)
(38, 42)
(38, 46)
(38, 78)
(39, 99)
(39, 85)
(39, 55)
(39, 61)
(39, 95)
(40, 66)
(40, 70)
(40, 72)
(40, 41)
(40, 49)
(40, 83)
(40, 90)
(41, 66)
(41, 72)
(41, 45)
(41, 79)
(41, 80)
(41, 49)
(41, 57)
(41, 47)
(42, 96)
(42, 65)
(42, 78)
(42, 81)
(43, 72)
(43, 45)
(43, 79)
(43, 49)
(43, 87)
(43, 57)
(44, 71)
(44, 48)
(44, 83)
(44, 53)
(44, 56)
(44, 58)
(44, 62)
(45, 72)
(45, 47)
(45, 80)
(45, 49)
(45, 57)
(45, 79)
(47, 66)
(47, 72)
(47, 79)
(47, 80)
(47, 49)
(48, 71)
(48, 83)
(48, 53)
(48, 56)
(48, 58)
(48, 62)
(49, 66)
(49, 72)
(49, 79)
(49, 87)
(49, 57)
(50, 99)
(50, 51)
(50, 84)
(50, 55)
(50, 88)
(51, 97)
(51, 69)
(51, 73)
(51, 76)
(51, 84)
(52, 67)
(52, 82)
(52, 88)
(52, 89)
(52, 59)
(52, 94)
(52, 63)
(53, 70)
(53, 83)
(53, 58)
(53, 90)
(53, 62)
(54, 98)
(54, 68)
(54, 74)
(54, 86)
(54, 56)
(54, 91)
(54, 62)
(55, 99)
(55, 85)
(55, 88)
(55, 89)
(56, 74)
(56, 58)
(56, 91)
(56, 62)
(57, 72)
(57, 79)
(57, 87)
(58, 71)
(58, 62)
(59, 67)
(59, 82)
(59, 88)
(59, 89)
(59, 94)
(59, 63)
(60, 96)
(60, 97)
(60, 69)
(60, 76)
(60, 81)
(60, 87)
(61, 99)
(61, 85)
(61, 95)
(62, 74)
(62, 83)
(62, 91)
(63, 67)
(63, 82)
(63, 88)
(63, 89)
(63, 94)
(64, 98)
(64, 73)
(64, 84)
(64, 86)
(64, 92)
(64, 93)
(65, 96)
(65, 75)
(66, 70)
(66, 90)
(67, 78)
(67, 82)
(67, 88)
(67, 89)
(67, 94)
(68, 74)
(68, 93)
(69, 97)
(69, 76)
(69, 77)
(69, 81)
(70, 77)
(70, 83)
(70, 90)
(72, 79)
(72, 80)
(73, 98)
(73, 84)
(73, 86)
(73, 91)
(74, 98)
(74, 86)
(74, 91)
(75, 96)
(76, 97)
(76, 78)
(76, 81)
(76, 82)
(77, 83)
(78, 81)
(78, 82)
(79, 80)
(81, 96)
(81, 97)
(81, 82)
(82, 89)
(82, 94)
(83, 90)
(84, 98)
(84, 86)
(85, 99)
(85, 88)
(86, 98)
(86, 92)
(86, 91)
(86, 93)
(87, 96)
(88, 99)
(88, 89)
(88, 94)
(89, 94)
(91, 98)
(92, 93)
(92, 95)
