#Nodes
0
1
2
3
4
5
6
7
8
9
10
11
12
13
14
15
16
17
18
19
20
21
22
23
24
25
26
27
28
29
30
31
32
33
34
35
36
37
38
39
40
41
42
43
44
45
46
47
48
49
50
51
52
53
54
55
56
57
58
59
60
61
62
63
64
65
66
67
68
69
70
71
72
73
74
75
76
77
78
79
80
81
82
83
84
85
86
87
88
89
90
91
92
93
94
95
96
97
98
99
#Edges
(0, 39)
(0, 45)
(0, 77)
(0, 84)
(0, 23)
(0, 24)
(0, 79)
(0, 92)
(1, 97)
(1, 2)
(1, 70)
(1, 38)
(1, 73)
(1, 75)
(1, 76)
(1, 26)
(2, 97)
(2, 98)
(2, 38)
(2, 70)
(2, 44)
(2, 75)
(2, 76)
(2, 54)
(2, 55)
(2, 28)
(3, 51)
(3, 43)
(3, 4)
(3, 6)
(3, 87)
(3, 18)
(3, 78)
(3, 50)
(3, 83)
(3, 22)
(3, 55)
(3, 25)
(3, 59)
(3, 61)
(4, 51)
(4, 43)
(4, 6)
(4, 87)
(4, 18)
(4, 78)
(4, 50)
(4, 83)
(4, 22)
(4, 55)
(4, 25)
(4, 59)
(5, 44)
(5, 67)
(5, 68)
(5, 69)
(5, 12)
(6, 68)
(6, 69)
(6, 43)
(6, 12)
(6, 50)
(6, 54)
(6, 25)
(6, 22)
(6, 59)
(7, 96)
(7, 32)
(7, 34)
(7, 99)
(7, 15)
(7, 16)
(7, 20)
(7, 62)
(7, 88)
(7, 27)
(7, 93)
(7, 94)
(7, 21)
(8, 71)
(8, 77)
(8, 14)
(8, 81)
(8, 18)
(8, 51)
(8, 52)
(8, 23)
(8, 56)
(8, 60)
(9, 33)
(9, 81)
(9, 18)
(9, 84)
(9, 85)
(9, 23)
(10, 96)
(10, 99)
(10, 36)
(10, 13)
(10, 46)
(10, 56)
(10, 35)
(10, 53)
(10, 88)
(10, 58)
(10, 29)
(11, 64)
(11, 65)
(11, 27)
(11, 72)
(11, 13)
(11, 78)
(11, 19)
(11, 14)
(11, 86)
(11, 56)
(11, 90)
(11, 91)
(11, 61)
(11, 30)
(11, 63)
(12, 68)
(12, 69)
(12, 43)
(12, 50)
(12, 22)
(12, 54)
(13, 34)
(13, 27)
(13, 36)
(13, 72)
(13, 14)
(13, 56)
(13, 19)
(13, 52)
(13, 53)
(13, 86)
(13, 88)
(13, 91)
(13, 29)
(14, 65)
(14, 71)
(14, 72)
(14, 18)
(14, 51)
(14, 52)
(14, 53)
(14, 86)
(14, 56)
(14, 91)
(14, 29)
(15, 96)
(15, 32)
(15, 34)
(15, 99)
(15, 16)
(15, 35)
(15, 94)
(15, 88)
(15, 62)
(15, 21)
(16, 96)
(16, 32)
(16, 34)
(16, 99)
(16, 20)
(16, 94)
(16, 27)
(16, 93)
(16, 62)
(16, 21)
(17, 96)
(17, 80)
(17, 58)
(17, 35)
(17, 46)
(18, 51)
(18, 33)
(18, 23)
(18, 78)
(18, 81)
(18, 83)
(18, 52)
(18, 85)
(18, 87)
(18, 25)
(18, 60)
(19, 64)
(19, 65)
(19, 66)
(19, 27)
(19, 32)
(19, 72)
(19, 34)
(19, 49)
(19, 20)
(19, 86)
(19, 88)
(19, 91)
(19, 30)
(19, 63)
(20, 64)
(20, 32)
(20, 66)
(20, 37)
(20, 74)
(20, 34)
(20, 49)
(20, 89)
(20, 27)
(20, 93)
(20, 30)
(21, 96)
(21, 32)
(21, 34)
(21, 99)
(21, 94)
(21, 93)
(21, 62)
(22, 68)
(22, 69)
(22, 43)
(22, 50)
(22, 54)
(22, 55)
(22, 25)
(22, 59)
(23, 33)
(23, 71)
(23, 39)
(23, 77)
(23, 81)
(23, 84)
(23, 85)
(23, 60)
(24, 39)
(24, 92)
(24, 77)
(24, 71)
(25, 51)
(25, 43)
(25, 33)
(25, 87)
(25, 50)
(25, 83)
(25, 55)
(25, 59)
(26, 97)
(26, 73)
(26, 75)
(26, 76)
(26, 47)
(26, 31)
(26, 95)
(27, 64)
(27, 32)
(27, 66)
(27, 72)
(27, 34)
(27, 49)
(27, 86)
(27, 88)
(27, 91)
(27, 30)
(27, 63)
(28, 97)
(28, 98)
(28, 43)
(28, 38)
(28, 70)
(28, 41)
(28, 55)
(28, 78)
(28, 50)
(28, 83)
(28, 54)
(28, 87)
(28, 90)
(28, 61)
(29, 96)
(29, 34)
(29, 99)
(29, 36)
(29, 72)
(29, 46)
(29, 56)
(29, 35)
(29, 53)
(29, 88)
(29, 91)
(30, 64)
(30, 65)
(30, 66)
(30, 32)
(30, 72)
(30, 34)
(30, 49)
(30, 86)
(30, 91)
(30, 63)
(31, 64)
(31, 66)
(31, 73)
(31, 74)
(31, 76)
(31, 47)
(31, 49)
(31, 57)
(31, 89)
(31, 95)
(32, 34)
(32, 99)
(32, 88)
(32, 91)
(32, 93)
(32, 62)
(33, 81)
(33, 51)
(33, 85)
(33, 59)
(34, 96)
(34, 99)
(34, 36)
(34, 35)
(34, 88)
(34, 93)
(34, 62)
(35, 96)
(35, 99)
(35, 36)
(35, 46)
(35, 80)
(35, 53)
(35, 88)
(35, 58)
(35, 62)
(36, 96)
(36, 99)
(36, 72)
(36, 46)
(36, 56)
(36, 53)
(36, 88)
(37, 89)
(37, 42)
(37, 93)
(38, 97)
(38, 98)
(38, 70)
(38, 44)
(38, 75)
(38, 76)
(38, 54)
(39, 71)
(39, 92)
(39, 77)
(39, 60)
(40, 48)
(40, 57)
(40, 47)
(41, 64)
(41, 97)
(41, 66)
(41, 70)
(41, 65)
(41, 76)
(41, 78)
(41, 90)
(41, 61)
(41, 63)
(42, 48)
(42, 89)
(42, 57)
(43, 98)
(43, 69)
(43, 55)
(43, 78)
(43, 50)
(43, 83)
(43, 54)
(43, 87)
(43, 59)
(44, 98)
(44, 67)
(44, 68)
(44, 69)
(44, 50)
(44, 54)
(45, 84)
(45, 79)
(46, 96)
(46, 99)
(46, 80)
(46, 82)
(46, 53)
(46, 88)
(46, 58)
(47, 73)
(47, 74)
(47, 48)
(47, 57)
(47, 95)
(48, 57)
(49, 64)
(49, 66)
(49, 74)
(49, 89)
(49, 95)
(49, 63)
(50, 98)
(50, 68)
(50, 69)
(50, 83)
(50, 54)
(50, 55)
(50, 59)
(51, 55)
(51, 78)
(51, 81)
(51, 83)
(51, 86)
(51, 87)
(51, 56)
(51, 60)
(51, 61)
(52, 71)
(52, 72)
(52, 53)
(52, 86)
(52, 56)
(52, 60)
(53, 71)
(53, 72)
(53, 56)
(53, 86)
(53, 88)
(53, 91)
(54, 67)
(54, 68)
(54, 69)
(54, 98)
(54, 55)
(55, 78)
(55, 83)
(55, 87)
(55, 90)
(55, 59)
(55, 61)
(56, 71)
(56, 72)
(56, 86)
(56, 88)
(56, 91)
(56, 60)
(57, 73)
(57, 74)
(57, 89)
(57, 95)
(58, 80)
(58, 82)
(59, 83)
(59, 85)
(60, 71)
(60, 77)
(60, 81)
(61, 65)
(61, 78)
(61, 83)
(61, 86)
(61, 87)
(61, 90)
(61, 63)
(62, 96)
(62, 99)
(62, 94)
(63, 64)
(63, 65)
(63, 66)
(63, 72)
(63, 78)
(63, 86)
(63, 87)
(63, 90)
(63, 91)
(64, 65)
(64, 66)
(64, 74)
(64, 91)
(65, 66)
(65, 72)
(65, 78)
(65, 86)
(65, 87)
(65, 90)
(65, 91)
(66, 74)
(66, 89)
(66, 91)
(66, 95)
(67, 98)
(67, 68)
(67, 69)
(68, 98)
(68, 69)
(69, 98)
(70, 97)
(70, 98)
(70, 75)
(70, 76)
(71, 77)
(72, 86)
(72, 88)
(72, 91)
(73, 97)
(73, 74)
(73, 75)
(73, 76)
(73, 95)
(74, 89)
(74, 95)
(75, 97)
(75, 76)
(76, 97)
(76, 95)
(77, 92)
(78, 83)
(78, 87)
(78, 90)
(79, 84)
(80, 96)
(81, 85)
(83, 87)
(83, 90)
(84, 85)
(86, 91)
(87, 90)
(88, 99)
(88, 91)
(89, 95)
(94, 96)
(94, 99)
(96, 99)
