#Nodes
0
1
2
3
4
5
6
7
8
9
10
11
12
13
14
15
16
17
18
19
20
21
22
23
24
25
26
27
28
29
30
31
32
33
34
35
36
37
38
39
40
41
42
43
44
45
46
47
48
49
50
51
52
53
54
55
56
57
58
59
60
61
62
63
64
65
66
67
68
69
70
71
72
73
74
75
76
77
78
79
80
81
82
83
84
85
86
87
88
89
90
91
92
93
94
95
96
97
98
99
#Edges
(0, 72)
(0, 44)
(0, 76)
(0, 79)
(0, 50)
(0, 41)
(0, 58)
(0, 59)
(1, 2)
(1, 37)
(1, 38)
(1, 39)
(1, 74)
(1, 11)
(1, 78)
(1, 79)
(1, 16)
(1, 14)
(1, 94)
(1, 22)
(1, 6)
(1, 91)
(1, 62)
(1, 5)
(2, 6)
(2, 38)
(2, 39)
(2, 73)
(2, 11)
(2, 78)
(2, 16)
(2, 14)
(2, 91)
(2, 94)
(2, 5)
(3, 35)
(3, 24)
(3, 18)
(3, 56)
(3, 57)
(3, 27)
(4, 25)
(4, 51)
(4, 12)
(4, 71)
(5, 6)
(5, 38)
(5, 39)
(5, 73)
(5, 74)
(5, 11)
(5, 78)
(5, 16)
(5, 14)
(5, 22)
(5, 91)
(5, 94)
(6, 39)
(6, 73)
(6, 74)
(6, 11)
(6, 14)
(6, 16)
(6, 91)
(6, 94)
(7, 32)
(7, 65)
(7, 67)
(7, 68)
(7, 54)
(7, 60)
(7, 43)
(7, 45)
(7, 13)
(7, 86)
(7, 92)
(7, 61)
(8, 97)
(8, 66)
(8, 72)
(8, 15)
(8, 82)
(8, 20)
(8, 90)
(8, 59)
(9, 90)
(9, 23)
(9, 76)
(9, 93)
(9, 87)
(10, 97)
(10, 82)
(10, 36)
(10, 29)
(11, 38)
(11, 39)
(11, 74)
(11, 78)
(11, 79)
(11, 16)
(11, 14)
(11, 22)
(11, 91)
(11, 94)
(12, 33)
(12, 71)
(12, 42)
(12, 75)
(12, 51)
(12, 21)
(12, 26)
(13, 67)
(13, 68)
(13, 70)
(13, 45)
(13, 24)
(13, 18)
(13, 35)
(13, 52)
(13, 86)
(13, 56)
(13, 57)
(13, 27)
(13, 60)
(13, 61)
(14, 39)
(14, 73)
(14, 74)
(14, 78)
(14, 79)
(14, 16)
(14, 22)
(14, 91)
(14, 94)
(15, 97)
(15, 66)
(15, 72)
(15, 82)
(15, 20)
(15, 90)
(15, 59)
(16, 38)
(16, 39)
(16, 73)
(16, 78)
(16, 94)
(16, 91)
(16, 62)
(17, 96)
(17, 48)
(17, 34)
(17, 69)
(17, 47)
(17, 80)
(17, 49)
(17, 84)
(17, 89)
(17, 31)
(17, 37)
(17, 52)
(18, 67)
(18, 68)
(18, 70)
(18, 24)
(18, 35)
(18, 56)
(18, 57)
(18, 27)
(18, 61)
(19, 71)
(19, 75)
(19, 77)
(19, 46)
(19, 83)
(19, 53)
(19, 87)
(19, 55)
(19, 26)
(19, 28)
(19, 30)
(19, 63)
(20, 97)
(20, 66)
(20, 72)
(20, 76)
(20, 82)
(20, 90)
(20, 59)
(21, 32)
(21, 65)
(21, 33)
(21, 43)
(21, 77)
(21, 46)
(21, 53)
(21, 54)
(21, 26)
(21, 92)
(21, 63)
(22, 39)
(22, 74)
(22, 44)
(22, 78)
(22, 79)
(22, 50)
(22, 23)
(22, 58)
(22, 91)
(22, 94)
(23, 76)
(23, 93)
(24, 67)
(24, 68)
(24, 70)
(24, 35)
(24, 56)
(24, 57)
(24, 27)
(24, 61)
(24, 95)
(26, 32)
(26, 65)
(26, 33)
(26, 43)
(26, 77)
(26, 46)
(26, 53)
(26, 92)
(26, 63)
(27, 68)
(27, 69)
(27, 70)
(27, 52)
(27, 56)
(27, 57)
(27, 95)
(28, 75)
(28, 77)
(28, 46)
(28, 83)
(28, 87)
(28, 55)
(28, 90)
(28, 30)
(28, 63)
(29, 97)
(29, 82)
(29, 36)
(30, 55)
(30, 77)
(30, 46)
(30, 80)
(30, 83)
(30, 87)
(30, 90)
(30, 93)
(30, 63)
(31, 96)
(31, 34)
(31, 69)
(31, 70)
(31, 45)
(31, 47)
(31, 48)
(31, 49)
(31, 84)
(31, 85)
(31, 89)
(31, 52)
(32, 65)
(32, 33)
(32, 60)
(32, 43)
(32, 53)
(32, 54)
(32, 92)
(32, 63)
(33, 65)
(33, 71)
(33, 42)
(33, 43)
(33, 77)
(33, 46)
(33, 51)
(33, 53)
(33, 92)
(33, 63)
(34, 96)
(34, 69)
(34, 70)
(34, 48)
(34, 84)
(34, 85)
(34, 88)
(34, 89)
(34, 52)
(34, 95)
(35, 68)
(35, 67)
(35, 86)
(35, 61)
(36, 75)
(37, 96)
(37, 38)
(37, 39)
(37, 78)
(37, 47)
(37, 48)
(37, 49)
(37, 94)
(37, 62)
(38, 39)
(38, 78)
(38, 47)
(38, 48)
(38, 49)
(38, 94)
(38, 91)
(38, 62)
(39, 74)
(39, 78)
(39, 94)
(39, 91)
(39, 62)
(40, 64)
(40, 98)
(40, 99)
(40, 72)
(40, 66)
(40, 81)
(40, 59)
(41, 74)
(41, 44)
(41, 79)
(41, 50)
(41, 58)
(43, 65)
(43, 60)
(43, 53)
(43, 54)
(43, 92)
(43, 63)
(44, 74)
(44, 79)
(44, 50)
(44, 58)
(45, 65)
(45, 68)
(45, 70)
(45, 52)
(46, 51)
(46, 71)
(46, 75)
(46, 77)
(46, 83)
(46, 53)
(46, 87)
(46, 55)
(46, 63)
(47, 96)
(47, 78)
(47, 48)
(47, 49)
(47, 84)
(47, 62)
(48, 96)
(48, 69)
(48, 49)
(48, 84)
(48, 85)
(48, 88)
(48, 89)
(48, 62)
(49, 96)
(49, 78)
(49, 84)
(49, 62)
(50, 74)
(50, 79)
(50, 58)
(51, 71)
(51, 75)
(52, 96)
(52, 68)
(52, 69)
(52, 70)
(52, 56)
(52, 84)
(52, 85)
(52, 57)
(52, 88)
(52, 89)
(52, 95)
(53, 65)
(53, 77)
(53, 54)
(53, 92)
(53, 63)
(54, 65)
(54, 60)
(54, 86)
(54, 92)
(55, 83)
(55, 77)
(55, 87)
(55, 90)
(55, 93)
(56, 68)
(56, 70)
(56, 67)
(56, 57)
(56, 95)
(57, 68)
(57, 69)
(57, 70)
(57, 95)
(58, 74)
(58, 76)
(58, 79)
(59, 97)
(59, 66)
(59, 81)
(59, 72)
(60, 65)
(60, 67)
(60, 86)
(60, 92)
(60, 61)
(61, 67)
(61, 68)
(61, 86)
(62, 94)
(63, 83)
(63, 75)
(63, 77)
(63, 87)
(63, 92)
(64, 81)
(64, 98)
(64, 99)
(64, 66)
(65, 92)
(66, 97)
(66, 98)
(66, 81)
(66, 72)
(66, 82)
(67, 68)
(67, 86)
(68, 69)
(68, 70)
(69, 96)
(69, 70)
(69, 84)
(69, 85)
(69, 88)
(69, 89)
(69, 95)
(70, 95)
(71, 75)
(71, 77)
(72, 97)
(72, 81)
(73, 91)
(74, 78)
(74, 79)
(74, 91)
(74, 94)
(75, 83)
(75, 77)
(76, 93)
(77, 83)
(77, 87)
(78, 79)
(78, 91)
(78, 94)
(79, 94)
(80, 93)
(80, 87)
(81, 99)
(82, 97)
(82, 98)
(82, 90)
(83, 87)
(83, 90)
(83, 93)
(84, 96)
(84, 85)
(84, 88)
(84, 89)
(84, 95)
(85, 96)
(85, 88)
(85, 89)
(85, 95)
(87, 90)
(87, 93)
(88, 96)
(88, 89)
(88, 95)
(89, 96)
(89, 95)
(90, 97)
(90, 93)
(91, 94)
(98, 99)
