#Nodes
0
1
2
3
4
5
6
7
8
9
10
11
12
13
14
15
16
17
18
19
20
21
22
23
24
25
26
27
28
29
30
31
32
33
34
35
36
37
38
39
40
41
42
43
44
45
46
47
48
49
50
51
52
53
54
55
56
57
58
59
60
61
62
63
64
65
66
67
68
69
70
71
72
73
74
75
76
77
78
79
80
81
82
83
84
85
86
87
88
89
90
91
92
93
94
95
96
97
98
99
#Edges
(0, 47)
(0, 74)
(0, 78)
(0, 79)
(0, 48)
(0, 81)
(0, 23)
(0, 25)
(0, 59)
(1, 68)
(1, 6)
(1, 42)
(1, 13)
(1, 45)
(1, 82)
(1, 29)
(2, 36)
(2, 39)
(2, 9)
(2, 78)
(2, 47)
(2, 48)
(2, 55)
(2, 31)
(3, 70)
(3, 10)
(3, 81)
(3, 50)
(3, 57)
(3, 58)
(3, 91)
(3, 30)
(3, 63)
(4, 35)
(4, 83)
(4, 84)
(4, 89)
(4, 60)
(4, 20)
(5, 64)
(5, 97)
(5, 98)
(5, 38)
(5, 34)
(5, 46)
(5, 16)
(5, 18)
(5, 86)
(5, 28)
(5, 62)
(6, 82)
(6, 68)
(6, 42)
(6, 14)
(7, 67)
(7, 37)
(7, 39)
(7, 43)
(7, 77)
(7, 11)
(7, 49)
(7, 54)
(7, 24)
(7, 58)
(7, 91)
(7, 63)
(8, 28)
(8, 22)
(8, 71)
(9, 96)
(9, 36)
(9, 39)
(9, 12)
(9, 78)
(9, 47)
(9, 48)
(9, 55)
(9, 31)
(10, 37)
(10, 70)
(10, 78)
(10, 81)
(10, 50)
(10, 57)
(10, 58)
(10, 91)
(10, 30)
(10, 63)
(11, 67)
(11, 37)
(11, 43)
(11, 77)
(11, 49)
(11, 54)
(11, 24)
(11, 58)
(11, 63)
(12, 96)
(12, 33)
(12, 38)
(12, 39)
(12, 75)
(12, 46)
(12, 17)
(12, 18)
(12, 21)
(12, 86)
(12, 24)
(13, 68)
(13, 42)
(13, 76)
(13, 29)
(13, 82)
(13, 61)
(14, 97)
(14, 99)
(14, 73)
(14, 15)
(14, 95)
(15, 33)
(15, 99)
(15, 73)
(15, 42)
(15, 45)
(15, 82)
(15, 51)
(15, 52)
(15, 85)
(15, 88)
(15, 95)
(16, 64)
(16, 97)
(16, 98)
(16, 38)
(16, 73)
(16, 34)
(16, 46)
(16, 18)
(16, 51)
(16, 28)
(16, 62)
(17, 96)
(17, 64)
(17, 38)
(17, 33)
(17, 75)
(17, 46)
(17, 18)
(17, 51)
(17, 85)
(17, 86)
(17, 88)
(17, 21)
(18, 96)
(18, 65)
(18, 98)
(18, 36)
(18, 38)
(18, 64)
(18, 46)
(18, 21)
(18, 86)
(18, 62)
(19, 66)
(19, 41)
(19, 76)
(19, 53)
(19, 92)
(19, 61)
(20, 32)
(20, 35)
(20, 69)
(20, 77)
(20, 49)
(20, 89)
(20, 26)
(20, 60)
(21, 96)
(21, 64)
(21, 38)
(21, 33)
(21, 75)
(21, 46)
(21, 51)
(21, 85)
(21, 86)
(21, 62)
(22, 71)
(23, 70)
(23, 74)
(23, 78)
(23, 81)
(23, 25)
(23, 59)
(24, 67)
(24, 37)
(24, 39)
(24, 75)
(24, 77)
(24, 43)
(24, 49)
(24, 54)
(25, 47)
(25, 74)
(25, 78)
(25, 79)
(25, 48)
(25, 55)
(25, 59)
(25, 31)
(26, 32)
(26, 67)
(26, 69)
(26, 72)
(26, 43)
(26, 44)
(26, 77)
(26, 80)
(26, 49)
(26, 35)
(26, 40)
(26, 54)
(26, 87)
(26, 56)
(26, 27)
(26, 93)
(27, 32)
(27, 69)
(27, 41)
(27, 44)
(27, 87)
(27, 56)
(27, 92)
(27, 93)
(27, 94)
(28, 34)
(28, 71)
(28, 62)
(29, 66)
(29, 68)
(29, 42)
(29, 76)
(29, 45)
(29, 82)
(29, 53)
(29, 61)
(30, 70)
(30, 81)
(30, 50)
(30, 57)
(30, 58)
(30, 91)
(30, 63)
(31, 36)
(31, 39)
(31, 78)
(31, 47)
(31, 48)
(31, 55)
(32, 67)
(32, 69)
(32, 72)
(32, 43)
(32, 77)
(32, 49)
(32, 35)
(32, 40)
(32, 87)
(32, 56)
(32, 60)
(32, 93)
(32, 94)
(33, 64)
(33, 38)
(33, 75)
(33, 51)
(33, 52)
(33, 85)
(33, 88)
(33, 62)
(33, 95)
(34, 64)
(34, 97)
(34, 73)
(34, 62)
(35, 69)
(35, 89)
(35, 60)
(36, 96)
(36, 65)
(36, 98)
(36, 86)
(36, 55)
(36, 90)
(37, 67)
(37, 43)
(37, 77)
(37, 49)
(37, 50)
(37, 57)
(37, 58)
(37, 91)
(37, 63)
(38, 96)
(38, 64)
(38, 75)
(38, 46)
(38, 51)
(38, 52)
(38, 85)
(38, 86)
(38, 88)
(38, 62)
(39, 78)
(39, 47)
(39, 48)
(39, 55)
(40, 67)
(40, 69)
(40, 72)
(40, 43)
(40, 44)
(40, 77)
(40, 80)
(40, 49)
(40, 54)
(40, 87)
(40, 56)
(40, 93)
(41, 66)
(41, 44)
(41, 76)
(41, 53)
(41, 92)
(41, 61)
(42, 66)
(42, 68)
(42, 45)
(42, 82)
(42, 53)
(42, 92)
(42, 61)
(43, 67)
(43, 69)
(43, 72)
(43, 77)
(43, 49)
(43, 54)
(43, 87)
(43, 56)
(44, 66)
(44, 69)
(44, 72)
(44, 45)
(44, 61)
(44, 80)
(44, 56)
(44, 53)
(44, 87)
(44, 88)
(44, 92)
(44, 93)
(45, 66)
(45, 68)
(45, 80)
(45, 82)
(45, 53)
(45, 92)
(45, 61)
(46, 96)
(46, 65)
(46, 98)
(46, 64)
(46, 86)
(46, 62)
(47, 74)
(47, 78)
(47, 79)
(47, 48)
(47, 55)
(47, 59)
(48, 74)
(48, 78)
(48, 79)
(48, 81)
(48, 55)
(48, 59)
(49, 67)
(49, 69)
(49, 77)
(49, 54)
(49, 87)
(49, 58)
(49, 63)
(50, 70)
(50, 81)
(50, 57)
(50, 58)
(50, 91)
(50, 63)
(51, 64)
(51, 73)
(51, 75)
(51, 52)
(51, 85)
(51, 88)
(51, 95)
(52, 72)
(52, 75)
(52, 80)
(52, 85)
(52, 88)
(52, 95)
(53, 66)
(53, 76)
(53, 82)
(53, 92)
(53, 61)
(54, 67)
(54, 69)
(54, 72)
(54, 75)
(54, 77)
(54, 56)
(54, 87)
(54, 88)
(55, 78)
(55, 79)
(56, 66)
(56, 67)
(56, 69)
(56, 72)
(56, 80)
(56, 87)
(56, 88)
(56, 92)
(56, 93)
(57, 70)
(57, 81)
(57, 58)
(57, 91)
(57, 63)
(58, 77)
(58, 81)
(58, 91)
(58, 63)
(59, 74)
(59, 78)
(59, 79)
(60, 84)
(60, 69)
(60, 89)
(60, 94)
(61, 66)
(61, 76)
(61, 82)
(61, 92)
(62, 96)
(62, 64)
(62, 98)
(62, 86)
(63, 77)
(63, 91)
(64, 96)
(64, 98)
(64, 86)
(65, 96)
(65, 98)
(65, 86)
(65, 90)
(66, 76)
(66, 80)
(66, 82)
(66, 92)
(67, 69)
(67, 72)
(67, 77)
(67, 87)
(68, 82)
(69, 72)
(69, 77)
(69, 80)
(69, 87)
(69, 93)
(70, 81)
(70, 91)
(71, 98)
(72, 80)
(72, 87)
(72, 88)
(72, 92)
(72, 93)
(73, 97)
(73, 99)
(73, 95)
(74, 78)
(74, 79)
(75, 85)
(75, 88)
(77, 87)
(78, 81)
(78, 91)
(80, 85)
(80, 87)
(80, 88)
(80, 92)
(80, 93)
(81, 91)
(83, 84)
(85, 88)
(85, 95)
(86, 96)
(86, 98)
(87, 92)
(87, 93)
(88, 95)
(90, 98)
(92, 93)
(93, 94)
(95, 97)
(95, 99)
(96, 98)
(97, 99)
