#Nodes
0
1
2
3
4
5
6
7
8
9
10
11
12
13
14
15
16
17
18
19
20
21
22
23
24
25
26
27
28
29
30
31
32
33
34
35
36
37
38
39
40
41
42
43
44
45
46
47
48
49
50
51
52
53
54
55
56
57
58
59
60
61
62
63
64
65
66
67
68
69
70
71
72
73
74
75
76
77
78
79
80
81
82
83
84
85
86
87
88
89
90
91
92
93
94
95
96
97
98
99
#Edges
(0, 64)
(0, 65)
(0, 35)
(0, 5)
(0, 71)
(0, 72)
(0, 9)
(0, 7)
(0, 45)
(0, 46)
(0, 52)
(0, 57)
(0, 58)
(0, 61)
(0, 20)
(1, 96)
(1, 33)
(1, 99)
(1, 69)
(1, 17)
(1, 54)
(1, 77)
(1, 49)
(1, 86)
(1, 25)
(1, 26)
(1, 91)
(1, 94)
(1, 31)
(2, 37)
(2, 39)
(2, 12)
(2, 78)
(2, 80)
(2, 81)
(2, 18)
(2, 56)
(2, 30)
(2, 95)
(3, 10)
(3, 27)
(3, 4)
(3, 38)
(3, 63)
(4, 38)
(4, 10)
(4, 43)
(4, 14)
(4, 27)
(4, 63)
(5, 64)
(5, 65)
(5, 35)
(5, 72)
(5, 9)
(5, 46)
(5, 19)
(5, 52)
(5, 87)
(5, 20)
(5, 58)
(5, 92)
(5, 62)
(6, 47)
(6, 24)
(6, 84)
(6, 88)
(6, 90)
(6, 15)
(6, 60)
(7, 97)
(7, 34)
(7, 11)
(7, 45)
(7, 61)
(7, 51)
(7, 52)
(7, 53)
(7, 55)
(7, 57)
(7, 93)
(7, 21)
(8, 96)
(8, 26)
(8, 59)
(8, 31)
(9, 64)
(9, 65)
(9, 35)
(9, 71)
(9, 72)
(9, 45)
(9, 46)
(9, 19)
(9, 52)
(9, 20)
(9, 58)
(9, 92)
(10, 27)
(10, 38)
(10, 63)
(11, 97)
(11, 34)
(11, 36)
(11, 40)
(11, 76)
(11, 51)
(11, 53)
(11, 57)
(11, 28)
(11, 93)
(11, 21)
(12, 39)
(12, 43)
(12, 18)
(12, 80)
(12, 50)
(12, 56)
(12, 89)
(12, 95)
(13, 69)
(13, 70)
(13, 44)
(13, 75)
(13, 76)
(13, 14)
(13, 79)
(13, 48)
(13, 49)
(13, 23)
(13, 25)
(13, 29)
(14, 70)
(14, 75)
(14, 44)
(14, 79)
(14, 23)
(15, 47)
(15, 84)
(15, 24)
(15, 90)
(15, 60)
(16, 19)
(16, 65)
(16, 72)
(16, 41)
(16, 46)
(16, 81)
(16, 83)
(16, 30)
(17, 96)
(17, 33)
(17, 91)
(17, 69)
(17, 49)
(17, 99)
(17, 54)
(17, 25)
(17, 26)
(17, 59)
(17, 29)
(17, 31)
(18, 39)
(18, 78)
(18, 80)
(18, 56)
(18, 30)
(18, 95)
(19, 64)
(19, 72)
(19, 41)
(19, 46)
(19, 81)
(19, 83)
(19, 20)
(19, 30)
(19, 87)
(19, 58)
(19, 92)
(19, 62)
(20, 64)
(20, 35)
(20, 72)
(20, 46)
(20, 87)
(20, 58)
(20, 92)
(20, 62)
(21, 32)
(21, 97)
(21, 34)
(21, 67)
(21, 36)
(21, 76)
(21, 48)
(21, 53)
(21, 88)
(21, 28)
(21, 93)
(22, 80)
(22, 66)
(22, 50)
(23, 99)
(23, 69)
(23, 70)
(23, 75)
(23, 44)
(23, 49)
(23, 29)
(24, 84)
(24, 90)
(24, 47)
(24, 60)
(25, 32)
(25, 33)
(25, 67)
(25, 69)
(25, 54)
(25, 76)
(25, 77)
(25, 79)
(25, 48)
(25, 49)
(25, 86)
(25, 91)
(25, 94)
(26, 96)
(26, 91)
(26, 69)
(26, 99)
(26, 59)
(26, 29)
(26, 31)
(27, 38)
(27, 40)
(27, 43)
(27, 89)
(27, 63)
(28, 97)
(28, 34)
(28, 36)
(28, 40)
(28, 76)
(28, 79)
(28, 48)
(28, 51)
(28, 53)
(28, 93)
(29, 96)
(29, 99)
(29, 69)
(29, 70)
(29, 75)
(29, 44)
(29, 49)
(29, 91)
(29, 31)
(30, 64)
(30, 65)
(30, 37)
(30, 72)
(30, 46)
(30, 81)
(30, 83)
(30, 95)
(31, 96)
(31, 91)
(31, 69)
(31, 49)
(31, 99)
(31, 54)
(31, 59)
(32, 33)
(32, 67)
(32, 36)
(32, 76)
(32, 77)
(32, 48)
(32, 53)
(32, 86)
(32, 94)
(33, 67)
(33, 54)
(33, 76)
(33, 77)
(33, 48)
(33, 85)
(33, 86)
(33, 94)
(34, 97)
(34, 36)
(34, 37)
(34, 40)
(34, 61)
(34, 51)
(34, 53)
(34, 57)
(34, 93)
(35, 64)
(35, 65)
(35, 71)
(35, 72)
(35, 45)
(35, 46)
(35, 52)
(35, 58)
(36, 97)
(36, 40)
(36, 76)
(36, 79)
(36, 48)
(36, 51)
(36, 53)
(36, 93)
(37, 64)
(37, 65)
(37, 39)
(37, 51)
(37, 61)
(37, 95)
(38, 43)
(38, 89)
(38, 63)
(39, 43)
(39, 78)
(39, 80)
(39, 50)
(39, 56)
(39, 89)
(39, 95)
(40, 76)
(40, 79)
(40, 48)
(40, 51)
(40, 53)
(40, 89)
(41, 72)
(41, 46)
(41, 81)
(41, 83)
(41, 87)
(41, 92)
(41, 62)
(42, 98)
(42, 68)
(42, 71)
(42, 73)
(42, 74)
(42, 45)
(42, 82)
(43, 80)
(43, 50)
(43, 56)
(43, 89)
(43, 95)
(44, 96)
(44, 99)
(44, 69)
(44, 70)
(44, 75)
(44, 49)
(44, 91)
(45, 98)
(45, 68)
(45, 71)
(45, 73)
(45, 74)
(45, 82)
(45, 52)
(45, 55)
(46, 64)
(46, 65)
(46, 72)
(46, 52)
(46, 58)
(46, 92)
(47, 90)
(47, 60)
(48, 67)
(48, 76)
(48, 79)
(48, 49)
(48, 53)
(49, 96)
(49, 99)
(49, 69)
(49, 75)
(49, 79)
(49, 91)
(50, 66)
(50, 80)
(50, 56)
(50, 95)
(51, 61)
(51, 57)
(51, 89)
(51, 93)
(52, 64)
(52, 65)
(52, 71)
(52, 73)
(52, 57)
(52, 61)
(53, 97)
(53, 67)
(53, 76)
(53, 88)
(53, 93)
(54, 77)
(54, 85)
(54, 86)
(54, 91)
(54, 94)
(55, 97)
(55, 98)
(55, 68)
(55, 73)
(55, 74)
(55, 82)
(55, 84)
(55, 88)
(55, 93)
(56, 78)
(56, 80)
(56, 95)
(57, 64)
(57, 65)
(57, 61)
(57, 93)
(58, 64)
(58, 71)
(58, 72)
(58, 87)
(58, 92)
(59, 96)
(59, 99)
(59, 91)
(60, 90)
(61, 64)
(61, 65)
(61, 93)
(62, 87)
(62, 92)
(64, 65)
(64, 72)
(65, 72)
(66, 80)
(67, 97)
(67, 76)
(67, 77)
(67, 86)
(67, 88)
(67, 94)
(68, 98)
(68, 71)
(68, 73)
(68, 82)
(68, 74)
(69, 96)
(69, 99)
(69, 75)
(69, 79)
(69, 91)
(70, 99)
(70, 75)
(71, 98)
(71, 73)
(71, 74)
(71, 82)
(72, 81)
(72, 83)
(72, 92)
(73, 98)
(73, 82)
(73, 74)
(74, 98)
(74, 82)
(75, 99)
(76, 97)
(76, 79)
(77, 85)
(77, 86)
(77, 94)
(78, 80)
(78, 95)
(80, 95)
(81, 83)
(82, 98)
(82, 84)
(84, 88)
(84, 90)
(85, 86)
(85, 94)
(86, 94)
(87, 92)
(88, 97)
(88, 90)
(88, 93)
(89, 95)
(91, 96)
(91, 99)
(93, 97)
(96, 99)
