#Nodes
0
1
2
3
4
5
6
7
8
9
10
11
12
13
14
15
16
17
18
19
20
21
22
23
24
25
26
27
28
29
30
31
32
33
34
35
36
37
38
39
40
41
42
43
44
45
46
47
48
49
50
51
52
53
54
55
56
57
58
59
60
61
62
63
64
65
66
67
68
69
70
71
72
73
74
75
76
77
78
79
80
81
82
83
84
85
86
87
88
89
90
91
92
93
94
95
96
97
98
99
#Edges
(0, 97)
(0, 66)
(0, 68)
(0, 37)
(0, 6)
(0, 39)
(0, 45)
(0, 49)
(0, 26)
(0, 94)
(0, 57)
(0, 90)
(0, 58)
(0, 62)
(0, 31)
(1, 96)
(1, 99)
(1, 70)
(1, 9)
(1, 43)
(1, 48)
(1, 59)
(1, 82)
(1, 67)
(1, 84)
(1, 24)
(1, 20)
(1, 91)
(1, 60)
(2, 97)
(2, 66)
(2, 39)
(2, 78)
(2, 58)
(2, 26)
(2, 31)
(3, 5)
(3, 72)
(3, 73)
(3, 76)
(3, 12)
(3, 15)
(3, 40)
(3, 50)
(3, 85)
(3, 88)
(3, 89)
(3, 21)
(3, 93)
(3, 95)
(4, 16)
(4, 34)
(4, 5)
(4, 13)
(4, 80)
(4, 81)
(4, 19)
(4, 21)
(4, 89)
(5, 16)
(5, 34)
(5, 73)
(5, 13)
(5, 15)
(5, 80)
(5, 85)
(5, 88)
(5, 89)
(5, 93)
(5, 21)
(6, 37)
(6, 38)
(6, 39)
(6, 49)
(6, 51)
(6, 94)
(6, 90)
(6, 27)
(6, 62)
(7, 33)
(7, 52)
(7, 61)
(7, 29)
(8, 22)
(8, 38)
(8, 28)
(8, 42)
(8, 75)
(8, 44)
(8, 77)
(8, 17)
(8, 51)
(8, 30)
(8, 54)
(8, 92)
(8, 62)
(9, 96)
(9, 35)
(9, 99)
(9, 74)
(9, 48)
(9, 59)
(9, 82)
(9, 67)
(9, 84)
(9, 24)
(9, 25)
(9, 91)
(9, 60)
(9, 20)
(10, 32)
(10, 98)
(10, 35)
(10, 36)
(10, 71)
(10, 47)
(10, 74)
(10, 75)
(10, 79)
(10, 48)
(10, 54)
(10, 25)
(10, 59)
(10, 63)
(11, 66)
(11, 37)
(11, 39)
(11, 78)
(11, 30)
(11, 56)
(11, 90)
(11, 94)
(11, 31)
(12, 65)
(12, 72)
(12, 76)
(12, 50)
(12, 86)
(12, 27)
(13, 41)
(13, 87)
(13, 16)
(13, 81)
(13, 19)
(13, 21)
(13, 55)
(13, 89)
(14, 80)
(14, 64)
(14, 34)
(14, 85)
(14, 15)
(15, 64)
(15, 34)
(15, 40)
(15, 73)
(15, 80)
(15, 53)
(15, 85)
(15, 88)
(15, 89)
(15, 21)
(15, 93)
(15, 95)
(16, 34)
(16, 80)
(16, 81)
(16, 19)
(16, 21)
(16, 89)
(17, 33)
(17, 28)
(17, 42)
(17, 44)
(17, 77)
(17, 22)
(17, 92)
(17, 30)
(18, 98)
(18, 23)
(18, 47)
(19, 81)
(19, 43)
(20, 67)
(20, 74)
(20, 48)
(20, 82)
(20, 99)
(20, 24)
(20, 25)
(20, 91)
(20, 60)
(21, 41)
(21, 80)
(21, 55)
(21, 88)
(21, 89)
(21, 93)
(22, 69)
(22, 38)
(22, 41)
(22, 42)
(22, 75)
(22, 77)
(22, 28)
(22, 54)
(22, 55)
(22, 87)
(22, 92)
(23, 32)
(23, 98)
(23, 71)
(23, 75)
(23, 77)
(23, 47)
(23, 54)
(24, 67)
(24, 82)
(24, 99)
(24, 84)
(24, 91)
(24, 60)
(25, 67)
(25, 36)
(25, 71)
(25, 74)
(25, 48)
(25, 82)
(25, 35)
(25, 59)
(25, 63)
(26, 97)
(26, 66)
(26, 68)
(26, 39)
(26, 45)
(26, 78)
(26, 46)
(26, 57)
(26, 58)
(26, 31)
(27, 65)
(27, 72)
(27, 76)
(27, 45)
(27, 50)
(27, 86)
(28, 38)
(28, 42)
(28, 75)
(28, 44)
(28, 77)
(28, 54)
(28, 92)
(28, 30)
(29, 33)
(29, 44)
(29, 52)
(29, 56)
(29, 61)
(30, 37)
(30, 38)
(30, 42)
(30, 44)
(30, 77)
(30, 49)
(30, 51)
(30, 56)
(30, 90)
(30, 92)
(30, 62)
(31, 97)
(31, 66)
(31, 68)
(31, 39)
(31, 78)
(31, 58)
(32, 98)
(32, 35)
(32, 36)
(32, 69)
(32, 71)
(32, 47)
(32, 74)
(32, 75)
(32, 79)
(32, 48)
(32, 54)
(32, 59)
(32, 63)
(33, 44)
(33, 77)
(33, 52)
(33, 61)
(34, 64)
(34, 80)
(34, 85)
(34, 88)
(34, 89)
(35, 96)
(35, 98)
(35, 36)
(35, 71)
(35, 47)
(35, 74)
(35, 75)
(35, 79)
(35, 48)
(35, 54)
(35, 59)
(35, 63)
(36, 96)
(36, 98)
(36, 71)
(36, 47)
(36, 74)
(36, 75)
(36, 79)
(36, 48)
(36, 54)
(36, 59)
(36, 63)
(37, 38)
(37, 39)
(37, 42)
(37, 49)
(37, 51)
(37, 94)
(37, 90)
(37, 92)
(37, 62)
(38, 42)
(38, 49)
(38, 51)
(38, 94)
(38, 87)
(38, 90)
(38, 92)
(38, 62)
(39, 97)
(39, 66)
(39, 68)
(39, 78)
(39, 49)
(39, 57)
(39, 90)
(39, 58)
(39, 94)
(40, 64)
(40, 73)
(40, 76)
(40, 50)
(40, 53)
(40, 85)
(40, 88)
(40, 93)
(40, 95)
(41, 69)
(41, 87)
(41, 55)
(42, 44)
(42, 77)
(42, 51)
(42, 92)
(42, 62)
(43, 96)
(43, 70)
(43, 81)
(43, 84)
(44, 77)
(44, 92)
(45, 97)
(45, 68)
(45, 65)
(45, 46)
(45, 86)
(45, 57)
(46, 97)
(46, 68)
(46, 57)
(46, 58)
(47, 98)
(47, 71)
(47, 75)
(47, 54)
(47, 63)
(48, 96)
(48, 67)
(48, 71)
(48, 74)
(48, 79)
(48, 82)
(48, 59)
(48, 63)
(49, 51)
(49, 94)
(49, 90)
(49, 62)
(50, 65)
(50, 72)
(50, 73)
(50, 76)
(50, 86)
(50, 93)
(50, 95)
(51, 94)
(51, 90)
(51, 92)
(51, 62)
(52, 61)
(53, 64)
(53, 73)
(53, 85)
(53, 88)
(53, 95)
(54, 98)
(54, 69)
(54, 71)
(54, 75)
(54, 79)
(55, 69)
(55, 81)
(55, 87)
(55, 89)
(56, 66)
(56, 61)
(57, 97)
(57, 68)
(57, 58)
(58, 97)
(58, 66)
(58, 68)
(58, 78)
(59, 96)
(59, 67)
(59, 69)
(59, 70)
(59, 71)
(59, 74)
(59, 79)
(59, 82)
(59, 84)
(59, 63)
(60, 67)
(60, 82)
(60, 99)
(60, 91)
(62, 90)
(62, 92)
(62, 94)
(63, 98)
(63, 67)
(63, 71)
(63, 79)
(63, 74)
(64, 73)
(64, 80)
(64, 85)
(64, 88)
(64, 93)
(64, 95)
(65, 72)
(65, 76)
(65, 86)
(66, 78)
(66, 90)
(66, 94)
(67, 99)
(67, 74)
(67, 82)
(67, 91)
(68, 97)
(68, 90)
(68, 94)
(69, 71)
(69, 75)
(69, 79)
(69, 87)
(70, 96)
(70, 81)
(70, 84)
(71, 98)
(71, 75)
(71, 79)
(71, 74)
(72, 76)
(72, 86)
(72, 93)
(73, 76)
(73, 85)
(73, 88)
(73, 93)
(73, 95)
(74, 96)
(74, 79)
(74, 82)
(75, 98)
(75, 79)
(76, 86)
(76, 93)
(76, 95)
(77, 92)
(79, 96)
(79, 98)
(80, 85)
(80, 88)
(80, 89)
(82, 96)
(82, 99)
(82, 84)
(82, 91)
(84, 96)
(84, 99)
(84, 91)
(85, 88)
(85, 93)
(85, 95)
(88, 89)
(88, 93)
(88, 95)
(89, 93)
(90, 94)
(91, 99)
(93, 95)
