#Nodes
0
1
2
3
4
5
6
7
8
9
10
11
12
13
14
15
16
17
18
19
20
21
22
23
24
25
26
27
28
29
30
31
32
33
34
35
36
37
38
39
40
41
42
43
44
45
46
47
48
49
50
51
52
53
54
55
56
57
58
59
60
61
62
63
64
65
66
67
68
69
70
71
72
73
74
75
76
77
78
79
80
81
82
83
84
85
86
87
88
89
90
91
92
93
94
95
96
97
98
99
100
101
102
103
104
105
106
107
108
109
110
111
112
113
114
115
116
117
118
119
120
121
122
123
124
125
126
127
128
129
130
131
132
133
134
135
136
137
138
139
140
141
142
143
144
145
146
147
148
149
150
151
152
153
154
155
156
157
158
159
160
161
162
163
164
165
166
167
168
169
170
171
172
173
174
175
176
177
178
179
180
181
182
183
184
185
186
187
188
189
190
191
192
193
194
195
196
197
198
199
200
201
202
203
204
205
206
207
208
209
210
211
212
213
214
215
216
217
218
219
220
221
222
223
224
225
226
227
228
229
230
231
232
233
234
235
236
237
238
239
240
241
242
243
244
245
246
247
248
249
#Edges
(0, 128)
(0, 9)
(0, 142)
(0, 148)
(0, 21)
(0, 28)
(0, 159)
(0, 33)
(0, 34)
(0, 166)
(0, 46)
(0, 48)
(0, 243)
(0, 182)
(0, 184)
(0, 189)
(0, 194)
(0, 69)
(0, 202)
(0, 205)
(0, 99)
(0, 214)
(0, 219)
(0, 92)
(0, 221)
(0, 225)
(0, 227)
(0, 100)
(0, 237)
(0, 110)
(0, 111)
(0, 115)
(0, 123)
(0, 124)
(1, 19)
(1, 4)
(1, 101)
(1, 81)
(1, 168)
(1, 10)
(1, 23)
(1, 140)
(1, 206)
(1, 143)
(1, 240)
(1, 209)
(1, 26)
(1, 83)
(1, 57)
(1, 153)
(1, 122)
(1, 27)
(1, 220)
(1, 29)
(2, 6)
(2, 9)
(2, 11)
(2, 14)
(2, 88)
(2, 22)
(2, 152)
(2, 40)
(2, 172)
(2, 178)
(2, 183)
(2, 56)
(2, 63)
(2, 197)
(2, 198)
(2, 216)
(2, 93)
(2, 223)
(2, 102)
(2, 236)
(2, 237)
(2, 239)
(2, 114)
(2, 243)
(2, 117)
(2, 119)
(3, 8)
(3, 137)
(3, 17)
(3, 20)
(3, 43)
(3, 181)
(3, 182)
(3, 183)
(3, 184)
(3, 190)
(3, 73)
(3, 205)
(3, 208)
(3, 82)
(3, 215)
(3, 219)
(3, 92)
(3, 223)
(3, 99)
(3, 210)
(3, 114)
(3, 115)
(3, 123)
(4, 10)
(4, 143)
(4, 19)
(4, 23)
(4, 153)
(4, 26)
(4, 27)
(4, 29)
(4, 32)
(4, 163)
(4, 199)
(4, 206)
(4, 80)
(4, 81)
(4, 83)
(4, 94)
(4, 101)
(4, 209)
(4, 106)
(4, 240)
(4, 246)
(4, 247)
(4, 122)
(5, 162)
(5, 67)
(5, 196)
(5, 133)
(5, 232)
(5, 109)
(5, 245)
(5, 98)
(5, 156)
(5, 53)
(6, 9)
(6, 11)
(6, 14)
(6, 88)
(6, 22)
(6, 152)
(6, 157)
(6, 30)
(6, 70)
(6, 38)
(6, 170)
(6, 178)
(6, 56)
(6, 61)
(6, 63)
(6, 197)
(6, 198)
(6, 216)
(6, 91)
(6, 93)
(6, 225)
(6, 226)
(6, 236)
(6, 237)
(6, 239)
(6, 117)
(6, 118)
(6, 126)
(7, 131)
(7, 21)
(7, 160)
(7, 36)
(7, 165)
(7, 42)
(7, 176)
(7, 182)
(7, 187)
(7, 190)
(7, 192)
(7, 73)
(7, 74)
(7, 75)
(7, 204)
(7, 211)
(7, 84)
(7, 222)
(7, 99)
(7, 235)
(7, 112)
(7, 127)
(8, 131)
(8, 137)
(8, 17)
(8, 20)
(8, 43)
(8, 181)
(8, 182)
(8, 184)
(8, 187)
(8, 190)
(8, 73)
(8, 205)
(8, 208)
(8, 82)
(8, 211)
(8, 84)
(8, 215)
(8, 219)
(8, 92)
(8, 99)
(8, 210)
(8, 115)
(8, 123)
(9, 11)
(9, 142)
(9, 88)
(9, 22)
(9, 159)
(9, 91)
(9, 170)
(9, 221)
(9, 178)
(9, 184)
(9, 63)
(9, 56)
(9, 14)
(9, 216)
(9, 219)
(9, 92)
(9, 93)
(9, 223)
(9, 225)
(9, 226)
(9, 227)
(9, 105)
(9, 236)
(9, 237)
(9, 239)
(9, 243)
(9, 117)
(9, 123)
(9, 124)
(10, 143)
(10, 16)
(10, 19)
(10, 151)
(10, 153)
(10, 26)
(10, 29)
(10, 158)
(10, 31)
(10, 32)
(10, 163)
(10, 37)
(10, 167)
(10, 168)
(10, 186)
(10, 191)
(10, 64)
(10, 199)
(10, 200)
(10, 80)
(10, 81)
(10, 83)
(10, 85)
(10, 90)
(10, 220)
(10, 230)
(10, 103)
(10, 106)
(10, 240)
(10, 122)
(11, 14)
(11, 152)
(11, 30)
(11, 40)
(11, 172)
(11, 178)
(11, 183)
(11, 56)
(11, 63)
(11, 197)
(11, 198)
(11, 88)
(11, 218)
(11, 223)
(11, 102)
(11, 236)
(11, 237)
(11, 239)
(11, 114)
(11, 117)
(11, 119)
(12, 224)
(12, 228)
(12, 41)
(12, 234)
(12, 139)
(12, 44)
(12, 149)
(12, 150)
(12, 89)
(12, 155)
(13, 134)
(13, 145)
(13, 149)
(13, 150)
(13, 155)
(13, 160)
(13, 35)
(13, 41)
(13, 44)
(13, 174)
(13, 176)
(13, 180)
(13, 185)
(13, 192)
(13, 195)
(13, 201)
(13, 74)
(13, 75)
(13, 213)
(13, 87)
(13, 89)
(13, 95)
(13, 224)
(13, 228)
(13, 234)
(13, 235)
(13, 108)
(13, 241)
(13, 249)
(13, 127)
(14, 141)
(14, 88)
(14, 22)
(14, 152)
(14, 157)
(14, 159)
(14, 38)
(14, 170)
(14, 221)
(14, 178)
(14, 56)
(14, 61)
(14, 63)
(14, 197)
(14, 70)
(14, 216)
(14, 91)
(14, 93)
(14, 225)
(14, 226)
(14, 227)
(14, 105)
(14, 237)
(14, 239)
(14, 243)
(14, 244)
(14, 117)
(14, 124)
(14, 126)
(15, 138)
(15, 146)
(15, 147)
(15, 28)
(15, 158)
(15, 31)
(15, 161)
(15, 164)
(15, 166)
(15, 39)
(15, 169)
(15, 45)
(15, 175)
(15, 48)
(15, 49)
(15, 55)
(15, 60)
(15, 64)
(15, 66)
(15, 68)
(15, 69)
(15, 71)
(15, 78)
(15, 79)
(15, 214)
(15, 96)
(15, 100)
(15, 33)
(15, 103)
(15, 107)
(15, 110)
(15, 242)
(15, 248)
(15, 121)
(16, 138)
(16, 141)
(16, 143)
(16, 146)
(16, 151)
(16, 26)
(16, 158)
(16, 31)
(16, 37)
(16, 167)
(16, 54)
(16, 186)
(16, 191)
(16, 64)
(16, 199)
(16, 200)
(16, 202)
(16, 85)
(16, 90)
(16, 229)
(16, 230)
(16, 103)
(16, 105)
(16, 242)
(16, 244)
(16, 122)
(17, 137)
(17, 20)
(17, 24)
(17, 40)
(17, 43)
(17, 172)
(17, 52)
(17, 181)
(17, 183)
(17, 184)
(17, 205)
(17, 208)
(17, 82)
(17, 215)
(17, 218)
(17, 92)
(17, 223)
(17, 236)
(17, 210)
(17, 114)
(17, 115)
(17, 119)
(17, 123)
(18, 193)
(18, 177)
(18, 136)
(18, 129)
(18, 171)
(18, 206)
(18, 209)
(18, 179)
(18, 25)
(18, 238)
(18, 57)
(18, 72)
(18, 217)
(18, 154)
(18, 220)
(18, 23)
(19, 143)
(19, 153)
(19, 26)
(19, 27)
(19, 29)
(19, 32)
(19, 163)
(19, 199)
(19, 80)
(19, 209)
(19, 83)
(19, 85)
(19, 94)
(19, 101)
(19, 230)
(19, 81)
(19, 106)
(19, 109)
(19, 240)
(19, 245)
(19, 246)
(19, 247)
(19, 122)
(20, 43)
(20, 82)
(20, 114)
(20, 137)
(20, 183)
(20, 205)
(20, 208)
(20, 210)
(20, 52)
(20, 181)
(20, 73)
(20, 215)
(20, 24)
(20, 218)
(20, 190)
(21, 128)
(21, 131)
(21, 142)
(21, 148)
(21, 46)
(21, 28)
(21, 33)
(21, 34)
(21, 36)
(21, 165)
(21, 42)
(21, 174)
(21, 176)
(21, 182)
(21, 189)
(21, 192)
(21, 194)
(21, 195)
(21, 69)
(21, 73)
(21, 74)
(21, 75)
(21, 204)
(21, 211)
(21, 214)
(21, 219)
(21, 222)
(21, 95)
(21, 99)
(21, 111)
(21, 115)
(21, 249)
(21, 123)
(21, 127)
(22, 141)
(22, 88)
(22, 152)
(22, 159)
(22, 37)
(22, 38)
(22, 170)
(22, 221)
(22, 178)
(22, 54)
(22, 61)
(22, 63)
(22, 197)
(22, 70)
(22, 202)
(22, 216)
(22, 90)
(22, 91)
(22, 93)
(22, 225)
(22, 226)
(22, 227)
(22, 229)
(22, 105)
(22, 237)
(22, 239)
(22, 243)
(22, 244)
(22, 117)
(22, 124)
(22, 126)
(23, 193)
(23, 101)
(23, 177)
(23, 168)
(23, 140)
(23, 206)
(23, 240)
(23, 209)
(23, 57)
(23, 153)
(23, 27)
(23, 220)
(23, 29)
(24, 43)
(24, 104)
(24, 137)
(24, 119)
(24, 172)
(24, 114)
(24, 208)
(24, 40)
(24, 210)
(24, 52)
(24, 181)
(24, 183)
(24, 218)
(25, 193)
(25, 129)
(25, 136)
(25, 171)
(25, 238)
(25, 177)
(25, 179)
(25, 57)
(25, 72)
(25, 217)
(25, 154)
(26, 143)
(26, 153)
(26, 29)
(26, 32)
(26, 163)
(26, 37)
(26, 167)
(26, 168)
(26, 186)
(26, 191)
(26, 199)
(26, 200)
(26, 80)
(26, 81)
(26, 83)
(26, 85)
(26, 90)
(26, 94)
(26, 230)
(26, 103)
(26, 106)
(26, 109)
(26, 240)
(26, 245)
(26, 246)
(26, 247)
(26, 122)
(27, 193)
(27, 101)
(27, 81)
(27, 177)
(27, 168)
(27, 140)
(27, 206)
(27, 143)
(27, 240)
(27, 209)
(27, 57)
(27, 153)
(27, 220)
(27, 29)
(28, 128)
(28, 142)
(28, 146)
(28, 148)
(28, 161)
(28, 34)
(28, 164)
(28, 166)
(28, 45)
(28, 46)
(28, 48)
(28, 49)
(28, 182)
(28, 60)
(28, 189)
(28, 194)
(28, 195)
(28, 69)
(28, 33)
(28, 214)
(28, 249)
(28, 95)
(28, 96)
(28, 100)
(28, 107)
(28, 110)
(28, 111)
(28, 242)
(28, 121)
(29, 81)
(29, 135)
(29, 140)
(29, 143)
(29, 153)
(29, 158)
(29, 31)
(29, 168)
(29, 57)
(29, 206)
(29, 209)
(29, 83)
(29, 220)
(29, 101)
(29, 230)
(29, 103)
(29, 240)
(29, 122)
(30, 197)
(30, 198)
(30, 170)
(30, 173)
(30, 93)
(30, 239)
(30, 120)
(30, 50)
(30, 212)
(30, 117)
(30, 118)
(30, 56)
(30, 152)
(30, 88)
(30, 38)
(30, 70)
(30, 157)
(30, 126)
(31, 135)
(31, 138)
(31, 140)
(31, 143)
(31, 146)
(31, 151)
(31, 153)
(31, 158)
(31, 161)
(31, 167)
(31, 168)
(31, 45)
(31, 175)
(31, 49)
(31, 55)
(31, 186)
(31, 188)
(31, 64)
(31, 68)
(31, 71)
(31, 200)
(31, 79)
(31, 220)
(31, 96)
(31, 230)
(31, 103)
(31, 60)
(31, 107)
(31, 242)
(31, 248)
(31, 121)
(31, 122)
(31, 39)
(32, 163)
(32, 54)
(32, 191)
(32, 67)
(32, 199)
(32, 200)
(32, 77)
(32, 207)
(32, 80)
(32, 81)
(32, 83)
(32, 85)
(32, 90)
(32, 94)
(32, 97)
(32, 98)
(32, 233)
(32, 106)
(32, 109)
(32, 240)
(32, 245)
(32, 246)
(32, 247)
(32, 122)
(33, 128)
(33, 142)
(33, 148)
(33, 46)
(33, 161)
(33, 34)
(33, 164)
(33, 166)
(33, 174)
(33, 48)
(33, 49)
(33, 182)
(33, 60)
(33, 189)
(33, 194)
(33, 195)
(33, 69)
(33, 214)
(33, 36)
(33, 219)
(33, 95)
(33, 96)
(33, 100)
(33, 107)
(33, 110)
(33, 111)
(33, 249)
(34, 128)
(34, 142)
(34, 148)
(34, 159)
(34, 36)
(34, 166)
(34, 46)
(34, 48)
(34, 182)
(34, 184)
(34, 189)
(34, 194)
(34, 69)
(34, 214)
(34, 219)
(34, 222)
(34, 99)
(34, 100)
(34, 110)
(34, 111)
(34, 115)
(34, 249)
(34, 123)
(34, 124)
(35, 224)
(35, 65)
(35, 66)
(35, 132)
(35, 134)
(35, 145)
(35, 201)
(35, 234)
(35, 87)
(35, 108)
(35, 174)
(35, 44)
(35, 76)
(35, 241)
(35, 51)
(35, 180)
(35, 149)
(35, 169)
(35, 155)
(36, 131)
(36, 148)
(36, 46)
(36, 160)
(36, 165)
(36, 42)
(36, 174)
(36, 176)
(36, 182)
(36, 185)
(36, 187)
(36, 189)
(36, 192)
(36, 195)
(36, 73)
(36, 74)
(36, 75)
(36, 204)
(36, 211)
(36, 84)
(36, 213)
(36, 222)
(36, 95)
(36, 99)
(36, 235)
(36, 111)
(36, 112)
(36, 241)
(36, 249)
(36, 127)
(37, 138)
(37, 141)
(37, 151)
(37, 38)
(37, 167)
(37, 170)
(37, 199)
(37, 54)
(37, 186)
(37, 61)
(37, 62)
(37, 191)
(37, 64)
(37, 97)
(37, 200)
(37, 202)
(37, 77)
(37, 207)
(37, 85)
(37, 216)
(37, 90)
(37, 91)
(37, 225)
(37, 226)
(37, 227)
(37, 229)
(37, 230)
(37, 233)
(37, 244)
(37, 105)
(37, 122)
(38, 141)
(38, 88)
(38, 152)
(38, 157)
(38, 162)
(38, 170)
(38, 173)
(38, 50)
(38, 54)
(38, 61)
(38, 62)
(38, 191)
(38, 197)
(38, 70)
(38, 97)
(38, 77)
(38, 207)
(38, 212)
(38, 86)
(38, 216)
(38, 90)
(38, 91)
(38, 93)
(38, 225)
(38, 226)
(38, 227)
(38, 229)
(38, 233)
(38, 244)
(38, 118)
(38, 105)
(38, 120)
(38, 126)
(39, 130)
(39, 135)
(39, 140)
(39, 144)
(39, 147)
(39, 158)
(39, 161)
(39, 164)
(39, 45)
(39, 175)
(39, 55)
(39, 59)
(39, 188)
(39, 193)
(39, 66)
(39, 68)
(39, 71)
(39, 203)
(39, 78)
(39, 79)
(39, 96)
(39, 231)
(39, 107)
(39, 113)
(39, 248)
(39, 121)
(39, 125)
(40, 102)
(40, 198)
(40, 172)
(40, 119)
(40, 236)
(40, 114)
(40, 239)
(40, 208)
(40, 210)
(40, 52)
(40, 117)
(40, 183)
(40, 137)
(40, 218)
(40, 92)
(40, 223)
(41, 224)
(41, 192)
(41, 139)
(41, 228)
(41, 145)
(41, 201)
(41, 234)
(41, 235)
(41, 44)
(41, 241)
(41, 180)
(41, 213)
(41, 150)
(41, 89)
(41, 160)
(41, 185)
(41, 155)
(41, 127)
(41, 149)
(42, 192)
(42, 112)
(42, 131)
(42, 165)
(42, 73)
(42, 74)
(42, 235)
(42, 204)
(42, 176)
(42, 99)
(42, 75)
(42, 211)
(42, 84)
(42, 222)
(42, 182)
(42, 187)
(42, 190)
(43, 82)
(43, 104)
(43, 137)
(43, 215)
(43, 114)
(43, 208)
(43, 210)
(43, 52)
(43, 181)
(43, 183)
(43, 218)
(44, 134)
(44, 139)
(44, 145)
(44, 149)
(44, 150)
(44, 155)
(44, 160)
(44, 174)
(44, 176)
(44, 180)
(44, 185)
(44, 192)
(44, 195)
(44, 74)
(44, 75)
(44, 213)
(44, 87)
(44, 89)
(44, 95)
(44, 224)
(44, 228)
(44, 234)
(44, 235)
(44, 108)
(44, 241)
(44, 127)
(45, 138)
(45, 146)
(45, 147)
(45, 151)
(45, 158)
(45, 161)
(45, 164)
(45, 166)
(45, 168)
(45, 175)
(45, 48)
(45, 49)
(45, 55)
(45, 188)
(45, 64)
(45, 68)
(45, 69)
(45, 71)
(45, 78)
(45, 79)
(45, 96)
(45, 100)
(45, 103)
(45, 60)
(45, 107)
(45, 110)
(45, 242)
(45, 248)
(45, 121)
(46, 128)
(46, 131)
(46, 142)
(46, 148)
(46, 166)
(46, 182)
(46, 184)
(46, 189)
(46, 194)
(46, 195)
(46, 69)
(46, 73)
(46, 205)
(46, 214)
(46, 219)
(46, 222)
(46, 95)
(46, 99)
(46, 110)
(46, 111)
(46, 115)
(46, 249)
(46, 123)
(47, 193)
(47, 130)
(47, 171)
(47, 147)
(47, 231)
(47, 136)
(47, 203)
(47, 135)
(47, 238)
(47, 144)
(47, 177)
(47, 179)
(47, 78)
(47, 57)
(47, 72)
(47, 217)
(47, 58)
(47, 59)
(47, 188)
(47, 125)
(48, 128)
(48, 138)
(48, 142)
(48, 146)
(48, 148)
(48, 151)
(48, 158)
(48, 159)
(48, 161)
(48, 166)
(48, 49)
(48, 186)
(48, 60)
(48, 189)
(48, 64)
(48, 194)
(48, 69)
(48, 202)
(48, 214)
(48, 96)
(48, 100)
(48, 107)
(48, 110)
(48, 242)
(48, 121)
(48, 124)
(49, 138)
(49, 146)
(49, 148)
(49, 158)
(49, 161)
(49, 164)
(49, 166)
(49, 169)
(49, 175)
(49, 60)
(49, 64)
(49, 66)
(49, 69)
(49, 71)
(49, 79)
(49, 214)
(49, 96)
(49, 100)
(49, 107)
(49, 110)
(49, 242)
(49, 248)
(49, 121)
(50, 141)
(50, 152)
(50, 156)
(50, 157)
(50, 162)
(50, 170)
(50, 173)
(50, 53)
(50, 54)
(50, 61)
(50, 62)
(50, 191)
(50, 196)
(50, 197)
(50, 70)
(50, 77)
(50, 207)
(50, 212)
(50, 86)
(50, 88)
(50, 93)
(50, 97)
(50, 226)
(50, 232)
(50, 233)
(50, 244)
(50, 118)
(50, 120)
(50, 126)
(51, 224)
(51, 116)
(51, 66)
(51, 59)
(51, 164)
(51, 134)
(51, 113)
(51, 201)
(51, 87)
(51, 108)
(51, 76)
(51, 145)
(51, 180)
(51, 169)
(51, 132)
(51, 155)
(51, 65)
(52, 102)
(52, 104)
(52, 236)
(52, 119)
(52, 172)
(52, 114)
(52, 208)
(52, 210)
(52, 183)
(52, 137)
(52, 218)
(53, 162)
(53, 196)
(53, 133)
(53, 232)
(53, 173)
(53, 77)
(53, 207)
(53, 212)
(53, 86)
(53, 120)
(53, 98)
(53, 156)
(54, 141)
(54, 167)
(54, 170)
(54, 199)
(54, 173)
(54, 186)
(54, 61)
(54, 62)
(54, 191)
(54, 67)
(54, 70)
(54, 97)
(54, 200)
(54, 77)
(54, 207)
(54, 85)
(54, 90)
(54, 91)
(54, 93)
(54, 225)
(54, 226)
(54, 227)
(54, 229)
(54, 230)
(54, 233)
(54, 109)
(54, 244)
(54, 245)
(54, 105)
(54, 126)
(55, 130)
(55, 135)
(55, 140)
(55, 144)
(55, 147)
(55, 103)
(55, 158)
(55, 161)
(55, 164)
(55, 168)
(55, 175)
(55, 57)
(55, 59)
(55, 188)
(55, 193)
(55, 66)
(55, 68)
(55, 71)
(55, 203)
(55, 78)
(55, 79)
(55, 220)
(55, 96)
(55, 231)
(55, 107)
(55, 113)
(55, 248)
(55, 121)
(55, 125)
(56, 152)
(56, 157)
(56, 70)
(56, 170)
(56, 178)
(56, 63)
(56, 197)
(56, 198)
(56, 88)
(56, 93)
(56, 223)
(56, 102)
(56, 236)
(56, 237)
(56, 239)
(56, 117)
(56, 118)
(56, 126)
(57, 129)
(57, 136)
(57, 140)
(57, 153)
(57, 168)
(57, 220)
(57, 171)
(57, 177)
(57, 188)
(57, 193)
(57, 72)
(57, 206)
(57, 209)
(57, 217)
(57, 135)
(57, 238)
(58, 193)
(58, 130)
(58, 171)
(58, 231)
(58, 136)
(58, 203)
(58, 238)
(58, 144)
(58, 72)
(58, 179)
(58, 217)
(58, 59)
(58, 125)
(59, 130)
(59, 144)
(59, 147)
(59, 169)
(59, 188)
(59, 65)
(59, 66)
(59, 68)
(59, 71)
(59, 203)
(59, 76)
(59, 78)
(59, 79)
(59, 231)
(59, 113)
(59, 116)
(59, 248)
(59, 125)
(60, 138)
(60, 146)
(60, 151)
(60, 158)
(60, 161)
(60, 164)
(60, 166)
(60, 167)
(60, 175)
(60, 186)
(60, 64)
(60, 69)
(60, 71)
(60, 202)
(60, 79)
(60, 214)
(60, 96)
(60, 100)
(60, 230)
(60, 103)
(60, 107)
(60, 110)
(60, 242)
(60, 248)
(60, 121)
(61, 141)
(61, 88)
(61, 152)
(61, 157)
(61, 170)
(61, 173)
(61, 62)
(61, 191)
(61, 197)
(61, 70)
(61, 97)
(61, 77)
(61, 207)
(61, 85)
(61, 86)
(61, 216)
(61, 90)
(61, 91)
(61, 93)
(61, 225)
(61, 226)
(61, 227)
(61, 229)
(61, 233)
(61, 244)
(61, 118)
(61, 105)
(61, 120)
(61, 126)
(62, 141)
(62, 157)
(62, 162)
(62, 170)
(62, 173)
(62, 191)
(62, 67)
(62, 197)
(62, 70)
(62, 199)
(62, 77)
(62, 207)
(62, 212)
(62, 85)
(62, 86)
(62, 88)
(62, 90)
(62, 91)
(62, 93)
(62, 97)
(62, 226)
(62, 229)
(62, 233)
(62, 109)
(62, 244)
(62, 118)
(62, 105)
(62, 120)
(62, 126)
(63, 88)
(63, 152)
(63, 159)
(63, 170)
(63, 221)
(63, 178)
(63, 197)
(63, 198)
(63, 216)
(63, 91)
(63, 92)
(63, 93)
(63, 223)
(63, 225)
(63, 226)
(63, 227)
(63, 236)
(63, 237)
(63, 239)
(63, 243)
(63, 117)
(63, 124)
(63, 126)
(64, 138)
(64, 143)
(64, 146)
(64, 151)
(64, 158)
(64, 161)
(64, 166)
(64, 167)
(64, 168)
(64, 175)
(64, 186)
(64, 200)
(64, 202)
(64, 90)
(64, 96)
(64, 100)
(64, 229)
(64, 230)
(64, 103)
(64, 105)
(64, 110)
(64, 242)
(64, 121)
(64, 124)
(65, 130)
(65, 132)
(65, 113)
(65, 201)
(65, 87)
(65, 108)
(65, 66)
(65, 76)
(65, 145)
(65, 116)
(65, 169)
(66, 130)
(66, 134)
(66, 144)
(66, 147)
(66, 164)
(66, 169)
(66, 175)
(66, 68)
(66, 71)
(66, 203)
(66, 76)
(66, 78)
(66, 79)
(66, 87)
(66, 96)
(66, 231)
(66, 107)
(66, 108)
(66, 113)
(66, 116)
(66, 248)
(66, 121)
(66, 125)
(67, 133)
(67, 156)
(67, 163)
(67, 191)
(67, 199)
(67, 77)
(67, 207)
(67, 80)
(67, 83)
(67, 85)
(67, 86)
(67, 97)
(67, 98)
(67, 232)
(67, 233)
(67, 106)
(67, 109)
(67, 245)
(67, 246)
(67, 247)
(68, 130)
(68, 135)
(68, 140)
(68, 144)
(68, 147)
(68, 158)
(68, 161)
(68, 164)
(68, 175)
(68, 188)
(68, 193)
(68, 71)
(68, 203)
(68, 78)
(68, 79)
(68, 96)
(68, 231)
(68, 107)
(68, 113)
(68, 248)
(68, 121)
(68, 125)
(69, 128)
(69, 134)
(69, 142)
(69, 146)
(69, 148)
(69, 161)
(69, 164)
(69, 166)
(69, 174)
(69, 189)
(69, 194)
(69, 195)
(69, 79)
(69, 214)
(69, 249)
(69, 95)
(69, 96)
(69, 100)
(69, 107)
(69, 110)
(69, 111)
(69, 242)
(69, 248)
(69, 121)
(70, 141)
(70, 88)
(70, 152)
(70, 157)
(70, 162)
(70, 170)
(70, 173)
(70, 197)
(70, 77)
(70, 207)
(70, 212)
(70, 86)
(70, 216)
(70, 91)
(70, 93)
(70, 97)
(70, 226)
(70, 233)
(70, 244)
(70, 118)
(70, 120)
(70, 126)
(71, 130)
(71, 135)
(71, 140)
(71, 144)
(71, 147)
(71, 158)
(71, 161)
(71, 164)
(71, 169)
(71, 175)
(71, 188)
(71, 203)
(71, 78)
(71, 79)
(71, 96)
(71, 231)
(71, 107)
(71, 113)
(71, 248)
(71, 121)
(71, 125)
(72, 193)
(72, 171)
(72, 129)
(72, 231)
(72, 136)
(72, 188)
(72, 203)
(72, 140)
(72, 135)
(72, 238)
(72, 177)
(72, 179)
(72, 217)
(72, 154)
(72, 220)
(73, 131)
(73, 181)
(73, 182)
(73, 184)
(73, 187)
(73, 190)
(73, 205)
(73, 82)
(73, 211)
(73, 84)
(73, 215)
(73, 219)
(73, 92)
(73, 222)
(73, 99)
(73, 115)
(73, 123)
(74, 131)
(74, 149)
(74, 160)
(74, 165)
(74, 174)
(74, 176)
(74, 180)
(74, 185)
(74, 192)
(74, 195)
(74, 75)
(74, 204)
(74, 211)
(74, 213)
(74, 222)
(74, 95)
(74, 235)
(74, 111)
(74, 112)
(74, 241)
(74, 249)
(74, 127)
(75, 131)
(75, 160)
(75, 165)
(75, 174)
(75, 176)
(75, 180)
(75, 182)
(75, 185)
(75, 192)
(75, 195)
(75, 204)
(75, 211)
(75, 213)
(75, 222)
(75, 95)
(75, 99)
(75, 235)
(75, 111)
(75, 112)
(75, 241)
(75, 249)
(75, 127)
(76, 132)
(76, 113)
(76, 201)
(76, 87)
(76, 108)
(76, 145)
(76, 116)
(76, 169)
(76, 155)
(77, 141)
(77, 156)
(77, 157)
(77, 162)
(77, 170)
(77, 173)
(77, 191)
(77, 196)
(77, 199)
(77, 98)
(77, 207)
(77, 212)
(77, 85)
(77, 86)
(77, 90)
(77, 93)
(77, 97)
(77, 226)
(77, 232)
(77, 233)
(77, 109)
(77, 244)
(77, 245)
(77, 118)
(77, 247)
(77, 120)
(77, 126)
(78, 130)
(78, 135)
(78, 140)
(78, 144)
(78, 147)
(78, 161)
(78, 164)
(78, 175)
(78, 188)
(78, 203)
(78, 79)
(78, 96)
(78, 231)
(78, 107)
(78, 113)
(78, 116)
(78, 248)
(78, 121)
(78, 125)
(79, 144)
(79, 147)
(79, 158)
(79, 161)
(79, 164)
(79, 169)
(79, 175)
(79, 188)
(79, 203)
(79, 96)
(79, 231)
(79, 107)
(79, 108)
(79, 113)
(79, 242)
(79, 248)
(79, 121)
(80, 163)
(80, 199)
(80, 106)
(80, 109)
(80, 240)
(80, 81)
(80, 83)
(80, 245)
(80, 246)
(80, 247)
(80, 122)
(80, 94)
(80, 85)
(81, 143)
(81, 153)
(81, 163)
(81, 168)
(81, 199)
(81, 200)
(81, 206)
(81, 209)
(81, 83)
(81, 85)
(81, 94)
(81, 101)
(81, 230)
(81, 106)
(81, 240)
(81, 246)
(81, 247)
(81, 122)
(82, 137)
(82, 131)
(82, 181)
(82, 183)
(82, 184)
(82, 187)
(82, 190)
(82, 205)
(82, 208)
(82, 210)
(82, 211)
(82, 84)
(82, 215)
(82, 92)
(82, 99)
(82, 114)
(82, 115)
(82, 123)
(83, 143)
(83, 163)
(83, 199)
(83, 85)
(83, 94)
(83, 101)
(83, 106)
(83, 109)
(83, 240)
(83, 245)
(83, 246)
(83, 247)
(83, 122)
(84, 131)
(84, 165)
(84, 204)
(84, 112)
(84, 99)
(84, 211)
(84, 222)
(84, 215)
(84, 187)
(84, 190)
(84, 181)
(85, 141)
(85, 163)
(85, 167)
(85, 186)
(85, 191)
(85, 199)
(85, 200)
(85, 247)
(85, 207)
(85, 90)
(85, 97)
(85, 229)
(85, 230)
(85, 233)
(85, 106)
(85, 109)
(85, 244)
(85, 245)
(85, 246)
(85, 105)
(85, 122)
(86, 133)
(86, 156)
(86, 157)
(86, 162)
(86, 173)
(86, 196)
(86, 207)
(86, 212)
(86, 97)
(86, 98)
(86, 232)
(86, 233)
(86, 118)
(86, 120)
(86, 126)
(87, 224)
(87, 132)
(87, 134)
(87, 145)
(87, 201)
(87, 234)
(87, 108)
(87, 174)
(87, 241)
(87, 180)
(87, 149)
(87, 169)
(87, 155)
(88, 141)
(88, 152)
(88, 157)
(88, 170)
(88, 221)
(88, 178)
(88, 197)
(88, 198)
(88, 216)
(88, 91)
(88, 93)
(88, 225)
(88, 226)
(88, 227)
(88, 105)
(88, 237)
(88, 239)
(88, 243)
(88, 244)
(88, 117)
(88, 118)
(88, 126)
(89, 224)
(89, 192)
(89, 139)
(89, 228)
(89, 234)
(89, 235)
(89, 176)
(89, 241)
(89, 180)
(89, 213)
(89, 150)
(89, 160)
(89, 185)
(89, 155)
(89, 127)
(89, 149)
(90, 138)
(90, 141)
(90, 151)
(90, 167)
(90, 170)
(90, 199)
(90, 186)
(90, 191)
(90, 97)
(90, 200)
(90, 202)
(90, 207)
(90, 91)
(90, 225)
(90, 226)
(90, 227)
(90, 229)
(90, 230)
(90, 233)
(90, 244)
(90, 105)
(90, 122)
(91, 138)
(91, 141)
(91, 151)
(91, 159)
(91, 170)
(91, 93)
(91, 178)
(91, 186)
(91, 191)
(91, 202)
(91, 216)
(91, 221)
(91, 225)
(91, 226)
(91, 227)
(91, 229)
(91, 105)
(91, 237)
(91, 239)
(91, 243)
(91, 244)
(91, 124)
(91, 126)
(92, 128)
(92, 137)
(92, 142)
(92, 159)
(92, 178)
(92, 243)
(92, 181)
(92, 183)
(92, 184)
(92, 194)
(92, 205)
(92, 208)
(92, 210)
(92, 215)
(92, 219)
(92, 221)
(92, 223)
(92, 99)
(92, 236)
(92, 237)
(92, 114)
(92, 115)
(92, 123)
(93, 141)
(93, 152)
(93, 157)
(93, 170)
(93, 173)
(93, 178)
(93, 197)
(93, 97)
(93, 212)
(93, 216)
(93, 225)
(93, 226)
(93, 227)
(93, 233)
(93, 237)
(93, 239)
(93, 244)
(93, 117)
(93, 118)
(93, 105)
(93, 120)
(93, 126)
(94, 163)
(94, 101)
(94, 199)
(94, 106)
(94, 109)
(94, 240)
(94, 245)
(94, 246)
(94, 247)
(94, 122)
(95, 134)
(95, 148)
(95, 160)
(95, 165)
(95, 174)
(95, 176)
(95, 180)
(95, 182)
(95, 189)
(95, 192)
(95, 195)
(95, 204)
(95, 213)
(95, 214)
(95, 222)
(95, 224)
(95, 235)
(95, 111)
(95, 241)
(95, 249)
(95, 127)
(96, 138)
(96, 146)
(96, 147)
(96, 158)
(96, 161)
(96, 164)
(96, 166)
(96, 175)
(96, 214)
(96, 100)
(96, 103)
(96, 107)
(96, 110)
(96, 242)
(96, 248)
(96, 121)
(97, 141)
(97, 156)
(97, 162)
(97, 170)
(97, 173)
(97, 191)
(97, 199)
(97, 98)
(97, 207)
(97, 105)
(97, 226)
(97, 229)
(97, 232)
(97, 233)
(97, 109)
(97, 244)
(97, 245)
(97, 247)
(98, 162)
(98, 196)
(98, 133)
(98, 232)
(98, 233)
(98, 109)
(98, 207)
(98, 245)
(98, 246)
(98, 247)
(98, 156)
(99, 128)
(99, 131)
(99, 142)
(99, 148)
(99, 182)
(99, 184)
(99, 187)
(99, 189)
(99, 190)
(99, 194)
(99, 205)
(99, 211)
(99, 215)
(99, 219)
(99, 222)
(99, 111)
(99, 115)
(99, 249)
(99, 123)
(100, 128)
(100, 138)
(100, 142)
(100, 146)
(100, 148)
(100, 151)
(100, 158)
(100, 159)
(100, 161)
(100, 166)
(100, 186)
(100, 189)
(100, 194)
(100, 202)
(100, 214)
(100, 107)
(100, 110)
(100, 242)
(100, 121)
(100, 124)
(101, 206)
(101, 240)
(101, 209)
(101, 153)
(101, 220)
(102, 198)
(102, 172)
(102, 119)
(102, 236)
(102, 114)
(102, 239)
(102, 208)
(102, 210)
(102, 117)
(102, 183)
(102, 137)
(102, 218)
(102, 223)
(103, 140)
(103, 146)
(103, 151)
(103, 153)
(103, 158)
(103, 161)
(103, 167)
(103, 168)
(103, 175)
(103, 186)
(103, 138)
(103, 200)
(103, 143)
(103, 220)
(103, 230)
(103, 242)
(103, 121)
(103, 122)
(105, 138)
(105, 141)
(105, 151)
(105, 159)
(105, 167)
(105, 170)
(105, 186)
(105, 191)
(105, 200)
(105, 202)
(105, 216)
(105, 221)
(105, 225)
(105, 226)
(105, 227)
(105, 229)
(105, 230)
(105, 233)
(105, 237)
(105, 243)
(105, 244)
(105, 124)
(106, 163)
(106, 199)
(106, 109)
(106, 240)
(106, 245)
(106, 246)
(106, 247)
(106, 122)
(107, 134)
(107, 146)
(107, 147)
(107, 158)
(107, 161)
(107, 164)
(107, 166)
(107, 169)
(107, 175)
(107, 214)
(107, 108)
(107, 110)
(107, 242)
(107, 248)
(107, 121)
(108, 132)
(108, 134)
(108, 145)
(108, 155)
(108, 164)
(108, 169)
(108, 174)
(108, 180)
(108, 201)
(108, 224)
(108, 241)
(108, 248)
(109, 133)
(109, 163)
(109, 191)
(109, 199)
(109, 207)
(109, 232)
(109, 233)
(109, 245)
(109, 246)
(109, 247)
(110, 128)
(110, 138)
(110, 142)
(110, 146)
(110, 148)
(110, 151)
(110, 159)
(110, 161)
(110, 166)
(110, 186)
(110, 189)
(110, 194)
(110, 202)
(110, 214)
(110, 242)
(110, 121)
(110, 124)
(111, 128)
(111, 142)
(111, 148)
(111, 174)
(111, 166)
(111, 182)
(111, 189)
(111, 192)
(111, 194)
(111, 195)
(111, 214)
(111, 219)
(111, 222)
(111, 249)
(111, 123)
(112, 192)
(112, 160)
(112, 131)
(112, 165)
(112, 235)
(112, 204)
(112, 176)
(112, 211)
(112, 213)
(112, 185)
(112, 187)
(112, 222)
(112, 127)
(113, 130)
(113, 164)
(113, 231)
(113, 169)
(113, 203)
(113, 144)
(113, 147)
(113, 116)
(113, 248)
(113, 125)
(114, 137)
(114, 172)
(114, 181)
(114, 183)
(114, 184)
(114, 198)
(114, 205)
(114, 208)
(114, 210)
(114, 218)
(114, 223)
(114, 236)
(114, 119)
(115, 128)
(115, 142)
(115, 159)
(115, 182)
(115, 184)
(115, 189)
(115, 190)
(115, 194)
(115, 205)
(115, 215)
(115, 219)
(115, 221)
(115, 243)
(115, 123)
(116, 130)
(116, 132)
(116, 231)
(116, 169)
(116, 203)
(116, 144)
(116, 147)
(116, 125)
(117, 152)
(117, 157)
(117, 170)
(117, 178)
(117, 183)
(117, 197)
(117, 198)
(117, 216)
(117, 223)
(117, 225)
(117, 236)
(117, 237)
(117, 239)
(117, 243)
(117, 126)
(118, 162)
(118, 197)
(118, 170)
(118, 173)
(118, 120)
(118, 212)
(118, 152)
(118, 157)
(118, 126)
(119, 198)
(119, 172)
(119, 236)
(119, 208)
(119, 210)
(119, 183)
(119, 137)
(119, 218)
(119, 223)
(120, 152)
(120, 156)
(120, 157)
(120, 162)
(120, 170)
(120, 173)
(120, 196)
(120, 197)
(120, 207)
(120, 212)
(120, 232)
(120, 126)
(121, 138)
(121, 146)
(121, 147)
(121, 158)
(121, 161)
(121, 164)
(121, 166)
(121, 175)
(121, 188)
(121, 242)
(121, 248)
(122, 143)
(122, 153)
(122, 163)
(122, 167)
(122, 168)
(122, 186)
(122, 191)
(122, 199)
(122, 200)
(122, 229)
(122, 230)
(122, 240)
(122, 246)
(122, 247)
(123, 128)
(123, 142)
(123, 148)
(123, 159)
(123, 182)
(123, 184)
(123, 189)
(123, 190)
(123, 194)
(123, 205)
(123, 215)
(123, 219)
(123, 221)
(123, 243)
(123, 124)
(124, 128)
(124, 138)
(124, 142)
(124, 146)
(124, 148)
(124, 151)
(124, 159)
(124, 166)
(124, 178)
(124, 186)
(124, 189)
(124, 194)
(124, 202)
(124, 214)
(124, 216)
(124, 219)
(124, 221)
(124, 225)
(124, 227)
(124, 229)
(124, 237)
(124, 243)
(125, 130)
(125, 171)
(125, 231)
(125, 203)
(125, 135)
(125, 144)
(125, 147)
(125, 188)
(126, 141)
(126, 152)
(126, 157)
(126, 170)
(126, 173)
(126, 197)
(126, 212)
(126, 216)
(126, 226)
(126, 178)
(126, 233)
(126, 239)
(126, 244)
(127, 150)
(127, 160)
(127, 165)
(127, 174)
(127, 176)
(127, 180)
(127, 185)
(127, 192)
(127, 195)
(127, 204)
(127, 213)
(127, 222)
(127, 224)
(127, 235)
(127, 241)
(127, 249)
(127, 149)
(128, 142)
(128, 148)
(128, 159)
(128, 166)
(128, 182)
(128, 184)
(128, 189)
(128, 194)
(128, 205)
(128, 214)
(128, 219)
(128, 221)
(128, 222)
(128, 243)
(128, 249)
(129, 193)
(129, 136)
(129, 171)
(129, 238)
(129, 177)
(129, 179)
(129, 217)
(129, 154)
(130, 203)
(130, 144)
(130, 147)
(130, 231)
(131, 165)
(131, 176)
(131, 182)
(131, 187)
(131, 190)
(131, 192)
(131, 204)
(131, 211)
(131, 215)
(131, 222)
(132, 224)
(132, 134)
(132, 201)
(132, 234)
(132, 145)
(132, 169)
(132, 155)
(133, 162)
(133, 196)
(133, 232)
(133, 156)
(134, 145)
(134, 155)
(134, 164)
(134, 169)
(134, 174)
(134, 180)
(134, 195)
(134, 201)
(134, 224)
(134, 241)
(134, 249)
(135, 136)
(135, 140)
(135, 144)
(135, 147)
(135, 153)
(135, 158)
(135, 168)
(135, 171)
(135, 175)
(135, 177)
(135, 188)
(135, 193)
(135, 203)
(135, 206)
(135, 217)
(135, 220)
(135, 231)
(136, 193)
(136, 171)
(136, 238)
(136, 177)
(136, 179)
(136, 217)
(136, 154)
(137, 172)
(137, 181)
(137, 183)
(137, 184)
(137, 205)
(137, 208)
(137, 215)
(137, 218)
(137, 223)
(137, 236)
(137, 210)
(138, 146)
(138, 151)
(138, 158)
(138, 161)
(138, 166)
(138, 167)
(138, 186)
(138, 159)
(138, 200)
(138, 202)
(138, 221)
(138, 225)
(138, 227)
(138, 229)
(138, 230)
(138, 242)
(139, 224)
(139, 228)
(139, 234)
(139, 149)
(139, 150)
(139, 155)
(140, 147)
(140, 153)
(140, 158)
(140, 168)
(140, 171)
(140, 175)
(140, 177)
(140, 188)
(140, 193)
(140, 203)
(140, 206)
(140, 209)
(140, 220)
(140, 231)
(141, 157)
(141, 167)
(141, 170)
(141, 173)
(141, 186)
(141, 191)
(141, 197)
(141, 199)
(141, 200)
(141, 207)
(141, 216)
(141, 225)
(141, 226)
(141, 227)
(141, 229)
(141, 233)
(141, 237)
(141, 244)
(142, 148)
(142, 159)
(142, 166)
(142, 182)
(142, 184)
(142, 189)
(142, 194)
(142, 202)
(142, 205)
(142, 214)
(142, 219)
(142, 221)
(142, 225)
(142, 237)
(142, 243)
(143, 151)
(143, 153)
(143, 158)
(143, 163)
(143, 167)
(143, 168)
(143, 186)
(143, 199)
(143, 200)
(143, 209)
(143, 220)
(143, 230)
(143, 240)
(144, 147)
(144, 171)
(144, 175)
(144, 188)
(144, 203)
(144, 231)
(144, 248)
(145, 224)
(145, 201)
(145, 234)
(145, 174)
(145, 241)
(145, 180)
(145, 149)
(145, 169)
(145, 155)
(146, 151)
(146, 158)
(146, 161)
(146, 166)
(146, 167)
(146, 175)
(146, 186)
(146, 200)
(146, 202)
(146, 214)
(146, 229)
(146, 230)
(146, 242)
(147, 175)
(147, 164)
(147, 188)
(147, 203)
(147, 231)
(147, 248)
(148, 174)
(148, 166)
(148, 182)
(148, 189)
(148, 194)
(148, 195)
(148, 214)
(148, 219)
(148, 222)
(148, 249)
(149, 150)
(149, 155)
(149, 160)
(149, 174)
(149, 176)
(149, 180)
(149, 185)
(149, 192)
(149, 201)
(149, 213)
(149, 224)
(149, 228)
(149, 234)
(149, 235)
(149, 241)
(150, 224)
(150, 192)
(150, 228)
(150, 234)
(150, 235)
(150, 241)
(150, 180)
(150, 213)
(150, 160)
(150, 185)
(150, 155)
(151, 158)
(151, 161)
(151, 166)
(151, 167)
(151, 186)
(151, 159)
(151, 191)
(151, 200)
(151, 202)
(151, 221)
(151, 225)
(151, 227)
(151, 229)
(151, 230)
(151, 242)
(152, 157)
(152, 170)
(152, 173)
(152, 197)
(152, 198)
(152, 226)
(152, 178)
(152, 239)
(153, 158)
(153, 168)
(153, 177)
(153, 209)
(153, 188)
(153, 193)
(153, 206)
(153, 220)
(153, 240)
(154, 238)
(154, 177)
(154, 179)
(154, 217)
(155, 180)
(155, 201)
(155, 224)
(155, 228)
(155, 234)
(155, 241)
(156, 162)
(156, 196)
(156, 232)
(156, 173)
(156, 207)
(156, 212)
(157, 170)
(157, 173)
(157, 197)
(157, 212)
(157, 226)
(157, 239)
(157, 244)
(158, 161)
(158, 167)
(158, 168)
(158, 175)
(158, 186)
(158, 200)
(158, 230)
(158, 188)
(158, 242)
(158, 248)
(159, 219)
(159, 166)
(159, 178)
(159, 184)
(159, 189)
(159, 194)
(159, 202)
(159, 216)
(159, 221)
(159, 225)
(159, 227)
(159, 237)
(159, 243)
(160, 165)
(160, 174)
(160, 176)
(160, 180)
(160, 185)
(160, 192)
(160, 195)
(160, 204)
(160, 213)
(160, 222)
(160, 235)
(160, 241)
(161, 164)
(161, 166)
(161, 175)
(161, 214)
(161, 242)
(161, 248)
(162, 196)
(162, 232)
(162, 233)
(162, 173)
(162, 207)
(162, 212)
(163, 199)
(163, 240)
(163, 245)
(163, 246)
(163, 247)
(164, 169)
(164, 175)
(164, 242)
(164, 248)
(165, 174)
(165, 176)
(165, 182)
(165, 185)
(165, 187)
(165, 192)
(165, 195)
(165, 204)
(165, 211)
(165, 213)
(165, 222)
(165, 235)
(165, 241)
(165, 249)
(166, 182)
(166, 189)
(166, 194)
(166, 202)
(166, 214)
(166, 219)
(166, 242)
(166, 249)
(167, 186)
(167, 191)
(167, 199)
(167, 200)
(167, 202)
(167, 229)
(167, 230)
(167, 242)
(167, 244)
(168, 175)
(168, 209)
(168, 188)
(168, 206)
(168, 220)
(168, 230)
(168, 240)
(169, 180)
(169, 248)
(170, 173)
(170, 178)
(170, 191)
(170, 197)
(170, 207)
(170, 216)
(170, 221)
(170, 225)
(170, 226)
(170, 227)
(170, 229)
(170, 233)
(170, 237)
(170, 239)
(170, 244)
(171, 193)
(171, 231)
(171, 203)
(171, 238)
(171, 177)
(171, 179)
(171, 217)
(171, 188)
(172, 198)
(172, 236)
(172, 208)
(172, 210)
(172, 183)
(172, 218)
(172, 223)
(173, 196)
(173, 197)
(173, 207)
(173, 212)
(173, 226)
(173, 232)
(173, 233)
(173, 244)
(174, 176)
(174, 180)
(174, 192)
(174, 195)
(174, 213)
(174, 222)
(174, 224)
(174, 235)
(174, 241)
(174, 249)
(175, 203)
(175, 231)
(175, 188)
(175, 242)
(175, 248)
(176, 180)
(176, 185)
(176, 192)
(176, 195)
(176, 204)
(176, 211)
(176, 213)
(176, 222)
(176, 235)
(176, 241)
(176, 249)
(177, 179)
(177, 188)
(177, 193)
(177, 206)
(177, 209)
(177, 217)
(177, 220)
(177, 238)
(178, 197)
(178, 198)
(178, 216)
(178, 221)
(178, 223)
(178, 225)
(178, 226)
(178, 227)
(178, 236)
(178, 237)
(178, 239)
(178, 243)
(179, 193)
(179, 231)
(179, 238)
(179, 217)
(180, 192)
(180, 195)
(180, 201)
(180, 213)
(180, 224)
(180, 234)
(180, 235)
(180, 241)
(180, 249)
(181, 183)
(181, 205)
(181, 208)
(181, 210)
(181, 215)
(181, 187)
(181, 190)
(182, 184)
(182, 187)
(182, 189)
(182, 190)
(182, 194)
(182, 195)
(182, 205)
(182, 211)
(182, 214)
(182, 215)
(182, 219)
(182, 222)
(182, 249)
(183, 184)
(183, 198)
(183, 205)
(183, 208)
(183, 218)
(183, 223)
(183, 236)
(183, 210)
(183, 239)
(184, 189)
(184, 190)
(184, 194)
(184, 205)
(184, 215)
(184, 219)
(184, 221)
(184, 223)
(184, 210)
(184, 243)
(185, 192)
(185, 195)
(185, 235)
(185, 204)
(185, 241)
(185, 213)
(185, 222)
(186, 191)
(186, 199)
(186, 200)
(186, 202)
(186, 227)
(186, 229)
(186, 230)
(186, 242)
(186, 244)
(187, 204)
(187, 211)
(187, 222)
(187, 215)
(187, 190)
(188, 193)
(188, 203)
(188, 220)
(188, 231)
(188, 248)
(189, 194)
(189, 214)
(189, 219)
(189, 222)
(189, 249)
(190, 205)
(190, 211)
(190, 215)
(191, 199)
(191, 200)
(191, 207)
(191, 226)
(191, 229)
(191, 230)
(191, 233)
(191, 244)
(191, 245)
(191, 247)
(192, 195)
(192, 204)
(192, 213)
(192, 222)
(192, 224)
(192, 235)
(192, 241)
(192, 249)
(193, 203)
(193, 206)
(193, 209)
(193, 217)
(193, 220)
(193, 231)
(193, 238)
(194, 243)
(194, 202)
(194, 205)
(194, 214)
(194, 219)
(194, 221)
(195, 204)
(195, 213)
(195, 214)
(195, 222)
(195, 224)
(195, 235)
(195, 241)
(195, 249)
(196, 232)
(196, 207)
(196, 212)
(197, 198)
(197, 212)
(197, 226)
(197, 239)
(198, 236)
(198, 239)
(198, 218)
(198, 223)
(199, 200)
(199, 207)
(199, 229)
(199, 230)
(199, 233)
(199, 240)
(199, 244)
(199, 245)
(199, 246)
(199, 247)
(200, 202)
(200, 229)
(200, 230)
(200, 233)
(200, 242)
(200, 244)
(201, 224)
(201, 234)
(202, 214)
(202, 216)
(202, 221)
(202, 225)
(202, 227)
(202, 229)
(202, 230)
(202, 237)
(202, 242)
(202, 243)
(203, 231)
(203, 248)
(204, 211)
(204, 213)
(204, 222)
(204, 235)
(204, 241)
(205, 208)
(205, 215)
(205, 219)
(205, 223)
(205, 210)
(206, 240)
(206, 209)
(206, 220)
(207, 212)
(207, 226)
(207, 232)
(207, 233)
(207, 244)
(207, 245)
(207, 247)
(208, 215)
(208, 218)
(208, 223)
(208, 236)
(208, 210)
(209, 240)
(209, 220)
(210, 215)
(210, 218)
(210, 223)
(210, 236)
(211, 215)
(211, 222)
(212, 232)
(213, 222)
(213, 224)
(213, 228)
(213, 235)
(213, 241)
(214, 219)
(214, 242)
(214, 249)
(216, 221)
(216, 225)
(216, 226)
(216, 227)
(216, 229)
(216, 237)
(216, 239)
(216, 243)
(216, 244)
(217, 231)
(217, 238)
(218, 236)
(218, 223)
(219, 243)
(219, 221)
(220, 240)
(221, 243)
(221, 225)
(221, 226)
(221, 227)
(221, 229)
(221, 237)
(221, 239)
(222, 235)
(222, 241)
(222, 249)
(223, 236)
(223, 237)
(223, 239)
(223, 243)
(224, 228)
(224, 234)
(224, 241)
(225, 226)
(225, 227)
(225, 229)
(225, 237)
(225, 239)
(225, 243)
(225, 244)
(226, 227)
(226, 229)
(226, 233)
(226, 237)
(226, 244)
(227, 229)
(227, 237)
(227, 243)
(227, 244)
(228, 234)
(229, 230)
(229, 233)
(229, 244)
(230, 240)
(230, 242)
(231, 248)
(232, 245)
(233, 244)
(233, 245)
(233, 247)
(235, 241)
(236, 239)
(237, 239)
(237, 243)
(239, 243)
(240, 246)
(240, 247)
(241, 249)
(242, 248)
(245, 246)
(245, 247)
(246, 247)
