#Nodes
0
1
2
3
4
5
6
7
8
9
10
11
12
13
14
15
16
17
18
19
20
21
22
23
24
25
26
27
28
29
30
31
32
33
34
35
36
37
38
39
40
41
42
43
44
45
46
47
48
49
50
51
52
53
54
55
56
57
58
59
60
61
62
63
64
65
66
67
68
69
70
71
72
73
74
75
76
77
78
79
80
81
82
83
84
85
86
87
88
89
90
91
92
93
94
95
96
97
98
99
100
101
102
103
104
105
106
107
108
109
110
111
112
113
114
115
116
117
118
119
120
121
122
123
124
125
126
127
128
129
130
131
132
133
134
135
136
137
138
139
140
141
142
143
144
145
146
147
148
149
150
151
152
153
154
155
156
157
158
159
160
161
162
163
164
165
166
167
168
169
170
171
172
173
174
175
176
177
178
179
180
181
182
183
184
185
186
187
188
189
190
191
192
193
194
195
196
197
198
199
200
201
202
203
204
205
206
207
208
209
210
211
212
213
214
215
216
217
218
219
220
221
222
223
224
225
226
227
228
229
230
231
232
233
234
235
236
237
238
239
240
241
242
243
244
245
246
247
248
249
#Edges
(0, 224)
(0, 160)
(0, 227)
(0, 17)
(0, 72)
(0, 105)
(0, 203)
(0, 109)
(0, 46)
(0, 13)
(0, 16)
(0, 209)
(0, 148)
(0, 246)
(0, 52)
(0, 60)
(1, 3)
(1, 136)
(1, 15)
(1, 150)
(1, 26)
(1, 33)
(1, 170)
(1, 221)
(1, 49)
(1, 50)
(1, 58)
(1, 223)
(1, 117)
(1, 191)
(1, 192)
(1, 67)
(1, 69)
(1, 198)
(1, 77)
(1, 80)
(1, 82)
(1, 91)
(1, 92)
(1, 93)
(1, 222)
(1, 95)
(1, 226)
(1, 59)
(1, 100)
(1, 234)
(1, 245)
(2, 133)
(2, 153)
(2, 164)
(2, 45)
(2, 175)
(2, 181)
(2, 55)
(2, 185)
(2, 53)
(2, 71)
(2, 73)
(2, 206)
(2, 79)
(2, 83)
(2, 84)
(2, 86)
(2, 88)
(2, 97)
(2, 235)
(2, 240)
(2, 113)
(2, 243)
(2, 248)
(2, 123)
(3, 136)
(3, 15)
(3, 150)
(3, 26)
(3, 33)
(3, 170)
(3, 221)
(3, 49)
(3, 50)
(3, 58)
(3, 223)
(3, 117)
(3, 191)
(3, 67)
(3, 69)
(3, 198)
(3, 80)
(3, 82)
(3, 91)
(3, 92)
(3, 93)
(3, 222)
(3, 95)
(3, 226)
(3, 59)
(3, 100)
(3, 234)
(3, 107)
(3, 237)
(3, 112)
(3, 245)
(4, 128)
(4, 129)
(4, 130)
(4, 131)
(4, 141)
(4, 142)
(4, 145)
(4, 18)
(4, 21)
(4, 23)
(4, 25)
(4, 157)
(4, 30)
(4, 31)
(4, 32)
(4, 163)
(4, 171)
(4, 188)
(4, 61)
(4, 67)
(4, 200)
(4, 74)
(4, 77)
(4, 207)
(4, 81)
(4, 85)
(4, 215)
(4, 99)
(4, 231)
(4, 249)
(4, 126)
(5, 64)
(5, 161)
(5, 35)
(5, 197)
(5, 166)
(5, 137)
(5, 202)
(5, 12)
(5, 173)
(5, 174)
(5, 205)
(5, 48)
(5, 177)
(5, 147)
(5, 116)
(5, 78)
(5, 70)
(6, 224)
(6, 135)
(6, 168)
(6, 137)
(6, 109)
(6, 13)
(6, 17)
(6, 179)
(6, 41)
(6, 152)
(6, 121)
(6, 189)
(6, 63)
(7, 97)
(7, 66)
(7, 164)
(7, 165)
(7, 73)
(7, 42)
(7, 235)
(7, 76)
(7, 241)
(7, 243)
(7, 84)
(7, 86)
(7, 55)
(7, 88)
(7, 57)
(7, 154)
(7, 125)
(7, 62)
(7, 133)
(8, 136)
(8, 11)
(8, 143)
(8, 160)
(8, 219)
(8, 39)
(8, 46)
(8, 182)
(8, 58)
(8, 60)
(8, 203)
(8, 209)
(8, 218)
(8, 91)
(8, 93)
(8, 222)
(8, 95)
(8, 227)
(8, 107)
(8, 237)
(8, 238)
(8, 112)
(8, 242)
(8, 117)
(8, 246)
(9, 138)
(9, 140)
(9, 15)
(9, 144)
(9, 20)
(9, 22)
(9, 151)
(9, 24)
(9, 26)
(9, 155)
(9, 29)
(9, 161)
(9, 36)
(9, 38)
(9, 174)
(9, 49)
(9, 184)
(9, 186)
(9, 193)
(9, 196)
(9, 201)
(9, 78)
(9, 211)
(9, 214)
(9, 90)
(9, 94)
(9, 225)
(9, 98)
(9, 230)
(9, 234)
(9, 239)
(9, 127)
(10, 96)
(10, 176)
(10, 199)
(10, 233)
(10, 75)
(10, 236)
(10, 47)
(10, 208)
(10, 114)
(10, 244)
(10, 213)
(10, 119)
(10, 20)
(10, 90)
(10, 44)
(10, 190)
(10, 159)
(11, 227)
(11, 39)
(11, 46)
(11, 210)
(11, 238)
(11, 143)
(11, 112)
(11, 43)
(11, 242)
(11, 117)
(11, 246)
(11, 89)
(11, 218)
(11, 219)
(11, 124)
(11, 222)
(11, 95)
(12, 64)
(12, 35)
(12, 70)
(12, 202)
(12, 205)
(12, 173)
(12, 48)
(12, 177)
(12, 147)
(12, 116)
(13, 224)
(13, 160)
(13, 227)
(13, 17)
(13, 135)
(13, 168)
(13, 105)
(13, 203)
(13, 109)
(13, 16)
(13, 209)
(13, 148)
(13, 72)
(13, 52)
(13, 60)
(13, 63)
(14, 64)
(14, 162)
(14, 35)
(14, 228)
(14, 172)
(14, 173)
(14, 110)
(14, 147)
(14, 118)
(14, 158)
(15, 138)
(15, 144)
(15, 149)
(15, 150)
(15, 26)
(15, 155)
(15, 33)
(15, 221)
(15, 49)
(15, 50)
(15, 183)
(15, 59)
(15, 191)
(15, 192)
(15, 193)
(15, 196)
(15, 69)
(15, 198)
(15, 80)
(15, 82)
(15, 211)
(15, 91)
(15, 93)
(15, 94)
(15, 225)
(15, 226)
(15, 230)
(15, 234)
(15, 239)
(15, 245)
(15, 127)
(16, 224)
(16, 160)
(16, 72)
(16, 105)
(16, 203)
(16, 109)
(16, 17)
(16, 148)
(16, 52)
(17, 135)
(17, 148)
(17, 152)
(17, 160)
(17, 168)
(17, 46)
(17, 52)
(17, 182)
(17, 60)
(17, 63)
(17, 72)
(17, 203)
(17, 209)
(17, 224)
(17, 227)
(17, 105)
(17, 109)
(17, 246)
(18, 130)
(18, 141)
(18, 142)
(18, 21)
(18, 23)
(18, 25)
(18, 28)
(18, 157)
(18, 40)
(18, 156)
(18, 171)
(18, 180)
(18, 187)
(18, 61)
(18, 194)
(18, 207)
(18, 81)
(18, 215)
(18, 220)
(18, 99)
(18, 231)
(18, 108)
(18, 120)
(18, 249)
(18, 126)
(19, 140)
(19, 146)
(19, 153)
(19, 154)
(19, 34)
(19, 164)
(19, 165)
(19, 167)
(19, 45)
(19, 175)
(19, 176)
(19, 53)
(19, 184)
(19, 190)
(19, 66)
(19, 68)
(19, 201)
(19, 83)
(19, 214)
(19, 87)
(19, 88)
(19, 36)
(19, 37)
(19, 229)
(19, 232)
(19, 236)
(19, 111)
(19, 240)
(19, 113)
(19, 115)
(19, 247)
(19, 123)
(20, 132)
(20, 139)
(20, 140)
(20, 151)
(20, 24)
(20, 29)
(20, 159)
(20, 38)
(20, 44)
(20, 47)
(20, 176)
(20, 184)
(20, 186)
(20, 190)
(20, 193)
(20, 75)
(20, 199)
(20, 201)
(20, 119)
(20, 208)
(20, 213)
(20, 214)
(20, 90)
(20, 98)
(20, 102)
(20, 232)
(20, 233)
(20, 236)
(20, 114)
(20, 115)
(20, 244)
(20, 247)
(20, 122)
(21, 128)
(21, 129)
(21, 130)
(21, 134)
(21, 141)
(21, 142)
(21, 145)
(21, 23)
(21, 25)
(21, 28)
(21, 157)
(21, 163)
(21, 40)
(21, 171)
(21, 180)
(21, 187)
(21, 61)
(21, 194)
(21, 207)
(21, 81)
(21, 85)
(21, 215)
(21, 217)
(21, 220)
(21, 99)
(21, 231)
(21, 108)
(21, 120)
(21, 249)
(21, 126)
(22, 144)
(22, 151)
(22, 24)
(22, 26)
(22, 155)
(22, 161)
(22, 70)
(22, 166)
(22, 49)
(22, 174)
(22, 48)
(22, 177)
(22, 178)
(22, 179)
(22, 54)
(22, 183)
(22, 193)
(22, 198)
(22, 78)
(22, 211)
(22, 221)
(22, 94)
(22, 225)
(22, 226)
(22, 38)
(22, 104)
(22, 234)
(22, 245)
(23, 130)
(23, 134)
(23, 142)
(23, 25)
(23, 28)
(23, 157)
(23, 163)
(23, 40)
(23, 171)
(23, 180)
(23, 187)
(23, 61)
(23, 194)
(23, 207)
(23, 81)
(23, 212)
(23, 215)
(23, 217)
(23, 220)
(23, 99)
(23, 103)
(23, 106)
(23, 108)
(23, 120)
(23, 249)
(24, 132)
(24, 139)
(24, 151)
(24, 29)
(24, 161)
(24, 166)
(24, 174)
(24, 47)
(24, 186)
(24, 64)
(24, 193)
(24, 197)
(24, 75)
(24, 78)
(24, 211)
(24, 213)
(24, 98)
(24, 228)
(24, 38)
(24, 102)
(24, 244)
(24, 122)
(25, 130)
(25, 141)
(25, 142)
(25, 28)
(25, 157)
(25, 40)
(25, 156)
(25, 180)
(25, 187)
(25, 61)
(25, 194)
(25, 207)
(25, 81)
(25, 215)
(25, 220)
(25, 99)
(25, 231)
(25, 108)
(25, 120)
(25, 249)
(25, 126)
(26, 144)
(26, 150)
(26, 155)
(26, 166)
(26, 50)
(26, 174)
(26, 221)
(26, 48)
(26, 49)
(26, 178)
(26, 54)
(26, 183)
(26, 58)
(26, 59)
(26, 191)
(26, 193)
(26, 198)
(26, 82)
(26, 211)
(26, 91)
(26, 93)
(26, 94)
(26, 225)
(26, 226)
(26, 230)
(26, 104)
(26, 234)
(26, 237)
(26, 245)
(27, 65)
(27, 130)
(27, 195)
(27, 134)
(27, 103)
(27, 169)
(27, 106)
(27, 43)
(27, 238)
(27, 143)
(27, 92)
(27, 210)
(27, 212)
(27, 89)
(27, 56)
(27, 217)
(27, 218)
(27, 124)
(27, 39)
(27, 223)
(28, 194)
(28, 231)
(28, 40)
(28, 156)
(28, 108)
(28, 61)
(28, 207)
(28, 180)
(28, 215)
(28, 120)
(28, 187)
(28, 220)
(28, 157)
(28, 126)
(29, 132)
(29, 138)
(29, 140)
(29, 144)
(29, 151)
(29, 155)
(29, 161)
(29, 38)
(29, 174)
(29, 47)
(29, 184)
(29, 186)
(29, 190)
(29, 193)
(29, 196)
(29, 199)
(29, 201)
(29, 78)
(29, 211)
(29, 214)
(29, 90)
(29, 94)
(29, 225)
(29, 98)
(29, 102)
(29, 230)
(29, 244)
(29, 247)
(29, 127)
(30, 128)
(30, 129)
(30, 141)
(30, 142)
(30, 145)
(30, 157)
(30, 31)
(30, 32)
(30, 163)
(30, 51)
(30, 192)
(30, 67)
(30, 200)
(30, 74)
(30, 204)
(30, 77)
(30, 81)
(30, 85)
(30, 216)
(30, 99)
(30, 101)
(30, 241)
(30, 249)
(30, 126)
(31, 128)
(31, 129)
(31, 141)
(31, 142)
(31, 145)
(31, 157)
(31, 32)
(31, 163)
(31, 51)
(31, 57)
(31, 192)
(31, 67)
(31, 200)
(31, 74)
(31, 204)
(31, 77)
(31, 81)
(31, 85)
(31, 216)
(31, 99)
(31, 101)
(31, 241)
(31, 249)
(32, 128)
(32, 129)
(32, 131)
(32, 141)
(32, 142)
(32, 157)
(32, 42)
(32, 51)
(32, 57)
(32, 188)
(32, 200)
(32, 74)
(32, 204)
(32, 81)
(32, 85)
(32, 99)
(32, 101)
(32, 241)
(32, 249)
(32, 126)
(33, 145)
(33, 67)
(33, 150)
(33, 163)
(33, 170)
(33, 171)
(33, 50)
(33, 59)
(33, 191)
(33, 192)
(33, 65)
(33, 195)
(33, 69)
(33, 74)
(33, 77)
(33, 80)
(33, 82)
(33, 85)
(33, 217)
(33, 91)
(33, 92)
(33, 93)
(33, 223)
(33, 100)
(33, 103)
(33, 117)
(34, 138)
(34, 140)
(34, 146)
(34, 149)
(34, 153)
(34, 154)
(34, 111)
(34, 36)
(34, 165)
(34, 167)
(34, 176)
(34, 53)
(34, 184)
(34, 190)
(34, 66)
(34, 68)
(34, 201)
(34, 83)
(34, 214)
(34, 87)
(34, 88)
(34, 37)
(34, 98)
(34, 229)
(34, 232)
(34, 236)
(34, 239)
(34, 240)
(34, 113)
(34, 115)
(34, 247)
(34, 127)
(35, 64)
(35, 197)
(35, 70)
(35, 202)
(35, 205)
(35, 173)
(35, 177)
(35, 147)
(35, 116)
(36, 138)
(36, 140)
(36, 146)
(36, 149)
(36, 68)
(36, 154)
(36, 165)
(36, 167)
(36, 51)
(36, 184)
(36, 193)
(36, 66)
(36, 196)
(36, 201)
(36, 204)
(36, 214)
(36, 87)
(36, 216)
(36, 37)
(36, 98)
(36, 229)
(36, 230)
(36, 239)
(36, 115)
(36, 247)
(36, 127)
(37, 140)
(37, 146)
(37, 153)
(37, 154)
(37, 164)
(37, 165)
(37, 167)
(37, 176)
(37, 53)
(37, 184)
(37, 190)
(37, 66)
(37, 68)
(37, 201)
(37, 83)
(37, 214)
(37, 87)
(37, 88)
(37, 229)
(37, 232)
(37, 236)
(37, 111)
(37, 240)
(37, 113)
(37, 115)
(37, 247)
(37, 123)
(38, 132)
(38, 139)
(38, 151)
(38, 161)
(38, 166)
(38, 174)
(38, 47)
(38, 186)
(38, 193)
(38, 197)
(38, 199)
(38, 75)
(38, 78)
(38, 211)
(38, 213)
(38, 90)
(38, 98)
(38, 228)
(38, 102)
(38, 244)
(38, 122)
(39, 143)
(39, 219)
(39, 43)
(39, 46)
(39, 56)
(39, 223)
(39, 65)
(39, 195)
(39, 210)
(39, 89)
(39, 218)
(39, 91)
(39, 92)
(39, 93)
(39, 222)
(39, 95)
(39, 100)
(39, 103)
(39, 107)
(39, 238)
(39, 112)
(39, 242)
(39, 117)
(39, 124)
(40, 194)
(40, 231)
(40, 156)
(40, 108)
(40, 130)
(40, 207)
(40, 180)
(40, 215)
(40, 120)
(40, 187)
(40, 220)
(40, 61)
(41, 70)
(41, 135)
(41, 168)
(41, 137)
(41, 48)
(41, 177)
(41, 178)
(41, 179)
(41, 116)
(41, 54)
(41, 152)
(41, 121)
(41, 189)
(41, 104)
(41, 63)
(42, 101)
(42, 76)
(42, 241)
(42, 51)
(42, 57)
(42, 154)
(42, 188)
(42, 125)
(42, 62)
(42, 165)
(43, 65)
(43, 195)
(43, 134)
(43, 103)
(43, 169)
(43, 106)
(43, 238)
(43, 143)
(43, 112)
(43, 210)
(43, 212)
(43, 89)
(43, 56)
(43, 217)
(43, 218)
(43, 219)
(43, 124)
(43, 223)
(44, 96)
(44, 176)
(44, 75)
(44, 199)
(44, 233)
(44, 139)
(44, 236)
(44, 47)
(44, 208)
(44, 114)
(44, 244)
(44, 213)
(44, 119)
(44, 90)
(44, 190)
(44, 159)
(45, 133)
(45, 153)
(45, 164)
(45, 175)
(45, 181)
(45, 55)
(45, 185)
(45, 53)
(45, 71)
(45, 73)
(45, 206)
(45, 79)
(45, 83)
(45, 84)
(45, 86)
(45, 87)
(45, 88)
(45, 97)
(45, 235)
(45, 111)
(45, 240)
(45, 113)
(45, 243)
(45, 248)
(45, 123)
(46, 135)
(46, 136)
(46, 160)
(46, 219)
(46, 182)
(46, 58)
(46, 60)
(46, 203)
(46, 209)
(46, 218)
(46, 91)
(46, 93)
(46, 222)
(46, 95)
(46, 227)
(46, 107)
(46, 237)
(46, 112)
(46, 242)
(46, 117)
(46, 246)
(47, 132)
(47, 139)
(47, 151)
(47, 159)
(47, 161)
(47, 176)
(47, 186)
(47, 190)
(47, 197)
(47, 199)
(47, 75)
(47, 78)
(47, 208)
(47, 213)
(47, 90)
(47, 96)
(47, 98)
(47, 228)
(47, 102)
(47, 233)
(47, 114)
(47, 244)
(47, 119)
(47, 122)
(48, 137)
(48, 144)
(48, 151)
(48, 155)
(48, 161)
(48, 166)
(48, 174)
(48, 177)
(48, 178)
(48, 179)
(48, 54)
(48, 183)
(48, 189)
(48, 70)
(48, 205)
(48, 78)
(48, 211)
(48, 221)
(48, 94)
(48, 225)
(48, 226)
(48, 104)
(48, 116)
(48, 121)
(49, 138)
(49, 144)
(49, 150)
(49, 155)
(49, 221)
(49, 50)
(49, 183)
(49, 59)
(49, 191)
(49, 193)
(49, 196)
(49, 69)
(49, 198)
(49, 80)
(49, 82)
(49, 211)
(49, 93)
(49, 94)
(49, 225)
(49, 226)
(49, 230)
(49, 234)
(49, 239)
(49, 245)
(49, 127)
(50, 136)
(50, 144)
(50, 150)
(50, 155)
(50, 170)
(50, 221)
(50, 222)
(50, 183)
(50, 58)
(50, 59)
(50, 117)
(50, 67)
(50, 69)
(50, 198)
(50, 80)
(50, 82)
(50, 91)
(50, 93)
(50, 94)
(50, 95)
(50, 225)
(50, 226)
(50, 100)
(50, 234)
(50, 107)
(50, 237)
(50, 245)
(50, 191)
(51, 128)
(51, 129)
(51, 149)
(51, 154)
(51, 165)
(51, 167)
(51, 57)
(51, 192)
(51, 66)
(51, 200)
(51, 204)
(51, 74)
(51, 76)
(51, 85)
(51, 216)
(51, 101)
(51, 229)
(51, 239)
(51, 241)
(52, 224)
(52, 160)
(52, 72)
(52, 105)
(52, 203)
(52, 109)
(52, 148)
(53, 133)
(53, 146)
(53, 153)
(53, 154)
(53, 164)
(53, 165)
(53, 175)
(53, 243)
(53, 181)
(53, 184)
(53, 185)
(53, 68)
(53, 206)
(53, 79)
(53, 83)
(53, 84)
(53, 86)
(53, 87)
(53, 88)
(53, 97)
(53, 232)
(53, 235)
(53, 236)
(53, 111)
(53, 240)
(53, 113)
(53, 115)
(53, 247)
(53, 123)
(54, 135)
(54, 136)
(54, 137)
(54, 144)
(54, 152)
(54, 166)
(54, 168)
(54, 174)
(54, 177)
(54, 178)
(54, 179)
(54, 182)
(54, 183)
(54, 58)
(54, 189)
(54, 198)
(54, 211)
(54, 221)
(54, 94)
(54, 225)
(54, 226)
(54, 104)
(54, 237)
(54, 245)
(54, 121)
(55, 133)
(55, 164)
(55, 181)
(55, 185)
(55, 62)
(55, 71)
(55, 73)
(55, 76)
(55, 206)
(55, 79)
(55, 83)
(55, 84)
(55, 86)
(55, 88)
(55, 97)
(55, 235)
(55, 243)
(55, 248)
(55, 125)
(56, 130)
(56, 134)
(56, 143)
(56, 217)
(56, 169)
(56, 171)
(56, 65)
(56, 195)
(56, 210)
(56, 212)
(56, 89)
(56, 218)
(56, 92)
(56, 223)
(56, 100)
(56, 103)
(56, 106)
(56, 238)
(56, 124)
(57, 66)
(57, 165)
(57, 200)
(57, 76)
(57, 235)
(57, 204)
(57, 241)
(57, 243)
(57, 86)
(57, 87)
(57, 88)
(57, 154)
(57, 125)
(57, 62)
(57, 101)
(58, 135)
(58, 136)
(58, 150)
(58, 152)
(58, 168)
(58, 221)
(58, 178)
(58, 182)
(58, 183)
(58, 60)
(58, 117)
(58, 198)
(58, 82)
(58, 91)
(58, 93)
(58, 222)
(58, 95)
(58, 226)
(58, 104)
(58, 107)
(58, 237)
(58, 112)
(58, 245)
(59, 138)
(59, 144)
(59, 150)
(59, 155)
(59, 170)
(59, 221)
(59, 191)
(59, 192)
(59, 67)
(59, 196)
(59, 69)
(59, 198)
(59, 77)
(59, 80)
(59, 82)
(59, 211)
(59, 91)
(59, 93)
(59, 94)
(59, 225)
(59, 226)
(59, 100)
(59, 230)
(59, 234)
(59, 239)
(59, 245)
(60, 135)
(60, 109)
(60, 160)
(60, 168)
(60, 136)
(60, 182)
(60, 63)
(60, 72)
(60, 203)
(60, 209)
(60, 95)
(60, 224)
(60, 227)
(60, 105)
(60, 107)
(60, 237)
(60, 242)
(60, 246)
(61, 129)
(61, 130)
(61, 131)
(61, 141)
(61, 142)
(61, 157)
(61, 180)
(61, 187)
(61, 188)
(61, 194)
(61, 207)
(61, 81)
(61, 215)
(61, 220)
(61, 99)
(61, 231)
(61, 108)
(61, 120)
(61, 249)
(61, 126)
(62, 97)
(62, 164)
(62, 165)
(62, 73)
(62, 235)
(62, 76)
(62, 243)
(62, 84)
(62, 86)
(62, 88)
(62, 185)
(62, 154)
(62, 125)
(62, 133)
(63, 224)
(63, 135)
(63, 168)
(63, 137)
(63, 237)
(63, 109)
(63, 104)
(63, 178)
(63, 179)
(63, 152)
(63, 121)
(63, 189)
(63, 72)
(64, 161)
(64, 162)
(64, 228)
(64, 197)
(64, 102)
(64, 139)
(64, 172)
(64, 173)
(64, 110)
(64, 147)
(64, 213)
(64, 118)
(64, 132)
(64, 122)
(64, 78)
(64, 158)
(65, 130)
(65, 134)
(65, 143)
(65, 217)
(65, 163)
(65, 169)
(65, 170)
(65, 171)
(65, 195)
(65, 77)
(65, 210)
(65, 212)
(65, 89)
(65, 218)
(65, 92)
(65, 223)
(65, 100)
(65, 103)
(65, 106)
(65, 238)
(65, 124)
(66, 138)
(66, 88)
(66, 146)
(66, 149)
(66, 154)
(66, 165)
(66, 167)
(66, 184)
(66, 68)
(66, 200)
(66, 201)
(66, 241)
(66, 204)
(66, 214)
(66, 87)
(66, 216)
(66, 101)
(66, 229)
(66, 239)
(66, 76)
(66, 113)
(66, 127)
(67, 145)
(67, 150)
(67, 163)
(67, 170)
(67, 171)
(67, 191)
(67, 192)
(67, 69)
(67, 200)
(67, 74)
(67, 77)
(67, 80)
(67, 81)
(67, 82)
(67, 85)
(67, 92)
(67, 223)
(67, 100)
(68, 140)
(68, 146)
(68, 149)
(68, 153)
(68, 154)
(68, 164)
(68, 165)
(68, 167)
(68, 176)
(68, 184)
(68, 190)
(68, 201)
(68, 83)
(68, 214)
(68, 87)
(68, 88)
(68, 98)
(68, 229)
(68, 232)
(68, 236)
(68, 111)
(68, 240)
(68, 113)
(68, 115)
(68, 247)
(68, 123)
(68, 127)
(69, 145)
(69, 150)
(69, 163)
(69, 170)
(69, 223)
(69, 191)
(69, 192)
(69, 198)
(69, 74)
(69, 77)
(69, 80)
(69, 82)
(69, 85)
(69, 91)
(69, 92)
(69, 93)
(69, 222)
(69, 95)
(69, 100)
(69, 234)
(69, 117)
(70, 161)
(70, 147)
(70, 197)
(70, 166)
(70, 137)
(70, 202)
(70, 205)
(70, 174)
(70, 177)
(70, 179)
(70, 116)
(70, 78)
(70, 189)
(71, 97)
(71, 164)
(71, 133)
(71, 73)
(71, 235)
(71, 206)
(71, 175)
(71, 243)
(71, 84)
(71, 181)
(71, 86)
(71, 248)
(71, 185)
(71, 79)
(72, 224)
(72, 160)
(72, 227)
(72, 105)
(72, 203)
(72, 109)
(72, 209)
(72, 148)
(72, 246)
(73, 133)
(73, 164)
(73, 181)
(73, 185)
(73, 76)
(73, 206)
(73, 79)
(73, 83)
(73, 84)
(73, 86)
(73, 88)
(73, 97)
(73, 235)
(73, 243)
(73, 248)
(73, 125)
(74, 128)
(74, 129)
(74, 142)
(74, 145)
(74, 163)
(74, 170)
(74, 171)
(74, 192)
(74, 200)
(74, 204)
(74, 77)
(74, 80)
(74, 81)
(74, 82)
(74, 85)
(74, 216)
(74, 99)
(74, 101)
(74, 249)
(75, 132)
(75, 139)
(75, 159)
(75, 176)
(75, 186)
(75, 190)
(75, 199)
(75, 208)
(75, 213)
(75, 90)
(75, 96)
(75, 228)
(75, 102)
(75, 233)
(75, 114)
(75, 244)
(75, 119)
(75, 122)
(76, 133)
(76, 154)
(76, 164)
(76, 165)
(76, 241)
(76, 83)
(76, 84)
(76, 86)
(76, 87)
(76, 88)
(76, 97)
(76, 235)
(76, 113)
(76, 243)
(76, 125)
(77, 128)
(77, 130)
(77, 134)
(77, 142)
(77, 145)
(77, 150)
(77, 163)
(77, 170)
(77, 171)
(77, 192)
(77, 195)
(77, 200)
(77, 80)
(77, 81)
(77, 82)
(77, 85)
(77, 217)
(77, 92)
(77, 223)
(77, 100)
(77, 103)
(78, 132)
(78, 139)
(78, 144)
(78, 151)
(78, 155)
(78, 161)
(78, 166)
(78, 174)
(78, 186)
(78, 197)
(78, 205)
(78, 211)
(78, 94)
(78, 98)
(78, 228)
(78, 102)
(78, 116)
(78, 122)
(79, 133)
(79, 153)
(79, 164)
(79, 175)
(79, 181)
(79, 185)
(79, 206)
(79, 83)
(79, 84)
(79, 86)
(79, 88)
(79, 97)
(79, 235)
(79, 240)
(79, 113)
(79, 243)
(79, 248)
(79, 123)
(80, 145)
(80, 150)
(80, 170)
(80, 191)
(80, 192)
(80, 198)
(80, 82)
(80, 85)
(80, 91)
(80, 92)
(80, 93)
(80, 100)
(80, 230)
(80, 234)
(80, 239)
(80, 245)
(81, 128)
(81, 129)
(81, 130)
(81, 134)
(81, 141)
(81, 142)
(81, 145)
(81, 157)
(81, 163)
(81, 171)
(81, 192)
(81, 200)
(81, 207)
(81, 85)
(81, 215)
(81, 217)
(81, 99)
(81, 249)
(81, 126)
(82, 145)
(82, 150)
(82, 170)
(82, 191)
(82, 192)
(82, 198)
(82, 91)
(82, 92)
(82, 93)
(82, 95)
(82, 225)
(82, 226)
(82, 100)
(82, 230)
(82, 234)
(82, 245)
(83, 133)
(83, 146)
(83, 153)
(83, 154)
(83, 164)
(83, 165)
(83, 175)
(83, 243)
(83, 181)
(83, 185)
(83, 206)
(83, 84)
(83, 86)
(83, 87)
(83, 88)
(83, 97)
(83, 232)
(83, 235)
(83, 111)
(83, 240)
(83, 113)
(83, 115)
(83, 248)
(83, 123)
(84, 133)
(84, 153)
(84, 154)
(84, 164)
(84, 165)
(84, 175)
(84, 181)
(84, 185)
(84, 206)
(84, 86)
(84, 87)
(84, 88)
(84, 97)
(84, 235)
(84, 240)
(84, 113)
(84, 243)
(84, 248)
(85, 128)
(85, 129)
(85, 141)
(85, 142)
(85, 145)
(85, 157)
(85, 163)
(85, 170)
(85, 171)
(85, 192)
(85, 200)
(85, 92)
(85, 99)
(85, 101)
(85, 249)
(85, 126)
(86, 133)
(86, 153)
(86, 154)
(86, 164)
(86, 165)
(86, 185)
(86, 181)
(86, 206)
(86, 87)
(86, 88)
(86, 97)
(86, 235)
(86, 240)
(86, 113)
(86, 243)
(86, 248)
(86, 125)
(87, 133)
(87, 140)
(87, 146)
(87, 149)
(87, 153)
(87, 154)
(87, 164)
(87, 165)
(87, 167)
(87, 184)
(87, 190)
(87, 201)
(87, 214)
(87, 88)
(87, 229)
(87, 232)
(87, 111)
(87, 240)
(87, 113)
(87, 115)
(87, 247)
(88, 133)
(88, 146)
(88, 153)
(88, 154)
(88, 164)
(88, 165)
(88, 167)
(88, 243)
(88, 181)
(88, 185)
(88, 206)
(88, 97)
(88, 235)
(88, 111)
(88, 240)
(88, 113)
(88, 115)
(89, 134)
(89, 143)
(89, 169)
(89, 195)
(89, 210)
(89, 217)
(89, 218)
(89, 219)
(89, 92)
(89, 223)
(89, 103)
(89, 106)
(89, 238)
(89, 112)
(89, 117)
(89, 124)
(90, 139)
(90, 140)
(90, 159)
(90, 176)
(90, 184)
(90, 186)
(90, 190)
(90, 199)
(90, 201)
(90, 119)
(90, 208)
(90, 213)
(90, 214)
(90, 96)
(90, 98)
(90, 232)
(90, 233)
(90, 236)
(90, 111)
(90, 114)
(90, 115)
(90, 244)
(90, 247)
(91, 136)
(91, 150)
(91, 170)
(91, 221)
(91, 182)
(91, 117)
(91, 198)
(91, 218)
(91, 93)
(91, 222)
(91, 95)
(91, 226)
(91, 100)
(91, 107)
(91, 237)
(91, 112)
(91, 245)
(91, 191)
(92, 130)
(92, 134)
(92, 145)
(92, 150)
(92, 163)
(92, 170)
(92, 171)
(92, 192)
(92, 195)
(92, 210)
(92, 217)
(92, 218)
(92, 93)
(92, 222)
(92, 223)
(92, 100)
(92, 103)
(92, 106)
(92, 238)
(92, 117)
(93, 136)
(93, 150)
(93, 170)
(93, 182)
(93, 117)
(93, 198)
(93, 218)
(93, 221)
(93, 222)
(93, 95)
(93, 226)
(93, 100)
(93, 107)
(93, 237)
(93, 112)
(93, 245)
(93, 191)
(94, 144)
(94, 151)
(94, 155)
(94, 166)
(94, 174)
(94, 178)
(94, 183)
(94, 191)
(94, 193)
(94, 198)
(94, 211)
(94, 221)
(94, 225)
(94, 226)
(94, 230)
(94, 104)
(94, 234)
(94, 245)
(95, 136)
(95, 143)
(95, 150)
(95, 170)
(95, 182)
(95, 117)
(95, 198)
(95, 209)
(95, 218)
(95, 222)
(95, 100)
(95, 107)
(95, 237)
(95, 238)
(95, 112)
(95, 242)
(95, 245)
(96, 176)
(96, 199)
(96, 233)
(96, 236)
(96, 208)
(96, 114)
(96, 244)
(96, 119)
(96, 190)
(96, 159)
(97, 133)
(97, 164)
(97, 181)
(97, 185)
(97, 206)
(97, 235)
(97, 243)
(97, 248)
(98, 138)
(98, 140)
(98, 149)
(98, 151)
(98, 155)
(98, 167)
(98, 176)
(98, 184)
(98, 186)
(98, 190)
(98, 193)
(98, 196)
(98, 199)
(98, 201)
(98, 211)
(98, 214)
(98, 229)
(98, 230)
(98, 239)
(98, 115)
(98, 244)
(98, 247)
(98, 127)
(99, 128)
(99, 129)
(99, 131)
(99, 141)
(99, 142)
(99, 145)
(99, 157)
(99, 163)
(99, 171)
(99, 188)
(99, 207)
(99, 215)
(99, 231)
(99, 249)
(99, 126)
(100, 134)
(100, 145)
(100, 150)
(100, 163)
(100, 170)
(100, 171)
(100, 192)
(100, 195)
(100, 217)
(100, 218)
(100, 222)
(100, 223)
(100, 103)
(100, 238)
(100, 112)
(100, 117)
(101, 192)
(101, 129)
(101, 229)
(101, 200)
(101, 128)
(101, 204)
(101, 141)
(101, 239)
(101, 241)
(101, 149)
(101, 216)
(101, 165)
(102, 161)
(102, 228)
(102, 197)
(102, 233)
(102, 139)
(102, 174)
(102, 213)
(102, 151)
(102, 132)
(102, 186)
(102, 122)
(102, 159)
(103, 130)
(103, 134)
(103, 163)
(103, 169)
(103, 170)
(103, 171)
(103, 195)
(103, 210)
(103, 212)
(103, 217)
(103, 218)
(103, 223)
(103, 106)
(103, 238)
(103, 120)
(103, 124)
(104, 135)
(104, 136)
(104, 137)
(104, 152)
(104, 166)
(104, 168)
(104, 177)
(104, 178)
(104, 179)
(104, 182)
(104, 183)
(104, 189)
(104, 198)
(104, 221)
(104, 226)
(104, 107)
(104, 237)
(104, 245)
(104, 121)
(105, 224)
(105, 160)
(105, 227)
(105, 203)
(105, 109)
(105, 209)
(105, 148)
(105, 246)
(106, 130)
(106, 195)
(106, 134)
(106, 169)
(106, 171)
(106, 238)
(106, 210)
(106, 212)
(106, 120)
(106, 217)
(106, 218)
(106, 124)
(106, 223)
(107, 135)
(107, 168)
(107, 136)
(107, 178)
(107, 182)
(107, 117)
(107, 198)
(107, 209)
(107, 218)
(107, 221)
(107, 222)
(107, 226)
(107, 227)
(107, 237)
(107, 112)
(107, 242)
(107, 245)
(107, 246)
(108, 194)
(108, 231)
(108, 156)
(108, 207)
(108, 180)
(108, 215)
(108, 120)
(108, 187)
(108, 220)
(109, 224)
(109, 160)
(109, 227)
(109, 203)
(109, 209)
(109, 148)
(110, 162)
(110, 228)
(110, 197)
(110, 172)
(110, 173)
(110, 213)
(110, 118)
(110, 122)
(110, 158)
(111, 140)
(111, 146)
(111, 153)
(111, 154)
(111, 164)
(111, 165)
(111, 167)
(111, 175)
(111, 176)
(111, 184)
(111, 190)
(111, 201)
(111, 214)
(111, 232)
(111, 236)
(111, 240)
(111, 113)
(111, 115)
(111, 247)
(111, 123)
(112, 136)
(112, 143)
(112, 182)
(112, 209)
(112, 210)
(112, 218)
(112, 219)
(112, 222)
(112, 227)
(112, 238)
(112, 242)
(112, 117)
(112, 246)
(112, 124)
(113, 133)
(113, 146)
(113, 153)
(113, 154)
(113, 164)
(113, 165)
(113, 167)
(113, 175)
(113, 243)
(113, 181)
(113, 184)
(113, 201)
(113, 206)
(113, 232)
(113, 235)
(113, 236)
(113, 240)
(113, 115)
(113, 247)
(113, 123)
(114, 176)
(114, 199)
(114, 232)
(114, 233)
(114, 236)
(114, 208)
(114, 244)
(114, 119)
(114, 123)
(114, 190)
(114, 159)
(115, 140)
(115, 146)
(115, 153)
(115, 154)
(115, 165)
(115, 167)
(115, 176)
(115, 184)
(115, 190)
(115, 199)
(115, 201)
(115, 214)
(115, 229)
(115, 232)
(115, 236)
(115, 240)
(115, 244)
(115, 247)
(115, 123)
(116, 161)
(116, 147)
(116, 166)
(116, 137)
(116, 202)
(116, 205)
(116, 174)
(116, 173)
(116, 177)
(116, 179)
(116, 189)
(117, 136)
(117, 143)
(117, 150)
(117, 170)
(117, 182)
(117, 210)
(117, 218)
(117, 219)
(117, 222)
(117, 223)
(117, 238)
(117, 242)
(117, 124)
(118, 162)
(118, 228)
(118, 172)
(118, 173)
(118, 158)
(119, 176)
(119, 199)
(119, 233)
(119, 139)
(119, 236)
(119, 208)
(119, 244)
(119, 213)
(119, 190)
(119, 159)
(120, 130)
(120, 134)
(120, 169)
(120, 171)
(120, 180)
(120, 187)
(120, 194)
(120, 207)
(120, 156)
(120, 212)
(120, 215)
(120, 217)
(120, 220)
(121, 135)
(121, 168)
(121, 137)
(121, 177)
(121, 178)
(121, 179)
(121, 152)
(121, 189)
(122, 161)
(122, 228)
(122, 197)
(122, 233)
(122, 139)
(122, 208)
(122, 244)
(122, 213)
(122, 151)
(122, 132)
(122, 159)
(123, 146)
(123, 153)
(123, 164)
(123, 175)
(123, 190)
(123, 206)
(123, 232)
(123, 236)
(123, 240)
(123, 247)
(124, 195)
(124, 169)
(124, 242)
(124, 238)
(124, 143)
(124, 210)
(124, 218)
(124, 219)
(124, 222)
(125, 165)
(125, 235)
(125, 241)
(125, 243)
(125, 154)
(126, 128)
(126, 129)
(126, 131)
(126, 141)
(126, 142)
(126, 157)
(126, 188)
(126, 207)
(126, 215)
(126, 231)
(126, 249)
(127, 138)
(127, 140)
(127, 149)
(127, 155)
(127, 167)
(127, 184)
(127, 186)
(127, 191)
(127, 193)
(127, 196)
(127, 201)
(127, 204)
(127, 211)
(127, 214)
(127, 216)
(127, 229)
(127, 230)
(127, 234)
(127, 239)
(127, 247)
(128, 129)
(128, 131)
(128, 141)
(128, 142)
(128, 145)
(128, 157)
(128, 163)
(128, 188)
(128, 192)
(128, 200)
(128, 204)
(128, 215)
(128, 241)
(128, 249)
(129, 131)
(129, 141)
(129, 142)
(129, 145)
(129, 157)
(129, 163)
(129, 188)
(129, 200)
(129, 215)
(129, 231)
(129, 241)
(129, 249)
(130, 134)
(130, 142)
(130, 145)
(130, 163)
(130, 169)
(130, 171)
(130, 194)
(130, 195)
(130, 207)
(130, 212)
(130, 215)
(130, 217)
(130, 220)
(130, 223)
(130, 249)
(131, 231)
(131, 141)
(131, 142)
(131, 241)
(131, 215)
(131, 249)
(131, 188)
(131, 157)
(132, 161)
(132, 228)
(132, 197)
(132, 233)
(132, 139)
(132, 174)
(132, 244)
(132, 213)
(132, 151)
(132, 186)
(132, 159)
(133, 153)
(133, 154)
(133, 164)
(133, 165)
(133, 175)
(133, 181)
(133, 185)
(133, 206)
(133, 235)
(133, 240)
(133, 243)
(133, 248)
(134, 163)
(134, 169)
(134, 171)
(134, 195)
(134, 210)
(134, 212)
(134, 223)
(134, 238)
(134, 217)
(135, 136)
(135, 137)
(135, 152)
(135, 168)
(135, 178)
(135, 179)
(135, 189)
(135, 182)
(135, 209)
(135, 221)
(135, 224)
(135, 237)
(136, 150)
(136, 152)
(136, 168)
(136, 178)
(136, 182)
(136, 198)
(136, 209)
(136, 221)
(136, 222)
(136, 226)
(136, 227)
(136, 237)
(136, 245)
(136, 246)
(137, 168)
(137, 205)
(137, 177)
(137, 178)
(137, 179)
(137, 152)
(137, 189)
(138, 140)
(138, 144)
(138, 149)
(138, 155)
(138, 167)
(138, 184)
(138, 186)
(138, 191)
(138, 193)
(138, 196)
(138, 201)
(138, 204)
(138, 211)
(138, 214)
(138, 216)
(138, 225)
(138, 229)
(138, 230)
(138, 234)
(138, 239)
(139, 151)
(139, 159)
(139, 161)
(139, 197)
(139, 199)
(139, 208)
(139, 213)
(139, 228)
(139, 233)
(139, 244)
(140, 146)
(140, 149)
(140, 167)
(140, 176)
(140, 184)
(140, 186)
(140, 190)
(140, 193)
(140, 196)
(140, 199)
(140, 201)
(140, 214)
(140, 229)
(140, 230)
(140, 232)
(140, 239)
(140, 244)
(140, 247)
(141, 142)
(141, 157)
(141, 163)
(141, 188)
(141, 200)
(141, 207)
(141, 215)
(141, 231)
(141, 241)
(141, 249)
(142, 145)
(142, 157)
(142, 163)
(142, 171)
(142, 188)
(142, 200)
(142, 207)
(142, 215)
(142, 231)
(142, 249)
(143, 195)
(143, 242)
(143, 238)
(143, 210)
(143, 218)
(143, 219)
(143, 222)
(144, 150)
(144, 151)
(144, 155)
(144, 166)
(144, 174)
(144, 183)
(144, 191)
(144, 193)
(144, 196)
(144, 198)
(144, 211)
(144, 221)
(144, 225)
(144, 226)
(144, 230)
(144, 234)
(144, 245)
(145, 157)
(145, 163)
(145, 170)
(145, 171)
(145, 192)
(145, 200)
(145, 217)
(145, 223)
(145, 249)
(146, 153)
(146, 154)
(146, 164)
(146, 167)
(146, 184)
(146, 190)
(146, 201)
(146, 214)
(146, 165)
(146, 229)
(146, 232)
(146, 236)
(146, 240)
(146, 247)
(147, 202)
(147, 205)
(147, 173)
(148, 224)
(148, 160)
(148, 203)
(149, 196)
(149, 165)
(149, 167)
(149, 184)
(149, 191)
(149, 193)
(149, 200)
(149, 201)
(149, 204)
(149, 214)
(149, 216)
(149, 229)
(149, 230)
(149, 234)
(149, 239)
(150, 155)
(150, 170)
(150, 191)
(150, 192)
(150, 198)
(150, 221)
(150, 222)
(150, 225)
(150, 226)
(150, 230)
(150, 234)
(150, 245)
(151, 155)
(151, 161)
(151, 166)
(151, 174)
(151, 186)
(151, 193)
(151, 197)
(151, 211)
(151, 213)
(152, 226)
(152, 168)
(152, 237)
(152, 221)
(152, 177)
(152, 178)
(152, 179)
(152, 182)
(152, 183)
(152, 189)
(153, 154)
(153, 164)
(153, 165)
(153, 175)
(153, 181)
(153, 184)
(153, 190)
(153, 206)
(153, 232)
(153, 236)
(153, 240)
(153, 247)
(154, 164)
(154, 167)
(154, 184)
(154, 204)
(154, 165)
(154, 229)
(154, 235)
(154, 243)
(155, 166)
(155, 174)
(155, 183)
(155, 186)
(155, 191)
(155, 193)
(155, 196)
(155, 198)
(155, 211)
(155, 221)
(155, 225)
(155, 226)
(155, 230)
(155, 234)
(155, 245)
(156, 194)
(156, 207)
(156, 180)
(156, 187)
(156, 220)
(157, 163)
(157, 188)
(157, 207)
(157, 215)
(157, 231)
(157, 249)
(158, 162)
(158, 228)
(158, 197)
(158, 172)
(158, 173)
(159, 176)
(159, 228)
(159, 199)
(159, 233)
(159, 208)
(159, 244)
(159, 213)
(160, 224)
(160, 227)
(160, 203)
(160, 209)
(160, 242)
(160, 246)
(161, 166)
(161, 174)
(161, 186)
(161, 197)
(161, 205)
(161, 213)
(161, 228)
(162, 228)
(162, 172)
(162, 173)
(163, 170)
(163, 171)
(163, 192)
(163, 195)
(163, 200)
(163, 217)
(163, 223)
(163, 249)
(164, 165)
(164, 175)
(164, 181)
(164, 185)
(164, 206)
(164, 235)
(164, 240)
(164, 243)
(164, 248)
(165, 167)
(165, 184)
(165, 204)
(165, 216)
(165, 229)
(165, 235)
(165, 241)
(165, 243)
(166, 174)
(166, 177)
(166, 178)
(166, 179)
(166, 183)
(166, 205)
(166, 211)
(166, 221)
(166, 225)
(166, 226)
(167, 196)
(167, 184)
(167, 193)
(167, 201)
(167, 204)
(167, 214)
(167, 216)
(167, 229)
(167, 230)
(167, 232)
(167, 239)
(167, 247)
(168, 177)
(168, 178)
(168, 179)
(168, 183)
(168, 189)
(168, 182)
(168, 221)
(168, 226)
(168, 237)
(168, 245)
(169, 195)
(169, 171)
(169, 238)
(169, 210)
(169, 212)
(169, 217)
(169, 223)
(170, 195)
(170, 171)
(170, 191)
(170, 192)
(170, 217)
(170, 218)
(170, 222)
(170, 223)
(170, 238)
(171, 192)
(171, 195)
(171, 207)
(171, 212)
(171, 217)
(171, 223)
(171, 249)
(172, 228)
(172, 173)
(173, 228)
(173, 202)
(173, 205)
(173, 197)
(174, 177)
(174, 179)
(174, 183)
(174, 205)
(174, 211)
(174, 221)
(174, 225)
(174, 226)
(175, 232)
(175, 236)
(175, 206)
(175, 240)
(175, 181)
(176, 184)
(176, 186)
(176, 190)
(176, 199)
(176, 201)
(176, 208)
(176, 214)
(176, 232)
(176, 233)
(176, 236)
(176, 244)
(176, 247)
(177, 178)
(177, 179)
(177, 183)
(177, 189)
(177, 202)
(177, 205)
(178, 179)
(178, 182)
(178, 183)
(178, 189)
(178, 198)
(178, 221)
(178, 226)
(178, 237)
(178, 245)
(179, 183)
(179, 189)
(179, 205)
(179, 221)
(179, 226)
(179, 237)
(180, 194)
(180, 231)
(180, 207)
(180, 215)
(180, 187)
(180, 220)
(181, 185)
(181, 206)
(181, 235)
(181, 240)
(181, 243)
(181, 248)
(182, 221)
(182, 245)
(182, 198)
(182, 209)
(182, 222)
(182, 227)
(182, 237)
(182, 242)
(182, 246)
(183, 191)
(183, 198)
(183, 211)
(183, 221)
(183, 225)
(183, 226)
(183, 234)
(183, 237)
(183, 245)
(184, 196)
(184, 186)
(184, 190)
(184, 193)
(184, 199)
(184, 201)
(184, 214)
(184, 229)
(184, 232)
(184, 236)
(184, 239)
(184, 247)
(185, 235)
(185, 206)
(185, 243)
(185, 248)
(186, 190)
(186, 193)
(186, 196)
(186, 199)
(186, 201)
(186, 211)
(186, 214)
(186, 230)
(186, 244)
(186, 247)
(187, 194)
(187, 231)
(187, 207)
(187, 215)
(187, 220)
(188, 231)
(188, 241)
(188, 215)
(188, 249)
(190, 199)
(190, 201)
(190, 208)
(190, 214)
(190, 232)
(190, 233)
(190, 236)
(190, 244)
(190, 247)
(191, 192)
(191, 193)
(191, 196)
(191, 198)
(191, 211)
(191, 221)
(191, 225)
(191, 226)
(191, 230)
(191, 234)
(191, 239)
(191, 245)
(192, 200)
(192, 204)
(192, 216)
(192, 223)
(192, 239)
(193, 196)
(193, 201)
(193, 211)
(193, 214)
(193, 225)
(193, 229)
(193, 230)
(193, 234)
(193, 239)
(194, 207)
(194, 212)
(194, 215)
(194, 220)
(195, 217)
(195, 210)
(195, 212)
(195, 218)
(195, 223)
(195, 238)
(196, 201)
(196, 204)
(196, 211)
(196, 214)
(196, 216)
(196, 225)
(196, 229)
(196, 230)
(196, 234)
(196, 239)
(197, 228)
(197, 213)
(198, 211)
(198, 221)
(198, 222)
(198, 225)
(198, 226)
(198, 234)
(198, 237)
(198, 245)
(199, 201)
(199, 208)
(199, 213)
(199, 214)
(199, 232)
(199, 233)
(199, 236)
(199, 244)
(199, 247)
(200, 204)
(200, 216)
(200, 229)
(200, 239)
(200, 241)
(201, 214)
(201, 229)
(201, 230)
(201, 232)
(201, 236)
(201, 239)
(201, 244)
(201, 247)
(202, 205)
(203, 227)
(203, 209)
(203, 242)
(203, 246)
(203, 219)
(204, 216)
(204, 229)
(204, 230)
(204, 239)
(204, 241)
(206, 235)
(206, 240)
(206, 243)
(206, 248)
(207, 212)
(207, 215)
(207, 217)
(207, 220)
(207, 231)
(207, 249)
(208, 228)
(208, 233)
(208, 244)
(208, 213)
(209, 227)
(209, 237)
(209, 242)
(209, 246)
(210, 217)
(210, 218)
(210, 219)
(210, 222)
(210, 223)
(210, 238)
(211, 221)
(211, 225)
(211, 226)
(211, 230)
(211, 234)
(211, 245)
(212, 217)
(212, 220)
(213, 228)
(213, 233)
(213, 244)
(214, 229)
(214, 230)
(214, 232)
(214, 239)
(214, 244)
(214, 247)
(215, 220)
(215, 231)
(215, 249)
(216, 229)
(216, 230)
(216, 239)
(216, 241)
(217, 223)
(217, 238)
(218, 219)
(218, 223)
(218, 222)
(218, 238)
(218, 242)
(219, 227)
(219, 238)
(219, 242)
(219, 246)
(219, 222)
(220, 231)
(221, 225)
(221, 226)
(221, 234)
(221, 237)
(221, 245)
(222, 223)
(222, 245)
(222, 237)
(222, 238)
(222, 242)
(223, 238)
(225, 226)
(225, 230)
(225, 234)
(225, 245)
(226, 234)
(226, 237)
(226, 245)
(227, 242)
(227, 246)
(228, 233)
(229, 230)
(229, 239)
(229, 247)
(230, 234)
(230, 239)
(231, 249)
(232, 236)
(232, 240)
(232, 244)
(232, 247)
(233, 244)
(234, 239)
(234, 245)
(235, 243)
(235, 248)
(236, 247)
(236, 240)
(236, 244)
(237, 245)
(242, 246)
(243, 248)
(244, 247)
