#Nodes
0
1
2
3
4
5
6
7
8
9
10
11
12
13
14
15
16
17
18
19
20
21
22
23
24
25
26
27
28
29
30
31
32
33
34
35
36
37
38
39
40
41
42
43
44
45
46
47
48
49
50
51
52
53
54
55
56
57
58
59
60
61
62
63
64
65
66
67
68
69
70
71
72
73
74
75
76
77
78
79
80
81
82
83
84
85
86
87
88
89
90
91
92
93
94
95
96
97
98
99
100
101
102
103
104
105
106
107
108
109
110
111
112
113
114
115
116
117
118
119
120
121
122
123
124
125
126
127
128
129
130
131
132
133
134
135
136
137
138
139
140
141
142
143
144
145
146
147
148
149
150
151
152
153
154
155
156
157
158
159
160
161
162
163
164
165
166
167
168
169
170
171
172
173
174
175
176
177
178
179
180
181
182
183
184
185
186
187
188
189
190
191
192
193
194
195
196
197
198
199
200
201
202
203
204
205
206
207
208
209
210
211
212
213
214
215
216
217
218
219
220
221
222
223
224
225
226
227
228
229
230
231
232
233
234
235
236
237
238
239
240
241
242
243
244
245
246
247
248
249
250
251
252
253
254
255
256
257
258
259
260
261
262
263
264
265
266
267
268
269
270
271
272
273
274
275
276
277
278
279
280
281
282
283
284
285
286
287
288
289
290
291
292
293
294
295
296
297
298
299
300
301
302
303
304
305
306
307
308
309
310
311
312
313
314
315
316
317
318
319
320
321
322
323
324
325
326
327
328
329
330
331
332
333
334
335
336
337
338
339
340
341
342
343
344
345
346
347
348
349
350
351
352
353
354
355
356
357
358
359
360
361
362
363
364
365
366
367
368
369
370
371
372
373
374
375
376
377
378
379
380
381
382
383
384
385
386
387
388
389
390
391
392
393
394
395
396
397
398
399
#Edges
(0, 264)
(0, 44)
(0, 138)
(0, 12)
(0, 16)
(0, 282)
(0, 283)
(0, 286)
(0, 38)
(0, 42)
(0, 300)
(0, 308)
(0, 309)
(0, 54)
(0, 312)
(0, 187)
(0, 188)
(0, 317)
(0, 318)
(0, 191)
(0, 326)
(0, 73)
(0, 74)
(0, 345)
(0, 94)
(0, 353)
(0, 233)
(0, 362)
(0, 236)
(0, 240)
(0, 369)
(0, 124)
(1, 257)
(1, 2)
(1, 131)
(1, 397)
(1, 144)
(1, 161)
(1, 43)
(1, 45)
(1, 48)
(1, 305)
(1, 184)
(1, 186)
(1, 59)
(1, 200)
(1, 201)
(1, 333)
(1, 269)
(1, 208)
(1, 141)
(1, 84)
(1, 352)
(1, 80)
(1, 109)
(1, 111)
(1, 242)
(1, 371)
(1, 118)
(1, 120)
(1, 383)
(2, 261)
(2, 6)
(2, 397)
(2, 152)
(2, 32)
(2, 163)
(2, 292)
(2, 294)
(2, 305)
(2, 59)
(2, 316)
(2, 333)
(2, 141)
(2, 80)
(2, 84)
(2, 92)
(2, 352)
(2, 103)
(2, 235)
(2, 109)
(2, 242)
(2, 118)
(2, 250)
(3, 256)
(3, 4)
(3, 133)
(3, 146)
(3, 21)
(3, 25)
(3, 28)
(3, 158)
(3, 5)
(3, 18)
(3, 169)
(3, 199)
(3, 46)
(3, 177)
(3, 182)
(3, 381)
(3, 57)
(3, 189)
(3, 193)
(3, 322)
(3, 323)
(3, 327)
(3, 76)
(3, 55)
(3, 332)
(3, 79)
(3, 337)
(3, 82)
(3, 89)
(3, 346)
(3, 223)
(3, 357)
(3, 230)
(3, 105)
(3, 234)
(3, 108)
(3, 365)
(3, 110)
(3, 239)
(3, 121)
(3, 379)
(3, 253)
(4, 384)
(4, 354)
(4, 323)
(4, 327)
(4, 105)
(4, 234)
(4, 231)
(4, 273)
(4, 82)
(4, 110)
(4, 79)
(4, 76)
(4, 337)
(4, 146)
(4, 18)
(4, 89)
(4, 251)
(4, 28)
(4, 381)
(5, 258)
(5, 23)
(5, 143)
(5, 89)
(5, 25)
(5, 158)
(5, 290)
(5, 35)
(5, 169)
(5, 199)
(5, 176)
(5, 177)
(5, 182)
(5, 311)
(5, 57)
(5, 323)
(5, 325)
(5, 327)
(5, 55)
(5, 76)
(5, 337)
(5, 82)
(5, 228)
(5, 356)
(5, 357)
(5, 358)
(5, 105)
(5, 234)
(5, 108)
(5, 365)
(5, 239)
(5, 245)
(5, 121)
(6, 32)
(6, 163)
(6, 292)
(6, 261)
(6, 294)
(6, 103)
(6, 235)
(6, 141)
(6, 109)
(6, 80)
(6, 242)
(6, 84)
(6, 152)
(6, 250)
(6, 59)
(6, 316)
(7, 128)
(7, 385)
(7, 17)
(7, 134)
(7, 135)
(7, 136)
(7, 139)
(7, 140)
(7, 13)
(7, 145)
(7, 275)
(7, 20)
(7, 151)
(7, 153)
(7, 29)
(7, 31)
(7, 64)
(7, 171)
(7, 173)
(7, 49)
(7, 52)
(7, 313)
(7, 60)
(7, 192)
(7, 197)
(7, 330)
(7, 331)
(7, 204)
(7, 334)
(7, 8)
(7, 336)
(7, 217)
(7, 224)
(7, 98)
(7, 227)
(7, 359)
(7, 241)
(7, 244)
(7, 246)
(7, 378)
(7, 380)
(7, 255)
(8, 64)
(8, 135)
(8, 139)
(8, 140)
(8, 13)
(8, 17)
(8, 275)
(8, 20)
(8, 151)
(8, 280)
(8, 153)
(8, 29)
(8, 31)
(8, 173)
(8, 49)
(8, 52)
(8, 192)
(8, 197)
(8, 330)
(8, 334)
(8, 217)
(8, 348)
(8, 227)
(8, 244)
(8, 246)
(8, 380)
(9, 261)
(9, 141)
(9, 152)
(9, 288)
(9, 163)
(9, 292)
(9, 349)
(9, 305)
(9, 315)
(9, 194)
(9, 196)
(9, 397)
(9, 208)
(9, 335)
(9, 84)
(9, 344)
(9, 207)
(9, 92)
(9, 221)
(9, 95)
(9, 352)
(9, 97)
(9, 102)
(9, 103)
(9, 361)
(9, 235)
(9, 113)
(9, 120)
(9, 250)
(9, 252)
(10, 130)
(10, 133)
(10, 193)
(10, 395)
(10, 396)
(10, 67)
(10, 21)
(10, 24)
(10, 25)
(10, 154)
(10, 284)
(10, 291)
(10, 165)
(10, 295)
(10, 169)
(10, 299)
(10, 301)
(10, 175)
(10, 50)
(10, 57)
(10, 63)
(10, 321)
(10, 322)
(10, 195)
(10, 198)
(10, 72)
(10, 332)
(10, 77)
(10, 338)
(10, 211)
(10, 88)
(10, 346)
(10, 351)
(10, 357)
(10, 230)
(10, 125)
(10, 114)
(10, 243)
(10, 248)
(10, 377)
(10, 122)
(10, 379)
(10, 253)
(10, 126)
(11, 51)
(11, 132)
(11, 387)
(11, 388)
(11, 150)
(11, 263)
(11, 392)
(11, 393)
(11, 87)
(11, 398)
(11, 15)
(11, 277)
(11, 278)
(11, 279)
(11, 260)
(11, 26)
(11, 47)
(11, 285)
(11, 30)
(11, 58)
(11, 33)
(11, 34)
(11, 293)
(11, 166)
(11, 41)
(11, 14)
(11, 172)
(11, 174)
(11, 157)
(11, 115)
(11, 56)
(11, 314)
(11, 190)
(11, 319)
(11, 320)
(11, 65)
(11, 324)
(11, 69)
(11, 71)
(11, 209)
(11, 210)
(11, 83)
(11, 270)
(11, 215)
(11, 216)
(11, 218)
(11, 93)
(11, 355)
(11, 101)
(11, 81)
(11, 106)
(11, 363)
(11, 237)
(11, 112)
(11, 123)
(11, 62)
(11, 376)
(11, 249)
(11, 191)
(11, 85)
(12, 264)
(12, 44)
(12, 138)
(12, 282)
(12, 283)
(12, 38)
(12, 42)
(12, 300)
(12, 308)
(12, 54)
(12, 187)
(12, 188)
(12, 317)
(12, 318)
(12, 326)
(12, 73)
(12, 74)
(12, 345)
(12, 94)
(12, 353)
(12, 233)
(12, 362)
(12, 236)
(12, 240)
(12, 369)
(12, 124)
(13, 64)
(13, 197)
(13, 17)
(13, 330)
(13, 139)
(13, 140)
(13, 173)
(13, 334)
(13, 49)
(13, 275)
(13, 244)
(13, 246)
(13, 153)
(13, 217)
(13, 380)
(13, 20)
(13, 52)
(14, 132)
(14, 387)
(14, 388)
(14, 389)
(14, 263)
(14, 392)
(14, 393)
(14, 398)
(14, 399)
(14, 277)
(14, 279)
(14, 260)
(14, 26)
(14, 47)
(14, 285)
(14, 30)
(14, 58)
(14, 33)
(14, 34)
(14, 347)
(14, 293)
(14, 166)
(14, 41)
(14, 172)
(14, 174)
(14, 157)
(14, 51)
(14, 314)
(14, 190)
(14, 319)
(14, 320)
(14, 65)
(14, 324)
(14, 69)
(14, 71)
(14, 15)
(14, 329)
(14, 209)
(14, 210)
(14, 83)
(14, 270)
(14, 215)
(14, 216)
(14, 218)
(14, 271)
(14, 93)
(14, 355)
(14, 101)
(14, 81)
(14, 106)
(14, 363)
(14, 237)
(14, 112)
(14, 115)
(14, 62)
(14, 375)
(14, 249)
(14, 123)
(14, 85)
(15, 385)
(15, 387)
(15, 260)
(15, 389)
(15, 134)
(15, 392)
(15, 398)
(15, 399)
(15, 259)
(15, 22)
(15, 279)
(15, 132)
(15, 26)
(15, 47)
(15, 285)
(15, 81)
(15, 33)
(15, 347)
(15, 166)
(15, 167)
(15, 41)
(15, 171)
(15, 174)
(15, 157)
(15, 136)
(15, 58)
(15, 190)
(15, 319)
(15, 320)
(15, 65)
(15, 324)
(15, 69)
(15, 71)
(15, 329)
(15, 331)
(15, 78)
(15, 336)
(15, 209)
(15, 83)
(15, 270)
(15, 86)
(15, 215)
(15, 271)
(15, 355)
(15, 101)
(15, 359)
(15, 363)
(15, 112)
(15, 375)
(15, 249)
(15, 378)
(15, 123)
(15, 85)
(15, 255)
(16, 390)
(16, 364)
(16, 394)
(16, 274)
(16, 147)
(16, 156)
(16, 286)
(16, 164)
(16, 37)
(16, 38)
(16, 39)
(16, 298)
(16, 44)
(16, 303)
(16, 304)
(16, 179)
(16, 308)
(16, 309)
(16, 54)
(16, 183)
(16, 312)
(16, 116)
(16, 187)
(16, 188)
(16, 317)
(16, 318)
(16, 53)
(16, 326)
(16, 73)
(16, 343)
(16, 345)
(16, 219)
(16, 350)
(16, 104)
(16, 233)
(16, 236)
(16, 370)
(16, 372)
(16, 42)
(17, 128)
(17, 385)
(17, 134)
(17, 135)
(17, 136)
(17, 139)
(17, 140)
(17, 145)
(17, 275)
(17, 20)
(17, 151)
(17, 153)
(17, 29)
(17, 31)
(17, 64)
(17, 171)
(17, 52)
(17, 192)
(17, 75)
(17, 197)
(17, 330)
(17, 331)
(17, 204)
(17, 336)
(17, 217)
(17, 224)
(17, 98)
(17, 227)
(17, 359)
(17, 241)
(17, 244)
(17, 378)
(17, 380)
(17, 255)
(18, 384)
(18, 391)
(18, 265)
(18, 268)
(18, 273)
(18, 146)
(18, 21)
(18, 28)
(18, 158)
(18, 297)
(18, 306)
(18, 307)
(18, 182)
(18, 189)
(18, 323)
(18, 327)
(18, 328)
(18, 76)
(18, 226)
(18, 79)
(18, 337)
(18, 82)
(18, 89)
(18, 223)
(18, 225)
(18, 354)
(18, 231)
(18, 105)
(18, 234)
(18, 110)
(18, 61)
(18, 251)
(18, 381)
(18, 127)
(19, 257)
(19, 386)
(19, 131)
(19, 262)
(19, 129)
(19, 266)
(19, 267)
(19, 269)
(19, 142)
(19, 144)
(19, 148)
(19, 149)
(19, 111)
(19, 155)
(19, 160)
(19, 161)
(19, 162)
(19, 36)
(19, 168)
(19, 45)
(19, 48)
(19, 305)
(19, 178)
(19, 184)
(19, 186)
(19, 96)
(19, 196)
(19, 70)
(19, 72)
(19, 333)
(19, 206)
(19, 397)
(19, 208)
(19, 340)
(19, 341)
(19, 90)
(19, 335)
(19, 349)
(19, 352)
(19, 102)
(19, 238)
(19, 367)
(19, 40)
(19, 114)
(19, 373)
(19, 118)
(19, 120)
(19, 252)
(19, 254)
(19, 383)
(20, 385)
(20, 134)
(20, 135)
(20, 136)
(20, 139)
(20, 140)
(20, 275)
(20, 151)
(20, 280)
(20, 153)
(20, 29)
(20, 31)
(20, 64)
(20, 173)
(20, 49)
(20, 307)
(20, 52)
(20, 313)
(20, 192)
(20, 197)
(20, 330)
(20, 334)
(20, 185)
(20, 217)
(20, 348)
(20, 225)
(20, 227)
(20, 244)
(20, 246)
(20, 378)
(20, 380)
(21, 256)
(21, 133)
(21, 268)
(21, 146)
(21, 24)
(21, 86)
(21, 158)
(21, 297)
(21, 46)
(21, 175)
(21, 180)
(21, 182)
(21, 351)
(21, 189)
(21, 63)
(21, 193)
(21, 322)
(21, 323)
(21, 198)
(21, 199)
(21, 332)
(21, 337)
(21, 82)
(21, 342)
(21, 89)
(21, 346)
(21, 223)
(21, 226)
(21, 357)
(21, 230)
(21, 105)
(21, 107)
(21, 108)
(21, 365)
(21, 110)
(21, 125)
(21, 379)
(21, 253)
(22, 385)
(22, 259)
(22, 260)
(22, 134)
(22, 391)
(22, 392)
(22, 265)
(22, 268)
(22, 398)
(22, 399)
(22, 151)
(22, 132)
(22, 47)
(22, 285)
(22, 167)
(22, 297)
(22, 41)
(22, 171)
(22, 174)
(22, 157)
(22, 136)
(22, 313)
(22, 60)
(22, 192)
(22, 69)
(22, 71)
(22, 328)
(22, 329)
(22, 331)
(22, 204)
(22, 336)
(22, 85)
(22, 86)
(22, 185)
(22, 271)
(22, 135)
(22, 226)
(22, 227)
(22, 101)
(22, 359)
(22, 363)
(22, 123)
(22, 117)
(22, 375)
(22, 378)
(22, 127)
(22, 255)
(23, 258)
(23, 143)
(23, 272)
(23, 25)
(23, 289)
(23, 290)
(23, 35)
(23, 169)
(23, 176)
(23, 177)
(23, 311)
(23, 57)
(23, 325)
(23, 199)
(23, 202)
(23, 55)
(23, 213)
(23, 228)
(23, 99)
(23, 356)
(23, 358)
(23, 108)
(23, 365)
(23, 239)
(23, 245)
(23, 374)
(23, 247)
(23, 121)
(23, 382)
(24, 256)
(24, 387)
(24, 133)
(24, 193)
(24, 393)
(24, 266)
(24, 87)
(24, 26)
(24, 67)
(24, 278)
(24, 154)
(24, 284)
(24, 157)
(24, 291)
(24, 165)
(24, 46)
(24, 175)
(24, 50)
(24, 51)
(24, 180)
(24, 56)
(24, 314)
(24, 63)
(24, 321)
(24, 322)
(24, 195)
(24, 198)
(24, 332)
(24, 77)
(24, 338)
(24, 211)
(24, 342)
(24, 215)
(24, 346)
(24, 351)
(24, 230)
(24, 107)
(24, 125)
(24, 114)
(24, 248)
(24, 379)
(24, 253)
(25, 258)
(25, 133)
(25, 108)
(25, 395)
(25, 143)
(25, 276)
(25, 284)
(25, 158)
(25, 290)
(25, 291)
(25, 169)
(25, 299)
(25, 301)
(25, 175)
(25, 176)
(25, 177)
(25, 50)
(25, 182)
(25, 55)
(25, 57)
(25, 322)
(25, 199)
(25, 332)
(25, 337)
(25, 82)
(25, 35)
(25, 121)
(25, 88)
(25, 346)
(25, 351)
(25, 99)
(25, 357)
(25, 230)
(25, 105)
(25, 125)
(25, 365)
(25, 239)
(25, 368)
(25, 243)
(25, 377)
(25, 253)
(26, 256)
(26, 387)
(26, 132)
(26, 150)
(26, 392)
(26, 393)
(26, 87)
(26, 268)
(26, 270)
(26, 259)
(26, 46)
(26, 278)
(26, 47)
(26, 86)
(26, 285)
(26, 166)
(26, 167)
(26, 297)
(26, 174)
(26, 157)
(26, 51)
(26, 180)
(26, 56)
(26, 314)
(26, 319)
(26, 193)
(26, 69)
(26, 198)
(26, 329)
(26, 83)
(26, 85)
(26, 342)
(26, 215)
(26, 58)
(26, 107)
(26, 226)
(26, 355)
(26, 101)
(26, 63)
(26, 363)
(26, 237)
(26, 115)
(26, 117)
(26, 41)
(26, 379)
(27, 68)
(27, 132)
(27, 388)
(27, 389)
(27, 390)
(27, 263)
(27, 392)
(27, 394)
(27, 398)
(27, 274)
(27, 147)
(27, 277)
(27, 279)
(27, 260)
(27, 30)
(27, 33)
(27, 34)
(27, 164)
(27, 293)
(27, 296)
(27, 298)
(27, 172)
(27, 302)
(27, 304)
(27, 181)
(27, 310)
(27, 183)
(27, 116)
(27, 190)
(27, 320)
(27, 65)
(27, 66)
(27, 324)
(27, 71)
(27, 205)
(27, 78)
(27, 209)
(27, 210)
(27, 214)
(27, 343)
(27, 216)
(27, 218)
(27, 347)
(27, 93)
(27, 100)
(27, 81)
(27, 232)
(27, 106)
(27, 364)
(27, 366)
(27, 112)
(27, 104)
(27, 372)
(27, 62)
(27, 249)
(27, 123)
(27, 170)
(28, 384)
(28, 391)
(28, 265)
(28, 268)
(28, 273)
(28, 146)
(28, 297)
(28, 306)
(28, 307)
(28, 185)
(28, 189)
(28, 323)
(28, 327)
(28, 328)
(28, 76)
(28, 226)
(28, 79)
(28, 82)
(28, 212)
(28, 89)
(28, 348)
(28, 223)
(28, 225)
(28, 354)
(28, 231)
(28, 105)
(28, 234)
(28, 110)
(28, 61)
(28, 251)
(28, 381)
(28, 127)
(29, 128)
(29, 385)
(29, 134)
(29, 135)
(29, 64)
(29, 139)
(29, 140)
(29, 145)
(29, 275)
(29, 31)
(29, 171)
(29, 52)
(29, 192)
(29, 75)
(29, 197)
(29, 330)
(29, 331)
(29, 204)
(29, 336)
(29, 224)
(29, 98)
(29, 227)
(29, 359)
(29, 241)
(29, 244)
(29, 380)
(29, 255)
(30, 68)
(30, 388)
(30, 389)
(30, 390)
(30, 263)
(30, 236)
(30, 394)
(30, 398)
(30, 274)
(30, 147)
(30, 277)
(30, 279)
(30, 132)
(30, 286)
(30, 33)
(30, 34)
(30, 164)
(30, 293)
(30, 65)
(30, 296)
(30, 298)
(30, 172)
(30, 302)
(30, 304)
(30, 308)
(30, 309)
(30, 310)
(30, 183)
(30, 312)
(30, 116)
(30, 58)
(30, 187)
(30, 318)
(30, 191)
(30, 320)
(30, 181)
(30, 66)
(30, 324)
(30, 71)
(30, 62)
(30, 78)
(30, 209)
(30, 210)
(30, 214)
(30, 343)
(30, 216)
(30, 218)
(30, 347)
(30, 93)
(30, 100)
(30, 81)
(30, 232)
(30, 106)
(30, 364)
(30, 366)
(30, 112)
(30, 104)
(30, 42)
(30, 372)
(30, 190)
(30, 376)
(30, 249)
(30, 123)
(30, 170)
(31, 128)
(31, 385)
(31, 134)
(31, 135)
(31, 136)
(31, 139)
(31, 140)
(31, 145)
(31, 275)
(31, 64)
(31, 171)
(31, 52)
(31, 192)
(31, 75)
(31, 197)
(31, 330)
(31, 331)
(31, 204)
(31, 336)
(31, 217)
(31, 224)
(31, 98)
(31, 227)
(31, 359)
(31, 241)
(31, 244)
(31, 375)
(31, 378)
(31, 380)
(31, 255)
(32, 163)
(32, 292)
(32, 261)
(32, 294)
(32, 103)
(32, 235)
(32, 109)
(32, 397)
(32, 141)
(32, 80)
(32, 242)
(32, 84)
(32, 152)
(32, 250)
(32, 59)
(32, 316)
(33, 68)
(33, 132)
(33, 388)
(33, 389)
(33, 390)
(33, 263)
(33, 392)
(33, 215)
(33, 398)
(33, 271)
(33, 147)
(33, 277)
(33, 279)
(33, 260)
(33, 285)
(33, 34)
(33, 164)
(33, 293)
(33, 166)
(33, 296)
(33, 41)
(33, 170)
(33, 172)
(33, 174)
(33, 47)
(33, 304)
(33, 115)
(33, 310)
(33, 183)
(33, 116)
(33, 58)
(33, 190)
(33, 319)
(33, 320)
(33, 65)
(33, 324)
(33, 71)
(33, 78)
(33, 209)
(33, 210)
(33, 83)
(33, 270)
(33, 214)
(33, 343)
(33, 216)
(33, 218)
(33, 347)
(33, 93)
(33, 355)
(33, 100)
(33, 101)
(33, 81)
(33, 232)
(33, 106)
(33, 363)
(33, 364)
(33, 237)
(33, 112)
(33, 123)
(33, 372)
(33, 62)
(33, 376)
(33, 249)
(33, 191)
(33, 85)
(34, 68)
(34, 132)
(34, 388)
(34, 389)
(34, 390)
(34, 263)
(34, 392)
(34, 236)
(34, 394)
(34, 398)
(34, 274)
(34, 147)
(34, 277)
(34, 279)
(34, 260)
(34, 286)
(34, 164)
(34, 293)
(34, 166)
(34, 296)
(34, 41)
(34, 298)
(34, 172)
(34, 304)
(34, 115)
(34, 308)
(34, 309)
(34, 310)
(34, 183)
(34, 312)
(34, 116)
(34, 58)
(34, 187)
(34, 318)
(34, 319)
(34, 320)
(34, 65)
(34, 324)
(34, 71)
(34, 62)
(34, 78)
(34, 209)
(34, 210)
(34, 83)
(34, 270)
(34, 214)
(34, 343)
(34, 216)
(34, 218)
(34, 347)
(34, 93)
(34, 355)
(34, 100)
(34, 81)
(34, 232)
(34, 106)
(34, 364)
(34, 366)
(34, 112)
(34, 104)
(34, 123)
(34, 372)
(34, 190)
(34, 376)
(34, 249)
(34, 191)
(34, 170)
(34, 85)
(35, 258)
(35, 133)
(35, 395)
(35, 143)
(35, 272)
(35, 276)
(35, 284)
(35, 159)
(35, 290)
(35, 295)
(35, 169)
(35, 299)
(35, 301)
(35, 176)
(35, 177)
(35, 311)
(35, 57)
(35, 325)
(35, 199)
(35, 203)
(35, 213)
(35, 121)
(35, 88)
(35, 228)
(35, 91)
(35, 55)
(35, 229)
(35, 99)
(35, 356)
(35, 357)
(35, 358)
(35, 108)
(35, 368)
(35, 243)
(35, 374)
(35, 247)
(35, 377)
(35, 382)
(36, 257)
(36, 262)
(36, 129)
(36, 267)
(36, 269)
(36, 142)
(36, 144)
(36, 148)
(36, 149)
(36, 111)
(36, 160)
(36, 161)
(36, 168)
(36, 45)
(36, 48)
(36, 305)
(36, 184)
(36, 186)
(36, 315)
(36, 96)
(36, 196)
(36, 70)
(36, 72)
(36, 333)
(36, 206)
(36, 397)
(36, 208)
(36, 340)
(36, 341)
(36, 90)
(36, 335)
(36, 92)
(36, 349)
(36, 222)
(36, 352)
(36, 80)
(36, 102)
(36, 367)
(36, 40)
(36, 114)
(36, 118)
(36, 120)
(36, 252)
(36, 254)
(36, 383)
(37, 390)
(37, 394)
(37, 274)
(37, 147)
(37, 156)
(37, 286)
(37, 164)
(37, 39)
(37, 170)
(37, 302)
(37, 303)
(37, 304)
(37, 179)
(37, 309)
(37, 312)
(37, 187)
(37, 53)
(37, 181)
(37, 219)
(37, 350)
(37, 100)
(37, 104)
(37, 364)
(37, 366)
(37, 370)
(37, 116)
(37, 298)
(38, 219)
(38, 326)
(38, 233)
(38, 187)
(38, 44)
(38, 303)
(38, 370)
(38, 42)
(38, 309)
(38, 54)
(38, 73)
(38, 312)
(38, 345)
(38, 286)
(38, 156)
(38, 317)
(38, 318)
(39, 390)
(39, 394)
(39, 274)
(39, 147)
(39, 156)
(39, 286)
(39, 164)
(39, 170)
(39, 302)
(39, 303)
(39, 179)
(39, 309)
(39, 312)
(39, 53)
(39, 181)
(39, 219)
(39, 350)
(39, 100)
(39, 104)
(39, 364)
(39, 366)
(39, 370)
(39, 116)
(39, 298)
(40, 129)
(40, 150)
(40, 262)
(40, 393)
(40, 266)
(40, 267)
(40, 270)
(40, 148)
(40, 149)
(40, 278)
(40, 154)
(40, 155)
(40, 51)
(40, 160)
(40, 162)
(40, 70)
(40, 168)
(40, 178)
(40, 115)
(40, 137)
(40, 56)
(40, 314)
(40, 63)
(40, 198)
(40, 72)
(40, 206)
(40, 338)
(40, 339)
(40, 340)
(40, 142)
(40, 87)
(40, 90)
(40, 186)
(40, 96)
(40, 237)
(40, 367)
(40, 114)
(40, 211)
(40, 248)
(40, 254)
(41, 387)
(41, 260)
(41, 389)
(41, 263)
(41, 392)
(41, 393)
(41, 398)
(41, 399)
(41, 259)
(41, 277)
(41, 279)
(41, 132)
(41, 47)
(41, 285)
(41, 58)
(41, 347)
(41, 293)
(41, 166)
(41, 172)
(41, 174)
(41, 157)
(41, 51)
(41, 314)
(41, 190)
(41, 319)
(41, 320)
(41, 65)
(41, 324)
(41, 69)
(41, 71)
(41, 329)
(41, 209)
(41, 210)
(41, 83)
(41, 270)
(41, 215)
(41, 216)
(41, 218)
(41, 271)
(41, 93)
(41, 355)
(41, 101)
(41, 81)
(41, 106)
(41, 363)
(41, 237)
(41, 112)
(41, 115)
(41, 62)
(41, 375)
(41, 249)
(41, 123)
(41, 85)
(42, 388)
(42, 390)
(42, 364)
(42, 394)
(42, 137)
(42, 286)
(42, 164)
(42, 298)
(42, 300)
(42, 44)
(42, 304)
(42, 308)
(42, 309)
(42, 54)
(42, 183)
(42, 312)
(42, 116)
(42, 187)
(42, 188)
(42, 317)
(42, 318)
(42, 191)
(42, 326)
(42, 73)
(42, 210)
(42, 339)
(42, 343)
(42, 216)
(42, 345)
(42, 93)
(42, 94)
(42, 353)
(42, 233)
(42, 236)
(42, 240)
(42, 372)
(42, 376)
(43, 257)
(43, 131)
(43, 138)
(43, 269)
(43, 144)
(43, 282)
(43, 283)
(43, 45)
(43, 48)
(43, 305)
(43, 184)
(43, 186)
(43, 59)
(43, 200)
(43, 201)
(43, 74)
(43, 333)
(43, 80)
(43, 340)
(43, 220)
(43, 362)
(43, 111)
(43, 369)
(43, 371)
(43, 373)
(43, 118)
(43, 124)
(43, 383)
(44, 386)
(44, 388)
(44, 390)
(44, 264)
(44, 236)
(44, 282)
(44, 283)
(44, 286)
(44, 300)
(44, 308)
(44, 309)
(44, 54)
(44, 312)
(44, 116)
(44, 187)
(44, 188)
(44, 317)
(44, 318)
(44, 191)
(44, 326)
(44, 73)
(44, 74)
(44, 343)
(44, 345)
(44, 94)
(44, 353)
(44, 233)
(44, 362)
(44, 364)
(44, 238)
(44, 240)
(44, 372)
(44, 376)
(44, 124)
(45, 257)
(45, 386)
(45, 131)
(45, 129)
(45, 264)
(45, 138)
(45, 269)
(45, 142)
(45, 144)
(45, 149)
(45, 282)
(45, 283)
(45, 161)
(45, 162)
(45, 48)
(45, 305)
(45, 184)
(45, 186)
(45, 59)
(45, 70)
(45, 200)
(45, 201)
(45, 74)
(45, 333)
(45, 206)
(45, 80)
(45, 340)
(45, 90)
(45, 220)
(45, 362)
(45, 238)
(45, 111)
(45, 240)
(45, 369)
(45, 371)
(45, 373)
(45, 118)
(45, 124)
(45, 383)
(46, 256)
(46, 387)
(46, 86)
(46, 393)
(46, 87)
(46, 268)
(46, 146)
(46, 259)
(46, 157)
(46, 167)
(46, 297)
(46, 175)
(46, 51)
(46, 180)
(46, 182)
(46, 56)
(46, 314)
(46, 351)
(46, 189)
(46, 63)
(46, 193)
(46, 322)
(46, 198)
(46, 328)
(46, 329)
(46, 332)
(46, 342)
(46, 215)
(46, 346)
(46, 223)
(46, 226)
(46, 230)
(46, 107)
(46, 125)
(46, 117)
(46, 248)
(46, 379)
(46, 253)
(46, 127)
(47, 387)
(47, 260)
(47, 150)
(47, 263)
(47, 392)
(47, 393)
(47, 87)
(47, 398)
(47, 399)
(47, 259)
(47, 277)
(47, 278)
(47, 279)
(47, 132)
(47, 86)
(47, 285)
(47, 293)
(47, 166)
(47, 167)
(47, 172)
(47, 174)
(47, 157)
(47, 51)
(47, 180)
(47, 56)
(47, 314)
(47, 190)
(47, 319)
(47, 320)
(47, 65)
(47, 324)
(47, 69)
(47, 198)
(47, 71)
(47, 329)
(47, 209)
(47, 83)
(47, 270)
(47, 342)
(47, 215)
(47, 271)
(47, 58)
(47, 107)
(47, 355)
(47, 101)
(47, 81)
(47, 63)
(47, 106)
(47, 363)
(47, 237)
(47, 112)
(47, 115)
(47, 249)
(47, 123)
(47, 85)
(48, 257)
(48, 131)
(48, 262)
(48, 129)
(48, 267)
(48, 269)
(48, 142)
(48, 144)
(48, 148)
(48, 149)
(48, 111)
(48, 155)
(48, 160)
(48, 161)
(48, 162)
(48, 168)
(48, 92)
(48, 305)
(48, 184)
(48, 186)
(48, 96)
(48, 196)
(48, 70)
(48, 333)
(48, 206)
(48, 397)
(48, 208)
(48, 340)
(48, 90)
(48, 335)
(48, 220)
(48, 349)
(48, 352)
(48, 80)
(48, 102)
(48, 367)
(48, 371)
(48, 373)
(48, 118)
(48, 120)
(48, 252)
(48, 254)
(48, 383)
(49, 384)
(49, 64)
(49, 134)
(49, 391)
(49, 136)
(49, 139)
(49, 140)
(49, 275)
(49, 151)
(49, 280)
(49, 153)
(49, 135)
(49, 173)
(49, 306)
(49, 307)
(49, 52)
(49, 313)
(49, 60)
(49, 61)
(49, 192)
(49, 197)
(49, 330)
(49, 334)
(49, 212)
(49, 185)
(49, 217)
(49, 348)
(49, 225)
(49, 227)
(49, 244)
(49, 246)
(49, 378)
(50, 130)
(50, 133)
(50, 193)
(50, 266)
(50, 395)
(50, 396)
(50, 67)
(50, 154)
(50, 284)
(50, 291)
(50, 165)
(50, 295)
(50, 169)
(50, 299)
(50, 301)
(50, 175)
(50, 57)
(50, 63)
(50, 321)
(50, 322)
(50, 195)
(50, 198)
(50, 72)
(50, 332)
(50, 77)
(50, 338)
(50, 211)
(50, 88)
(50, 346)
(50, 222)
(50, 351)
(50, 97)
(50, 230)
(50, 125)
(50, 114)
(50, 243)
(50, 248)
(50, 377)
(50, 122)
(50, 253)
(50, 126)
(51, 256)
(51, 387)
(51, 132)
(51, 150)
(51, 262)
(51, 392)
(51, 393)
(51, 266)
(51, 87)
(51, 270)
(51, 107)
(51, 277)
(51, 278)
(51, 279)
(51, 285)
(51, 166)
(51, 174)
(51, 157)
(51, 178)
(51, 180)
(51, 56)
(51, 314)
(51, 190)
(51, 319)
(51, 198)
(51, 329)
(51, 209)
(51, 83)
(51, 85)
(51, 342)
(51, 215)
(51, 58)
(51, 355)
(51, 101)
(51, 63)
(51, 106)
(51, 363)
(51, 237)
(51, 115)
(51, 379)
(52, 128)
(52, 385)
(52, 134)
(52, 135)
(52, 136)
(52, 139)
(52, 140)
(52, 145)
(52, 275)
(52, 151)
(52, 280)
(52, 153)
(52, 64)
(52, 173)
(52, 313)
(52, 192)
(52, 197)
(52, 330)
(52, 331)
(52, 204)
(52, 334)
(52, 217)
(52, 224)
(52, 98)
(52, 227)
(52, 359)
(52, 241)
(52, 244)
(52, 246)
(52, 378)
(52, 380)
(53, 390)
(53, 394)
(53, 274)
(53, 147)
(53, 156)
(53, 286)
(53, 164)
(53, 170)
(53, 302)
(53, 303)
(53, 304)
(53, 179)
(53, 309)
(53, 312)
(53, 181)
(53, 66)
(53, 219)
(53, 350)
(53, 100)
(53, 232)
(53, 364)
(53, 366)
(53, 104)
(53, 370)
(53, 116)
(53, 298)
(54, 388)
(54, 390)
(54, 236)
(54, 394)
(54, 286)
(54, 300)
(54, 304)
(54, 308)
(54, 309)
(54, 183)
(54, 312)
(54, 116)
(54, 187)
(54, 188)
(54, 317)
(54, 318)
(54, 191)
(54, 326)
(54, 73)
(54, 210)
(54, 343)
(54, 345)
(54, 94)
(54, 353)
(54, 233)
(54, 364)
(54, 240)
(54, 372)
(54, 376)
(55, 258)
(55, 133)
(55, 395)
(55, 143)
(55, 276)
(55, 284)
(55, 158)
(55, 290)
(55, 169)
(55, 299)
(55, 301)
(55, 176)
(55, 177)
(55, 182)
(55, 311)
(55, 57)
(55, 325)
(55, 199)
(55, 332)
(55, 337)
(55, 82)
(55, 228)
(55, 99)
(55, 356)
(55, 357)
(55, 358)
(55, 105)
(55, 108)
(55, 365)
(55, 239)
(55, 368)
(55, 245)
(55, 374)
(55, 247)
(55, 121)
(55, 253)
(55, 382)
(56, 387)
(56, 150)
(56, 262)
(56, 193)
(56, 393)
(56, 266)
(56, 87)
(56, 270)
(56, 107)
(56, 148)
(56, 278)
(56, 154)
(56, 157)
(56, 291)
(56, 165)
(56, 166)
(56, 168)
(56, 175)
(56, 178)
(56, 180)
(56, 314)
(56, 319)
(56, 321)
(56, 83)
(56, 195)
(56, 198)
(56, 72)
(56, 77)
(56, 338)
(56, 211)
(56, 342)
(56, 215)
(56, 351)
(56, 96)
(56, 67)
(56, 355)
(56, 63)
(56, 363)
(56, 237)
(56, 114)
(56, 115)
(56, 248)
(56, 379)
(56, 125)
(57, 258)
(57, 133)
(57, 395)
(57, 143)
(57, 276)
(57, 284)
(57, 158)
(57, 290)
(57, 169)
(57, 299)
(57, 301)
(57, 176)
(57, 177)
(57, 182)
(57, 322)
(57, 199)
(57, 332)
(57, 337)
(57, 82)
(57, 121)
(57, 88)
(57, 346)
(57, 229)
(57, 99)
(57, 356)
(57, 357)
(57, 230)
(57, 105)
(57, 108)
(57, 365)
(57, 239)
(57, 368)
(57, 243)
(57, 377)
(57, 253)
(58, 132)
(58, 387)
(58, 388)
(58, 150)
(58, 263)
(58, 392)
(58, 393)
(58, 398)
(58, 277)
(58, 278)
(58, 279)
(58, 260)
(58, 285)
(58, 293)
(58, 166)
(58, 172)
(58, 174)
(58, 157)
(58, 178)
(58, 115)
(58, 183)
(58, 314)
(58, 190)
(58, 319)
(58, 320)
(58, 65)
(58, 324)
(58, 71)
(58, 209)
(58, 210)
(58, 83)
(58, 270)
(58, 215)
(58, 216)
(58, 218)
(58, 93)
(58, 355)
(58, 101)
(58, 81)
(58, 106)
(58, 363)
(58, 237)
(58, 112)
(58, 123)
(58, 62)
(58, 376)
(58, 249)
(58, 191)
(58, 85)
(59, 257)
(59, 131)
(59, 397)
(59, 163)
(59, 305)
(59, 184)
(59, 200)
(59, 201)
(59, 333)
(59, 141)
(59, 80)
(59, 84)
(59, 352)
(59, 208)
(59, 109)
(59, 242)
(59, 371)
(59, 118)
(59, 120)
(59, 383)
(60, 384)
(60, 385)
(60, 135)
(60, 259)
(60, 134)
(60, 391)
(60, 136)
(60, 265)
(60, 139)
(60, 268)
(60, 273)
(60, 151)
(60, 280)
(60, 167)
(60, 297)
(60, 171)
(60, 306)
(60, 307)
(60, 313)
(60, 61)
(60, 192)
(60, 197)
(60, 328)
(60, 329)
(60, 226)
(60, 334)
(60, 212)
(60, 86)
(60, 185)
(60, 217)
(60, 348)
(60, 225)
(60, 354)
(60, 359)
(60, 140)
(60, 244)
(60, 117)
(60, 378)
(60, 127)
(61, 384)
(61, 391)
(61, 265)
(61, 273)
(61, 151)
(61, 280)
(61, 297)
(61, 173)
(61, 306)
(61, 307)
(61, 313)
(61, 328)
(61, 334)
(61, 212)
(61, 185)
(61, 217)
(61, 348)
(61, 225)
(61, 354)
(61, 231)
(61, 244)
(61, 117)
(61, 251)
(61, 381)
(61, 127)
(62, 68)
(62, 132)
(62, 388)
(62, 389)
(62, 390)
(62, 263)
(62, 392)
(62, 394)
(62, 398)
(62, 274)
(62, 147)
(62, 277)
(62, 279)
(62, 260)
(62, 286)
(62, 164)
(62, 293)
(62, 166)
(62, 296)
(62, 298)
(62, 172)
(62, 302)
(62, 304)
(62, 308)
(62, 309)
(62, 310)
(62, 183)
(62, 312)
(62, 116)
(62, 65)
(62, 190)
(62, 191)
(62, 320)
(62, 181)
(62, 66)
(62, 324)
(62, 71)
(62, 205)
(62, 78)
(62, 209)
(62, 210)
(62, 85)
(62, 214)
(62, 343)
(62, 216)
(62, 218)
(62, 347)
(62, 93)
(62, 100)
(62, 81)
(62, 232)
(62, 106)
(62, 364)
(62, 366)
(62, 112)
(62, 104)
(62, 372)
(62, 376)
(62, 249)
(62, 123)
(62, 170)
(63, 256)
(63, 387)
(63, 150)
(63, 262)
(63, 193)
(63, 393)
(63, 266)
(63, 87)
(63, 270)
(63, 107)
(63, 278)
(63, 154)
(63, 157)
(63, 291)
(63, 165)
(63, 175)
(63, 180)
(63, 314)
(63, 319)
(63, 321)
(63, 322)
(63, 195)
(63, 198)
(63, 332)
(63, 77)
(63, 338)
(63, 211)
(63, 342)
(63, 215)
(63, 346)
(63, 351)
(63, 67)
(63, 355)
(63, 230)
(63, 363)
(63, 125)
(63, 114)
(63, 248)
(63, 379)
(63, 253)
(64, 385)
(64, 134)
(64, 135)
(64, 136)
(64, 139)
(64, 140)
(64, 275)
(64, 151)
(64, 280)
(64, 153)
(64, 173)
(64, 313)
(64, 192)
(64, 197)
(64, 330)
(64, 334)
(64, 217)
(64, 224)
(64, 227)
(64, 241)
(64, 244)
(64, 246)
(64, 378)
(64, 380)
(65, 68)
(65, 132)
(65, 388)
(65, 389)
(65, 263)
(65, 392)
(65, 393)
(65, 215)
(65, 398)
(65, 399)
(65, 277)
(65, 279)
(65, 260)
(65, 285)
(65, 293)
(65, 166)
(65, 296)
(65, 172)
(65, 174)
(65, 157)
(65, 304)
(65, 115)
(65, 310)
(65, 183)
(65, 116)
(65, 190)
(65, 319)
(65, 320)
(65, 324)
(65, 69)
(65, 71)
(65, 78)
(65, 271)
(65, 209)
(65, 210)
(65, 83)
(65, 270)
(65, 214)
(65, 343)
(65, 216)
(65, 218)
(65, 347)
(65, 93)
(65, 355)
(65, 100)
(65, 101)
(65, 81)
(65, 232)
(65, 106)
(65, 363)
(65, 237)
(65, 112)
(65, 123)
(65, 372)
(65, 375)
(65, 376)
(65, 249)
(65, 191)
(65, 85)
(66, 389)
(66, 394)
(66, 274)
(66, 147)
(66, 164)
(66, 296)
(66, 170)
(66, 302)
(66, 179)
(66, 181)
(66, 310)
(66, 68)
(66, 205)
(66, 78)
(66, 214)
(66, 218)
(66, 347)
(66, 100)
(66, 232)
(66, 366)
(66, 104)
(66, 298)
(67, 130)
(67, 133)
(67, 266)
(67, 267)
(67, 396)
(67, 88)
(67, 148)
(67, 154)
(67, 284)
(67, 291)
(67, 165)
(67, 295)
(67, 175)
(67, 321)
(67, 195)
(67, 198)
(67, 72)
(67, 77)
(67, 338)
(67, 211)
(67, 341)
(67, 344)
(67, 222)
(67, 351)
(67, 96)
(67, 97)
(67, 230)
(67, 125)
(67, 114)
(67, 243)
(67, 126)
(67, 248)
(67, 377)
(67, 122)
(67, 253)
(67, 254)
(68, 260)
(68, 389)
(68, 390)
(68, 263)
(68, 392)
(68, 398)
(68, 271)
(68, 274)
(68, 147)
(68, 279)
(68, 132)
(68, 347)
(68, 164)
(68, 293)
(68, 296)
(68, 298)
(68, 172)
(68, 302)
(68, 304)
(68, 181)
(68, 310)
(68, 183)
(68, 190)
(68, 320)
(68, 324)
(68, 71)
(68, 75)
(68, 205)
(68, 78)
(68, 336)
(68, 209)
(68, 210)
(68, 214)
(68, 216)
(68, 218)
(68, 399)
(68, 93)
(68, 100)
(68, 81)
(68, 232)
(68, 366)
(68, 112)
(68, 104)
(68, 116)
(68, 375)
(68, 249)
(68, 123)
(68, 170)
(69, 128)
(69, 385)
(69, 387)
(69, 260)
(69, 389)
(69, 134)
(69, 392)
(69, 398)
(69, 399)
(69, 259)
(69, 132)
(69, 285)
(69, 347)
(69, 166)
(69, 167)
(69, 297)
(69, 171)
(69, 174)
(69, 157)
(69, 136)
(69, 190)
(69, 319)
(69, 320)
(69, 324)
(69, 71)
(69, 329)
(69, 331)
(69, 204)
(69, 78)
(69, 336)
(69, 81)
(69, 83)
(69, 270)
(69, 86)
(69, 215)
(69, 271)
(69, 226)
(69, 355)
(69, 101)
(69, 359)
(69, 363)
(69, 112)
(69, 123)
(69, 117)
(69, 375)
(69, 378)
(69, 127)
(69, 85)
(69, 255)
(70, 257)
(70, 262)
(70, 129)
(70, 266)
(70, 267)
(70, 269)
(70, 142)
(70, 144)
(70, 148)
(70, 149)
(70, 111)
(70, 155)
(70, 160)
(70, 161)
(70, 162)
(70, 168)
(70, 305)
(70, 178)
(70, 184)
(70, 186)
(70, 96)
(70, 196)
(70, 72)
(70, 333)
(70, 206)
(70, 397)
(70, 208)
(70, 340)
(70, 341)
(70, 90)
(70, 335)
(70, 349)
(70, 222)
(70, 352)
(70, 102)
(70, 367)
(70, 114)
(70, 373)
(70, 118)
(70, 120)
(70, 252)
(70, 254)
(70, 383)
(71, 128)
(71, 260)
(71, 389)
(71, 263)
(71, 392)
(71, 270)
(71, 399)
(71, 277)
(71, 279)
(71, 132)
(71, 285)
(71, 347)
(71, 293)
(71, 166)
(71, 296)
(71, 170)
(71, 171)
(71, 172)
(71, 174)
(71, 310)
(71, 190)
(71, 319)
(71, 320)
(71, 324)
(71, 331)
(71, 205)
(71, 78)
(71, 336)
(71, 209)
(71, 210)
(71, 83)
(71, 398)
(71, 214)
(71, 216)
(71, 218)
(71, 271)
(71, 93)
(71, 355)
(71, 100)
(71, 101)
(71, 81)
(71, 232)
(71, 106)
(71, 363)
(71, 112)
(71, 375)
(71, 249)
(71, 123)
(71, 85)
(71, 255)
(72, 130)
(72, 262)
(72, 266)
(72, 267)
(72, 142)
(72, 88)
(72, 148)
(72, 278)
(72, 154)
(72, 160)
(72, 291)
(72, 165)
(72, 168)
(72, 175)
(72, 178)
(72, 315)
(72, 321)
(72, 195)
(72, 77)
(72, 335)
(72, 338)
(72, 211)
(72, 341)
(72, 344)
(72, 349)
(72, 222)
(72, 351)
(72, 96)
(72, 97)
(72, 102)
(72, 367)
(72, 114)
(72, 126)
(72, 248)
(72, 377)
(72, 122)
(72, 125)
(72, 254)
(73, 390)
(73, 264)
(73, 364)
(73, 283)
(73, 286)
(73, 300)
(73, 308)
(73, 309)
(73, 312)
(73, 116)
(73, 187)
(73, 188)
(73, 317)
(73, 318)
(73, 191)
(73, 326)
(73, 343)
(73, 345)
(73, 94)
(73, 353)
(73, 233)
(73, 236)
(73, 240)
(73, 372)
(73, 376)
(74, 386)
(74, 131)
(74, 264)
(74, 137)
(74, 138)
(74, 269)
(74, 144)
(74, 149)
(74, 282)
(74, 283)
(74, 162)
(74, 155)
(74, 300)
(74, 186)
(74, 188)
(74, 317)
(74, 326)
(74, 201)
(74, 206)
(74, 339)
(74, 340)
(74, 90)
(74, 220)
(74, 94)
(74, 353)
(74, 362)
(74, 238)
(74, 111)
(74, 240)
(74, 369)
(74, 373)
(74, 124)
(74, 383)
(75, 128)
(75, 385)
(75, 389)
(75, 398)
(75, 399)
(75, 347)
(75, 171)
(75, 310)
(75, 331)
(75, 204)
(75, 205)
(75, 78)
(75, 336)
(75, 271)
(75, 224)
(75, 98)
(75, 227)
(75, 145)
(75, 241)
(75, 375)
(75, 255)
(76, 146)
(76, 158)
(76, 199)
(76, 182)
(76, 323)
(76, 327)
(76, 79)
(76, 337)
(76, 82)
(76, 89)
(76, 223)
(76, 354)
(76, 231)
(76, 105)
(76, 234)
(76, 365)
(76, 110)
(76, 239)
(76, 251)
(76, 381)
(77, 130)
(77, 133)
(77, 193)
(77, 266)
(77, 395)
(77, 396)
(77, 148)
(77, 154)
(77, 284)
(77, 291)
(77, 165)
(77, 295)
(77, 299)
(77, 301)
(77, 175)
(77, 321)
(77, 322)
(77, 195)
(77, 198)
(77, 332)
(77, 338)
(77, 211)
(77, 341)
(77, 87)
(77, 88)
(77, 346)
(77, 222)
(77, 351)
(77, 97)
(77, 230)
(77, 125)
(77, 114)
(77, 243)
(77, 126)
(77, 248)
(77, 377)
(77, 122)
(77, 253)
(77, 254)
(78, 128)
(78, 260)
(78, 389)
(78, 263)
(78, 392)
(78, 398)
(78, 271)
(78, 145)
(78, 147)
(78, 132)
(78, 347)
(78, 296)
(78, 170)
(78, 171)
(78, 310)
(78, 190)
(78, 320)
(78, 324)
(78, 331)
(78, 204)
(78, 205)
(78, 336)
(78, 81)
(78, 214)
(78, 218)
(78, 399)
(78, 98)
(78, 100)
(78, 232)
(78, 112)
(78, 375)
(78, 249)
(78, 123)
(78, 255)
(79, 384)
(79, 273)
(79, 146)
(79, 158)
(79, 182)
(79, 189)
(79, 323)
(79, 327)
(79, 337)
(79, 82)
(79, 89)
(79, 223)
(79, 354)
(79, 231)
(79, 105)
(79, 234)
(79, 365)
(79, 110)
(79, 251)
(79, 381)
(80, 257)
(80, 131)
(80, 261)
(80, 397)
(80, 144)
(80, 152)
(80, 161)
(80, 163)
(80, 294)
(80, 305)
(80, 184)
(80, 196)
(80, 200)
(80, 201)
(80, 333)
(80, 269)
(80, 208)
(80, 141)
(80, 84)
(80, 92)
(80, 349)
(80, 352)
(80, 102)
(80, 103)
(80, 109)
(80, 111)
(80, 242)
(80, 371)
(80, 118)
(80, 120)
(80, 250)
(80, 252)
(80, 383)
(81, 132)
(81, 388)
(81, 389)
(81, 263)
(81, 392)
(81, 398)
(81, 271)
(81, 277)
(81, 279)
(81, 260)
(81, 285)
(81, 347)
(81, 293)
(81, 166)
(81, 296)
(81, 172)
(81, 174)
(81, 157)
(81, 304)
(81, 310)
(81, 183)
(81, 190)
(81, 319)
(81, 320)
(81, 324)
(81, 205)
(81, 336)
(81, 209)
(81, 210)
(81, 83)
(81, 270)
(81, 214)
(81, 215)
(81, 216)
(81, 218)
(81, 399)
(81, 93)
(81, 355)
(81, 100)
(81, 101)
(81, 232)
(81, 106)
(81, 363)
(81, 237)
(81, 112)
(81, 115)
(81, 375)
(81, 249)
(81, 123)
(81, 85)
(82, 258)
(82, 146)
(82, 158)
(82, 169)
(82, 199)
(82, 177)
(82, 182)
(82, 189)
(82, 322)
(82, 323)
(82, 327)
(82, 332)
(82, 337)
(82, 89)
(82, 346)
(82, 223)
(82, 357)
(82, 231)
(82, 105)
(82, 234)
(82, 108)
(82, 365)
(82, 110)
(82, 239)
(82, 121)
(82, 251)
(82, 381)
(83, 132)
(83, 387)
(83, 388)
(83, 150)
(83, 263)
(83, 392)
(83, 393)
(83, 87)
(83, 398)
(83, 399)
(83, 277)
(83, 278)
(83, 279)
(83, 260)
(83, 285)
(83, 347)
(83, 293)
(83, 166)
(83, 172)
(83, 174)
(83, 157)
(83, 314)
(83, 190)
(83, 319)
(83, 320)
(83, 324)
(83, 329)
(83, 209)
(83, 210)
(83, 270)
(83, 342)
(83, 215)
(83, 216)
(83, 271)
(83, 93)
(83, 355)
(83, 101)
(83, 106)
(83, 363)
(83, 237)
(83, 112)
(83, 115)
(83, 249)
(83, 123)
(83, 85)
(84, 257)
(84, 261)
(84, 397)
(84, 141)
(84, 152)
(84, 288)
(84, 161)
(84, 163)
(84, 292)
(84, 294)
(84, 305)
(84, 184)
(84, 316)
(84, 196)
(84, 333)
(84, 335)
(84, 208)
(84, 92)
(84, 349)
(84, 352)
(84, 102)
(84, 103)
(84, 361)
(84, 235)
(84, 109)
(84, 113)
(84, 242)
(84, 371)
(84, 118)
(84, 120)
(84, 250)
(84, 252)
(85, 387)
(85, 260)
(85, 389)
(85, 263)
(85, 392)
(85, 393)
(85, 398)
(85, 399)
(85, 259)
(85, 277)
(85, 279)
(85, 132)
(85, 285)
(85, 347)
(85, 293)
(85, 166)
(85, 172)
(85, 174)
(85, 157)
(85, 314)
(85, 190)
(85, 319)
(85, 320)
(85, 324)
(85, 329)
(85, 209)
(85, 210)
(85, 270)
(85, 215)
(85, 216)
(85, 218)
(85, 271)
(85, 93)
(85, 355)
(85, 101)
(85, 106)
(85, 363)
(85, 237)
(85, 112)
(85, 115)
(85, 375)
(85, 249)
(85, 123)
(86, 256)
(86, 387)
(86, 391)
(86, 136)
(86, 393)
(86, 268)
(86, 273)
(86, 146)
(86, 259)
(86, 285)
(86, 185)
(86, 167)
(86, 297)
(86, 174)
(86, 157)
(86, 307)
(86, 180)
(86, 265)
(86, 313)
(86, 189)
(86, 193)
(86, 328)
(86, 329)
(86, 342)
(86, 215)
(86, 223)
(86, 107)
(86, 225)
(86, 226)
(86, 101)
(86, 363)
(86, 117)
(86, 378)
(86, 379)
(86, 127)
(87, 256)
(87, 387)
(87, 150)
(87, 262)
(87, 393)
(87, 266)
(87, 270)
(87, 107)
(87, 278)
(87, 154)
(87, 157)
(87, 166)
(87, 174)
(87, 175)
(87, 178)
(87, 180)
(87, 314)
(87, 319)
(87, 193)
(87, 322)
(87, 195)
(87, 198)
(87, 329)
(87, 211)
(87, 342)
(87, 215)
(87, 346)
(87, 351)
(87, 355)
(87, 230)
(87, 363)
(87, 237)
(87, 114)
(87, 115)
(87, 248)
(87, 379)
(87, 125)
(88, 130)
(88, 133)
(88, 395)
(88, 396)
(88, 276)
(88, 281)
(88, 154)
(88, 284)
(88, 287)
(88, 291)
(88, 165)
(88, 295)
(88, 169)
(88, 299)
(88, 301)
(88, 175)
(88, 159)
(88, 321)
(88, 195)
(88, 203)
(88, 338)
(88, 211)
(88, 344)
(88, 91)
(88, 222)
(88, 351)
(88, 97)
(88, 99)
(88, 229)
(88, 230)
(88, 360)
(88, 125)
(88, 368)
(88, 243)
(88, 119)
(88, 248)
(88, 377)
(88, 122)
(88, 253)
(88, 126)
(89, 258)
(89, 146)
(89, 158)
(89, 199)
(89, 177)
(89, 182)
(89, 189)
(89, 323)
(89, 327)
(89, 337)
(89, 223)
(89, 357)
(89, 231)
(89, 105)
(89, 234)
(89, 108)
(89, 365)
(89, 110)
(89, 239)
(89, 245)
(89, 121)
(89, 251)
(89, 381)
(90, 257)
(90, 386)
(90, 131)
(90, 150)
(90, 262)
(90, 129)
(90, 137)
(90, 266)
(90, 267)
(90, 269)
(90, 142)
(90, 144)
(90, 148)
(90, 149)
(90, 278)
(90, 111)
(90, 155)
(90, 160)
(90, 161)
(90, 162)
(90, 168)
(90, 178)
(90, 184)
(90, 186)
(90, 206)
(90, 339)
(90, 340)
(90, 220)
(90, 96)
(90, 102)
(90, 362)
(90, 238)
(90, 367)
(90, 373)
(90, 383)
(91, 395)
(91, 396)
(91, 143)
(91, 276)
(91, 281)
(91, 159)
(91, 295)
(91, 169)
(91, 299)
(91, 301)
(91, 287)
(91, 203)
(91, 99)
(91, 229)
(91, 360)
(91, 368)
(91, 243)
(91, 119)
(91, 377)
(91, 126)
(91, 247)
(92, 261)
(92, 267)
(92, 397)
(92, 142)
(92, 141)
(92, 152)
(92, 288)
(92, 161)
(92, 163)
(92, 292)
(92, 349)
(92, 305)
(92, 184)
(92, 315)
(92, 160)
(92, 194)
(92, 196)
(92, 333)
(92, 207)
(92, 208)
(92, 341)
(92, 344)
(92, 335)
(92, 221)
(92, 95)
(92, 352)
(92, 102)
(92, 103)
(92, 361)
(92, 235)
(92, 113)
(92, 242)
(92, 118)
(92, 120)
(92, 250)
(92, 252)
(92, 254)
(93, 388)
(93, 390)
(93, 263)
(93, 392)
(93, 236)
(93, 394)
(93, 398)
(93, 274)
(93, 147)
(93, 277)
(93, 279)
(93, 132)
(93, 286)
(93, 164)
(93, 293)
(93, 166)
(93, 296)
(93, 298)
(93, 172)
(93, 304)
(93, 115)
(93, 308)
(93, 309)
(93, 310)
(93, 183)
(93, 312)
(93, 116)
(93, 187)
(93, 318)
(93, 319)
(93, 320)
(93, 324)
(93, 209)
(93, 210)
(93, 270)
(93, 214)
(93, 343)
(93, 216)
(93, 218)
(93, 347)
(93, 353)
(93, 355)
(93, 100)
(93, 232)
(93, 106)
(93, 364)
(93, 237)
(93, 366)
(93, 112)
(93, 104)
(93, 123)
(93, 372)
(93, 190)
(93, 376)
(93, 249)
(93, 191)
(93, 170)
(94, 386)
(94, 131)
(94, 264)
(94, 137)
(94, 138)
(94, 269)
(94, 282)
(94, 283)
(94, 162)
(94, 300)
(94, 308)
(94, 188)
(94, 317)
(94, 318)
(94, 326)
(94, 339)
(94, 345)
(94, 220)
(94, 353)
(94, 362)
(94, 236)
(94, 238)
(94, 111)
(94, 240)
(94, 369)
(94, 373)
(94, 124)
(94, 383)
(95, 288)
(95, 97)
(95, 194)
(95, 292)
(95, 103)
(95, 360)
(95, 361)
(95, 235)
(95, 396)
(95, 207)
(95, 335)
(95, 113)
(95, 119)
(95, 344)
(95, 281)
(95, 315)
(95, 221)
(95, 287)
(96, 129)
(96, 150)
(96, 262)
(96, 266)
(96, 267)
(96, 142)
(96, 144)
(96, 148)
(96, 149)
(96, 278)
(96, 154)
(96, 155)
(96, 160)
(96, 161)
(96, 168)
(96, 349)
(96, 178)
(96, 184)
(96, 186)
(96, 321)
(96, 206)
(96, 335)
(96, 338)
(96, 211)
(96, 340)
(96, 341)
(96, 314)
(96, 222)
(96, 102)
(96, 367)
(96, 114)
(96, 248)
(96, 254)
(97, 130)
(97, 267)
(97, 396)
(97, 148)
(97, 281)
(97, 154)
(97, 287)
(97, 160)
(97, 291)
(97, 165)
(97, 295)
(97, 349)
(97, 315)
(97, 321)
(97, 194)
(97, 195)
(97, 203)
(97, 207)
(97, 338)
(97, 211)
(97, 341)
(97, 344)
(97, 335)
(97, 221)
(97, 222)
(97, 360)
(97, 114)
(97, 243)
(97, 126)
(97, 119)
(97, 377)
(97, 122)
(97, 254)
(98, 128)
(98, 385)
(98, 134)
(98, 135)
(98, 136)
(98, 399)
(98, 145)
(98, 275)
(98, 171)
(98, 192)
(98, 331)
(98, 204)
(98, 205)
(98, 336)
(98, 271)
(98, 224)
(98, 227)
(98, 359)
(98, 241)
(98, 375)
(98, 378)
(98, 380)
(98, 255)
(99, 258)
(99, 395)
(99, 396)
(99, 143)
(99, 272)
(99, 276)
(99, 159)
(99, 290)
(99, 295)
(99, 169)
(99, 299)
(99, 301)
(99, 176)
(99, 287)
(99, 203)
(99, 213)
(99, 229)
(99, 358)
(99, 368)
(99, 243)
(99, 374)
(99, 247)
(99, 121)
(100, 388)
(100, 389)
(100, 390)
(100, 263)
(100, 394)
(100, 274)
(100, 147)
(100, 286)
(100, 219)
(100, 164)
(100, 293)
(100, 296)
(100, 298)
(100, 172)
(100, 302)
(100, 304)
(100, 179)
(100, 309)
(100, 310)
(100, 183)
(100, 312)
(100, 116)
(100, 187)
(100, 190)
(100, 181)
(100, 320)
(100, 324)
(100, 205)
(100, 210)
(100, 214)
(100, 343)
(100, 216)
(100, 218)
(100, 347)
(100, 350)
(100, 232)
(100, 364)
(100, 366)
(100, 112)
(100, 104)
(100, 372)
(100, 249)
(100, 170)
(101, 385)
(101, 387)
(101, 260)
(101, 389)
(101, 392)
(101, 393)
(101, 398)
(101, 399)
(101, 271)
(101, 259)
(101, 279)
(101, 132)
(101, 285)
(101, 166)
(101, 167)
(101, 297)
(101, 171)
(101, 172)
(101, 174)
(101, 157)
(101, 136)
(101, 190)
(101, 319)
(101, 320)
(101, 324)
(101, 329)
(101, 331)
(101, 336)
(101, 209)
(101, 270)
(101, 215)
(101, 347)
(101, 355)
(101, 359)
(101, 363)
(101, 112)
(101, 117)
(101, 375)
(101, 249)
(101, 378)
(101, 123)
(101, 255)
(102, 257)
(102, 129)
(102, 267)
(102, 397)
(102, 142)
(102, 144)
(102, 148)
(102, 149)
(102, 160)
(102, 161)
(102, 163)
(102, 168)
(102, 305)
(102, 184)
(102, 186)
(102, 315)
(102, 196)
(102, 333)
(102, 206)
(102, 335)
(102, 208)
(102, 141)
(102, 341)
(102, 344)
(102, 349)
(102, 222)
(102, 352)
(102, 103)
(102, 367)
(102, 114)
(102, 118)
(102, 120)
(102, 252)
(102, 254)
(103, 261)
(103, 397)
(103, 141)
(103, 152)
(103, 288)
(103, 161)
(103, 163)
(103, 292)
(103, 294)
(103, 349)
(103, 305)
(103, 315)
(103, 160)
(103, 194)
(103, 196)
(103, 333)
(103, 207)
(103, 208)
(103, 344)
(103, 335)
(103, 221)
(103, 352)
(103, 361)
(103, 235)
(103, 113)
(103, 242)
(103, 120)
(103, 250)
(103, 252)
(104, 388)
(104, 390)
(104, 263)
(104, 394)
(104, 274)
(104, 147)
(104, 156)
(104, 286)
(104, 164)
(104, 296)
(104, 298)
(104, 302)
(104, 303)
(104, 304)
(104, 179)
(104, 309)
(104, 310)
(104, 183)
(104, 312)
(104, 116)
(104, 187)
(104, 181)
(104, 210)
(104, 214)
(104, 343)
(104, 218)
(104, 219)
(104, 350)
(104, 232)
(104, 364)
(104, 366)
(104, 370)
(104, 372)
(104, 249)
(104, 170)
(105, 258)
(105, 146)
(105, 158)
(105, 169)
(105, 199)
(105, 177)
(105, 182)
(105, 189)
(105, 322)
(105, 323)
(105, 327)
(105, 332)
(105, 337)
(105, 346)
(105, 223)
(105, 357)
(105, 231)
(105, 234)
(105, 108)
(105, 365)
(105, 110)
(105, 239)
(105, 245)
(105, 121)
(105, 251)
(105, 381)
(106, 132)
(106, 388)
(106, 390)
(106, 263)
(106, 392)
(106, 393)
(106, 215)
(106, 398)
(106, 277)
(106, 150)
(106, 279)
(106, 137)
(106, 260)
(106, 285)
(106, 293)
(106, 166)
(106, 172)
(106, 304)
(106, 115)
(106, 308)
(106, 236)
(106, 183)
(106, 116)
(106, 318)
(106, 319)
(106, 320)
(106, 324)
(106, 209)
(106, 210)
(106, 339)
(106, 270)
(106, 214)
(106, 343)
(106, 216)
(106, 218)
(106, 353)
(106, 355)
(106, 232)
(106, 363)
(106, 364)
(106, 237)
(106, 112)
(106, 123)
(106, 372)
(106, 190)
(106, 376)
(106, 249)
(106, 191)
(107, 256)
(107, 387)
(107, 393)
(107, 268)
(107, 270)
(107, 146)
(107, 259)
(107, 285)
(107, 167)
(107, 297)
(107, 174)
(107, 175)
(107, 180)
(107, 314)
(107, 351)
(107, 189)
(107, 193)
(107, 322)
(107, 198)
(107, 328)
(107, 329)
(107, 332)
(107, 342)
(107, 215)
(107, 346)
(107, 223)
(107, 226)
(107, 355)
(107, 230)
(107, 363)
(107, 157)
(107, 117)
(107, 379)
(107, 125)
(107, 127)
(108, 258)
(108, 133)
(108, 395)
(108, 143)
(108, 284)
(108, 158)
(108, 290)
(108, 169)
(108, 299)
(108, 301)
(108, 176)
(108, 177)
(108, 182)
(108, 311)
(108, 322)
(108, 325)
(108, 199)
(108, 332)
(108, 337)
(108, 346)
(108, 356)
(108, 357)
(108, 230)
(108, 234)
(108, 365)
(108, 239)
(108, 245)
(108, 121)
(108, 253)
(109, 352)
(109, 163)
(109, 261)
(109, 294)
(109, 397)
(109, 333)
(109, 141)
(109, 305)
(109, 242)
(109, 371)
(109, 118)
(109, 152)
(109, 250)
(109, 316)
(110, 384)
(110, 256)
(110, 391)
(110, 268)
(110, 273)
(110, 146)
(110, 158)
(110, 199)
(110, 182)
(110, 189)
(110, 322)
(110, 323)
(110, 327)
(110, 328)
(110, 226)
(110, 337)
(110, 346)
(110, 223)
(110, 354)
(110, 231)
(110, 234)
(110, 365)
(110, 251)
(110, 381)
(110, 127)
(111, 257)
(111, 386)
(111, 131)
(111, 129)
(111, 264)
(111, 137)
(111, 138)
(111, 269)
(111, 142)
(111, 144)
(111, 149)
(111, 282)
(111, 283)
(111, 161)
(111, 162)
(111, 155)
(111, 305)
(111, 184)
(111, 186)
(111, 200)
(111, 201)
(111, 333)
(111, 206)
(111, 208)
(111, 339)
(111, 340)
(111, 220)
(111, 362)
(111, 238)
(111, 367)
(111, 240)
(111, 369)
(111, 371)
(111, 373)
(111, 118)
(111, 124)
(111, 383)
(112, 132)
(112, 388)
(112, 389)
(112, 263)
(112, 392)
(112, 398)
(112, 271)
(112, 147)
(112, 277)
(112, 279)
(112, 260)
(112, 285)
(112, 347)
(112, 293)
(112, 166)
(112, 296)
(112, 170)
(112, 172)
(112, 174)
(112, 157)
(112, 304)
(112, 310)
(112, 183)
(112, 116)
(112, 190)
(112, 319)
(112, 320)
(112, 324)
(112, 205)
(112, 336)
(112, 209)
(112, 210)
(112, 270)
(112, 214)
(112, 215)
(112, 216)
(112, 218)
(112, 399)
(112, 355)
(112, 232)
(112, 363)
(112, 237)
(112, 115)
(112, 372)
(112, 375)
(112, 249)
(112, 123)
(113, 288)
(113, 194)
(113, 163)
(113, 292)
(113, 261)
(113, 361)
(113, 235)
(113, 141)
(113, 207)
(113, 152)
(113, 250)
(113, 315)
(113, 252)
(113, 221)
(114, 130)
(114, 150)
(114, 262)
(114, 266)
(114, 267)
(114, 142)
(114, 148)
(114, 278)
(114, 154)
(114, 160)
(114, 291)
(114, 165)
(114, 168)
(114, 175)
(114, 178)
(114, 314)
(114, 321)
(114, 195)
(114, 198)
(114, 335)
(114, 338)
(114, 211)
(114, 341)
(114, 344)
(114, 222)
(114, 351)
(114, 367)
(114, 126)
(114, 248)
(114, 377)
(114, 122)
(114, 125)
(114, 254)
(115, 388)
(115, 150)
(115, 262)
(115, 263)
(115, 392)
(115, 393)
(115, 270)
(115, 277)
(115, 278)
(115, 279)
(115, 132)
(115, 155)
(115, 285)
(115, 293)
(115, 166)
(115, 172)
(115, 157)
(115, 178)
(115, 137)
(115, 314)
(115, 190)
(115, 319)
(115, 320)
(115, 324)
(115, 209)
(115, 210)
(115, 339)
(115, 215)
(115, 216)
(115, 355)
(115, 363)
(115, 237)
(115, 376)
(115, 249)
(115, 191)
(116, 388)
(116, 390)
(116, 263)
(116, 236)
(116, 394)
(116, 274)
(116, 147)
(116, 277)
(116, 279)
(116, 286)
(116, 164)
(116, 293)
(116, 296)
(116, 298)
(116, 172)
(116, 302)
(116, 304)
(116, 179)
(116, 308)
(116, 309)
(116, 310)
(116, 183)
(116, 312)
(116, 187)
(116, 188)
(116, 317)
(116, 318)
(116, 191)
(116, 181)
(116, 324)
(116, 209)
(116, 210)
(116, 214)
(116, 343)
(116, 216)
(116, 218)
(116, 219)
(116, 353)
(116, 232)
(116, 364)
(116, 366)
(116, 372)
(116, 190)
(116, 376)
(116, 249)
(116, 170)
(117, 256)
(117, 387)
(117, 391)
(117, 136)
(117, 265)
(117, 268)
(117, 273)
(117, 146)
(117, 259)
(117, 157)
(117, 167)
(117, 297)
(117, 174)
(117, 307)
(117, 180)
(117, 313)
(117, 189)
(117, 328)
(117, 329)
(117, 226)
(117, 342)
(117, 185)
(117, 223)
(117, 225)
(117, 354)
(117, 359)
(117, 378)
(117, 379)
(117, 127)
(118, 257)
(118, 131)
(118, 261)
(118, 129)
(118, 397)
(118, 142)
(118, 144)
(118, 152)
(118, 161)
(118, 163)
(118, 305)
(118, 184)
(118, 186)
(118, 196)
(118, 200)
(118, 201)
(118, 333)
(118, 269)
(118, 208)
(118, 141)
(118, 349)
(118, 352)
(118, 242)
(118, 371)
(118, 120)
(118, 252)
(118, 383)
(119, 130)
(119, 396)
(119, 281)
(119, 159)
(119, 295)
(119, 287)
(119, 315)
(119, 194)
(119, 203)
(119, 207)
(119, 341)
(119, 344)
(119, 221)
(119, 222)
(119, 229)
(119, 360)
(119, 368)
(119, 243)
(119, 254)
(119, 377)
(119, 122)
(119, 126)
(120, 257)
(120, 261)
(120, 129)
(120, 267)
(120, 397)
(120, 142)
(120, 144)
(120, 148)
(120, 149)
(120, 152)
(120, 288)
(120, 161)
(120, 163)
(120, 292)
(120, 305)
(120, 184)
(120, 186)
(120, 315)
(120, 160)
(120, 196)
(120, 333)
(120, 206)
(120, 335)
(120, 208)
(120, 141)
(120, 341)
(120, 349)
(120, 352)
(120, 361)
(120, 235)
(120, 367)
(120, 242)
(120, 371)
(120, 250)
(120, 252)
(120, 254)
(121, 258)
(121, 133)
(121, 395)
(121, 143)
(121, 276)
(121, 284)
(121, 158)
(121, 290)
(121, 169)
(121, 299)
(121, 301)
(121, 176)
(121, 177)
(121, 182)
(121, 311)
(121, 325)
(121, 199)
(121, 332)
(121, 337)
(121, 228)
(121, 356)
(121, 357)
(121, 358)
(121, 365)
(121, 239)
(121, 245)
(121, 374)
(121, 253)
(122, 130)
(122, 133)
(122, 266)
(122, 267)
(122, 396)
(122, 148)
(122, 154)
(122, 284)
(122, 291)
(122, 165)
(122, 295)
(122, 299)
(122, 301)
(122, 175)
(122, 315)
(122, 321)
(122, 195)
(122, 207)
(122, 338)
(122, 211)
(122, 341)
(122, 344)
(122, 222)
(122, 351)
(122, 230)
(122, 360)
(122, 125)
(122, 243)
(122, 126)
(122, 248)
(122, 377)
(122, 253)
(122, 254)
(123, 128)
(123, 260)
(123, 389)
(123, 263)
(123, 392)
(123, 270)
(123, 399)
(123, 277)
(123, 279)
(123, 132)
(123, 285)
(123, 347)
(123, 293)
(123, 166)
(123, 296)
(123, 171)
(123, 172)
(123, 174)
(123, 157)
(123, 310)
(123, 190)
(123, 319)
(123, 320)
(123, 324)
(123, 331)
(123, 205)
(123, 336)
(123, 209)
(123, 398)
(123, 214)
(123, 216)
(123, 218)
(123, 271)
(123, 355)
(123, 363)
(123, 375)
(123, 249)
(123, 255)
(124, 257)
(124, 386)
(124, 131)
(124, 264)
(124, 138)
(124, 269)
(124, 144)
(124, 282)
(124, 283)
(124, 162)
(124, 300)
(124, 188)
(124, 317)
(124, 200)
(124, 201)
(124, 340)
(124, 220)
(124, 353)
(124, 362)
(124, 238)
(124, 240)
(124, 369)
(124, 373)
(124, 383)
(125, 130)
(125, 133)
(125, 193)
(125, 266)
(125, 154)
(125, 284)
(125, 291)
(125, 165)
(125, 299)
(125, 301)
(125, 175)
(125, 180)
(125, 321)
(125, 322)
(125, 195)
(125, 198)
(125, 332)
(125, 338)
(125, 211)
(125, 342)
(125, 346)
(125, 351)
(125, 230)
(125, 243)
(125, 248)
(125, 377)
(125, 379)
(125, 253)
(125, 126)
(126, 130)
(126, 133)
(126, 395)
(126, 396)
(126, 281)
(126, 154)
(126, 284)
(126, 287)
(126, 291)
(126, 165)
(126, 295)
(126, 299)
(126, 159)
(126, 301)
(126, 175)
(126, 315)
(126, 321)
(126, 195)
(126, 203)
(126, 207)
(126, 338)
(126, 211)
(126, 341)
(126, 344)
(126, 222)
(126, 351)
(126, 229)
(126, 230)
(126, 360)
(126, 368)
(126, 243)
(126, 248)
(126, 377)
(126, 253)
(126, 254)
(127, 384)
(127, 256)
(127, 387)
(127, 391)
(127, 136)
(127, 265)
(127, 268)
(127, 273)
(127, 146)
(127, 259)
(127, 151)
(127, 167)
(127, 297)
(127, 174)
(127, 306)
(127, 307)
(127, 180)
(127, 313)
(127, 189)
(127, 328)
(127, 329)
(127, 226)
(127, 342)
(127, 185)
(127, 223)
(127, 225)
(127, 354)
(127, 359)
(127, 378)
(127, 379)
(128, 385)
(128, 260)
(128, 389)
(128, 134)
(128, 135)
(128, 136)
(128, 398)
(128, 399)
(128, 145)
(128, 275)
(128, 347)
(128, 171)
(128, 192)
(128, 331)
(128, 204)
(128, 205)
(128, 336)
(128, 271)
(128, 224)
(128, 227)
(128, 359)
(128, 241)
(128, 375)
(128, 378)
(128, 380)
(128, 255)
(129, 257)
(129, 386)
(129, 131)
(129, 262)
(129, 267)
(129, 269)
(129, 142)
(129, 144)
(129, 148)
(129, 149)
(129, 155)
(129, 160)
(129, 161)
(129, 162)
(129, 168)
(129, 305)
(129, 178)
(129, 184)
(129, 186)
(129, 196)
(129, 333)
(129, 206)
(129, 397)
(129, 208)
(129, 340)
(129, 341)
(129, 335)
(129, 220)
(129, 349)
(129, 352)
(129, 238)
(129, 367)
(129, 371)
(129, 373)
(129, 252)
(129, 254)
(129, 383)
(130, 133)
(130, 266)
(130, 395)
(130, 396)
(130, 148)
(130, 154)
(130, 284)
(130, 159)
(130, 291)
(130, 165)
(130, 295)
(130, 299)
(130, 301)
(130, 175)
(130, 315)
(130, 321)
(130, 195)
(130, 338)
(130, 211)
(130, 341)
(130, 344)
(130, 222)
(130, 351)
(130, 229)
(130, 230)
(130, 360)
(130, 243)
(130, 248)
(130, 377)
(130, 253)
(130, 254)
(131, 257)
(131, 386)
(131, 264)
(131, 138)
(131, 269)
(131, 142)
(131, 144)
(131, 149)
(131, 282)
(131, 283)
(131, 162)
(131, 300)
(131, 184)
(131, 186)
(131, 200)
(131, 201)
(131, 333)
(131, 206)
(131, 340)
(131, 220)
(131, 362)
(131, 238)
(131, 240)
(131, 369)
(131, 371)
(131, 373)
(131, 383)
(132, 387)
(132, 260)
(132, 389)
(132, 263)
(132, 392)
(132, 393)
(132, 398)
(132, 399)
(132, 277)
(132, 279)
(132, 285)
(132, 347)
(132, 293)
(132, 166)
(132, 296)
(132, 171)
(132, 172)
(132, 174)
(132, 157)
(132, 190)
(132, 319)
(132, 320)
(132, 324)
(132, 329)
(132, 336)
(132, 209)
(132, 210)
(132, 270)
(132, 214)
(132, 215)
(132, 216)
(132, 218)
(132, 271)
(132, 355)
(132, 363)
(132, 237)
(132, 375)
(132, 249)
(132, 255)
(133, 193)
(133, 395)
(133, 284)
(133, 158)
(133, 291)
(133, 165)
(133, 295)
(133, 169)
(133, 299)
(133, 301)
(133, 175)
(133, 182)
(133, 321)
(133, 322)
(133, 195)
(133, 199)
(133, 332)
(133, 337)
(133, 338)
(133, 346)
(133, 351)
(133, 357)
(133, 230)
(133, 365)
(133, 243)
(133, 248)
(133, 377)
(133, 379)
(133, 253)
(134, 385)
(134, 259)
(134, 135)
(134, 136)
(134, 265)
(134, 139)
(134, 140)
(134, 399)
(134, 145)
(134, 275)
(134, 151)
(134, 171)
(134, 307)
(134, 313)
(134, 192)
(134, 197)
(134, 328)
(134, 331)
(134, 204)
(134, 336)
(134, 185)
(134, 217)
(134, 271)
(134, 224)
(134, 225)
(134, 227)
(134, 359)
(134, 241)
(134, 244)
(134, 375)
(134, 378)
(134, 380)
(134, 255)
(135, 385)
(135, 391)
(135, 136)
(135, 265)
(135, 139)
(135, 140)
(135, 145)
(135, 275)
(135, 151)
(135, 280)
(135, 153)
(135, 171)
(135, 173)
(135, 307)
(135, 313)
(135, 192)
(135, 197)
(135, 328)
(135, 330)
(135, 331)
(135, 204)
(135, 334)
(135, 185)
(135, 217)
(135, 348)
(135, 224)
(135, 225)
(135, 227)
(135, 359)
(135, 241)
(135, 244)
(135, 246)
(135, 378)
(135, 380)
(135, 255)
(136, 385)
(136, 259)
(136, 391)
(136, 265)
(136, 139)
(136, 140)
(136, 399)
(136, 145)
(136, 275)
(136, 151)
(136, 280)
(136, 167)
(136, 297)
(136, 171)
(136, 307)
(136, 313)
(136, 192)
(136, 197)
(136, 328)
(136, 329)
(136, 331)
(136, 204)
(136, 336)
(136, 185)
(136, 217)
(136, 271)
(136, 225)
(136, 226)
(136, 227)
(136, 359)
(136, 241)
(136, 244)
(136, 375)
(136, 378)
(136, 255)
(137, 386)
(137, 388)
(137, 150)
(137, 262)
(137, 144)
(137, 277)
(137, 278)
(137, 155)
(137, 162)
(137, 168)
(137, 178)
(137, 308)
(137, 186)
(137, 188)
(137, 317)
(137, 318)
(137, 191)
(137, 206)
(137, 339)
(137, 340)
(137, 216)
(137, 220)
(137, 353)
(137, 362)
(137, 236)
(137, 237)
(137, 238)
(137, 367)
(137, 240)
(137, 373)
(137, 376)
(137, 149)
(138, 386)
(138, 264)
(138, 269)
(138, 282)
(138, 283)
(138, 162)
(138, 300)
(138, 317)
(138, 200)
(138, 201)
(138, 340)
(138, 220)
(138, 362)
(138, 238)
(138, 240)
(138, 369)
(138, 373)
(138, 383)
(139, 385)
(139, 140)
(139, 275)
(139, 151)
(139, 280)
(139, 153)
(139, 173)
(139, 307)
(139, 313)
(139, 192)
(139, 197)
(139, 330)
(139, 334)
(139, 185)
(139, 217)
(139, 348)
(139, 224)
(139, 225)
(139, 227)
(139, 359)
(139, 241)
(139, 244)
(139, 246)
(139, 378)
(139, 380)
(140, 385)
(140, 275)
(140, 151)
(140, 280)
(140, 153)
(140, 173)
(140, 307)
(140, 313)
(140, 192)
(140, 197)
(140, 330)
(140, 334)
(140, 185)
(140, 217)
(140, 348)
(140, 224)
(140, 225)
(140, 227)
(140, 359)
(140, 241)
(140, 244)
(140, 246)
(140, 378)
(140, 380)
(141, 261)
(141, 397)
(141, 152)
(141, 288)
(141, 161)
(141, 163)
(141, 292)
(141, 294)
(141, 305)
(141, 316)
(141, 196)
(141, 333)
(141, 335)
(141, 208)
(141, 349)
(141, 352)
(141, 361)
(141, 235)
(141, 242)
(141, 371)
(141, 250)
(141, 252)
(142, 257)
(142, 262)
(142, 267)
(142, 269)
(142, 144)
(142, 148)
(142, 149)
(142, 155)
(142, 160)
(142, 161)
(142, 162)
(142, 168)
(142, 305)
(142, 178)
(142, 184)
(142, 186)
(142, 196)
(142, 333)
(142, 206)
(142, 397)
(142, 208)
(142, 340)
(142, 341)
(142, 335)
(142, 349)
(142, 222)
(142, 352)
(142, 367)
(142, 373)
(142, 252)
(142, 254)
(142, 383)
(143, 258)
(143, 395)
(143, 272)
(143, 276)
(143, 289)
(143, 290)
(143, 169)
(143, 299)
(143, 301)
(143, 176)
(143, 177)
(143, 311)
(143, 325)
(143, 199)
(143, 202)
(143, 213)
(143, 228)
(143, 229)
(143, 356)
(143, 357)
(143, 358)
(143, 365)
(143, 239)
(143, 368)
(143, 245)
(143, 374)
(143, 247)
(143, 382)
(144, 257)
(144, 386)
(144, 262)
(144, 267)
(144, 269)
(144, 148)
(144, 149)
(144, 155)
(144, 160)
(144, 161)
(144, 162)
(144, 168)
(144, 305)
(144, 178)
(144, 184)
(144, 186)
(144, 196)
(144, 200)
(144, 201)
(144, 333)
(144, 206)
(144, 397)
(144, 208)
(144, 339)
(144, 340)
(144, 220)
(144, 349)
(144, 352)
(144, 362)
(144, 238)
(144, 367)
(144, 369)
(144, 371)
(144, 373)
(144, 383)
(145, 385)
(145, 389)
(145, 398)
(145, 399)
(145, 275)
(145, 171)
(145, 192)
(145, 331)
(145, 204)
(145, 205)
(145, 336)
(145, 271)
(145, 224)
(145, 227)
(145, 359)
(145, 241)
(145, 375)
(145, 378)
(145, 380)
(145, 255)
(146, 256)
(146, 259)
(146, 391)
(146, 265)
(146, 268)
(146, 273)
(146, 158)
(146, 167)
(146, 297)
(146, 180)
(146, 182)
(146, 189)
(146, 193)
(146, 322)
(146, 323)
(146, 327)
(146, 328)
(146, 332)
(146, 226)
(146, 337)
(146, 342)
(146, 346)
(146, 223)
(146, 354)
(146, 379)
(146, 231)
(146, 234)
(146, 251)
(146, 381)
(147, 388)
(147, 389)
(147, 390)
(147, 263)
(147, 394)
(147, 274)
(147, 286)
(147, 219)
(147, 164)
(147, 293)
(147, 296)
(147, 298)
(147, 172)
(147, 302)
(147, 304)
(147, 179)
(147, 308)
(147, 309)
(147, 310)
(147, 183)
(147, 312)
(147, 187)
(147, 181)
(147, 324)
(147, 210)
(147, 214)
(147, 343)
(147, 216)
(147, 218)
(147, 347)
(147, 350)
(147, 232)
(147, 364)
(147, 366)
(147, 372)
(147, 249)
(147, 170)
(148, 150)
(148, 262)
(148, 266)
(148, 267)
(148, 149)
(148, 278)
(148, 154)
(148, 160)
(148, 161)
(148, 165)
(148, 168)
(148, 178)
(148, 186)
(148, 315)
(148, 321)
(148, 195)
(148, 196)
(148, 206)
(148, 335)
(148, 338)
(148, 211)
(148, 341)
(148, 344)
(148, 349)
(148, 222)
(148, 367)
(148, 248)
(148, 252)
(148, 254)
(149, 257)
(149, 386)
(149, 262)
(149, 267)
(149, 269)
(149, 155)
(149, 160)
(149, 161)
(149, 162)
(149, 168)
(149, 305)
(149, 178)
(149, 184)
(149, 186)
(149, 333)
(149, 206)
(149, 208)
(149, 339)
(149, 340)
(149, 220)
(149, 349)
(149, 362)
(149, 238)
(149, 367)
(149, 373)
(149, 383)
(150, 386)
(150, 262)
(150, 393)
(150, 266)
(150, 270)
(150, 277)
(150, 278)
(150, 279)
(150, 155)
(150, 157)
(150, 162)
(150, 166)
(150, 168)
(150, 178)
(150, 314)
(150, 319)
(150, 198)
(150, 206)
(150, 209)
(150, 339)
(150, 215)
(150, 355)
(150, 363)
(150, 237)
(150, 367)
(151, 384)
(151, 385)
(151, 391)
(151, 265)
(151, 275)
(151, 280)
(151, 153)
(151, 171)
(151, 173)
(151, 306)
(151, 307)
(151, 313)
(151, 192)
(151, 197)
(151, 328)
(151, 330)
(151, 334)
(151, 212)
(151, 185)
(151, 217)
(151, 348)
(151, 225)
(151, 227)
(151, 359)
(151, 244)
(151, 246)
(151, 378)
(151, 380)
(152, 261)
(152, 397)
(152, 288)
(152, 163)
(152, 292)
(152, 294)
(152, 305)
(152, 316)
(152, 196)
(152, 352)
(152, 208)
(152, 361)
(152, 235)
(152, 242)
(152, 250)
(152, 252)
(153, 275)
(153, 280)
(153, 173)
(153, 192)
(153, 197)
(153, 330)
(153, 334)
(153, 217)
(153, 348)
(153, 227)
(153, 244)
(153, 246)
(153, 380)
(154, 262)
(154, 266)
(154, 267)
(154, 278)
(154, 284)
(154, 160)
(154, 291)
(154, 165)
(154, 168)
(154, 175)
(154, 314)
(154, 321)
(154, 195)
(154, 198)
(154, 338)
(154, 211)
(154, 341)
(154, 344)
(154, 222)
(154, 351)
(154, 230)
(154, 367)
(154, 243)
(154, 248)
(154, 377)
(154, 253)
(154, 254)
(155, 386)
(155, 262)
(155, 269)
(155, 278)
(155, 162)
(155, 168)
(155, 178)
(155, 186)
(155, 188)
(155, 191)
(155, 206)
(155, 339)
(155, 340)
(155, 220)
(155, 353)
(155, 362)
(155, 237)
(155, 238)
(155, 367)
(155, 240)
(155, 373)
(155, 376)
(155, 383)
(156, 390)
(156, 394)
(156, 274)
(156, 286)
(156, 164)
(156, 298)
(156, 303)
(156, 179)
(156, 309)
(156, 312)
(156, 187)
(156, 181)
(156, 345)
(156, 219)
(156, 350)
(156, 233)
(156, 364)
(156, 366)
(156, 370)
(157, 256)
(157, 387)
(157, 260)
(157, 392)
(157, 393)
(157, 268)
(157, 270)
(157, 259)
(157, 277)
(157, 278)
(157, 279)
(157, 285)
(157, 166)
(157, 167)
(157, 297)
(157, 174)
(157, 180)
(157, 314)
(157, 190)
(157, 319)
(157, 320)
(157, 324)
(157, 198)
(157, 329)
(157, 209)
(157, 342)
(157, 215)
(157, 226)
(157, 355)
(157, 363)
(157, 237)
(157, 379)
(158, 258)
(158, 169)
(158, 199)
(158, 301)
(158, 176)
(158, 177)
(158, 182)
(158, 189)
(158, 322)
(158, 323)
(158, 327)
(158, 332)
(158, 337)
(158, 346)
(158, 223)
(158, 357)
(158, 230)
(158, 234)
(158, 365)
(158, 239)
(158, 245)
(158, 253)
(159, 395)
(159, 396)
(159, 276)
(159, 281)
(159, 287)
(159, 295)
(159, 299)
(159, 301)
(159, 203)
(159, 229)
(159, 360)
(159, 368)
(159, 243)
(159, 377)
(159, 247)
(160, 262)
(160, 266)
(160, 267)
(160, 397)
(160, 161)
(160, 168)
(160, 305)
(160, 184)
(160, 186)
(160, 315)
(160, 196)
(160, 333)
(160, 206)
(160, 335)
(160, 208)
(160, 338)
(160, 340)
(160, 341)
(160, 344)
(160, 349)
(160, 222)
(160, 352)
(160, 367)
(160, 252)
(160, 254)
(161, 257)
(161, 267)
(161, 397)
(161, 163)
(161, 168)
(161, 305)
(161, 184)
(161, 186)
(161, 315)
(161, 196)
(161, 333)
(161, 206)
(161, 335)
(161, 208)
(161, 340)
(161, 341)
(161, 349)
(161, 222)
(161, 352)
(161, 367)
(161, 371)
(161, 252)
(161, 254)
(161, 383)
(162, 386)
(162, 262)
(162, 269)
(162, 282)
(162, 283)
(162, 168)
(162, 178)
(162, 186)
(162, 188)
(162, 317)
(162, 191)
(162, 206)
(162, 339)
(162, 340)
(162, 220)
(162, 353)
(162, 362)
(162, 237)
(162, 238)
(162, 367)
(162, 240)
(162, 369)
(162, 373)
(162, 376)
(162, 383)
(163, 261)
(163, 397)
(163, 288)
(163, 292)
(163, 294)
(163, 305)
(163, 316)
(163, 196)
(163, 333)
(163, 335)
(163, 208)
(163, 349)
(163, 352)
(163, 361)
(163, 235)
(163, 242)
(163, 250)
(163, 252)
(164, 388)
(164, 390)
(164, 263)
(164, 236)
(164, 394)
(164, 274)
(164, 286)
(164, 293)
(164, 296)
(164, 298)
(164, 172)
(164, 302)
(164, 304)
(164, 179)
(164, 308)
(164, 309)
(164, 310)
(164, 183)
(164, 312)
(164, 187)
(164, 318)
(164, 191)
(164, 181)
(164, 210)
(164, 214)
(164, 343)
(164, 216)
(164, 218)
(164, 219)
(164, 350)
(164, 232)
(164, 364)
(164, 366)
(164, 370)
(164, 372)
(164, 376)
(164, 249)
(164, 170)
(165, 193)
(165, 266)
(165, 395)
(165, 396)
(165, 284)
(165, 291)
(165, 295)
(165, 299)
(165, 301)
(165, 175)
(165, 321)
(165, 322)
(165, 195)
(165, 198)
(165, 332)
(165, 338)
(165, 211)
(165, 341)
(165, 344)
(165, 346)
(165, 222)
(165, 351)
(165, 230)
(165, 243)
(165, 248)
(165, 377)
(165, 253)
(165, 254)
(166, 387)
(166, 388)
(166, 263)
(166, 392)
(166, 393)
(166, 398)
(166, 277)
(166, 278)
(166, 279)
(166, 260)
(166, 285)
(166, 293)
(166, 172)
(166, 174)
(166, 178)
(166, 314)
(166, 190)
(166, 319)
(166, 320)
(166, 324)
(166, 329)
(166, 209)
(166, 210)
(166, 270)
(166, 215)
(166, 216)
(166, 355)
(166, 363)
(166, 237)
(166, 249)
(167, 256)
(167, 387)
(167, 391)
(167, 393)
(167, 268)
(167, 273)
(167, 259)
(167, 285)
(167, 185)
(167, 297)
(167, 171)
(167, 174)
(167, 307)
(167, 180)
(167, 265)
(167, 313)
(167, 189)
(167, 328)
(167, 329)
(167, 342)
(167, 215)
(167, 223)
(167, 225)
(167, 226)
(167, 359)
(167, 363)
(167, 378)
(167, 379)
(168, 386)
(168, 262)
(168, 266)
(168, 267)
(168, 278)
(168, 178)
(168, 184)
(168, 314)
(168, 206)
(168, 339)
(168, 340)
(168, 186)
(168, 237)
(168, 238)
(168, 367)
(168, 211)
(168, 373)
(168, 254)
(169, 258)
(169, 395)
(169, 276)
(169, 284)
(169, 290)
(169, 299)
(169, 301)
(169, 176)
(169, 177)
(169, 182)
(169, 322)
(169, 199)
(169, 332)
(169, 337)
(169, 346)
(169, 229)
(169, 356)
(169, 357)
(169, 230)
(169, 365)
(169, 239)
(169, 368)
(169, 243)
(169, 377)
(169, 253)
(170, 389)
(170, 390)
(170, 263)
(170, 394)
(170, 274)
(170, 286)
(170, 219)
(170, 293)
(170, 296)
(170, 298)
(170, 302)
(170, 304)
(170, 179)
(170, 309)
(170, 310)
(170, 183)
(170, 312)
(170, 181)
(170, 324)
(170, 205)
(170, 210)
(170, 214)
(170, 343)
(170, 218)
(170, 347)
(170, 350)
(170, 232)
(170, 364)
(170, 366)
(170, 372)
(170, 249)
(171, 385)
(171, 259)
(171, 260)
(171, 389)
(171, 392)
(171, 398)
(171, 399)
(171, 285)
(171, 347)
(171, 174)
(171, 192)
(171, 329)
(171, 331)
(171, 204)
(171, 336)
(171, 271)
(171, 224)
(171, 227)
(171, 359)
(171, 241)
(171, 244)
(171, 375)
(171, 378)
(171, 255)
(172, 388)
(172, 389)
(172, 390)
(172, 263)
(172, 392)
(172, 236)
(172, 398)
(172, 277)
(172, 279)
(172, 260)
(172, 285)
(172, 293)
(172, 296)
(172, 304)
(172, 308)
(172, 183)
(172, 190)
(172, 319)
(172, 320)
(172, 324)
(172, 209)
(172, 210)
(172, 270)
(172, 214)
(172, 343)
(172, 216)
(172, 218)
(172, 347)
(172, 355)
(172, 232)
(172, 363)
(172, 364)
(172, 237)
(172, 372)
(172, 376)
(172, 249)
(172, 191)
(173, 384)
(173, 275)
(173, 280)
(173, 306)
(173, 307)
(173, 313)
(173, 192)
(173, 197)
(173, 330)
(173, 334)
(173, 212)
(173, 185)
(173, 217)
(173, 348)
(173, 225)
(173, 244)
(173, 246)
(174, 256)
(174, 387)
(174, 260)
(174, 392)
(174, 393)
(174, 268)
(174, 398)
(174, 399)
(174, 259)
(174, 279)
(174, 285)
(174, 297)
(174, 180)
(174, 190)
(174, 319)
(174, 320)
(174, 324)
(174, 328)
(174, 329)
(174, 209)
(174, 270)
(174, 342)
(174, 215)
(174, 271)
(174, 226)
(174, 355)
(174, 359)
(174, 363)
(174, 375)
(174, 255)
(175, 256)
(175, 193)
(175, 266)
(175, 284)
(175, 291)
(175, 299)
(175, 301)
(175, 180)
(175, 321)
(175, 322)
(175, 195)
(175, 198)
(175, 332)
(175, 338)
(175, 211)
(175, 342)
(175, 346)
(175, 351)
(175, 230)
(175, 248)
(175, 377)
(175, 379)
(175, 253)
(176, 258)
(176, 395)
(176, 272)
(176, 276)
(176, 289)
(176, 290)
(176, 299)
(176, 301)
(176, 177)
(176, 311)
(176, 325)
(176, 199)
(176, 202)
(176, 337)
(176, 213)
(176, 228)
(176, 356)
(176, 357)
(176, 358)
(176, 365)
(176, 239)
(176, 368)
(176, 245)
(176, 374)
(176, 247)
(176, 382)
(177, 258)
(177, 395)
(177, 272)
(177, 289)
(177, 290)
(177, 182)
(177, 311)
(177, 325)
(177, 199)
(177, 202)
(177, 337)
(177, 213)
(177, 228)
(177, 356)
(177, 357)
(177, 358)
(177, 365)
(177, 239)
(177, 245)
(177, 374)
(177, 382)
(178, 386)
(178, 262)
(178, 393)
(178, 266)
(178, 267)
(178, 270)
(178, 278)
(178, 314)
(178, 319)
(178, 206)
(178, 339)
(178, 340)
(178, 186)
(178, 355)
(178, 237)
(178, 238)
(178, 367)
(178, 211)
(179, 390)
(179, 394)
(179, 274)
(179, 286)
(179, 298)
(179, 302)
(179, 303)
(179, 304)
(179, 312)
(179, 309)
(179, 181)
(179, 219)
(179, 350)
(179, 232)
(179, 364)
(179, 366)
(179, 370)
(180, 256)
(180, 387)
(180, 393)
(180, 268)
(180, 259)
(180, 297)
(180, 314)
(180, 351)
(180, 189)
(180, 193)
(180, 322)
(180, 198)
(180, 328)
(180, 329)
(180, 332)
(180, 342)
(180, 215)
(180, 346)
(180, 223)
(180, 226)
(180, 230)
(180, 363)
(180, 379)
(181, 390)
(181, 394)
(181, 274)
(181, 286)
(181, 296)
(181, 298)
(181, 302)
(181, 303)
(181, 304)
(181, 309)
(181, 310)
(181, 183)
(181, 312)
(181, 214)
(181, 218)
(181, 219)
(181, 350)
(181, 232)
(181, 364)
(181, 366)
(181, 370)
(182, 256)
(182, 258)
(182, 284)
(182, 199)
(182, 301)
(182, 189)
(182, 193)
(182, 322)
(182, 323)
(182, 327)
(182, 332)
(182, 337)
(182, 346)
(182, 223)
(182, 357)
(182, 230)
(182, 234)
(182, 365)
(182, 239)
(182, 379)
(182, 253)
(183, 388)
(183, 390)
(183, 263)
(183, 236)
(183, 394)
(183, 274)
(183, 277)
(183, 279)
(183, 286)
(183, 293)
(183, 296)
(183, 298)
(183, 302)
(183, 304)
(183, 308)
(183, 309)
(183, 310)
(183, 312)
(183, 187)
(183, 188)
(183, 318)
(183, 191)
(183, 320)
(183, 324)
(183, 209)
(183, 210)
(183, 214)
(183, 343)
(183, 216)
(183, 218)
(183, 353)
(183, 232)
(183, 364)
(183, 366)
(183, 372)
(183, 190)
(183, 376)
(183, 249)
(184, 257)
(184, 267)
(184, 269)
(184, 305)
(184, 186)
(184, 196)
(184, 200)
(184, 201)
(184, 333)
(184, 206)
(184, 397)
(184, 208)
(184, 340)
(184, 335)
(184, 220)
(184, 349)
(184, 352)
(184, 367)
(184, 371)
(184, 373)
(184, 252)
(184, 383)
(185, 384)
(185, 385)
(185, 259)
(185, 391)
(185, 265)
(185, 268)
(185, 273)
(185, 280)
(185, 297)
(185, 306)
(185, 307)
(185, 313)
(185, 192)
(185, 197)
(185, 328)
(185, 226)
(185, 334)
(185, 212)
(185, 217)
(185, 348)
(185, 225)
(185, 354)
(185, 359)
(185, 244)
(185, 378)
(185, 381)
(186, 257)
(186, 386)
(186, 262)
(186, 267)
(186, 269)
(186, 305)
(186, 196)
(186, 201)
(186, 333)
(186, 206)
(186, 397)
(186, 208)
(186, 339)
(186, 340)
(186, 335)
(186, 220)
(186, 349)
(186, 352)
(186, 362)
(186, 238)
(186, 367)
(186, 371)
(186, 373)
(186, 252)
(186, 383)
(187, 388)
(187, 390)
(187, 364)
(187, 394)
(187, 274)
(187, 286)
(187, 298)
(187, 304)
(187, 308)
(187, 309)
(187, 312)
(187, 188)
(187, 317)
(187, 318)
(187, 191)
(187, 326)
(187, 210)
(187, 343)
(187, 216)
(187, 345)
(187, 219)
(187, 353)
(187, 232)
(187, 233)
(187, 236)
(187, 370)
(187, 372)
(187, 376)
(188, 386)
(188, 388)
(188, 390)
(188, 264)
(188, 236)
(188, 282)
(188, 283)
(188, 286)
(188, 300)
(188, 304)
(188, 308)
(188, 309)
(188, 312)
(188, 317)
(188, 318)
(188, 191)
(188, 326)
(188, 210)
(188, 339)
(188, 343)
(188, 216)
(188, 345)
(188, 353)
(188, 362)
(188, 364)
(188, 238)
(188, 240)
(188, 372)
(188, 373)
(188, 376)
(189, 256)
(189, 259)
(189, 391)
(189, 265)
(189, 268)
(189, 273)
(189, 297)
(189, 193)
(189, 322)
(189, 323)
(189, 327)
(189, 328)
(189, 329)
(189, 332)
(189, 226)
(189, 337)
(189, 342)
(189, 346)
(189, 223)
(189, 354)
(189, 379)
(189, 381)
(190, 388)
(190, 389)
(190, 390)
(190, 263)
(190, 392)
(190, 393)
(190, 215)
(190, 398)
(190, 399)
(190, 277)
(190, 279)
(190, 260)
(190, 285)
(190, 293)
(190, 296)
(190, 304)
(190, 319)
(190, 320)
(190, 324)
(190, 271)
(190, 209)
(190, 210)
(190, 270)
(190, 214)
(190, 343)
(190, 216)
(190, 218)
(190, 347)
(190, 355)
(190, 232)
(190, 363)
(190, 237)
(190, 372)
(190, 376)
(190, 249)
(190, 191)
(191, 386)
(191, 388)
(191, 390)
(191, 263)
(191, 236)
(191, 277)
(191, 279)
(191, 286)
(191, 293)
(191, 304)
(191, 308)
(191, 309)
(191, 312)
(191, 317)
(191, 318)
(191, 326)
(191, 209)
(191, 210)
(191, 339)
(191, 343)
(191, 216)
(191, 353)
(191, 232)
(191, 364)
(191, 237)
(191, 238)
(191, 372)
(191, 376)
(191, 249)
(192, 385)
(192, 275)
(192, 280)
(192, 307)
(192, 313)
(192, 197)
(192, 330)
(192, 331)
(192, 204)
(192, 334)
(192, 336)
(192, 217)
(192, 224)
(192, 227)
(192, 359)
(192, 241)
(192, 244)
(192, 246)
(192, 378)
(192, 380)
(192, 255)
(193, 256)
(193, 387)
(193, 393)
(193, 268)
(193, 284)
(193, 291)
(193, 351)
(193, 321)
(193, 322)
(193, 195)
(193, 198)
(193, 332)
(193, 211)
(193, 342)
(193, 346)
(193, 223)
(193, 357)
(193, 230)
(193, 248)
(193, 379)
(193, 253)
(194, 288)
(194, 292)
(194, 261)
(194, 360)
(194, 361)
(194, 235)
(194, 207)
(194, 335)
(194, 344)
(194, 315)
(194, 252)
(194, 221)
(195, 266)
(195, 284)
(195, 291)
(195, 299)
(195, 301)
(195, 321)
(195, 322)
(195, 198)
(195, 332)
(195, 338)
(195, 211)
(195, 341)
(195, 346)
(195, 222)
(195, 351)
(195, 230)
(195, 243)
(195, 248)
(195, 377)
(195, 253)
(195, 254)
(196, 257)
(196, 261)
(196, 267)
(196, 397)
(196, 288)
(196, 292)
(196, 305)
(196, 315)
(196, 333)
(196, 335)
(196, 208)
(196, 341)
(196, 344)
(196, 207)
(196, 349)
(196, 222)
(196, 352)
(196, 361)
(196, 235)
(196, 367)
(196, 242)
(196, 250)
(196, 252)
(196, 254)
(197, 385)
(197, 275)
(197, 280)
(197, 307)
(197, 313)
(197, 330)
(197, 334)
(197, 217)
(197, 348)
(197, 225)
(197, 227)
(197, 244)
(197, 246)
(197, 378)
(197, 380)
(198, 256)
(198, 387)
(198, 262)
(198, 393)
(198, 266)
(198, 270)
(198, 278)
(198, 291)
(198, 314)
(198, 319)
(198, 321)
(198, 322)
(198, 332)
(198, 338)
(198, 211)
(198, 342)
(198, 215)
(198, 346)
(198, 351)
(198, 355)
(198, 230)
(198, 248)
(198, 379)
(198, 253)
(199, 258)
(199, 395)
(199, 290)
(199, 301)
(199, 322)
(199, 323)
(199, 325)
(199, 327)
(199, 332)
(199, 337)
(199, 346)
(199, 356)
(199, 357)
(199, 234)
(199, 365)
(199, 239)
(199, 245)
(199, 253)
(200, 257)
(200, 269)
(200, 282)
(200, 305)
(200, 201)
(200, 333)
(200, 220)
(200, 362)
(200, 369)
(200, 371)
(200, 383)
(201, 257)
(201, 269)
(201, 282)
(201, 305)
(201, 333)
(201, 220)
(201, 362)
(201, 369)
(201, 371)
(201, 373)
(201, 383)
(202, 289)
(202, 290)
(202, 356)
(202, 325)
(202, 358)
(202, 247)
(202, 258)
(202, 239)
(202, 272)
(202, 245)
(202, 374)
(202, 311)
(202, 228)
(202, 382)
(202, 213)
(203, 299)
(203, 229)
(203, 295)
(203, 360)
(203, 395)
(203, 396)
(203, 368)
(203, 243)
(203, 276)
(203, 281)
(203, 377)
(203, 247)
(203, 287)
(204, 385)
(204, 260)
(204, 389)
(204, 398)
(204, 399)
(204, 275)
(204, 347)
(204, 331)
(204, 205)
(204, 336)
(204, 271)
(204, 224)
(204, 227)
(204, 359)
(204, 241)
(204, 375)
(204, 378)
(204, 380)
(204, 255)
(205, 260)
(205, 389)
(205, 398)
(205, 399)
(205, 347)
(205, 296)
(205, 310)
(205, 320)
(205, 324)
(205, 331)
(205, 336)
(205, 214)
(205, 218)
(205, 271)
(205, 375)
(205, 255)
(206, 257)
(206, 386)
(206, 262)
(206, 266)
(206, 267)
(206, 269)
(206, 278)
(206, 305)
(206, 333)
(206, 208)
(206, 339)
(206, 340)
(206, 220)
(206, 349)
(206, 362)
(206, 238)
(206, 367)
(206, 373)
(206, 383)
(207, 396)
(207, 281)
(207, 288)
(207, 292)
(207, 349)
(207, 315)
(207, 335)
(207, 341)
(207, 344)
(207, 221)
(207, 222)
(207, 360)
(207, 361)
(207, 235)
(207, 252)
(207, 254)
(208, 257)
(208, 261)
(208, 267)
(208, 397)
(208, 305)
(208, 315)
(208, 333)
(208, 335)
(208, 341)
(208, 349)
(208, 352)
(208, 235)
(208, 367)
(208, 242)
(208, 371)
(208, 250)
(208, 252)
(208, 254)
(209, 388)
(209, 389)
(209, 390)
(209, 263)
(209, 392)
(209, 393)
(209, 215)
(209, 398)
(209, 277)
(209, 279)
(209, 260)
(209, 285)
(209, 293)
(209, 296)
(209, 304)
(209, 308)
(209, 319)
(209, 320)
(209, 324)
(209, 210)
(209, 270)
(209, 214)
(209, 343)
(209, 216)
(209, 218)
(209, 347)
(209, 355)
(209, 232)
(209, 363)
(209, 237)
(209, 372)
(209, 376)
(209, 249)
(210, 388)
(210, 390)
(210, 263)
(210, 236)
(210, 394)
(210, 270)
(210, 274)
(210, 277)
(210, 279)
(210, 286)
(210, 293)
(210, 296)
(210, 298)
(210, 304)
(210, 308)
(210, 309)
(210, 312)
(210, 318)
(210, 319)
(210, 320)
(210, 324)
(210, 214)
(210, 343)
(210, 216)
(210, 218)
(210, 353)
(210, 355)
(210, 232)
(210, 364)
(210, 237)
(210, 366)
(210, 372)
(210, 376)
(210, 249)
(211, 262)
(211, 266)
(211, 267)
(211, 278)
(211, 284)
(211, 291)
(211, 314)
(211, 321)
(211, 338)
(211, 341)
(211, 344)
(211, 222)
(211, 351)
(211, 230)
(211, 367)
(211, 248)
(211, 377)
(211, 253)
(211, 254)
(212, 384)
(212, 225)
(212, 354)
(212, 391)
(212, 334)
(212, 273)
(212, 306)
(212, 307)
(212, 217)
(212, 280)
(212, 313)
(212, 251)
(212, 348)
(212, 381)
(213, 289)
(213, 290)
(213, 356)
(213, 325)
(213, 358)
(213, 247)
(213, 258)
(213, 272)
(213, 276)
(213, 245)
(213, 374)
(213, 311)
(213, 228)
(213, 382)
(214, 388)
(214, 389)
(214, 390)
(214, 263)
(214, 394)
(214, 398)
(214, 274)
(214, 277)
(214, 279)
(214, 260)
(214, 286)
(214, 293)
(214, 296)
(214, 298)
(214, 302)
(214, 304)
(214, 309)
(214, 310)
(214, 320)
(214, 324)
(214, 343)
(214, 216)
(214, 218)
(214, 347)
(214, 232)
(214, 364)
(214, 366)
(214, 372)
(214, 249)
(215, 256)
(215, 387)
(215, 392)
(215, 393)
(215, 259)
(215, 277)
(215, 278)
(215, 279)
(215, 285)
(215, 314)
(215, 319)
(215, 320)
(215, 324)
(215, 329)
(215, 270)
(215, 342)
(215, 355)
(215, 363)
(215, 237)
(215, 379)
(216, 388)
(216, 390)
(216, 263)
(216, 392)
(216, 236)
(216, 270)
(216, 277)
(216, 279)
(216, 293)
(216, 296)
(216, 304)
(216, 308)
(216, 309)
(216, 318)
(216, 319)
(216, 320)
(216, 324)
(216, 339)
(216, 343)
(216, 218)
(216, 353)
(216, 355)
(216, 232)
(216, 363)
(216, 364)
(216, 237)
(216, 372)
(216, 376)
(216, 249)
(217, 385)
(217, 275)
(217, 280)
(217, 306)
(217, 307)
(217, 313)
(217, 330)
(217, 334)
(217, 348)
(217, 225)
(217, 227)
(217, 359)
(217, 244)
(217, 246)
(217, 378)
(217, 380)
(218, 388)
(218, 389)
(218, 390)
(218, 263)
(218, 392)
(218, 394)
(218, 398)
(218, 399)
(218, 274)
(218, 277)
(218, 279)
(218, 260)
(218, 293)
(218, 296)
(218, 298)
(218, 302)
(218, 304)
(218, 310)
(218, 320)
(218, 324)
(218, 271)
(218, 343)
(218, 347)
(218, 232)
(218, 364)
(218, 366)
(218, 372)
(218, 375)
(218, 249)
(219, 390)
(219, 394)
(219, 274)
(219, 286)
(219, 298)
(219, 302)
(219, 303)
(219, 304)
(219, 309)
(219, 312)
(219, 343)
(219, 350)
(219, 232)
(219, 364)
(219, 366)
(219, 370)
(220, 257)
(220, 386)
(220, 264)
(220, 269)
(220, 282)
(220, 283)
(220, 300)
(220, 339)
(220, 340)
(220, 362)
(220, 238)
(220, 240)
(220, 369)
(220, 371)
(220, 373)
(220, 383)
(221, 288)
(221, 292)
(221, 360)
(221, 361)
(221, 235)
(221, 396)
(221, 344)
(221, 281)
(221, 315)
(221, 287)
(222, 266)
(222, 267)
(222, 396)
(222, 291)
(222, 315)
(222, 321)
(222, 335)
(222, 338)
(222, 341)
(222, 344)
(222, 349)
(222, 360)
(222, 367)
(222, 243)
(222, 248)
(222, 377)
(222, 252)
(222, 254)
(223, 256)
(223, 391)
(223, 265)
(223, 268)
(223, 273)
(223, 259)
(223, 297)
(223, 322)
(223, 323)
(223, 327)
(223, 328)
(223, 332)
(223, 226)
(223, 337)
(223, 342)
(223, 346)
(223, 354)
(223, 357)
(223, 379)
(223, 381)
(224, 385)
(224, 275)
(224, 331)
(224, 336)
(224, 227)
(224, 359)
(224, 241)
(224, 244)
(224, 375)
(224, 380)
(224, 255)
(225, 384)
(225, 259)
(225, 391)
(225, 265)
(225, 268)
(225, 273)
(225, 280)
(225, 297)
(225, 306)
(225, 307)
(225, 313)
(225, 328)
(225, 226)
(225, 334)
(225, 348)
(225, 354)
(225, 244)
(225, 378)
(225, 381)
(226, 256)
(226, 387)
(226, 391)
(226, 265)
(226, 268)
(226, 273)
(226, 259)
(226, 297)
(226, 307)
(226, 313)
(226, 328)
(226, 329)
(226, 342)
(226, 354)
(226, 378)
(226, 379)
(227, 385)
(227, 275)
(227, 330)
(227, 331)
(227, 336)
(227, 359)
(227, 241)
(227, 244)
(227, 375)
(227, 378)
(227, 380)
(227, 255)
(228, 258)
(228, 272)
(228, 289)
(228, 290)
(228, 311)
(228, 325)
(228, 356)
(228, 358)
(228, 239)
(228, 245)
(228, 374)
(228, 247)
(228, 382)
(229, 395)
(229, 396)
(229, 276)
(229, 281)
(229, 284)
(229, 287)
(229, 295)
(229, 299)
(229, 301)
(229, 360)
(229, 368)
(229, 243)
(229, 247)
(229, 377)
(230, 256)
(230, 395)
(230, 284)
(230, 291)
(230, 299)
(230, 301)
(230, 321)
(230, 322)
(230, 332)
(230, 338)
(230, 342)
(230, 346)
(230, 351)
(230, 357)
(230, 243)
(230, 248)
(230, 377)
(230, 379)
(230, 253)
(231, 384)
(231, 354)
(231, 323)
(231, 327)
(231, 234)
(231, 273)
(231, 251)
(231, 381)
(232, 388)
(232, 389)
(232, 390)
(232, 263)
(232, 236)
(232, 394)
(232, 274)
(232, 277)
(232, 279)
(232, 286)
(232, 293)
(232, 296)
(232, 298)
(232, 302)
(232, 304)
(232, 308)
(232, 309)
(232, 310)
(232, 312)
(232, 318)
(232, 320)
(232, 324)
(232, 343)
(232, 347)
(232, 364)
(232, 366)
(232, 372)
(232, 376)
(232, 249)
(233, 326)
(233, 303)
(233, 370)
(233, 309)
(233, 312)
(233, 345)
(233, 317)
(233, 286)
(234, 323)
(234, 327)
(234, 337)
(234, 354)
(234, 357)
(234, 365)
(234, 239)
(234, 251)
(234, 381)
(235, 261)
(235, 397)
(235, 288)
(235, 292)
(235, 294)
(235, 305)
(235, 315)
(235, 316)
(235, 335)
(235, 349)
(235, 352)
(235, 361)
(235, 242)
(235, 250)
(235, 252)
(236, 386)
(236, 388)
(236, 390)
(236, 263)
(236, 394)
(236, 277)
(236, 286)
(236, 293)
(236, 300)
(236, 304)
(236, 308)
(236, 309)
(236, 312)
(236, 317)
(236, 318)
(236, 326)
(236, 339)
(236, 343)
(236, 345)
(236, 353)
(236, 364)
(236, 238)
(236, 240)
(236, 372)
(236, 376)
(237, 386)
(237, 387)
(237, 388)
(237, 262)
(237, 263)
(237, 392)
(237, 393)
(237, 270)
(237, 277)
(237, 278)
(237, 279)
(237, 285)
(237, 293)
(237, 314)
(237, 319)
(237, 324)
(237, 339)
(237, 355)
(237, 363)
(237, 376)
(237, 249)
(238, 386)
(238, 264)
(238, 300)
(238, 269)
(238, 282)
(238, 283)
(238, 308)
(238, 317)
(238, 318)
(238, 326)
(238, 339)
(238, 340)
(238, 353)
(238, 362)
(238, 240)
(238, 369)
(238, 373)
(238, 376)
(238, 383)
(239, 258)
(239, 290)
(239, 325)
(239, 311)
(239, 337)
(239, 356)
(239, 357)
(239, 358)
(239, 365)
(239, 245)
(239, 382)
(240, 386)
(240, 264)
(240, 269)
(240, 282)
(240, 283)
(240, 300)
(240, 317)
(240, 318)
(240, 326)
(240, 339)
(240, 340)
(240, 353)
(240, 362)
(240, 369)
(240, 373)
(240, 383)
(241, 385)
(241, 275)
(241, 331)
(241, 336)
(241, 359)
(241, 244)
(241, 375)
(241, 378)
(241, 380)
(241, 255)
(242, 261)
(242, 397)
(242, 292)
(242, 294)
(242, 305)
(242, 316)
(242, 333)
(242, 352)
(242, 371)
(242, 250)
(242, 252)
(243, 395)
(243, 396)
(243, 276)
(243, 281)
(243, 284)
(243, 287)
(243, 295)
(243, 299)
(243, 301)
(243, 321)
(243, 338)
(243, 291)
(243, 344)
(243, 351)
(243, 360)
(243, 368)
(243, 248)
(243, 377)
(243, 253)
(244, 385)
(244, 275)
(244, 280)
(244, 306)
(244, 307)
(244, 313)
(244, 330)
(244, 334)
(244, 348)
(244, 359)
(244, 246)
(244, 378)
(244, 380)
(245, 258)
(245, 272)
(245, 289)
(245, 290)
(245, 311)
(245, 325)
(245, 337)
(245, 356)
(245, 357)
(245, 358)
(245, 365)
(245, 374)
(245, 382)
(246, 275)
(246, 280)
(246, 330)
(246, 334)
(246, 348)
(246, 380)
(247, 395)
(247, 272)
(247, 276)
(247, 290)
(247, 295)
(247, 299)
(247, 287)
(247, 358)
(247, 368)
(247, 374)
(247, 382)
(248, 278)
(248, 284)
(248, 291)
(248, 301)
(248, 314)
(248, 266)
(248, 321)
(248, 322)
(248, 332)
(248, 338)
(248, 346)
(248, 351)
(248, 377)
(248, 379)
(248, 253)
(248, 254)
(249, 388)
(249, 389)
(249, 390)
(249, 263)
(249, 392)
(249, 398)
(249, 271)
(249, 277)
(249, 279)
(249, 260)
(249, 285)
(249, 293)
(249, 296)
(249, 304)
(249, 308)
(249, 310)
(249, 319)
(249, 320)
(249, 324)
(249, 270)
(249, 343)
(249, 347)
(249, 355)
(249, 363)
(249, 364)
(249, 372)
(249, 376)
(250, 261)
(250, 288)
(250, 292)
(250, 294)
(250, 305)
(250, 316)
(250, 397)
(250, 352)
(250, 361)
(250, 252)
(251, 384)
(251, 354)
(251, 323)
(251, 327)
(251, 273)
(251, 306)
(251, 381)
(252, 257)
(252, 261)
(252, 267)
(252, 397)
(252, 288)
(252, 292)
(252, 305)
(252, 315)
(252, 333)
(252, 335)
(252, 341)
(252, 344)
(252, 349)
(252, 352)
(252, 361)
(252, 367)
(252, 254)
(253, 395)
(253, 284)
(253, 291)
(253, 299)
(253, 301)
(253, 321)
(253, 322)
(253, 332)
(253, 338)
(253, 346)
(253, 351)
(253, 357)
(253, 377)
(253, 379)
(254, 262)
(254, 266)
(254, 267)
(254, 291)
(254, 315)
(254, 321)
(254, 335)
(254, 338)
(254, 341)
(254, 344)
(254, 349)
(254, 367)
(255, 385)
(255, 260)
(255, 389)
(255, 392)
(255, 398)
(255, 271)
(255, 347)
(255, 285)
(255, 320)
(255, 331)
(255, 336)
(255, 399)
(255, 359)
(255, 375)
(255, 378)
(256, 342)
(256, 391)
(256, 393)
(256, 268)
(256, 387)
(256, 297)
(256, 265)
(256, 322)
(256, 328)
(256, 329)
(256, 332)
(256, 346)
(256, 259)
(256, 379)
(257, 269)
(257, 305)
(257, 333)
(257, 397)
(257, 340)
(257, 349)
(257, 352)
(257, 362)
(257, 369)
(257, 371)
(257, 373)
(257, 383)
(258, 395)
(258, 272)
(258, 289)
(258, 290)
(258, 325)
(258, 311)
(258, 337)
(258, 356)
(258, 357)
(258, 358)
(258, 365)
(258, 374)
(258, 382)
(259, 385)
(259, 387)
(259, 391)
(259, 392)
(259, 393)
(259, 268)
(259, 271)
(259, 285)
(259, 297)
(259, 307)
(259, 265)
(259, 313)
(259, 328)
(259, 329)
(259, 399)
(259, 342)
(259, 359)
(259, 363)
(259, 378)
(259, 379)
(260, 389)
(260, 263)
(260, 392)
(260, 398)
(260, 399)
(260, 277)
(260, 279)
(260, 285)
(260, 347)
(260, 293)
(260, 296)
(260, 310)
(260, 319)
(260, 320)
(260, 324)
(260, 329)
(260, 331)
(260, 336)
(260, 270)
(260, 271)
(260, 355)
(260, 359)
(260, 363)
(260, 375)
(261, 397)
(261, 288)
(261, 292)
(261, 294)
(261, 305)
(261, 316)
(261, 333)
(261, 335)
(261, 349)
(261, 352)
(261, 361)
(262, 386)
(262, 393)
(262, 266)
(262, 267)
(262, 278)
(262, 314)
(262, 339)
(262, 340)
(262, 367)
(263, 388)
(263, 389)
(263, 390)
(263, 392)
(263, 398)
(263, 277)
(263, 279)
(263, 285)
(263, 293)
(263, 296)
(263, 304)
(263, 308)
(263, 310)
(263, 319)
(263, 320)
(263, 324)
(263, 270)
(263, 343)
(263, 347)
(263, 355)
(263, 363)
(263, 364)
(263, 372)
(263, 376)
(264, 386)
(264, 269)
(264, 282)
(264, 283)
(264, 300)
(264, 317)
(264, 326)
(264, 345)
(264, 353)
(264, 362)
(264, 369)
(264, 373)
(264, 383)
(265, 384)
(265, 385)
(265, 391)
(265, 268)
(265, 273)
(265, 297)
(265, 306)
(265, 307)
(265, 313)
(265, 328)
(265, 329)
(265, 348)
(265, 354)
(265, 359)
(265, 378)
(266, 393)
(266, 267)
(266, 278)
(266, 291)
(266, 314)
(266, 321)
(266, 338)
(266, 341)
(266, 351)
(266, 367)
(267, 397)
(267, 305)
(267, 315)
(267, 321)
(267, 335)
(267, 338)
(267, 340)
(267, 341)
(267, 344)
(267, 349)
(267, 352)
(267, 367)
(268, 387)
(268, 342)
(268, 391)
(268, 273)
(268, 297)
(268, 307)
(268, 322)
(268, 328)
(268, 329)
(268, 346)
(268, 379)
(269, 386)
(269, 282)
(269, 283)
(269, 300)
(269, 333)
(269, 340)
(269, 362)
(269, 369)
(269, 371)
(269, 373)
(269, 383)
(270, 387)
(270, 388)
(270, 392)
(270, 393)
(270, 277)
(270, 278)
(270, 279)
(270, 285)
(270, 293)
(270, 314)
(270, 319)
(270, 320)
(270, 324)
(270, 329)
(270, 342)
(270, 355)
(270, 363)
(271, 385)
(271, 389)
(271, 392)
(271, 398)
(271, 285)
(271, 347)
(271, 320)
(271, 324)
(271, 329)
(271, 331)
(271, 336)
(271, 399)
(271, 355)
(271, 359)
(271, 363)
(271, 375)
(271, 378)
(272, 289)
(272, 290)
(272, 356)
(272, 325)
(272, 358)
(272, 374)
(272, 311)
(272, 382)
(273, 384)
(273, 391)
(273, 280)
(273, 297)
(273, 306)
(273, 307)
(273, 313)
(273, 323)
(273, 327)
(273, 328)
(273, 348)
(273, 354)
(273, 381)
(274, 390)
(274, 394)
(274, 286)
(274, 296)
(274, 298)
(274, 302)
(274, 303)
(274, 304)
(274, 309)
(274, 310)
(274, 312)
(274, 343)
(274, 350)
(274, 364)
(274, 366)
(274, 370)
(274, 372)
(275, 385)
(275, 330)
(275, 331)
(275, 334)
(275, 359)
(275, 378)
(275, 380)
(276, 395)
(276, 396)
(276, 281)
(276, 290)
(276, 295)
(276, 299)
(276, 301)
(276, 287)
(276, 368)
(276, 374)
(277, 388)
(277, 390)
(277, 392)
(277, 393)
(277, 398)
(277, 279)
(277, 285)
(277, 293)
(277, 304)
(277, 308)
(277, 319)
(277, 320)
(277, 324)
(277, 339)
(277, 343)
(277, 355)
(277, 363)
(277, 372)
(277, 376)
(278, 387)
(278, 393)
(278, 314)
(278, 355)
(278, 367)
(278, 339)
(278, 319)
(279, 388)
(279, 390)
(279, 392)
(279, 393)
(279, 398)
(279, 285)
(279, 293)
(279, 304)
(279, 319)
(279, 320)
(279, 324)
(279, 343)
(279, 347)
(279, 355)
(279, 363)
(279, 372)
(279, 376)
(280, 384)
(280, 391)
(280, 306)
(280, 307)
(280, 313)
(280, 330)
(280, 334)
(280, 348)
(280, 354)
(281, 295)
(281, 360)
(281, 396)
(281, 368)
(281, 344)
(281, 287)
(282, 386)
(282, 283)
(282, 300)
(282, 317)
(282, 326)
(282, 362)
(282, 369)
(282, 373)
(282, 383)
(283, 386)
(283, 300)
(283, 317)
(283, 326)
(283, 353)
(283, 362)
(283, 369)
(283, 373)
(283, 383)
(284, 395)
(284, 396)
(284, 295)
(284, 299)
(284, 301)
(284, 321)
(284, 322)
(284, 332)
(284, 338)
(284, 291)
(284, 346)
(284, 351)
(284, 357)
(284, 368)
(284, 377)
(285, 387)
(285, 389)
(285, 392)
(285, 393)
(285, 398)
(285, 347)
(285, 293)
(285, 319)
(285, 320)
(285, 324)
(285, 329)
(285, 336)
(285, 342)
(285, 399)
(285, 355)
(285, 363)
(285, 375)
(286, 388)
(286, 390)
(286, 394)
(286, 298)
(286, 302)
(286, 303)
(286, 304)
(286, 308)
(286, 309)
(286, 312)
(286, 317)
(286, 318)
(286, 326)
(286, 343)
(286, 345)
(286, 350)
(286, 353)
(286, 364)
(286, 366)
(286, 370)
(286, 372)
(286, 376)
(287, 295)
(287, 360)
(287, 396)
(287, 368)
(288, 292)
(288, 349)
(288, 315)
(288, 344)
(288, 335)
(288, 352)
(288, 361)
(289, 290)
(289, 356)
(289, 325)
(289, 358)
(289, 374)
(289, 311)
(289, 382)
(290, 395)
(290, 299)
(290, 301)
(290, 325)
(290, 311)
(290, 356)
(290, 357)
(290, 358)
(290, 365)
(290, 374)
(290, 382)
(291, 395)
(291, 396)
(291, 295)
(291, 299)
(291, 301)
(291, 321)
(291, 322)
(291, 332)
(291, 338)
(291, 341)
(291, 346)
(291, 351)
(291, 377)
(292, 397)
(292, 294)
(292, 315)
(292, 335)
(292, 349)
(292, 352)
(292, 361)
(293, 388)
(293, 389)
(293, 390)
(293, 392)
(293, 398)
(293, 296)
(293, 304)
(293, 308)
(293, 318)
(293, 319)
(293, 320)
(293, 324)
(293, 343)
(293, 347)
(293, 355)
(293, 363)
(293, 364)
(293, 372)
(293, 376)
(294, 397)
(294, 316)
(295, 395)
(295, 396)
(295, 299)
(295, 301)
(295, 321)
(295, 338)
(295, 344)
(295, 360)
(295, 368)
(295, 377)
(296, 389)
(296, 390)
(296, 394)
(296, 398)
(296, 298)
(296, 302)
(296, 304)
(296, 310)
(296, 320)
(296, 324)
(296, 343)
(296, 347)
(296, 364)
(296, 366)
(297, 387)
(297, 391)
(297, 307)
(297, 313)
(297, 328)
(297, 329)
(297, 342)
(297, 354)
(297, 359)
(297, 378)
(297, 379)
(298, 388)
(298, 390)
(298, 394)
(298, 302)
(298, 303)
(298, 304)
(298, 308)
(298, 309)
(298, 310)
(298, 312)
(298, 318)
(298, 343)
(298, 350)
(298, 364)
(298, 366)
(298, 370)
(298, 372)
(299, 395)
(299, 396)
(299, 301)
(299, 321)
(299, 332)
(299, 377)
(299, 351)
(299, 357)
(299, 368)
(300, 386)
(300, 317)
(300, 318)
(300, 326)
(300, 345)
(300, 353)
(300, 362)
(300, 369)
(300, 373)
(300, 383)
(301, 395)
(301, 396)
(301, 321)
(301, 322)
(301, 332)
(301, 346)
(301, 351)
(301, 357)
(301, 365)
(301, 368)
(301, 377)
(302, 390)
(302, 394)
(302, 304)
(302, 309)
(302, 310)
(302, 312)
(302, 350)
(302, 364)
(302, 366)
(303, 394)
(303, 370)
(303, 309)
(303, 312)
(303, 350)
(304, 388)
(304, 390)
(304, 394)
(304, 308)
(304, 309)
(304, 310)
(304, 312)
(304, 318)
(304, 324)
(304, 343)
(304, 353)
(304, 364)
(304, 366)
(304, 372)
(304, 376)
(305, 397)
(305, 333)
(305, 335)
(305, 349)
(305, 352)
(305, 371)
(306, 384)
(306, 391)
(306, 307)
(306, 313)
(306, 328)
(306, 334)
(306, 348)
(306, 354)
(306, 381)
(307, 384)
(307, 391)
(307, 313)
(307, 328)
(307, 334)
(307, 348)
(307, 354)
(307, 359)
(307, 378)
(307, 381)
(308, 386)
(308, 388)
(308, 390)
(308, 394)
(308, 309)
(308, 312)
(308, 317)
(308, 318)
(308, 326)
(308, 339)
(308, 343)
(308, 345)
(308, 353)
(308, 364)
(308, 372)
(308, 376)
(309, 388)
(309, 390)
(309, 394)
(309, 312)
(309, 317)
(309, 318)
(309, 326)
(309, 343)
(309, 345)
(309, 350)
(309, 353)
(309, 364)
(309, 366)
(309, 370)
(309, 372)
(309, 376)
(310, 389)
(310, 390)
(310, 394)
(310, 398)
(310, 320)
(310, 324)
(310, 336)
(310, 347)
(310, 366)
(310, 375)
(311, 325)
(311, 356)
(311, 358)
(311, 365)
(311, 374)
(311, 382)
(312, 388)
(312, 390)
(312, 394)
(312, 317)
(312, 318)
(312, 326)
(312, 343)
(312, 345)
(312, 350)
(312, 353)
(312, 364)
(312, 366)
(312, 370)
(312, 372)
(312, 376)
(313, 384)
(313, 385)
(313, 391)
(313, 328)
(313, 334)
(313, 348)
(313, 354)
(313, 359)
(313, 378)
(314, 387)
(314, 393)
(314, 342)
(314, 355)
(314, 363)
(314, 319)
(315, 397)
(315, 335)
(315, 338)
(315, 341)
(315, 344)
(315, 349)
(315, 352)
(315, 360)
(315, 361)
(317, 386)
(317, 388)
(317, 390)
(317, 318)
(317, 326)
(317, 339)
(317, 343)
(317, 345)
(317, 353)
(317, 362)
(317, 364)
(317, 369)
(317, 372)
(317, 373)
(317, 376)
(318, 386)
(318, 388)
(318, 390)
(318, 394)
(318, 326)
(318, 339)
(318, 343)
(318, 345)
(318, 353)
(318, 364)
(318, 372)
(318, 376)
(319, 387)
(319, 388)
(319, 392)
(319, 393)
(319, 398)
(319, 320)
(319, 324)
(319, 329)
(319, 342)
(319, 355)
(319, 363)
(320, 388)
(320, 389)
(320, 392)
(320, 398)
(320, 347)
(320, 324)
(320, 336)
(320, 399)
(320, 355)
(320, 363)
(320, 375)
(321, 396)
(321, 332)
(321, 338)
(321, 341)
(321, 344)
(321, 351)
(321, 377)
(322, 332)
(322, 337)
(322, 342)
(322, 346)
(322, 351)
(322, 357)
(322, 379)
(323, 327)
(323, 337)
(323, 354)
(323, 357)
(323, 365)
(323, 381)
(324, 388)
(324, 389)
(324, 392)
(324, 398)
(324, 347)
(324, 336)
(324, 399)
(324, 355)
(324, 363)
(324, 375)
(325, 356)
(325, 358)
(325, 365)
(325, 374)
(325, 382)
(326, 390)
(326, 343)
(326, 345)
(326, 353)
(326, 362)
(326, 364)
(326, 372)
(326, 376)
(327, 384)
(327, 337)
(327, 354)
(327, 365)
(327, 381)
(328, 384)
(328, 391)
(328, 329)
(328, 342)
(328, 354)
(328, 359)
(328, 378)
(328, 381)
(329, 387)
(329, 391)
(329, 392)
(329, 393)
(329, 342)
(329, 399)
(329, 355)
(329, 359)
(329, 363)
(329, 378)
(329, 379)
(330, 334)
(330, 380)
(331, 385)
(331, 389)
(331, 398)
(331, 347)
(331, 336)
(331, 399)
(331, 359)
(331, 375)
(331, 378)
(331, 380)
(332, 395)
(332, 337)
(332, 346)
(332, 351)
(332, 357)
(332, 365)
(332, 377)
(332, 379)
(333, 397)
(333, 335)
(333, 340)
(333, 349)
(333, 352)
(333, 371)
(333, 383)
(334, 384)
(334, 348)
(335, 397)
(335, 341)
(335, 344)
(335, 349)
(335, 352)
(335, 361)
(335, 367)
(336, 385)
(336, 389)
(336, 392)
(336, 398)
(336, 347)
(336, 399)
(336, 359)
(336, 375)
(336, 378)
(337, 346)
(337, 356)
(337, 357)
(337, 365)
(338, 396)
(338, 344)
(338, 341)
(338, 351)
(338, 377)
(339, 386)
(339, 388)
(339, 340)
(339, 353)
(339, 362)
(339, 367)
(339, 373)
(339, 376)
(340, 386)
(340, 362)
(340, 367)
(340, 369)
(340, 373)
(340, 383)
(341, 344)
(341, 349)
(341, 352)
(341, 360)
(341, 367)
(342, 387)
(342, 393)
(342, 363)
(342, 346)
(342, 351)
(342, 355)
(342, 379)
(343, 388)
(343, 390)
(343, 394)
(343, 353)
(343, 364)
(343, 366)
(343, 372)
(343, 376)
(344, 396)
(344, 349)
(344, 360)
(344, 361)
(344, 377)
(345, 353)
(345, 364)
(345, 370)
(346, 351)
(346, 357)
(346, 365)
(346, 379)
(347, 389)
(347, 392)
(347, 398)
(347, 399)
(347, 363)
(347, 375)
(348, 384)
(348, 391)
(348, 354)
(349, 397)
(349, 352)
(349, 361)
(349, 367)
(350, 390)
(350, 394)
(350, 364)
(350, 366)
(350, 370)
(351, 377)
(351, 379)
(352, 397)
(352, 361)
(352, 371)
(353, 386)
(353, 388)
(353, 390)
(353, 362)
(353, 364)
(353, 372)
(353, 373)
(353, 376)
(354, 384)
(354, 391)
(354, 381)
(355, 387)
(355, 388)
(355, 392)
(355, 393)
(355, 398)
(355, 363)
(356, 357)
(356, 358)
(356, 365)
(356, 374)
(356, 382)
(357, 395)
(357, 365)
(358, 374)
(358, 382)
(359, 385)
(359, 398)
(359, 399)
(359, 375)
(359, 378)
(360, 396)
(360, 368)
(360, 377)
(362, 386)
(362, 369)
(362, 373)
(362, 383)
(363, 387)
(363, 392)
(363, 393)
(363, 398)
(363, 399)
(364, 388)
(364, 390)
(364, 394)
(364, 366)
(364, 370)
(364, 372)
(364, 376)
(366, 390)
(366, 394)
(366, 372)
(367, 386)
(367, 373)
(368, 395)
(368, 396)
(368, 377)
(369, 386)
(369, 373)
(369, 383)
(370, 394)
(371, 397)
(371, 383)
(372, 388)
(372, 390)
(372, 394)
(372, 376)
(373, 386)
(373, 383)
(374, 382)
(375, 385)
(375, 389)
(375, 392)
(375, 398)
(375, 399)
(375, 378)
(376, 386)
(376, 388)
(376, 390)
(377, 395)
(377, 396)
(378, 385)
(378, 391)
(378, 399)
(379, 393)
(379, 387)
(380, 385)
(381, 384)
(381, 391)
(383, 386)
(384, 391)
(385, 399)
(387, 392)
(387, 393)
(388, 390)
(388, 394)
(389, 392)
(389, 398)
(389, 399)
(390, 394)
(392, 393)
(392, 398)
(392, 399)
(395, 396)
(398, 399)
