#Nodes
0
1
2
3
4
5
6
7
8
9
10
11
12
13
14
15
16
17
18
19
20
21
22
23
24
25
26
27
28
29
30
31
32
33
34
35
36
37
38
39
40
41
42
43
44
45
46
47
48
49
50
51
52
53
54
55
56
57
58
59
60
61
62
63
64
65
66
67
68
69
70
71
72
73
74
75
76
77
78
79
80
81
82
83
84
85
86
87
88
89
90
91
92
93
94
95
96
97
98
99
#Edges
(0, 74)
(0, 75)
(0, 44)
(0, 83)
(0, 20)
(0, 53)
(0, 54)
(0, 23)
(0, 24)
(0, 57)
(0, 21)
(0, 62)
(0, 63)
(1, 97)
(1, 40)
(1, 78)
(1, 24)
(1, 83)
(1, 21)
(1, 56)
(1, 60)
(1, 95)
(2, 36)
(2, 6)
(2, 72)
(2, 10)
(2, 77)
(2, 93)
(2, 50)
(2, 86)
(2, 25)
(2, 79)
(2, 28)
(2, 61)
(3, 46)
(4, 66)
(4, 35)
(4, 69)
(4, 41)
(4, 44)
(4, 14)
(4, 80)
(4, 22)
(4, 20)
(4, 54)
(4, 23)
(4, 58)
(4, 31)
(4, 92)
(4, 37)
(4, 62)
(4, 63)
(5, 64)
(5, 98)
(5, 68)
(5, 70)
(5, 8)
(5, 9)
(5, 81)
(5, 84)
(5, 88)
(5, 90)
(5, 94)
(6, 10)
(6, 29)
(6, 45)
(6, 61)
(6, 48)
(6, 86)
(6, 28)
(6, 93)
(6, 30)
(7, 34)
(7, 99)
(7, 38)
(7, 39)
(7, 15)
(7, 11)
(7, 13)
(7, 47)
(7, 27)
(7, 59)
(7, 52)
(7, 85)
(7, 87)
(7, 58)
(7, 91)
(7, 92)
(7, 62)
(8, 99)
(8, 9)
(8, 74)
(8, 84)
(8, 88)
(8, 57)
(8, 52)
(9, 32)
(9, 99)
(9, 68)
(9, 70)
(9, 16)
(9, 81)
(9, 84)
(9, 88)
(9, 89)
(9, 52)
(10, 29)
(10, 45)
(10, 93)
(10, 48)
(10, 86)
(10, 79)
(10, 61)
(10, 30)
(11, 32)
(11, 33)
(11, 99)
(11, 38)
(11, 39)
(11, 15)
(11, 47)
(11, 27)
(11, 59)
(11, 84)
(11, 85)
(11, 87)
(11, 88)
(11, 52)
(11, 91)
(12, 19)
(12, 34)
(12, 36)
(12, 71)
(12, 72)
(12, 18)
(12, 77)
(12, 13)
(12, 50)
(12, 51)
(12, 22)
(12, 25)
(12, 91)
(12, 31)
(13, 34)
(13, 91)
(13, 38)
(13, 39)
(13, 18)
(13, 47)
(13, 50)
(13, 51)
(13, 85)
(13, 22)
(13, 87)
(13, 58)
(13, 59)
(13, 92)
(13, 62)
(13, 31)
(14, 65)
(14, 66)
(14, 35)
(14, 69)
(14, 41)
(14, 44)
(14, 80)
(14, 20)
(14, 54)
(14, 23)
(14, 58)
(14, 92)
(14, 37)
(14, 62)
(14, 63)
(15, 32)
(15, 33)
(15, 99)
(15, 38)
(15, 17)
(15, 55)
(15, 76)
(15, 27)
(15, 49)
(15, 82)
(15, 85)
(15, 43)
(15, 87)
(15, 59)
(16, 32)
(16, 99)
(16, 70)
(16, 17)
(16, 49)
(16, 84)
(16, 88)
(16, 89)
(16, 27)
(16, 52)
(17, 32)
(17, 33)
(17, 99)
(17, 49)
(17, 55)
(17, 89)
(17, 27)
(18, 34)
(18, 50)
(18, 38)
(18, 71)
(18, 43)
(18, 77)
(18, 82)
(18, 19)
(18, 85)
(18, 87)
(18, 25)
(18, 59)
(19, 34)
(19, 36)
(19, 71)
(19, 72)
(19, 77)
(19, 50)
(19, 25)
(20, 66)
(20, 35)
(20, 69)
(20, 39)
(20, 31)
(20, 44)
(20, 47)
(20, 80)
(20, 22)
(20, 54)
(20, 23)
(20, 58)
(20, 91)
(20, 92)
(20, 37)
(20, 62)
(20, 63)
(21, 97)
(21, 74)
(21, 75)
(21, 44)
(21, 83)
(21, 53)
(21, 24)
(22, 66)
(22, 69)
(22, 39)
(22, 47)
(22, 80)
(22, 51)
(22, 23)
(22, 58)
(22, 91)
(22, 92)
(22, 62)
(22, 31)
(23, 69)
(23, 39)
(23, 44)
(23, 47)
(23, 54)
(23, 57)
(23, 58)
(23, 91)
(23, 92)
(23, 62)
(23, 63)
(24, 97)
(24, 35)
(24, 37)
(24, 40)
(24, 44)
(24, 78)
(24, 83)
(24, 54)
(24, 95)
(24, 63)
(25, 34)
(25, 36)
(25, 71)
(25, 72)
(25, 77)
(25, 50)
(25, 28)
(26, 96)
(26, 65)
(26, 41)
(27, 32)
(27, 33)
(27, 99)
(27, 38)
(27, 43)
(27, 49)
(27, 82)
(27, 84)
(27, 85)
(27, 87)
(27, 88)
(27, 52)
(27, 59)
(28, 36)
(28, 72)
(28, 77)
(28, 93)
(28, 50)
(28, 61)
(29, 45)
(29, 61)
(29, 48)
(29, 86)
(29, 93)
(29, 30)
(30, 45)
(30, 61)
(30, 48)
(30, 86)
(30, 93)
(31, 66)
(31, 69)
(31, 39)
(31, 47)
(31, 80)
(31, 51)
(31, 58)
(31, 91)
(31, 92)
(31, 62)
(32, 99)
(32, 70)
(32, 49)
(32, 84)
(32, 88)
(32, 89)
(32, 52)
(33, 43)
(33, 38)
(33, 87)
(33, 76)
(33, 49)
(33, 82)
(33, 55)
(33, 59)
(34, 50)
(34, 38)
(34, 71)
(34, 43)
(34, 77)
(34, 82)
(34, 51)
(34, 85)
(34, 87)
(34, 59)
(35, 96)
(35, 65)
(35, 66)
(35, 69)
(35, 40)
(35, 41)
(35, 80)
(35, 54)
(35, 37)
(35, 63)
(36, 71)
(36, 72)
(36, 77)
(36, 50)
(37, 96)
(37, 65)
(37, 66)
(37, 69)
(37, 40)
(37, 41)
(37, 80)
(37, 54)
(37, 63)
(37, 95)
(38, 91)
(38, 71)
(38, 43)
(38, 47)
(38, 82)
(38, 85)
(38, 87)
(38, 39)
(38, 59)
(39, 91)
(39, 47)
(39, 51)
(39, 85)
(39, 87)
(39, 58)
(39, 59)
(39, 92)
(39, 62)
(40, 96)
(40, 65)
(40, 41)
(40, 78)
(40, 54)
(40, 60)
(40, 95)
(41, 96)
(41, 65)
(41, 66)
(41, 69)
(41, 80)
(42, 56)
(42, 73)
(42, 60)
(43, 71)
(43, 76)
(43, 46)
(43, 82)
(43, 85)
(43, 87)
(43, 59)
(44, 69)
(44, 83)
(44, 53)
(44, 54)
(44, 57)
(44, 92)
(44, 62)
(44, 63)
(45, 79)
(45, 48)
(45, 86)
(45, 93)
(46, 82)
(46, 76)
(47, 91)
(47, 51)
(47, 85)
(47, 87)
(47, 58)
(47, 59)
(47, 92)
(47, 62)
(48, 61)
(48, 93)
(48, 86)
(49, 99)
(49, 87)
(49, 76)
(49, 82)
(49, 55)
(50, 71)
(50, 72)
(50, 77)
(50, 51)
(51, 66)
(51, 77)
(51, 58)
(51, 91)
(51, 92)
(52, 99)
(52, 70)
(52, 84)
(52, 85)
(52, 87)
(52, 88)
(52, 59)
(53, 97)
(53, 74)
(53, 75)
(53, 83)
(53, 57)
(54, 66)
(54, 69)
(54, 80)
(54, 58)
(54, 92)
(54, 62)
(54, 63)
(55, 76)
(56, 73)
(56, 78)
(56, 60)
(56, 95)
(57, 74)
(57, 75)
(57, 88)
(57, 62)
(58, 66)
(58, 69)
(58, 80)
(58, 91)
(58, 92)
(58, 62)
(58, 63)
(59, 99)
(59, 82)
(59, 85)
(59, 87)
(59, 91)
(60, 73)
(60, 78)
(60, 95)
(61, 72)
(61, 86)
(61, 93)
(62, 69)
(62, 80)
(62, 91)
(62, 92)
(62, 63)
(63, 66)
(63, 69)
(63, 80)
(63, 92)
(64, 98)
(64, 67)
(64, 68)
(64, 81)
(64, 90)
(64, 94)
(65, 96)
(65, 80)
(66, 69)
(66, 80)
(66, 92)
(67, 98)
(67, 90)
(67, 94)
(68, 98)
(68, 70)
(68, 81)
(68, 94)
(69, 80)
(69, 92)
(70, 99)
(70, 81)
(70, 84)
(70, 89)
(71, 72)
(71, 77)
(72, 77)
(73, 78)
(74, 75)
(74, 90)
(75, 97)
(75, 83)
(76, 82)
(78, 83)
(78, 95)
(79, 93)
(79, 86)
(80, 92)
(81, 94)
(82, 87)
(83, 97)
(83, 95)
(84, 99)
(84, 88)
(84, 89)
(85, 99)
(85, 87)
(85, 91)
(85, 92)
(86, 93)
(87, 99)
(87, 91)
(88, 99)
(89, 99)
(90, 98)
(90, 94)
(91, 92)
(94, 98)
