#Nodes
0
1
2
3
4
5
6
7
8
9
10
11
12
13
14
15
16
17
18
19
20
21
22
23
24
25
26
27
28
29
30
31
32
33
34
35
36
37
38
39
40
41
42
43
44
45
46
47
48
49
50
51
52
53
54
55
56
57
58
59
60
61
62
63
64
65
66
67
68
69
70
71
72
73
74
75
76
77
78
79
80
81
82
83
84
85
86
87
88
89
90
91
92
93
94
95
96
97
98
99
100
101
102
103
104
105
106
107
108
109
110
111
112
113
114
115
116
117
118
119
120
121
122
123
124
125
126
127
128
129
130
131
132
133
134
135
136
137
138
139
140
141
142
143
144
145
146
147
148
149
150
151
152
153
154
155
156
157
158
159
160
161
162
163
164
165
166
167
168
169
170
171
172
173
174
175
176
177
178
179
180
181
182
183
184
185
186
187
188
189
190
191
192
193
194
195
196
197
198
199
200
201
202
203
204
205
206
207
208
209
210
211
212
213
214
215
216
217
218
219
220
221
222
223
224
225
226
227
228
229
230
231
232
233
234
235
236
237
238
239
240
241
242
243
244
245
246
247
248
249
#Edges
(0, 131)
(0, 132)
(0, 134)
(0, 139)
(0, 144)
(0, 145)
(0, 146)
(0, 20)
(0, 27)
(0, 156)
(0, 31)
(0, 161)
(0, 34)
(0, 39)
(0, 172)
(0, 46)
(0, 54)
(0, 183)
(0, 196)
(0, 69)
(0, 72)
(0, 73)
(0, 75)
(0, 77)
(0, 82)
(0, 90)
(0, 103)
(0, 104)
(0, 107)
(0, 237)
(0, 113)
(1, 8)
(1, 138)
(1, 15)
(1, 152)
(1, 153)
(1, 155)
(1, 157)
(1, 30)
(1, 159)
(1, 33)
(1, 164)
(1, 45)
(1, 175)
(1, 49)
(1, 181)
(1, 60)
(1, 53)
(1, 62)
(1, 63)
(1, 68)
(1, 70)
(1, 71)
(1, 202)
(1, 206)
(1, 83)
(1, 212)
(1, 78)
(1, 36)
(1, 90)
(1, 92)
(1, 96)
(1, 99)
(1, 104)
(1, 234)
(1, 237)
(1, 113)
(1, 116)
(1, 117)
(1, 246)
(1, 247)
(2, 128)
(2, 130)
(2, 11)
(2, 143)
(2, 16)
(2, 150)
(2, 28)
(2, 165)
(2, 177)
(2, 51)
(2, 189)
(2, 190)
(2, 67)
(2, 201)
(2, 204)
(2, 85)
(2, 87)
(2, 217)
(2, 91)
(2, 222)
(2, 101)
(2, 233)
(2, 236)
(2, 112)
(2, 243)
(2, 249)
(2, 213)
(3, 129)
(3, 5)
(3, 12)
(3, 147)
(3, 148)
(3, 21)
(3, 24)
(3, 29)
(3, 35)
(3, 166)
(3, 168)
(3, 41)
(3, 171)
(3, 44)
(3, 173)
(3, 179)
(3, 57)
(3, 188)
(3, 61)
(3, 205)
(3, 207)
(3, 84)
(3, 216)
(3, 98)
(3, 227)
(3, 231)
(3, 108)
(3, 109)
(3, 239)
(3, 240)
(3, 241)
(3, 19)
(3, 248)
(3, 126)
(4, 224)
(4, 225)
(4, 17)
(4, 192)
(4, 142)
(4, 47)
(4, 209)
(4, 115)
(4, 22)
(4, 56)
(4, 120)
(4, 218)
(4, 123)
(4, 191)
(5, 129)
(5, 43)
(5, 136)
(5, 140)
(5, 18)
(5, 147)
(5, 148)
(5, 21)
(5, 24)
(5, 29)
(5, 35)
(5, 166)
(5, 168)
(5, 171)
(5, 173)
(5, 179)
(5, 182)
(5, 57)
(5, 188)
(5, 61)
(5, 12)
(5, 205)
(5, 207)
(5, 84)
(5, 216)
(5, 221)
(5, 226)
(5, 227)
(5, 231)
(5, 232)
(5, 105)
(5, 108)
(5, 109)
(5, 239)
(5, 241)
(5, 19)
(6, 133)
(6, 7)
(6, 8)
(6, 9)
(6, 13)
(6, 15)
(6, 24)
(6, 152)
(6, 25)
(6, 155)
(6, 157)
(6, 32)
(6, 163)
(6, 41)
(6, 45)
(6, 49)
(6, 178)
(6, 60)
(6, 74)
(6, 63)
(6, 68)
(6, 246)
(6, 202)
(6, 203)
(6, 206)
(6, 81)
(6, 35)
(6, 92)
(6, 94)
(6, 96)
(6, 227)
(6, 108)
(6, 245)
(6, 118)
(6, 247)
(6, 126)
(7, 9)
(7, 12)
(7, 13)
(7, 15)
(7, 24)
(7, 25)
(7, 32)
(7, 35)
(7, 41)
(7, 171)
(7, 178)
(7, 74)
(7, 203)
(7, 81)
(7, 226)
(7, 227)
(7, 105)
(7, 108)
(7, 109)
(7, 245)
(7, 118)
(7, 126)
(8, 133)
(8, 9)
(8, 15)
(8, 152)
(8, 153)
(8, 155)
(8, 157)
(8, 30)
(8, 33)
(8, 163)
(8, 164)
(8, 41)
(8, 45)
(8, 49)
(8, 178)
(8, 53)
(8, 60)
(8, 62)
(8, 63)
(8, 68)
(8, 246)
(8, 70)
(8, 71)
(8, 202)
(8, 206)
(8, 83)
(8, 212)
(8, 78)
(8, 36)
(8, 90)
(8, 92)
(8, 94)
(8, 96)
(8, 237)
(8, 116)
(8, 118)
(8, 247)
(8, 126)
(9, 133)
(9, 13)
(9, 15)
(9, 24)
(9, 152)
(9, 25)
(9, 157)
(9, 30)
(9, 32)
(9, 35)
(9, 163)
(9, 41)
(9, 171)
(9, 45)
(9, 49)
(9, 178)
(9, 53)
(9, 60)
(9, 74)
(9, 63)
(9, 68)
(9, 118)
(9, 70)
(9, 33)
(9, 202)
(9, 203)
(9, 206)
(9, 81)
(9, 83)
(9, 94)
(9, 96)
(9, 227)
(9, 108)
(9, 109)
(9, 240)
(9, 245)
(9, 246)
(9, 247)
(9, 126)
(10, 129)
(10, 140)
(10, 88)
(10, 18)
(10, 19)
(10, 21)
(10, 26)
(10, 162)
(10, 37)
(10, 168)
(10, 170)
(10, 43)
(10, 182)
(10, 57)
(10, 186)
(10, 193)
(10, 194)
(10, 205)
(10, 207)
(10, 84)
(10, 216)
(10, 100)
(10, 229)
(10, 231)
(10, 232)
(10, 235)
(10, 242)
(11, 128)
(11, 135)
(11, 137)
(11, 143)
(11, 16)
(11, 149)
(11, 28)
(11, 165)
(11, 40)
(11, 177)
(11, 51)
(11, 190)
(11, 66)
(11, 67)
(11, 201)
(11, 204)
(11, 85)
(11, 87)
(11, 93)
(11, 222)
(11, 101)
(11, 233)
(11, 106)
(11, 236)
(11, 112)
(11, 213)
(12, 13)
(12, 147)
(12, 148)
(12, 21)
(12, 24)
(12, 25)
(12, 35)
(12, 166)
(12, 168)
(12, 41)
(12, 171)
(12, 173)
(12, 179)
(12, 57)
(12, 188)
(12, 61)
(12, 74)
(12, 203)
(12, 98)
(12, 207)
(12, 81)
(12, 216)
(12, 226)
(12, 227)
(12, 231)
(12, 105)
(12, 108)
(12, 109)
(12, 239)
(12, 240)
(12, 241)
(12, 19)
(12, 245)
(12, 118)
(12, 126)
(13, 133)
(13, 15)
(13, 24)
(13, 152)
(13, 25)
(13, 157)
(13, 32)
(13, 35)
(13, 41)
(13, 171)
(13, 49)
(13, 178)
(13, 63)
(13, 118)
(13, 74)
(13, 203)
(13, 81)
(13, 163)
(13, 94)
(13, 227)
(13, 108)
(13, 109)
(13, 245)
(13, 246)
(13, 247)
(13, 126)
(14, 160)
(14, 130)
(14, 86)
(14, 38)
(14, 80)
(14, 150)
(14, 217)
(14, 249)
(14, 91)
(15, 133)
(15, 152)
(15, 25)
(15, 155)
(15, 157)
(15, 30)
(15, 32)
(15, 35)
(15, 163)
(15, 41)
(15, 45)
(15, 49)
(15, 178)
(15, 53)
(15, 60)
(15, 74)
(15, 63)
(15, 68)
(15, 246)
(15, 70)
(15, 33)
(15, 202)
(15, 203)
(15, 206)
(15, 81)
(15, 83)
(15, 212)
(15, 94)
(15, 96)
(15, 227)
(15, 108)
(15, 245)
(15, 118)
(15, 247)
(15, 126)
(16, 128)
(16, 130)
(16, 143)
(16, 150)
(16, 28)
(16, 165)
(16, 177)
(16, 51)
(16, 189)
(16, 190)
(16, 67)
(16, 201)
(16, 204)
(16, 85)
(16, 87)
(16, 217)
(16, 91)
(16, 222)
(16, 101)
(16, 233)
(16, 236)
(16, 112)
(16, 243)
(16, 249)
(16, 213)
(17, 142)
(17, 22)
(17, 184)
(17, 31)
(17, 161)
(17, 34)
(17, 167)
(17, 176)
(17, 47)
(17, 48)
(17, 56)
(17, 191)
(17, 192)
(17, 65)
(17, 198)
(17, 209)
(17, 218)
(17, 224)
(17, 225)
(17, 115)
(17, 244)
(17, 120)
(17, 123)
(18, 193)
(18, 226)
(18, 100)
(18, 37)
(18, 231)
(18, 232)
(18, 205)
(18, 125)
(18, 136)
(18, 19)
(18, 148)
(18, 97)
(18, 182)
(18, 57)
(18, 216)
(18, 84)
(18, 221)
(18, 158)
(18, 21)
(19, 129)
(19, 43)
(19, 136)
(19, 140)
(19, 147)
(19, 148)
(19, 21)
(19, 26)
(19, 29)
(19, 37)
(19, 168)
(19, 171)
(19, 44)
(19, 173)
(19, 179)
(19, 182)
(19, 57)
(19, 188)
(19, 61)
(19, 193)
(19, 205)
(19, 207)
(19, 84)
(19, 216)
(19, 221)
(19, 226)
(19, 229)
(19, 231)
(19, 232)
(19, 239)
(19, 125)
(20, 131)
(20, 144)
(20, 145)
(20, 46)
(20, 27)
(20, 156)
(20, 31)
(20, 161)
(20, 42)
(20, 172)
(20, 174)
(20, 50)
(20, 195)
(20, 196)
(20, 69)
(20, 72)
(20, 75)
(20, 76)
(20, 82)
(20, 215)
(20, 90)
(20, 230)
(20, 107)
(21, 129)
(21, 136)
(21, 140)
(21, 148)
(21, 158)
(21, 37)
(21, 168)
(21, 43)
(21, 173)
(21, 179)
(21, 182)
(21, 57)
(21, 61)
(21, 193)
(21, 205)
(21, 207)
(21, 84)
(21, 216)
(21, 221)
(21, 97)
(21, 226)
(21, 100)
(21, 231)
(21, 232)
(21, 239)
(21, 125)
(22, 224)
(22, 225)
(22, 59)
(22, 198)
(22, 192)
(22, 142)
(22, 47)
(22, 176)
(22, 209)
(22, 115)
(22, 56)
(22, 184)
(22, 218)
(22, 123)
(22, 191)
(23, 160)
(23, 130)
(23, 165)
(23, 233)
(23, 151)
(23, 204)
(23, 141)
(23, 80)
(23, 177)
(23, 210)
(23, 243)
(23, 169)
(23, 190)
(23, 86)
(23, 217)
(23, 249)
(23, 55)
(23, 222)
(23, 101)
(24, 148)
(24, 25)
(24, 32)
(24, 35)
(24, 41)
(24, 171)
(24, 173)
(24, 61)
(24, 74)
(24, 203)
(24, 81)
(24, 221)
(24, 226)
(24, 227)
(24, 105)
(24, 108)
(24, 109)
(24, 239)
(24, 241)
(24, 245)
(24, 118)
(24, 126)
(25, 133)
(25, 152)
(25, 157)
(25, 32)
(25, 163)
(25, 41)
(25, 171)
(25, 49)
(25, 178)
(25, 60)
(25, 63)
(25, 68)
(25, 118)
(25, 74)
(25, 203)
(25, 206)
(25, 81)
(25, 35)
(25, 94)
(25, 227)
(25, 108)
(25, 109)
(25, 245)
(25, 246)
(25, 247)
(25, 126)
(26, 129)
(26, 140)
(26, 154)
(26, 162)
(26, 37)
(26, 168)
(26, 170)
(26, 43)
(26, 44)
(26, 182)
(26, 186)
(26, 194)
(26, 205)
(26, 207)
(26, 84)
(26, 88)
(26, 89)
(26, 219)
(26, 100)
(26, 229)
(26, 232)
(26, 235)
(26, 238)
(26, 242)
(27, 131)
(27, 134)
(27, 138)
(27, 139)
(27, 144)
(27, 145)
(27, 164)
(27, 39)
(27, 172)
(27, 46)
(27, 183)
(27, 62)
(27, 69)
(27, 72)
(27, 73)
(27, 75)
(27, 77)
(27, 82)
(27, 212)
(27, 36)
(27, 90)
(27, 230)
(27, 103)
(27, 104)
(27, 107)
(27, 237)
(27, 113)
(27, 116)
(27, 117)
(28, 128)
(28, 130)
(28, 143)
(28, 150)
(28, 165)
(28, 177)
(28, 51)
(28, 189)
(28, 190)
(28, 67)
(28, 201)
(28, 204)
(28, 85)
(28, 87)
(28, 217)
(28, 91)
(28, 222)
(28, 101)
(28, 233)
(28, 236)
(28, 112)
(28, 243)
(28, 249)
(28, 213)
(29, 129)
(29, 140)
(29, 147)
(29, 148)
(29, 154)
(29, 166)
(29, 168)
(29, 170)
(29, 43)
(29, 44)
(29, 173)
(29, 179)
(29, 182)
(29, 188)
(29, 61)
(29, 205)
(29, 207)
(29, 208)
(29, 84)
(29, 89)
(29, 219)
(29, 98)
(29, 102)
(29, 235)
(29, 238)
(29, 239)
(29, 240)
(29, 241)
(29, 248)
(29, 122)
(29, 124)
(30, 133)
(30, 144)
(30, 145)
(30, 152)
(30, 157)
(30, 33)
(30, 164)
(30, 45)
(30, 52)
(30, 53)
(30, 60)
(30, 62)
(30, 68)
(30, 69)
(30, 70)
(30, 202)
(30, 206)
(30, 83)
(30, 212)
(30, 36)
(30, 90)
(30, 98)
(30, 230)
(30, 108)
(30, 237)
(30, 110)
(30, 240)
(30, 116)
(30, 247)
(30, 248)
(30, 126)
(31, 132)
(31, 146)
(31, 156)
(31, 161)
(31, 34)
(31, 167)
(31, 42)
(31, 174)
(31, 48)
(31, 72)
(31, 50)
(31, 54)
(31, 65)
(31, 196)
(31, 200)
(31, 75)
(31, 76)
(31, 77)
(31, 82)
(31, 225)
(31, 103)
(31, 107)
(31, 244)
(31, 119)
(31, 120)
(32, 133)
(32, 152)
(32, 157)
(32, 163)
(32, 41)
(32, 171)
(32, 49)
(32, 178)
(32, 60)
(32, 63)
(32, 68)
(32, 118)
(32, 74)
(32, 203)
(32, 81)
(32, 35)
(32, 94)
(32, 227)
(32, 108)
(32, 109)
(32, 245)
(32, 246)
(32, 247)
(32, 126)
(33, 133)
(33, 145)
(33, 152)
(33, 157)
(33, 36)
(33, 41)
(33, 45)
(33, 52)
(33, 53)
(33, 62)
(33, 68)
(33, 69)
(33, 70)
(33, 202)
(33, 206)
(33, 83)
(33, 212)
(33, 90)
(33, 98)
(33, 230)
(33, 108)
(33, 237)
(33, 110)
(33, 240)
(33, 247)
(33, 248)
(33, 126)
(34, 132)
(34, 139)
(34, 146)
(34, 156)
(34, 161)
(34, 39)
(34, 54)
(34, 183)
(34, 65)
(34, 196)
(34, 72)
(34, 73)
(34, 75)
(34, 76)
(34, 77)
(34, 225)
(34, 103)
(34, 107)
(34, 244)
(34, 120)
(35, 133)
(35, 147)
(35, 148)
(35, 152)
(35, 41)
(35, 171)
(35, 173)
(35, 178)
(35, 61)
(35, 68)
(35, 74)
(35, 203)
(35, 81)
(35, 98)
(35, 227)
(35, 105)
(35, 108)
(35, 109)
(35, 239)
(35, 240)
(35, 241)
(35, 245)
(35, 118)
(35, 247)
(35, 126)
(36, 133)
(36, 134)
(36, 138)
(36, 144)
(36, 145)
(36, 152)
(36, 153)
(36, 157)
(36, 164)
(36, 172)
(36, 45)
(36, 175)
(36, 53)
(36, 62)
(36, 68)
(36, 69)
(36, 70)
(36, 71)
(36, 202)
(36, 206)
(36, 83)
(36, 212)
(36, 78)
(36, 90)
(36, 104)
(36, 234)
(36, 237)
(36, 110)
(36, 113)
(36, 116)
(36, 117)
(36, 247)
(37, 193)
(37, 194)
(37, 162)
(37, 229)
(37, 231)
(37, 232)
(37, 43)
(37, 140)
(37, 205)
(37, 84)
(37, 97)
(37, 182)
(37, 57)
(37, 88)
(37, 100)
(37, 125)
(38, 160)
(38, 217)
(38, 86)
(38, 80)
(39, 131)
(39, 132)
(39, 134)
(39, 139)
(39, 144)
(39, 146)
(39, 161)
(39, 172)
(39, 54)
(39, 183)
(39, 65)
(39, 72)
(39, 73)
(39, 75)
(39, 77)
(39, 82)
(39, 103)
(39, 104)
(39, 107)
(39, 113)
(40, 135)
(40, 195)
(40, 149)
(40, 42)
(40, 174)
(40, 50)
(40, 190)
(40, 66)
(40, 67)
(40, 200)
(40, 201)
(40, 211)
(40, 215)
(40, 93)
(40, 222)
(40, 223)
(40, 228)
(40, 102)
(40, 106)
(40, 112)
(40, 122)
(41, 133)
(41, 152)
(41, 157)
(41, 163)
(41, 171)
(41, 49)
(41, 178)
(41, 60)
(41, 74)
(41, 68)
(41, 118)
(41, 202)
(41, 203)
(41, 206)
(41, 81)
(41, 94)
(41, 98)
(41, 227)
(41, 108)
(41, 109)
(41, 240)
(41, 241)
(41, 245)
(41, 246)
(41, 247)
(41, 126)
(42, 149)
(42, 156)
(42, 161)
(42, 167)
(42, 174)
(42, 48)
(42, 72)
(42, 50)
(42, 196)
(42, 200)
(42, 75)
(42, 76)
(42, 82)
(42, 211)
(42, 215)
(42, 220)
(42, 93)
(42, 223)
(42, 230)
(42, 46)
(42, 111)
(42, 114)
(42, 119)
(42, 127)
(43, 129)
(43, 140)
(43, 88)
(43, 147)
(43, 148)
(43, 154)
(43, 162)
(43, 168)
(43, 170)
(43, 44)
(43, 173)
(43, 179)
(43, 182)
(43, 57)
(43, 186)
(43, 188)
(43, 61)
(43, 193)
(43, 194)
(43, 205)
(43, 207)
(43, 84)
(43, 216)
(43, 219)
(43, 100)
(43, 229)
(43, 231)
(43, 232)
(43, 235)
(43, 239)
(43, 242)
(44, 129)
(44, 140)
(44, 147)
(44, 154)
(44, 166)
(44, 168)
(44, 170)
(44, 173)
(44, 179)
(44, 182)
(44, 188)
(44, 64)
(44, 205)
(44, 207)
(44, 208)
(44, 84)
(44, 89)
(44, 219)
(44, 102)
(44, 235)
(44, 238)
(44, 239)
(44, 241)
(44, 242)
(44, 122)
(44, 124)
(45, 133)
(45, 138)
(45, 152)
(45, 153)
(45, 155)
(45, 157)
(45, 159)
(45, 163)
(45, 164)
(45, 175)
(45, 49)
(45, 53)
(45, 60)
(45, 62)
(45, 63)
(45, 68)
(45, 70)
(45, 71)
(45, 202)
(45, 206)
(45, 83)
(45, 212)
(45, 78)
(45, 90)
(45, 92)
(45, 94)
(45, 96)
(45, 99)
(45, 234)
(45, 237)
(45, 116)
(45, 117)
(45, 246)
(45, 247)
(46, 144)
(46, 145)
(46, 156)
(46, 172)
(46, 174)
(46, 50)
(46, 195)
(46, 196)
(46, 69)
(46, 72)
(46, 75)
(46, 76)
(46, 82)
(46, 211)
(46, 215)
(46, 90)
(46, 223)
(46, 230)
(46, 110)
(47, 224)
(47, 225)
(47, 192)
(47, 142)
(47, 209)
(47, 115)
(47, 56)
(47, 218)
(47, 123)
(47, 191)
(48, 137)
(48, 156)
(48, 161)
(48, 167)
(48, 176)
(48, 50)
(48, 184)
(48, 59)
(48, 196)
(48, 198)
(48, 200)
(48, 76)
(48, 220)
(48, 93)
(48, 225)
(48, 111)
(48, 114)
(48, 115)
(48, 119)
(48, 127)
(49, 152)
(49, 153)
(49, 155)
(49, 157)
(49, 163)
(49, 178)
(49, 60)
(49, 74)
(49, 63)
(49, 246)
(49, 70)
(49, 202)
(49, 78)
(49, 81)
(49, 83)
(49, 206)
(49, 92)
(49, 94)
(49, 96)
(49, 118)
(49, 247)
(49, 126)
(50, 137)
(50, 149)
(50, 156)
(50, 167)
(50, 174)
(50, 184)
(50, 67)
(50, 196)
(50, 200)
(50, 75)
(50, 76)
(50, 211)
(50, 215)
(50, 220)
(50, 93)
(50, 223)
(50, 106)
(50, 111)
(50, 114)
(50, 119)
(50, 127)
(51, 128)
(51, 137)
(51, 143)
(51, 149)
(51, 177)
(51, 180)
(51, 59)
(51, 189)
(51, 67)
(51, 199)
(51, 201)
(51, 213)
(51, 87)
(51, 220)
(51, 93)
(51, 106)
(51, 236)
(51, 111)
(51, 112)
(51, 114)
(51, 119)
(51, 85)
(51, 127)
(52, 208)
(52, 98)
(52, 195)
(52, 68)
(52, 166)
(52, 230)
(52, 108)
(52, 110)
(52, 240)
(52, 241)
(52, 147)
(52, 212)
(52, 215)
(52, 248)
(52, 188)
(52, 102)
(52, 133)
(53, 133)
(53, 138)
(53, 144)
(53, 145)
(53, 152)
(53, 153)
(53, 157)
(53, 164)
(53, 172)
(53, 60)
(53, 62)
(53, 68)
(53, 69)
(53, 70)
(53, 71)
(53, 202)
(53, 206)
(53, 83)
(53, 212)
(53, 78)
(53, 90)
(53, 104)
(53, 237)
(53, 110)
(53, 113)
(53, 116)
(53, 117)
(53, 246)
(53, 247)
(54, 192)
(54, 225)
(54, 107)
(54, 132)
(54, 65)
(54, 161)
(54, 73)
(54, 139)
(54, 77)
(54, 146)
(54, 244)
(54, 183)
(54, 120)
(54, 218)
(54, 103)
(54, 156)
(55, 160)
(55, 130)
(55, 101)
(55, 233)
(55, 151)
(55, 204)
(55, 141)
(55, 80)
(55, 210)
(55, 243)
(55, 86)
(55, 217)
(55, 249)
(55, 169)
(56, 224)
(56, 225)
(56, 192)
(56, 142)
(56, 209)
(56, 115)
(56, 244)
(56, 120)
(56, 218)
(56, 123)
(56, 191)
(57, 129)
(57, 136)
(57, 140)
(57, 148)
(57, 158)
(57, 168)
(57, 171)
(57, 173)
(57, 179)
(57, 182)
(57, 61)
(57, 205)
(57, 207)
(57, 84)
(57, 216)
(57, 221)
(57, 97)
(57, 226)
(57, 231)
(57, 232)
(57, 105)
(57, 109)
(57, 239)
(57, 125)
(58, 135)
(58, 141)
(58, 154)
(58, 169)
(58, 170)
(58, 190)
(58, 64)
(58, 197)
(58, 204)
(58, 208)
(58, 89)
(58, 219)
(58, 222)
(58, 95)
(58, 228)
(58, 233)
(58, 235)
(58, 238)
(58, 242)
(58, 243)
(58, 121)
(58, 122)
(58, 124)
(59, 128)
(59, 198)
(59, 199)
(59, 137)
(59, 167)
(59, 111)
(59, 176)
(59, 114)
(59, 115)
(59, 180)
(59, 119)
(59, 184)
(59, 220)
(59, 93)
(59, 127)
(60, 133)
(60, 152)
(60, 153)
(60, 155)
(60, 157)
(60, 163)
(60, 178)
(60, 63)
(60, 68)
(60, 246)
(60, 70)
(60, 71)
(60, 202)
(60, 78)
(60, 81)
(60, 83)
(60, 206)
(60, 92)
(60, 94)
(60, 96)
(60, 99)
(60, 118)
(60, 247)
(60, 126)
(61, 129)
(61, 140)
(61, 147)
(61, 148)
(61, 166)
(61, 168)
(61, 171)
(61, 173)
(61, 179)
(61, 182)
(61, 188)
(61, 205)
(61, 207)
(61, 84)
(61, 216)
(61, 221)
(61, 226)
(61, 227)
(61, 231)
(61, 105)
(61, 108)
(61, 109)
(61, 239)
(61, 240)
(61, 241)
(62, 131)
(62, 134)
(62, 138)
(62, 144)
(62, 145)
(62, 153)
(62, 164)
(62, 172)
(62, 175)
(62, 69)
(62, 70)
(62, 71)
(62, 202)
(62, 206)
(62, 82)
(62, 83)
(62, 212)
(62, 78)
(62, 90)
(62, 104)
(62, 234)
(62, 237)
(62, 110)
(62, 113)
(62, 116)
(62, 117)
(63, 153)
(63, 152)
(63, 155)
(63, 157)
(63, 163)
(63, 178)
(63, 246)
(63, 202)
(63, 81)
(63, 83)
(63, 92)
(63, 94)
(63, 96)
(63, 118)
(64, 135)
(64, 141)
(64, 154)
(64, 169)
(64, 170)
(64, 190)
(64, 197)
(64, 204)
(64, 208)
(64, 89)
(64, 219)
(64, 222)
(64, 95)
(64, 228)
(64, 235)
(64, 238)
(64, 242)
(64, 243)
(64, 121)
(64, 122)
(64, 124)
(65, 192)
(65, 225)
(65, 196)
(65, 161)
(65, 107)
(65, 77)
(65, 146)
(65, 244)
(65, 120)
(65, 132)
(65, 218)
(65, 103)
(65, 156)
(65, 191)
(66, 135)
(66, 195)
(66, 149)
(66, 165)
(66, 190)
(66, 67)
(66, 201)
(66, 204)
(66, 208)
(66, 211)
(66, 215)
(66, 89)
(66, 222)
(66, 223)
(66, 228)
(66, 102)
(66, 106)
(66, 112)
(66, 122)
(66, 124)
(67, 128)
(67, 213)
(67, 135)
(67, 137)
(67, 143)
(67, 149)
(67, 165)
(67, 177)
(67, 190)
(67, 200)
(67, 201)
(67, 211)
(67, 85)
(67, 220)
(67, 93)
(67, 222)
(67, 233)
(67, 106)
(67, 111)
(67, 112)
(67, 119)
(67, 127)
(68, 133)
(68, 152)
(68, 157)
(68, 178)
(68, 118)
(68, 70)
(68, 202)
(68, 206)
(68, 81)
(68, 83)
(68, 212)
(68, 98)
(68, 227)
(68, 108)
(68, 110)
(68, 240)
(68, 241)
(68, 246)
(68, 247)
(68, 248)
(68, 126)
(69, 131)
(69, 134)
(69, 138)
(69, 144)
(69, 145)
(69, 164)
(69, 172)
(69, 174)
(69, 72)
(69, 73)
(69, 75)
(69, 82)
(69, 212)
(69, 215)
(69, 90)
(69, 230)
(69, 104)
(69, 237)
(69, 110)
(69, 113)
(69, 116)
(69, 117)
(70, 133)
(70, 138)
(70, 152)
(70, 153)
(70, 155)
(70, 157)
(70, 159)
(70, 164)
(70, 175)
(70, 71)
(70, 202)
(70, 206)
(70, 83)
(70, 212)
(70, 78)
(70, 90)
(70, 92)
(70, 96)
(70, 99)
(70, 104)
(70, 234)
(70, 237)
(70, 113)
(70, 116)
(70, 117)
(70, 246)
(70, 247)
(71, 138)
(71, 153)
(71, 155)
(71, 157)
(71, 159)
(71, 164)
(71, 175)
(71, 181)
(71, 185)
(71, 187)
(71, 202)
(71, 78)
(71, 79)
(71, 83)
(71, 212)
(71, 214)
(71, 90)
(71, 92)
(71, 96)
(71, 99)
(71, 104)
(71, 234)
(71, 237)
(71, 113)
(71, 116)
(71, 117)
(72, 131)
(72, 132)
(72, 134)
(72, 139)
(72, 144)
(72, 145)
(72, 146)
(72, 156)
(72, 161)
(72, 172)
(72, 174)
(72, 183)
(72, 196)
(72, 73)
(72, 75)
(72, 76)
(72, 77)
(72, 82)
(72, 90)
(72, 230)
(72, 103)
(72, 104)
(72, 107)
(72, 237)
(72, 113)
(73, 131)
(73, 132)
(73, 134)
(73, 139)
(73, 144)
(73, 146)
(73, 172)
(73, 183)
(73, 75)
(73, 77)
(73, 82)
(73, 103)
(73, 104)
(73, 107)
(73, 237)
(73, 113)
(73, 117)
(74, 133)
(74, 152)
(74, 163)
(74, 171)
(74, 178)
(74, 118)
(74, 203)
(74, 81)
(74, 94)
(74, 227)
(74, 108)
(74, 109)
(74, 245)
(74, 246)
(74, 247)
(74, 126)
(75, 131)
(75, 144)
(75, 145)
(75, 156)
(75, 161)
(75, 172)
(75, 174)
(75, 183)
(75, 196)
(75, 76)
(75, 77)
(75, 82)
(75, 230)
(75, 103)
(75, 107)
(76, 156)
(76, 161)
(76, 167)
(76, 174)
(76, 196)
(76, 200)
(76, 82)
(76, 220)
(76, 93)
(76, 111)
(76, 114)
(76, 119)
(76, 127)
(77, 131)
(77, 132)
(77, 134)
(77, 139)
(77, 144)
(77, 146)
(77, 156)
(77, 161)
(77, 172)
(77, 183)
(77, 82)
(77, 103)
(77, 104)
(77, 107)
(77, 113)
(77, 244)
(78, 138)
(78, 153)
(78, 155)
(78, 157)
(78, 159)
(78, 164)
(78, 175)
(78, 181)
(78, 185)
(78, 187)
(78, 202)
(78, 206)
(78, 79)
(78, 83)
(78, 212)
(78, 214)
(78, 90)
(78, 92)
(78, 96)
(78, 99)
(78, 104)
(78, 234)
(78, 237)
(78, 113)
(78, 116)
(78, 117)
(78, 246)
(79, 96)
(79, 155)
(79, 234)
(79, 175)
(79, 99)
(79, 181)
(79, 214)
(79, 153)
(79, 185)
(79, 187)
(79, 92)
(79, 159)
(80, 160)
(80, 130)
(80, 101)
(80, 169)
(80, 151)
(80, 141)
(80, 210)
(80, 243)
(80, 86)
(80, 217)
(80, 249)
(80, 233)
(81, 133)
(81, 152)
(81, 157)
(81, 163)
(81, 171)
(81, 178)
(81, 118)
(81, 203)
(81, 206)
(81, 94)
(81, 227)
(81, 108)
(81, 109)
(81, 245)
(81, 246)
(81, 247)
(81, 126)
(82, 131)
(82, 134)
(82, 144)
(82, 145)
(82, 156)
(82, 161)
(82, 172)
(82, 174)
(82, 183)
(82, 196)
(82, 90)
(82, 230)
(82, 103)
(82, 104)
(82, 107)
(82, 237)
(82, 113)
(83, 133)
(83, 138)
(83, 152)
(83, 153)
(83, 155)
(83, 157)
(83, 159)
(83, 163)
(83, 164)
(83, 175)
(83, 181)
(83, 202)
(83, 206)
(83, 212)
(83, 90)
(83, 92)
(83, 94)
(83, 96)
(83, 99)
(83, 104)
(83, 234)
(83, 237)
(83, 116)
(83, 117)
(83, 246)
(83, 247)
(84, 129)
(84, 136)
(84, 140)
(84, 88)
(84, 147)
(84, 148)
(84, 162)
(84, 168)
(84, 170)
(84, 173)
(84, 179)
(84, 182)
(84, 188)
(84, 193)
(84, 194)
(84, 205)
(84, 207)
(84, 216)
(84, 219)
(84, 100)
(84, 229)
(84, 231)
(84, 232)
(84, 235)
(84, 239)
(84, 125)
(85, 128)
(85, 199)
(85, 201)
(85, 87)
(85, 236)
(85, 143)
(85, 177)
(85, 180)
(85, 213)
(85, 150)
(85, 137)
(85, 91)
(85, 189)
(86, 160)
(86, 130)
(86, 210)
(86, 151)
(86, 249)
(86, 217)
(87, 128)
(87, 130)
(87, 143)
(87, 150)
(87, 160)
(87, 165)
(87, 177)
(87, 189)
(87, 190)
(87, 201)
(87, 204)
(87, 213)
(87, 217)
(87, 91)
(87, 101)
(87, 233)
(87, 236)
(87, 112)
(87, 243)
(87, 249)
(88, 193)
(88, 194)
(88, 100)
(88, 229)
(88, 162)
(88, 232)
(88, 129)
(88, 170)
(88, 235)
(88, 140)
(88, 205)
(88, 242)
(88, 182)
(88, 186)
(88, 219)
(88, 154)
(89, 228)
(89, 135)
(89, 170)
(89, 235)
(89, 204)
(89, 238)
(89, 208)
(89, 242)
(89, 154)
(89, 219)
(89, 124)
(89, 122)
(89, 222)
(90, 131)
(90, 134)
(90, 138)
(90, 144)
(90, 145)
(90, 164)
(90, 172)
(90, 202)
(90, 206)
(90, 212)
(90, 230)
(90, 104)
(90, 237)
(90, 110)
(90, 113)
(90, 116)
(90, 117)
(91, 128)
(91, 101)
(91, 236)
(91, 143)
(91, 177)
(91, 213)
(91, 150)
(91, 217)
(91, 249)
(91, 189)
(92, 152)
(92, 153)
(92, 155)
(92, 157)
(92, 159)
(92, 163)
(92, 175)
(92, 178)
(92, 181)
(92, 185)
(92, 202)
(92, 94)
(92, 96)
(92, 99)
(92, 234)
(92, 246)
(93, 137)
(93, 149)
(93, 176)
(93, 167)
(93, 174)
(93, 184)
(93, 196)
(93, 200)
(93, 201)
(93, 211)
(93, 220)
(93, 106)
(93, 111)
(93, 114)
(93, 119)
(93, 127)
(94, 153)
(94, 152)
(94, 155)
(94, 157)
(94, 163)
(94, 178)
(94, 246)
(94, 202)
(94, 206)
(94, 96)
(94, 118)
(94, 247)
(95, 197)
(95, 141)
(95, 238)
(95, 242)
(95, 151)
(95, 121)
(95, 154)
(95, 186)
(96, 152)
(96, 153)
(96, 155)
(96, 157)
(96, 159)
(96, 163)
(96, 175)
(96, 178)
(96, 181)
(96, 185)
(96, 202)
(96, 206)
(96, 99)
(96, 234)
(96, 246)
(97, 193)
(97, 226)
(97, 232)
(97, 125)
(97, 136)
(97, 221)
(97, 158)
(98, 133)
(98, 147)
(98, 166)
(98, 171)
(98, 173)
(98, 179)
(98, 188)
(98, 195)
(98, 206)
(98, 212)
(98, 102)
(98, 108)
(98, 110)
(98, 240)
(98, 241)
(98, 247)
(98, 248)
(98, 126)
(99, 138)
(99, 153)
(99, 155)
(99, 159)
(99, 164)
(99, 175)
(99, 181)
(99, 185)
(99, 187)
(99, 214)
(99, 104)
(99, 234)
(99, 113)
(99, 116)
(99, 117)
(100, 193)
(100, 194)
(100, 229)
(100, 162)
(100, 232)
(100, 170)
(100, 140)
(100, 205)
(100, 242)
(100, 182)
(100, 186)
(101, 130)
(101, 143)
(101, 150)
(101, 160)
(101, 165)
(101, 169)
(101, 177)
(101, 190)
(101, 201)
(101, 204)
(101, 210)
(101, 213)
(101, 217)
(101, 222)
(101, 233)
(101, 236)
(101, 112)
(101, 243)
(101, 249)
(102, 135)
(102, 147)
(102, 166)
(102, 188)
(102, 195)
(102, 208)
(102, 211)
(102, 215)
(102, 223)
(102, 228)
(102, 230)
(102, 110)
(102, 240)
(102, 248)
(102, 122)
(102, 124)
(103, 131)
(103, 132)
(103, 139)
(103, 146)
(103, 156)
(103, 161)
(103, 183)
(103, 196)
(103, 107)
(103, 244)
(103, 120)
(104, 131)
(104, 134)
(104, 138)
(104, 139)
(104, 144)
(104, 145)
(104, 164)
(104, 172)
(104, 175)
(104, 183)
(104, 212)
(104, 234)
(104, 107)
(104, 237)
(104, 113)
(104, 116)
(104, 117)
(105, 226)
(105, 227)
(105, 231)
(105, 136)
(105, 171)
(105, 203)
(105, 109)
(105, 125)
(105, 148)
(105, 245)
(105, 216)
(105, 221)
(106, 149)
(106, 228)
(106, 165)
(106, 135)
(106, 200)
(106, 201)
(106, 204)
(106, 190)
(106, 112)
(106, 211)
(106, 213)
(106, 215)
(106, 222)
(106, 223)
(107, 131)
(107, 132)
(107, 134)
(107, 139)
(107, 144)
(107, 146)
(107, 156)
(107, 161)
(107, 172)
(107, 183)
(107, 113)
(107, 244)
(108, 133)
(108, 147)
(108, 148)
(108, 152)
(108, 166)
(108, 171)
(108, 173)
(108, 179)
(108, 188)
(108, 203)
(108, 206)
(108, 227)
(108, 109)
(108, 110)
(108, 239)
(108, 240)
(108, 241)
(108, 245)
(108, 118)
(108, 247)
(108, 248)
(108, 126)
(109, 147)
(109, 148)
(109, 171)
(109, 173)
(109, 203)
(109, 216)
(109, 226)
(109, 227)
(109, 239)
(109, 241)
(109, 245)
(109, 118)
(109, 126)
(110, 133)
(110, 144)
(110, 145)
(110, 195)
(110, 202)
(110, 206)
(110, 212)
(110, 215)
(110, 230)
(110, 240)
(110, 241)
(110, 247)
(110, 248)
(111, 137)
(111, 149)
(111, 176)
(111, 167)
(111, 180)
(111, 184)
(111, 196)
(111, 198)
(111, 199)
(111, 200)
(111, 220)
(111, 114)
(111, 119)
(111, 127)
(112, 130)
(112, 135)
(112, 149)
(112, 165)
(112, 169)
(112, 177)
(112, 190)
(112, 201)
(112, 204)
(112, 213)
(112, 222)
(112, 228)
(112, 233)
(112, 243)
(113, 131)
(113, 134)
(113, 138)
(113, 139)
(113, 144)
(113, 145)
(113, 164)
(113, 172)
(113, 175)
(113, 183)
(113, 212)
(113, 234)
(113, 237)
(113, 116)
(113, 117)
(114, 196)
(114, 198)
(114, 199)
(114, 200)
(114, 137)
(114, 167)
(114, 176)
(114, 115)
(114, 180)
(114, 119)
(114, 184)
(114, 220)
(114, 127)
(115, 225)
(115, 198)
(115, 199)
(115, 167)
(115, 142)
(115, 176)
(115, 209)
(115, 180)
(115, 184)
(115, 123)
(115, 191)
(116, 131)
(116, 134)
(116, 138)
(116, 144)
(116, 145)
(116, 153)
(116, 159)
(116, 164)
(116, 172)
(116, 175)
(116, 183)
(116, 202)
(116, 212)
(116, 234)
(116, 237)
(116, 117)
(117, 131)
(117, 134)
(117, 138)
(117, 144)
(117, 153)
(117, 159)
(117, 164)
(117, 172)
(117, 175)
(117, 183)
(117, 181)
(117, 212)
(117, 234)
(117, 237)
(118, 133)
(118, 152)
(118, 157)
(118, 163)
(118, 171)
(118, 178)
(118, 202)
(118, 203)
(118, 206)
(118, 227)
(118, 245)
(118, 246)
(118, 247)
(118, 126)
(119, 137)
(119, 149)
(119, 156)
(119, 176)
(119, 167)
(119, 174)
(119, 184)
(119, 196)
(119, 200)
(119, 220)
(119, 127)
(120, 224)
(120, 225)
(120, 132)
(120, 161)
(120, 192)
(120, 209)
(120, 146)
(120, 244)
(120, 218)
(120, 123)
(120, 191)
(121, 194)
(121, 197)
(121, 170)
(121, 235)
(121, 141)
(121, 238)
(121, 242)
(121, 186)
(121, 154)
(122, 228)
(122, 166)
(122, 135)
(122, 124)
(122, 235)
(122, 238)
(122, 208)
(122, 190)
(122, 154)
(122, 219)
(122, 188)
(122, 222)
(122, 223)
(123, 224)
(123, 225)
(123, 192)
(123, 142)
(123, 209)
(123, 218)
(123, 191)
(124, 228)
(124, 135)
(124, 170)
(124, 235)
(124, 204)
(124, 238)
(124, 208)
(124, 190)
(124, 154)
(124, 219)
(124, 188)
(124, 222)
(125, 193)
(125, 226)
(125, 231)
(125, 232)
(125, 136)
(125, 216)
(125, 221)
(125, 158)
(126, 133)
(126, 152)
(126, 157)
(126, 163)
(126, 171)
(126, 178)
(126, 202)
(126, 203)
(126, 206)
(126, 227)
(126, 240)
(126, 241)
(126, 245)
(126, 246)
(126, 247)
(126, 248)
(127, 137)
(127, 149)
(127, 176)
(127, 167)
(127, 180)
(127, 184)
(127, 196)
(127, 198)
(127, 199)
(127, 200)
(127, 220)
(128, 199)
(128, 137)
(128, 236)
(128, 143)
(128, 177)
(128, 180)
(128, 213)
(128, 150)
(128, 189)
(129, 140)
(129, 147)
(129, 148)
(129, 154)
(129, 162)
(129, 166)
(129, 168)
(129, 170)
(129, 173)
(129, 179)
(129, 182)
(129, 188)
(129, 194)
(129, 205)
(129, 207)
(129, 208)
(129, 216)
(129, 219)
(129, 229)
(129, 231)
(129, 232)
(129, 235)
(129, 238)
(129, 239)
(129, 242)
(130, 141)
(130, 151)
(130, 160)
(130, 165)
(130, 169)
(130, 177)
(130, 190)
(130, 204)
(130, 210)
(130, 217)
(130, 222)
(130, 233)
(130, 243)
(130, 249)
(131, 132)
(131, 134)
(131, 138)
(131, 139)
(131, 144)
(131, 145)
(131, 146)
(131, 164)
(131, 172)
(131, 183)
(131, 237)
(132, 161)
(132, 139)
(132, 146)
(132, 244)
(132, 183)
(133, 152)
(133, 157)
(133, 178)
(133, 202)
(133, 206)
(133, 212)
(133, 227)
(133, 240)
(133, 241)
(133, 246)
(133, 247)
(133, 248)
(134, 138)
(134, 139)
(134, 144)
(134, 145)
(134, 164)
(134, 172)
(134, 183)
(134, 234)
(134, 237)
(135, 149)
(135, 165)
(135, 190)
(135, 195)
(135, 201)
(135, 204)
(135, 208)
(135, 211)
(135, 215)
(135, 222)
(135, 223)
(135, 228)
(135, 233)
(135, 238)
(136, 226)
(136, 231)
(136, 232)
(136, 148)
(136, 216)
(136, 221)
(136, 158)
(137, 143)
(137, 149)
(137, 176)
(137, 167)
(137, 180)
(137, 184)
(137, 198)
(137, 199)
(137, 200)
(137, 201)
(137, 220)
(138, 144)
(138, 153)
(138, 159)
(138, 164)
(138, 172)
(138, 175)
(138, 181)
(138, 187)
(138, 212)
(138, 234)
(138, 237)
(139, 172)
(139, 146)
(139, 183)
(140, 147)
(140, 148)
(140, 154)
(140, 162)
(140, 168)
(140, 170)
(140, 173)
(140, 179)
(140, 182)
(140, 188)
(140, 194)
(140, 205)
(140, 207)
(140, 216)
(140, 219)
(140, 229)
(140, 231)
(140, 232)
(140, 235)
(140, 238)
(140, 239)
(140, 242)
(141, 160)
(141, 197)
(141, 233)
(141, 151)
(141, 204)
(141, 210)
(141, 243)
(141, 169)
(142, 224)
(142, 225)
(142, 198)
(142, 192)
(142, 209)
(142, 218)
(142, 191)
(143, 199)
(143, 236)
(143, 177)
(143, 180)
(143, 213)
(143, 150)
(143, 249)
(143, 189)
(144, 145)
(144, 164)
(144, 172)
(144, 174)
(144, 183)
(144, 212)
(144, 230)
(144, 237)
(145, 164)
(145, 172)
(145, 174)
(145, 195)
(145, 212)
(145, 215)
(145, 230)
(145, 237)
(146, 161)
(146, 244)
(146, 183)
(147, 148)
(147, 166)
(147, 168)
(147, 171)
(147, 173)
(147, 179)
(147, 182)
(147, 188)
(147, 205)
(147, 207)
(147, 208)
(147, 216)
(147, 227)
(147, 231)
(147, 239)
(147, 240)
(147, 241)
(147, 248)
(148, 166)
(148, 168)
(148, 171)
(148, 173)
(148, 179)
(148, 182)
(148, 188)
(148, 205)
(148, 207)
(148, 216)
(148, 221)
(148, 226)
(148, 227)
(148, 231)
(148, 232)
(148, 239)
(148, 241)
(149, 174)
(149, 200)
(149, 201)
(149, 211)
(149, 213)
(149, 215)
(149, 220)
(149, 223)
(149, 228)
(150, 160)
(150, 236)
(150, 177)
(150, 213)
(150, 217)
(150, 249)
(150, 189)
(151, 160)
(151, 197)
(151, 169)
(151, 210)
(152, 155)
(152, 157)
(152, 163)
(152, 178)
(152, 202)
(152, 206)
(152, 212)
(152, 245)
(152, 246)
(152, 247)
(153, 155)
(153, 157)
(153, 159)
(153, 164)
(153, 175)
(153, 185)
(153, 187)
(153, 181)
(153, 202)
(153, 214)
(153, 234)
(153, 246)
(154, 170)
(154, 194)
(154, 197)
(154, 208)
(154, 219)
(154, 186)
(154, 229)
(154, 235)
(154, 238)
(154, 242)
(155, 157)
(155, 159)
(155, 163)
(155, 175)
(155, 178)
(155, 181)
(155, 185)
(155, 202)
(155, 234)
(155, 246)
(156, 161)
(156, 167)
(156, 174)
(156, 196)
(156, 200)
(156, 244)
(157, 163)
(157, 178)
(157, 202)
(157, 206)
(157, 212)
(157, 246)
(157, 247)
(158, 226)
(158, 232)
(158, 221)
(159, 164)
(159, 175)
(159, 181)
(159, 185)
(159, 187)
(159, 214)
(159, 234)
(160, 233)
(160, 177)
(160, 210)
(160, 243)
(160, 217)
(160, 249)
(160, 169)
(161, 167)
(161, 174)
(161, 196)
(161, 225)
(161, 244)
(162, 193)
(162, 194)
(162, 229)
(162, 232)
(162, 170)
(162, 235)
(162, 205)
(162, 242)
(162, 182)
(162, 186)
(163, 178)
(163, 202)
(163, 206)
(163, 245)
(163, 246)
(163, 247)
(164, 172)
(164, 175)
(164, 181)
(164, 202)
(164, 212)
(164, 234)
(164, 237)
(165, 169)
(165, 177)
(165, 190)
(165, 201)
(165, 204)
(165, 213)
(165, 222)
(165, 228)
(165, 233)
(165, 236)
(165, 243)
(166, 168)
(166, 171)
(166, 173)
(166, 179)
(166, 188)
(166, 207)
(166, 208)
(166, 239)
(166, 240)
(166, 241)
(166, 248)
(167, 176)
(167, 184)
(167, 196)
(167, 198)
(167, 200)
(167, 220)
(167, 225)
(168, 170)
(168, 171)
(168, 173)
(168, 179)
(168, 182)
(168, 188)
(168, 205)
(168, 207)
(168, 216)
(168, 219)
(168, 231)
(168, 232)
(168, 235)
(168, 239)
(168, 241)
(169, 233)
(169, 204)
(169, 177)
(169, 210)
(169, 243)
(169, 190)
(169, 217)
(169, 222)
(170, 179)
(170, 182)
(170, 194)
(170, 205)
(170, 207)
(170, 219)
(170, 186)
(170, 229)
(170, 235)
(170, 238)
(170, 242)
(171, 173)
(171, 179)
(171, 188)
(171, 203)
(171, 207)
(171, 216)
(171, 226)
(171, 227)
(171, 231)
(171, 239)
(171, 240)
(171, 241)
(171, 245)
(172, 183)
(172, 212)
(172, 237)
(173, 179)
(173, 182)
(173, 188)
(173, 205)
(173, 207)
(173, 216)
(173, 227)
(173, 231)
(173, 239)
(173, 240)
(173, 241)
(173, 248)
(174, 195)
(174, 196)
(174, 200)
(174, 211)
(174, 215)
(174, 223)
(174, 230)
(175, 181)
(175, 185)
(175, 187)
(175, 214)
(175, 234)
(175, 237)
(176, 225)
(176, 198)
(176, 199)
(176, 200)
(176, 180)
(176, 184)
(176, 220)
(177, 189)
(177, 190)
(177, 201)
(177, 204)
(177, 213)
(177, 217)
(177, 222)
(177, 233)
(177, 236)
(177, 243)
(177, 249)
(178, 202)
(178, 203)
(178, 206)
(178, 245)
(178, 246)
(178, 247)
(179, 182)
(179, 188)
(179, 205)
(179, 207)
(179, 208)
(179, 216)
(179, 219)
(179, 231)
(179, 235)
(179, 239)
(179, 240)
(179, 241)
(180, 198)
(180, 199)
(180, 184)
(180, 220)
(180, 189)
(181, 234)
(181, 214)
(181, 185)
(181, 187)
(182, 188)
(182, 193)
(182, 194)
(182, 205)
(182, 207)
(182, 216)
(182, 219)
(182, 229)
(182, 231)
(182, 232)
(182, 235)
(182, 239)
(182, 242)
(183, 237)
(184, 198)
(184, 199)
(184, 200)
(184, 220)
(185, 234)
(185, 214)
(185, 187)
(186, 194)
(186, 229)
(186, 235)
(186, 242)
(186, 197)
(187, 234)
(187, 214)
(188, 205)
(188, 207)
(188, 208)
(188, 216)
(188, 219)
(188, 231)
(188, 239)
(188, 240)
(188, 241)
(188, 248)
(189, 199)
(189, 236)
(189, 213)
(189, 249)
(190, 201)
(190, 204)
(190, 213)
(190, 222)
(190, 228)
(190, 233)
(190, 243)
(191, 224)
(191, 225)
(191, 192)
(191, 209)
(191, 244)
(191, 218)
(192, 224)
(192, 225)
(192, 209)
(192, 244)
(192, 218)
(193, 194)
(193, 229)
(193, 232)
(193, 205)
(194, 205)
(194, 219)
(194, 229)
(194, 232)
(194, 235)
(194, 238)
(194, 242)
(195, 230)
(195, 211)
(195, 215)
(195, 248)
(195, 223)
(196, 200)
(196, 220)
(197, 242)
(198, 199)
(198, 220)
(200, 201)
(200, 211)
(200, 220)
(200, 223)
(201, 204)
(201, 213)
(201, 222)
(201, 228)
(201, 233)
(202, 206)
(202, 212)
(202, 237)
(202, 246)
(202, 247)
(203, 226)
(203, 227)
(203, 245)
(204, 210)
(204, 213)
(204, 222)
(204, 228)
(204, 233)
(204, 243)
(205, 207)
(205, 216)
(205, 219)
(205, 229)
(205, 231)
(205, 232)
(205, 235)
(205, 239)
(206, 212)
(206, 240)
(206, 246)
(206, 247)
(206, 248)
(207, 216)
(207, 219)
(207, 229)
(207, 231)
(207, 232)
(207, 235)
(207, 239)
(207, 241)
(208, 219)
(208, 223)
(208, 228)
(208, 235)
(208, 238)
(209, 224)
(209, 225)
(209, 218)
(210, 233)
(210, 243)
(210, 249)
(210, 217)
(211, 228)
(211, 230)
(211, 215)
(211, 223)
(212, 230)
(212, 237)
(212, 247)
(212, 248)
(213, 222)
(213, 233)
(213, 236)
(213, 243)
(213, 249)
(214, 234)
(215, 230)
(215, 248)
(215, 223)
(216, 221)
(216, 226)
(216, 231)
(216, 232)
(216, 239)
(217, 233)
(217, 236)
(217, 243)
(217, 249)
(218, 224)
(218, 225)
(218, 244)
(219, 229)
(219, 235)
(219, 238)
(219, 242)
(221, 226)
(221, 231)
(222, 228)
(222, 233)
(222, 243)
(223, 228)
(223, 230)
(224, 225)
(224, 244)
(225, 244)
(226, 227)
(226, 231)
(227, 239)
(227, 240)
(227, 241)
(227, 245)
(227, 247)
(228, 233)
(228, 238)
(228, 243)
(229, 232)
(229, 235)
(229, 242)
(230, 248)
(231, 232)
(231, 239)
(232, 239)
(233, 236)
(233, 243)
(233, 249)
(234, 237)
(235, 238)
(235, 242)
(236, 249)
(238, 242)
(239, 241)
(240, 241)
(240, 247)
(240, 248)
(241, 247)
(241, 248)
(243, 249)
(245, 247)
(246, 247)
(247, 248)
