#Nodes
0
1
2
3
4
5
6
7
8
9
10
11
12
13
14
15
16
17
18
19
20
21
22
23
24
25
26
27
28
29
30
31
32
33
34
35
36
37
38
39
40
41
42
43
44
45
46
47
48
49
50
51
52
53
54
55
56
57
58
59
60
61
62
63
64
65
66
67
68
69
70
71
72
73
74
75
76
77
78
79
80
81
82
83
84
85
86
87
88
89
90
91
92
93
94
95
96
97
98
99
100
101
102
103
104
105
106
107
108
109
110
111
112
113
114
115
116
117
118
119
120
121
122
123
124
125
126
127
128
129
130
131
132
133
134
135
136
137
138
139
140
141
142
143
144
145
146
147
148
149
150
151
152
153
154
155
156
157
158
159
160
161
162
163
164
165
166
167
168
169
170
171
172
173
174
175
176
177
178
179
180
181
182
183
184
185
186
187
188
189
190
191
192
193
194
195
196
197
198
199
200
201
202
203
204
205
206
207
208
209
210
211
212
213
214
215
216
217
218
219
220
221
222
223
224
225
226
227
228
229
230
231
232
233
234
235
236
237
238
239
240
241
242
243
244
245
246
247
248
249
250
251
252
253
254
255
256
257
258
259
260
261
262
263
264
265
266
267
268
269
270
271
272
273
274
275
276
277
278
279
280
281
282
283
284
285
286
287
288
289
290
291
292
293
294
295
296
297
298
299
300
301
302
303
304
305
306
307
308
309
310
311
312
313
314
315
316
317
318
319
320
321
322
323
324
325
326
327
328
329
330
331
332
333
334
335
336
337
338
339
340
341
342
343
344
345
346
347
348
349
350
351
352
353
354
355
356
357
358
359
360
361
362
363
364
365
366
367
368
369
370
371
372
373
374
375
376
377
378
379
380
381
382
383
384
385
386
387
388
389
390
391
392
393
394
395
396
397
398
399
#Edges
(0, 1)
(0, 130)
(0, 260)
(0, 264)
(0, 137)
(0, 268)
(0, 142)
(0, 274)
(0, 25)
(0, 283)
(0, 287)
(0, 33)
(0, 27)
(0, 31)
(0, 348)
(0, 42)
(0, 174)
(0, 93)
(0, 159)
(0, 190)
(0, 320)
(0, 194)
(0, 69)
(0, 328)
(0, 74)
(0, 214)
(0, 345)
(0, 220)
(0, 349)
(0, 94)
(0, 96)
(0, 98)
(0, 100)
(0, 229)
(0, 102)
(0, 107)
(0, 243)
(0, 373)
(0, 119)
(0, 248)
(0, 249)
(0, 253)
(1, 386)
(1, 260)
(1, 263)
(1, 268)
(1, 141)
(1, 142)
(1, 271)
(1, 174)
(1, 150)
(1, 25)
(1, 283)
(1, 287)
(1, 33)
(1, 31)
(1, 159)
(1, 302)
(1, 93)
(1, 178)
(1, 315)
(1, 190)
(1, 320)
(1, 194)
(1, 328)
(1, 74)
(1, 2)
(1, 79)
(1, 214)
(1, 215)
(1, 345)
(1, 348)
(1, 349)
(1, 352)
(1, 98)
(1, 100)
(1, 229)
(1, 358)
(1, 102)
(1, 373)
(1, 119)
(1, 248)
(1, 378)
(1, 253)
(1, 383)
(2, 260)
(2, 263)
(2, 136)
(2, 271)
(2, 148)
(2, 152)
(2, 159)
(2, 294)
(2, 39)
(2, 31)
(2, 174)
(2, 304)
(2, 178)
(2, 287)
(2, 60)
(2, 224)
(2, 74)
(2, 214)
(2, 215)
(2, 352)
(2, 102)
(2, 121)
(2, 378)
(2, 383)
(3, 133)
(3, 12)
(3, 15)
(3, 45)
(3, 238)
(3, 153)
(3, 196)
(3, 290)
(3, 36)
(3, 301)
(3, 47)
(3, 181)
(3, 54)
(3, 185)
(3, 191)
(3, 66)
(3, 324)
(3, 326)
(3, 72)
(3, 85)
(3, 91)
(3, 95)
(3, 101)
(3, 361)
(3, 364)
(3, 110)
(3, 372)
(3, 319)
(3, 281)
(3, 381)
(3, 126)
(4, 131)
(4, 388)
(4, 5)
(4, 6)
(4, 391)
(4, 393)
(4, 139)
(4, 14)
(4, 145)
(4, 146)
(4, 21)
(4, 23)
(4, 160)
(4, 34)
(4, 369)
(4, 300)
(4, 176)
(4, 51)
(4, 265)
(4, 58)
(4, 59)
(4, 64)
(4, 199)
(4, 76)
(4, 217)
(4, 90)
(4, 251)
(4, 356)
(4, 17)
(4, 105)
(4, 108)
(4, 241)
(4, 244)
(4, 123)
(4, 127)
(5, 131)
(5, 388)
(5, 393)
(5, 139)
(5, 14)
(5, 145)
(5, 146)
(5, 217)
(5, 34)
(5, 369)
(5, 45)
(5, 47)
(5, 51)
(5, 9)
(5, 59)
(5, 64)
(5, 325)
(5, 199)
(5, 89)
(5, 90)
(5, 354)
(5, 251)
(5, 356)
(5, 17)
(5, 108)
(5, 241)
(5, 372)
(5, 123)
(6, 258)
(6, 131)
(6, 391)
(6, 393)
(6, 397)
(6, 63)
(6, 34)
(6, 145)
(6, 146)
(6, 21)
(6, 217)
(6, 27)
(6, 30)
(6, 290)
(6, 36)
(6, 326)
(6, 43)
(6, 300)
(6, 45)
(6, 54)
(6, 55)
(6, 185)
(6, 70)
(6, 191)
(6, 64)
(6, 196)
(6, 69)
(6, 198)
(6, 199)
(6, 77)
(6, 82)
(6, 14)
(6, 228)
(6, 90)
(6, 91)
(6, 226)
(6, 123)
(6, 356)
(6, 17)
(6, 361)
(6, 107)
(6, 369)
(6, 372)
(6, 379)
(6, 381)
(6, 254)
(7, 384)
(7, 129)
(7, 261)
(7, 134)
(7, 138)
(7, 395)
(7, 270)
(7, 275)
(7, 22)
(7, 282)
(7, 154)
(7, 286)
(7, 161)
(7, 165)
(7, 41)
(7, 298)
(7, 71)
(7, 175)
(7, 115)
(7, 52)
(7, 56)
(7, 313)
(7, 317)
(7, 19)
(7, 193)
(7, 68)
(7, 327)
(7, 201)
(7, 78)
(7, 338)
(7, 339)
(7, 213)
(7, 342)
(7, 218)
(7, 37)
(7, 223)
(7, 97)
(7, 363)
(7, 236)
(7, 366)
(7, 368)
(7, 371)
(7, 116)
(7, 117)
(7, 375)
(7, 125)
(7, 382)
(7, 255)
(8, 256)
(8, 192)
(8, 386)
(8, 260)
(8, 150)
(8, 263)
(8, 10)
(8, 13)
(8, 269)
(8, 142)
(8, 15)
(8, 278)
(8, 24)
(8, 26)
(8, 28)
(8, 158)
(8, 33)
(8, 292)
(8, 65)
(8, 297)
(8, 170)
(8, 302)
(8, 200)
(8, 307)
(8, 55)
(8, 315)
(8, 245)
(8, 320)
(8, 321)
(8, 198)
(8, 328)
(8, 329)
(8, 75)
(8, 334)
(8, 141)
(8, 208)
(8, 337)
(8, 82)
(8, 215)
(8, 100)
(8, 79)
(8, 348)
(8, 349)
(8, 355)
(8, 228)
(8, 358)
(8, 63)
(8, 365)
(8, 373)
(8, 378)
(8, 379)
(8, 253)
(8, 254)
(8, 383)
(9, 388)
(9, 262)
(9, 393)
(9, 139)
(9, 14)
(9, 145)
(9, 146)
(9, 217)
(9, 34)
(9, 369)
(9, 45)
(9, 47)
(9, 51)
(9, 59)
(9, 64)
(9, 325)
(9, 199)
(9, 340)
(9, 89)
(9, 90)
(9, 91)
(9, 354)
(9, 251)
(9, 356)
(9, 17)
(9, 108)
(9, 241)
(9, 372)
(9, 123)
(10, 256)
(10, 192)
(10, 386)
(10, 261)
(10, 65)
(10, 13)
(10, 269)
(10, 142)
(10, 15)
(10, 150)
(10, 24)
(10, 26)
(10, 28)
(10, 158)
(10, 292)
(10, 297)
(10, 170)
(10, 302)
(10, 54)
(10, 55)
(10, 315)
(10, 319)
(10, 320)
(10, 321)
(10, 323)
(10, 198)
(10, 200)
(10, 329)
(10, 75)
(10, 126)
(10, 334)
(10, 141)
(10, 208)
(10, 337)
(10, 82)
(10, 87)
(10, 349)
(10, 355)
(10, 228)
(10, 358)
(10, 63)
(10, 363)
(10, 365)
(10, 245)
(10, 377)
(10, 379)
(10, 253)
(10, 254)
(11, 262)
(11, 266)
(11, 140)
(11, 144)
(11, 216)
(11, 276)
(11, 149)
(11, 280)
(11, 155)
(11, 32)
(11, 293)
(11, 171)
(11, 303)
(11, 195)
(11, 330)
(11, 209)
(11, 211)
(11, 340)
(11, 344)
(11, 359)
(11, 235)
(11, 112)
(11, 374)
(11, 247)
(11, 250)
(12, 132)
(12, 133)
(12, 15)
(12, 110)
(12, 281)
(12, 153)
(12, 36)
(12, 168)
(12, 297)
(12, 301)
(12, 181)
(12, 54)
(12, 95)
(12, 319)
(12, 66)
(12, 323)
(12, 324)
(12, 326)
(12, 72)
(12, 78)
(12, 85)
(12, 223)
(12, 101)
(12, 232)
(12, 362)
(12, 364)
(12, 238)
(12, 239)
(12, 115)
(12, 118)
(12, 381)
(12, 126)
(13, 256)
(13, 386)
(13, 65)
(13, 258)
(13, 142)
(13, 15)
(13, 141)
(13, 269)
(13, 150)
(13, 24)
(13, 26)
(13, 27)
(13, 28)
(13, 158)
(13, 292)
(13, 198)
(13, 297)
(13, 170)
(13, 43)
(13, 302)
(13, 30)
(13, 54)
(13, 55)
(13, 185)
(13, 315)
(13, 70)
(13, 319)
(13, 320)
(13, 321)
(13, 323)
(13, 326)
(13, 77)
(13, 200)
(13, 329)
(13, 75)
(13, 126)
(13, 334)
(13, 397)
(13, 245)
(13, 337)
(13, 82)
(13, 100)
(13, 349)
(13, 208)
(13, 226)
(13, 355)
(13, 228)
(13, 63)
(13, 191)
(13, 373)
(13, 377)
(13, 379)
(13, 253)
(13, 254)
(14, 131)
(14, 388)
(14, 393)
(14, 139)
(14, 145)
(14, 146)
(14, 21)
(14, 89)
(14, 290)
(14, 369)
(14, 300)
(14, 45)
(14, 47)
(14, 51)
(14, 59)
(14, 64)
(14, 196)
(14, 325)
(14, 199)
(14, 34)
(14, 217)
(14, 90)
(14, 91)
(14, 354)
(14, 251)
(14, 356)
(14, 17)
(14, 108)
(14, 241)
(14, 372)
(14, 123)
(15, 256)
(15, 261)
(15, 65)
(15, 269)
(15, 24)
(15, 154)
(15, 26)
(15, 158)
(15, 292)
(15, 198)
(15, 297)
(15, 43)
(15, 54)
(15, 56)
(15, 185)
(15, 315)
(15, 319)
(15, 321)
(15, 323)
(15, 326)
(15, 329)
(15, 75)
(15, 334)
(15, 141)
(15, 337)
(15, 82)
(15, 85)
(15, 87)
(15, 223)
(15, 355)
(15, 228)
(15, 63)
(15, 362)
(15, 363)
(15, 364)
(15, 110)
(15, 239)
(15, 115)
(15, 126)
(15, 118)
(15, 377)
(15, 191)
(15, 381)
(15, 254)
(16, 128)
(16, 44)
(16, 144)
(16, 273)
(16, 20)
(16, 280)
(16, 162)
(16, 164)
(16, 40)
(16, 169)
(16, 171)
(16, 172)
(16, 301)
(16, 46)
(16, 179)
(16, 309)
(16, 312)
(16, 186)
(16, 188)
(16, 197)
(16, 72)
(16, 204)
(16, 210)
(16, 83)
(16, 86)
(16, 92)
(16, 225)
(16, 227)
(16, 359)
(16, 360)
(16, 106)
(16, 231)
(16, 237)
(16, 114)
(16, 374)
(16, 247)
(16, 376)
(17, 131)
(17, 388)
(17, 391)
(17, 393)
(17, 139)
(17, 397)
(17, 145)
(17, 146)
(17, 21)
(17, 89)
(17, 290)
(17, 241)
(17, 300)
(17, 51)
(17, 265)
(17, 23)
(17, 58)
(17, 59)
(17, 64)
(17, 70)
(17, 199)
(17, 34)
(17, 217)
(17, 90)
(17, 354)
(17, 251)
(17, 356)
(17, 108)
(17, 369)
(17, 372)
(17, 123)
(18, 132)
(18, 133)
(18, 134)
(18, 44)
(18, 138)
(18, 395)
(18, 20)
(18, 277)
(18, 111)
(18, 289)
(18, 164)
(18, 165)
(18, 38)
(18, 168)
(18, 169)
(18, 172)
(18, 46)
(18, 305)
(18, 306)
(18, 179)
(18, 52)
(18, 312)
(18, 186)
(18, 188)
(18, 189)
(18, 193)
(18, 66)
(18, 324)
(18, 197)
(18, 204)
(18, 202)
(18, 332)
(18, 78)
(18, 184)
(18, 210)
(18, 83)
(18, 343)
(18, 350)
(18, 223)
(18, 230)
(18, 231)
(18, 232)
(18, 362)
(18, 236)
(18, 237)
(18, 239)
(18, 240)
(18, 104)
(18, 115)
(18, 118)
(18, 376)
(18, 122)
(18, 106)
(19, 257)
(19, 259)
(19, 390)
(19, 129)
(19, 398)
(19, 22)
(19, 282)
(19, 284)
(19, 286)
(19, 161)
(19, 163)
(19, 296)
(19, 175)
(19, 48)
(19, 313)
(19, 316)
(19, 62)
(19, 67)
(19, 336)
(19, 338)
(19, 339)
(19, 213)
(19, 218)
(19, 99)
(19, 380)
(19, 366)
(19, 368)
(19, 371)
(19, 116)
(19, 117)
(19, 252)
(19, 382)
(20, 128)
(20, 44)
(20, 144)
(20, 273)
(20, 162)
(20, 164)
(20, 40)
(20, 169)
(20, 172)
(20, 301)
(20, 46)
(20, 179)
(20, 309)
(20, 312)
(20, 186)
(20, 188)
(20, 189)
(20, 181)
(20, 324)
(20, 197)
(20, 72)
(20, 332)
(20, 204)
(20, 184)
(20, 210)
(20, 83)
(20, 86)
(20, 92)
(20, 350)
(20, 225)
(20, 227)
(20, 101)
(20, 231)
(20, 360)
(20, 106)
(20, 237)
(20, 114)
(20, 374)
(20, 376)
(21, 258)
(21, 131)
(21, 388)
(21, 391)
(21, 393)
(21, 139)
(21, 397)
(21, 34)
(21, 145)
(21, 23)
(21, 27)
(21, 30)
(21, 160)
(21, 290)
(21, 369)
(21, 43)
(21, 300)
(21, 51)
(21, 265)
(21, 58)
(21, 59)
(21, 64)
(21, 69)
(21, 70)
(21, 199)
(21, 76)
(21, 77)
(21, 217)
(21, 90)
(21, 226)
(21, 251)
(21, 356)
(21, 105)
(21, 107)
(21, 108)
(21, 241)
(21, 244)
(21, 123)
(22, 384)
(22, 257)
(22, 213)
(22, 134)
(22, 129)
(22, 138)
(22, 395)
(22, 270)
(22, 282)
(22, 284)
(22, 286)
(22, 289)
(22, 163)
(22, 165)
(22, 38)
(22, 41)
(22, 298)
(22, 71)
(22, 175)
(22, 48)
(22, 52)
(22, 182)
(22, 183)
(22, 56)
(22, 313)
(22, 317)
(22, 193)
(22, 327)
(22, 201)
(22, 205)
(22, 78)
(22, 338)
(22, 339)
(22, 341)
(22, 342)
(22, 218)
(22, 37)
(22, 97)
(22, 230)
(22, 161)
(22, 236)
(22, 366)
(22, 368)
(22, 371)
(22, 116)
(22, 117)
(22, 122)
(22, 125)
(22, 382)
(22, 255)
(23, 388)
(23, 391)
(23, 393)
(23, 394)
(23, 399)
(23, 145)
(23, 274)
(23, 137)
(23, 90)
(23, 160)
(23, 34)
(23, 291)
(23, 300)
(23, 176)
(23, 180)
(23, 265)
(23, 58)
(23, 59)
(23, 69)
(23, 76)
(23, 333)
(23, 346)
(23, 105)
(23, 369)
(23, 243)
(23, 244)
(23, 249)
(23, 251)
(23, 127)
(24, 256)
(24, 261)
(24, 65)
(24, 269)
(24, 275)
(24, 278)
(24, 150)
(24, 154)
(24, 28)
(24, 26)
(24, 158)
(24, 35)
(24, 292)
(24, 295)
(24, 297)
(24, 170)
(24, 302)
(24, 177)
(24, 307)
(24, 56)
(24, 315)
(24, 192)
(24, 321)
(24, 323)
(24, 198)
(24, 200)
(24, 329)
(24, 75)
(24, 126)
(24, 334)
(24, 141)
(24, 208)
(24, 337)
(24, 82)
(24, 87)
(24, 80)
(24, 355)
(24, 228)
(24, 358)
(24, 363)
(24, 365)
(24, 245)
(24, 375)
(24, 377)
(24, 254)
(25, 386)
(25, 260)
(25, 264)
(25, 137)
(25, 268)
(25, 258)
(25, 142)
(25, 274)
(25, 283)
(25, 287)
(25, 33)
(25, 27)
(25, 31)
(25, 348)
(25, 42)
(25, 174)
(25, 93)
(25, 180)
(25, 159)
(25, 190)
(25, 320)
(25, 194)
(25, 69)
(25, 130)
(25, 328)
(25, 214)
(25, 345)
(25, 220)
(25, 349)
(25, 94)
(25, 96)
(25, 98)
(25, 100)
(25, 229)
(25, 102)
(25, 107)
(25, 243)
(25, 373)
(25, 119)
(25, 248)
(25, 249)
(25, 253)
(26, 256)
(26, 261)
(26, 65)
(26, 392)
(26, 269)
(26, 275)
(26, 154)
(26, 28)
(26, 158)
(26, 35)
(26, 292)
(26, 37)
(26, 166)
(26, 295)
(26, 297)
(26, 298)
(26, 302)
(26, 177)
(26, 50)
(26, 308)
(26, 56)
(26, 313)
(26, 317)
(26, 319)
(26, 192)
(26, 321)
(26, 323)
(26, 68)
(26, 200)
(26, 329)
(26, 75)
(26, 334)
(26, 208)
(26, 337)
(26, 342)
(26, 87)
(26, 97)
(26, 355)
(26, 80)
(26, 363)
(26, 365)
(26, 125)
(26, 370)
(26, 245)
(26, 375)
(26, 377)
(26, 170)
(26, 126)
(27, 386)
(27, 391)
(27, 268)
(27, 258)
(27, 142)
(27, 141)
(27, 283)
(27, 30)
(27, 33)
(27, 70)
(27, 220)
(27, 43)
(27, 300)
(27, 55)
(27, 185)
(27, 315)
(27, 190)
(27, 191)
(27, 320)
(27, 321)
(27, 194)
(27, 69)
(27, 198)
(27, 77)
(27, 328)
(27, 98)
(27, 397)
(27, 82)
(27, 345)
(27, 348)
(27, 349)
(27, 100)
(27, 96)
(27, 226)
(27, 228)
(27, 63)
(27, 107)
(27, 243)
(27, 373)
(27, 119)
(27, 248)
(27, 379)
(27, 253)
(27, 254)
(28, 256)
(28, 192)
(28, 386)
(28, 389)
(28, 263)
(28, 87)
(28, 269)
(28, 278)
(28, 151)
(28, 158)
(28, 261)
(28, 33)
(28, 35)
(28, 292)
(28, 166)
(28, 295)
(28, 170)
(28, 302)
(28, 177)
(28, 307)
(28, 314)
(28, 315)
(28, 65)
(28, 320)
(28, 321)
(28, 198)
(28, 200)
(28, 329)
(28, 75)
(28, 334)
(28, 141)
(28, 208)
(28, 337)
(28, 215)
(28, 88)
(28, 79)
(28, 80)
(28, 355)
(28, 228)
(28, 358)
(28, 363)
(28, 365)
(28, 150)
(28, 245)
(28, 377)
(28, 378)
(28, 253)
(28, 254)
(28, 383)
(29, 387)
(29, 389)
(29, 392)
(29, 151)
(29, 398)
(29, 272)
(29, 259)
(29, 278)
(29, 279)
(29, 156)
(29, 157)
(29, 35)
(29, 166)
(29, 295)
(29, 173)
(29, 177)
(29, 50)
(29, 308)
(29, 311)
(29, 57)
(29, 314)
(29, 187)
(29, 318)
(29, 68)
(29, 49)
(29, 203)
(29, 80)
(29, 81)
(29, 212)
(29, 88)
(29, 219)
(29, 222)
(29, 351)
(29, 103)
(29, 233)
(29, 167)
(29, 109)
(29, 367)
(29, 113)
(29, 370)
(29, 246)
(29, 84)
(30, 256)
(30, 386)
(30, 131)
(30, 391)
(30, 268)
(30, 258)
(30, 142)
(30, 141)
(30, 283)
(30, 33)
(30, 290)
(30, 198)
(30, 297)
(30, 43)
(30, 300)
(30, 54)
(30, 55)
(30, 185)
(30, 315)
(30, 70)
(30, 191)
(30, 320)
(30, 321)
(30, 194)
(30, 69)
(30, 326)
(30, 77)
(30, 328)
(30, 329)
(30, 98)
(30, 397)
(30, 82)
(30, 220)
(30, 345)
(30, 348)
(30, 349)
(30, 100)
(30, 96)
(30, 226)
(30, 228)
(30, 63)
(30, 107)
(30, 373)
(30, 379)
(30, 253)
(30, 254)
(31, 386)
(31, 260)
(31, 263)
(31, 268)
(31, 130)
(31, 142)
(31, 271)
(31, 150)
(31, 283)
(31, 287)
(31, 33)
(31, 42)
(31, 174)
(31, 93)
(31, 178)
(31, 159)
(31, 190)
(31, 320)
(31, 194)
(31, 328)
(31, 74)
(31, 79)
(31, 214)
(31, 215)
(31, 345)
(31, 348)
(31, 349)
(31, 352)
(31, 100)
(31, 229)
(31, 358)
(31, 102)
(31, 373)
(31, 119)
(31, 248)
(31, 378)
(31, 253)
(31, 383)
(32, 128)
(32, 266)
(32, 140)
(32, 144)
(32, 273)
(32, 276)
(32, 149)
(32, 280)
(32, 155)
(32, 231)
(32, 162)
(32, 293)
(32, 40)
(32, 92)
(32, 171)
(32, 172)
(32, 301)
(32, 303)
(32, 309)
(32, 195)
(32, 72)
(32, 330)
(32, 204)
(32, 209)
(32, 211)
(32, 340)
(32, 86)
(32, 344)
(32, 216)
(32, 95)
(32, 225)
(32, 227)
(32, 101)
(32, 359)
(32, 360)
(32, 235)
(32, 112)
(32, 114)
(32, 374)
(32, 247)
(32, 250)
(33, 386)
(33, 260)
(33, 263)
(33, 268)
(33, 258)
(33, 142)
(33, 271)
(33, 174)
(33, 150)
(33, 283)
(33, 287)
(33, 220)
(33, 159)
(33, 302)
(33, 178)
(33, 55)
(33, 315)
(33, 190)
(33, 320)
(33, 100)
(33, 194)
(33, 198)
(33, 328)
(33, 329)
(33, 74)
(33, 77)
(33, 141)
(33, 208)
(33, 82)
(33, 214)
(33, 215)
(33, 345)
(33, 79)
(33, 348)
(33, 349)
(33, 98)
(33, 228)
(33, 102)
(33, 358)
(33, 107)
(33, 373)
(33, 119)
(33, 248)
(33, 378)
(33, 379)
(33, 253)
(33, 254)
(33, 383)
(34, 131)
(34, 388)
(34, 391)
(34, 393)
(34, 139)
(34, 397)
(34, 145)
(34, 146)
(34, 89)
(34, 290)
(34, 241)
(34, 43)
(34, 300)
(34, 45)
(34, 51)
(34, 59)
(34, 191)
(34, 64)
(34, 196)
(34, 70)
(34, 199)
(34, 226)
(34, 217)
(34, 90)
(34, 91)
(34, 354)
(34, 123)
(34, 356)
(34, 361)
(34, 108)
(34, 369)
(34, 372)
(34, 251)
(35, 389)
(35, 81)
(35, 392)
(35, 269)
(35, 398)
(35, 275)
(35, 278)
(35, 282)
(35, 156)
(35, 167)
(35, 158)
(35, 261)
(35, 292)
(35, 166)
(35, 295)
(35, 298)
(35, 154)
(35, 175)
(35, 177)
(35, 50)
(35, 307)
(35, 308)
(35, 57)
(35, 56)
(35, 313)
(35, 317)
(35, 192)
(35, 65)
(35, 75)
(35, 68)
(35, 200)
(35, 203)
(35, 334)
(35, 208)
(35, 337)
(35, 84)
(35, 342)
(35, 87)
(35, 88)
(35, 351)
(35, 97)
(35, 355)
(35, 103)
(35, 80)
(35, 363)
(35, 125)
(35, 365)
(35, 367)
(35, 157)
(35, 370)
(35, 245)
(35, 246)
(35, 375)
(35, 377)
(35, 170)
(36, 131)
(36, 133)
(36, 45)
(36, 146)
(36, 110)
(36, 281)
(36, 153)
(36, 47)
(36, 290)
(36, 43)
(36, 301)
(36, 303)
(36, 181)
(36, 54)
(36, 185)
(36, 191)
(36, 64)
(36, 196)
(36, 326)
(36, 85)
(36, 217)
(36, 91)
(36, 95)
(36, 226)
(36, 356)
(36, 101)
(36, 361)
(36, 364)
(36, 238)
(36, 372)
(36, 123)
(36, 381)
(36, 126)
(37, 384)
(37, 261)
(37, 134)
(37, 138)
(37, 395)
(37, 270)
(37, 275)
(37, 154)
(37, 165)
(37, 168)
(37, 41)
(37, 298)
(37, 71)
(37, 175)
(37, 50)
(37, 52)
(37, 56)
(37, 313)
(37, 317)
(37, 319)
(37, 66)
(37, 323)
(37, 68)
(37, 327)
(37, 78)
(37, 337)
(37, 338)
(37, 213)
(37, 342)
(37, 87)
(37, 223)
(37, 97)
(37, 355)
(37, 104)
(37, 362)
(37, 363)
(37, 236)
(37, 365)
(37, 239)
(37, 115)
(37, 116)
(37, 118)
(37, 375)
(37, 377)
(37, 125)
(37, 126)
(37, 255)
(38, 129)
(38, 134)
(38, 138)
(38, 395)
(38, 270)
(38, 277)
(38, 286)
(38, 289)
(38, 164)
(38, 165)
(38, 305)
(38, 41)
(38, 71)
(38, 368)
(38, 306)
(38, 52)
(38, 182)
(38, 183)
(38, 184)
(38, 189)
(38, 193)
(38, 161)
(38, 201)
(38, 202)
(38, 205)
(38, 335)
(38, 338)
(38, 341)
(38, 343)
(38, 350)
(38, 357)
(38, 230)
(38, 104)
(38, 236)
(38, 111)
(38, 240)
(38, 371)
(38, 117)
(38, 122)
(38, 382)
(39, 385)
(39, 263)
(39, 136)
(39, 396)
(39, 271)
(39, 272)
(39, 148)
(39, 151)
(39, 152)
(39, 285)
(39, 294)
(39, 299)
(39, 304)
(39, 178)
(39, 53)
(39, 314)
(39, 187)
(39, 60)
(39, 74)
(39, 224)
(39, 322)
(39, 73)
(39, 79)
(39, 206)
(39, 207)
(39, 347)
(39, 221)
(39, 352)
(39, 234)
(39, 242)
(39, 121)
(39, 378)
(39, 124)
(39, 383)
(40, 128)
(40, 44)
(40, 140)
(40, 144)
(40, 273)
(40, 276)
(40, 280)
(40, 162)
(40, 164)
(40, 169)
(40, 171)
(40, 172)
(40, 301)
(40, 46)
(40, 179)
(40, 309)
(40, 312)
(40, 186)
(40, 188)
(40, 181)
(40, 324)
(40, 197)
(40, 72)
(40, 330)
(40, 204)
(40, 210)
(40, 211)
(40, 86)
(40, 344)
(40, 92)
(40, 95)
(40, 225)
(40, 227)
(40, 101)
(40, 359)
(40, 360)
(40, 106)
(40, 231)
(40, 237)
(40, 114)
(40, 83)
(40, 374)
(40, 247)
(40, 376)
(41, 384)
(41, 129)
(41, 213)
(41, 134)
(41, 138)
(41, 395)
(41, 270)
(41, 282)
(41, 154)
(41, 286)
(41, 289)
(41, 165)
(41, 298)
(41, 71)
(41, 175)
(41, 305)
(41, 115)
(41, 52)
(41, 183)
(41, 56)
(41, 313)
(41, 317)
(41, 193)
(41, 327)
(41, 201)
(41, 205)
(41, 78)
(41, 338)
(41, 339)
(41, 341)
(41, 342)
(41, 218)
(41, 223)
(41, 97)
(41, 230)
(41, 104)
(41, 161)
(41, 362)
(41, 236)
(41, 366)
(41, 239)
(41, 368)
(41, 371)
(41, 116)
(41, 117)
(41, 118)
(41, 375)
(41, 122)
(41, 125)
(41, 382)
(41, 255)
(42, 130)
(42, 264)
(42, 137)
(42, 268)
(42, 399)
(42, 274)
(42, 283)
(42, 287)
(42, 348)
(42, 174)
(42, 180)
(42, 190)
(42, 194)
(42, 69)
(42, 328)
(42, 214)
(42, 345)
(42, 220)
(42, 93)
(42, 94)
(42, 96)
(42, 98)
(42, 229)
(42, 102)
(42, 107)
(42, 243)
(42, 373)
(42, 119)
(42, 248)
(42, 249)
(43, 256)
(43, 386)
(43, 131)
(43, 258)
(43, 142)
(43, 290)
(43, 326)
(43, 297)
(43, 300)
(43, 54)
(43, 55)
(43, 185)
(43, 315)
(43, 70)
(43, 191)
(43, 64)
(43, 321)
(43, 196)
(43, 69)
(43, 198)
(43, 63)
(43, 77)
(43, 397)
(43, 82)
(43, 85)
(43, 217)
(43, 91)
(43, 348)
(43, 226)
(43, 228)
(43, 361)
(43, 372)
(43, 379)
(43, 381)
(43, 254)
(44, 128)
(44, 273)
(44, 162)
(44, 164)
(44, 169)
(44, 172)
(44, 46)
(44, 179)
(44, 312)
(44, 186)
(44, 188)
(44, 189)
(44, 197)
(44, 72)
(44, 332)
(44, 202)
(44, 204)
(44, 184)
(44, 210)
(44, 83)
(44, 86)
(44, 92)
(44, 350)
(44, 225)
(44, 227)
(44, 231)
(44, 106)
(44, 237)
(44, 114)
(44, 376)
(45, 131)
(45, 262)
(45, 139)
(45, 145)
(45, 146)
(45, 281)
(45, 153)
(45, 47)
(45, 290)
(45, 369)
(45, 303)
(45, 185)
(45, 191)
(45, 64)
(45, 196)
(45, 325)
(45, 326)
(45, 199)
(45, 217)
(45, 91)
(45, 354)
(45, 356)
(45, 361)
(45, 108)
(45, 238)
(45, 112)
(45, 241)
(45, 372)
(45, 89)
(45, 123)
(45, 381)
(46, 128)
(46, 132)
(46, 273)
(46, 277)
(46, 162)
(46, 164)
(46, 169)
(46, 172)
(46, 305)
(46, 306)
(46, 179)
(46, 312)
(46, 186)
(46, 188)
(46, 189)
(46, 324)
(46, 197)
(46, 72)
(46, 204)
(46, 202)
(46, 332)
(46, 184)
(46, 210)
(46, 83)
(46, 86)
(46, 343)
(46, 92)
(46, 350)
(46, 225)
(46, 227)
(46, 231)
(46, 232)
(46, 106)
(46, 237)
(46, 240)
(46, 104)
(46, 114)
(46, 376)
(47, 131)
(47, 262)
(47, 266)
(47, 139)
(47, 146)
(47, 153)
(47, 281)
(47, 290)
(47, 303)
(47, 64)
(47, 196)
(47, 325)
(47, 340)
(47, 217)
(47, 91)
(47, 95)
(47, 354)
(47, 356)
(47, 101)
(47, 361)
(47, 108)
(47, 238)
(47, 112)
(47, 241)
(47, 372)
(47, 89)
(47, 123)
(47, 381)
(48, 257)
(48, 390)
(48, 135)
(48, 282)
(48, 284)
(48, 286)
(48, 161)
(48, 163)
(48, 296)
(48, 182)
(48, 316)
(48, 62)
(48, 67)
(48, 129)
(48, 336)
(48, 338)
(48, 339)
(48, 213)
(48, 218)
(48, 353)
(48, 99)
(48, 380)
(48, 366)
(48, 368)
(48, 371)
(48, 116)
(48, 117)
(48, 120)
(48, 252)
(48, 382)
(49, 385)
(49, 387)
(49, 389)
(49, 267)
(49, 272)
(49, 147)
(49, 279)
(49, 156)
(49, 157)
(49, 288)
(49, 347)
(49, 166)
(49, 167)
(49, 173)
(49, 310)
(49, 311)
(49, 57)
(49, 187)
(49, 151)
(49, 318)
(49, 203)
(49, 73)
(49, 331)
(49, 206)
(49, 80)
(49, 212)
(49, 88)
(49, 219)
(49, 222)
(49, 351)
(49, 103)
(49, 233)
(49, 109)
(49, 367)
(49, 113)
(49, 242)
(49, 246)
(49, 84)
(49, 124)
(50, 384)
(50, 259)
(50, 389)
(50, 392)
(50, 398)
(50, 275)
(50, 154)
(50, 279)
(50, 282)
(50, 156)
(50, 167)
(50, 261)
(50, 292)
(50, 166)
(50, 295)
(50, 298)
(50, 175)
(50, 177)
(50, 308)
(50, 57)
(50, 56)
(50, 313)
(50, 317)
(50, 68)
(50, 200)
(50, 75)
(50, 80)
(50, 337)
(50, 339)
(50, 84)
(50, 342)
(50, 87)
(50, 219)
(50, 97)
(50, 355)
(50, 81)
(50, 363)
(50, 365)
(50, 367)
(50, 157)
(50, 370)
(50, 116)
(50, 246)
(50, 375)
(50, 377)
(50, 380)
(50, 125)
(51, 388)
(51, 393)
(51, 139)
(51, 145)
(51, 146)
(51, 217)
(51, 369)
(51, 59)
(51, 64)
(51, 199)
(51, 89)
(51, 90)
(51, 354)
(51, 251)
(51, 356)
(51, 108)
(51, 241)
(51, 123)
(52, 384)
(52, 129)
(52, 132)
(52, 261)
(52, 134)
(52, 138)
(52, 395)
(52, 270)
(52, 154)
(52, 286)
(52, 289)
(52, 165)
(52, 168)
(52, 298)
(52, 71)
(52, 175)
(52, 305)
(52, 306)
(52, 183)
(52, 184)
(52, 313)
(52, 317)
(52, 319)
(52, 193)
(52, 66)
(52, 327)
(52, 201)
(52, 202)
(52, 332)
(52, 78)
(52, 56)
(52, 338)
(52, 213)
(52, 342)
(52, 218)
(52, 350)
(52, 223)
(52, 230)
(52, 232)
(52, 161)
(52, 362)
(52, 236)
(52, 239)
(52, 104)
(52, 115)
(52, 116)
(52, 117)
(52, 118)
(52, 375)
(52, 122)
(52, 125)
(52, 255)
(53, 385)
(53, 136)
(53, 267)
(53, 396)
(53, 271)
(53, 272)
(53, 147)
(53, 148)
(53, 152)
(53, 285)
(53, 288)
(53, 294)
(53, 299)
(53, 304)
(53, 310)
(53, 187)
(53, 60)
(53, 224)
(53, 322)
(53, 73)
(53, 331)
(53, 143)
(53, 206)
(53, 207)
(53, 347)
(53, 221)
(53, 352)
(53, 234)
(53, 242)
(53, 121)
(53, 124)
(54, 256)
(54, 131)
(54, 397)
(54, 63)
(54, 281)
(54, 153)
(54, 290)
(54, 326)
(54, 297)
(54, 55)
(54, 185)
(54, 315)
(54, 70)
(54, 191)
(54, 321)
(54, 323)
(54, 196)
(54, 198)
(54, 141)
(54, 82)
(54, 85)
(54, 226)
(54, 228)
(54, 361)
(54, 364)
(54, 110)
(54, 319)
(54, 126)
(54, 379)
(54, 381)
(54, 254)
(55, 256)
(55, 386)
(55, 391)
(55, 268)
(55, 258)
(55, 142)
(55, 141)
(55, 150)
(55, 283)
(55, 198)
(55, 297)
(55, 302)
(55, 185)
(55, 315)
(55, 70)
(55, 191)
(55, 320)
(55, 321)
(55, 194)
(55, 69)
(55, 326)
(55, 77)
(55, 328)
(55, 329)
(55, 98)
(55, 397)
(55, 82)
(55, 220)
(55, 345)
(55, 348)
(55, 349)
(55, 100)
(55, 226)
(55, 228)
(55, 63)
(55, 107)
(55, 373)
(55, 119)
(55, 379)
(55, 253)
(55, 254)
(56, 384)
(56, 261)
(56, 134)
(56, 138)
(56, 395)
(56, 269)
(56, 270)
(56, 275)
(56, 154)
(56, 292)
(56, 298)
(56, 78)
(56, 175)
(56, 313)
(56, 317)
(56, 319)
(56, 323)
(56, 68)
(56, 327)
(56, 200)
(56, 75)
(56, 334)
(56, 337)
(56, 213)
(56, 342)
(56, 87)
(56, 223)
(56, 97)
(56, 355)
(56, 362)
(56, 363)
(56, 365)
(56, 239)
(56, 370)
(56, 115)
(56, 118)
(56, 375)
(56, 377)
(56, 125)
(56, 126)
(56, 255)
(57, 387)
(57, 389)
(57, 392)
(57, 151)
(57, 398)
(57, 109)
(57, 272)
(57, 259)
(57, 278)
(57, 279)
(57, 156)
(57, 157)
(57, 166)
(57, 295)
(57, 170)
(57, 173)
(57, 177)
(57, 307)
(57, 308)
(57, 311)
(57, 314)
(57, 187)
(57, 318)
(57, 192)
(57, 68)
(57, 200)
(57, 203)
(57, 80)
(57, 81)
(57, 212)
(57, 88)
(57, 219)
(57, 222)
(57, 351)
(57, 103)
(57, 233)
(57, 167)
(57, 365)
(57, 367)
(57, 113)
(57, 370)
(57, 275)
(57, 246)
(57, 84)
(58, 388)
(58, 391)
(58, 265)
(58, 394)
(58, 399)
(58, 274)
(58, 90)
(58, 160)
(58, 291)
(58, 300)
(58, 176)
(58, 180)
(58, 137)
(58, 61)
(58, 69)
(58, 76)
(58, 333)
(58, 346)
(58, 105)
(58, 243)
(58, 244)
(58, 249)
(58, 127)
(59, 131)
(59, 388)
(59, 391)
(59, 393)
(59, 139)
(59, 145)
(59, 146)
(59, 217)
(59, 290)
(59, 369)
(59, 300)
(59, 64)
(59, 199)
(59, 89)
(59, 90)
(59, 354)
(59, 251)
(59, 356)
(59, 108)
(59, 241)
(59, 372)
(59, 123)
(60, 385)
(60, 263)
(60, 136)
(60, 267)
(60, 396)
(60, 271)
(60, 272)
(60, 147)
(60, 148)
(60, 278)
(60, 151)
(60, 152)
(60, 285)
(60, 294)
(60, 299)
(60, 173)
(60, 304)
(60, 178)
(60, 307)
(60, 314)
(60, 187)
(60, 192)
(60, 224)
(60, 322)
(60, 73)
(60, 79)
(60, 331)
(60, 206)
(60, 207)
(60, 215)
(60, 88)
(60, 347)
(60, 221)
(60, 352)
(60, 358)
(60, 103)
(60, 233)
(60, 234)
(60, 109)
(60, 242)
(60, 121)
(60, 378)
(60, 124)
(60, 383)
(61, 160)
(61, 291)
(61, 265)
(61, 394)
(61, 76)
(61, 333)
(61, 399)
(61, 176)
(61, 244)
(61, 105)
(61, 180)
(61, 346)
(61, 127)
(62, 257)
(62, 67)
(62, 163)
(62, 390)
(62, 161)
(62, 296)
(62, 380)
(62, 366)
(62, 336)
(62, 99)
(62, 339)
(62, 116)
(62, 252)
(62, 284)
(62, 282)
(62, 316)
(62, 218)
(63, 256)
(63, 386)
(63, 131)
(63, 258)
(63, 142)
(63, 141)
(63, 290)
(63, 326)
(63, 297)
(63, 302)
(63, 185)
(63, 315)
(63, 70)
(63, 191)
(63, 321)
(63, 196)
(63, 69)
(63, 198)
(63, 77)
(63, 329)
(63, 98)
(63, 397)
(63, 82)
(63, 100)
(63, 348)
(63, 349)
(63, 226)
(63, 228)
(63, 361)
(63, 107)
(63, 373)
(63, 379)
(63, 381)
(63, 254)
(64, 131)
(64, 393)
(64, 139)
(64, 397)
(64, 145)
(64, 146)
(64, 153)
(64, 281)
(64, 290)
(64, 70)
(64, 369)
(64, 300)
(64, 185)
(64, 191)
(64, 196)
(64, 325)
(64, 326)
(64, 199)
(64, 226)
(64, 217)
(64, 90)
(64, 91)
(64, 354)
(64, 123)
(64, 356)
(64, 361)
(64, 108)
(64, 238)
(64, 241)
(64, 372)
(64, 89)
(64, 251)
(64, 381)
(65, 256)
(65, 386)
(65, 261)
(65, 269)
(65, 278)
(65, 150)
(65, 154)
(65, 158)
(65, 292)
(65, 166)
(65, 295)
(65, 297)
(65, 170)
(65, 302)
(65, 177)
(65, 307)
(65, 315)
(65, 192)
(65, 321)
(65, 323)
(65, 198)
(65, 200)
(65, 329)
(65, 75)
(65, 334)
(65, 141)
(65, 208)
(65, 337)
(65, 82)
(65, 87)
(65, 79)
(65, 80)
(65, 355)
(65, 228)
(65, 358)
(65, 363)
(65, 365)
(65, 245)
(65, 377)
(65, 253)
(65, 254)
(66, 132)
(66, 133)
(66, 134)
(66, 236)
(66, 138)
(66, 395)
(66, 154)
(66, 289)
(66, 164)
(66, 168)
(66, 172)
(66, 305)
(66, 179)
(66, 181)
(66, 184)
(66, 188)
(66, 319)
(66, 323)
(66, 324)
(66, 72)
(66, 202)
(66, 332)
(66, 78)
(66, 312)
(66, 85)
(66, 350)
(66, 223)
(66, 232)
(66, 362)
(66, 364)
(66, 110)
(66, 239)
(66, 104)
(66, 115)
(66, 118)
(66, 126)
(66, 255)
(67, 257)
(67, 163)
(67, 390)
(67, 161)
(67, 296)
(67, 380)
(67, 366)
(67, 336)
(67, 99)
(67, 339)
(67, 116)
(67, 252)
(67, 284)
(67, 282)
(67, 316)
(67, 218)
(68, 384)
(68, 259)
(68, 389)
(68, 392)
(68, 398)
(68, 275)
(68, 154)
(68, 279)
(68, 282)
(68, 284)
(68, 167)
(68, 261)
(68, 166)
(68, 295)
(68, 156)
(68, 298)
(68, 175)
(68, 177)
(68, 308)
(68, 313)
(68, 317)
(68, 200)
(68, 337)
(68, 339)
(68, 84)
(68, 213)
(68, 342)
(68, 87)
(68, 219)
(68, 97)
(68, 355)
(68, 81)
(68, 363)
(68, 365)
(68, 367)
(68, 157)
(68, 370)
(68, 116)
(68, 375)
(68, 377)
(68, 380)
(68, 125)
(69, 386)
(69, 391)
(69, 264)
(69, 265)
(69, 268)
(69, 258)
(69, 142)
(69, 399)
(69, 274)
(69, 283)
(69, 160)
(69, 70)
(69, 220)
(69, 300)
(69, 93)
(69, 180)
(69, 137)
(69, 190)
(69, 194)
(69, 130)
(69, 77)
(69, 328)
(69, 76)
(69, 98)
(69, 397)
(69, 345)
(69, 90)
(69, 348)
(69, 349)
(69, 94)
(69, 96)
(69, 226)
(69, 105)
(69, 107)
(69, 243)
(69, 244)
(69, 373)
(69, 119)
(69, 248)
(69, 249)
(69, 379)
(70, 386)
(70, 131)
(70, 391)
(70, 258)
(70, 142)
(70, 145)
(70, 290)
(70, 326)
(70, 297)
(70, 300)
(70, 185)
(70, 191)
(70, 321)
(70, 196)
(70, 198)
(70, 77)
(70, 98)
(70, 397)
(70, 82)
(70, 348)
(70, 217)
(70, 90)
(70, 220)
(70, 349)
(70, 226)
(70, 228)
(70, 361)
(70, 107)
(70, 369)
(70, 379)
(70, 381)
(70, 254)
(71, 384)
(71, 129)
(71, 213)
(71, 134)
(71, 138)
(71, 395)
(71, 270)
(71, 277)
(71, 286)
(71, 289)
(71, 165)
(71, 298)
(71, 175)
(71, 305)
(71, 306)
(71, 182)
(71, 183)
(71, 313)
(71, 317)
(71, 193)
(71, 327)
(71, 201)
(71, 202)
(71, 205)
(71, 78)
(71, 335)
(71, 338)
(71, 341)
(71, 342)
(71, 218)
(71, 223)
(71, 357)
(71, 230)
(71, 104)
(71, 161)
(71, 236)
(71, 366)
(71, 111)
(71, 368)
(71, 371)
(71, 116)
(71, 117)
(71, 122)
(71, 382)
(71, 255)
(72, 128)
(72, 132)
(72, 133)
(72, 144)
(72, 153)
(72, 162)
(72, 168)
(72, 169)
(72, 172)
(72, 301)
(72, 303)
(72, 179)
(72, 309)
(72, 312)
(72, 188)
(72, 181)
(72, 324)
(72, 197)
(72, 332)
(72, 330)
(72, 204)
(72, 210)
(72, 211)
(72, 86)
(72, 344)
(72, 92)
(72, 95)
(72, 225)
(72, 101)
(72, 359)
(72, 232)
(72, 106)
(72, 231)
(72, 238)
(72, 112)
(72, 114)
(72, 83)
(72, 374)
(72, 247)
(73, 385)
(73, 387)
(73, 389)
(73, 136)
(73, 267)
(73, 396)
(73, 271)
(73, 272)
(73, 147)
(73, 148)
(73, 278)
(73, 151)
(73, 285)
(73, 288)
(73, 294)
(73, 173)
(73, 304)
(73, 178)
(73, 307)
(73, 310)
(73, 314)
(73, 187)
(73, 192)
(73, 322)
(73, 203)
(73, 79)
(73, 331)
(73, 206)
(73, 207)
(73, 80)
(73, 84)
(73, 88)
(73, 347)
(73, 221)
(73, 351)
(73, 166)
(73, 358)
(73, 103)
(73, 233)
(73, 234)
(73, 109)
(73, 113)
(73, 242)
(73, 246)
(73, 121)
(73, 124)
(73, 383)
(74, 260)
(74, 263)
(74, 271)
(74, 152)
(74, 159)
(74, 174)
(74, 178)
(74, 287)
(74, 190)
(74, 320)
(74, 224)
(74, 194)
(74, 328)
(74, 214)
(74, 215)
(74, 352)
(74, 229)
(74, 102)
(74, 119)
(74, 378)
(74, 383)
(75, 256)
(75, 389)
(75, 392)
(75, 269)
(75, 275)
(75, 278)
(75, 150)
(75, 154)
(75, 158)
(75, 261)
(75, 292)
(75, 166)
(75, 295)
(75, 297)
(75, 170)
(75, 302)
(75, 177)
(75, 307)
(75, 308)
(75, 315)
(75, 192)
(75, 321)
(75, 323)
(75, 200)
(75, 329)
(75, 334)
(75, 141)
(75, 208)
(75, 337)
(75, 87)
(75, 97)
(75, 355)
(75, 228)
(75, 358)
(75, 80)
(75, 363)
(75, 365)
(75, 245)
(75, 375)
(75, 377)
(75, 125)
(75, 254)
(76, 391)
(76, 265)
(76, 394)
(76, 399)
(76, 274)
(76, 283)
(76, 90)
(76, 160)
(76, 291)
(76, 300)
(76, 176)
(76, 180)
(76, 137)
(76, 333)
(76, 345)
(76, 346)
(76, 220)
(76, 94)
(76, 96)
(76, 98)
(76, 105)
(76, 107)
(76, 243)
(76, 244)
(76, 249)
(76, 127)
(77, 386)
(77, 131)
(77, 391)
(77, 268)
(77, 258)
(77, 142)
(77, 141)
(77, 283)
(77, 290)
(77, 326)
(77, 348)
(77, 300)
(77, 185)
(77, 315)
(77, 191)
(77, 321)
(77, 194)
(77, 198)
(77, 328)
(77, 98)
(77, 397)
(77, 82)
(77, 345)
(77, 220)
(77, 349)
(77, 100)
(77, 96)
(77, 226)
(77, 228)
(77, 107)
(77, 373)
(77, 379)
(77, 254)
(78, 384)
(78, 132)
(78, 261)
(78, 134)
(78, 236)
(78, 138)
(78, 395)
(78, 270)
(78, 154)
(78, 133)
(78, 289)
(78, 165)
(78, 168)
(78, 298)
(78, 175)
(78, 305)
(78, 184)
(78, 313)
(78, 317)
(78, 319)
(78, 323)
(78, 327)
(78, 332)
(78, 213)
(78, 342)
(78, 87)
(78, 350)
(78, 223)
(78, 97)
(78, 232)
(78, 362)
(78, 363)
(78, 364)
(78, 110)
(78, 239)
(78, 104)
(78, 115)
(78, 118)
(78, 375)
(78, 377)
(78, 125)
(78, 126)
(78, 255)
(79, 192)
(79, 260)
(79, 150)
(79, 263)
(79, 136)
(79, 141)
(79, 271)
(79, 272)
(79, 148)
(79, 278)
(79, 151)
(79, 158)
(79, 159)
(79, 294)
(79, 170)
(79, 173)
(79, 302)
(79, 304)
(79, 178)
(79, 307)
(79, 314)
(79, 315)
(79, 320)
(79, 328)
(79, 329)
(79, 208)
(79, 215)
(79, 88)
(79, 80)
(79, 187)
(79, 100)
(79, 358)
(79, 242)
(79, 245)
(79, 378)
(79, 253)
(79, 383)
(80, 387)
(80, 389)
(80, 392)
(80, 269)
(80, 173)
(80, 272)
(80, 278)
(80, 151)
(80, 156)
(80, 157)
(80, 158)
(80, 294)
(80, 295)
(80, 170)
(80, 370)
(80, 177)
(80, 307)
(80, 308)
(80, 311)
(80, 314)
(80, 187)
(80, 318)
(80, 192)
(80, 200)
(80, 203)
(80, 334)
(80, 109)
(80, 208)
(80, 212)
(80, 206)
(80, 88)
(80, 219)
(80, 222)
(80, 351)
(80, 166)
(80, 358)
(80, 103)
(80, 233)
(80, 167)
(80, 365)
(80, 367)
(80, 113)
(80, 242)
(80, 245)
(80, 246)
(80, 84)
(80, 124)
(81, 259)
(81, 389)
(81, 392)
(81, 398)
(81, 275)
(81, 279)
(81, 282)
(81, 156)
(81, 157)
(81, 166)
(81, 295)
(81, 177)
(81, 308)
(81, 311)
(81, 318)
(81, 203)
(81, 336)
(81, 339)
(81, 212)
(81, 219)
(81, 222)
(81, 351)
(81, 167)
(81, 367)
(81, 113)
(81, 370)
(81, 246)
(81, 84)
(81, 380)
(82, 256)
(82, 386)
(82, 98)
(82, 258)
(82, 142)
(82, 141)
(82, 269)
(82, 150)
(82, 198)
(82, 297)
(82, 302)
(82, 185)
(82, 315)
(82, 191)
(82, 320)
(82, 321)
(82, 326)
(82, 328)
(82, 329)
(82, 126)
(82, 397)
(82, 100)
(82, 348)
(82, 349)
(82, 226)
(82, 228)
(82, 107)
(82, 253)
(82, 373)
(82, 379)
(82, 381)
(82, 254)
(83, 128)
(83, 144)
(83, 273)
(83, 162)
(83, 164)
(83, 169)
(83, 172)
(83, 301)
(83, 179)
(83, 309)
(83, 312)
(83, 186)
(83, 188)
(83, 189)
(83, 181)
(83, 324)
(83, 197)
(83, 332)
(83, 202)
(83, 204)
(83, 184)
(83, 210)
(83, 86)
(83, 92)
(83, 350)
(83, 95)
(83, 225)
(83, 227)
(83, 101)
(83, 231)
(83, 106)
(83, 237)
(83, 114)
(83, 374)
(83, 376)
(84, 387)
(84, 389)
(84, 392)
(84, 151)
(84, 398)
(84, 173)
(84, 272)
(84, 259)
(84, 278)
(84, 279)
(84, 156)
(84, 157)
(84, 166)
(84, 295)
(84, 170)
(84, 242)
(84, 177)
(84, 307)
(84, 308)
(84, 311)
(84, 314)
(84, 187)
(84, 318)
(84, 192)
(84, 200)
(84, 203)
(84, 109)
(84, 212)
(84, 88)
(84, 219)
(84, 222)
(84, 351)
(84, 103)
(84, 233)
(84, 167)
(84, 365)
(84, 367)
(84, 113)
(84, 370)
(84, 275)
(84, 246)
(85, 133)
(85, 110)
(85, 153)
(85, 196)
(85, 290)
(85, 168)
(85, 297)
(85, 181)
(85, 185)
(85, 191)
(85, 321)
(85, 323)
(85, 324)
(85, 326)
(85, 91)
(85, 95)
(85, 361)
(85, 362)
(85, 364)
(85, 238)
(85, 239)
(85, 118)
(85, 319)
(85, 281)
(85, 381)
(85, 126)
(86, 128)
(86, 140)
(86, 144)
(86, 273)
(86, 276)
(86, 280)
(86, 231)
(86, 162)
(86, 169)
(86, 171)
(86, 172)
(86, 301)
(86, 179)
(86, 309)
(86, 312)
(86, 186)
(86, 188)
(86, 181)
(86, 197)
(86, 330)
(86, 204)
(86, 209)
(86, 210)
(86, 211)
(86, 344)
(86, 92)
(86, 95)
(86, 225)
(86, 227)
(86, 101)
(86, 359)
(86, 360)
(86, 106)
(86, 235)
(86, 114)
(86, 374)
(86, 247)
(87, 384)
(87, 256)
(87, 261)
(87, 392)
(87, 269)
(87, 275)
(87, 154)
(87, 158)
(87, 292)
(87, 295)
(87, 298)
(87, 175)
(87, 177)
(87, 308)
(87, 313)
(87, 317)
(87, 319)
(87, 323)
(87, 327)
(87, 200)
(87, 334)
(87, 337)
(87, 342)
(87, 223)
(87, 97)
(87, 355)
(87, 362)
(87, 363)
(87, 365)
(87, 125)
(87, 370)
(87, 115)
(87, 245)
(87, 118)
(87, 375)
(87, 377)
(87, 170)
(87, 126)
(87, 255)
(88, 387)
(88, 389)
(88, 392)
(88, 272)
(88, 147)
(88, 148)
(88, 278)
(88, 151)
(88, 156)
(88, 157)
(88, 347)
(88, 294)
(88, 295)
(88, 170)
(88, 173)
(88, 304)
(88, 177)
(88, 307)
(88, 308)
(88, 311)
(88, 314)
(88, 187)
(88, 318)
(88, 192)
(88, 200)
(88, 203)
(88, 206)
(88, 208)
(88, 212)
(88, 219)
(88, 222)
(88, 351)
(88, 166)
(88, 103)
(88, 233)
(88, 167)
(88, 109)
(88, 367)
(88, 113)
(88, 242)
(88, 245)
(88, 246)
(88, 136)
(88, 124)
(89, 131)
(89, 262)
(89, 393)
(89, 139)
(89, 145)
(89, 146)
(89, 290)
(89, 369)
(89, 303)
(89, 196)
(89, 325)
(89, 199)
(89, 340)
(89, 217)
(89, 90)
(89, 91)
(89, 354)
(89, 251)
(89, 356)
(89, 108)
(89, 241)
(89, 372)
(89, 123)
(90, 131)
(90, 388)
(90, 391)
(90, 393)
(90, 139)
(90, 397)
(90, 145)
(90, 146)
(90, 160)
(90, 290)
(90, 241)
(90, 300)
(90, 265)
(90, 372)
(90, 199)
(90, 226)
(90, 217)
(90, 354)
(90, 123)
(90, 356)
(90, 108)
(90, 369)
(90, 244)
(90, 251)
(91, 131)
(91, 146)
(91, 281)
(91, 153)
(91, 290)
(91, 303)
(91, 185)
(91, 191)
(91, 196)
(91, 325)
(91, 326)
(91, 199)
(91, 226)
(91, 217)
(91, 95)
(91, 354)
(91, 356)
(91, 361)
(91, 238)
(91, 241)
(91, 372)
(91, 123)
(91, 381)
(92, 128)
(92, 266)
(92, 140)
(92, 144)
(92, 273)
(92, 276)
(92, 280)
(92, 162)
(92, 293)
(92, 169)
(92, 171)
(92, 172)
(92, 301)
(92, 303)
(92, 179)
(92, 309)
(92, 312)
(92, 188)
(92, 181)
(92, 195)
(92, 324)
(92, 197)
(92, 330)
(92, 204)
(92, 210)
(92, 211)
(92, 344)
(92, 95)
(92, 225)
(92, 227)
(92, 101)
(92, 359)
(92, 360)
(92, 106)
(92, 231)
(92, 238)
(92, 112)
(92, 114)
(92, 374)
(92, 247)
(93, 130)
(93, 260)
(93, 264)
(93, 137)
(93, 268)
(93, 274)
(93, 283)
(93, 159)
(93, 348)
(93, 174)
(93, 180)
(93, 287)
(93, 190)
(93, 194)
(93, 328)
(93, 214)
(93, 345)
(93, 220)
(93, 349)
(93, 94)
(93, 96)
(93, 98)
(93, 100)
(93, 229)
(93, 102)
(93, 107)
(93, 243)
(93, 373)
(93, 119)
(93, 248)
(93, 249)
(94, 130)
(94, 264)
(94, 265)
(94, 394)
(94, 268)
(94, 399)
(94, 274)
(94, 283)
(94, 160)
(94, 174)
(94, 180)
(94, 137)
(94, 190)
(94, 194)
(94, 333)
(94, 345)
(94, 220)
(94, 96)
(94, 98)
(94, 229)
(94, 105)
(94, 107)
(94, 243)
(94, 119)
(94, 248)
(94, 249)
(95, 128)
(95, 133)
(95, 266)
(95, 144)
(95, 153)
(95, 281)
(95, 162)
(95, 172)
(95, 301)
(95, 303)
(95, 179)
(95, 309)
(95, 181)
(95, 324)
(95, 330)
(95, 204)
(95, 211)
(95, 344)
(95, 225)
(95, 101)
(95, 359)
(95, 231)
(95, 238)
(95, 112)
(95, 114)
(95, 374)
(95, 247)
(96, 258)
(96, 391)
(96, 264)
(96, 265)
(96, 268)
(96, 130)
(96, 142)
(96, 399)
(96, 274)
(96, 283)
(96, 287)
(96, 160)
(96, 348)
(96, 174)
(96, 180)
(96, 137)
(96, 190)
(96, 194)
(96, 328)
(96, 214)
(96, 345)
(96, 220)
(96, 349)
(96, 98)
(96, 100)
(96, 229)
(96, 105)
(96, 107)
(96, 243)
(96, 373)
(96, 119)
(96, 248)
(96, 249)
(97, 384)
(97, 213)
(97, 259)
(97, 261)
(97, 392)
(97, 398)
(97, 275)
(97, 154)
(97, 282)
(97, 157)
(97, 292)
(97, 295)
(97, 298)
(97, 175)
(97, 177)
(97, 308)
(97, 313)
(97, 317)
(97, 323)
(97, 327)
(97, 200)
(97, 337)
(97, 339)
(97, 270)
(97, 342)
(97, 355)
(97, 363)
(97, 365)
(97, 367)
(97, 370)
(97, 116)
(97, 375)
(97, 377)
(97, 125)
(97, 255)
(98, 386)
(98, 260)
(98, 391)
(98, 264)
(98, 137)
(98, 268)
(98, 258)
(98, 142)
(98, 283)
(98, 220)
(98, 300)
(98, 174)
(98, 315)
(98, 190)
(98, 320)
(98, 194)
(98, 198)
(98, 328)
(98, 397)
(98, 214)
(98, 345)
(98, 348)
(98, 349)
(98, 130)
(98, 226)
(98, 100)
(98, 229)
(98, 107)
(98, 243)
(98, 373)
(98, 119)
(98, 248)
(98, 249)
(98, 379)
(98, 253)
(99, 257)
(99, 390)
(99, 129)
(99, 286)
(99, 161)
(99, 163)
(99, 135)
(99, 182)
(99, 316)
(99, 205)
(99, 335)
(99, 338)
(99, 341)
(99, 218)
(99, 353)
(99, 357)
(99, 366)
(99, 368)
(99, 371)
(99, 117)
(99, 120)
(99, 252)
(99, 382)
(100, 386)
(100, 260)
(100, 263)
(100, 268)
(100, 258)
(100, 142)
(100, 174)
(100, 150)
(100, 283)
(100, 287)
(100, 220)
(100, 159)
(100, 302)
(100, 178)
(100, 315)
(100, 190)
(100, 320)
(100, 321)
(100, 194)
(100, 198)
(100, 328)
(100, 329)
(100, 141)
(100, 208)
(100, 214)
(100, 215)
(100, 345)
(100, 348)
(100, 349)
(100, 228)
(100, 102)
(100, 358)
(100, 107)
(100, 373)
(100, 119)
(100, 248)
(100, 378)
(100, 379)
(100, 253)
(100, 254)
(100, 383)
(101, 128)
(101, 133)
(101, 266)
(101, 144)
(101, 153)
(101, 281)
(101, 162)
(101, 169)
(101, 172)
(101, 301)
(101, 303)
(101, 179)
(101, 309)
(101, 312)
(101, 181)
(101, 324)
(101, 330)
(101, 204)
(101, 211)
(101, 344)
(101, 225)
(101, 359)
(101, 231)
(101, 238)
(101, 112)
(101, 114)
(101, 374)
(101, 247)
(102, 130)
(102, 260)
(102, 263)
(102, 264)
(102, 268)
(102, 271)
(102, 159)
(102, 174)
(102, 178)
(102, 287)
(102, 190)
(102, 320)
(102, 194)
(102, 328)
(102, 214)
(102, 215)
(102, 352)
(102, 229)
(102, 119)
(102, 248)
(102, 378)
(102, 253)
(102, 383)
(103, 387)
(103, 389)
(103, 392)
(103, 267)
(103, 272)
(103, 147)
(103, 148)
(103, 278)
(103, 151)
(103, 156)
(103, 157)
(103, 219)
(103, 294)
(103, 295)
(103, 170)
(103, 173)
(103, 304)
(103, 177)
(103, 307)
(103, 308)
(103, 311)
(103, 314)
(103, 187)
(103, 318)
(103, 192)
(103, 203)
(103, 331)
(103, 206)
(103, 212)
(103, 347)
(103, 222)
(103, 351)
(103, 166)
(103, 233)
(103, 167)
(103, 109)
(103, 367)
(103, 113)
(103, 242)
(103, 246)
(103, 136)
(103, 124)
(104, 132)
(104, 133)
(104, 134)
(104, 138)
(104, 395)
(104, 270)
(104, 277)
(104, 111)
(104, 289)
(104, 164)
(104, 165)
(104, 168)
(104, 305)
(104, 306)
(104, 179)
(104, 183)
(104, 312)
(104, 186)
(104, 188)
(104, 189)
(104, 193)
(104, 324)
(104, 197)
(104, 327)
(104, 201)
(104, 202)
(104, 332)
(104, 184)
(104, 343)
(104, 350)
(104, 223)
(104, 230)
(104, 232)
(104, 362)
(104, 236)
(104, 237)
(104, 239)
(104, 240)
(104, 115)
(104, 118)
(104, 376)
(104, 122)
(104, 255)
(105, 391)
(105, 265)
(105, 394)
(105, 399)
(105, 274)
(105, 160)
(105, 291)
(105, 300)
(105, 176)
(105, 180)
(105, 137)
(105, 333)
(105, 345)
(105, 346)
(105, 220)
(105, 243)
(105, 244)
(105, 249)
(105, 127)
(106, 128)
(106, 273)
(106, 277)
(106, 162)
(106, 164)
(106, 169)
(106, 172)
(106, 306)
(106, 179)
(106, 312)
(106, 186)
(106, 188)
(106, 189)
(106, 197)
(106, 332)
(106, 202)
(106, 204)
(106, 184)
(106, 210)
(106, 343)
(106, 350)
(106, 225)
(106, 227)
(106, 231)
(106, 237)
(106, 240)
(106, 114)
(106, 376)
(107, 386)
(107, 391)
(107, 264)
(107, 137)
(107, 268)
(107, 258)
(107, 142)
(107, 274)
(107, 283)
(107, 348)
(107, 300)
(107, 174)
(107, 190)
(107, 320)
(107, 194)
(107, 198)
(107, 328)
(107, 397)
(107, 345)
(107, 220)
(107, 349)
(107, 130)
(107, 226)
(107, 243)
(107, 373)
(107, 119)
(107, 248)
(107, 249)
(107, 379)
(107, 253)
(108, 131)
(108, 388)
(108, 393)
(108, 139)
(108, 145)
(108, 146)
(108, 369)
(108, 325)
(108, 199)
(108, 217)
(108, 354)
(108, 251)
(108, 356)
(108, 241)
(108, 372)
(108, 123)
(109, 385)
(109, 387)
(109, 389)
(109, 136)
(109, 267)
(109, 396)
(109, 272)
(109, 147)
(109, 148)
(109, 278)
(109, 151)
(109, 156)
(109, 157)
(109, 288)
(109, 294)
(109, 167)
(109, 173)
(109, 304)
(109, 307)
(109, 310)
(109, 311)
(109, 314)
(109, 187)
(109, 318)
(109, 322)
(109, 203)
(109, 331)
(109, 206)
(109, 212)
(109, 347)
(109, 221)
(109, 222)
(109, 351)
(109, 166)
(109, 233)
(109, 234)
(109, 113)
(109, 242)
(109, 246)
(109, 124)
(110, 132)
(110, 133)
(110, 281)
(110, 153)
(110, 154)
(110, 168)
(110, 297)
(110, 181)
(110, 185)
(110, 319)
(110, 323)
(110, 324)
(110, 326)
(110, 223)
(110, 232)
(110, 362)
(110, 364)
(110, 238)
(110, 239)
(110, 115)
(110, 118)
(110, 381)
(110, 126)
(111, 277)
(111, 286)
(111, 289)
(111, 164)
(111, 165)
(111, 305)
(111, 306)
(111, 182)
(111, 183)
(111, 184)
(111, 189)
(111, 193)
(111, 201)
(111, 202)
(111, 332)
(111, 205)
(111, 335)
(111, 338)
(111, 341)
(111, 343)
(111, 350)
(111, 357)
(111, 230)
(111, 236)
(111, 237)
(111, 240)
(111, 371)
(111, 376)
(111, 122)
(112, 262)
(112, 266)
(112, 140)
(112, 144)
(112, 344)
(112, 276)
(112, 149)
(112, 153)
(112, 281)
(112, 155)
(112, 293)
(112, 171)
(112, 301)
(112, 303)
(112, 309)
(112, 181)
(112, 195)
(112, 325)
(112, 330)
(112, 211)
(112, 340)
(112, 216)
(112, 225)
(112, 359)
(112, 235)
(112, 238)
(112, 374)
(112, 247)
(112, 250)
(113, 387)
(113, 389)
(113, 392)
(113, 267)
(113, 272)
(113, 147)
(113, 279)
(113, 156)
(113, 157)
(113, 288)
(113, 347)
(113, 166)
(113, 167)
(113, 173)
(113, 311)
(113, 187)
(113, 151)
(113, 318)
(113, 203)
(113, 331)
(113, 206)
(113, 212)
(113, 219)
(113, 222)
(113, 351)
(113, 233)
(113, 367)
(113, 242)
(113, 246)
(113, 124)
(114, 128)
(114, 140)
(114, 144)
(114, 273)
(114, 276)
(114, 280)
(114, 231)
(114, 162)
(114, 293)
(114, 169)
(114, 171)
(114, 172)
(114, 301)
(114, 179)
(114, 309)
(114, 312)
(114, 181)
(114, 195)
(114, 197)
(114, 330)
(114, 204)
(114, 209)
(114, 210)
(114, 211)
(114, 344)
(114, 225)
(114, 227)
(114, 359)
(114, 360)
(114, 235)
(114, 374)
(114, 247)
(115, 384)
(115, 132)
(115, 261)
(115, 134)
(115, 236)
(115, 138)
(115, 395)
(115, 270)
(115, 154)
(115, 133)
(115, 289)
(115, 165)
(115, 168)
(115, 298)
(115, 305)
(115, 184)
(115, 319)
(115, 323)
(115, 324)
(115, 327)
(115, 202)
(115, 332)
(115, 342)
(115, 350)
(115, 223)
(115, 232)
(115, 362)
(115, 363)
(115, 364)
(115, 239)
(115, 118)
(115, 377)
(115, 125)
(115, 126)
(115, 255)
(116, 384)
(116, 257)
(116, 213)
(116, 390)
(116, 129)
(116, 395)
(116, 398)
(116, 275)
(116, 282)
(116, 284)
(116, 286)
(116, 161)
(116, 163)
(116, 165)
(116, 296)
(116, 298)
(116, 175)
(116, 313)
(116, 317)
(116, 327)
(116, 201)
(116, 336)
(116, 338)
(116, 339)
(116, 270)
(116, 342)
(116, 218)
(116, 252)
(116, 366)
(116, 368)
(116, 370)
(116, 371)
(116, 117)
(116, 375)
(116, 380)
(116, 125)
(116, 382)
(116, 255)
(117, 384)
(117, 257)
(117, 213)
(117, 390)
(117, 135)
(117, 138)
(117, 395)
(117, 270)
(117, 282)
(117, 284)
(117, 286)
(117, 161)
(117, 163)
(117, 165)
(117, 129)
(117, 298)
(117, 175)
(117, 182)
(117, 183)
(117, 313)
(117, 316)
(117, 317)
(117, 134)
(117, 193)
(117, 327)
(117, 201)
(117, 205)
(117, 335)
(117, 338)
(117, 339)
(117, 341)
(117, 342)
(117, 218)
(117, 357)
(117, 230)
(117, 236)
(117, 366)
(117, 368)
(117, 371)
(117, 120)
(117, 122)
(117, 252)
(117, 382)
(117, 255)
(118, 384)
(118, 132)
(118, 261)
(118, 134)
(118, 236)
(118, 138)
(118, 395)
(118, 154)
(118, 133)
(118, 165)
(118, 168)
(118, 298)
(118, 305)
(118, 184)
(118, 319)
(118, 323)
(118, 324)
(118, 327)
(118, 332)
(118, 342)
(118, 350)
(118, 223)
(118, 232)
(118, 362)
(118, 363)
(118, 364)
(118, 239)
(118, 377)
(118, 125)
(118, 126)
(118, 255)
(119, 386)
(119, 260)
(119, 263)
(119, 264)
(119, 137)
(119, 268)
(119, 258)
(119, 142)
(119, 283)
(119, 287)
(119, 348)
(119, 174)
(119, 159)
(119, 190)
(119, 320)
(119, 194)
(119, 130)
(119, 328)
(119, 214)
(119, 215)
(119, 345)
(119, 220)
(119, 349)
(119, 229)
(119, 243)
(119, 373)
(119, 248)
(119, 378)
(119, 253)
(120, 257)
(120, 390)
(120, 129)
(120, 286)
(120, 161)
(120, 135)
(120, 182)
(120, 183)
(120, 316)
(120, 205)
(120, 335)
(120, 338)
(120, 341)
(120, 218)
(120, 353)
(120, 357)
(120, 366)
(120, 368)
(120, 371)
(120, 252)
(120, 382)
(121, 385)
(121, 136)
(121, 396)
(121, 271)
(121, 148)
(121, 152)
(121, 285)
(121, 294)
(121, 299)
(121, 304)
(121, 178)
(121, 224)
(121, 322)
(121, 206)
(121, 207)
(121, 221)
(121, 352)
(121, 234)
(121, 242)
(121, 124)
(122, 134)
(122, 138)
(122, 395)
(122, 270)
(122, 277)
(122, 286)
(122, 289)
(122, 164)
(122, 165)
(122, 305)
(122, 368)
(122, 306)
(122, 183)
(122, 184)
(122, 189)
(122, 193)
(122, 201)
(122, 202)
(122, 332)
(122, 205)
(122, 335)
(122, 338)
(122, 341)
(122, 343)
(122, 350)
(122, 357)
(122, 230)
(122, 236)
(122, 237)
(122, 240)
(122, 371)
(122, 376)
(122, 382)
(123, 131)
(123, 393)
(123, 139)
(123, 145)
(123, 146)
(123, 281)
(123, 153)
(123, 290)
(123, 369)
(123, 191)
(123, 196)
(123, 325)
(123, 199)
(123, 217)
(123, 354)
(123, 356)
(123, 361)
(123, 238)
(123, 241)
(123, 372)
(123, 251)
(123, 381)
(124, 385)
(124, 387)
(124, 389)
(124, 136)
(124, 267)
(124, 396)
(124, 271)
(124, 272)
(124, 147)
(124, 148)
(124, 278)
(124, 151)
(124, 285)
(124, 288)
(124, 294)
(124, 299)
(124, 173)
(124, 304)
(124, 307)
(124, 310)
(124, 311)
(124, 314)
(124, 187)
(124, 322)
(124, 203)
(124, 331)
(124, 206)
(124, 207)
(124, 347)
(124, 221)
(124, 222)
(124, 351)
(124, 233)
(124, 234)
(124, 242)
(124, 246)
(125, 384)
(125, 213)
(125, 261)
(125, 134)
(125, 138)
(125, 395)
(125, 398)
(125, 275)
(125, 282)
(125, 154)
(125, 292)
(125, 295)
(125, 298)
(125, 175)
(125, 177)
(125, 308)
(125, 313)
(125, 317)
(125, 319)
(125, 323)
(125, 327)
(125, 200)
(125, 334)
(125, 337)
(125, 339)
(125, 270)
(125, 342)
(125, 223)
(125, 355)
(125, 362)
(125, 363)
(125, 365)
(125, 239)
(125, 370)
(125, 375)
(125, 377)
(125, 255)
(126, 256)
(126, 261)
(126, 269)
(126, 154)
(126, 133)
(126, 292)
(126, 168)
(126, 297)
(126, 185)
(126, 191)
(126, 321)
(126, 323)
(126, 326)
(126, 334)
(126, 337)
(126, 223)
(126, 355)
(126, 228)
(126, 362)
(126, 363)
(126, 364)
(126, 239)
(126, 377)
(126, 319)
(126, 381)
(126, 254)
(127, 160)
(127, 291)
(127, 388)
(127, 265)
(127, 394)
(127, 333)
(127, 399)
(127, 176)
(127, 244)
(127, 346)
(127, 251)
(128, 140)
(128, 144)
(128, 273)
(128, 276)
(128, 280)
(128, 162)
(128, 169)
(128, 171)
(128, 172)
(128, 301)
(128, 179)
(128, 309)
(128, 312)
(128, 186)
(128, 188)
(128, 181)
(128, 197)
(128, 330)
(128, 204)
(128, 209)
(128, 210)
(128, 211)
(128, 344)
(128, 225)
(128, 227)
(128, 359)
(128, 360)
(128, 231)
(128, 374)
(128, 247)
(129, 384)
(129, 257)
(129, 213)
(129, 390)
(129, 138)
(129, 395)
(129, 270)
(129, 282)
(129, 284)
(129, 286)
(129, 161)
(129, 163)
(129, 165)
(129, 298)
(129, 175)
(129, 182)
(129, 183)
(129, 313)
(129, 316)
(129, 317)
(129, 134)
(129, 193)
(129, 327)
(129, 201)
(129, 205)
(129, 335)
(129, 338)
(129, 339)
(129, 341)
(129, 342)
(129, 218)
(129, 357)
(129, 230)
(129, 236)
(129, 366)
(129, 368)
(129, 371)
(129, 252)
(129, 382)
(129, 255)
(130, 264)
(130, 137)
(130, 268)
(130, 399)
(130, 274)
(130, 283)
(130, 287)
(130, 348)
(130, 174)
(130, 180)
(130, 190)
(130, 194)
(130, 328)
(130, 214)
(130, 345)
(130, 220)
(130, 229)
(130, 243)
(130, 373)
(130, 248)
(130, 249)
(131, 258)
(131, 391)
(131, 393)
(131, 139)
(131, 397)
(131, 145)
(131, 146)
(131, 153)
(131, 281)
(131, 290)
(131, 241)
(131, 300)
(131, 185)
(131, 191)
(131, 196)
(131, 326)
(131, 199)
(131, 226)
(131, 217)
(131, 354)
(131, 356)
(131, 361)
(131, 369)
(131, 372)
(131, 379)
(131, 381)
(132, 133)
(132, 134)
(132, 236)
(132, 138)
(132, 395)
(132, 277)
(132, 289)
(132, 164)
(132, 165)
(132, 168)
(132, 169)
(132, 172)
(132, 305)
(132, 306)
(132, 179)
(132, 181)
(132, 312)
(132, 186)
(132, 188)
(132, 189)
(132, 319)
(132, 324)
(132, 197)
(132, 202)
(132, 332)
(132, 184)
(132, 343)
(132, 350)
(132, 223)
(132, 232)
(132, 362)
(132, 364)
(132, 237)
(132, 239)
(132, 376)
(132, 255)
(133, 281)
(133, 153)
(133, 168)
(133, 172)
(133, 301)
(133, 305)
(133, 179)
(133, 181)
(133, 184)
(133, 188)
(133, 319)
(133, 324)
(133, 332)
(133, 312)
(133, 350)
(133, 223)
(133, 225)
(133, 232)
(133, 362)
(133, 364)
(133, 239)
(134, 384)
(134, 138)
(134, 395)
(134, 270)
(134, 277)
(134, 154)
(134, 286)
(134, 289)
(134, 164)
(134, 165)
(134, 168)
(134, 298)
(134, 175)
(134, 305)
(134, 306)
(134, 183)
(134, 184)
(134, 317)
(134, 319)
(134, 193)
(134, 327)
(134, 201)
(134, 202)
(134, 332)
(134, 338)
(134, 213)
(134, 342)
(134, 350)
(134, 223)
(134, 230)
(134, 232)
(134, 362)
(134, 236)
(134, 239)
(134, 255)
(135, 353)
(135, 161)
(135, 357)
(135, 390)
(135, 257)
(135, 252)
(135, 205)
(135, 366)
(135, 335)
(135, 368)
(135, 286)
(135, 371)
(135, 341)
(135, 182)
(135, 316)
(135, 382)
(136, 385)
(136, 260)
(136, 263)
(136, 396)
(136, 271)
(136, 272)
(136, 148)
(136, 278)
(136, 151)
(136, 152)
(136, 285)
(136, 159)
(136, 294)
(136, 173)
(136, 304)
(136, 178)
(136, 307)
(136, 314)
(136, 187)
(136, 192)
(136, 224)
(136, 322)
(136, 206)
(136, 207)
(136, 215)
(136, 347)
(136, 221)
(136, 352)
(136, 358)
(136, 233)
(136, 234)
(136, 242)
(136, 378)
(136, 383)
(137, 391)
(137, 264)
(137, 265)
(137, 394)
(137, 268)
(137, 399)
(137, 274)
(137, 283)
(137, 160)
(137, 174)
(137, 180)
(137, 190)
(137, 194)
(137, 333)
(137, 345)
(137, 220)
(137, 229)
(137, 243)
(137, 244)
(137, 248)
(137, 249)
(138, 384)
(138, 395)
(138, 270)
(138, 277)
(138, 154)
(138, 286)
(138, 289)
(138, 164)
(138, 165)
(138, 168)
(138, 298)
(138, 175)
(138, 305)
(138, 306)
(138, 183)
(138, 184)
(138, 317)
(138, 319)
(138, 193)
(138, 327)
(138, 201)
(138, 202)
(138, 332)
(138, 338)
(138, 213)
(138, 342)
(138, 343)
(138, 350)
(138, 223)
(138, 230)
(138, 232)
(138, 362)
(138, 236)
(138, 239)
(138, 255)
(139, 388)
(139, 393)
(139, 145)
(139, 146)
(139, 369)
(139, 300)
(139, 325)
(139, 199)
(139, 290)
(139, 217)
(139, 354)
(139, 356)
(139, 241)
(139, 372)
(139, 251)
(140, 266)
(140, 144)
(140, 273)
(140, 276)
(140, 149)
(140, 280)
(140, 155)
(140, 162)
(140, 293)
(140, 171)
(140, 309)
(140, 195)
(140, 330)
(140, 209)
(140, 211)
(140, 344)
(140, 216)
(140, 227)
(140, 359)
(140, 360)
(140, 235)
(140, 374)
(140, 247)
(140, 250)
(141, 256)
(141, 192)
(141, 386)
(141, 260)
(141, 263)
(141, 258)
(141, 142)
(141, 150)
(141, 158)
(141, 292)
(141, 297)
(141, 170)
(141, 302)
(141, 315)
(141, 245)
(141, 320)
(141, 321)
(141, 198)
(141, 328)
(141, 329)
(141, 334)
(141, 269)
(141, 208)
(141, 337)
(141, 215)
(141, 348)
(141, 349)
(141, 355)
(141, 228)
(141, 358)
(141, 373)
(141, 378)
(141, 379)
(141, 253)
(141, 254)
(142, 256)
(142, 386)
(142, 260)
(142, 263)
(142, 268)
(142, 258)
(142, 150)
(142, 283)
(142, 159)
(142, 220)
(142, 302)
(142, 315)
(142, 190)
(142, 320)
(142, 321)
(142, 194)
(142, 198)
(142, 328)
(142, 329)
(142, 397)
(142, 208)
(142, 215)
(142, 345)
(142, 348)
(142, 349)
(142, 226)
(142, 228)
(142, 358)
(142, 373)
(142, 248)
(142, 378)
(142, 379)
(142, 253)
(142, 254)
(143, 288)
(143, 385)
(143, 322)
(143, 299)
(143, 234)
(143, 331)
(143, 396)
(143, 207)
(143, 221)
(143, 310)
(143, 267)
(143, 347)
(143, 285)
(144, 266)
(144, 273)
(144, 276)
(144, 280)
(144, 155)
(144, 231)
(144, 162)
(144, 293)
(144, 169)
(144, 171)
(144, 172)
(144, 301)
(144, 303)
(144, 179)
(144, 309)
(144, 312)
(144, 181)
(144, 195)
(144, 324)
(144, 330)
(144, 204)
(144, 209)
(144, 210)
(144, 211)
(144, 344)
(144, 216)
(144, 225)
(144, 227)
(144, 359)
(144, 360)
(144, 235)
(144, 238)
(144, 374)
(144, 247)
(145, 388)
(145, 391)
(145, 393)
(145, 397)
(145, 146)
(145, 290)
(145, 241)
(145, 300)
(145, 265)
(145, 196)
(145, 199)
(145, 226)
(145, 217)
(145, 354)
(145, 356)
(145, 361)
(145, 369)
(145, 372)
(145, 251)
(146, 281)
(146, 153)
(146, 290)
(146, 369)
(146, 393)
(146, 191)
(146, 196)
(146, 325)
(146, 199)
(146, 217)
(146, 354)
(146, 356)
(146, 361)
(146, 238)
(146, 241)
(146, 372)
(146, 251)
(146, 381)
(147, 385)
(147, 387)
(147, 267)
(147, 396)
(147, 272)
(147, 148)
(147, 151)
(147, 285)
(147, 288)
(147, 294)
(147, 299)
(147, 173)
(147, 304)
(147, 310)
(147, 311)
(147, 187)
(147, 318)
(147, 322)
(147, 203)
(147, 331)
(147, 206)
(147, 212)
(147, 347)
(147, 221)
(147, 222)
(147, 351)
(147, 233)
(147, 234)
(147, 242)
(148, 385)
(148, 263)
(148, 267)
(148, 396)
(148, 271)
(148, 272)
(148, 278)
(148, 151)
(148, 152)
(148, 285)
(148, 288)
(148, 294)
(148, 299)
(148, 173)
(148, 304)
(148, 178)
(148, 307)
(148, 310)
(148, 314)
(148, 187)
(148, 224)
(148, 322)
(148, 331)
(148, 206)
(148, 207)
(148, 347)
(148, 221)
(148, 352)
(148, 358)
(148, 233)
(148, 234)
(148, 242)
(148, 383)
(149, 266)
(149, 216)
(149, 276)
(149, 280)
(149, 155)
(149, 293)
(149, 171)
(149, 195)
(149, 330)
(149, 209)
(149, 211)
(149, 340)
(149, 344)
(149, 359)
(149, 360)
(149, 235)
(149, 374)
(149, 247)
(149, 250)
(150, 256)
(150, 192)
(150, 386)
(150, 260)
(150, 263)
(150, 269)
(150, 278)
(150, 158)
(150, 159)
(150, 292)
(150, 170)
(150, 302)
(150, 200)
(150, 178)
(150, 307)
(150, 314)
(150, 315)
(150, 245)
(150, 320)
(150, 321)
(150, 198)
(150, 328)
(150, 329)
(150, 334)
(150, 208)
(150, 215)
(150, 348)
(150, 349)
(150, 228)
(150, 358)
(150, 373)
(150, 378)
(150, 379)
(150, 253)
(150, 254)
(150, 383)
(151, 385)
(151, 387)
(151, 389)
(151, 263)
(151, 396)
(151, 271)
(151, 272)
(151, 278)
(151, 156)
(151, 294)
(151, 170)
(151, 173)
(151, 304)
(151, 178)
(151, 307)
(151, 314)
(151, 187)
(151, 192)
(151, 203)
(151, 206)
(151, 208)
(151, 347)
(151, 221)
(151, 351)
(151, 166)
(151, 358)
(151, 233)
(151, 234)
(151, 242)
(151, 245)
(151, 246)
(151, 383)
(152, 385)
(152, 396)
(152, 271)
(152, 285)
(152, 294)
(152, 299)
(152, 304)
(152, 178)
(152, 224)
(152, 322)
(152, 207)
(152, 221)
(152, 352)
(152, 234)
(153, 324)
(153, 281)
(153, 290)
(153, 301)
(153, 303)
(153, 181)
(153, 185)
(153, 309)
(153, 196)
(153, 325)
(153, 326)
(153, 330)
(153, 217)
(153, 354)
(153, 356)
(153, 361)
(153, 364)
(153, 238)
(153, 372)
(153, 191)
(153, 381)
(154, 384)
(154, 261)
(154, 395)
(154, 269)
(154, 270)
(154, 275)
(154, 158)
(154, 292)
(154, 297)
(154, 298)
(154, 175)
(154, 313)
(154, 317)
(154, 319)
(154, 323)
(154, 327)
(154, 200)
(154, 334)
(154, 337)
(154, 213)
(154, 342)
(154, 223)
(154, 355)
(154, 362)
(154, 363)
(154, 364)
(154, 365)
(154, 239)
(154, 375)
(154, 377)
(154, 255)
(155, 262)
(155, 266)
(155, 216)
(155, 276)
(155, 280)
(155, 293)
(155, 171)
(155, 303)
(155, 195)
(155, 330)
(155, 209)
(155, 211)
(155, 340)
(155, 344)
(155, 359)
(155, 360)
(155, 235)
(155, 374)
(155, 247)
(155, 250)
(156, 387)
(156, 389)
(156, 392)
(156, 398)
(156, 259)
(156, 278)
(156, 279)
(156, 157)
(156, 166)
(156, 295)
(156, 173)
(156, 177)
(156, 308)
(156, 311)
(156, 187)
(156, 318)
(156, 203)
(156, 212)
(156, 219)
(156, 222)
(156, 351)
(156, 233)
(156, 167)
(156, 367)
(156, 370)
(156, 275)
(156, 246)
(157, 387)
(157, 389)
(157, 392)
(157, 398)
(157, 259)
(157, 278)
(157, 279)
(157, 282)
(157, 166)
(157, 295)
(157, 177)
(157, 308)
(157, 311)
(157, 318)
(157, 200)
(157, 203)
(157, 212)
(157, 219)
(157, 222)
(157, 351)
(157, 233)
(157, 167)
(157, 365)
(157, 367)
(157, 370)
(157, 275)
(157, 246)
(158, 256)
(158, 261)
(158, 269)
(158, 275)
(158, 278)
(158, 292)
(158, 166)
(158, 295)
(158, 297)
(158, 170)
(158, 302)
(158, 177)
(158, 307)
(158, 314)
(158, 315)
(158, 192)
(158, 321)
(158, 323)
(158, 198)
(158, 200)
(158, 329)
(158, 334)
(158, 208)
(158, 337)
(158, 355)
(158, 228)
(158, 358)
(158, 363)
(158, 365)
(158, 245)
(158, 375)
(158, 377)
(158, 254)
(159, 386)
(159, 260)
(159, 263)
(159, 268)
(159, 271)
(159, 174)
(159, 283)
(159, 287)
(159, 302)
(159, 178)
(159, 190)
(159, 320)
(159, 194)
(159, 328)
(159, 214)
(159, 215)
(159, 348)
(159, 349)
(159, 352)
(159, 229)
(159, 358)
(159, 373)
(159, 248)
(159, 378)
(159, 253)
(159, 383)
(160, 391)
(160, 265)
(160, 394)
(160, 399)
(160, 274)
(160, 291)
(160, 300)
(160, 176)
(160, 180)
(160, 333)
(160, 345)
(160, 346)
(160, 220)
(160, 243)
(160, 244)
(160, 249)
(161, 384)
(161, 257)
(161, 213)
(161, 390)
(161, 270)
(161, 282)
(161, 284)
(161, 286)
(161, 163)
(161, 165)
(161, 296)
(161, 298)
(161, 175)
(161, 182)
(161, 183)
(161, 313)
(161, 316)
(161, 317)
(161, 193)
(161, 327)
(161, 201)
(161, 205)
(161, 335)
(161, 338)
(161, 339)
(161, 341)
(161, 342)
(161, 218)
(161, 357)
(161, 236)
(161, 366)
(161, 368)
(161, 371)
(161, 252)
(161, 382)
(161, 255)
(162, 273)
(162, 276)
(162, 280)
(162, 169)
(162, 171)
(162, 172)
(162, 301)
(162, 179)
(162, 309)
(162, 312)
(162, 186)
(162, 188)
(162, 181)
(162, 197)
(162, 330)
(162, 204)
(162, 209)
(162, 210)
(162, 211)
(162, 344)
(162, 225)
(162, 227)
(162, 359)
(162, 360)
(162, 231)
(162, 374)
(162, 247)
(163, 257)
(163, 259)
(163, 390)
(163, 398)
(163, 282)
(163, 284)
(163, 286)
(163, 296)
(163, 175)
(163, 316)
(163, 336)
(163, 338)
(163, 339)
(163, 213)
(163, 218)
(163, 380)
(163, 366)
(163, 368)
(163, 371)
(163, 252)
(163, 382)
(164, 277)
(164, 289)
(164, 168)
(164, 169)
(164, 172)
(164, 305)
(164, 306)
(164, 179)
(164, 312)
(164, 186)
(164, 188)
(164, 189)
(164, 193)
(164, 324)
(164, 197)
(164, 204)
(164, 202)
(164, 332)
(164, 184)
(164, 210)
(164, 343)
(164, 350)
(164, 230)
(164, 231)
(164, 232)
(164, 236)
(164, 237)
(164, 240)
(164, 376)
(165, 384)
(165, 213)
(165, 395)
(165, 270)
(165, 277)
(165, 286)
(165, 289)
(165, 168)
(165, 298)
(165, 240)
(165, 175)
(165, 305)
(165, 306)
(165, 183)
(165, 184)
(165, 317)
(165, 193)
(165, 327)
(165, 201)
(165, 202)
(165, 332)
(165, 205)
(165, 335)
(165, 338)
(165, 341)
(165, 342)
(165, 343)
(165, 218)
(165, 350)
(165, 223)
(165, 230)
(165, 232)
(165, 362)
(165, 236)
(165, 239)
(165, 368)
(165, 371)
(165, 382)
(165, 255)
(166, 387)
(166, 389)
(166, 392)
(166, 269)
(166, 173)
(166, 272)
(166, 275)
(166, 278)
(166, 279)
(166, 295)
(166, 170)
(166, 242)
(166, 177)
(166, 307)
(166, 308)
(166, 311)
(166, 314)
(166, 187)
(166, 318)
(166, 192)
(166, 200)
(166, 203)
(166, 334)
(166, 208)
(166, 212)
(166, 219)
(166, 222)
(166, 351)
(166, 355)
(166, 233)
(166, 167)
(166, 365)
(166, 367)
(166, 370)
(166, 245)
(166, 246)
(167, 387)
(167, 389)
(167, 392)
(167, 398)
(167, 259)
(167, 279)
(167, 295)
(167, 173)
(167, 177)
(167, 308)
(167, 311)
(167, 318)
(167, 203)
(167, 212)
(167, 219)
(167, 222)
(167, 351)
(167, 233)
(167, 367)
(167, 370)
(167, 246)
(168, 236)
(168, 395)
(168, 289)
(168, 172)
(168, 305)
(168, 179)
(168, 181)
(168, 184)
(168, 188)
(168, 319)
(168, 324)
(168, 197)
(168, 202)
(168, 332)
(168, 312)
(168, 350)
(168, 223)
(168, 232)
(168, 362)
(168, 364)
(168, 237)
(168, 239)
(168, 255)
(169, 273)
(169, 172)
(169, 301)
(169, 179)
(169, 309)
(169, 312)
(169, 186)
(169, 188)
(169, 189)
(169, 181)
(169, 324)
(169, 197)
(169, 332)
(169, 202)
(169, 204)
(169, 184)
(169, 210)
(169, 350)
(169, 225)
(169, 227)
(169, 231)
(169, 237)
(169, 376)
(170, 256)
(170, 192)
(170, 389)
(170, 263)
(170, 392)
(170, 269)
(170, 272)
(170, 278)
(170, 292)
(170, 295)
(170, 302)
(170, 177)
(170, 178)
(170, 307)
(170, 314)
(170, 315)
(170, 320)
(170, 200)
(170, 329)
(170, 187)
(170, 334)
(170, 208)
(170, 337)
(170, 215)
(170, 355)
(170, 358)
(170, 365)
(170, 242)
(170, 245)
(170, 246)
(170, 378)
(170, 253)
(170, 383)
(171, 266)
(171, 273)
(171, 276)
(171, 280)
(171, 231)
(171, 293)
(171, 309)
(171, 195)
(171, 330)
(171, 204)
(171, 209)
(171, 211)
(171, 344)
(171, 216)
(171, 227)
(171, 359)
(171, 360)
(171, 235)
(171, 374)
(171, 247)
(171, 250)
(172, 273)
(172, 301)
(172, 179)
(172, 309)
(172, 312)
(172, 186)
(172, 188)
(172, 181)
(172, 324)
(172, 197)
(172, 332)
(172, 330)
(172, 204)
(172, 184)
(172, 210)
(172, 211)
(172, 344)
(172, 225)
(172, 227)
(172, 359)
(172, 232)
(172, 231)
(172, 237)
(172, 374)
(172, 247)
(172, 376)
(173, 385)
(173, 387)
(173, 389)
(173, 267)
(173, 396)
(173, 272)
(173, 278)
(173, 288)
(173, 294)
(173, 304)
(173, 307)
(173, 310)
(173, 311)
(173, 314)
(173, 187)
(173, 318)
(173, 192)
(173, 322)
(173, 203)
(173, 331)
(173, 206)
(173, 212)
(173, 347)
(173, 221)
(173, 222)
(173, 351)
(173, 233)
(173, 234)
(173, 242)
(173, 246)
(174, 260)
(174, 263)
(174, 264)
(174, 268)
(174, 283)
(174, 287)
(174, 348)
(174, 190)
(174, 320)
(174, 194)
(174, 328)
(174, 214)
(174, 215)
(174, 345)
(174, 220)
(174, 349)
(174, 229)
(174, 243)
(174, 373)
(174, 248)
(174, 378)
(174, 253)
(175, 384)
(175, 213)
(175, 259)
(175, 261)
(175, 395)
(175, 398)
(175, 275)
(175, 282)
(175, 284)
(175, 298)
(175, 308)
(175, 313)
(175, 317)
(175, 327)
(175, 338)
(175, 339)
(175, 270)
(175, 342)
(175, 218)
(175, 363)
(175, 365)
(175, 370)
(175, 375)
(175, 377)
(175, 380)
(175, 255)
(176, 291)
(176, 388)
(176, 265)
(176, 394)
(176, 333)
(176, 399)
(176, 244)
(176, 346)
(177, 259)
(177, 389)
(177, 392)
(177, 269)
(177, 398)
(177, 275)
(177, 278)
(177, 279)
(177, 282)
(177, 261)
(177, 292)
(177, 295)
(177, 307)
(177, 308)
(177, 311)
(177, 313)
(177, 318)
(177, 192)
(177, 200)
(177, 203)
(177, 334)
(177, 337)
(177, 219)
(177, 351)
(177, 355)
(177, 233)
(177, 363)
(177, 365)
(177, 367)
(177, 370)
(177, 245)
(177, 246)
(177, 375)
(178, 192)
(178, 260)
(178, 263)
(178, 396)
(178, 271)
(178, 272)
(178, 278)
(178, 287)
(178, 294)
(178, 302)
(178, 304)
(178, 307)
(178, 314)
(178, 187)
(178, 320)
(178, 224)
(178, 328)
(178, 208)
(178, 214)
(178, 215)
(178, 352)
(178, 358)
(178, 242)
(178, 378)
(178, 253)
(178, 383)
(179, 273)
(179, 301)
(179, 305)
(179, 309)
(179, 312)
(179, 186)
(179, 188)
(179, 189)
(179, 181)
(179, 324)
(179, 197)
(179, 332)
(179, 202)
(179, 204)
(179, 184)
(179, 210)
(179, 343)
(179, 350)
(179, 225)
(179, 227)
(179, 231)
(179, 232)
(179, 237)
(179, 376)
(180, 264)
(180, 265)
(180, 394)
(180, 399)
(180, 274)
(180, 291)
(180, 333)
(180, 345)
(180, 346)
(180, 220)
(180, 243)
(180, 244)
(180, 248)
(180, 249)
(181, 281)
(181, 301)
(181, 303)
(181, 309)
(181, 312)
(181, 324)
(181, 330)
(181, 204)
(181, 211)
(181, 344)
(181, 225)
(181, 359)
(181, 232)
(181, 231)
(181, 364)
(181, 238)
(181, 374)
(182, 257)
(182, 390)
(182, 286)
(182, 183)
(182, 316)
(182, 193)
(182, 201)
(182, 205)
(182, 335)
(182, 338)
(182, 341)
(182, 218)
(182, 353)
(182, 357)
(182, 230)
(182, 366)
(182, 368)
(182, 371)
(182, 252)
(182, 382)
(183, 395)
(183, 270)
(183, 277)
(183, 286)
(183, 289)
(183, 305)
(183, 368)
(183, 306)
(183, 193)
(183, 201)
(183, 202)
(183, 205)
(183, 335)
(183, 338)
(183, 213)
(183, 343)
(183, 350)
(183, 357)
(183, 230)
(183, 236)
(183, 366)
(183, 240)
(183, 371)
(183, 382)
(183, 341)
(184, 395)
(184, 277)
(184, 289)
(184, 305)
(184, 306)
(184, 312)
(184, 186)
(184, 188)
(184, 189)
(184, 324)
(184, 197)
(184, 202)
(184, 332)
(184, 343)
(184, 350)
(184, 223)
(184, 232)
(184, 362)
(184, 236)
(184, 237)
(184, 239)
(184, 240)
(184, 376)
(185, 256)
(185, 258)
(185, 397)
(185, 281)
(185, 290)
(185, 326)
(185, 297)
(185, 315)
(185, 191)
(185, 321)
(185, 196)
(185, 198)
(185, 217)
(185, 226)
(185, 228)
(185, 361)
(185, 372)
(185, 379)
(185, 381)
(185, 254)
(186, 277)
(186, 289)
(186, 305)
(186, 306)
(186, 312)
(186, 188)
(186, 189)
(186, 197)
(186, 204)
(186, 202)
(186, 332)
(186, 210)
(186, 343)
(186, 350)
(186, 225)
(186, 231)
(186, 232)
(186, 237)
(186, 240)
(186, 376)
(187, 385)
(187, 387)
(187, 389)
(187, 267)
(187, 396)
(187, 271)
(187, 272)
(187, 278)
(187, 285)
(187, 288)
(187, 294)
(187, 304)
(187, 307)
(187, 310)
(187, 311)
(187, 314)
(187, 318)
(187, 192)
(187, 322)
(187, 203)
(187, 331)
(187, 206)
(187, 212)
(187, 347)
(187, 221)
(187, 222)
(187, 351)
(187, 233)
(187, 234)
(187, 242)
(187, 246)
(187, 383)
(188, 277)
(188, 289)
(188, 305)
(188, 306)
(188, 312)
(188, 189)
(188, 324)
(188, 197)
(188, 204)
(188, 202)
(188, 332)
(188, 210)
(188, 343)
(188, 350)
(188, 225)
(188, 231)
(188, 232)
(188, 237)
(188, 240)
(188, 376)
(189, 277)
(189, 289)
(189, 305)
(189, 306)
(189, 312)
(189, 193)
(189, 197)
(189, 202)
(189, 332)
(189, 210)
(189, 343)
(189, 350)
(189, 230)
(189, 232)
(189, 237)
(189, 240)
(189, 376)
(190, 386)
(190, 260)
(190, 264)
(190, 268)
(190, 274)
(190, 283)
(190, 287)
(190, 348)
(190, 320)
(190, 194)
(190, 328)
(190, 214)
(190, 345)
(190, 220)
(190, 349)
(190, 229)
(190, 243)
(190, 373)
(190, 248)
(190, 249)
(190, 253)
(191, 256)
(191, 258)
(191, 397)
(191, 281)
(191, 290)
(191, 326)
(191, 297)
(191, 321)
(191, 196)
(191, 198)
(191, 217)
(191, 226)
(191, 228)
(191, 361)
(191, 372)
(191, 379)
(191, 381)
(191, 254)
(192, 389)
(192, 263)
(192, 392)
(192, 269)
(192, 271)
(192, 272)
(192, 278)
(192, 292)
(192, 294)
(192, 295)
(192, 302)
(192, 304)
(192, 307)
(192, 314)
(192, 315)
(192, 320)
(192, 200)
(192, 329)
(192, 334)
(192, 208)
(192, 337)
(192, 215)
(192, 351)
(192, 355)
(192, 358)
(192, 233)
(192, 365)
(192, 242)
(192, 245)
(192, 246)
(192, 378)
(192, 253)
(192, 383)
(193, 395)
(193, 270)
(193, 277)
(193, 286)
(193, 289)
(193, 305)
(193, 368)
(193, 306)
(193, 327)
(193, 201)
(193, 202)
(193, 205)
(193, 335)
(193, 338)
(193, 213)
(193, 343)
(193, 350)
(193, 357)
(193, 230)
(193, 236)
(193, 240)
(193, 371)
(193, 382)
(193, 341)
(194, 386)
(194, 260)
(194, 263)
(194, 264)
(194, 268)
(194, 258)
(194, 283)
(194, 287)
(194, 348)
(194, 320)
(194, 328)
(194, 214)
(194, 215)
(194, 345)
(194, 220)
(194, 349)
(194, 229)
(194, 243)
(194, 373)
(194, 248)
(194, 249)
(194, 378)
(194, 253)
(195, 262)
(195, 266)
(195, 216)
(195, 276)
(195, 280)
(195, 293)
(195, 303)
(195, 309)
(195, 330)
(195, 209)
(195, 211)
(195, 340)
(195, 344)
(195, 359)
(195, 360)
(195, 235)
(195, 374)
(195, 247)
(195, 250)
(196, 226)
(196, 397)
(196, 281)
(196, 290)
(196, 369)
(196, 326)
(196, 217)
(196, 354)
(196, 356)
(196, 361)
(196, 238)
(196, 241)
(196, 372)
(196, 381)
(197, 273)
(197, 277)
(197, 301)
(197, 305)
(197, 306)
(197, 312)
(197, 324)
(197, 204)
(197, 202)
(197, 332)
(197, 210)
(197, 343)
(197, 350)
(197, 225)
(197, 227)
(197, 231)
(197, 232)
(197, 237)
(197, 240)
(197, 376)
(198, 256)
(198, 386)
(198, 258)
(198, 269)
(198, 292)
(198, 297)
(198, 302)
(198, 315)
(198, 373)
(198, 320)
(198, 321)
(198, 326)
(198, 328)
(198, 329)
(198, 334)
(198, 397)
(198, 208)
(198, 348)
(198, 349)
(198, 226)
(198, 228)
(198, 245)
(198, 379)
(198, 253)
(198, 254)
(199, 388)
(199, 393)
(199, 369)
(199, 300)
(199, 290)
(199, 217)
(199, 354)
(199, 356)
(199, 241)
(199, 372)
(199, 251)
(200, 256)
(200, 389)
(200, 392)
(200, 269)
(200, 275)
(200, 278)
(200, 261)
(200, 292)
(200, 295)
(200, 302)
(200, 307)
(200, 308)
(200, 323)
(200, 329)
(200, 334)
(200, 208)
(200, 337)
(200, 355)
(200, 363)
(200, 365)
(200, 367)
(200, 370)
(200, 245)
(200, 246)
(200, 375)
(200, 377)
(201, 384)
(201, 213)
(201, 395)
(201, 270)
(201, 277)
(201, 286)
(201, 289)
(201, 305)
(201, 298)
(201, 368)
(201, 306)
(201, 327)
(201, 202)
(201, 205)
(201, 335)
(201, 338)
(201, 341)
(201, 343)
(201, 218)
(201, 350)
(201, 357)
(201, 230)
(201, 236)
(201, 366)
(201, 240)
(201, 371)
(201, 382)
(201, 255)
(202, 395)
(202, 277)
(202, 289)
(202, 305)
(202, 306)
(202, 312)
(202, 324)
(202, 332)
(202, 343)
(202, 350)
(202, 230)
(202, 232)
(202, 236)
(202, 237)
(202, 240)
(202, 376)
(203, 387)
(203, 389)
(203, 392)
(203, 267)
(203, 272)
(203, 278)
(203, 279)
(203, 347)
(203, 295)
(203, 307)
(203, 308)
(203, 311)
(203, 314)
(203, 318)
(203, 331)
(203, 206)
(203, 212)
(203, 219)
(203, 222)
(203, 351)
(203, 233)
(203, 367)
(203, 242)
(203, 246)
(204, 273)
(204, 280)
(204, 301)
(204, 309)
(204, 312)
(204, 324)
(204, 330)
(204, 332)
(204, 210)
(204, 211)
(204, 225)
(204, 227)
(204, 359)
(204, 360)
(204, 231)
(204, 237)
(204, 374)
(204, 247)
(204, 376)
(205, 270)
(205, 277)
(205, 286)
(205, 289)
(205, 368)
(205, 306)
(205, 335)
(205, 338)
(205, 341)
(205, 343)
(205, 218)
(205, 357)
(205, 230)
(205, 236)
(205, 366)
(205, 240)
(205, 371)
(205, 382)
(206, 385)
(206, 387)
(206, 267)
(206, 396)
(206, 271)
(206, 272)
(206, 278)
(206, 285)
(206, 288)
(206, 294)
(206, 299)
(206, 304)
(206, 307)
(206, 310)
(206, 311)
(206, 314)
(206, 322)
(206, 331)
(206, 207)
(206, 347)
(206, 221)
(206, 222)
(206, 351)
(206, 233)
(206, 234)
(206, 242)
(206, 246)
(207, 385)
(207, 267)
(207, 396)
(207, 285)
(207, 288)
(207, 294)
(207, 299)
(207, 304)
(207, 310)
(207, 224)
(207, 322)
(207, 331)
(207, 347)
(207, 221)
(207, 352)
(207, 234)
(208, 256)
(208, 386)
(208, 260)
(208, 263)
(208, 269)
(208, 272)
(208, 278)
(208, 292)
(208, 302)
(208, 307)
(208, 314)
(208, 315)
(208, 320)
(208, 321)
(208, 329)
(208, 334)
(208, 337)
(208, 215)
(208, 355)
(208, 228)
(208, 358)
(208, 365)
(208, 245)
(208, 378)
(208, 253)
(208, 254)
(208, 383)
(209, 273)
(209, 276)
(209, 280)
(209, 293)
(209, 211)
(209, 344)
(209, 216)
(209, 227)
(209, 359)
(209, 360)
(209, 235)
(209, 374)
(209, 247)
(209, 250)
(210, 273)
(210, 309)
(210, 312)
(210, 332)
(210, 225)
(210, 227)
(210, 231)
(210, 360)
(210, 237)
(210, 374)
(210, 376)
(211, 266)
(211, 273)
(211, 276)
(211, 280)
(211, 231)
(211, 293)
(211, 301)
(211, 303)
(211, 309)
(211, 330)
(211, 340)
(211, 344)
(211, 216)
(211, 225)
(211, 227)
(211, 359)
(211, 360)
(211, 235)
(211, 374)
(211, 247)
(211, 250)
(212, 387)
(212, 389)
(212, 392)
(212, 267)
(212, 279)
(212, 308)
(212, 311)
(212, 318)
(212, 331)
(212, 219)
(212, 222)
(212, 351)
(212, 233)
(212, 367)
(212, 246)
(213, 384)
(213, 257)
(213, 395)
(213, 270)
(213, 275)
(213, 282)
(213, 284)
(213, 286)
(213, 298)
(213, 313)
(213, 317)
(213, 327)
(213, 338)
(213, 339)
(213, 342)
(213, 218)
(213, 223)
(213, 236)
(213, 366)
(213, 368)
(213, 371)
(213, 375)
(213, 382)
(213, 255)
(214, 260)
(214, 263)
(214, 264)
(214, 268)
(214, 271)
(214, 283)
(214, 287)
(214, 320)
(214, 328)
(214, 215)
(214, 345)
(214, 348)
(214, 349)
(214, 352)
(214, 229)
(214, 373)
(214, 248)
(214, 378)
(214, 253)
(214, 383)
(215, 386)
(215, 260)
(215, 263)
(215, 271)
(215, 278)
(215, 287)
(215, 294)
(215, 302)
(215, 304)
(215, 307)
(215, 314)
(215, 315)
(215, 245)
(215, 320)
(215, 328)
(215, 329)
(215, 348)
(215, 349)
(215, 352)
(215, 358)
(215, 373)
(215, 378)
(215, 253)
(215, 383)
(216, 262)
(216, 266)
(216, 276)
(216, 280)
(216, 293)
(216, 303)
(216, 325)
(216, 330)
(216, 340)
(216, 344)
(216, 359)
(216, 235)
(216, 374)
(216, 247)
(216, 250)
(217, 388)
(217, 397)
(217, 281)
(217, 290)
(217, 369)
(217, 300)
(217, 393)
(217, 325)
(217, 326)
(217, 226)
(217, 354)
(217, 356)
(217, 361)
(217, 241)
(217, 372)
(217, 251)
(217, 381)
(218, 384)
(218, 257)
(218, 390)
(218, 270)
(218, 282)
(218, 284)
(218, 286)
(218, 296)
(218, 298)
(218, 313)
(218, 316)
(218, 317)
(218, 327)
(218, 336)
(218, 338)
(218, 339)
(218, 341)
(218, 342)
(218, 252)
(218, 366)
(218, 368)
(218, 371)
(218, 380)
(218, 382)
(218, 255)
(219, 387)
(219, 389)
(219, 392)
(219, 398)
(219, 259)
(219, 279)
(219, 295)
(219, 308)
(219, 311)
(219, 318)
(219, 222)
(219, 351)
(219, 233)
(219, 367)
(219, 370)
(219, 246)
(219, 380)
(220, 386)
(220, 391)
(220, 264)
(220, 265)
(220, 268)
(220, 258)
(220, 274)
(220, 283)
(220, 300)
(220, 320)
(220, 328)
(220, 397)
(220, 345)
(220, 348)
(220, 349)
(220, 229)
(220, 243)
(220, 373)
(220, 248)
(220, 249)
(220, 379)
(221, 385)
(221, 267)
(221, 396)
(221, 271)
(221, 272)
(221, 285)
(221, 288)
(221, 294)
(221, 299)
(221, 304)
(221, 310)
(221, 224)
(221, 322)
(221, 331)
(221, 347)
(221, 352)
(221, 234)
(221, 242)
(222, 387)
(222, 389)
(222, 392)
(222, 267)
(222, 279)
(222, 288)
(222, 311)
(222, 318)
(222, 331)
(222, 347)
(222, 351)
(222, 233)
(222, 367)
(222, 246)
(223, 384)
(223, 261)
(223, 236)
(223, 395)
(223, 270)
(223, 289)
(223, 298)
(223, 305)
(223, 317)
(223, 319)
(223, 323)
(223, 324)
(223, 327)
(223, 332)
(223, 342)
(223, 350)
(223, 232)
(223, 362)
(223, 363)
(223, 364)
(223, 239)
(223, 375)
(223, 377)
(223, 255)
(224, 352)
(224, 322)
(224, 294)
(224, 234)
(224, 396)
(224, 271)
(224, 304)
(224, 285)
(224, 383)
(225, 273)
(225, 301)
(225, 303)
(225, 309)
(225, 312)
(225, 324)
(225, 330)
(225, 332)
(225, 344)
(225, 227)
(225, 359)
(225, 231)
(225, 238)
(225, 374)
(225, 247)
(226, 256)
(226, 386)
(226, 391)
(226, 258)
(226, 290)
(226, 297)
(226, 300)
(226, 315)
(226, 321)
(226, 326)
(226, 397)
(226, 348)
(226, 349)
(226, 228)
(226, 361)
(226, 372)
(226, 379)
(226, 381)
(226, 254)
(227, 273)
(227, 276)
(227, 280)
(227, 231)
(227, 309)
(227, 344)
(227, 359)
(227, 360)
(227, 235)
(227, 374)
(227, 247)
(228, 256)
(228, 386)
(228, 258)
(228, 269)
(228, 292)
(228, 297)
(228, 302)
(228, 315)
(228, 245)
(228, 320)
(228, 321)
(228, 326)
(228, 328)
(228, 329)
(228, 334)
(228, 397)
(228, 337)
(228, 348)
(228, 349)
(228, 355)
(228, 253)
(228, 373)
(228, 379)
(228, 381)
(228, 254)
(229, 260)
(229, 264)
(229, 268)
(229, 274)
(229, 283)
(229, 287)
(229, 328)
(229, 345)
(229, 243)
(229, 248)
(229, 249)
(230, 395)
(230, 270)
(230, 277)
(230, 286)
(230, 289)
(230, 305)
(230, 368)
(230, 306)
(230, 335)
(230, 338)
(230, 341)
(230, 343)
(230, 350)
(230, 357)
(230, 236)
(230, 237)
(230, 240)
(230, 371)
(230, 382)
(231, 273)
(231, 301)
(231, 309)
(231, 312)
(231, 324)
(231, 330)
(231, 332)
(231, 344)
(231, 359)
(231, 360)
(231, 237)
(231, 374)
(231, 247)
(231, 376)
(232, 236)
(232, 395)
(232, 277)
(232, 289)
(232, 305)
(232, 306)
(232, 312)
(232, 319)
(232, 324)
(232, 332)
(232, 343)
(232, 350)
(232, 362)
(232, 364)
(232, 237)
(232, 239)
(232, 376)
(232, 255)
(233, 385)
(233, 387)
(233, 389)
(233, 392)
(233, 267)
(233, 396)
(233, 272)
(233, 278)
(233, 288)
(233, 294)
(233, 295)
(233, 304)
(233, 307)
(233, 308)
(233, 311)
(233, 314)
(233, 318)
(233, 331)
(233, 347)
(233, 351)
(233, 234)
(233, 367)
(233, 242)
(233, 246)
(234, 385)
(234, 267)
(234, 396)
(234, 271)
(234, 272)
(234, 285)
(234, 288)
(234, 294)
(234, 299)
(234, 304)
(234, 310)
(234, 314)
(234, 322)
(234, 331)
(234, 347)
(234, 352)
(234, 242)
(235, 266)
(235, 273)
(235, 276)
(235, 280)
(235, 293)
(235, 330)
(235, 344)
(235, 359)
(235, 360)
(235, 374)
(235, 247)
(235, 250)
(236, 384)
(236, 395)
(236, 270)
(236, 277)
(236, 286)
(236, 289)
(236, 305)
(236, 298)
(236, 368)
(236, 306)
(236, 327)
(236, 332)
(236, 338)
(236, 341)
(236, 342)
(236, 343)
(236, 350)
(236, 362)
(236, 239)
(236, 240)
(236, 371)
(236, 255)
(237, 277)
(237, 289)
(237, 305)
(237, 306)
(237, 312)
(237, 332)
(237, 343)
(237, 350)
(237, 240)
(237, 376)
(238, 266)
(238, 281)
(238, 290)
(238, 301)
(238, 303)
(238, 309)
(238, 324)
(238, 325)
(238, 326)
(238, 330)
(238, 354)
(238, 356)
(238, 361)
(238, 372)
(238, 381)
(239, 261)
(239, 395)
(239, 289)
(239, 305)
(239, 319)
(239, 323)
(239, 324)
(239, 327)
(239, 332)
(239, 342)
(239, 350)
(239, 362)
(239, 363)
(239, 364)
(239, 377)
(239, 255)
(240, 277)
(240, 289)
(240, 305)
(240, 306)
(240, 332)
(240, 335)
(240, 312)
(240, 341)
(240, 343)
(240, 350)
(240, 376)
(241, 388)
(241, 393)
(241, 325)
(241, 290)
(241, 354)
(241, 356)
(241, 361)
(241, 369)
(241, 372)
(241, 251)
(242, 385)
(242, 387)
(242, 389)
(242, 267)
(242, 396)
(242, 271)
(242, 272)
(242, 278)
(242, 285)
(242, 288)
(242, 294)
(242, 304)
(242, 307)
(242, 314)
(242, 322)
(242, 331)
(242, 347)
(242, 351)
(242, 358)
(242, 246)
(242, 383)
(243, 391)
(243, 264)
(243, 265)
(243, 394)
(243, 268)
(243, 399)
(243, 274)
(243, 283)
(243, 300)
(243, 333)
(243, 345)
(243, 348)
(243, 244)
(243, 248)
(243, 249)
(244, 391)
(244, 265)
(244, 394)
(244, 399)
(244, 274)
(244, 346)
(244, 291)
(244, 300)
(244, 333)
(244, 249)
(245, 256)
(245, 389)
(245, 263)
(245, 269)
(245, 278)
(245, 261)
(245, 292)
(245, 295)
(245, 302)
(245, 307)
(245, 314)
(245, 315)
(245, 320)
(245, 321)
(245, 329)
(245, 334)
(245, 337)
(245, 355)
(245, 358)
(245, 363)
(245, 365)
(245, 377)
(245, 378)
(245, 253)
(245, 254)
(245, 383)
(246, 387)
(246, 389)
(246, 392)
(246, 272)
(246, 278)
(246, 279)
(246, 295)
(246, 307)
(246, 308)
(246, 311)
(246, 314)
(246, 318)
(246, 351)
(246, 365)
(246, 367)
(246, 370)
(247, 266)
(247, 273)
(247, 276)
(247, 280)
(247, 293)
(247, 301)
(247, 303)
(247, 309)
(247, 330)
(247, 344)
(247, 359)
(247, 360)
(247, 374)
(247, 250)
(248, 386)
(248, 260)
(248, 264)
(248, 268)
(248, 258)
(248, 274)
(248, 283)
(248, 287)
(248, 320)
(248, 328)
(248, 345)
(248, 348)
(248, 349)
(248, 373)
(248, 249)
(248, 253)
(249, 391)
(249, 264)
(249, 265)
(249, 394)
(249, 268)
(249, 399)
(249, 274)
(249, 283)
(249, 291)
(249, 333)
(249, 345)
(250, 293)
(250, 359)
(250, 360)
(250, 266)
(250, 280)
(250, 276)
(250, 374)
(250, 344)
(251, 388)
(251, 393)
(251, 300)
(251, 354)
(251, 356)
(251, 369)
(252, 257)
(252, 390)
(252, 284)
(252, 286)
(252, 296)
(252, 316)
(252, 336)
(252, 338)
(252, 339)
(252, 353)
(252, 366)
(252, 368)
(252, 371)
(252, 380)
(252, 382)
(253, 256)
(253, 386)
(253, 260)
(253, 263)
(253, 268)
(253, 258)
(253, 271)
(253, 283)
(253, 287)
(253, 302)
(253, 307)
(253, 315)
(253, 320)
(253, 321)
(253, 328)
(253, 329)
(253, 348)
(253, 349)
(253, 358)
(253, 373)
(253, 378)
(253, 379)
(253, 254)
(253, 383)
(254, 256)
(254, 386)
(254, 258)
(254, 269)
(254, 292)
(254, 297)
(254, 302)
(254, 315)
(254, 320)
(254, 321)
(254, 323)
(254, 326)
(254, 329)
(254, 334)
(254, 397)
(254, 337)
(254, 348)
(254, 349)
(254, 355)
(254, 373)
(254, 379)
(254, 381)
(255, 384)
(255, 261)
(255, 395)
(255, 270)
(255, 275)
(255, 286)
(255, 289)
(255, 298)
(255, 305)
(255, 313)
(255, 317)
(255, 319)
(255, 323)
(255, 327)
(255, 338)
(255, 342)
(255, 362)
(255, 363)
(255, 375)
(255, 377)
(256, 386)
(256, 261)
(256, 269)
(256, 292)
(256, 297)
(256, 302)
(256, 315)
(256, 319)
(256, 321)
(256, 323)
(256, 326)
(256, 329)
(256, 334)
(256, 337)
(256, 349)
(256, 355)
(256, 363)
(256, 365)
(256, 377)
(256, 379)
(257, 390)
(257, 282)
(257, 284)
(257, 286)
(257, 296)
(257, 316)
(257, 336)
(257, 338)
(257, 339)
(257, 353)
(257, 366)
(257, 368)
(257, 371)
(257, 380)
(257, 382)
(258, 386)
(258, 391)
(258, 268)
(258, 397)
(258, 283)
(258, 300)
(258, 315)
(258, 320)
(258, 321)
(258, 326)
(258, 328)
(258, 329)
(258, 345)
(258, 348)
(258, 349)
(258, 373)
(258, 379)
(259, 392)
(259, 398)
(259, 279)
(259, 282)
(259, 284)
(259, 295)
(259, 296)
(259, 308)
(259, 336)
(259, 339)
(259, 313)
(259, 367)
(259, 370)
(259, 275)
(259, 380)
(260, 386)
(260, 263)
(260, 268)
(260, 271)
(260, 283)
(260, 287)
(260, 302)
(260, 315)
(260, 320)
(260, 328)
(260, 329)
(260, 348)
(260, 349)
(260, 352)
(260, 358)
(260, 373)
(260, 378)
(260, 383)
(261, 384)
(261, 269)
(261, 275)
(261, 292)
(261, 295)
(261, 297)
(261, 298)
(261, 313)
(261, 317)
(261, 319)
(261, 323)
(261, 327)
(261, 334)
(261, 337)
(261, 342)
(261, 355)
(261, 362)
(261, 363)
(261, 365)
(261, 370)
(261, 375)
(261, 377)
(262, 354)
(262, 293)
(262, 266)
(262, 303)
(262, 340)
(262, 325)
(263, 386)
(263, 271)
(263, 272)
(263, 278)
(263, 287)
(263, 294)
(263, 302)
(263, 304)
(263, 307)
(263, 314)
(263, 315)
(263, 320)
(263, 328)
(263, 329)
(263, 349)
(263, 352)
(263, 358)
(263, 373)
(263, 378)
(263, 383)
(264, 268)
(264, 399)
(264, 274)
(264, 283)
(264, 287)
(264, 328)
(264, 345)
(264, 348)
(265, 391)
(265, 394)
(265, 399)
(265, 274)
(265, 346)
(265, 291)
(265, 300)
(265, 333)
(266, 276)
(266, 293)
(266, 301)
(266, 303)
(266, 309)
(266, 325)
(266, 330)
(266, 340)
(266, 344)
(266, 359)
(266, 374)
(267, 385)
(267, 387)
(267, 396)
(267, 272)
(267, 285)
(267, 288)
(267, 299)
(267, 304)
(267, 310)
(267, 311)
(267, 318)
(267, 322)
(267, 331)
(267, 347)
(267, 351)
(268, 386)
(268, 274)
(268, 283)
(268, 287)
(268, 320)
(268, 328)
(268, 345)
(268, 348)
(268, 349)
(268, 373)
(268, 379)
(269, 275)
(269, 278)
(269, 292)
(269, 295)
(269, 297)
(269, 302)
(269, 307)
(269, 315)
(269, 321)
(269, 323)
(269, 329)
(269, 334)
(269, 337)
(269, 355)
(269, 358)
(269, 363)
(269, 365)
(269, 375)
(269, 377)
(270, 384)
(270, 395)
(270, 282)
(270, 286)
(270, 289)
(270, 298)
(270, 305)
(270, 313)
(270, 317)
(270, 327)
(270, 338)
(270, 339)
(270, 341)
(270, 342)
(270, 366)
(270, 368)
(270, 371)
(270, 375)
(270, 382)
(271, 396)
(271, 272)
(271, 278)
(271, 285)
(271, 294)
(271, 304)
(271, 307)
(271, 314)
(271, 287)
(271, 320)
(271, 352)
(271, 358)
(271, 378)
(271, 383)
(272, 385)
(272, 387)
(272, 389)
(272, 396)
(272, 278)
(272, 285)
(272, 294)
(272, 304)
(272, 307)
(272, 314)
(272, 322)
(272, 331)
(272, 347)
(272, 351)
(272, 358)
(272, 383)
(273, 276)
(273, 280)
(273, 309)
(273, 344)
(273, 359)
(273, 360)
(273, 374)
(274, 391)
(274, 394)
(274, 399)
(274, 283)
(274, 291)
(274, 333)
(274, 345)
(274, 346)
(275, 384)
(275, 389)
(275, 392)
(275, 398)
(275, 282)
(275, 292)
(275, 295)
(275, 298)
(275, 308)
(275, 313)
(275, 317)
(275, 323)
(275, 327)
(275, 334)
(275, 337)
(275, 339)
(275, 342)
(275, 355)
(275, 363)
(275, 365)
(275, 367)
(275, 370)
(275, 375)
(275, 377)
(276, 280)
(276, 293)
(276, 309)
(276, 330)
(276, 344)
(276, 359)
(276, 360)
(276, 374)
(277, 395)
(277, 289)
(277, 305)
(277, 306)
(277, 312)
(277, 332)
(277, 335)
(277, 341)
(277, 343)
(277, 350)
(277, 376)
(278, 389)
(278, 392)
(278, 294)
(278, 295)
(278, 302)
(278, 304)
(278, 307)
(278, 314)
(278, 329)
(278, 334)
(278, 351)
(278, 358)
(278, 365)
(278, 378)
(278, 383)
(279, 387)
(279, 389)
(279, 392)
(279, 398)
(279, 295)
(279, 308)
(279, 311)
(279, 318)
(279, 351)
(279, 367)
(279, 370)
(279, 380)
(280, 293)
(280, 309)
(280, 330)
(280, 344)
(280, 359)
(280, 360)
(280, 374)
(281, 290)
(281, 301)
(281, 303)
(281, 324)
(281, 326)
(281, 330)
(281, 354)
(281, 356)
(281, 361)
(281, 364)
(281, 372)
(281, 381)
(282, 384)
(282, 392)
(282, 398)
(282, 284)
(282, 295)
(282, 296)
(282, 298)
(282, 308)
(282, 313)
(282, 317)
(282, 327)
(282, 336)
(282, 339)
(282, 342)
(282, 367)
(282, 370)
(282, 375)
(282, 380)
(283, 386)
(283, 391)
(283, 397)
(283, 287)
(283, 320)
(283, 328)
(283, 345)
(283, 348)
(283, 349)
(283, 373)
(283, 379)
(284, 390)
(284, 398)
(284, 296)
(284, 313)
(284, 317)
(284, 336)
(284, 339)
(284, 366)
(284, 370)
(284, 380)
(285, 385)
(285, 396)
(285, 288)
(285, 294)
(285, 299)
(285, 304)
(285, 310)
(285, 322)
(285, 331)
(285, 347)
(285, 352)
(286, 384)
(286, 390)
(286, 395)
(286, 289)
(286, 316)
(286, 327)
(286, 335)
(286, 338)
(286, 341)
(286, 357)
(286, 366)
(286, 368)
(286, 371)
(286, 382)
(287, 320)
(287, 328)
(287, 345)
(287, 352)
(287, 373)
(287, 378)
(287, 383)
(288, 385)
(288, 387)
(288, 396)
(288, 299)
(288, 310)
(288, 311)
(288, 322)
(288, 331)
(288, 347)
(289, 395)
(289, 305)
(289, 306)
(289, 312)
(289, 327)
(289, 332)
(289, 335)
(289, 338)
(289, 341)
(289, 343)
(289, 350)
(289, 376)
(290, 393)
(290, 397)
(290, 300)
(290, 326)
(290, 354)
(290, 356)
(290, 361)
(290, 369)
(290, 372)
(290, 381)
(291, 394)
(291, 333)
(291, 399)
(291, 346)
(292, 295)
(292, 297)
(292, 302)
(292, 315)
(292, 319)
(292, 321)
(292, 323)
(292, 329)
(292, 334)
(292, 337)
(292, 355)
(292, 363)
(292, 365)
(292, 375)
(292, 377)
(293, 344)
(293, 303)
(293, 309)
(293, 330)
(293, 340)
(293, 359)
(293, 360)
(293, 374)
(294, 385)
(294, 396)
(294, 304)
(294, 307)
(294, 314)
(294, 322)
(294, 347)
(294, 351)
(294, 352)
(294, 358)
(294, 378)
(294, 383)
(295, 389)
(295, 392)
(295, 398)
(295, 307)
(295, 308)
(295, 313)
(295, 318)
(295, 334)
(295, 337)
(295, 351)
(295, 355)
(295, 363)
(295, 365)
(295, 367)
(295, 370)
(295, 375)
(295, 377)
(296, 390)
(296, 366)
(296, 336)
(296, 339)
(296, 398)
(296, 380)
(297, 386)
(297, 302)
(297, 315)
(297, 319)
(297, 321)
(297, 323)
(297, 326)
(297, 329)
(297, 334)
(297, 337)
(297, 355)
(297, 363)
(297, 364)
(297, 377)
(297, 379)
(297, 381)
(298, 384)
(298, 395)
(298, 398)
(298, 313)
(298, 317)
(298, 323)
(298, 327)
(298, 338)
(298, 339)
(298, 342)
(298, 355)
(298, 363)
(298, 365)
(298, 370)
(298, 375)
(298, 377)
(299, 385)
(299, 396)
(299, 304)
(299, 310)
(299, 322)
(299, 331)
(299, 347)
(300, 388)
(300, 391)
(300, 393)
(300, 397)
(300, 369)
(301, 303)
(301, 309)
(301, 312)
(301, 324)
(301, 330)
(301, 344)
(301, 359)
(301, 374)
(302, 386)
(302, 307)
(302, 314)
(302, 315)
(302, 320)
(302, 321)
(302, 328)
(302, 329)
(302, 334)
(302, 337)
(302, 348)
(302, 349)
(302, 355)
(302, 358)
(302, 373)
(302, 378)
(302, 379)
(302, 383)
(303, 309)
(303, 325)
(303, 330)
(303, 340)
(303, 344)
(303, 354)
(303, 359)
(303, 372)
(303, 374)
(304, 385)
(304, 396)
(304, 307)
(304, 314)
(304, 322)
(304, 331)
(304, 347)
(304, 352)
(304, 358)
(304, 378)
(304, 383)
(305, 395)
(305, 306)
(305, 312)
(305, 324)
(305, 327)
(305, 332)
(305, 343)
(305, 350)
(305, 362)
(305, 376)
(306, 395)
(306, 312)
(306, 332)
(306, 335)
(306, 341)
(306, 343)
(306, 350)
(306, 376)
(307, 389)
(307, 314)
(307, 320)
(307, 329)
(307, 334)
(307, 351)
(307, 358)
(307, 365)
(307, 378)
(307, 383)
(308, 389)
(308, 392)
(308, 398)
(308, 311)
(308, 317)
(308, 318)
(308, 339)
(308, 313)
(308, 351)
(308, 355)
(308, 365)
(308, 367)
(308, 370)
(308, 375)
(309, 312)
(309, 324)
(309, 330)
(309, 344)
(309, 359)
(309, 360)
(309, 374)
(310, 385)
(310, 387)
(310, 396)
(310, 322)
(310, 331)
(310, 347)
(311, 387)
(311, 389)
(311, 392)
(311, 318)
(311, 331)
(311, 347)
(311, 351)
(311, 367)
(312, 324)
(312, 332)
(312, 343)
(312, 350)
(312, 376)
(313, 384)
(313, 392)
(313, 398)
(313, 317)
(313, 327)
(313, 338)
(313, 339)
(313, 342)
(313, 363)
(313, 365)
(313, 367)
(313, 370)
(313, 375)
(313, 377)
(313, 380)
(314, 389)
(314, 396)
(314, 351)
(314, 358)
(314, 378)
(314, 383)
(315, 386)
(315, 397)
(315, 320)
(315, 321)
(315, 328)
(315, 329)
(315, 334)
(315, 348)
(315, 349)
(315, 358)
(315, 373)
(315, 378)
(315, 379)
(316, 390)
(316, 338)
(316, 353)
(316, 357)
(316, 366)
(316, 368)
(316, 371)
(316, 382)
(317, 384)
(317, 395)
(317, 398)
(317, 327)
(317, 338)
(317, 339)
(317, 342)
(317, 363)
(317, 365)
(317, 370)
(317, 375)
(317, 377)
(317, 380)
(318, 387)
(318, 389)
(318, 392)
(318, 331)
(318, 351)
(318, 367)
(319, 395)
(319, 323)
(319, 324)
(319, 337)
(319, 355)
(319, 362)
(319, 363)
(319, 364)
(319, 377)
(320, 386)
(320, 321)
(320, 328)
(320, 329)
(320, 348)
(320, 349)
(320, 358)
(320, 373)
(320, 378)
(320, 379)
(320, 383)
(321, 386)
(321, 323)
(321, 326)
(321, 329)
(321, 334)
(321, 397)
(321, 337)
(321, 348)
(321, 349)
(321, 355)
(321, 373)
(321, 379)
(321, 381)
(322, 385)
(322, 396)
(322, 331)
(322, 347)
(323, 334)
(323, 337)
(323, 342)
(323, 355)
(323, 362)
(323, 363)
(323, 364)
(323, 365)
(323, 375)
(323, 377)
(324, 332)
(324, 350)
(324, 362)
(324, 364)
(325, 340)
(325, 354)
(325, 356)
(325, 372)
(326, 397)
(326, 361)
(326, 364)
(326, 372)
(326, 379)
(326, 381)
(327, 384)
(327, 395)
(327, 371)
(327, 338)
(327, 342)
(327, 362)
(327, 363)
(327, 368)
(327, 375)
(327, 377)
(328, 386)
(328, 329)
(328, 345)
(328, 348)
(328, 349)
(328, 358)
(328, 373)
(328, 378)
(328, 379)
(328, 383)
(329, 386)
(329, 334)
(329, 337)
(329, 348)
(329, 349)
(329, 355)
(329, 358)
(329, 373)
(329, 378)
(329, 379)
(329, 383)
(330, 340)
(330, 344)
(330, 359)
(330, 360)
(330, 374)
(331, 385)
(331, 387)
(331, 396)
(331, 347)
(331, 351)
(332, 395)
(332, 343)
(332, 350)
(332, 362)
(332, 376)
(333, 394)
(333, 399)
(333, 346)
(334, 337)
(334, 355)
(334, 358)
(334, 363)
(334, 365)
(334, 375)
(334, 377)
(335, 338)
(335, 341)
(335, 343)
(335, 357)
(335, 366)
(335, 368)
(335, 371)
(335, 382)
(336, 390)
(336, 339)
(336, 366)
(336, 398)
(336, 380)
(337, 342)
(337, 355)
(337, 363)
(337, 365)
(337, 375)
(337, 377)
(338, 384)
(338, 390)
(338, 395)
(338, 339)
(338, 341)
(338, 342)
(338, 357)
(338, 366)
(338, 368)
(338, 371)
(338, 382)
(339, 384)
(339, 398)
(339, 342)
(339, 366)
(339, 370)
(339, 375)
(339, 380)
(340, 354)
(340, 359)
(340, 344)
(341, 343)
(341, 357)
(341, 366)
(341, 368)
(341, 371)
(341, 382)
(342, 384)
(342, 395)
(342, 398)
(342, 355)
(342, 362)
(342, 363)
(342, 365)
(342, 370)
(342, 375)
(342, 377)
(343, 395)
(343, 350)
(343, 376)
(344, 359)
(344, 360)
(344, 374)
(345, 386)
(345, 391)
(345, 399)
(345, 349)
(345, 348)
(345, 373)
(346, 394)
(346, 399)
(347, 385)
(347, 387)
(347, 396)
(347, 351)
(348, 386)
(348, 391)
(348, 397)
(348, 349)
(348, 373)
(348, 379)
(349, 386)
(349, 397)
(349, 358)
(349, 373)
(349, 378)
(349, 379)
(350, 395)
(350, 362)
(350, 376)
(351, 387)
(351, 389)
(351, 392)
(351, 367)
(352, 396)
(352, 378)
(352, 383)
(353, 357)
(353, 390)
(353, 366)
(353, 368)
(353, 371)
(353, 382)
(354, 393)
(354, 356)
(354, 361)
(354, 369)
(354, 372)
(355, 392)
(355, 363)
(355, 365)
(355, 370)
(355, 375)
(355, 377)
(356, 393)
(356, 388)
(356, 361)
(356, 369)
(356, 372)
(357, 390)
(357, 366)
(357, 368)
(357, 371)
(357, 382)
(358, 386)
(358, 373)
(358, 378)
(358, 383)
(359, 360)
(359, 374)
(360, 374)
(361, 397)
(361, 372)
(361, 381)
(362, 395)
(362, 363)
(362, 364)
(362, 377)
(363, 384)
(363, 365)
(363, 370)
(363, 375)
(363, 377)
(364, 377)
(364, 381)
(365, 389)
(365, 392)
(365, 367)
(365, 370)
(365, 375)
(365, 377)
(366, 390)
(366, 368)
(366, 371)
(366, 382)
(367, 387)
(367, 389)
(367, 392)
(367, 398)
(367, 370)
(367, 375)
(368, 390)
(368, 371)
(368, 382)
(369, 391)
(369, 393)
(369, 397)
(369, 388)
(369, 372)
(370, 384)
(370, 389)
(370, 392)
(370, 398)
(370, 375)
(370, 380)
(371, 390)
(371, 382)
(372, 393)
(372, 381)
(373, 386)
(373, 397)
(373, 378)
(373, 379)
(375, 384)
(375, 392)
(375, 398)
(375, 377)
(377, 384)
(378, 386)
(378, 383)
(379, 386)
(379, 397)
(380, 398)
(381, 397)
(382, 390)
(383, 396)
(384, 395)
(384, 398)
(385, 387)
(385, 396)
(386, 397)
(387, 389)
(388, 393)
(389, 392)
(391, 393)
(391, 397)
(391, 399)
(392, 398)
(394, 399)
