#Nodes
0
1
2
3
4
5
6
7
8
9
10
11
12
13
14
15
16
17
18
19
20
21
22
23
24
25
26
27
28
29
30
31
32
33
34
35
36
37
38
39
40
41
42
43
44
45
46
47
48
49
50
51
52
53
54
55
56
57
58
59
60
61
62
63
64
65
66
67
68
69
70
71
72
73
74
75
76
77
78
79
80
81
82
83
84
85
86
87
88
89
90
91
92
93
94
95
96
97
98
99
#Edges
(0, 33)
(0, 11)
(0, 69)
(0, 71)
(0, 42)
(0, 39)
(0, 76)
(0, 46)
(0, 19)
(0, 14)
(0, 54)
(0, 57)
(0, 60)
(1, 67)
(1, 36)
(1, 77)
(1, 82)
(1, 88)
(1, 93)
(1, 62)
(2, 99)
(2, 37)
(2, 73)
(2, 13)
(2, 15)
(2, 51)
(2, 41)
(2, 88)
(2, 91)
(3, 32)
(3, 97)
(3, 65)
(3, 80)
(3, 81)
(3, 50)
(3, 55)
(3, 26)
(3, 30)
(4, 5)
(4, 7)
(4, 43)
(4, 12)
(4, 45)
(4, 21)
(4, 24)
(4, 25)
(5, 38)
(5, 43)
(5, 21)
(5, 24)
(5, 25)
(5, 90)
(6, 32)
(6, 65)
(6, 68)
(6, 69)
(6, 10)
(6, 44)
(6, 47)
(6, 55)
(6, 89)
(6, 61)
(6, 94)
(7, 96)
(7, 40)
(7, 9)
(7, 12)
(7, 45)
(8, 27)
(8, 73)
(8, 99)
(8, 51)
(8, 15)
(9, 96)
(9, 64)
(9, 45)
(9, 40)
(10, 32)
(10, 65)
(10, 68)
(10, 69)
(10, 44)
(10, 47)
(10, 81)
(10, 55)
(10, 89)
(10, 61)
(10, 94)
(11, 71)
(11, 60)
(11, 42)
(11, 39)
(11, 76)
(11, 28)
(11, 84)
(11, 14)
(11, 54)
(11, 57)
(11, 92)
(11, 31)
(12, 40)
(12, 45)
(13, 33)
(13, 98)
(13, 37)
(13, 70)
(13, 41)
(13, 34)
(13, 78)
(13, 79)
(13, 48)
(13, 19)
(13, 52)
(13, 46)
(13, 22)
(13, 91)
(13, 63)
(14, 33)
(14, 69)
(14, 71)
(14, 42)
(14, 39)
(14, 76)
(14, 19)
(14, 54)
(14, 57)
(14, 60)
(15, 51)
(15, 91)
(15, 73)
(15, 99)
(15, 41)
(15, 27)
(16, 67)
(16, 36)
(16, 40)
(16, 45)
(16, 20)
(16, 21)
(16, 86)
(16, 62)
(17, 66)
(17, 70)
(17, 72)
(17, 23)
(17, 79)
(17, 48)
(17, 49)
(17, 85)
(17, 22)
(17, 87)
(17, 63)
(18, 72)
(18, 56)
(18, 66)
(18, 92)
(18, 85)
(19, 33)
(19, 98)
(19, 37)
(19, 71)
(19, 34)
(19, 78)
(19, 52)
(19, 46)
(19, 54)
(19, 90)
(19, 93)
(20, 64)
(20, 67)
(20, 36)
(20, 40)
(20, 86)
(21, 43)
(21, 45)
(21, 24)
(21, 25)
(21, 62)
(22, 33)
(22, 98)
(22, 37)
(22, 70)
(22, 34)
(22, 78)
(22, 79)
(22, 48)
(22, 49)
(22, 52)
(22, 46)
(22, 54)
(22, 91)
(22, 92)
(22, 63)
(23, 66)
(23, 72)
(23, 79)
(23, 48)
(23, 49)
(23, 85)
(23, 87)
(24, 38)
(24, 43)
(24, 25)
(24, 90)
(24, 61)
(25, 38)
(25, 43)
(25, 90)
(26, 97)
(26, 65)
(26, 80)
(26, 81)
(26, 50)
(26, 55)
(26, 61)
(27, 73)
(27, 51)
(27, 87)
(28, 76)
(28, 44)
(28, 57)
(28, 89)
(28, 60)
(29, 74)
(29, 75)
(30, 32)
(30, 81)
(30, 50)
(30, 47)
(31, 60)
(31, 76)
(31, 84)
(31, 57)
(31, 92)
(32, 97)
(32, 68)
(32, 65)
(32, 44)
(32, 47)
(32, 81)
(32, 50)
(32, 55)
(32, 61)
(32, 94)
(33, 98)
(33, 37)
(33, 71)
(33, 39)
(33, 34)
(33, 78)
(33, 52)
(33, 46)
(33, 54)
(33, 91)
(33, 63)
(34, 98)
(34, 37)
(34, 70)
(34, 78)
(34, 79)
(34, 48)
(34, 49)
(34, 52)
(34, 46)
(34, 54)
(34, 91)
(34, 63)
(35, 67)
(35, 36)
(35, 77)
(35, 82)
(35, 83)
(35, 53)
(35, 88)
(35, 58)
(35, 59)
(35, 62)
(35, 95)
(36, 67)
(36, 77)
(36, 82)
(36, 53)
(36, 88)
(36, 58)
(36, 59)
(36, 62)
(36, 95)
(37, 98)
(37, 70)
(37, 41)
(37, 78)
(37, 79)
(37, 48)
(37, 52)
(37, 46)
(37, 91)
(37, 63)
(38, 43)
(38, 90)
(38, 61)
(38, 94)
(39, 69)
(39, 71)
(39, 92)
(39, 42)
(39, 76)
(39, 46)
(39, 54)
(39, 57)
(39, 60)
(40, 96)
(40, 64)
(40, 45)
(40, 86)
(41, 98)
(41, 99)
(41, 73)
(41, 78)
(41, 52)
(41, 91)
(41, 93)
(42, 69)
(42, 71)
(42, 92)
(42, 76)
(42, 54)
(42, 57)
(42, 60)
(43, 90)
(43, 93)
(44, 47)
(44, 89)
(46, 98)
(46, 70)
(46, 78)
(46, 79)
(46, 48)
(46, 49)
(46, 52)
(46, 54)
(46, 91)
(46, 63)
(48, 70)
(48, 79)
(48, 49)
(48, 87)
(48, 91)
(48, 63)
(49, 70)
(49, 72)
(49, 79)
(49, 87)
(49, 63)
(50, 97)
(50, 65)
(50, 81)
(50, 55)
(51, 99)
(51, 73)
(51, 74)
(52, 98)
(52, 70)
(52, 78)
(52, 54)
(52, 91)
(52, 63)
(53, 77)
(53, 82)
(53, 83)
(53, 88)
(53, 58)
(53, 59)
(53, 95)
(54, 98)
(54, 69)
(54, 71)
(54, 76)
(54, 78)
(54, 60)
(54, 63)
(55, 97)
(55, 68)
(55, 65)
(55, 80)
(55, 81)
(55, 61)
(55, 94)
(56, 72)
(56, 66)
(56, 85)
(57, 71)
(57, 60)
(57, 76)
(57, 84)
(57, 92)
(58, 67)
(58, 77)
(58, 82)
(58, 83)
(58, 88)
(58, 59)
(58, 62)
(58, 95)
(59, 67)
(59, 77)
(59, 82)
(59, 83)
(59, 88)
(59, 95)
(60, 69)
(60, 71)
(60, 76)
(60, 84)
(60, 92)
(61, 65)
(61, 68)
(61, 69)
(61, 80)
(61, 94)
(62, 67)
(62, 77)
(62, 82)
(62, 88)
(62, 93)
(63, 98)
(63, 70)
(63, 78)
(63, 79)
(63, 91)
(63, 92)
(64, 96)
(64, 86)
(65, 97)
(65, 68)
(65, 80)
(65, 81)
(65, 94)
(66, 72)
(66, 85)
(67, 77)
(67, 82)
(67, 88)
(67, 95)
(68, 69)
(68, 94)
(69, 71)
(69, 76)
(69, 94)
(70, 79)
(70, 87)
(70, 91)
(71, 76)
(71, 92)
(72, 85)
(73, 91)
(73, 99)
(74, 75)
(74, 99)
(76, 84)
(76, 92)
(77, 82)
(77, 83)
(77, 88)
(77, 95)
(78, 98)
(78, 91)
(78, 93)
(79, 87)
(79, 91)
(80, 97)
(80, 81)
(81, 97)
(82, 88)
(82, 95)
(83, 88)
(83, 95)
(84, 92)
(87, 91)
(88, 95)
(90, 93)
(91, 98)
(93, 98)
