#Nodes
0
1
2
3
4
5
6
7
8
9
10
11
12
13
14
15
16
17
18
19
20
21
22
23
24
25
26
27
28
29
30
31
32
33
34
35
36
37
38
39
40
41
42
43
44
45
46
47
48
49
50
51
52
53
54
55
56
57
58
59
60
61
62
63
64
65
66
67
68
69
70
71
72
73
74
75
76
77
78
79
80
81
82
83
84
85
86
87
88
89
90
91
92
93
94
95
96
97
98
99
#Edges
(0, 32)
(0, 65)
(0, 34)
(0, 67)
(0, 9)
(0, 10)
(0, 11)
(0, 16)
(0, 50)
(0, 51)
(0, 85)
(0, 55)
(0, 88)
(0, 58)
(1, 96)
(1, 33)
(1, 98)
(1, 36)
(1, 38)
(1, 7)
(1, 77)
(1, 13)
(1, 18)
(1, 52)
(1, 53)
(1, 57)
(1, 60)
(1, 95)
(2, 97)
(2, 69)
(2, 72)
(2, 14)
(2, 79)
(2, 48)
(2, 84)
(2, 86)
(2, 23)
(2, 22)
(2, 28)
(2, 93)
(2, 62)
(2, 63)
(3, 64)
(3, 98)
(3, 36)
(3, 38)
(3, 18)
(3, 52)
(4, 97)
(4, 69)
(4, 39)
(4, 12)
(4, 44)
(4, 79)
(4, 48)
(4, 54)
(4, 87)
(4, 25)
(4, 90)
(5, 66)
(5, 35)
(5, 68)
(5, 8)
(5, 12)
(5, 44)
(5, 54)
(5, 25)
(5, 90)
(6, 96)
(6, 33)
(6, 98)
(6, 99)
(6, 36)
(6, 38)
(6, 18)
(7, 37)
(7, 40)
(7, 42)
(7, 75)
(7, 13)
(7, 82)
(7, 52)
(7, 21)
(7, 20)
(7, 60)
(7, 29)
(7, 30)
(7, 95)
(8, 66)
(8, 35)
(8, 68)
(8, 12)
(8, 11)
(8, 44)
(8, 34)
(8, 50)
(8, 54)
(8, 25)
(8, 90)
(9, 34)
(9, 68)
(9, 11)
(9, 16)
(9, 50)
(9, 51)
(9, 85)
(9, 55)
(9, 88)
(9, 58)
(10, 32)
(10, 65)
(10, 34)
(10, 11)
(10, 45)
(10, 17)
(10, 50)
(10, 56)
(10, 89)
(10, 31)
(11, 34)
(11, 35)
(11, 68)
(11, 16)
(11, 50)
(11, 85)
(11, 58)
(12, 66)
(12, 35)
(12, 68)
(12, 44)
(12, 54)
(12, 25)
(12, 90)
(13, 37)
(13, 40)
(13, 42)
(13, 75)
(13, 82)
(13, 52)
(13, 21)
(13, 20)
(13, 29)
(13, 30)
(13, 95)
(14, 69)
(14, 15)
(14, 73)
(14, 79)
(14, 48)
(14, 49)
(14, 84)
(14, 86)
(14, 23)
(14, 22)
(14, 27)
(14, 28)
(14, 62)
(14, 63)
(15, 22)
(15, 72)
(15, 75)
(15, 82)
(15, 20)
(15, 86)
(15, 28)
(15, 63)
(16, 34)
(16, 67)
(16, 50)
(16, 51)
(16, 85)
(16, 55)
(16, 88)
(16, 58)
(17, 32)
(17, 65)
(17, 70)
(17, 77)
(17, 45)
(17, 19)
(17, 53)
(17, 24)
(17, 57)
(17, 60)
(17, 94)
(17, 31)
(18, 96)
(18, 33)
(18, 98)
(18, 99)
(18, 36)
(18, 38)
(18, 52)
(18, 53)
(18, 57)
(18, 60)
(19, 96)
(19, 65)
(19, 99)
(19, 70)
(19, 32)
(19, 41)
(19, 77)
(19, 53)
(19, 24)
(19, 57)
(19, 60)
(19, 94)
(19, 31)
(20, 37)
(20, 40)
(20, 42)
(20, 75)
(20, 82)
(20, 21)
(20, 29)
(20, 30)
(21, 37)
(21, 40)
(21, 42)
(21, 75)
(21, 29)
(21, 30)
(22, 72)
(22, 76)
(22, 84)
(22, 86)
(22, 59)
(22, 93)
(22, 63)
(23, 97)
(23, 69)
(23, 39)
(23, 78)
(23, 79)
(23, 48)
(23, 84)
(23, 86)
(23, 93)
(23, 62)
(24, 96)
(24, 65)
(24, 99)
(24, 32)
(24, 70)
(24, 33)
(24, 41)
(24, 53)
(24, 57)
(24, 60)
(24, 94)
(24, 31)
(25, 97)
(25, 66)
(25, 35)
(25, 69)
(25, 44)
(25, 79)
(25, 48)
(25, 54)
(25, 87)
(25, 90)
(26, 76)
(26, 78)
(26, 61)
(26, 84)
(26, 46)
(26, 86)
(26, 47)
(26, 93)
(27, 69)
(27, 73)
(27, 45)
(27, 49)
(27, 56)
(27, 89)
(27, 28)
(27, 95)
(28, 73)
(28, 49)
(28, 82)
(28, 56)
(28, 89)
(28, 95)
(28, 63)
(29, 37)
(29, 40)
(29, 42)
(29, 75)
(29, 30)
(30, 37)
(30, 40)
(30, 42)
(30, 75)
(30, 82)
(31, 32)
(31, 65)
(31, 70)
(31, 77)
(31, 45)
(31, 53)
(31, 57)
(31, 60)
(31, 94)
(32, 65)
(32, 67)
(32, 70)
(32, 74)
(32, 88)
(32, 58)
(32, 94)
(33, 96)
(33, 98)
(33, 99)
(33, 36)
(33, 38)
(33, 41)
(33, 52)
(33, 53)
(33, 57)
(33, 60)
(33, 94)
(34, 66)
(34, 35)
(34, 68)
(34, 50)
(34, 85)
(34, 58)
(35, 66)
(35, 68)
(35, 44)
(35, 50)
(35, 54)
(35, 90)
(36, 96)
(36, 64)
(36, 98)
(36, 99)
(36, 38)
(36, 52)
(36, 53)
(36, 57)
(37, 40)
(37, 42)
(37, 75)
(37, 82)
(38, 96)
(38, 98)
(38, 99)
(38, 52)
(38, 53)
(38, 57)
(38, 60)
(39, 97)
(39, 79)
(39, 48)
(39, 62)
(40, 42)
(40, 75)
(40, 82)
(41, 99)
(41, 70)
(41, 53)
(41, 57)
(41, 94)
(42, 75)
(42, 82)
(44, 66)
(44, 69)
(44, 54)
(44, 68)
(44, 90)
(45, 65)
(45, 73)
(45, 77)
(45, 49)
(45, 56)
(45, 89)
(45, 95)
(46, 72)
(46, 76)
(46, 78)
(46, 61)
(46, 84)
(46, 86)
(46, 47)
(46, 93)
(47, 59)
(47, 76)
(47, 61)
(48, 97)
(48, 69)
(48, 79)
(48, 90)
(48, 62)
(49, 73)
(49, 77)
(49, 56)
(49, 89)
(49, 95)
(50, 66)
(50, 68)
(50, 85)
(51, 67)
(51, 74)
(51, 85)
(51, 55)
(51, 88)
(51, 58)
(52, 96)
(52, 98)
(52, 53)
(52, 57)
(52, 60)
(53, 96)
(53, 98)
(53, 99)
(53, 70)
(53, 77)
(53, 57)
(53, 60)
(53, 94)
(54, 66)
(54, 71)
(54, 83)
(54, 87)
(54, 90)
(54, 92)
(55, 67)
(55, 74)
(55, 85)
(55, 88)
(55, 58)
(56, 65)
(56, 73)
(56, 77)
(56, 89)
(56, 95)
(57, 96)
(57, 98)
(57, 99)
(57, 70)
(57, 60)
(57, 94)
(58, 67)
(58, 74)
(58, 85)
(58, 88)
(59, 72)
(59, 76)
(59, 61)
(60, 96)
(60, 98)
(60, 70)
(60, 77)
(60, 94)
(60, 95)
(61, 76)
(62, 97)
(62, 69)
(62, 79)
(62, 84)
(62, 86)
(63, 72)
(63, 75)
(63, 82)
(63, 84)
(63, 86)
(63, 93)
(65, 70)
(65, 77)
(65, 94)
(66, 68)
(66, 90)
(67, 74)
(67, 85)
(67, 88)
(69, 97)
(69, 79)
(69, 90)
(70, 77)
(70, 94)
(71, 80)
(71, 81)
(71, 83)
(71, 87)
(71, 91)
(71, 92)
(72, 76)
(72, 84)
(72, 86)
(72, 93)
(73, 77)
(73, 89)
(73, 95)
(74, 88)
(75, 82)
(76, 86)
(76, 78)
(76, 84)
(76, 93)
(77, 89)
(77, 94)
(77, 95)
(78, 84)
(78, 86)
(78, 93)
(79, 97)
(79, 90)
(80, 81)
(80, 83)
(80, 91)
(80, 92)
(81, 83)
(81, 91)
(81, 92)
(82, 95)
(83, 87)
(83, 91)
(83, 92)
(84, 86)
(84, 93)
(85, 88)
(86, 93)
(87, 91)
(87, 92)
(89, 95)
(91, 92)
(94, 96)
(94, 99)
(96, 98)
(96, 99)
(98, 99)
