#Nodes
0
1
2
3
4
5
6
7
8
9
10
11
12
13
14
15
16
17
18
19
20
21
22
23
24
25
26
27
28
29
30
31
32
33
34
35
36
37
38
39
40
41
42
43
44
45
46
47
48
49
50
51
52
53
54
55
56
57
58
59
60
61
62
63
64
65
66
67
68
69
70
71
72
73
74
75
76
77
78
79
80
81
82
83
84
85
86
87
88
89
90
91
92
93
94
95
96
97
98
99
#Edges
(0, 19)
(0, 65)
(0, 66)
(0, 6)
(0, 33)
(0, 40)
(0, 43)
(0, 51)
(0, 52)
(0, 22)
(0, 25)
(1, 72)
(1, 56)
(1, 99)
(1, 62)
(1, 48)
(2, 32)
(2, 5)
(2, 8)
(2, 9)
(2, 75)
(2, 13)
(2, 77)
(2, 79)
(2, 49)
(2, 84)
(2, 54)
(2, 90)
(2, 94)
(3, 96)
(3, 32)
(3, 98)
(3, 81)
(3, 84)
(3, 94)
(4, 67)
(4, 7)
(4, 42)
(4, 11)
(4, 76)
(4, 53)
(4, 26)
(4, 91)
(4, 61)
(4, 95)
(5, 8)
(5, 9)
(5, 75)
(5, 13)
(5, 77)
(5, 14)
(5, 79)
(5, 49)
(5, 52)
(5, 54)
(5, 90)
(6, 65)
(6, 66)
(6, 33)
(6, 40)
(6, 43)
(6, 51)
(6, 22)
(6, 25)
(7, 64)
(7, 67)
(7, 38)
(7, 42)
(7, 11)
(7, 76)
(7, 26)
(7, 53)
(7, 23)
(7, 89)
(7, 58)
(7, 91)
(7, 60)
(7, 61)
(8, 45)
(8, 9)
(8, 75)
(8, 13)
(8, 77)
(8, 14)
(8, 79)
(8, 49)
(8, 52)
(8, 54)
(8, 90)
(9, 32)
(9, 75)
(9, 13)
(9, 77)
(9, 79)
(9, 49)
(9, 84)
(9, 54)
(9, 90)
(9, 94)
(10, 36)
(10, 73)
(10, 18)
(10, 21)
(10, 41)
(10, 92)
(11, 42)
(11, 53)
(11, 26)
(11, 91)
(11, 61)
(11, 95)
(12, 67)
(12, 69)
(12, 38)
(12, 15)
(12, 44)
(12, 76)
(12, 29)
(12, 16)
(12, 89)
(12, 58)
(12, 59)
(12, 28)
(12, 93)
(13, 32)
(13, 45)
(13, 75)
(13, 77)
(13, 79)
(13, 49)
(13, 82)
(13, 84)
(13, 54)
(13, 87)
(13, 90)
(13, 15)
(13, 94)
(14, 43)
(14, 75)
(14, 45)
(14, 79)
(14, 82)
(14, 52)
(14, 54)
(14, 90)
(15, 69)
(15, 39)
(15, 44)
(15, 45)
(15, 78)
(15, 16)
(15, 82)
(15, 87)
(15, 89)
(15, 59)
(15, 28)
(15, 29)
(15, 94)
(16, 35)
(16, 69)
(16, 38)
(16, 39)
(16, 78)
(16, 81)
(16, 20)
(16, 87)
(16, 89)
(16, 58)
(16, 59)
(16, 28)
(16, 29)
(16, 94)
(17, 70)
(17, 47)
(17, 85)
(17, 56)
(17, 92)
(17, 31)
(18, 36)
(18, 73)
(18, 21)
(18, 41)
(18, 95)
(19, 33)
(19, 22)
(19, 75)
(19, 80)
(19, 50)
(19, 51)
(19, 52)
(19, 86)
(19, 24)
(19, 63)
(20, 35)
(20, 69)
(20, 39)
(20, 23)
(20, 78)
(20, 81)
(20, 83)
(20, 46)
(20, 55)
(20, 58)
(20, 60)
(21, 73)
(21, 92)
(21, 36)
(22, 65)
(22, 66)
(22, 33)
(22, 80)
(22, 50)
(22, 51)
(22, 86)
(22, 24)
(22, 63)
(23, 35)
(23, 67)
(23, 38)
(23, 46)
(23, 83)
(23, 53)
(23, 55)
(23, 58)
(23, 60)
(24, 51)
(24, 80)
(24, 50)
(24, 86)
(24, 63)
(25, 65)
(25, 66)
(25, 99)
(25, 33)
(25, 71)
(25, 40)
(25, 43)
(25, 51)
(25, 52)
(26, 64)
(26, 67)
(26, 36)
(26, 41)
(26, 42)
(26, 76)
(26, 53)
(26, 91)
(26, 61)
(26, 95)
(27, 96)
(27, 81)
(27, 98)
(28, 67)
(28, 69)
(28, 38)
(28, 44)
(28, 76)
(28, 35)
(28, 87)
(28, 89)
(28, 58)
(28, 59)
(28, 29)
(29, 69)
(29, 44)
(29, 45)
(29, 82)
(29, 87)
(29, 89)
(29, 59)
(29, 93)
(30, 88)
(30, 97)
(30, 37)
(30, 85)
(30, 57)
(31, 34)
(31, 70)
(31, 71)
(31, 44)
(31, 47)
(31, 85)
(31, 93)
(32, 96)
(32, 39)
(32, 77)
(32, 81)
(32, 84)
(32, 87)
(32, 94)
(33, 65)
(33, 66)
(33, 40)
(33, 43)
(33, 80)
(33, 51)
(33, 52)
(34, 70)
(34, 71)
(34, 44)
(34, 82)
(34, 93)
(35, 69)
(35, 38)
(35, 39)
(35, 55)
(35, 78)
(35, 81)
(35, 83)
(35, 46)
(35, 87)
(35, 89)
(35, 58)
(35, 60)
(36, 64)
(36, 73)
(36, 42)
(36, 41)
(36, 95)
(37, 97)
(37, 85)
(37, 88)
(37, 57)
(37, 92)
(38, 67)
(38, 76)
(38, 46)
(38, 59)
(38, 83)
(38, 53)
(38, 55)
(38, 89)
(38, 58)
(38, 91)
(38, 60)
(39, 96)
(39, 69)
(39, 78)
(39, 81)
(39, 84)
(39, 87)
(39, 94)
(40, 65)
(40, 66)
(40, 99)
(40, 43)
(40, 51)
(41, 73)
(41, 74)
(41, 42)
(41, 95)
(42, 74)
(42, 53)
(42, 91)
(42, 61)
(42, 95)
(43, 66)
(43, 71)
(43, 51)
(43, 52)
(44, 45)
(44, 82)
(44, 89)
(44, 59)
(44, 93)
(45, 82)
(45, 54)
(45, 90)
(45, 59)
(46, 55)
(46, 83)
(46, 58)
(46, 60)
(47, 70)
(47, 72)
(47, 85)
(47, 56)
(47, 92)
(48, 99)
(48, 71)
(48, 72)
(48, 56)
(48, 62)
(49, 75)
(49, 77)
(49, 79)
(49, 54)
(49, 90)
(50, 86)
(50, 80)
(50, 63)
(51, 65)
(51, 66)
(51, 80)
(51, 52)
(52, 75)
(52, 79)
(52, 54)
(52, 90)
(53, 67)
(53, 55)
(53, 91)
(53, 60)
(53, 61)
(54, 75)
(54, 77)
(54, 79)
(54, 82)
(54, 90)
(55, 83)
(55, 58)
(55, 60)
(56, 70)
(56, 72)
(56, 85)
(56, 62)
(57, 97)
(57, 85)
(57, 88)
(57, 92)
(58, 67)
(58, 69)
(58, 76)
(58, 83)
(58, 89)
(58, 59)
(58, 60)
(59, 69)
(59, 76)
(59, 82)
(59, 87)
(59, 89)
(60, 67)
(60, 83)
(60, 89)
(61, 67)
(61, 91)
(61, 95)
(62, 72)
(63, 86)
(63, 80)
(64, 67)
(64, 73)
(64, 76)
(64, 91)
(65, 66)
(67, 76)
(67, 89)
(67, 91)
(68, 97)
(69, 78)
(69, 81)
(69, 87)
(69, 89)
(69, 94)
(70, 71)
(70, 85)
(70, 93)
(71, 99)
(71, 93)
(72, 99)
(72, 85)
(73, 92)
(74, 95)
(75, 77)
(75, 79)
(75, 90)
(76, 89)
(76, 91)
(77, 79)
(77, 84)
(77, 90)
(78, 96)
(78, 81)
(78, 87)
(78, 94)
(79, 90)
(80, 86)
(81, 96)
(81, 98)
(81, 84)
(81, 87)
(81, 94)
(82, 93)
(82, 90)
(84, 96)
(84, 87)
(84, 94)
(85, 88)
(85, 92)
(87, 96)
(87, 94)
(88, 97)
(88, 92)
(91, 95)
(94, 96)
(96, 98)
