#Nodes
0
1
2
3
4
5
6
7
8
9
10
11
12
13
14
15
16
17
18
19
20
21
22
23
24
25
26
27
28
29
30
31
32
33
34
35
36
37
38
39
40
41
42
43
44
45
46
47
48
49
50
51
52
53
54
55
56
57
58
59
60
61
62
63
64
65
66
67
68
69
70
71
72
73
74
75
76
77
78
79
80
81
82
83
84
85
86
87
88
89
90
91
92
93
94
95
96
97
98
99
#Edges
(0, 66)
(0, 38)
(0, 39)
(0, 74)
(0, 83)
(0, 54)
(1, 99)
(1, 7)
(1, 75)
(1, 13)
(1, 15)
(1, 23)
(1, 26)
(1, 91)
(1, 61)
(1, 30)
(1, 63)
(2, 86)
(2, 38)
(2, 17)
(2, 73)
(2, 12)
(2, 49)
(2, 18)
(2, 19)
(2, 54)
(2, 25)
(3, 43)
(3, 42)
(3, 75)
(3, 78)
(3, 29)
(3, 81)
(3, 82)
(3, 51)
(3, 46)
(3, 88)
(3, 89)
(3, 15)
(3, 92)
(3, 61)
(3, 30)
(4, 72)
(4, 98)
(4, 53)
(5, 70)
(5, 71)
(5, 77)
(5, 50)
(5, 24)
(5, 93)
(6, 16)
(6, 36)
(6, 69)
(6, 40)
(6, 11)
(6, 45)
(6, 14)
(6, 79)
(6, 80)
(6, 82)
(6, 20)
(6, 87)
(6, 58)
(6, 59)
(6, 28)
(6, 37)
(7, 99)
(7, 8)
(7, 75)
(7, 13)
(7, 15)
(7, 81)
(7, 30)
(7, 23)
(7, 89)
(7, 26)
(7, 27)
(7, 61)
(7, 62)
(8, 65)
(8, 68)
(8, 33)
(8, 10)
(8, 75)
(8, 15)
(8, 81)
(8, 23)
(8, 30)
(8, 56)
(8, 88)
(8, 89)
(8, 90)
(8, 27)
(8, 92)
(8, 61)
(8, 62)
(9, 65)
(9, 10)
(9, 62)
(9, 33)
(10, 65)
(10, 68)
(10, 33)
(10, 27)
(10, 62)
(11, 67)
(11, 36)
(11, 37)
(11, 40)
(11, 41)
(11, 80)
(11, 82)
(11, 51)
(11, 85)
(11, 55)
(11, 59)
(12, 32)
(12, 35)
(12, 86)
(12, 39)
(12, 73)
(12, 42)
(12, 17)
(12, 83)
(12, 84)
(12, 54)
(12, 58)
(12, 28)
(12, 31)
(13, 99)
(13, 23)
(13, 26)
(13, 91)
(13, 63)
(14, 37)
(14, 79)
(14, 80)
(14, 82)
(14, 51)
(14, 20)
(14, 87)
(14, 58)
(14, 59)
(14, 28)
(15, 75)
(15, 81)
(15, 23)
(15, 89)
(15, 26)
(15, 27)
(15, 92)
(15, 61)
(15, 30)
(16, 69)
(16, 70)
(16, 45)
(16, 79)
(16, 20)
(16, 87)
(17, 86)
(17, 73)
(17, 79)
(17, 18)
(17, 19)
(17, 54)
(17, 25)
(17, 58)
(17, 28)
(18, 73)
(18, 79)
(18, 19)
(18, 86)
(18, 25)
(19, 86)
(19, 38)
(19, 73)
(19, 49)
(19, 54)
(19, 25)
(20, 36)
(20, 69)
(20, 70)
(20, 45)
(20, 79)
(20, 80)
(20, 87)
(20, 58)
(20, 59)
(20, 37)
(21, 72)
(21, 41)
(21, 98)
(21, 67)
(21, 40)
(22, 52)
(22, 60)
(23, 99)
(23, 42)
(23, 75)
(23, 81)
(23, 89)
(23, 26)
(23, 91)
(23, 61)
(23, 30)
(23, 63)
(24, 50)
(24, 77)
(24, 70)
(24, 71)
(25, 86)
(25, 73)
(25, 79)
(25, 49)
(25, 54)
(26, 99)
(26, 42)
(26, 75)
(26, 84)
(26, 91)
(26, 30)
(26, 63)
(27, 65)
(27, 68)
(27, 33)
(27, 75)
(27, 29)
(27, 81)
(27, 56)
(27, 88)
(27, 89)
(27, 90)
(27, 61)
(28, 37)
(28, 79)
(28, 82)
(28, 86)
(28, 87)
(28, 58)
(28, 59)
(29, 96)
(29, 97)
(29, 43)
(29, 68)
(29, 44)
(29, 46)
(29, 76)
(29, 78)
(29, 47)
(29, 81)
(29, 51)
(29, 85)
(29, 56)
(29, 88)
(29, 90)
(29, 92)
(30, 42)
(30, 75)
(30, 81)
(30, 89)
(30, 92)
(30, 61)
(31, 32)
(31, 35)
(31, 39)
(31, 42)
(31, 83)
(31, 84)
(31, 86)
(32, 35)
(32, 86)
(32, 39)
(32, 42)
(32, 83)
(32, 84)
(32, 54)
(33, 65)
(33, 61)
(33, 62)
(34, 64)
(34, 48)
(34, 36)
(34, 69)
(34, 71)
(34, 41)
(34, 77)
(34, 45)
(34, 80)
(34, 57)
(34, 93)
(34, 94)
(34, 95)
(35, 39)
(35, 42)
(35, 83)
(35, 84)
(35, 86)
(36, 67)
(36, 69)
(36, 40)
(36, 41)
(36, 45)
(36, 80)
(36, 87)
(36, 59)
(36, 93)
(36, 94)
(36, 37)
(37, 40)
(37, 87)
(37, 45)
(37, 80)
(37, 82)
(37, 51)
(37, 55)
(37, 58)
(37, 59)
(38, 66)
(38, 39)
(38, 73)
(38, 74)
(38, 49)
(38, 54)
(39, 66)
(39, 83)
(39, 84)
(39, 54)
(40, 67)
(40, 41)
(40, 80)
(40, 82)
(40, 51)
(40, 85)
(40, 55)
(40, 59)
(41, 64)
(41, 67)
(41, 72)
(41, 48)
(41, 55)
(41, 94)
(42, 78)
(42, 84)
(42, 92)
(43, 44)
(43, 55)
(43, 76)
(43, 78)
(43, 81)
(43, 82)
(43, 51)
(43, 85)
(43, 56)
(43, 88)
(43, 46)
(43, 90)
(43, 92)
(44, 96)
(44, 97)
(44, 68)
(44, 76)
(44, 46)
(44, 47)
(44, 56)
(44, 85)
(44, 55)
(44, 88)
(44, 90)
(45, 69)
(45, 70)
(45, 80)
(45, 87)
(45, 59)
(45, 93)
(45, 94)
(46, 97)
(46, 55)
(46, 76)
(46, 78)
(46, 47)
(46, 81)
(46, 51)
(46, 85)
(46, 56)
(46, 88)
(46, 90)
(46, 92)
(47, 96)
(47, 97)
(47, 68)
(47, 65)
(47, 76)
(47, 56)
(47, 88)
(47, 90)
(48, 64)
(48, 71)
(48, 77)
(48, 57)
(48, 93)
(48, 94)
(48, 95)
(49, 73)
(49, 74)
(49, 54)
(50, 77)
(50, 71)
(51, 76)
(51, 78)
(51, 81)
(51, 82)
(51, 85)
(51, 55)
(51, 92)
(52, 60)
(52, 53)
(53, 98)
(54, 66)
(54, 73)
(54, 74)
(54, 83)
(54, 86)
(55, 67)
(55, 76)
(55, 80)
(55, 82)
(55, 85)
(56, 96)
(56, 97)
(56, 68)
(56, 65)
(56, 76)
(56, 81)
(56, 88)
(56, 90)
(57, 64)
(57, 71)
(57, 77)
(57, 93)
(57, 94)
(57, 95)
(58, 79)
(58, 82)
(58, 86)
(58, 87)
(58, 59)
(59, 69)
(59, 79)
(59, 80)
(59, 82)
(59, 87)
(61, 75)
(61, 81)
(61, 88)
(61, 89)
(61, 92)
(61, 62)
(63, 99)
(63, 91)
(64, 67)
(64, 72)
(64, 93)
(64, 94)
(64, 95)
(65, 96)
(65, 68)
(65, 88)
(65, 90)
(66, 74)
(66, 83)
(67, 80)
(67, 85)
(67, 94)
(68, 96)
(68, 88)
(68, 90)
(69, 70)
(69, 80)
(69, 87)
(69, 93)
(71, 77)
(71, 93)
(71, 94)
(71, 95)
(72, 98)
(73, 86)
(75, 81)
(75, 88)
(75, 89)
(75, 92)
(76, 96)
(76, 97)
(76, 78)
(76, 85)
(76, 88)
(76, 90)
(77, 93)
(77, 94)
(77, 95)
(78, 81)
(78, 82)
(78, 85)
(78, 88)
(78, 89)
(78, 90)
(78, 92)
(79, 86)
(79, 87)
(80, 82)
(80, 87)
(80, 93)
(80, 94)
(81, 88)
(81, 89)
(81, 90)
(81, 92)
(82, 85)
(82, 92)
(83, 84)
(85, 97)
(88, 89)
(88, 90)
(88, 92)
(89, 90)
(89, 92)
(90, 96)
(90, 92)
(91, 99)
(93, 94)
(93, 95)
(94, 95)
(96, 97)
