#Nodes
0
1
2
3
4
5
6
7
8
9
10
11
12
13
14
15
16
17
18
19
20
21
22
23
24
25
26
27
28
29
30
31
32
33
34
35
36
37
38
39
40
41
42
43
44
45
46
47
48
49
50
51
52
53
54
55
56
57
58
59
60
61
62
63
64
65
66
67
68
69
70
71
72
73
74
75
76
77
78
79
80
81
82
83
84
85
86
87
88
89
90
91
92
93
94
95
96
97
98
99
#Edges
(0, 84)
(0, 22)
(0, 94)
(0, 23)
(1, 96)
(1, 32)
(1, 3)
(1, 40)
(1, 73)
(1, 26)
(2, 65)
(2, 9)
(2, 75)
(2, 76)
(2, 78)
(2, 61)
(2, 55)
(2, 56)
(2, 57)
(2, 91)
(2, 92)
(2, 93)
(2, 63)
(3, 49)
(3, 82)
(4, 19)
(4, 33)
(4, 34)
(4, 99)
(4, 69)
(4, 39)
(4, 11)
(4, 13)
(4, 17)
(4, 83)
(4, 85)
(4, 89)
(4, 58)
(4, 61)
(4, 30)
(4, 31)
(5, 66)
(5, 52)
(5, 10)
(5, 14)
(5, 47)
(6, 67)
(6, 36)
(6, 15)
(6, 16)
(6, 18)
(6, 86)
(6, 27)
(7, 64)
(7, 97)
(7, 34)
(7, 33)
(7, 71)
(7, 12)
(7, 48)
(7, 49)
(7, 19)
(7, 24)
(8, 99)
(8, 37)
(8, 70)
(8, 72)
(8, 12)
(8, 77)
(8, 50)
(8, 20)
(8, 53)
(8, 58)
(8, 59)
(8, 60)
(8, 21)
(9, 65)
(9, 11)
(9, 81)
(9, 55)
(9, 56)
(9, 57)
(9, 92)
(9, 93)
(10, 66)
(10, 70)
(10, 46)
(10, 47)
(10, 52)
(10, 14)
(10, 59)
(11, 69)
(11, 17)
(11, 44)
(11, 76)
(11, 61)
(11, 79)
(11, 81)
(11, 55)
(11, 57)
(11, 91)
(11, 92)
(11, 93)
(12, 64)
(12, 34)
(12, 99)
(12, 37)
(12, 72)
(12, 77)
(12, 20)
(12, 53)
(12, 24)
(12, 58)
(12, 60)
(13, 39)
(13, 42)
(13, 44)
(13, 83)
(13, 25)
(13, 85)
(13, 54)
(13, 87)
(13, 89)
(13, 30)
(13, 31)
(14, 66)
(14, 35)
(14, 70)
(14, 74)
(14, 77)
(14, 46)
(14, 52)
(14, 53)
(14, 20)
(14, 90)
(14, 59)
(14, 21)
(15, 36)
(15, 43)
(15, 16)
(15, 18)
(15, 68)
(16, 36)
(16, 43)
(16, 18)
(16, 68)
(17, 69)
(17, 44)
(17, 76)
(17, 61)
(17, 79)
(17, 81)
(17, 57)
(17, 91)
(17, 92)
(17, 93)
(18, 68)
(18, 43)
(18, 88)
(18, 28)
(18, 29)
(19, 64)
(19, 97)
(19, 34)
(19, 69)
(19, 39)
(19, 76)
(19, 48)
(19, 49)
(19, 24)
(19, 33)
(19, 91)
(19, 61)
(19, 30)
(20, 99)
(20, 37)
(20, 70)
(20, 72)
(20, 77)
(20, 46)
(20, 50)
(20, 52)
(20, 53)
(20, 88)
(20, 59)
(20, 60)
(20, 62)
(20, 21)
(21, 51)
(21, 66)
(21, 35)
(21, 37)
(21, 74)
(21, 77)
(21, 46)
(21, 50)
(21, 83)
(21, 52)
(21, 85)
(21, 25)
(21, 89)
(21, 90)
(21, 42)
(21, 94)
(21, 53)
(22, 87)
(22, 80)
(22, 84)
(22, 23)
(22, 94)
(23, 80)
(23, 41)
(24, 64)
(24, 97)
(24, 34)
(24, 33)
(24, 71)
(24, 72)
(24, 48)
(24, 49)
(25, 42)
(25, 51)
(25, 30)
(25, 74)
(25, 46)
(25, 50)
(25, 83)
(25, 85)
(25, 87)
(25, 89)
(25, 90)
(25, 58)
(25, 94)
(25, 31)
(26, 96)
(26, 32)
(26, 67)
(26, 40)
(26, 73)
(26, 45)
(26, 86)
(26, 27)
(27, 32)
(27, 67)
(27, 36)
(27, 71)
(27, 40)
(27, 45)
(27, 86)
(28, 70)
(28, 43)
(28, 47)
(28, 88)
(28, 59)
(28, 29)
(28, 62)
(28, 95)
(29, 68)
(29, 70)
(29, 43)
(29, 47)
(29, 88)
(29, 59)
(29, 62)
(29, 95)
(30, 99)
(30, 69)
(30, 39)
(30, 50)
(30, 83)
(30, 85)
(30, 89)
(30, 58)
(30, 31)
(30, 37)
(31, 39)
(31, 50)
(31, 83)
(31, 85)
(31, 89)
(31, 58)
(32, 96)
(32, 71)
(32, 40)
(32, 73)
(32, 45)
(32, 86)
(33, 64)
(33, 97)
(33, 34)
(33, 69)
(33, 39)
(33, 76)
(33, 48)
(33, 49)
(33, 82)
(33, 91)
(34, 64)
(34, 97)
(34, 99)
(34, 69)
(34, 39)
(34, 48)
(34, 49)
(34, 58)
(35, 66)
(35, 74)
(35, 46)
(35, 51)
(35, 52)
(35, 84)
(35, 90)
(35, 94)
(36, 68)
(36, 71)
(36, 72)
(36, 43)
(36, 86)
(37, 99)
(37, 77)
(37, 50)
(37, 83)
(37, 85)
(37, 89)
(37, 90)
(37, 60)
(37, 58)
(37, 53)
(38, 81)
(38, 44)
(38, 54)
(38, 79)
(39, 64)
(39, 99)
(39, 69)
(39, 50)
(39, 83)
(39, 85)
(39, 89)
(39, 58)
(40, 96)
(40, 71)
(40, 73)
(40, 45)
(40, 86)
(41, 98)
(41, 42)
(41, 87)
(41, 80)
(41, 54)
(42, 51)
(42, 74)
(42, 46)
(42, 83)
(42, 84)
(42, 85)
(42, 87)
(42, 89)
(42, 90)
(42, 94)
(43, 68)
(43, 70)
(43, 72)
(43, 77)
(43, 88)
(43, 60)
(43, 62)
(44, 79)
(44, 81)
(44, 54)
(45, 96)
(45, 67)
(45, 73)
(45, 86)
(46, 66)
(46, 74)
(46, 50)
(46, 51)
(46, 52)
(46, 53)
(46, 90)
(46, 94)
(47, 70)
(47, 52)
(47, 88)
(47, 59)
(47, 62)
(48, 64)
(48, 97)
(48, 71)
(48, 49)
(49, 64)
(49, 97)
(49, 69)
(49, 82)
(50, 99)
(50, 77)
(50, 83)
(50, 85)
(50, 89)
(50, 90)
(50, 60)
(50, 58)
(50, 53)
(51, 74)
(51, 84)
(51, 85)
(51, 87)
(51, 89)
(51, 90)
(51, 94)
(52, 66)
(52, 70)
(52, 53)
(52, 90)
(52, 59)
(53, 99)
(53, 70)
(53, 77)
(53, 83)
(53, 90)
(53, 59)
(53, 60)
(53, 58)
(54, 98)
(54, 79)
(55, 65)
(55, 75)
(55, 78)
(55, 61)
(55, 56)
(55, 57)
(55, 92)
(55, 93)
(55, 63)
(56, 65)
(56, 75)
(56, 76)
(56, 78)
(56, 57)
(56, 91)
(56, 92)
(56, 93)
(56, 63)
(57, 65)
(57, 76)
(57, 61)
(57, 81)
(57, 91)
(57, 92)
(57, 93)
(57, 63)
(58, 99)
(58, 83)
(58, 85)
(58, 89)
(59, 70)
(59, 77)
(59, 88)
(59, 62)
(60, 99)
(60, 68)
(60, 70)
(60, 72)
(60, 77)
(61, 69)
(61, 76)
(61, 91)
(61, 92)
(61, 93)
(62, 68)
(62, 70)
(62, 77)
(62, 88)
(62, 95)
(63, 65)
(63, 75)
(63, 78)
(63, 91)
(63, 92)
(63, 93)
(64, 97)
(64, 69)
(64, 82)
(65, 75)
(65, 78)
(65, 92)
(65, 93)
(66, 90)
(66, 74)
(66, 94)
(67, 96)
(67, 73)
(67, 86)
(68, 70)
(68, 72)
(68, 88)
(69, 97)
(69, 76)
(69, 91)
(70, 77)
(70, 88)
(71, 86)
(72, 77)
(73, 96)
(73, 86)
(74, 84)
(74, 85)
(74, 87)
(74, 89)
(74, 90)
(74, 94)
(75, 78)
(75, 93)
(76, 97)
(76, 82)
(76, 91)
(76, 92)
(76, 93)
(77, 99)
(77, 88)
(79, 81)
(80, 98)
(80, 87)
(81, 92)
(82, 97)
(82, 91)
(83, 99)
(83, 85)
(83, 89)
(83, 90)
(84, 87)
(84, 94)
(85, 99)
(85, 89)
(85, 90)
(86, 96)
(87, 94)
(88, 95)
(89, 99)
(90, 94)
(91, 97)
(91, 92)
(91, 93)
(92, 93)
