#Nodes
0
1
2
3
4
5
6
7
8
9
10
11
12
13
14
15
16
17
18
19
20
21
22
23
24
25
26
27
28
29
30
31
32
33
34
35
36
37
38
39
40
41
42
43
44
45
46
47
48
49
50
51
52
53
54
55
56
57
58
59
60
61
62
63
64
65
66
67
68
69
70
71
72
73
74
75
76
77
78
79
80
81
82
83
84
85
86
87
88
89
90
91
92
93
94
95
96
97
98
99
100
101
102
103
104
105
106
107
108
109
110
111
112
113
114
115
116
117
118
119
120
121
122
123
124
125
126
127
128
129
130
131
132
133
134
135
136
137
138
139
140
141
142
143
144
145
146
147
148
149
150
151
152
153
154
155
156
157
158
159
160
161
162
163
164
165
166
167
168
169
170
171
172
173
174
175
176
177
178
179
180
181
182
183
184
185
186
187
188
189
190
191
192
193
194
195
196
197
198
199
200
201
202
203
204
205
206
207
208
209
210
211
212
213
214
215
216
217
218
219
220
221
222
223
224
225
226
227
228
229
230
231
232
233
234
235
236
237
238
239
240
241
242
243
244
245
246
247
248
249
#Edges
(0, 11)
(0, 143)
(0, 145)
(0, 20)
(0, 27)
(0, 32)
(0, 240)
(0, 39)
(0, 168)
(0, 175)
(0, 49)
(0, 182)
(0, 61)
(0, 54)
(0, 72)
(0, 205)
(0, 208)
(0, 85)
(0, 87)
(0, 92)
(0, 94)
(0, 223)
(0, 96)
(0, 227)
(0, 229)
(0, 232)
(0, 237)
(0, 112)
(0, 244)
(0, 118)
(0, 249)
(1, 6)
(1, 141)
(1, 153)
(1, 156)
(1, 157)
(1, 159)
(1, 33)
(1, 34)
(1, 36)
(1, 165)
(1, 48)
(1, 180)
(1, 183)
(1, 56)
(1, 67)
(1, 69)
(1, 199)
(1, 200)
(1, 203)
(1, 207)
(1, 215)
(1, 217)
(1, 218)
(1, 55)
(1, 97)
(1, 103)
(1, 234)
(1, 242)
(1, 121)
(1, 126)
(2, 224)
(2, 83)
(2, 196)
(2, 133)
(2, 200)
(2, 233)
(2, 74)
(2, 77)
(2, 29)
(2, 26)
(2, 179)
(2, 52)
(2, 122)
(2, 164)
(2, 186)
(2, 219)
(2, 157)
(2, 158)
(3, 235)
(3, 4)
(3, 22)
(3, 134)
(3, 7)
(3, 8)
(3, 140)
(3, 141)
(3, 15)
(3, 147)
(3, 46)
(3, 150)
(3, 47)
(3, 31)
(3, 165)
(3, 166)
(3, 40)
(3, 169)
(3, 41)
(3, 174)
(3, 175)
(3, 176)
(3, 51)
(3, 183)
(3, 61)
(3, 62)
(3, 63)
(3, 194)
(3, 197)
(3, 78)
(3, 79)
(3, 81)
(3, 82)
(3, 213)
(3, 91)
(3, 221)
(3, 94)
(3, 106)
(3, 107)
(3, 19)
(3, 117)
(3, 247)
(3, 125)
(3, 127)
(4, 107)
(4, 134)
(4, 7)
(4, 136)
(4, 140)
(4, 141)
(4, 15)
(4, 147)
(4, 22)
(4, 47)
(4, 69)
(4, 48)
(4, 166)
(4, 40)
(4, 169)
(4, 41)
(4, 46)
(4, 175)
(4, 176)
(4, 8)
(4, 51)
(4, 183)
(4, 61)
(4, 62)
(4, 245)
(4, 194)
(4, 197)
(4, 203)
(4, 78)
(4, 79)
(4, 82)
(4, 213)
(4, 94)
(4, 230)
(4, 105)
(4, 106)
(4, 235)
(4, 19)
(4, 117)
(4, 119)
(4, 127)
(4, 125)
(4, 247)
(5, 135)
(5, 9)
(5, 14)
(5, 144)
(5, 18)
(5, 154)
(5, 30)
(5, 38)
(5, 241)
(5, 177)
(5, 184)
(5, 187)
(5, 60)
(5, 189)
(5, 66)
(5, 68)
(5, 80)
(5, 211)
(5, 105)
(5, 110)
(5, 239)
(5, 113)
(5, 245)
(5, 119)
(6, 116)
(6, 164)
(6, 228)
(6, 133)
(6, 199)
(6, 200)
(6, 97)
(6, 103)
(6, 238)
(6, 242)
(6, 123)
(6, 121)
(6, 196)
(6, 215)
(6, 217)
(6, 122)
(6, 219)
(6, 156)
(6, 157)
(7, 107)
(7, 134)
(7, 8)
(7, 140)
(7, 15)
(7, 150)
(7, 47)
(7, 31)
(7, 161)
(7, 169)
(7, 173)
(7, 174)
(7, 175)
(7, 176)
(7, 49)
(7, 51)
(7, 54)
(7, 61)
(7, 62)
(7, 63)
(7, 195)
(7, 197)
(7, 78)
(7, 79)
(7, 208)
(7, 81)
(7, 213)
(7, 91)
(7, 221)
(7, 94)
(7, 106)
(7, 235)
(7, 247)
(7, 125)
(7, 127)
(8, 134)
(8, 140)
(8, 141)
(8, 15)
(8, 150)
(8, 31)
(8, 165)
(8, 169)
(8, 46)
(8, 51)
(8, 183)
(8, 62)
(8, 63)
(8, 194)
(8, 195)
(8, 78)
(8, 79)
(8, 81)
(8, 213)
(8, 218)
(8, 91)
(8, 221)
(8, 106)
(8, 107)
(8, 115)
(8, 127)
(9, 66)
(9, 113)
(9, 38)
(9, 198)
(9, 177)
(9, 73)
(9, 135)
(9, 108)
(9, 14)
(9, 239)
(9, 144)
(9, 241)
(9, 18)
(9, 17)
(9, 68)
(9, 154)
(9, 187)
(9, 30)
(10, 192)
(10, 43)
(10, 142)
(10, 104)
(10, 75)
(10, 172)
(10, 206)
(10, 111)
(10, 152)
(10, 178)
(10, 148)
(10, 190)
(10, 23)
(10, 216)
(10, 120)
(10, 222)
(10, 149)
(11, 143)
(11, 145)
(11, 20)
(11, 32)
(11, 240)
(11, 168)
(11, 49)
(11, 182)
(11, 72)
(11, 205)
(11, 208)
(11, 85)
(11, 92)
(11, 223)
(11, 96)
(11, 227)
(11, 229)
(11, 232)
(11, 112)
(11, 244)
(11, 118)
(11, 249)
(12, 160)
(12, 128)
(12, 70)
(12, 198)
(12, 167)
(12, 171)
(12, 114)
(12, 210)
(12, 25)
(12, 124)
(13, 225)
(13, 130)
(13, 17)
(13, 102)
(13, 230)
(13, 135)
(13, 95)
(13, 21)
(13, 204)
(13, 66)
(13, 144)
(13, 209)
(13, 18)
(13, 181)
(13, 246)
(13, 151)
(13, 248)
(13, 154)
(13, 187)
(13, 28)
(13, 191)
(14, 132)
(14, 135)
(14, 136)
(14, 144)
(14, 30)
(14, 38)
(14, 177)
(14, 184)
(14, 60)
(14, 189)
(14, 65)
(14, 66)
(14, 68)
(14, 80)
(14, 211)
(14, 88)
(14, 98)
(14, 105)
(14, 110)
(14, 239)
(14, 245)
(14, 119)
(15, 235)
(15, 134)
(15, 136)
(15, 47)
(15, 140)
(15, 141)
(15, 147)
(15, 22)
(15, 155)
(15, 166)
(15, 40)
(15, 169)
(15, 41)
(15, 46)
(15, 175)
(15, 176)
(15, 51)
(15, 61)
(15, 62)
(15, 245)
(15, 194)
(15, 197)
(15, 247)
(15, 78)
(15, 79)
(15, 82)
(15, 213)
(15, 94)
(15, 105)
(15, 106)
(15, 107)
(15, 19)
(15, 117)
(15, 119)
(15, 125)
(15, 127)
(16, 137)
(16, 144)
(16, 17)
(16, 151)
(16, 24)
(16, 154)
(16, 28)
(16, 35)
(16, 181)
(16, 187)
(16, 188)
(16, 71)
(16, 73)
(16, 204)
(16, 209)
(16, 212)
(16, 214)
(16, 89)
(16, 90)
(16, 220)
(16, 101)
(16, 102)
(16, 108)
(16, 109)
(16, 241)
(16, 246)
(17, 130)
(17, 135)
(17, 137)
(17, 144)
(17, 18)
(17, 151)
(17, 24)
(17, 154)
(17, 28)
(17, 35)
(17, 181)
(17, 187)
(17, 188)
(17, 66)
(17, 71)
(17, 204)
(17, 209)
(17, 212)
(17, 214)
(17, 89)
(17, 90)
(17, 101)
(17, 102)
(17, 108)
(17, 109)
(17, 241)
(17, 246)
(18, 225)
(18, 66)
(18, 230)
(18, 135)
(18, 136)
(18, 108)
(18, 204)
(18, 144)
(18, 209)
(18, 105)
(18, 181)
(18, 119)
(18, 154)
(18, 187)
(18, 30)
(18, 191)
(19, 134)
(19, 136)
(19, 140)
(19, 141)
(19, 147)
(19, 22)
(19, 69)
(19, 48)
(19, 165)
(19, 166)
(19, 40)
(19, 41)
(19, 46)
(19, 176)
(19, 51)
(19, 183)
(19, 159)
(19, 62)
(19, 194)
(19, 67)
(19, 197)
(19, 33)
(19, 203)
(19, 82)
(19, 225)
(19, 230)
(19, 117)
(19, 55)
(19, 125)
(19, 126)
(20, 143)
(20, 145)
(20, 32)
(20, 240)
(20, 168)
(20, 49)
(20, 182)
(20, 54)
(20, 72)
(20, 205)
(20, 208)
(20, 85)
(20, 87)
(20, 92)
(20, 223)
(20, 96)
(20, 227)
(20, 229)
(20, 232)
(20, 112)
(20, 244)
(20, 118)
(20, 249)
(21, 130)
(21, 139)
(21, 151)
(21, 153)
(21, 28)
(21, 34)
(21, 37)
(21, 44)
(21, 50)
(21, 180)
(21, 181)
(21, 53)
(21, 201)
(21, 76)
(21, 207)
(21, 209)
(21, 86)
(21, 95)
(21, 226)
(21, 102)
(21, 234)
(21, 248)
(21, 191)
(22, 134)
(22, 136)
(22, 140)
(22, 141)
(22, 147)
(22, 69)
(22, 48)
(22, 166)
(22, 40)
(22, 41)
(22, 46)
(22, 176)
(22, 183)
(22, 62)
(22, 117)
(22, 194)
(22, 67)
(22, 197)
(22, 33)
(22, 203)
(22, 82)
(22, 225)
(22, 230)
(22, 105)
(22, 245)
(22, 247)
(22, 55)
(22, 119)
(22, 125)
(23, 192)
(23, 64)
(23, 163)
(23, 142)
(23, 104)
(23, 75)
(23, 236)
(23, 45)
(23, 206)
(23, 111)
(23, 120)
(23, 178)
(23, 243)
(23, 148)
(23, 190)
(23, 43)
(23, 152)
(23, 58)
(23, 93)
(23, 222)
(24, 130)
(24, 137)
(24, 151)
(24, 28)
(24, 185)
(24, 59)
(24, 188)
(24, 71)
(24, 204)
(24, 212)
(24, 214)
(24, 89)
(24, 90)
(24, 220)
(24, 99)
(24, 100)
(24, 101)
(24, 102)
(24, 108)
(24, 109)
(24, 246)
(25, 160)
(25, 128)
(25, 35)
(25, 70)
(25, 198)
(25, 167)
(25, 73)
(25, 171)
(25, 114)
(25, 113)
(25, 210)
(25, 124)
(26, 224)
(26, 83)
(26, 196)
(26, 133)
(26, 200)
(26, 233)
(26, 74)
(26, 77)
(26, 29)
(26, 179)
(26, 52)
(26, 122)
(26, 164)
(26, 186)
(26, 219)
(26, 157)
(26, 158)
(27, 132)
(27, 143)
(27, 155)
(27, 162)
(27, 39)
(27, 40)
(27, 42)
(27, 47)
(27, 176)
(27, 182)
(27, 61)
(27, 65)
(27, 202)
(27, 80)
(27, 211)
(27, 88)
(27, 92)
(27, 94)
(27, 208)
(27, 98)
(27, 232)
(27, 105)
(27, 237)
(27, 110)
(27, 244)
(27, 245)
(27, 247)
(28, 130)
(28, 151)
(28, 181)
(28, 185)
(28, 59)
(28, 191)
(28, 204)
(28, 209)
(28, 212)
(28, 89)
(28, 220)
(28, 95)
(28, 226)
(28, 102)
(28, 108)
(28, 246)
(28, 248)
(29, 224)
(29, 83)
(29, 196)
(29, 233)
(29, 170)
(29, 77)
(29, 179)
(29, 74)
(29, 122)
(29, 164)
(29, 218)
(29, 186)
(29, 158)
(30, 132)
(30, 135)
(30, 136)
(30, 144)
(30, 154)
(30, 38)
(30, 241)
(30, 177)
(30, 184)
(30, 60)
(30, 189)
(30, 65)
(30, 66)
(30, 68)
(30, 80)
(30, 211)
(30, 88)
(30, 105)
(30, 110)
(30, 239)
(30, 113)
(30, 245)
(30, 119)
(31, 129)
(31, 235)
(31, 134)
(31, 150)
(31, 161)
(31, 169)
(31, 173)
(31, 174)
(31, 175)
(31, 49)
(31, 51)
(31, 54)
(31, 63)
(31, 195)
(31, 78)
(31, 79)
(31, 208)
(31, 81)
(31, 213)
(31, 87)
(31, 91)
(31, 221)
(31, 240)
(31, 106)
(31, 107)
(31, 112)
(31, 115)
(31, 127)
(32, 129)
(32, 145)
(32, 161)
(32, 168)
(32, 112)
(32, 173)
(32, 174)
(32, 49)
(32, 182)
(32, 54)
(32, 72)
(32, 205)
(32, 208)
(32, 85)
(32, 87)
(32, 92)
(32, 223)
(32, 96)
(32, 227)
(32, 229)
(32, 232)
(32, 240)
(32, 118)
(32, 249)
(33, 141)
(33, 147)
(33, 153)
(33, 159)
(33, 36)
(33, 165)
(33, 166)
(33, 46)
(33, 48)
(33, 180)
(33, 53)
(33, 183)
(33, 62)
(33, 194)
(33, 67)
(33, 69)
(33, 201)
(33, 203)
(33, 207)
(33, 82)
(33, 217)
(33, 55)
(33, 230)
(33, 234)
(33, 117)
(33, 121)
(33, 126)
(34, 131)
(34, 138)
(34, 139)
(34, 153)
(34, 36)
(34, 37)
(34, 43)
(34, 50)
(34, 180)
(34, 53)
(34, 56)
(34, 57)
(34, 58)
(34, 190)
(34, 64)
(34, 193)
(34, 199)
(34, 201)
(34, 76)
(34, 207)
(34, 84)
(34, 86)
(34, 93)
(34, 95)
(34, 97)
(34, 103)
(34, 104)
(34, 234)
(34, 236)
(34, 242)
(34, 243)
(34, 123)
(35, 128)
(35, 137)
(35, 154)
(35, 160)
(35, 198)
(35, 241)
(35, 171)
(35, 187)
(35, 188)
(35, 70)
(35, 73)
(35, 210)
(35, 212)
(35, 214)
(35, 89)
(35, 90)
(35, 101)
(35, 108)
(35, 109)
(35, 113)
(35, 246)
(36, 139)
(36, 153)
(36, 159)
(36, 48)
(36, 180)
(36, 53)
(36, 183)
(36, 56)
(36, 67)
(36, 69)
(36, 199)
(36, 201)
(36, 203)
(36, 207)
(36, 86)
(36, 215)
(36, 217)
(36, 55)
(36, 95)
(36, 97)
(36, 103)
(36, 234)
(36, 242)
(36, 121)
(36, 126)
(37, 130)
(37, 44)
(37, 139)
(37, 146)
(37, 149)
(37, 43)
(37, 172)
(37, 50)
(37, 180)
(37, 53)
(37, 56)
(37, 185)
(37, 191)
(37, 64)
(37, 193)
(37, 201)
(37, 75)
(37, 76)
(37, 86)
(37, 216)
(37, 93)
(37, 95)
(37, 226)
(37, 104)
(37, 111)
(37, 248)
(38, 68)
(38, 65)
(38, 98)
(38, 132)
(38, 66)
(38, 110)
(38, 239)
(38, 80)
(38, 177)
(38, 211)
(38, 245)
(38, 184)
(38, 88)
(38, 60)
(38, 189)
(39, 143)
(39, 155)
(39, 162)
(39, 42)
(39, 47)
(39, 182)
(39, 61)
(39, 65)
(39, 202)
(39, 208)
(39, 211)
(39, 88)
(39, 92)
(39, 94)
(39, 98)
(39, 229)
(39, 232)
(39, 237)
(39, 110)
(39, 244)
(39, 247)
(40, 134)
(40, 136)
(40, 140)
(40, 147)
(40, 155)
(40, 162)
(40, 166)
(40, 41)
(40, 46)
(40, 47)
(40, 176)
(40, 61)
(40, 117)
(40, 65)
(40, 194)
(40, 197)
(40, 247)
(40, 82)
(40, 211)
(40, 94)
(40, 225)
(40, 98)
(40, 105)
(40, 237)
(40, 110)
(40, 245)
(40, 119)
(40, 125)
(40, 127)
(41, 134)
(41, 136)
(41, 140)
(41, 147)
(41, 155)
(41, 166)
(41, 46)
(41, 47)
(41, 176)
(41, 117)
(41, 65)
(41, 194)
(41, 197)
(41, 247)
(41, 82)
(41, 225)
(41, 230)
(41, 105)
(41, 110)
(41, 245)
(41, 119)
(41, 125)
(42, 65)
(42, 162)
(42, 132)
(42, 98)
(42, 232)
(42, 202)
(42, 237)
(42, 110)
(42, 143)
(42, 80)
(42, 211)
(42, 244)
(42, 182)
(42, 88)
(42, 155)
(42, 92)
(42, 61)
(43, 64)
(43, 131)
(43, 44)
(43, 139)
(43, 142)
(43, 45)
(43, 149)
(43, 152)
(43, 163)
(43, 172)
(43, 50)
(43, 178)
(43, 56)
(43, 57)
(43, 58)
(43, 190)
(43, 192)
(43, 193)
(43, 75)
(43, 76)
(43, 206)
(43, 84)
(43, 93)
(43, 222)
(43, 231)
(43, 104)
(43, 236)
(43, 111)
(43, 243)
(44, 130)
(44, 139)
(44, 146)
(44, 149)
(44, 151)
(44, 172)
(44, 50)
(44, 185)
(44, 64)
(44, 75)
(44, 76)
(44, 86)
(44, 216)
(44, 226)
(44, 99)
(44, 100)
(44, 104)
(44, 111)
(44, 248)
(45, 64)
(45, 131)
(45, 138)
(45, 142)
(45, 163)
(45, 56)
(45, 57)
(45, 58)
(45, 190)
(45, 192)
(45, 193)
(45, 76)
(45, 206)
(45, 84)
(45, 93)
(45, 222)
(45, 231)
(45, 104)
(45, 103)
(45, 236)
(45, 111)
(45, 243)
(45, 123)
(46, 134)
(46, 136)
(46, 140)
(46, 141)
(46, 147)
(46, 69)
(46, 48)
(46, 165)
(46, 166)
(46, 169)
(46, 176)
(46, 51)
(46, 183)
(46, 62)
(46, 194)
(46, 67)
(46, 197)
(46, 203)
(46, 82)
(46, 213)
(46, 225)
(46, 230)
(46, 117)
(46, 55)
(46, 125)
(46, 126)
(46, 127)
(47, 235)
(47, 134)
(47, 140)
(47, 143)
(47, 155)
(47, 162)
(47, 174)
(47, 175)
(47, 176)
(47, 49)
(47, 51)
(47, 54)
(47, 61)
(47, 65)
(47, 197)
(47, 78)
(47, 208)
(47, 92)
(47, 94)
(47, 232)
(47, 107)
(47, 237)
(47, 110)
(47, 247)
(47, 125)
(47, 127)
(48, 141)
(48, 147)
(48, 153)
(48, 159)
(48, 165)
(48, 166)
(48, 180)
(48, 55)
(48, 62)
(48, 194)
(48, 67)
(48, 69)
(48, 203)
(48, 207)
(48, 82)
(48, 217)
(48, 230)
(48, 234)
(48, 117)
(48, 121)
(48, 183)
(48, 126)
(49, 129)
(49, 107)
(49, 145)
(49, 161)
(49, 173)
(49, 174)
(49, 175)
(49, 54)
(49, 61)
(49, 63)
(49, 72)
(49, 78)
(49, 208)
(49, 85)
(49, 87)
(49, 92)
(49, 94)
(49, 223)
(49, 96)
(49, 240)
(49, 227)
(49, 229)
(49, 232)
(49, 235)
(49, 112)
(49, 249)
(49, 127)
(50, 64)
(50, 131)
(50, 138)
(50, 139)
(50, 142)
(50, 153)
(50, 163)
(50, 180)
(50, 53)
(50, 56)
(50, 57)
(50, 58)
(50, 190)
(50, 192)
(50, 193)
(50, 201)
(50, 76)
(50, 206)
(50, 84)
(50, 86)
(50, 93)
(50, 95)
(50, 103)
(50, 104)
(50, 234)
(50, 231)
(50, 236)
(50, 111)
(50, 243)
(50, 123)
(51, 235)
(51, 134)
(51, 140)
(51, 141)
(51, 150)
(51, 165)
(51, 166)
(51, 169)
(51, 174)
(51, 175)
(51, 176)
(51, 54)
(51, 61)
(51, 62)
(51, 63)
(51, 194)
(51, 197)
(51, 78)
(51, 79)
(51, 208)
(51, 81)
(51, 213)
(51, 91)
(51, 221)
(51, 94)
(51, 106)
(51, 107)
(51, 247)
(51, 125)
(51, 127)
(52, 224)
(52, 83)
(52, 133)
(52, 233)
(52, 74)
(52, 77)
(52, 179)
(52, 186)
(52, 158)
(53, 139)
(53, 153)
(53, 180)
(53, 56)
(53, 191)
(53, 64)
(53, 193)
(53, 67)
(53, 201)
(53, 76)
(53, 207)
(53, 86)
(53, 95)
(53, 234)
(53, 248)
(53, 126)
(54, 129)
(54, 107)
(54, 134)
(54, 145)
(54, 161)
(54, 112)
(54, 173)
(54, 174)
(54, 175)
(54, 176)
(54, 182)
(54, 61)
(54, 63)
(54, 78)
(54, 208)
(54, 85)
(54, 87)
(54, 92)
(54, 94)
(54, 223)
(54, 96)
(54, 227)
(54, 229)
(54, 232)
(54, 235)
(54, 237)
(54, 240)
(54, 247)
(54, 249)
(54, 127)
(55, 141)
(55, 153)
(55, 159)
(55, 165)
(55, 166)
(55, 180)
(55, 183)
(55, 62)
(55, 194)
(55, 67)
(55, 69)
(55, 203)
(55, 207)
(55, 217)
(55, 230)
(55, 234)
(55, 147)
(55, 117)
(55, 121)
(55, 126)
(56, 131)
(56, 138)
(56, 139)
(56, 142)
(56, 153)
(56, 163)
(56, 180)
(56, 57)
(56, 58)
(56, 190)
(56, 64)
(56, 193)
(56, 199)
(56, 201)
(56, 76)
(56, 207)
(56, 84)
(56, 86)
(56, 93)
(56, 97)
(56, 231)
(56, 104)
(56, 234)
(56, 103)
(56, 236)
(56, 111)
(56, 242)
(56, 243)
(56, 123)
(57, 64)
(57, 131)
(57, 138)
(57, 142)
(57, 163)
(57, 58)
(57, 190)
(57, 192)
(57, 193)
(57, 199)
(57, 76)
(57, 84)
(57, 93)
(57, 97)
(57, 103)
(57, 104)
(57, 231)
(57, 236)
(57, 242)
(57, 243)
(57, 123)
(58, 64)
(58, 131)
(58, 138)
(58, 142)
(58, 163)
(58, 190)
(58, 192)
(58, 193)
(58, 75)
(58, 76)
(58, 206)
(58, 84)
(58, 93)
(58, 222)
(58, 231)
(58, 104)
(58, 103)
(58, 236)
(58, 111)
(58, 243)
(58, 123)
(59, 226)
(59, 99)
(59, 100)
(59, 102)
(59, 71)
(59, 172)
(59, 204)
(59, 130)
(59, 146)
(59, 149)
(59, 89)
(59, 151)
(59, 216)
(59, 185)
(59, 220)
(60, 68)
(60, 65)
(60, 98)
(60, 132)
(60, 239)
(60, 80)
(60, 177)
(60, 211)
(60, 184)
(60, 88)
(60, 189)
(61, 235)
(61, 134)
(61, 140)
(61, 143)
(61, 155)
(61, 162)
(61, 174)
(61, 175)
(61, 176)
(61, 182)
(61, 65)
(61, 197)
(61, 78)
(61, 208)
(61, 92)
(61, 94)
(61, 98)
(61, 232)
(61, 107)
(61, 237)
(61, 110)
(61, 240)
(61, 244)
(61, 247)
(61, 125)
(61, 127)
(62, 134)
(62, 140)
(62, 141)
(62, 147)
(62, 69)
(62, 159)
(62, 165)
(62, 166)
(62, 169)
(62, 176)
(62, 183)
(62, 194)
(62, 67)
(62, 197)
(62, 203)
(62, 78)
(62, 79)
(62, 81)
(62, 82)
(62, 213)
(62, 221)
(62, 230)
(62, 106)
(62, 107)
(62, 117)
(62, 125)
(62, 126)
(62, 127)
(63, 129)
(63, 134)
(63, 150)
(63, 235)
(63, 161)
(63, 169)
(63, 173)
(63, 174)
(63, 175)
(63, 195)
(63, 78)
(63, 79)
(63, 81)
(63, 213)
(63, 87)
(63, 91)
(63, 221)
(63, 106)
(63, 107)
(63, 115)
(63, 127)
(64, 131)
(64, 138)
(64, 139)
(64, 142)
(64, 163)
(64, 190)
(64, 192)
(64, 193)
(64, 75)
(64, 76)
(64, 206)
(64, 84)
(64, 93)
(64, 222)
(64, 231)
(64, 104)
(64, 103)
(64, 236)
(64, 111)
(64, 243)
(64, 123)
(65, 132)
(65, 136)
(65, 162)
(65, 155)
(65, 177)
(65, 184)
(65, 189)
(65, 202)
(65, 247)
(65, 80)
(65, 211)
(65, 88)
(65, 94)
(65, 98)
(65, 105)
(65, 237)
(65, 110)
(65, 239)
(65, 245)
(65, 119)
(66, 135)
(66, 144)
(66, 154)
(66, 241)
(66, 177)
(66, 187)
(66, 68)
(66, 209)
(66, 225)
(66, 105)
(66, 108)
(66, 239)
(66, 113)
(66, 119)
(67, 141)
(67, 153)
(67, 159)
(67, 165)
(67, 166)
(67, 180)
(67, 183)
(67, 194)
(67, 69)
(67, 201)
(67, 203)
(67, 207)
(67, 82)
(67, 217)
(67, 230)
(67, 234)
(67, 147)
(67, 117)
(67, 121)
(67, 126)
(68, 132)
(68, 177)
(68, 239)
(68, 80)
(68, 241)
(68, 211)
(68, 113)
(68, 184)
(68, 88)
(68, 154)
(68, 124)
(68, 189)
(69, 141)
(69, 147)
(69, 153)
(69, 159)
(69, 165)
(69, 166)
(69, 180)
(69, 183)
(69, 194)
(69, 197)
(69, 203)
(69, 207)
(69, 82)
(69, 217)
(69, 230)
(69, 234)
(69, 117)
(69, 121)
(69, 125)
(69, 126)
(70, 160)
(70, 128)
(70, 113)
(70, 198)
(70, 167)
(70, 73)
(70, 171)
(70, 114)
(70, 241)
(70, 210)
(70, 214)
(70, 90)
(70, 124)
(71, 246)
(71, 102)
(71, 220)
(71, 204)
(71, 109)
(71, 108)
(71, 212)
(71, 214)
(71, 151)
(71, 137)
(71, 89)
(71, 90)
(71, 188)
(71, 101)
(72, 96)
(72, 112)
(72, 227)
(72, 229)
(72, 168)
(72, 205)
(72, 240)
(72, 145)
(72, 85)
(72, 182)
(72, 87)
(72, 249)
(72, 92)
(72, 118)
(72, 223)
(73, 128)
(73, 137)
(73, 154)
(73, 160)
(73, 167)
(73, 171)
(73, 187)
(73, 188)
(73, 198)
(73, 241)
(73, 210)
(73, 212)
(73, 214)
(73, 89)
(73, 90)
(73, 101)
(73, 108)
(73, 109)
(73, 113)
(73, 246)
(73, 124)
(74, 224)
(74, 83)
(74, 196)
(74, 233)
(74, 170)
(74, 77)
(74, 179)
(74, 122)
(74, 164)
(74, 218)
(74, 186)
(74, 158)
(75, 142)
(75, 148)
(75, 149)
(75, 152)
(75, 172)
(75, 178)
(75, 190)
(75, 192)
(75, 76)
(75, 206)
(75, 216)
(75, 93)
(75, 222)
(75, 104)
(75, 111)
(75, 243)
(75, 120)
(76, 131)
(76, 138)
(76, 139)
(76, 142)
(76, 153)
(76, 163)
(76, 180)
(76, 190)
(76, 192)
(76, 193)
(76, 201)
(76, 206)
(76, 84)
(76, 86)
(76, 93)
(76, 231)
(76, 104)
(76, 103)
(76, 236)
(76, 111)
(76, 243)
(77, 224)
(77, 83)
(77, 196)
(77, 133)
(77, 233)
(77, 170)
(77, 179)
(77, 164)
(77, 186)
(77, 122)
(77, 158)
(78, 235)
(78, 134)
(78, 140)
(78, 150)
(78, 161)
(78, 169)
(78, 173)
(78, 174)
(78, 175)
(78, 176)
(78, 197)
(78, 79)
(78, 208)
(78, 81)
(78, 213)
(78, 91)
(78, 221)
(78, 94)
(78, 106)
(78, 107)
(78, 247)
(78, 125)
(78, 127)
(79, 134)
(79, 140)
(79, 141)
(79, 150)
(79, 235)
(79, 165)
(79, 169)
(79, 174)
(79, 195)
(79, 81)
(79, 213)
(79, 218)
(79, 91)
(79, 221)
(79, 106)
(79, 107)
(79, 115)
(79, 127)
(80, 132)
(80, 136)
(80, 162)
(80, 155)
(80, 177)
(80, 184)
(80, 189)
(80, 202)
(80, 211)
(80, 88)
(80, 98)
(80, 105)
(80, 110)
(80, 239)
(80, 245)
(80, 119)
(81, 129)
(81, 235)
(81, 134)
(81, 141)
(81, 150)
(81, 161)
(81, 165)
(81, 169)
(81, 173)
(81, 174)
(81, 195)
(81, 213)
(81, 91)
(81, 221)
(81, 106)
(81, 107)
(81, 115)
(81, 127)
(82, 136)
(82, 140)
(82, 166)
(82, 176)
(82, 117)
(82, 194)
(82, 197)
(82, 203)
(82, 225)
(82, 230)
(82, 105)
(82, 110)
(82, 147)
(82, 245)
(82, 247)
(82, 119)
(82, 125)
(83, 224)
(83, 196)
(83, 233)
(83, 170)
(83, 179)
(83, 164)
(83, 186)
(83, 122)
(83, 158)
(84, 131)
(84, 138)
(84, 139)
(84, 142)
(84, 163)
(84, 190)
(84, 192)
(84, 193)
(84, 206)
(84, 93)
(84, 222)
(84, 231)
(84, 104)
(84, 103)
(84, 236)
(84, 111)
(84, 243)
(84, 123)
(85, 143)
(85, 145)
(85, 240)
(85, 168)
(85, 173)
(85, 182)
(85, 205)
(85, 208)
(85, 87)
(85, 92)
(85, 223)
(85, 96)
(85, 227)
(85, 229)
(85, 232)
(85, 112)
(85, 244)
(85, 118)
(85, 249)
(86, 226)
(86, 201)
(86, 234)
(86, 139)
(86, 130)
(86, 207)
(86, 180)
(86, 181)
(86, 248)
(86, 153)
(86, 95)
(86, 191)
(87, 129)
(87, 107)
(87, 145)
(87, 161)
(87, 173)
(87, 174)
(87, 175)
(87, 208)
(87, 92)
(87, 223)
(87, 96)
(87, 240)
(87, 227)
(87, 235)
(87, 112)
(87, 249)
(88, 132)
(88, 162)
(88, 155)
(88, 177)
(88, 184)
(88, 189)
(88, 202)
(88, 211)
(88, 98)
(88, 110)
(88, 239)
(88, 245)
(89, 137)
(89, 151)
(89, 187)
(89, 188)
(89, 204)
(89, 212)
(89, 214)
(89, 90)
(89, 220)
(89, 101)
(89, 102)
(89, 108)
(89, 109)
(89, 246)
(90, 137)
(90, 154)
(90, 160)
(90, 198)
(90, 241)
(90, 171)
(90, 187)
(90, 188)
(90, 210)
(90, 212)
(90, 214)
(90, 101)
(90, 108)
(90, 109)
(90, 113)
(90, 246)
(91, 129)
(91, 134)
(91, 150)
(91, 161)
(91, 169)
(91, 173)
(91, 174)
(91, 195)
(91, 213)
(91, 221)
(91, 106)
(91, 107)
(91, 115)
(91, 127)
(92, 143)
(92, 145)
(92, 240)
(92, 168)
(92, 175)
(92, 182)
(92, 205)
(92, 208)
(92, 94)
(92, 223)
(92, 96)
(92, 227)
(92, 229)
(92, 232)
(92, 235)
(92, 237)
(92, 112)
(92, 244)
(92, 118)
(92, 249)
(93, 131)
(93, 138)
(93, 139)
(93, 142)
(93, 163)
(93, 190)
(93, 192)
(93, 193)
(93, 206)
(93, 222)
(93, 231)
(93, 104)
(93, 103)
(93, 236)
(93, 111)
(93, 243)
(93, 123)
(94, 235)
(94, 134)
(94, 140)
(94, 143)
(94, 155)
(94, 162)
(94, 174)
(94, 175)
(94, 176)
(94, 197)
(94, 208)
(94, 232)
(94, 107)
(94, 237)
(94, 110)
(94, 240)
(94, 247)
(94, 125)
(94, 127)
(95, 130)
(95, 139)
(95, 153)
(95, 180)
(95, 181)
(95, 201)
(95, 207)
(95, 209)
(95, 226)
(95, 230)
(95, 234)
(95, 248)
(95, 191)
(96, 143)
(96, 145)
(96, 240)
(96, 168)
(96, 182)
(96, 205)
(96, 208)
(96, 223)
(96, 227)
(96, 229)
(96, 232)
(96, 112)
(96, 244)
(96, 118)
(96, 249)
(97, 131)
(97, 138)
(97, 153)
(97, 156)
(97, 157)
(97, 159)
(97, 180)
(97, 199)
(97, 200)
(97, 215)
(97, 217)
(97, 228)
(97, 103)
(97, 238)
(97, 242)
(97, 116)
(97, 121)
(97, 123)
(97, 126)
(98, 132)
(98, 143)
(98, 162)
(98, 155)
(98, 177)
(98, 184)
(98, 189)
(98, 202)
(98, 247)
(98, 211)
(98, 105)
(98, 237)
(98, 110)
(98, 244)
(98, 245)
(98, 119)
(99, 226)
(99, 100)
(99, 172)
(99, 146)
(99, 149)
(99, 151)
(99, 216)
(99, 185)
(99, 220)
(100, 226)
(100, 102)
(100, 172)
(100, 130)
(100, 146)
(100, 149)
(100, 151)
(100, 216)
(100, 185)
(100, 220)
(101, 160)
(101, 246)
(101, 198)
(101, 137)
(101, 171)
(101, 108)
(101, 109)
(101, 241)
(101, 210)
(101, 212)
(101, 214)
(101, 187)
(101, 188)
(102, 130)
(102, 151)
(102, 181)
(102, 185)
(102, 188)
(102, 191)
(102, 204)
(102, 209)
(102, 212)
(102, 220)
(102, 226)
(102, 108)
(102, 109)
(102, 246)
(102, 248)
(103, 131)
(103, 138)
(103, 139)
(103, 153)
(103, 156)
(103, 163)
(103, 180)
(103, 190)
(103, 193)
(103, 199)
(103, 215)
(103, 231)
(103, 104)
(103, 236)
(103, 238)
(103, 242)
(103, 243)
(103, 116)
(103, 123)
(104, 131)
(104, 138)
(104, 139)
(104, 142)
(104, 163)
(104, 190)
(104, 192)
(104, 193)
(104, 206)
(104, 222)
(104, 231)
(104, 236)
(104, 111)
(104, 243)
(104, 123)
(105, 136)
(105, 140)
(105, 147)
(105, 155)
(105, 162)
(105, 166)
(105, 176)
(105, 177)
(105, 184)
(105, 197)
(105, 247)
(105, 211)
(105, 225)
(105, 110)
(105, 239)
(105, 245)
(105, 119)
(105, 125)
(106, 235)
(106, 134)
(106, 140)
(106, 141)
(106, 150)
(106, 161)
(106, 165)
(106, 169)
(106, 174)
(106, 175)
(106, 176)
(106, 195)
(106, 213)
(106, 221)
(106, 107)
(106, 115)
(106, 127)
(107, 129)
(107, 134)
(107, 140)
(107, 150)
(107, 161)
(107, 169)
(107, 173)
(107, 174)
(107, 175)
(107, 176)
(107, 195)
(107, 208)
(107, 213)
(107, 221)
(107, 235)
(107, 240)
(107, 125)
(107, 127)
(108, 135)
(108, 137)
(108, 154)
(108, 241)
(108, 171)
(108, 187)
(108, 188)
(108, 198)
(108, 204)
(108, 209)
(108, 210)
(108, 212)
(108, 214)
(108, 144)
(108, 109)
(108, 113)
(108, 246)
(109, 137)
(109, 154)
(109, 241)
(109, 171)
(109, 187)
(109, 188)
(109, 198)
(109, 204)
(109, 209)
(109, 210)
(109, 212)
(109, 214)
(109, 144)
(109, 113)
(109, 246)
(110, 132)
(110, 136)
(110, 162)
(110, 155)
(110, 177)
(110, 184)
(110, 189)
(110, 197)
(110, 247)
(110, 211)
(110, 237)
(110, 239)
(110, 245)
(110, 119)
(111, 131)
(111, 142)
(111, 148)
(111, 149)
(111, 152)
(111, 163)
(111, 172)
(111, 178)
(111, 190)
(111, 192)
(111, 193)
(111, 206)
(111, 222)
(111, 231)
(111, 236)
(111, 243)
(112, 129)
(112, 145)
(112, 161)
(112, 168)
(112, 173)
(112, 174)
(112, 208)
(112, 223)
(112, 227)
(112, 240)
(112, 118)
(112, 249)
(113, 128)
(113, 137)
(113, 144)
(113, 154)
(113, 160)
(113, 167)
(113, 171)
(113, 187)
(113, 198)
(113, 210)
(113, 212)
(113, 214)
(113, 239)
(113, 241)
(113, 114)
(113, 124)
(114, 160)
(114, 128)
(114, 198)
(114, 167)
(114, 171)
(114, 210)
(114, 124)
(115, 161)
(115, 195)
(115, 129)
(115, 169)
(115, 170)
(115, 213)
(115, 150)
(115, 221)
(116, 123)
(116, 228)
(116, 133)
(116, 199)
(116, 200)
(116, 138)
(116, 238)
(116, 242)
(116, 215)
(116, 196)
(116, 219)
(116, 156)
(116, 157)
(117, 136)
(117, 140)
(117, 141)
(117, 159)
(117, 165)
(117, 166)
(117, 183)
(117, 194)
(117, 197)
(117, 203)
(117, 207)
(117, 225)
(117, 230)
(117, 234)
(117, 147)
(117, 125)
(117, 126)
(118, 227)
(118, 229)
(118, 168)
(118, 205)
(118, 240)
(118, 145)
(118, 182)
(118, 249)
(118, 223)
(119, 136)
(119, 140)
(119, 147)
(119, 155)
(119, 162)
(119, 166)
(119, 176)
(119, 177)
(119, 197)
(119, 211)
(119, 225)
(119, 239)
(119, 245)
(119, 247)
(119, 125)
(120, 192)
(120, 206)
(120, 178)
(120, 148)
(120, 152)
(120, 222)
(121, 141)
(121, 153)
(121, 159)
(121, 165)
(121, 180)
(121, 199)
(121, 200)
(121, 203)
(121, 207)
(121, 215)
(121, 217)
(121, 218)
(121, 234)
(121, 242)
(121, 183)
(121, 126)
(122, 133)
(122, 156)
(122, 158)
(122, 164)
(122, 170)
(122, 157)
(122, 179)
(122, 186)
(122, 196)
(122, 200)
(122, 215)
(122, 217)
(122, 218)
(122, 219)
(122, 224)
(122, 233)
(123, 131)
(123, 138)
(123, 156)
(123, 163)
(123, 190)
(123, 193)
(123, 199)
(123, 231)
(123, 236)
(123, 238)
(123, 242)
(123, 243)
(124, 160)
(124, 128)
(124, 198)
(124, 167)
(124, 171)
(124, 241)
(124, 210)
(125, 134)
(125, 136)
(125, 140)
(125, 141)
(125, 147)
(125, 155)
(125, 166)
(125, 175)
(125, 176)
(125, 194)
(125, 197)
(125, 213)
(125, 225)
(125, 230)
(125, 235)
(125, 245)
(125, 247)
(125, 127)
(126, 141)
(126, 153)
(126, 159)
(126, 165)
(126, 166)
(126, 180)
(126, 183)
(126, 194)
(126, 201)
(126, 203)
(126, 207)
(126, 217)
(126, 230)
(126, 234)
(126, 242)
(126, 147)
(127, 134)
(127, 140)
(127, 150)
(127, 161)
(127, 166)
(127, 169)
(127, 173)
(127, 174)
(127, 175)
(127, 176)
(127, 197)
(127, 208)
(127, 213)
(127, 221)
(127, 235)
(127, 247)
(128, 160)
(128, 198)
(128, 167)
(128, 171)
(128, 241)
(128, 210)
(129, 161)
(129, 195)
(129, 235)
(129, 173)
(129, 174)
(129, 240)
(129, 150)
(129, 249)
(130, 146)
(130, 149)
(130, 151)
(130, 181)
(130, 185)
(130, 191)
(130, 201)
(130, 204)
(130, 209)
(130, 220)
(130, 226)
(130, 246)
(130, 248)
(131, 138)
(131, 139)
(131, 142)
(131, 153)
(131, 163)
(131, 190)
(131, 192)
(131, 193)
(131, 199)
(131, 231)
(131, 236)
(131, 242)
(131, 243)
(132, 162)
(132, 202)
(132, 239)
(132, 177)
(132, 211)
(132, 184)
(132, 189)
(133, 164)
(133, 196)
(133, 200)
(133, 238)
(133, 179)
(133, 215)
(133, 228)
(133, 186)
(133, 219)
(133, 156)
(133, 157)
(134, 140)
(134, 141)
(134, 150)
(134, 166)
(134, 169)
(134, 174)
(134, 175)
(134, 176)
(134, 194)
(134, 197)
(134, 208)
(134, 213)
(134, 221)
(134, 235)
(134, 247)
(135, 225)
(135, 209)
(135, 204)
(135, 144)
(135, 241)
(135, 212)
(135, 181)
(135, 246)
(135, 154)
(135, 187)
(136, 140)
(136, 155)
(136, 162)
(136, 166)
(136, 176)
(136, 177)
(136, 197)
(136, 211)
(136, 225)
(136, 230)
(136, 147)
(136, 245)
(136, 247)
(137, 154)
(137, 171)
(137, 187)
(137, 188)
(137, 198)
(137, 204)
(137, 210)
(137, 212)
(137, 214)
(137, 241)
(137, 246)
(138, 156)
(138, 163)
(138, 190)
(138, 193)
(138, 199)
(138, 231)
(138, 236)
(138, 238)
(138, 242)
(138, 243)
(139, 153)
(139, 180)
(139, 191)
(139, 193)
(139, 201)
(139, 207)
(139, 234)
(139, 242)
(139, 248)
(140, 141)
(140, 155)
(140, 166)
(140, 169)
(140, 175)
(140, 176)
(140, 194)
(140, 197)
(140, 247)
(140, 213)
(140, 235)
(140, 147)
(140, 245)
(141, 159)
(141, 165)
(141, 166)
(141, 169)
(141, 183)
(141, 194)
(141, 203)
(141, 213)
(141, 217)
(141, 218)
(141, 221)
(141, 147)
(142, 178)
(142, 148)
(142, 163)
(142, 190)
(142, 192)
(142, 193)
(142, 206)
(142, 222)
(142, 231)
(142, 236)
(142, 243)
(143, 145)
(143, 162)
(143, 155)
(143, 182)
(143, 202)
(143, 205)
(143, 208)
(143, 227)
(143, 229)
(143, 232)
(143, 237)
(143, 240)
(143, 244)
(143, 247)
(144, 154)
(144, 187)
(144, 204)
(144, 209)
(144, 212)
(144, 225)
(144, 239)
(144, 241)
(144, 246)
(145, 168)
(145, 182)
(145, 205)
(145, 208)
(145, 223)
(145, 227)
(145, 229)
(145, 232)
(145, 240)
(145, 244)
(145, 249)
(146, 226)
(146, 172)
(146, 149)
(146, 151)
(146, 216)
(146, 185)
(146, 220)
(147, 166)
(147, 183)
(147, 194)
(147, 197)
(147, 203)
(147, 207)
(147, 225)
(147, 230)
(147, 234)
(148, 192)
(148, 206)
(148, 178)
(148, 152)
(148, 222)
(149, 226)
(149, 172)
(149, 152)
(149, 178)
(149, 216)
(149, 185)
(150, 235)
(150, 161)
(150, 169)
(150, 173)
(150, 174)
(150, 195)
(150, 213)
(150, 221)
(151, 181)
(151, 185)
(151, 191)
(151, 204)
(151, 209)
(151, 212)
(151, 220)
(151, 226)
(151, 246)
(151, 248)
(152, 192)
(152, 172)
(152, 206)
(152, 178)
(152, 216)
(153, 159)
(153, 180)
(153, 183)
(153, 193)
(153, 199)
(153, 201)
(153, 203)
(153, 207)
(153, 217)
(153, 234)
(153, 242)
(154, 171)
(154, 187)
(154, 198)
(154, 204)
(154, 209)
(154, 212)
(154, 214)
(154, 241)
(154, 246)
(155, 175)
(155, 162)
(155, 176)
(155, 184)
(155, 197)
(155, 202)
(155, 211)
(155, 208)
(155, 232)
(155, 237)
(155, 245)
(155, 247)
(156, 228)
(156, 199)
(156, 200)
(156, 238)
(156, 242)
(156, 196)
(156, 215)
(156, 217)
(156, 219)
(156, 157)
(157, 164)
(157, 179)
(157, 186)
(157, 196)
(157, 199)
(157, 200)
(157, 215)
(157, 217)
(157, 218)
(157, 219)
(157, 228)
(157, 238)
(157, 242)
(158, 224)
(158, 164)
(158, 233)
(158, 170)
(158, 179)
(158, 186)
(159, 165)
(159, 183)
(159, 194)
(159, 199)
(159, 203)
(159, 207)
(159, 215)
(159, 217)
(159, 218)
(159, 234)
(159, 242)
(160, 198)
(160, 167)
(160, 171)
(160, 210)
(160, 214)
(161, 240)
(161, 173)
(161, 174)
(161, 175)
(161, 195)
(161, 208)
(161, 235)
(161, 249)
(162, 176)
(162, 184)
(162, 202)
(162, 211)
(162, 208)
(162, 232)
(162, 237)
(162, 244)
(162, 245)
(162, 247)
(163, 190)
(163, 192)
(163, 193)
(163, 206)
(163, 222)
(163, 231)
(163, 236)
(163, 243)
(164, 224)
(164, 196)
(164, 200)
(164, 233)
(164, 170)
(164, 179)
(164, 215)
(164, 218)
(164, 219)
(164, 186)
(165, 169)
(165, 183)
(165, 194)
(165, 203)
(165, 213)
(165, 217)
(165, 218)
(165, 221)
(166, 176)
(166, 183)
(166, 194)
(166, 197)
(166, 203)
(166, 225)
(166, 230)
(167, 198)
(167, 171)
(167, 210)
(168, 227)
(168, 229)
(168, 205)
(168, 240)
(168, 182)
(168, 249)
(168, 223)
(169, 183)
(169, 194)
(169, 195)
(169, 213)
(169, 218)
(169, 221)
(170, 224)
(170, 233)
(170, 179)
(170, 186)
(170, 218)
(170, 221)
(171, 198)
(171, 241)
(171, 187)
(171, 188)
(171, 210)
(171, 212)
(171, 214)
(172, 226)
(172, 178)
(172, 216)
(172, 185)
(173, 240)
(173, 174)
(173, 175)
(173, 195)
(173, 208)
(173, 223)
(173, 227)
(173, 235)
(173, 249)
(174, 175)
(174, 176)
(174, 195)
(174, 208)
(174, 213)
(174, 221)
(174, 227)
(174, 235)
(174, 240)
(174, 249)
(175, 176)
(175, 197)
(175, 208)
(175, 227)
(175, 232)
(175, 235)
(175, 237)
(175, 240)
(175, 247)
(176, 194)
(176, 197)
(176, 208)
(176, 213)
(176, 235)
(176, 237)
(176, 245)
(176, 247)
(177, 184)
(177, 189)
(177, 211)
(177, 239)
(177, 245)
(178, 192)
(178, 206)
(178, 190)
(178, 216)
(178, 222)
(179, 224)
(179, 196)
(179, 200)
(179, 233)
(179, 186)
(179, 219)
(180, 191)
(180, 193)
(180, 201)
(180, 203)
(180, 207)
(180, 234)
(180, 242)
(180, 248)
(181, 226)
(181, 201)
(181, 204)
(181, 209)
(181, 246)
(181, 248)
(181, 191)
(182, 202)
(182, 205)
(182, 208)
(182, 223)
(182, 227)
(182, 229)
(182, 232)
(182, 237)
(182, 240)
(182, 244)
(182, 249)
(183, 194)
(183, 203)
(183, 207)
(183, 213)
(183, 217)
(183, 218)
(183, 230)
(183, 234)
(184, 202)
(184, 239)
(184, 211)
(184, 245)
(184, 189)
(185, 226)
(185, 216)
(185, 220)
(186, 224)
(186, 196)
(186, 200)
(186, 233)
(186, 219)
(187, 188)
(187, 198)
(187, 204)
(187, 209)
(187, 210)
(187, 212)
(187, 214)
(187, 241)
(187, 246)
(188, 246)
(188, 204)
(188, 210)
(188, 212)
(188, 214)
(188, 220)
(189, 239)
(189, 211)
(190, 192)
(190, 193)
(190, 206)
(190, 222)
(190, 231)
(190, 236)
(190, 243)
(191, 201)
(191, 204)
(191, 207)
(191, 209)
(191, 226)
(191, 230)
(191, 234)
(191, 248)
(192, 193)
(192, 206)
(192, 222)
(192, 231)
(192, 236)
(192, 243)
(193, 199)
(193, 206)
(193, 222)
(193, 231)
(193, 236)
(193, 242)
(193, 243)
(194, 197)
(194, 203)
(194, 207)
(194, 225)
(194, 230)
(194, 234)
(195, 213)
(195, 221)
(196, 200)
(196, 215)
(196, 219)
(196, 224)
(196, 228)
(196, 233)
(196, 238)
(197, 225)
(197, 230)
(197, 245)
(197, 247)
(198, 241)
(198, 210)
(198, 214)
(199, 200)
(199, 215)
(199, 217)
(199, 219)
(199, 228)
(199, 238)
(199, 242)
(200, 215)
(200, 217)
(200, 218)
(200, 219)
(200, 228)
(200, 238)
(200, 242)
(201, 207)
(201, 226)
(201, 234)
(201, 248)
(202, 232)
(202, 237)
(202, 211)
(202, 244)
(203, 207)
(203, 217)
(203, 230)
(203, 234)
(204, 209)
(204, 212)
(204, 220)
(204, 226)
(204, 246)
(204, 248)
(205, 227)
(205, 229)
(205, 232)
(205, 240)
(205, 244)
(205, 249)
(205, 223)
(206, 222)
(206, 231)
(206, 236)
(206, 243)
(207, 230)
(207, 234)
(207, 242)
(207, 248)
(208, 223)
(208, 227)
(208, 229)
(208, 232)
(208, 235)
(208, 237)
(208, 240)
(208, 244)
(208, 247)
(208, 249)
(209, 212)
(209, 226)
(209, 246)
(209, 248)
(210, 241)
(210, 212)
(210, 214)
(211, 239)
(211, 245)
(212, 241)
(212, 214)
(212, 246)
(213, 235)
(213, 218)
(213, 221)
(214, 241)
(214, 246)
(215, 217)
(215, 218)
(215, 219)
(215, 228)
(215, 238)
(215, 242)
(216, 226)
(217, 218)
(217, 242)
(218, 224)
(218, 221)
(219, 228)
(219, 238)
(220, 226)
(220, 246)
(222, 231)
(222, 236)
(222, 243)
(223, 240)
(223, 227)
(223, 229)
(223, 232)
(223, 249)
(224, 233)
(225, 230)
(225, 245)
(226, 248)
(227, 240)
(227, 229)
(227, 232)
(227, 235)
(227, 237)
(227, 244)
(227, 249)
(228, 238)
(229, 232)
(229, 237)
(229, 240)
(229, 244)
(229, 249)
(230, 234)
(231, 236)
(231, 243)
(232, 235)
(232, 237)
(232, 240)
(232, 244)
(232, 247)
(232, 249)
(234, 242)
(234, 248)
(235, 237)
(235, 240)
(235, 247)
(236, 243)
(237, 244)
(237, 247)
(239, 245)
(240, 249)
(241, 246)
(245, 247)
