#Nodes
0
1
2
3
4
5
6
7
8
9
10
11
12
13
14
15
16
17
18
19
20
21
22
23
24
25
26
27
28
29
30
31
32
33
34
35
36
37
38
39
40
41
42
43
44
45
46
47
48
49
50
51
52
53
54
55
56
57
58
59
60
61
62
63
64
65
66
67
68
69
70
71
72
73
74
75
76
77
78
79
80
81
82
83
84
85
86
87
88
89
90
91
92
93
94
95
96
97
98
99
#Edges
(0, 65)
(0, 35)
(0, 38)
(0, 7)
(0, 72)
(0, 74)
(0, 11)
(0, 29)
(0, 78)
(0, 79)
(0, 48)
(0, 28)
(0, 61)
(1, 96)
(1, 97)
(1, 2)
(1, 3)
(1, 19)
(1, 82)
(1, 83)
(1, 89)
(1, 93)
(2, 96)
(2, 97)
(2, 3)
(2, 19)
(2, 82)
(2, 83)
(2, 89)
(2, 93)
(3, 96)
(3, 36)
(3, 82)
(3, 83)
(3, 89)
(3, 93)
(4, 64)
(4, 68)
(4, 8)
(4, 73)
(4, 10)
(4, 46)
(4, 17)
(4, 51)
(4, 24)
(4, 29)
(4, 62)
(5, 32)
(5, 41)
(5, 76)
(5, 84)
(5, 55)
(5, 25)
(5, 90)
(5, 59)
(5, 92)
(5, 58)
(5, 30)
(5, 95)
(6, 16)
(6, 67)
(6, 70)
(6, 12)
(6, 77)
(6, 80)
(6, 87)
(6, 57)
(6, 26)
(6, 91)
(7, 65)
(7, 38)
(7, 72)
(7, 73)
(7, 74)
(7, 29)
(7, 78)
(7, 79)
(7, 48)
(7, 14)
(7, 28)
(7, 61)
(8, 64)
(8, 68)
(8, 10)
(8, 75)
(8, 50)
(8, 51)
(8, 62)
(9, 67)
(9, 40)
(9, 80)
(9, 56)
(9, 18)
(9, 87)
(9, 88)
(9, 57)
(9, 63)
(10, 64)
(10, 68)
(10, 73)
(10, 50)
(10, 53)
(10, 29)
(10, 62)
(11, 65)
(11, 35)
(11, 37)
(11, 38)
(11, 71)
(11, 78)
(11, 48)
(11, 54)
(11, 23)
(11, 33)
(11, 28)
(11, 31)
(12, 99)
(12, 40)
(12, 73)
(12, 45)
(12, 67)
(12, 53)
(12, 87)
(12, 88)
(12, 26)
(12, 91)
(12, 63)
(13, 34)
(13, 86)
(13, 44)
(13, 16)
(13, 50)
(13, 20)
(13, 22)
(13, 94)
(14, 72)
(14, 74)
(14, 45)
(14, 78)
(14, 61)
(15, 66)
(15, 36)
(15, 17)
(15, 41)
(15, 42)
(15, 46)
(15, 47)
(15, 81)
(15, 21)
(15, 24)
(15, 59)
(15, 60)
(15, 30)
(16, 68)
(16, 70)
(16, 44)
(16, 77)
(16, 50)
(16, 20)
(16, 86)
(16, 87)
(16, 26)
(16, 91)
(16, 94)
(17, 27)
(17, 41)
(17, 42)
(17, 46)
(17, 47)
(17, 49)
(17, 51)
(17, 24)
(17, 59)
(17, 60)
(17, 30)
(18, 67)
(18, 40)
(18, 45)
(18, 80)
(18, 56)
(18, 99)
(18, 88)
(18, 57)
(18, 63)
(19, 96)
(19, 97)
(19, 39)
(19, 89)
(19, 93)
(20, 70)
(20, 44)
(20, 77)
(20, 86)
(20, 26)
(20, 94)
(21, 32)
(21, 41)
(21, 42)
(21, 47)
(21, 81)
(21, 90)
(21, 59)
(21, 60)
(21, 30)
(21, 95)
(22, 96)
(22, 34)
(22, 39)
(22, 44)
(22, 86)
(22, 94)
(23, 33)
(23, 31)
(23, 37)
(23, 71)
(24, 64)
(24, 46)
(24, 47)
(24, 49)
(24, 51)
(24, 30)
(24, 27)
(24, 60)
(24, 62)
(25, 76)
(25, 84)
(25, 55)
(25, 90)
(25, 92)
(25, 58)
(26, 68)
(26, 70)
(26, 77)
(26, 50)
(26, 87)
(26, 91)
(26, 94)
(27, 65)
(27, 35)
(27, 38)
(27, 46)
(27, 47)
(27, 48)
(27, 49)
(27, 54)
(27, 29)
(27, 30)
(28, 65)
(28, 98)
(28, 37)
(28, 38)
(28, 33)
(28, 72)
(28, 74)
(28, 43)
(28, 78)
(28, 79)
(28, 61)
(29, 64)
(29, 65)
(29, 38)
(29, 72)
(29, 73)
(29, 79)
(29, 48)
(29, 61)
(29, 62)
(30, 32)
(30, 92)
(30, 42)
(30, 46)
(30, 47)
(30, 49)
(30, 41)
(30, 90)
(30, 59)
(30, 60)
(30, 95)
(31, 33)
(31, 35)
(31, 69)
(31, 38)
(31, 71)
(31, 48)
(31, 54)
(32, 41)
(32, 76)
(32, 52)
(32, 90)
(32, 59)
(32, 92)
(32, 58)
(32, 95)
(33, 98)
(33, 43)
(33, 37)
(33, 71)
(33, 85)
(34, 96)
(34, 39)
(34, 75)
(34, 50)
(34, 94)
(35, 65)
(35, 69)
(35, 38)
(35, 48)
(35, 49)
(35, 54)
(36, 66)
(36, 75)
(36, 51)
(36, 60)
(37, 98)
(37, 43)
(37, 78)
(37, 85)
(38, 65)
(38, 72)
(38, 74)
(38, 78)
(38, 79)
(38, 48)
(38, 54)
(38, 61)
(39, 96)
(39, 97)
(39, 93)
(40, 99)
(40, 45)
(40, 80)
(40, 56)
(40, 67)
(40, 87)
(40, 88)
(40, 57)
(40, 91)
(40, 63)
(41, 92)
(41, 42)
(41, 46)
(41, 47)
(41, 49)
(41, 90)
(41, 59)
(41, 60)
(41, 58)
(41, 95)
(42, 47)
(42, 46)
(42, 81)
(42, 59)
(42, 60)
(43, 98)
(43, 74)
(43, 78)
(43, 85)
(44, 86)
(44, 94)
(45, 67)
(45, 73)
(45, 99)
(45, 53)
(45, 88)
(45, 63)
(46, 64)
(46, 47)
(46, 49)
(46, 51)
(46, 60)
(46, 62)
(47, 49)
(47, 90)
(47, 59)
(47, 60)
(48, 65)
(48, 79)
(48, 54)
(49, 92)
(49, 90)
(49, 59)
(49, 60)
(50, 64)
(50, 68)
(50, 75)
(50, 94)
(51, 64)
(51, 66)
(51, 75)
(51, 60)
(51, 62)
(52, 76)
(52, 95)
(53, 67)
(53, 73)
(53, 99)
(53, 91)
(54, 65)
(54, 69)
(54, 71)
(55, 69)
(55, 76)
(55, 84)
(55, 58)
(55, 92)
(56, 67)
(56, 88)
(56, 63)
(57, 67)
(57, 70)
(57, 80)
(57, 87)
(57, 88)
(57, 91)
(57, 63)
(58, 76)
(58, 84)
(58, 90)
(58, 59)
(58, 92)
(58, 95)
(59, 76)
(59, 90)
(59, 92)
(59, 95)
(60, 66)
(60, 81)
(61, 65)
(61, 72)
(61, 74)
(61, 78)
(61, 79)
(62, 64)
(62, 68)
(62, 73)
(63, 99)
(63, 80)
(63, 67)
(63, 87)
(63, 88)
(63, 91)
(64, 68)
(64, 73)
(64, 75)
(65, 78)
(65, 79)
(66, 75)
(67, 99)
(67, 80)
(67, 87)
(67, 88)
(67, 91)
(68, 75)
(68, 94)
(69, 71)
(69, 92)
(70, 77)
(70, 80)
(70, 87)
(70, 91)
(72, 73)
(72, 74)
(72, 78)
(72, 79)
(73, 99)
(73, 79)
(74, 98)
(74, 79)
(74, 78)
(76, 84)
(76, 90)
(76, 92)
(76, 95)
(77, 80)
(77, 86)
(77, 87)
(77, 91)
(77, 94)
(78, 98)
(78, 79)
(80, 87)
(80, 88)
(80, 91)
(82, 96)
(82, 83)
(82, 89)
(83, 89)
(84, 92)
(85, 98)
(86, 94)
(87, 88)
(87, 91)
(88, 99)
(88, 91)
(89, 96)
(89, 97)
(89, 93)
(90, 92)
(90, 95)
(91, 99)
(92, 95)
(93, 96)
(93, 97)
(96, 97)
