#Nodes
0
1
2
3
4
5
6
7
8
9
10
11
12
13
14
15
16
17
18
19
20
21
22
23
24
25
26
27
28
29
30
31
32
33
34
35
36
37
38
39
40
41
42
43
44
45
46
47
48
49
50
51
52
53
54
55
56
57
58
59
60
61
62
63
64
65
66
67
68
69
70
71
72
73
74
75
76
77
78
79
80
81
82
83
84
85
86
87
88
89
90
91
92
93
94
95
96
97
98
99
#Edges
(0, 96)
(0, 66)
(0, 3)
(0, 72)
(0, 45)
(0, 81)
(0, 53)
(0, 86)
(0, 93)
(0, 30)
(1, 19)
(1, 98)
(1, 4)
(1, 38)
(1, 76)
(1, 2)
(1, 14)
(1, 80)
(1, 82)
(1, 83)
(1, 90)
(1, 26)
(2, 35)
(2, 38)
(2, 7)
(2, 76)
(2, 14)
(2, 80)
(2, 82)
(2, 19)
(2, 90)
(2, 26)
(3, 96)
(3, 70)
(3, 42)
(3, 43)
(3, 46)
(3, 18)
(3, 84)
(4, 98)
(4, 38)
(4, 44)
(4, 47)
(4, 80)
(4, 50)
(4, 83)
(4, 22)
(4, 90)
(5, 34)
(5, 67)
(5, 9)
(5, 78)
(5, 47)
(5, 59)
(5, 84)
(5, 21)
(5, 54)
(5, 24)
(5, 91)
(5, 92)
(6, 97)
(6, 35)
(6, 68)
(6, 7)
(6, 29)
(6, 17)
(6, 23)
(6, 61)
(7, 97)
(7, 35)
(7, 12)
(7, 14)
(7, 29)
(7, 17)
(7, 26)
(7, 28)
(7, 61)
(8, 33)
(8, 65)
(8, 45)
(8, 77)
(8, 16)
(8, 81)
(8, 20)
(8, 57)
(8, 15)
(8, 30)
(9, 34)
(9, 67)
(9, 75)
(9, 78)
(9, 49)
(9, 52)
(9, 24)
(9, 88)
(9, 27)
(9, 95)
(10, 32)
(10, 69)
(10, 39)
(10, 40)
(10, 74)
(10, 13)
(10, 85)
(10, 87)
(10, 56)
(11, 37)
(11, 71)
(11, 73)
(11, 25)
(11, 60)
(11, 94)
(12, 65)
(12, 36)
(12, 39)
(12, 41)
(12, 48)
(12, 17)
(12, 57)
(12, 26)
(12, 28)
(12, 29)
(13, 32)
(13, 69)
(13, 39)
(13, 40)
(13, 74)
(13, 79)
(13, 85)
(13, 87)
(13, 56)
(14, 16)
(14, 35)
(14, 38)
(14, 41)
(14, 76)
(14, 80)
(14, 17)
(14, 82)
(14, 90)
(14, 28)
(14, 26)
(15, 33)
(15, 72)
(15, 45)
(15, 81)
(15, 20)
(15, 86)
(15, 30)
(16, 65)
(16, 38)
(16, 33)
(16, 41)
(16, 80)
(16, 57)
(16, 90)
(16, 28)
(16, 26)
(17, 97)
(17, 35)
(17, 29)
(17, 26)
(17, 28)
(17, 61)
(18, 96)
(18, 64)
(18, 42)
(18, 43)
(18, 46)
(18, 51)
(18, 31)
(18, 62)
(18, 63)
(19, 98)
(19, 38)
(19, 76)
(19, 80)
(19, 82)
(19, 83)
(20, 65)
(20, 37)
(20, 71)
(20, 77)
(20, 45)
(20, 81)
(20, 30)
(20, 57)
(20, 89)
(20, 58)
(20, 60)
(20, 93)
(20, 94)
(21, 34)
(21, 59)
(21, 70)
(21, 78)
(21, 84)
(21, 54)
(21, 24)
(21, 91)
(21, 92)
(22, 34)
(22, 44)
(22, 47)
(22, 50)
(22, 24)
(22, 59)
(22, 92)
(23, 68)
(23, 61)
(24, 34)
(24, 67)
(24, 78)
(24, 47)
(24, 59)
(24, 84)
(24, 54)
(24, 88)
(24, 91)
(24, 92)
(25, 37)
(25, 71)
(25, 73)
(25, 60)
(25, 93)
(25, 94)
(26, 35)
(26, 38)
(26, 41)
(26, 76)
(26, 80)
(26, 90)
(26, 28)
(27, 67)
(27, 75)
(27, 49)
(27, 52)
(27, 88)
(27, 95)
(28, 65)
(28, 35)
(28, 38)
(28, 41)
(28, 48)
(28, 57)
(28, 90)
(29, 97)
(29, 35)
(29, 48)
(29, 61)
(30, 66)
(30, 71)
(30, 72)
(30, 45)
(30, 81)
(30, 86)
(30, 93)
(31, 96)
(31, 64)
(31, 99)
(31, 43)
(31, 51)
(31, 55)
(31, 62)
(31, 63)
(32, 40)
(32, 74)
(32, 79)
(32, 85)
(32, 87)
(32, 56)
(32, 94)
(33, 65)
(33, 38)
(33, 41)
(33, 44)
(33, 90)
(34, 67)
(34, 75)
(34, 78)
(34, 47)
(34, 49)
(34, 52)
(34, 88)
(34, 92)
(35, 97)
(35, 61)
(36, 65)
(36, 69)
(36, 39)
(36, 40)
(36, 41)
(36, 74)
(36, 77)
(36, 48)
(36, 57)
(36, 85)
(36, 87)
(36, 89)
(36, 58)
(36, 94)
(37, 71)
(37, 73)
(37, 77)
(37, 45)
(37, 81)
(37, 89)
(37, 60)
(37, 93)
(37, 94)
(38, 76)
(38, 80)
(38, 82)
(38, 90)
(39, 69)
(39, 40)
(39, 74)
(39, 77)
(39, 48)
(39, 57)
(39, 85)
(39, 87)
(39, 89)
(39, 58)
(40, 69)
(40, 74)
(40, 79)
(40, 85)
(40, 87)
(40, 56)
(40, 89)
(40, 58)
(40, 94)
(41, 65)
(41, 77)
(41, 48)
(41, 57)
(41, 58)
(42, 96)
(42, 64)
(42, 70)
(42, 43)
(42, 46)
(42, 62)
(43, 96)
(43, 64)
(43, 46)
(43, 51)
(43, 55)
(43, 62)
(43, 63)
(44, 47)
(44, 50)
(44, 90)
(45, 66)
(45, 71)
(45, 72)
(45, 81)
(45, 53)
(45, 86)
(45, 60)
(45, 93)
(46, 96)
(46, 70)
(46, 84)
(47, 50)
(47, 59)
(47, 92)
(48, 65)
(48, 69)
(48, 57)
(48, 58)
(49, 67)
(49, 75)
(49, 78)
(49, 52)
(49, 88)
(49, 95)
(51, 96)
(51, 64)
(51, 63)
(51, 62)
(52, 67)
(52, 75)
(52, 88)
(52, 95)
(53, 96)
(53, 66)
(53, 99)
(53, 71)
(53, 72)
(53, 73)
(53, 81)
(53, 86)
(53, 55)
(53, 60)
(53, 93)
(54, 59)
(54, 70)
(54, 78)
(54, 84)
(54, 91)
(54, 92)
(55, 96)
(55, 99)
(55, 73)
(55, 62)
(56, 74)
(56, 79)
(56, 85)
(57, 65)
(57, 77)
(57, 87)
(57, 89)
(57, 58)
(58, 65)
(58, 69)
(58, 77)
(58, 85)
(58, 87)
(58, 89)
(58, 94)
(59, 86)
(59, 84)
(59, 92)
(60, 66)
(60, 71)
(60, 73)
(60, 81)
(60, 93)
(60, 94)
(61, 97)
(61, 68)
(62, 96)
(62, 64)
(62, 63)
(63, 96)
(63, 64)
(65, 77)
(65, 89)
(66, 71)
(66, 72)
(66, 73)
(66, 81)
(66, 86)
(66, 93)
(67, 75)
(67, 78)
(67, 88)
(67, 95)
(68, 97)
(69, 74)
(69, 85)
(69, 87)
(70, 84)
(70, 91)
(71, 73)
(71, 81)
(71, 93)
(71, 94)
(72, 81)
(72, 86)
(72, 93)
(73, 99)
(73, 81)
(73, 93)
(74, 85)
(74, 87)
(75, 78)
(75, 88)
(75, 95)
(76, 98)
(76, 80)
(76, 82)
(76, 83)
(76, 90)
(77, 85)
(77, 87)
(77, 89)
(77, 94)
(78, 88)
(78, 91)
(78, 92)
(80, 98)
(80, 82)
(80, 83)
(80, 90)
(81, 86)
(81, 93)
(82, 98)
(82, 83)
(82, 90)
(83, 98)
(84, 91)
(84, 92)
(85, 87)
(85, 89)
(85, 94)
(86, 93)
(87, 89)
(87, 94)
(88, 95)
(89, 94)
(91, 92)
(96, 99)
