#Nodes
0
1
2
3
4
5
6
7
8
9
10
11
12
13
14
15
16
17
18
19
20
21
22
23
24
25
26
27
28
29
30
31
32
33
34
35
36
37
38
39
40
41
42
43
44
45
46
47
48
49
50
51
52
53
54
55
56
57
58
59
60
61
62
63
64
65
66
67
68
69
70
71
72
73
74
75
76
77
78
79
80
81
82
83
84
85
86
87
88
89
90
91
92
93
94
95
96
97
98
99
#Edges
(0, 4)
(0, 76)
(0, 13)
(0, 81)
(0, 87)
(0, 95)
(1, 37)
(1, 73)
(1, 30)
(1, 12)
(1, 15)
(1, 85)
(1, 54)
(1, 59)
(1, 5)
(1, 53)
(1, 62)
(1, 63)
(2, 98)
(2, 68)
(2, 10)
(2, 11)
(2, 45)
(2, 14)
(3, 96)
(3, 65)
(3, 20)
(3, 9)
(3, 84)
(3, 23)
(3, 89)
(3, 90)
(3, 27)
(3, 94)
(3, 31)
(4, 42)
(4, 76)
(4, 13)
(4, 78)
(4, 81)
(4, 86)
(4, 87)
(4, 95)
(5, 33)
(5, 37)
(5, 73)
(5, 12)
(5, 63)
(5, 15)
(5, 53)
(5, 54)
(5, 59)
(5, 30)
(5, 85)
(6, 16)
(6, 34)
(6, 72)
(6, 48)
(6, 19)
(6, 22)
(6, 88)
(6, 29)
(7, 64)
(7, 33)
(7, 71)
(7, 41)
(7, 77)
(7, 54)
(7, 26)
(7, 91)
(7, 92)
(7, 63)
(8, 65)
(8, 37)
(8, 39)
(8, 73)
(8, 12)
(8, 79)
(8, 20)
(8, 21)
(8, 23)
(8, 90)
(8, 61)
(8, 30)
(9, 96)
(9, 65)
(9, 84)
(9, 20)
(9, 24)
(9, 89)
(9, 90)
(9, 27)
(9, 94)
(9, 31)
(10, 97)
(10, 98)
(10, 35)
(10, 68)
(10, 72)
(10, 14)
(10, 49)
(10, 18)
(10, 40)
(10, 60)
(11, 96)
(11, 65)
(11, 68)
(11, 37)
(11, 39)
(11, 75)
(11, 44)
(11, 45)
(11, 14)
(11, 24)
(11, 90)
(12, 37)
(12, 39)
(12, 73)
(12, 79)
(12, 53)
(12, 23)
(12, 21)
(12, 61)
(12, 30)
(12, 85)
(13, 67)
(13, 76)
(13, 81)
(13, 86)
(13, 87)
(14, 68)
(14, 98)
(14, 45)
(14, 49)
(14, 18)
(15, 33)
(15, 99)
(15, 70)
(15, 73)
(15, 30)
(15, 28)
(15, 59)
(15, 85)
(15, 54)
(15, 57)
(15, 91)
(15, 92)
(15, 53)
(15, 62)
(15, 63)
(16, 34)
(16, 36)
(16, 72)
(16, 48)
(16, 19)
(16, 22)
(16, 29)
(17, 40)
(17, 97)
(17, 69)
(17, 49)
(18, 98)
(18, 38)
(18, 40)
(18, 24)
(19, 86)
(19, 78)
(19, 22)
(19, 88)
(19, 25)
(20, 96)
(20, 65)
(20, 37)
(20, 39)
(20, 79)
(20, 84)
(20, 23)
(20, 89)
(20, 90)
(20, 61)
(21, 37)
(21, 39)
(21, 73)
(21, 79)
(21, 23)
(21, 61)
(21, 30)
(22, 47)
(22, 48)
(22, 50)
(22, 88)
(22, 25)
(23, 65)
(23, 37)
(23, 39)
(23, 79)
(23, 84)
(23, 90)
(23, 61)
(24, 96)
(24, 65)
(24, 38)
(24, 90)
(24, 94)
(25, 41)
(25, 42)
(25, 76)
(25, 78)
(25, 86)
(26, 64)
(26, 33)
(26, 67)
(26, 71)
(26, 41)
(26, 77)
(26, 46)
(26, 82)
(26, 58)
(26, 91)
(26, 92)
(27, 84)
(27, 89)
(27, 94)
(27, 31)
(28, 32)
(28, 99)
(28, 70)
(28, 80)
(28, 52)
(28, 57)
(28, 59)
(28, 93)
(28, 62)
(29, 51)
(29, 34)
(29, 36)
(29, 72)
(29, 48)
(29, 83)
(29, 56)
(30, 37)
(30, 73)
(30, 79)
(30, 53)
(30, 61)
(30, 85)
(31, 84)
(31, 89)
(31, 94)
(32, 99)
(32, 70)
(32, 71)
(32, 46)
(32, 59)
(32, 52)
(32, 57)
(32, 58)
(32, 91)
(32, 92)
(32, 62)
(33, 71)
(33, 44)
(33, 77)
(33, 50)
(33, 53)
(33, 54)
(33, 91)
(33, 92)
(33, 63)
(34, 83)
(34, 35)
(34, 69)
(34, 72)
(34, 48)
(34, 51)
(34, 60)
(35, 97)
(35, 69)
(35, 51)
(35, 72)
(35, 48)
(35, 49)
(35, 83)
(35, 60)
(36, 74)
(36, 43)
(36, 78)
(36, 56)
(37, 65)
(37, 39)
(37, 73)
(37, 75)
(37, 44)
(37, 79)
(37, 53)
(37, 90)
(37, 61)
(38, 96)
(38, 94)
(39, 65)
(39, 73)
(39, 75)
(39, 79)
(39, 90)
(39, 61)
(40, 97)
(40, 98)
(40, 49)
(41, 64)
(41, 67)
(41, 71)
(41, 76)
(41, 77)
(41, 86)
(42, 74)
(42, 43)
(42, 76)
(42, 78)
(42, 86)
(42, 87)
(43, 56)
(43, 74)
(43, 78)
(44, 75)
(44, 45)
(44, 47)
(44, 50)
(44, 53)
(44, 54)
(44, 63)
(45, 75)
(45, 68)
(45, 47)
(46, 64)
(46, 99)
(46, 71)
(46, 82)
(46, 52)
(46, 58)
(46, 91)
(46, 92)
(47, 68)
(47, 54)
(47, 77)
(47, 50)
(47, 88)
(48, 72)
(48, 83)
(48, 60)
(49, 97)
(49, 98)
(49, 69)
(49, 60)
(50, 54)
(50, 77)
(50, 88)
(51, 69)
(51, 83)
(51, 55)
(51, 60)
(52, 91)
(52, 70)
(52, 99)
(52, 57)
(52, 58)
(52, 59)
(52, 92)
(52, 62)
(53, 73)
(53, 85)
(53, 54)
(53, 63)
(54, 77)
(54, 85)
(54, 91)
(54, 92)
(54, 63)
(55, 66)
(55, 83)
(55, 69)
(56, 74)
(56, 78)
(57, 99)
(57, 70)
(57, 80)
(57, 59)
(57, 92)
(57, 93)
(57, 62)
(58, 64)
(58, 67)
(58, 71)
(58, 82)
(58, 91)
(58, 92)
(59, 99)
(59, 70)
(59, 85)
(59, 91)
(59, 92)
(59, 62)
(59, 63)
(60, 97)
(60, 69)
(60, 72)
(60, 83)
(61, 65)
(61, 73)
(61, 75)
(61, 79)
(61, 90)
(62, 99)
(62, 70)
(62, 85)
(62, 91)
(62, 92)
(62, 93)
(63, 73)
(63, 85)
(63, 92)
(64, 67)
(64, 71)
(64, 77)
(64, 82)
(64, 91)
(65, 96)
(65, 75)
(65, 84)
(65, 89)
(65, 90)
(65, 94)
(67, 71)
(67, 76)
(67, 82)
(67, 86)
(68, 75)
(69, 97)
(69, 83)
(70, 99)
(70, 80)
(70, 93)
(71, 99)
(71, 77)
(71, 82)
(71, 91)
(71, 92)
(72, 83)
(73, 79)
(73, 85)
(74, 78)
(75, 96)
(75, 90)
(76, 78)
(76, 81)
(76, 86)
(76, 87)
(77, 88)
(77, 91)
(78, 86)
(80, 93)
(81, 87)
(81, 95)
(83, 97)
(84, 96)
(84, 89)
(84, 90)
(84, 94)
(86, 87)
(87, 95)
(89, 96)
(89, 90)
(89, 94)
(90, 96)
(90, 94)
(91, 99)
(91, 92)
(92, 99)
(94, 96)
