#Nodes
0
1
2
3
4
5
6
7
8
9
10
11
12
13
14
15
16
17
18
19
20
21
22
23
24
25
26
27
28
29
30
31
32
33
34
35
36
37
38
39
40
41
42
43
44
45
46
47
48
49
50
51
52
53
54
55
56
57
58
59
60
61
62
63
64
65
66
67
68
69
70
71
72
73
74
75
76
77
78
79
80
81
82
83
84
85
86
87
88
89
90
91
92
93
94
95
96
97
98
99
#Edges
(0, 96)
(0, 51)
(0, 3)
(0, 70)
(0, 39)
(0, 14)
(0, 79)
(0, 83)
(0, 85)
(0, 23)
(0, 57)
(0, 26)
(0, 59)
(1, 98)
(1, 99)
(1, 17)
(1, 71)
(1, 28)
(1, 10)
(1, 7)
(1, 49)
(1, 35)
(1, 20)
(1, 55)
(1, 56)
(1, 90)
(1, 60)
(1, 94)
(2, 11)
(2, 41)
(2, 43)
(2, 12)
(2, 50)
(2, 53)
(2, 22)
(2, 24)
(2, 95)
(3, 96)
(3, 70)
(3, 39)
(3, 14)
(3, 79)
(3, 51)
(3, 23)
(3, 59)
(4, 21)
(4, 78)
(5, 9)
(5, 54)
(5, 92)
(5, 93)
(5, 78)
(6, 33)
(6, 35)
(6, 37)
(6, 7)
(6, 74)
(6, 47)
(6, 17)
(6, 20)
(6, 10)
(7, 33)
(7, 98)
(7, 99)
(7, 17)
(7, 37)
(7, 71)
(7, 28)
(7, 10)
(7, 49)
(7, 35)
(7, 20)
(7, 55)
(7, 90)
(7, 60)
(7, 94)
(8, 65)
(8, 66)
(8, 68)
(8, 80)
(8, 18)
(8, 84)
(8, 86)
(8, 87)
(8, 89)
(8, 26)
(8, 61)
(8, 63)
(9, 32)
(9, 16)
(9, 54)
(9, 88)
(9, 92)
(9, 93)
(9, 62)
(9, 31)
(10, 98)
(10, 99)
(10, 37)
(10, 15)
(10, 17)
(10, 35)
(10, 55)
(10, 60)
(10, 94)
(11, 41)
(11, 43)
(11, 12)
(11, 50)
(11, 53)
(11, 22)
(11, 24)
(11, 95)
(12, 41)
(12, 43)
(12, 50)
(12, 53)
(12, 22)
(12, 24)
(12, 95)
(13, 38)
(13, 80)
(13, 18)
(13, 86)
(13, 89)
(13, 61)
(14, 96)
(14, 70)
(14, 39)
(14, 79)
(14, 51)
(14, 23)
(14, 59)
(15, 99)
(15, 28)
(15, 42)
(15, 83)
(15, 85)
(15, 55)
(15, 57)
(15, 60)
(16, 32)
(16, 38)
(16, 43)
(16, 47)
(16, 22)
(16, 88)
(16, 27)
(16, 92)
(16, 93)
(16, 31)
(17, 33)
(17, 98)
(17, 99)
(17, 37)
(17, 74)
(17, 35)
(17, 20)
(17, 55)
(17, 60)
(17, 94)
(18, 65)
(18, 66)
(18, 80)
(18, 84)
(18, 86)
(18, 89)
(18, 61)
(18, 63)
(19, 56)
(19, 42)
(19, 28)
(19, 71)
(20, 33)
(20, 98)
(20, 35)
(20, 37)
(20, 74)
(20, 49)
(20, 90)
(20, 60)
(20, 94)
(21, 72)
(21, 25)
(21, 46)
(21, 78)
(22, 32)
(22, 27)
(22, 41)
(22, 43)
(22, 47)
(22, 24)
(22, 50)
(22, 53)
(22, 88)
(22, 31)
(22, 95)
(23, 96)
(23, 51)
(23, 59)
(23, 39)
(23, 79)
(23, 83)
(23, 87)
(23, 57)
(23, 26)
(23, 91)
(24, 41)
(24, 43)
(24, 50)
(24, 53)
(24, 95)
(25, 34)
(25, 36)
(25, 72)
(25, 76)
(25, 46)
(25, 40)
(25, 29)
(26, 66)
(26, 67)
(26, 68)
(26, 44)
(26, 77)
(26, 84)
(26, 87)
(26, 89)
(26, 58)
(26, 91)
(26, 63)
(27, 32)
(27, 38)
(27, 74)
(27, 43)
(27, 47)
(27, 88)
(27, 31)
(28, 98)
(28, 99)
(28, 71)
(28, 82)
(28, 55)
(28, 56)
(28, 60)
(28, 94)
(29, 64)
(29, 34)
(29, 36)
(29, 72)
(29, 76)
(29, 45)
(29, 46)
(29, 40)
(29, 52)
(30, 96)
(30, 97)
(30, 73)
(30, 77)
(30, 58)
(30, 91)
(31, 32)
(31, 38)
(31, 43)
(31, 54)
(31, 88)
(31, 92)
(31, 93)
(31, 62)
(32, 38)
(32, 43)
(32, 54)
(32, 88)
(32, 92)
(32, 93)
(32, 62)
(33, 98)
(33, 35)
(33, 37)
(33, 74)
(33, 90)
(33, 94)
(33, 69)
(34, 64)
(34, 36)
(34, 72)
(34, 76)
(34, 46)
(34, 40)
(35, 98)
(35, 99)
(35, 37)
(35, 74)
(35, 55)
(35, 90)
(35, 60)
(35, 94)
(36, 64)
(36, 72)
(36, 76)
(36, 46)
(36, 40)
(36, 52)
(37, 98)
(37, 69)
(37, 74)
(37, 47)
(37, 94)
(38, 80)
(38, 86)
(38, 88)
(38, 92)
(38, 61)
(39, 51)
(39, 70)
(39, 42)
(39, 79)
(39, 83)
(39, 85)
(39, 57)
(39, 59)
(40, 64)
(40, 72)
(40, 76)
(40, 46)
(41, 43)
(41, 50)
(41, 53)
(41, 95)
(42, 51)
(42, 70)
(42, 83)
(42, 85)
(42, 57)
(42, 59)
(43, 50)
(43, 53)
(43, 88)
(43, 93)
(43, 62)
(43, 95)
(44, 66)
(44, 67)
(44, 68)
(44, 73)
(44, 77)
(44, 45)
(44, 84)
(44, 87)
(44, 52)
(44, 58)
(44, 91)
(44, 63)
(45, 64)
(45, 67)
(45, 68)
(45, 76)
(45, 52)
(46, 72)
(46, 76)
(46, 78)
(47, 69)
(47, 74)
(47, 88)
(48, 49)
(48, 71)
(48, 75)
(48, 81)
(48, 82)
(48, 56)
(48, 90)
(49, 98)
(49, 99)
(49, 71)
(49, 75)
(49, 81)
(49, 82)
(49, 56)
(49, 90)
(49, 60)
(49, 94)
(50, 53)
(50, 95)
(51, 70)
(51, 79)
(51, 83)
(51, 85)
(51, 57)
(51, 59)
(52, 64)
(52, 66)
(52, 67)
(52, 68)
(52, 76)
(53, 95)
(54, 78)
(54, 92)
(54, 93)
(54, 62)
(55, 98)
(55, 99)
(55, 71)
(55, 60)
(55, 94)
(56, 98)
(56, 99)
(56, 71)
(56, 75)
(56, 81)
(56, 82)
(56, 60)
(56, 94)
(57, 70)
(57, 79)
(57, 83)
(57, 85)
(57, 59)
(58, 96)
(58, 66)
(58, 67)
(58, 68)
(58, 73)
(58, 77)
(58, 84)
(58, 87)
(58, 91)
(58, 63)
(59, 70)
(59, 79)
(59, 83)
(59, 85)
(60, 98)
(60, 99)
(60, 71)
(60, 90)
(60, 94)
(61, 65)
(61, 80)
(61, 86)
(61, 89)
(61, 92)
(62, 88)
(62, 93)
(63, 66)
(63, 67)
(63, 68)
(63, 84)
(63, 86)
(63, 87)
(63, 89)
(63, 91)
(64, 68)
(64, 72)
(64, 76)
(65, 84)
(65, 86)
(65, 89)
(66, 67)
(66, 68)
(66, 77)
(66, 84)
(66, 86)
(66, 87)
(66, 89)
(66, 91)
(67, 68)
(67, 73)
(67, 77)
(67, 84)
(67, 87)
(67, 91)
(68, 77)
(68, 84)
(68, 87)
(68, 91)
(69, 74)
(70, 79)
(70, 83)
(70, 85)
(71, 98)
(71, 99)
(71, 75)
(71, 81)
(71, 82)
(71, 90)
(71, 94)
(72, 76)
(72, 78)
(73, 96)
(73, 97)
(73, 77)
(73, 91)
(75, 81)
(75, 82)
(77, 96)
(77, 87)
(77, 91)
(79, 83)
(79, 85)
(80, 86)
(80, 89)
(81, 82)
(81, 90)
(83, 85)
(84, 86)
(84, 87)
(84, 89)
(84, 91)
(86, 89)
(87, 89)
(87, 91)
(88, 92)
(88, 93)
(90, 98)
(90, 94)
(91, 96)
(92, 93)
(94, 98)
(94, 99)
(96, 97)
(98, 99)
