#Nodes
0
1
2
3
4
5
6
7
8
9
10
11
12
13
14
15
16
17
18
19
20
21
22
23
24
25
26
27
28
29
30
31
32
33
34
35
36
37
38
39
40
41
42
43
44
45
46
47
48
49
50
51
52
53
54
55
56
57
58
59
60
61
62
63
64
65
66
67
68
69
70
71
72
73
74
75
76
77
78
79
80
81
82
83
84
85
86
87
88
89
90
91
92
93
94
95
96
97
98
99
100
101
102
103
104
105
106
107
108
109
110
111
112
113
114
115
116
117
118
119
120
121
122
123
124
125
126
127
128
129
130
131
132
133
134
135
136
137
138
139
140
141
142
143
144
145
146
147
148
149
150
151
152
153
154
155
156
157
158
159
160
161
162
163
164
165
166
167
168
169
170
171
172
173
174
175
176
177
178
179
180
181
182
183
184
185
186
187
188
189
190
191
192
193
194
195
196
197
198
199
200
201
202
203
204
205
206
207
208
209
210
211
212
213
214
215
216
217
218
219
220
221
222
223
224
225
226
227
228
229
230
231
232
233
234
235
236
237
238
239
240
241
242
243
244
245
246
247
248
249
250
251
252
253
254
255
256
257
258
259
260
261
262
263
264
265
266
267
268
269
270
271
272
273
274
275
276
277
278
279
280
281
282
283
284
285
286
287
288
289
290
291
292
293
294
295
296
297
298
299
300
301
302
303
304
305
306
307
308
309
310
311
312
313
314
315
316
317
318
319
320
321
322
323
324
325
326
327
328
329
330
331
332
333
334
335
336
337
338
339
340
341
342
343
344
345
346
347
348
349
350
351
352
353
354
355
356
357
358
359
360
361
362
363
364
365
366
367
368
369
370
371
372
373
374
375
376
377
378
379
380
381
382
383
384
385
386
387
388
389
390
391
392
393
394
395
396
397
398
399
#Edges
(0, 257)
(0, 68)
(0, 261)
(0, 104)
(0, 284)
(0, 170)
(0, 75)
(0, 398)
(0, 253)
(0, 336)
(0, 209)
(0, 42)
(0, 84)
(0, 41)
(0, 22)
(0, 311)
(0, 313)
(0, 348)
(0, 381)
(1, 384)
(1, 51)
(1, 387)
(1, 390)
(1, 269)
(1, 143)
(1, 272)
(1, 238)
(1, 282)
(1, 90)
(1, 32)
(1, 35)
(1, 167)
(1, 40)
(1, 297)
(1, 29)
(1, 307)
(1, 53)
(1, 182)
(1, 183)
(1, 312)
(1, 57)
(1, 315)
(1, 189)
(1, 319)
(1, 65)
(1, 66)
(1, 69)
(1, 198)
(1, 210)
(1, 340)
(1, 218)
(1, 225)
(1, 226)
(1, 212)
(1, 359)
(1, 233)
(1, 144)
(1, 366)
(1, 372)
(1, 373)
(1, 119)
(1, 249)
(2, 260)
(2, 397)
(2, 270)
(2, 273)
(2, 150)
(2, 25)
(2, 155)
(2, 327)
(2, 314)
(2, 322)
(2, 196)
(2, 70)
(2, 71)
(2, 331)
(2, 204)
(2, 333)
(2, 13)
(2, 81)
(2, 82)
(2, 215)
(2, 89)
(2, 358)
(2, 365)
(2, 117)
(2, 4)
(2, 127)
(3, 129)
(3, 135)
(3, 9)
(3, 12)
(3, 13)
(3, 274)
(3, 275)
(3, 23)
(3, 39)
(3, 157)
(3, 287)
(3, 291)
(3, 163)
(3, 294)
(3, 49)
(3, 171)
(3, 173)
(3, 302)
(3, 304)
(3, 177)
(3, 178)
(3, 54)
(3, 59)
(3, 60)
(3, 321)
(3, 83)
(3, 331)
(3, 335)
(3, 339)
(3, 213)
(3, 214)
(3, 88)
(3, 346)
(3, 91)
(3, 220)
(3, 221)
(3, 96)
(3, 99)
(3, 102)
(3, 358)
(3, 360)
(3, 235)
(3, 367)
(3, 115)
(3, 116)
(3, 117)
(3, 246)
(3, 122)
(4, 260)
(4, 397)
(4, 270)
(4, 273)
(4, 150)
(4, 25)
(4, 155)
(4, 163)
(4, 299)
(4, 314)
(4, 321)
(4, 322)
(4, 196)
(4, 327)
(4, 331)
(4, 204)
(4, 333)
(4, 13)
(4, 81)
(4, 82)
(4, 215)
(4, 89)
(4, 71)
(4, 347)
(4, 220)
(4, 358)
(4, 365)
(4, 117)
(4, 127)
(5, 256)
(5, 131)
(5, 132)
(5, 6)
(5, 264)
(5, 266)
(5, 139)
(5, 268)
(5, 399)
(5, 67)
(5, 149)
(5, 152)
(5, 153)
(5, 283)
(5, 30)
(5, 168)
(5, 301)
(5, 174)
(5, 52)
(5, 309)
(5, 201)
(5, 187)
(5, 138)
(5, 323)
(5, 199)
(5, 396)
(5, 76)
(5, 85)
(5, 344)
(5, 271)
(5, 93)
(5, 222)
(5, 223)
(5, 224)
(5, 353)
(5, 101)
(5, 239)
(5, 140)
(5, 118)
(5, 247)
(5, 248)
(5, 380)
(6, 256)
(6, 131)
(6, 132)
(6, 266)
(6, 139)
(6, 268)
(6, 399)
(6, 152)
(6, 149)
(6, 279)
(6, 280)
(6, 153)
(6, 283)
(6, 158)
(6, 168)
(6, 174)
(6, 47)
(6, 30)
(6, 138)
(6, 190)
(6, 323)
(6, 201)
(6, 85)
(6, 344)
(6, 271)
(6, 222)
(6, 223)
(6, 224)
(6, 353)
(6, 101)
(6, 239)
(6, 140)
(6, 118)
(6, 248)
(7, 259)
(7, 389)
(7, 263)
(7, 265)
(7, 394)
(7, 147)
(7, 24)
(7, 33)
(7, 36)
(7, 165)
(7, 295)
(7, 169)
(7, 48)
(7, 179)
(7, 58)
(7, 318)
(7, 64)
(7, 324)
(7, 200)
(7, 329)
(7, 74)
(7, 205)
(7, 206)
(7, 79)
(7, 337)
(7, 211)
(7, 86)
(7, 217)
(7, 37)
(7, 293)
(7, 100)
(7, 229)
(7, 364)
(7, 374)
(7, 123)
(8, 128)
(8, 391)
(8, 395)
(8, 19)
(8, 277)
(8, 278)
(8, 298)
(8, 300)
(8, 46)
(8, 305)
(8, 308)
(8, 72)
(8, 80)
(8, 341)
(8, 94)
(8, 354)
(8, 228)
(8, 231)
(8, 106)
(8, 103)
(8, 240)
(8, 113)
(8, 242)
(8, 244)
(8, 375)
(8, 250)
(8, 379)
(8, 124)
(8, 125)
(9, 129)
(9, 134)
(9, 135)
(9, 173)
(9, 145)
(9, 274)
(9, 275)
(9, 20)
(9, 281)
(9, 282)
(9, 27)
(9, 157)
(9, 287)
(9, 288)
(9, 34)
(9, 291)
(9, 39)
(9, 31)
(9, 171)
(9, 178)
(9, 304)
(9, 49)
(9, 306)
(9, 115)
(9, 181)
(9, 54)
(9, 59)
(9, 60)
(9, 53)
(9, 63)
(9, 193)
(9, 83)
(9, 326)
(9, 335)
(9, 339)
(9, 340)
(9, 213)
(9, 214)
(9, 88)
(9, 95)
(9, 360)
(9, 362)
(9, 235)
(9, 18)
(9, 367)
(9, 368)
(9, 369)
(9, 371)
(9, 126)
(9, 246)
(9, 120)
(9, 254)
(9, 383)
(10, 257)
(10, 388)
(10, 392)
(10, 393)
(10, 398)
(10, 22)
(10, 279)
(10, 284)
(10, 159)
(10, 161)
(10, 290)
(10, 28)
(10, 170)
(10, 301)
(10, 180)
(10, 311)
(10, 313)
(10, 317)
(10, 67)
(10, 75)
(10, 209)
(10, 84)
(10, 343)
(10, 348)
(10, 227)
(10, 357)
(10, 230)
(10, 104)
(10, 110)
(10, 381)
(10, 245)
(10, 378)
(10, 253)
(10, 255)
(11, 133)
(11, 262)
(11, 265)
(11, 87)
(11, 15)
(11, 16)
(11, 17)
(11, 147)
(11, 24)
(11, 26)
(11, 33)
(11, 292)
(11, 169)
(11, 303)
(11, 48)
(11, 200)
(11, 179)
(11, 184)
(11, 58)
(11, 191)
(11, 195)
(11, 324)
(11, 197)
(11, 328)
(11, 205)
(11, 56)
(11, 211)
(11, 342)
(11, 343)
(11, 217)
(11, 350)
(11, 355)
(11, 100)
(11, 357)
(11, 108)
(11, 374)
(11, 121)
(11, 123)
(12, 135)
(12, 13)
(12, 273)
(12, 150)
(12, 23)
(12, 25)
(12, 155)
(12, 157)
(12, 287)
(12, 163)
(12, 294)
(12, 49)
(12, 299)
(12, 50)
(12, 302)
(12, 177)
(12, 91)
(12, 54)
(12, 314)
(12, 60)
(12, 321)
(12, 322)
(12, 71)
(12, 196)
(12, 327)
(12, 331)
(12, 207)
(12, 82)
(12, 339)
(12, 213)
(12, 215)
(12, 88)
(12, 89)
(12, 346)
(12, 347)
(12, 220)
(12, 221)
(12, 96)
(12, 99)
(12, 102)
(12, 358)
(12, 360)
(12, 116)
(12, 117)
(12, 122)
(12, 252)
(13, 260)
(13, 135)
(13, 397)
(13, 270)
(13, 273)
(13, 20)
(13, 150)
(13, 23)
(13, 25)
(13, 155)
(13, 157)
(13, 291)
(13, 294)
(13, 49)
(13, 299)
(13, 172)
(13, 302)
(13, 175)
(13, 177)
(13, 50)
(13, 181)
(13, 314)
(13, 60)
(13, 61)
(13, 321)
(13, 322)
(13, 71)
(13, 196)
(13, 327)
(13, 331)
(13, 204)
(13, 333)
(13, 82)
(13, 163)
(13, 215)
(13, 88)
(13, 89)
(13, 346)
(13, 347)
(13, 220)
(13, 221)
(13, 95)
(13, 96)
(13, 99)
(13, 356)
(13, 102)
(13, 358)
(13, 234)
(13, 235)
(13, 365)
(13, 117)
(13, 377)
(13, 127)
(14, 129)
(14, 130)
(14, 134)
(14, 137)
(14, 142)
(14, 145)
(14, 274)
(14, 275)
(14, 276)
(14, 281)
(14, 103)
(14, 285)
(14, 31)
(14, 288)
(14, 240)
(14, 34)
(14, 27)
(14, 298)
(14, 300)
(14, 114)
(14, 46)
(14, 44)
(14, 305)
(14, 306)
(14, 63)
(14, 19)
(14, 72)
(14, 202)
(14, 203)
(14, 332)
(14, 334)
(14, 80)
(14, 78)
(14, 231)
(14, 232)
(14, 361)
(14, 362)
(14, 363)
(14, 18)
(14, 368)
(14, 369)
(14, 242)
(14, 371)
(14, 375)
(14, 120)
(14, 379)
(14, 125)
(14, 126)
(14, 383)
(15, 133)
(15, 262)
(15, 265)
(15, 343)
(15, 16)
(15, 17)
(15, 24)
(15, 26)
(15, 33)
(15, 292)
(15, 169)
(15, 303)
(15, 200)
(15, 56)
(15, 317)
(15, 191)
(15, 324)
(15, 197)
(15, 328)
(15, 87)
(15, 350)
(15, 355)
(15, 100)
(15, 357)
(15, 110)
(15, 123)
(16, 133)
(16, 262)
(16, 265)
(16, 87)
(16, 17)
(16, 147)
(16, 24)
(16, 26)
(16, 33)
(16, 292)
(16, 169)
(16, 303)
(16, 200)
(16, 179)
(16, 184)
(16, 186)
(16, 317)
(16, 191)
(16, 194)
(16, 195)
(16, 324)
(16, 197)
(16, 328)
(16, 56)
(16, 342)
(16, 343)
(16, 217)
(16, 350)
(16, 355)
(16, 100)
(16, 357)
(16, 108)
(16, 110)
(16, 374)
(16, 121)
(16, 123)
(16, 382)
(17, 133)
(17, 262)
(17, 265)
(17, 87)
(17, 141)
(17, 148)
(17, 56)
(17, 26)
(17, 325)
(17, 33)
(17, 292)
(17, 169)
(17, 303)
(17, 200)
(17, 312)
(17, 186)
(17, 159)
(17, 317)
(17, 191)
(17, 194)
(17, 195)
(17, 324)
(17, 197)
(17, 328)
(17, 184)
(17, 342)
(17, 343)
(17, 350)
(17, 355)
(17, 100)
(17, 357)
(17, 108)
(17, 110)
(17, 376)
(17, 121)
(17, 378)
(17, 382)
(18, 51)
(18, 386)
(18, 390)
(18, 243)
(18, 137)
(18, 143)
(18, 145)
(18, 274)
(18, 281)
(18, 282)
(18, 285)
(18, 31)
(18, 288)
(18, 34)
(18, 134)
(18, 43)
(18, 44)
(18, 173)
(18, 29)
(18, 306)
(18, 307)
(18, 53)
(18, 59)
(18, 189)
(18, 319)
(18, 193)
(18, 330)
(18, 332)
(18, 126)
(18, 334)
(18, 83)
(18, 340)
(18, 359)
(18, 362)
(18, 235)
(18, 367)
(18, 368)
(18, 369)
(18, 114)
(18, 371)
(18, 373)
(18, 120)
(18, 63)
(18, 254)
(18, 383)
(19, 386)
(19, 391)
(19, 137)
(19, 395)
(19, 130)
(19, 142)
(19, 45)
(19, 277)
(19, 151)
(19, 103)
(19, 156)
(19, 285)
(19, 289)
(19, 113)
(19, 112)
(19, 298)
(19, 43)
(19, 300)
(19, 114)
(19, 46)
(19, 305)
(19, 308)
(19, 203)
(19, 199)
(19, 72)
(19, 330)
(19, 247)
(19, 332)
(19, 334)
(19, 80)
(19, 341)
(19, 78)
(19, 94)
(19, 354)
(19, 228)
(19, 231)
(19, 232)
(19, 106)
(19, 363)
(19, 111)
(19, 240)
(19, 241)
(19, 242)
(19, 244)
(19, 375)
(19, 250)
(19, 379)
(19, 124)
(19, 125)
(20, 107)
(20, 135)
(20, 397)
(20, 143)
(20, 273)
(20, 25)
(20, 282)
(20, 157)
(20, 291)
(20, 299)
(20, 172)
(20, 175)
(20, 49)
(20, 50)
(20, 181)
(20, 59)
(20, 60)
(20, 61)
(20, 53)
(20, 193)
(20, 69)
(20, 331)
(20, 204)
(20, 82)
(20, 163)
(20, 340)
(20, 215)
(20, 88)
(20, 89)
(20, 218)
(20, 95)
(20, 356)
(20, 358)
(20, 234)
(20, 235)
(20, 367)
(20, 372)
(20, 377)
(20, 254)
(21, 385)
(21, 258)
(21, 387)
(21, 136)
(21, 267)
(21, 270)
(21, 109)
(21, 146)
(21, 154)
(21, 160)
(21, 70)
(21, 296)
(21, 172)
(21, 175)
(21, 310)
(21, 55)
(21, 185)
(21, 316)
(21, 320)
(21, 198)
(21, 204)
(21, 77)
(21, 208)
(21, 37)
(21, 86)
(21, 216)
(21, 345)
(21, 90)
(21, 219)
(21, 92)
(21, 349)
(21, 351)
(21, 352)
(21, 97)
(21, 98)
(21, 105)
(21, 234)
(21, 107)
(21, 236)
(21, 237)
(21, 366)
(21, 370)
(21, 119)
(21, 251)
(22, 257)
(22, 388)
(22, 261)
(22, 392)
(22, 393)
(22, 139)
(22, 398)
(22, 399)
(22, 152)
(22, 279)
(22, 280)
(22, 132)
(22, 283)
(22, 284)
(22, 161)
(22, 290)
(22, 41)
(22, 170)
(22, 301)
(22, 47)
(22, 180)
(22, 311)
(22, 313)
(22, 190)
(22, 67)
(22, 75)
(22, 28)
(22, 209)
(22, 84)
(22, 348)
(22, 222)
(22, 224)
(22, 230)
(22, 104)
(22, 381)
(22, 253)
(22, 255)
(23, 171)
(23, 135)
(23, 273)
(23, 150)
(23, 155)
(23, 157)
(23, 287)
(23, 291)
(23, 163)
(23, 294)
(23, 49)
(23, 299)
(23, 302)
(23, 177)
(23, 91)
(23, 54)
(23, 347)
(23, 59)
(23, 60)
(23, 321)
(23, 327)
(23, 314)
(23, 331)
(23, 207)
(23, 82)
(23, 339)
(23, 213)
(23, 88)
(23, 346)
(23, 335)
(23, 220)
(23, 221)
(23, 96)
(23, 99)
(23, 102)
(23, 358)
(23, 360)
(23, 235)
(23, 115)
(23, 116)
(23, 117)
(23, 122)
(23, 252)
(24, 389)
(24, 262)
(24, 265)
(24, 147)
(24, 26)
(24, 33)
(24, 164)
(24, 165)
(24, 169)
(24, 303)
(24, 48)
(24, 200)
(24, 179)
(24, 184)
(24, 58)
(24, 191)
(24, 64)
(24, 195)
(24, 324)
(24, 197)
(24, 328)
(24, 329)
(24, 74)
(24, 205)
(24, 206)
(24, 211)
(24, 87)
(24, 217)
(24, 293)
(24, 355)
(24, 100)
(24, 105)
(24, 108)
(24, 374)
(24, 123)
(25, 260)
(25, 135)
(25, 267)
(25, 397)
(25, 270)
(25, 273)
(25, 89)
(25, 282)
(25, 155)
(25, 157)
(25, 88)
(25, 291)
(25, 294)
(25, 299)
(25, 172)
(25, 175)
(25, 49)
(25, 50)
(25, 181)
(25, 185)
(25, 61)
(25, 322)
(25, 70)
(25, 327)
(25, 331)
(25, 204)
(25, 333)
(25, 208)
(25, 82)
(25, 163)
(25, 215)
(25, 216)
(25, 345)
(25, 95)
(25, 99)
(25, 356)
(25, 358)
(25, 234)
(25, 365)
(25, 117)
(25, 377)
(25, 127)
(26, 384)
(26, 385)
(26, 387)
(26, 389)
(26, 136)
(26, 265)
(26, 141)
(26, 147)
(26, 148)
(26, 56)
(26, 154)
(26, 86)
(26, 133)
(26, 33)
(26, 164)
(26, 165)
(26, 296)
(26, 169)
(26, 303)
(26, 48)
(26, 200)
(26, 312)
(26, 58)
(26, 191)
(26, 64)
(26, 194)
(26, 195)
(26, 324)
(26, 197)
(26, 328)
(26, 205)
(26, 77)
(26, 184)
(26, 210)
(26, 211)
(26, 212)
(26, 342)
(26, 87)
(26, 217)
(26, 350)
(26, 98)
(26, 355)
(26, 100)
(26, 105)
(26, 108)
(26, 374)
(26, 121)
(26, 123)
(26, 382)
(27, 129)
(27, 130)
(27, 134)
(27, 137)
(27, 142)
(27, 173)
(27, 145)
(27, 274)
(27, 275)
(27, 276)
(27, 281)
(27, 287)
(27, 288)
(27, 34)
(27, 39)
(27, 171)
(27, 178)
(27, 304)
(27, 306)
(27, 115)
(27, 54)
(27, 31)
(27, 193)
(27, 83)
(27, 326)
(27, 202)
(27, 203)
(27, 78)
(27, 335)
(27, 339)
(27, 214)
(27, 360)
(27, 361)
(27, 362)
(27, 363)
(27, 368)
(27, 232)
(27, 114)
(27, 371)
(27, 126)
(27, 246)
(27, 120)
(27, 254)
(27, 383)
(28, 257)
(28, 388)
(28, 392)
(28, 393)
(28, 283)
(28, 159)
(28, 161)
(28, 290)
(28, 301)
(28, 180)
(28, 56)
(28, 313)
(28, 186)
(28, 317)
(28, 67)
(28, 325)
(28, 75)
(28, 76)
(28, 209)
(28, 84)
(28, 343)
(28, 348)
(28, 350)
(28, 224)
(28, 227)
(28, 357)
(28, 230)
(28, 110)
(28, 245)
(28, 376)
(28, 378)
(28, 381)
(28, 382)
(28, 255)
(29, 51)
(29, 386)
(29, 390)
(29, 65)
(29, 396)
(29, 143)
(29, 144)
(29, 145)
(29, 282)
(29, 90)
(29, 288)
(29, 34)
(29, 297)
(29, 44)
(29, 53)
(29, 307)
(29, 52)
(29, 309)
(29, 57)
(29, 315)
(29, 189)
(29, 319)
(29, 193)
(29, 66)
(29, 69)
(29, 32)
(29, 330)
(29, 340)
(29, 218)
(29, 93)
(29, 225)
(29, 187)
(29, 359)
(29, 238)
(29, 369)
(29, 243)
(29, 372)
(29, 373)
(29, 63)
(29, 254)
(29, 383)
(30, 256)
(30, 131)
(30, 132)
(30, 392)
(30, 266)
(30, 139)
(30, 268)
(30, 399)
(30, 152)
(30, 149)
(30, 279)
(30, 280)
(30, 153)
(30, 158)
(30, 168)
(30, 47)
(30, 138)
(30, 190)
(30, 323)
(30, 201)
(30, 85)
(30, 344)
(30, 271)
(30, 222)
(30, 224)
(30, 239)
(30, 140)
(31, 129)
(31, 130)
(31, 134)
(31, 137)
(31, 142)
(31, 173)
(31, 145)
(31, 274)
(31, 275)
(31, 276)
(31, 281)
(31, 288)
(31, 368)
(31, 34)
(31, 39)
(31, 171)
(31, 178)
(31, 304)
(31, 306)
(31, 115)
(31, 54)
(31, 232)
(31, 63)
(31, 193)
(31, 83)
(31, 326)
(31, 202)
(31, 203)
(31, 334)
(31, 339)
(31, 78)
(31, 214)
(31, 360)
(31, 361)
(31, 362)
(31, 363)
(31, 240)
(31, 369)
(31, 114)
(31, 371)
(31, 126)
(31, 246)
(31, 120)
(31, 254)
(31, 383)
(32, 51)
(32, 390)
(32, 264)
(32, 269)
(32, 143)
(32, 272)
(32, 90)
(32, 35)
(32, 167)
(32, 40)
(32, 297)
(32, 44)
(32, 174)
(32, 53)
(32, 307)
(32, 52)
(32, 309)
(32, 182)
(32, 183)
(32, 57)
(32, 315)
(32, 189)
(32, 319)
(32, 65)
(32, 66)
(32, 69)
(32, 210)
(32, 340)
(32, 218)
(32, 93)
(32, 223)
(32, 225)
(32, 226)
(32, 187)
(32, 359)
(32, 233)
(32, 144)
(32, 238)
(32, 243)
(32, 372)
(32, 373)
(32, 118)
(32, 119)
(32, 248)
(32, 249)
(32, 380)
(33, 389)
(33, 262)
(33, 265)
(33, 147)
(33, 133)
(33, 292)
(33, 165)
(33, 169)
(33, 303)
(33, 48)
(33, 200)
(33, 179)
(33, 184)
(33, 58)
(33, 191)
(33, 64)
(33, 194)
(33, 195)
(33, 324)
(33, 197)
(33, 328)
(33, 205)
(33, 164)
(33, 56)
(33, 211)
(33, 342)
(33, 87)
(33, 217)
(33, 350)
(33, 355)
(33, 100)
(33, 108)
(33, 374)
(33, 121)
(33, 123)
(34, 129)
(34, 386)
(34, 134)
(34, 243)
(34, 137)
(34, 130)
(34, 143)
(34, 145)
(34, 274)
(34, 281)
(34, 285)
(34, 288)
(34, 291)
(34, 44)
(34, 173)
(34, 306)
(34, 307)
(34, 53)
(34, 59)
(34, 60)
(34, 189)
(34, 319)
(34, 193)
(34, 330)
(34, 203)
(34, 332)
(34, 126)
(34, 334)
(34, 83)
(34, 340)
(34, 359)
(34, 362)
(34, 235)
(34, 367)
(34, 368)
(34, 369)
(34, 114)
(34, 371)
(34, 373)
(34, 120)
(34, 63)
(34, 254)
(34, 383)
(35, 384)
(35, 390)
(35, 264)
(35, 269)
(35, 272)
(35, 148)
(35, 110)
(35, 56)
(35, 283)
(35, 167)
(35, 40)
(35, 297)
(35, 174)
(35, 51)
(35, 182)
(35, 183)
(35, 312)
(35, 57)
(35, 186)
(35, 315)
(35, 65)
(35, 194)
(35, 67)
(35, 66)
(35, 325)
(35, 76)
(35, 141)
(35, 248)
(35, 210)
(35, 212)
(35, 342)
(35, 121)
(35, 93)
(35, 223)
(35, 224)
(35, 225)
(35, 226)
(35, 233)
(35, 144)
(35, 238)
(35, 118)
(35, 119)
(35, 376)
(35, 249)
(35, 380)
(35, 382)
(36, 385)
(36, 389)
(36, 263)
(36, 394)
(36, 109)
(36, 154)
(36, 162)
(36, 165)
(36, 38)
(36, 295)
(36, 296)
(36, 48)
(36, 310)
(36, 73)
(36, 58)
(36, 351)
(36, 64)
(36, 329)
(36, 74)
(36, 55)
(36, 205)
(36, 79)
(36, 337)
(36, 37)
(36, 211)
(36, 86)
(36, 219)
(36, 92)
(36, 349)
(36, 293)
(36, 97)
(36, 229)
(36, 105)
(36, 364)
(36, 237)
(36, 374)
(36, 251)
(37, 385)
(37, 258)
(37, 389)
(37, 263)
(37, 136)
(37, 236)
(37, 394)
(37, 77)
(37, 109)
(37, 146)
(37, 147)
(37, 154)
(37, 162)
(37, 164)
(37, 293)
(37, 38)
(37, 295)
(37, 296)
(37, 48)
(37, 310)
(37, 73)
(37, 184)
(37, 58)
(37, 316)
(37, 64)
(37, 97)
(37, 329)
(37, 74)
(37, 55)
(37, 205)
(37, 79)
(37, 211)
(37, 86)
(37, 217)
(37, 219)
(37, 92)
(37, 349)
(37, 351)
(37, 352)
(37, 165)
(37, 98)
(37, 105)
(37, 364)
(37, 237)
(37, 374)
(37, 251)
(38, 97)
(38, 162)
(38, 259)
(38, 293)
(38, 295)
(38, 329)
(38, 394)
(38, 263)
(38, 364)
(38, 237)
(38, 79)
(38, 337)
(38, 74)
(38, 286)
(38, 86)
(38, 73)
(38, 349)
(38, 318)
(38, 229)
(39, 129)
(39, 173)
(39, 274)
(39, 275)
(39, 281)
(39, 157)
(39, 287)
(39, 171)
(39, 306)
(39, 304)
(39, 178)
(39, 115)
(39, 54)
(39, 59)
(39, 60)
(39, 193)
(39, 83)
(39, 326)
(39, 202)
(39, 335)
(39, 339)
(39, 213)
(39, 214)
(39, 88)
(39, 360)
(39, 362)
(39, 235)
(39, 367)
(39, 368)
(39, 371)
(39, 126)
(39, 246)
(39, 120)
(39, 254)
(40, 384)
(40, 387)
(40, 390)
(40, 136)
(40, 108)
(40, 87)
(40, 269)
(40, 77)
(40, 272)
(40, 148)
(40, 238)
(40, 56)
(40, 90)
(40, 69)
(40, 164)
(40, 167)
(40, 51)
(40, 182)
(40, 183)
(40, 312)
(40, 57)
(40, 186)
(40, 315)
(40, 65)
(40, 194)
(40, 195)
(40, 325)
(40, 198)
(40, 98)
(40, 141)
(40, 184)
(40, 210)
(40, 212)
(40, 342)
(40, 121)
(40, 218)
(40, 225)
(40, 226)
(40, 233)
(40, 144)
(40, 236)
(40, 366)
(40, 119)
(40, 376)
(40, 249)
(40, 382)
(41, 257)
(41, 261)
(41, 392)
(41, 398)
(41, 279)
(41, 280)
(41, 284)
(41, 170)
(41, 180)
(41, 311)
(41, 313)
(41, 68)
(41, 75)
(41, 336)
(41, 209)
(41, 84)
(41, 348)
(41, 104)
(41, 381)
(41, 42)
(41, 253)
(42, 257)
(42, 68)
(42, 261)
(42, 104)
(42, 284)
(42, 170)
(42, 75)
(42, 398)
(42, 253)
(42, 336)
(42, 209)
(42, 84)
(42, 311)
(42, 313)
(42, 348)
(42, 381)
(43, 256)
(43, 386)
(43, 396)
(43, 149)
(43, 156)
(43, 285)
(43, 288)
(43, 289)
(43, 241)
(43, 168)
(43, 297)
(43, 44)
(43, 45)
(43, 174)
(43, 52)
(43, 309)
(43, 201)
(43, 315)
(43, 189)
(43, 62)
(43, 319)
(43, 65)
(43, 66)
(43, 323)
(43, 199)
(43, 268)
(43, 330)
(43, 332)
(43, 334)
(43, 93)
(43, 187)
(43, 228)
(43, 101)
(43, 63)
(43, 111)
(43, 112)
(43, 369)
(43, 243)
(43, 373)
(43, 118)
(43, 247)
(43, 248)
(43, 379)
(44, 51)
(44, 386)
(44, 390)
(44, 243)
(44, 137)
(44, 396)
(44, 144)
(44, 145)
(44, 281)
(44, 285)
(44, 288)
(44, 134)
(44, 65)
(44, 297)
(44, 45)
(44, 53)
(44, 307)
(44, 52)
(44, 309)
(44, 315)
(44, 189)
(44, 319)
(44, 193)
(44, 66)
(44, 330)
(44, 332)
(44, 334)
(44, 340)
(44, 187)
(44, 359)
(44, 63)
(44, 238)
(44, 112)
(44, 369)
(44, 114)
(44, 371)
(44, 373)
(44, 120)
(44, 379)
(44, 254)
(44, 383)
(45, 256)
(45, 386)
(45, 395)
(45, 396)
(45, 277)
(45, 153)
(45, 156)
(45, 285)
(45, 289)
(45, 241)
(45, 168)
(45, 297)
(45, 174)
(45, 52)
(45, 309)
(45, 201)
(45, 315)
(45, 189)
(45, 62)
(45, 319)
(45, 66)
(45, 323)
(45, 199)
(45, 268)
(45, 330)
(45, 332)
(45, 334)
(45, 85)
(45, 93)
(45, 187)
(45, 228)
(45, 101)
(45, 111)
(45, 112)
(45, 369)
(45, 140)
(45, 243)
(45, 373)
(45, 118)
(45, 247)
(45, 248)
(45, 379)
(45, 149)
(46, 128)
(46, 130)
(46, 391)
(46, 142)
(46, 277)
(46, 278)
(46, 103)
(46, 298)
(46, 300)
(46, 114)
(46, 305)
(46, 72)
(46, 203)
(46, 78)
(46, 80)
(46, 341)
(46, 94)
(46, 354)
(46, 231)
(46, 232)
(46, 363)
(46, 240)
(46, 113)
(46, 242)
(46, 244)
(46, 375)
(46, 250)
(46, 379)
(46, 125)
(47, 131)
(47, 132)
(47, 261)
(47, 392)
(47, 266)
(47, 139)
(47, 399)
(47, 280)
(47, 279)
(47, 152)
(47, 170)
(47, 180)
(47, 311)
(47, 190)
(47, 344)
(47, 271)
(47, 222)
(47, 239)
(47, 253)
(48, 385)
(48, 389)
(48, 263)
(48, 265)
(48, 394)
(48, 147)
(48, 154)
(48, 164)
(48, 293)
(48, 295)
(48, 296)
(48, 169)
(48, 108)
(48, 179)
(48, 310)
(48, 184)
(48, 58)
(48, 64)
(48, 195)
(48, 324)
(48, 200)
(48, 329)
(48, 74)
(48, 205)
(48, 206)
(48, 79)
(48, 211)
(48, 86)
(48, 217)
(48, 165)
(48, 97)
(48, 355)
(48, 100)
(48, 229)
(48, 105)
(48, 364)
(48, 374)
(48, 123)
(49, 171)
(49, 260)
(49, 135)
(49, 397)
(49, 273)
(49, 282)
(49, 155)
(49, 157)
(49, 291)
(49, 163)
(49, 294)
(49, 299)
(49, 172)
(49, 175)
(49, 50)
(49, 181)
(49, 54)
(49, 59)
(49, 60)
(49, 61)
(49, 193)
(49, 327)
(49, 331)
(49, 204)
(49, 82)
(49, 339)
(49, 213)
(49, 215)
(49, 88)
(49, 89)
(49, 346)
(49, 95)
(49, 96)
(49, 99)
(49, 356)
(49, 102)
(49, 358)
(49, 360)
(49, 234)
(49, 235)
(49, 367)
(49, 117)
(49, 377)
(50, 107)
(50, 260)
(50, 135)
(50, 397)
(50, 270)
(50, 143)
(50, 273)
(50, 282)
(50, 155)
(50, 157)
(50, 88)
(50, 291)
(50, 299)
(50, 172)
(50, 175)
(50, 181)
(50, 185)
(50, 59)
(50, 60)
(50, 61)
(50, 193)
(50, 69)
(50, 331)
(50, 204)
(50, 208)
(50, 82)
(50, 163)
(50, 215)
(50, 216)
(50, 89)
(50, 218)
(50, 95)
(50, 99)
(50, 356)
(50, 358)
(50, 234)
(50, 235)
(50, 365)
(50, 367)
(50, 372)
(50, 377)
(51, 390)
(51, 269)
(51, 143)
(51, 272)
(51, 238)
(51, 282)
(51, 90)
(51, 167)
(51, 297)
(51, 53)
(51, 307)
(51, 309)
(51, 182)
(51, 183)
(51, 57)
(51, 315)
(51, 189)
(51, 319)
(51, 65)
(51, 66)
(51, 69)
(51, 210)
(51, 212)
(51, 249)
(51, 218)
(51, 93)
(51, 225)
(51, 226)
(51, 359)
(51, 233)
(51, 144)
(51, 366)
(51, 243)
(51, 372)
(51, 373)
(51, 119)
(51, 340)
(52, 256)
(52, 386)
(52, 396)
(52, 149)
(52, 153)
(52, 285)
(52, 289)
(52, 241)
(52, 168)
(52, 297)
(52, 174)
(52, 309)
(52, 201)
(52, 315)
(52, 189)
(52, 62)
(52, 319)
(52, 65)
(52, 66)
(52, 323)
(52, 199)
(52, 268)
(52, 330)
(52, 332)
(52, 85)
(52, 93)
(52, 223)
(52, 187)
(52, 228)
(52, 101)
(52, 359)
(52, 111)
(52, 112)
(52, 369)
(52, 140)
(52, 243)
(52, 373)
(52, 118)
(52, 247)
(52, 248)
(52, 249)
(52, 379)
(52, 380)
(53, 390)
(53, 371)
(53, 143)
(53, 145)
(53, 274)
(53, 281)
(53, 282)
(53, 157)
(53, 288)
(53, 291)
(53, 134)
(53, 173)
(53, 307)
(53, 181)
(53, 59)
(53, 60)
(53, 189)
(53, 319)
(53, 193)
(53, 69)
(53, 334)
(53, 83)
(53, 340)
(53, 88)
(53, 218)
(53, 95)
(53, 61)
(53, 359)
(53, 235)
(53, 238)
(53, 367)
(53, 369)
(53, 243)
(53, 372)
(53, 373)
(53, 120)
(53, 63)
(53, 254)
(53, 383)
(54, 129)
(54, 135)
(54, 274)
(54, 275)
(54, 281)
(54, 157)
(54, 287)
(54, 291)
(54, 163)
(54, 294)
(54, 171)
(54, 173)
(54, 304)
(54, 178)
(54, 115)
(54, 59)
(54, 60)
(54, 193)
(54, 83)
(54, 326)
(54, 335)
(54, 339)
(54, 213)
(54, 214)
(54, 88)
(54, 346)
(54, 96)
(54, 99)
(54, 102)
(54, 360)
(54, 235)
(54, 367)
(54, 368)
(54, 371)
(54, 126)
(54, 246)
(54, 120)
(54, 254)
(55, 385)
(55, 258)
(55, 394)
(55, 267)
(55, 270)
(55, 109)
(55, 146)
(55, 286)
(55, 160)
(55, 162)
(55, 166)
(55, 296)
(55, 310)
(55, 185)
(55, 316)
(55, 320)
(55, 70)
(55, 73)
(55, 208)
(55, 81)
(55, 86)
(55, 216)
(55, 345)
(55, 219)
(55, 92)
(55, 349)
(55, 351)
(55, 352)
(55, 97)
(55, 237)
(55, 370)
(55, 251)
(56, 384)
(56, 133)
(56, 262)
(56, 87)
(56, 269)
(56, 272)
(56, 148)
(56, 325)
(56, 292)
(56, 167)
(56, 303)
(56, 182)
(56, 183)
(56, 312)
(56, 186)
(56, 159)
(56, 317)
(56, 191)
(56, 194)
(56, 195)
(56, 324)
(56, 197)
(56, 141)
(56, 184)
(56, 210)
(56, 212)
(56, 342)
(56, 343)
(56, 350)
(56, 225)
(56, 98)
(56, 355)
(56, 357)
(56, 108)
(56, 110)
(56, 376)
(56, 121)
(56, 378)
(56, 382)
(57, 384)
(57, 258)
(57, 387)
(57, 390)
(57, 136)
(57, 269)
(57, 143)
(57, 272)
(57, 238)
(57, 282)
(57, 90)
(57, 167)
(57, 297)
(57, 307)
(57, 182)
(57, 183)
(57, 312)
(57, 315)
(57, 65)
(57, 69)
(57, 198)
(57, 98)
(57, 77)
(57, 210)
(57, 340)
(57, 218)
(57, 225)
(57, 226)
(57, 212)
(57, 359)
(57, 233)
(57, 144)
(57, 107)
(57, 236)
(57, 366)
(57, 372)
(57, 119)
(57, 249)
(58, 385)
(58, 389)
(58, 263)
(58, 265)
(58, 394)
(58, 147)
(58, 154)
(58, 164)
(58, 293)
(58, 295)
(58, 296)
(58, 169)
(58, 108)
(58, 179)
(58, 310)
(58, 184)
(58, 64)
(58, 195)
(58, 324)
(58, 200)
(58, 329)
(58, 74)
(58, 205)
(58, 206)
(58, 79)
(58, 211)
(58, 86)
(58, 217)
(58, 165)
(58, 97)
(58, 355)
(58, 100)
(58, 229)
(58, 105)
(58, 364)
(58, 109)
(58, 374)
(58, 123)
(59, 129)
(59, 171)
(59, 135)
(59, 143)
(59, 274)
(59, 281)
(59, 282)
(59, 157)
(59, 291)
(59, 163)
(59, 299)
(59, 173)
(59, 175)
(59, 115)
(59, 181)
(59, 60)
(59, 61)
(59, 193)
(59, 83)
(59, 331)
(59, 82)
(59, 339)
(59, 340)
(59, 213)
(59, 215)
(59, 88)
(59, 95)
(59, 96)
(59, 99)
(59, 356)
(59, 358)
(59, 360)
(59, 234)
(59, 235)
(59, 367)
(59, 371)
(59, 372)
(59, 246)
(59, 120)
(59, 377)
(59, 254)
(59, 383)
(60, 129)
(60, 171)
(60, 135)
(60, 143)
(60, 274)
(60, 275)
(60, 281)
(60, 282)
(60, 157)
(60, 287)
(60, 291)
(60, 163)
(60, 299)
(60, 173)
(60, 175)
(60, 304)
(60, 178)
(60, 115)
(60, 181)
(60, 61)
(60, 193)
(60, 83)
(60, 331)
(60, 82)
(60, 339)
(60, 340)
(60, 213)
(60, 215)
(60, 88)
(60, 346)
(60, 95)
(60, 96)
(60, 99)
(60, 356)
(60, 358)
(60, 360)
(60, 234)
(60, 235)
(60, 367)
(60, 368)
(60, 371)
(60, 126)
(60, 246)
(60, 120)
(60, 377)
(60, 254)
(60, 383)
(61, 107)
(61, 135)
(61, 267)
(61, 397)
(61, 143)
(61, 273)
(61, 282)
(61, 157)
(61, 88)
(61, 291)
(61, 299)
(61, 172)
(61, 175)
(61, 181)
(61, 185)
(61, 193)
(61, 69)
(61, 331)
(61, 204)
(61, 208)
(61, 82)
(61, 163)
(61, 215)
(61, 216)
(61, 89)
(61, 218)
(61, 95)
(61, 356)
(61, 358)
(61, 234)
(61, 235)
(61, 365)
(61, 367)
(61, 370)
(61, 372)
(61, 377)
(62, 256)
(62, 131)
(62, 395)
(62, 268)
(62, 271)
(62, 277)
(62, 151)
(62, 153)
(62, 111)
(62, 156)
(62, 158)
(62, 289)
(62, 168)
(62, 176)
(62, 308)
(62, 201)
(62, 187)
(62, 188)
(62, 192)
(62, 323)
(62, 199)
(62, 396)
(62, 330)
(62, 338)
(62, 341)
(62, 344)
(62, 94)
(62, 353)
(62, 228)
(62, 101)
(62, 106)
(62, 239)
(62, 112)
(62, 241)
(62, 140)
(62, 247)
(62, 379)
(62, 124)
(62, 85)
(62, 149)
(63, 129)
(63, 386)
(63, 134)
(63, 137)
(63, 371)
(63, 130)
(63, 142)
(63, 145)
(63, 274)
(63, 281)
(63, 285)
(63, 288)
(63, 240)
(63, 173)
(63, 306)
(63, 307)
(63, 189)
(63, 319)
(63, 193)
(63, 330)
(63, 203)
(63, 332)
(63, 126)
(63, 334)
(63, 83)
(63, 340)
(63, 359)
(63, 362)
(63, 367)
(63, 368)
(63, 369)
(63, 114)
(63, 243)
(63, 373)
(63, 120)
(63, 254)
(63, 383)
(64, 385)
(64, 389)
(64, 263)
(64, 108)
(64, 394)
(64, 77)
(64, 146)
(64, 147)
(64, 154)
(64, 164)
(64, 293)
(64, 295)
(64, 296)
(64, 169)
(64, 179)
(64, 310)
(64, 184)
(64, 195)
(64, 324)
(64, 97)
(64, 200)
(64, 329)
(64, 74)
(64, 205)
(64, 206)
(64, 79)
(64, 211)
(64, 86)
(64, 217)
(64, 92)
(64, 351)
(64, 165)
(64, 98)
(64, 355)
(64, 100)
(64, 105)
(64, 364)
(64, 109)
(64, 123)
(64, 374)
(64, 251)
(65, 386)
(65, 390)
(65, 264)
(65, 396)
(65, 269)
(65, 143)
(65, 272)
(65, 167)
(65, 297)
(65, 174)
(65, 307)
(65, 309)
(65, 182)
(65, 183)
(65, 315)
(65, 189)
(65, 319)
(65, 66)
(65, 201)
(65, 330)
(65, 340)
(65, 218)
(65, 93)
(65, 223)
(65, 225)
(65, 187)
(65, 359)
(65, 233)
(65, 144)
(65, 238)
(65, 243)
(65, 373)
(65, 118)
(65, 248)
(65, 249)
(65, 380)
(66, 256)
(66, 386)
(66, 390)
(66, 264)
(66, 396)
(66, 272)
(66, 153)
(66, 167)
(66, 297)
(66, 174)
(66, 307)
(66, 309)
(66, 183)
(66, 315)
(66, 189)
(66, 319)
(66, 323)
(66, 201)
(66, 330)
(66, 340)
(66, 93)
(66, 223)
(66, 225)
(66, 187)
(66, 101)
(66, 359)
(66, 233)
(66, 144)
(66, 238)
(66, 112)
(66, 369)
(66, 243)
(66, 373)
(66, 118)
(66, 248)
(66, 249)
(66, 380)
(67, 256)
(67, 132)
(67, 392)
(67, 393)
(67, 138)
(67, 139)
(67, 269)
(67, 399)
(67, 272)
(67, 279)
(67, 152)
(67, 153)
(67, 283)
(67, 159)
(67, 161)
(67, 167)
(67, 301)
(67, 174)
(67, 264)
(67, 180)
(67, 186)
(67, 323)
(67, 325)
(67, 201)
(67, 76)
(67, 248)
(67, 93)
(67, 223)
(67, 224)
(67, 225)
(67, 230)
(67, 233)
(67, 110)
(67, 118)
(67, 376)
(67, 249)
(67, 378)
(67, 380)
(67, 255)
(68, 257)
(68, 261)
(68, 104)
(68, 284)
(68, 170)
(68, 75)
(68, 398)
(68, 253)
(68, 336)
(68, 209)
(68, 84)
(68, 311)
(68, 313)
(68, 348)
(68, 381)
(69, 384)
(69, 258)
(69, 387)
(69, 390)
(69, 136)
(69, 143)
(69, 144)
(69, 238)
(69, 282)
(69, 90)
(69, 172)
(69, 175)
(69, 307)
(69, 181)
(69, 183)
(69, 198)
(69, 77)
(69, 208)
(69, 210)
(69, 212)
(69, 377)
(69, 218)
(69, 95)
(69, 226)
(69, 356)
(69, 359)
(69, 234)
(69, 107)
(69, 236)
(69, 366)
(69, 370)
(69, 372)
(69, 119)
(69, 340)
(70, 260)
(70, 267)
(70, 397)
(70, 270)
(70, 237)
(70, 89)
(70, 286)
(70, 160)
(70, 166)
(70, 172)
(70, 185)
(70, 316)
(70, 320)
(70, 204)
(70, 333)
(70, 208)
(70, 81)
(70, 216)
(70, 345)
(70, 219)
(70, 92)
(70, 349)
(70, 351)
(70, 352)
(70, 365)
(70, 370)
(71, 260)
(71, 273)
(71, 150)
(71, 155)
(71, 163)
(71, 294)
(71, 302)
(71, 177)
(71, 91)
(71, 314)
(71, 321)
(71, 322)
(71, 196)
(71, 327)
(71, 331)
(71, 333)
(71, 207)
(71, 89)
(71, 346)
(71, 347)
(71, 220)
(71, 221)
(71, 358)
(71, 116)
(71, 117)
(71, 122)
(71, 252)
(71, 127)
(72, 130)
(72, 134)
(72, 391)
(72, 137)
(72, 142)
(72, 276)
(72, 277)
(72, 278)
(72, 103)
(72, 285)
(72, 298)
(72, 300)
(72, 114)
(72, 305)
(72, 306)
(72, 202)
(72, 203)
(72, 332)
(72, 334)
(72, 80)
(72, 78)
(72, 354)
(72, 231)
(72, 232)
(72, 361)
(72, 362)
(72, 363)
(72, 240)
(72, 242)
(72, 375)
(72, 250)
(72, 379)
(72, 125)
(73, 263)
(73, 394)
(73, 286)
(73, 162)
(73, 293)
(73, 295)
(73, 310)
(73, 351)
(73, 320)
(73, 79)
(73, 337)
(73, 86)
(73, 219)
(73, 92)
(73, 349)
(73, 97)
(73, 364)
(73, 237)
(74, 385)
(74, 259)
(74, 389)
(74, 263)
(74, 394)
(74, 147)
(74, 165)
(74, 295)
(74, 179)
(74, 318)
(74, 200)
(74, 329)
(74, 205)
(74, 206)
(74, 79)
(74, 337)
(74, 211)
(74, 86)
(74, 217)
(74, 293)
(74, 97)
(74, 229)
(74, 364)
(74, 374)
(74, 123)
(75, 257)
(75, 388)
(75, 261)
(75, 392)
(75, 393)
(75, 398)
(75, 279)
(75, 280)
(75, 284)
(75, 159)
(75, 161)
(75, 290)
(75, 170)
(75, 301)
(75, 180)
(75, 311)
(75, 313)
(75, 317)
(75, 336)
(75, 209)
(75, 84)
(75, 348)
(75, 227)
(75, 230)
(75, 104)
(75, 381)
(75, 245)
(75, 378)
(75, 253)
(75, 255)
(76, 392)
(76, 393)
(76, 138)
(76, 139)
(76, 269)
(76, 399)
(76, 272)
(76, 152)
(76, 153)
(76, 283)
(76, 159)
(76, 161)
(76, 167)
(76, 301)
(76, 174)
(76, 264)
(76, 180)
(76, 182)
(76, 186)
(76, 323)
(76, 325)
(76, 201)
(76, 248)
(76, 93)
(76, 223)
(76, 224)
(76, 225)
(76, 230)
(76, 233)
(76, 110)
(76, 118)
(76, 376)
(76, 249)
(76, 378)
(76, 380)
(76, 382)
(76, 255)
(77, 384)
(77, 385)
(77, 258)
(77, 387)
(77, 389)
(77, 136)
(77, 108)
(77, 267)
(77, 146)
(77, 154)
(77, 164)
(77, 296)
(77, 310)
(77, 312)
(77, 316)
(77, 194)
(77, 195)
(77, 198)
(77, 98)
(77, 208)
(77, 184)
(77, 210)
(77, 211)
(77, 212)
(77, 86)
(77, 217)
(77, 90)
(77, 92)
(77, 351)
(77, 352)
(77, 226)
(77, 105)
(77, 107)
(77, 236)
(77, 109)
(77, 366)
(77, 370)
(77, 119)
(77, 251)
(78, 129)
(78, 130)
(78, 134)
(78, 137)
(78, 142)
(78, 145)
(78, 275)
(78, 276)
(78, 103)
(78, 285)
(78, 288)
(78, 368)
(78, 298)
(78, 300)
(78, 114)
(78, 305)
(78, 306)
(78, 202)
(78, 203)
(78, 332)
(78, 334)
(78, 80)
(78, 231)
(78, 232)
(78, 361)
(78, 362)
(78, 363)
(78, 240)
(78, 242)
(78, 375)
(78, 125)
(78, 126)
(79, 385)
(79, 259)
(79, 389)
(79, 263)
(79, 394)
(79, 162)
(79, 293)
(79, 295)
(79, 310)
(79, 351)
(79, 318)
(79, 329)
(79, 205)
(79, 206)
(79, 337)
(79, 211)
(79, 86)
(79, 92)
(79, 349)
(79, 165)
(79, 97)
(79, 229)
(79, 364)
(79, 374)
(80, 128)
(80, 130)
(80, 391)
(80, 137)
(80, 395)
(80, 142)
(80, 277)
(80, 278)
(80, 103)
(80, 285)
(80, 289)
(80, 113)
(80, 298)
(80, 300)
(80, 114)
(80, 305)
(80, 203)
(80, 332)
(80, 341)
(80, 94)
(80, 354)
(80, 228)
(80, 231)
(80, 232)
(80, 363)
(80, 240)
(80, 241)
(80, 242)
(80, 244)
(80, 375)
(80, 250)
(80, 379)
(80, 124)
(80, 125)
(81, 320)
(81, 160)
(81, 260)
(81, 166)
(81, 267)
(81, 204)
(81, 365)
(81, 270)
(81, 333)
(81, 237)
(81, 185)
(81, 216)
(81, 345)
(81, 219)
(81, 286)
(82, 260)
(82, 135)
(82, 397)
(82, 270)
(82, 273)
(82, 282)
(82, 155)
(82, 157)
(82, 88)
(82, 291)
(82, 294)
(82, 299)
(82, 172)
(82, 175)
(82, 181)
(82, 185)
(82, 314)
(82, 322)
(82, 327)
(82, 331)
(82, 204)
(82, 163)
(82, 215)
(82, 216)
(82, 89)
(82, 346)
(82, 95)
(82, 96)
(82, 99)
(82, 356)
(82, 358)
(82, 234)
(82, 235)
(82, 365)
(82, 117)
(82, 377)
(83, 129)
(83, 130)
(83, 134)
(83, 137)
(83, 173)
(83, 145)
(83, 274)
(83, 275)
(83, 281)
(83, 157)
(83, 287)
(83, 288)
(83, 291)
(83, 171)
(83, 178)
(83, 304)
(83, 306)
(83, 115)
(83, 193)
(83, 326)
(83, 202)
(83, 335)
(83, 339)
(83, 213)
(83, 214)
(83, 88)
(83, 360)
(83, 362)
(83, 235)
(83, 367)
(83, 368)
(83, 371)
(83, 126)
(83, 246)
(83, 120)
(83, 254)
(83, 383)
(84, 257)
(84, 388)
(84, 261)
(84, 392)
(84, 393)
(84, 398)
(84, 279)
(84, 280)
(84, 284)
(84, 290)
(84, 170)
(84, 301)
(84, 180)
(84, 311)
(84, 313)
(84, 190)
(84, 336)
(84, 209)
(84, 348)
(84, 227)
(84, 230)
(84, 104)
(84, 381)
(84, 253)
(84, 255)
(85, 256)
(85, 131)
(85, 266)
(85, 395)
(85, 268)
(85, 399)
(85, 149)
(85, 151)
(85, 152)
(85, 153)
(85, 111)
(85, 156)
(85, 158)
(85, 289)
(85, 168)
(85, 176)
(85, 308)
(85, 201)
(85, 187)
(85, 188)
(85, 138)
(85, 192)
(85, 323)
(85, 199)
(85, 396)
(85, 338)
(85, 344)
(85, 271)
(85, 222)
(85, 353)
(85, 228)
(85, 101)
(85, 106)
(85, 239)
(85, 112)
(85, 241)
(85, 140)
(85, 247)
(86, 385)
(86, 389)
(86, 263)
(86, 136)
(86, 236)
(86, 394)
(86, 109)
(86, 146)
(86, 147)
(86, 154)
(86, 162)
(86, 164)
(86, 293)
(86, 295)
(86, 296)
(86, 108)
(86, 310)
(86, 184)
(86, 316)
(86, 97)
(86, 200)
(86, 329)
(86, 205)
(86, 211)
(86, 217)
(86, 219)
(86, 92)
(86, 349)
(86, 351)
(86, 352)
(86, 165)
(86, 98)
(86, 105)
(86, 364)
(86, 237)
(86, 374)
(86, 251)
(87, 384)
(87, 387)
(87, 389)
(87, 262)
(87, 136)
(87, 265)
(87, 269)
(87, 147)
(87, 148)
(87, 197)
(87, 133)
(87, 292)
(87, 169)
(87, 303)
(87, 200)
(87, 182)
(87, 312)
(87, 186)
(87, 191)
(87, 194)
(87, 195)
(87, 324)
(87, 325)
(87, 328)
(87, 141)
(87, 164)
(87, 184)
(87, 210)
(87, 211)
(87, 212)
(87, 342)
(87, 343)
(87, 217)
(87, 350)
(87, 98)
(87, 355)
(87, 100)
(87, 357)
(87, 105)
(87, 108)
(87, 110)
(87, 374)
(87, 376)
(87, 121)
(87, 382)
(88, 129)
(88, 171)
(88, 135)
(88, 274)
(88, 281)
(88, 282)
(88, 157)
(88, 291)
(88, 163)
(88, 294)
(88, 299)
(88, 173)
(88, 175)
(88, 304)
(88, 115)
(88, 181)
(88, 193)
(88, 331)
(88, 339)
(88, 213)
(88, 215)
(88, 346)
(88, 95)
(88, 96)
(88, 99)
(88, 356)
(88, 358)
(88, 360)
(88, 234)
(88, 235)
(88, 367)
(88, 371)
(88, 246)
(88, 120)
(88, 377)
(88, 254)
(89, 260)
(89, 135)
(89, 397)
(89, 270)
(89, 273)
(89, 150)
(89, 155)
(89, 163)
(89, 294)
(89, 299)
(89, 172)
(89, 175)
(89, 181)
(89, 185)
(89, 314)
(89, 322)
(89, 327)
(89, 331)
(89, 204)
(89, 333)
(89, 215)
(89, 216)
(89, 345)
(89, 346)
(89, 95)
(89, 99)
(89, 356)
(89, 358)
(89, 234)
(89, 365)
(89, 117)
(89, 377)
(89, 127)
(90, 384)
(90, 258)
(90, 387)
(90, 390)
(90, 136)
(90, 267)
(90, 269)
(90, 143)
(90, 144)
(90, 146)
(90, 238)
(90, 282)
(90, 175)
(90, 307)
(90, 182)
(90, 183)
(90, 312)
(90, 316)
(90, 198)
(90, 98)
(90, 208)
(90, 210)
(90, 340)
(90, 218)
(90, 352)
(90, 225)
(90, 226)
(90, 212)
(90, 359)
(90, 107)
(90, 236)
(90, 109)
(90, 366)
(90, 370)
(90, 372)
(90, 119)
(90, 377)
(91, 135)
(91, 150)
(91, 287)
(91, 163)
(91, 294)
(91, 302)
(91, 177)
(91, 347)
(91, 321)
(91, 196)
(91, 327)
(91, 314)
(91, 331)
(91, 207)
(91, 213)
(91, 346)
(91, 335)
(91, 220)
(91, 221)
(91, 96)
(91, 99)
(91, 102)
(91, 358)
(91, 116)
(91, 117)
(91, 122)
(91, 252)
(92, 385)
(92, 258)
(92, 389)
(92, 263)
(92, 136)
(92, 394)
(92, 267)
(92, 109)
(92, 146)
(92, 154)
(92, 286)
(92, 160)
(92, 162)
(92, 164)
(92, 293)
(92, 295)
(92, 296)
(92, 310)
(92, 185)
(92, 316)
(92, 320)
(92, 208)
(92, 211)
(92, 216)
(92, 345)
(92, 219)
(92, 349)
(92, 351)
(92, 352)
(92, 97)
(92, 105)
(92, 107)
(92, 236)
(92, 237)
(92, 370)
(92, 251)
(93, 256)
(93, 386)
(93, 264)
(93, 138)
(93, 139)
(93, 396)
(93, 272)
(93, 149)
(93, 153)
(93, 283)
(93, 167)
(93, 168)
(93, 297)
(93, 174)
(93, 309)
(93, 201)
(93, 315)
(93, 189)
(93, 319)
(93, 323)
(93, 199)
(93, 268)
(93, 330)
(93, 344)
(93, 223)
(93, 224)
(93, 225)
(93, 187)
(93, 101)
(93, 359)
(93, 233)
(93, 144)
(93, 238)
(93, 112)
(93, 243)
(93, 373)
(93, 118)
(93, 248)
(93, 249)
(93, 380)
(94, 395)
(94, 277)
(94, 151)
(94, 156)
(94, 289)
(94, 113)
(94, 176)
(94, 305)
(94, 308)
(94, 188)
(94, 192)
(94, 247)
(94, 338)
(94, 341)
(94, 353)
(94, 354)
(94, 228)
(94, 106)
(94, 111)
(94, 241)
(94, 242)
(94, 244)
(94, 375)
(94, 250)
(94, 379)
(94, 124)
(94, 125)
(95, 135)
(95, 397)
(95, 143)
(95, 273)
(95, 282)
(95, 157)
(95, 291)
(95, 163)
(95, 299)
(95, 172)
(95, 173)
(95, 175)
(95, 181)
(95, 193)
(95, 331)
(95, 204)
(95, 339)
(95, 340)
(95, 215)
(95, 218)
(95, 99)
(95, 356)
(95, 358)
(95, 360)
(95, 234)
(95, 235)
(95, 367)
(95, 371)
(95, 372)
(95, 377)
(95, 254)
(96, 171)
(96, 135)
(96, 273)
(96, 150)
(96, 155)
(96, 157)
(96, 287)
(96, 291)
(96, 163)
(96, 294)
(96, 299)
(96, 302)
(96, 304)
(96, 177)
(96, 181)
(96, 314)
(96, 321)
(96, 327)
(96, 331)
(96, 207)
(96, 335)
(96, 339)
(96, 213)
(96, 214)
(96, 346)
(96, 347)
(96, 220)
(96, 221)
(96, 99)
(96, 102)
(96, 358)
(96, 360)
(96, 235)
(96, 115)
(96, 116)
(96, 117)
(96, 122)
(96, 252)
(97, 385)
(97, 389)
(97, 263)
(97, 394)
(97, 109)
(97, 146)
(97, 154)
(97, 286)
(97, 162)
(97, 165)
(97, 295)
(97, 296)
(97, 310)
(97, 351)
(97, 316)
(97, 320)
(97, 329)
(97, 337)
(97, 211)
(97, 219)
(97, 349)
(97, 293)
(97, 352)
(97, 105)
(97, 364)
(97, 237)
(97, 251)
(98, 384)
(98, 385)
(98, 258)
(98, 387)
(98, 389)
(98, 136)
(98, 108)
(98, 269)
(98, 146)
(98, 148)
(98, 154)
(98, 164)
(98, 167)
(98, 296)
(98, 310)
(98, 183)
(98, 312)
(98, 316)
(98, 194)
(98, 195)
(98, 324)
(98, 182)
(98, 198)
(98, 141)
(98, 184)
(98, 210)
(98, 211)
(98, 212)
(98, 342)
(98, 217)
(98, 226)
(98, 355)
(98, 105)
(98, 107)
(98, 236)
(98, 109)
(98, 366)
(98, 370)
(98, 119)
(98, 121)
(98, 251)
(98, 382)
(99, 171)
(99, 135)
(99, 273)
(99, 150)
(99, 155)
(99, 157)
(99, 287)
(99, 291)
(99, 163)
(99, 294)
(99, 299)
(99, 302)
(99, 177)
(99, 181)
(99, 314)
(99, 321)
(99, 327)
(99, 331)
(99, 335)
(99, 339)
(99, 213)
(99, 215)
(99, 346)
(99, 347)
(99, 220)
(99, 221)
(99, 102)
(99, 358)
(99, 360)
(99, 235)
(99, 115)
(99, 116)
(99, 117)
(99, 122)
(99, 252)
(100, 389)
(100, 262)
(100, 265)
(100, 147)
(100, 133)
(100, 164)
(100, 165)
(100, 169)
(100, 303)
(100, 200)
(100, 179)
(100, 184)
(100, 191)
(100, 195)
(100, 324)
(100, 197)
(100, 292)
(100, 328)
(100, 205)
(100, 206)
(100, 211)
(100, 217)
(100, 355)
(100, 108)
(100, 374)
(100, 123)
(101, 256)
(101, 386)
(101, 131)
(101, 266)
(101, 395)
(101, 396)
(101, 271)
(101, 149)
(101, 153)
(101, 111)
(101, 156)
(101, 158)
(101, 289)
(101, 168)
(101, 297)
(101, 174)
(101, 176)
(101, 309)
(101, 138)
(101, 201)
(101, 187)
(101, 189)
(101, 192)
(101, 323)
(101, 199)
(101, 268)
(101, 330)
(101, 344)
(101, 223)
(101, 353)
(101, 228)
(101, 239)
(101, 112)
(101, 241)
(101, 140)
(101, 373)
(101, 118)
(101, 247)
(101, 248)
(101, 379)
(102, 135)
(102, 150)
(102, 287)
(102, 163)
(102, 294)
(102, 171)
(102, 302)
(102, 177)
(102, 347)
(102, 321)
(102, 327)
(102, 314)
(102, 331)
(102, 207)
(102, 339)
(102, 213)
(102, 214)
(102, 346)
(102, 335)
(102, 220)
(102, 221)
(102, 358)
(102, 360)
(102, 115)
(102, 116)
(102, 117)
(102, 122)
(102, 252)
(103, 130)
(103, 391)
(103, 137)
(103, 142)
(103, 276)
(103, 277)
(103, 278)
(103, 298)
(103, 300)
(103, 114)
(103, 305)
(103, 306)
(103, 202)
(103, 203)
(103, 354)
(103, 231)
(103, 232)
(103, 361)
(103, 363)
(103, 240)
(103, 242)
(103, 375)
(103, 250)
(103, 125)
(104, 257)
(104, 388)
(104, 261)
(104, 392)
(104, 398)
(104, 279)
(104, 280)
(104, 284)
(104, 290)
(104, 170)
(104, 180)
(104, 311)
(104, 313)
(104, 336)
(104, 209)
(104, 348)
(104, 227)
(104, 230)
(104, 381)
(104, 253)
(105, 384)
(105, 385)
(105, 258)
(105, 387)
(105, 389)
(105, 136)
(105, 108)
(105, 146)
(105, 147)
(105, 154)
(105, 164)
(105, 293)
(105, 296)
(105, 169)
(105, 310)
(105, 184)
(105, 316)
(105, 194)
(105, 195)
(105, 324)
(105, 198)
(105, 200)
(105, 205)
(105, 210)
(105, 211)
(105, 212)
(105, 217)
(105, 351)
(105, 352)
(105, 165)
(105, 355)
(105, 107)
(105, 236)
(105, 109)
(105, 366)
(105, 370)
(105, 374)
(105, 119)
(105, 251)
(106, 395)
(106, 268)
(106, 277)
(106, 151)
(106, 156)
(106, 158)
(106, 289)
(106, 113)
(106, 168)
(106, 176)
(106, 308)
(106, 188)
(106, 192)
(106, 199)
(106, 247)
(106, 338)
(106, 341)
(106, 353)
(106, 354)
(106, 228)
(106, 111)
(106, 112)
(106, 241)
(106, 242)
(106, 244)
(106, 375)
(106, 250)
(106, 379)
(106, 124)
(106, 149)
(107, 385)
(107, 258)
(107, 387)
(107, 136)
(107, 267)
(107, 143)
(107, 146)
(107, 282)
(107, 154)
(107, 296)
(107, 172)
(107, 175)
(107, 310)
(107, 185)
(107, 316)
(107, 198)
(107, 204)
(107, 208)
(107, 210)
(107, 212)
(107, 216)
(107, 345)
(107, 218)
(107, 351)
(107, 352)
(107, 226)
(107, 356)
(107, 234)
(107, 236)
(107, 109)
(107, 366)
(107, 370)
(107, 372)
(107, 119)
(107, 377)
(107, 251)
(108, 384)
(108, 385)
(108, 387)
(108, 389)
(108, 136)
(108, 269)
(108, 146)
(108, 147)
(108, 148)
(108, 154)
(108, 164)
(108, 296)
(108, 169)
(108, 303)
(108, 182)
(108, 312)
(108, 186)
(108, 191)
(108, 194)
(108, 195)
(108, 324)
(108, 198)
(108, 200)
(108, 205)
(108, 141)
(108, 184)
(108, 210)
(108, 211)
(108, 212)
(108, 342)
(108, 217)
(108, 355)
(108, 236)
(108, 109)
(108, 366)
(108, 374)
(108, 119)
(108, 121)
(108, 251)
(108, 382)
(109, 384)
(109, 385)
(109, 258)
(109, 387)
(109, 389)
(109, 136)
(109, 267)
(109, 146)
(109, 345)
(109, 154)
(109, 164)
(109, 296)
(109, 310)
(109, 184)
(109, 316)
(109, 195)
(109, 198)
(109, 208)
(109, 210)
(109, 211)
(109, 212)
(109, 217)
(109, 219)
(109, 349)
(109, 351)
(109, 352)
(109, 226)
(109, 236)
(109, 237)
(109, 366)
(109, 370)
(109, 374)
(109, 119)
(109, 251)
(110, 388)
(110, 133)
(110, 269)
(110, 272)
(110, 148)
(110, 325)
(110, 161)
(110, 290)
(110, 292)
(110, 167)
(110, 303)
(110, 182)
(110, 312)
(110, 186)
(110, 159)
(110, 317)
(110, 191)
(110, 194)
(110, 197)
(110, 141)
(110, 342)
(110, 343)
(110, 350)
(110, 355)
(110, 357)
(110, 230)
(110, 245)
(110, 376)
(110, 121)
(110, 378)
(110, 382)
(110, 255)
(111, 256)
(111, 386)
(111, 395)
(111, 396)
(111, 277)
(111, 151)
(111, 153)
(111, 156)
(111, 285)
(111, 158)
(111, 289)
(111, 168)
(111, 176)
(111, 305)
(111, 308)
(111, 309)
(111, 201)
(111, 187)
(111, 188)
(111, 192)
(111, 323)
(111, 199)
(111, 268)
(111, 330)
(111, 332)
(111, 338)
(111, 341)
(111, 353)
(111, 228)
(111, 140)
(111, 112)
(111, 241)
(111, 242)
(111, 373)
(111, 247)
(111, 250)
(111, 379)
(111, 124)
(111, 149)
(112, 256)
(112, 386)
(112, 395)
(112, 396)
(112, 277)
(112, 151)
(112, 156)
(112, 285)
(112, 289)
(112, 241)
(112, 168)
(112, 176)
(112, 305)
(112, 308)
(112, 309)
(112, 201)
(112, 187)
(112, 189)
(112, 319)
(112, 323)
(112, 199)
(112, 268)
(112, 330)
(112, 332)
(112, 334)
(112, 341)
(112, 353)
(112, 228)
(112, 140)
(112, 369)
(112, 242)
(112, 243)
(112, 373)
(112, 247)
(112, 248)
(112, 250)
(112, 379)
(112, 149)
(113, 128)
(113, 391)
(113, 395)
(113, 277)
(113, 278)
(113, 151)
(113, 176)
(113, 305)
(113, 308)
(113, 188)
(113, 192)
(113, 338)
(113, 341)
(113, 354)
(113, 228)
(113, 242)
(113, 244)
(113, 375)
(113, 250)
(113, 124)
(113, 125)
(114, 130)
(114, 134)
(114, 137)
(114, 142)
(114, 145)
(114, 276)
(114, 281)
(114, 285)
(114, 288)
(114, 368)
(114, 298)
(114, 300)
(114, 305)
(114, 306)
(114, 202)
(114, 203)
(114, 332)
(114, 334)
(114, 231)
(114, 232)
(114, 361)
(114, 362)
(114, 363)
(114, 240)
(114, 369)
(114, 242)
(114, 371)
(114, 375)
(114, 120)
(114, 250)
(114, 379)
(114, 125)
(114, 126)
(114, 383)
(115, 129)
(115, 135)
(115, 274)
(115, 275)
(115, 281)
(115, 157)
(115, 287)
(115, 171)
(115, 173)
(115, 304)
(115, 178)
(115, 326)
(115, 335)
(115, 339)
(115, 213)
(115, 214)
(115, 360)
(115, 362)
(115, 235)
(115, 367)
(115, 368)
(115, 371)
(115, 126)
(115, 246)
(115, 120)
(115, 254)
(116, 150)
(116, 163)
(116, 294)
(116, 302)
(116, 177)
(116, 314)
(116, 321)
(116, 196)
(116, 327)
(116, 331)
(116, 207)
(116, 213)
(116, 346)
(116, 347)
(116, 220)
(116, 221)
(116, 117)
(116, 122)
(116, 252)
(117, 260)
(117, 135)
(117, 397)
(117, 273)
(117, 150)
(117, 155)
(117, 163)
(117, 294)
(117, 299)
(117, 302)
(117, 177)
(117, 314)
(117, 321)
(117, 322)
(117, 196)
(117, 327)
(117, 331)
(117, 333)
(117, 207)
(117, 213)
(117, 215)
(117, 346)
(117, 347)
(117, 220)
(117, 221)
(117, 358)
(117, 122)
(117, 252)
(117, 127)
(118, 256)
(118, 386)
(118, 264)
(118, 266)
(118, 139)
(118, 396)
(118, 399)
(118, 272)
(118, 149)
(118, 152)
(118, 153)
(118, 283)
(118, 167)
(118, 168)
(118, 297)
(118, 174)
(118, 309)
(118, 138)
(118, 201)
(118, 315)
(118, 189)
(118, 319)
(118, 323)
(118, 199)
(118, 268)
(118, 330)
(118, 344)
(118, 271)
(118, 223)
(118, 224)
(118, 225)
(118, 187)
(118, 233)
(118, 144)
(118, 238)
(118, 239)
(118, 140)
(118, 373)
(118, 248)
(118, 249)
(118, 380)
(119, 384)
(119, 258)
(119, 387)
(119, 390)
(119, 136)
(119, 269)
(119, 143)
(119, 272)
(119, 146)
(119, 148)
(119, 238)
(119, 154)
(119, 164)
(119, 167)
(119, 296)
(119, 182)
(119, 183)
(119, 312)
(119, 316)
(119, 194)
(119, 195)
(119, 198)
(119, 141)
(119, 208)
(119, 184)
(119, 210)
(119, 212)
(119, 342)
(119, 218)
(119, 225)
(119, 226)
(119, 233)
(119, 144)
(119, 236)
(119, 366)
(119, 370)
(119, 372)
(119, 121)
(119, 251)
(120, 129)
(120, 130)
(120, 134)
(120, 137)
(120, 142)
(120, 173)
(120, 145)
(120, 274)
(120, 275)
(120, 281)
(120, 157)
(120, 288)
(120, 291)
(120, 171)
(120, 178)
(120, 304)
(120, 306)
(120, 193)
(120, 326)
(120, 202)
(120, 203)
(120, 334)
(120, 339)
(120, 214)
(120, 360)
(120, 362)
(120, 235)
(120, 367)
(120, 368)
(120, 369)
(120, 371)
(120, 126)
(120, 246)
(120, 254)
(120, 383)
(121, 384)
(121, 387)
(121, 133)
(121, 269)
(121, 272)
(121, 148)
(121, 325)
(121, 292)
(121, 167)
(121, 303)
(121, 182)
(121, 183)
(121, 312)
(121, 186)
(121, 159)
(121, 317)
(121, 191)
(121, 194)
(121, 195)
(121, 324)
(121, 197)
(121, 141)
(121, 184)
(121, 210)
(121, 212)
(121, 342)
(121, 343)
(121, 164)
(121, 350)
(121, 225)
(121, 355)
(121, 357)
(121, 233)
(121, 376)
(121, 382)
(122, 150)
(122, 163)
(122, 294)
(122, 302)
(122, 177)
(122, 314)
(122, 321)
(122, 322)
(122, 196)
(122, 327)
(122, 331)
(122, 207)
(122, 213)
(122, 346)
(122, 347)
(122, 220)
(122, 221)
(122, 358)
(122, 252)
(123, 389)
(123, 262)
(123, 265)
(123, 147)
(123, 165)
(123, 169)
(123, 303)
(123, 200)
(123, 179)
(123, 324)
(123, 197)
(123, 328)
(123, 329)
(123, 205)
(123, 206)
(123, 211)
(123, 217)
(123, 355)
(123, 229)
(123, 374)
(124, 395)
(124, 277)
(124, 151)
(124, 156)
(124, 158)
(124, 289)
(124, 176)
(124, 305)
(124, 308)
(124, 188)
(124, 192)
(124, 199)
(124, 247)
(124, 338)
(124, 341)
(124, 353)
(124, 354)
(124, 228)
(124, 241)
(124, 242)
(124, 244)
(124, 375)
(124, 250)
(124, 379)
(125, 130)
(125, 391)
(125, 137)
(125, 142)
(125, 276)
(125, 277)
(125, 278)
(125, 285)
(125, 289)
(125, 298)
(125, 300)
(125, 305)
(125, 306)
(125, 203)
(125, 332)
(125, 334)
(125, 341)
(125, 354)
(125, 228)
(125, 231)
(125, 232)
(125, 363)
(125, 240)
(125, 241)
(125, 242)
(125, 244)
(125, 375)
(125, 250)
(125, 379)
(126, 129)
(126, 130)
(126, 134)
(126, 137)
(126, 142)
(126, 173)
(126, 145)
(126, 274)
(126, 275)
(126, 276)
(126, 281)
(126, 287)
(126, 288)
(126, 171)
(126, 178)
(126, 304)
(126, 306)
(126, 232)
(126, 193)
(126, 326)
(126, 202)
(126, 203)
(126, 334)
(126, 335)
(126, 339)
(126, 214)
(126, 360)
(126, 361)
(126, 362)
(126, 363)
(126, 367)
(126, 368)
(126, 369)
(126, 371)
(126, 246)
(126, 254)
(126, 383)
(127, 260)
(127, 270)
(127, 273)
(127, 150)
(127, 155)
(127, 347)
(127, 314)
(127, 321)
(127, 322)
(127, 196)
(127, 327)
(127, 331)
(127, 333)
(127, 397)
(127, 207)
(127, 220)
(127, 358)
(127, 365)
(127, 252)
(128, 354)
(128, 391)
(128, 300)
(128, 242)
(128, 244)
(128, 278)
(128, 375)
(128, 250)
(129, 130)
(129, 363)
(129, 134)
(129, 137)
(129, 142)
(129, 173)
(129, 145)
(129, 274)
(129, 275)
(129, 276)
(129, 281)
(129, 287)
(129, 288)
(129, 171)
(129, 178)
(129, 304)
(129, 306)
(129, 193)
(129, 326)
(129, 202)
(129, 335)
(129, 339)
(129, 213)
(129, 214)
(129, 360)
(129, 361)
(129, 362)
(129, 235)
(129, 367)
(129, 368)
(129, 371)
(129, 246)
(129, 254)
(129, 383)
(130, 134)
(130, 137)
(130, 142)
(130, 145)
(130, 274)
(130, 275)
(130, 276)
(130, 281)
(130, 285)
(130, 288)
(130, 368)
(130, 298)
(130, 300)
(130, 305)
(130, 306)
(130, 326)
(130, 202)
(130, 203)
(130, 332)
(130, 334)
(130, 231)
(130, 232)
(130, 361)
(130, 362)
(130, 363)
(130, 240)
(130, 369)
(130, 371)
(130, 383)
(131, 256)
(131, 132)
(131, 266)
(131, 139)
(131, 268)
(131, 271)
(131, 149)
(131, 152)
(131, 153)
(131, 156)
(131, 158)
(131, 168)
(131, 176)
(131, 138)
(131, 192)
(131, 323)
(131, 199)
(131, 201)
(131, 344)
(131, 399)
(131, 222)
(131, 353)
(131, 239)
(131, 140)
(131, 247)
(132, 257)
(132, 261)
(132, 392)
(132, 393)
(132, 266)
(132, 139)
(132, 399)
(132, 152)
(132, 381)
(132, 279)
(132, 280)
(132, 153)
(132, 283)
(132, 161)
(132, 170)
(132, 301)
(132, 180)
(132, 311)
(132, 138)
(132, 190)
(132, 209)
(132, 344)
(132, 271)
(132, 222)
(132, 224)
(132, 239)
(132, 253)
(133, 262)
(133, 265)
(133, 159)
(133, 292)
(133, 325)
(133, 169)
(133, 303)
(133, 186)
(133, 317)
(133, 191)
(133, 324)
(133, 197)
(133, 328)
(133, 342)
(133, 343)
(133, 350)
(133, 355)
(133, 357)
(133, 245)
(133, 378)
(133, 382)
(134, 386)
(134, 137)
(134, 142)
(134, 145)
(134, 274)
(134, 275)
(134, 281)
(134, 285)
(134, 288)
(134, 240)
(134, 173)
(134, 306)
(134, 371)
(134, 202)
(134, 319)
(134, 193)
(134, 330)
(134, 203)
(134, 332)
(134, 334)
(134, 231)
(134, 232)
(134, 361)
(134, 362)
(134, 363)
(134, 368)
(134, 369)
(134, 243)
(134, 373)
(134, 379)
(134, 254)
(134, 383)
(135, 171)
(135, 397)
(135, 273)
(135, 150)
(135, 155)
(135, 157)
(135, 287)
(135, 291)
(135, 163)
(135, 294)
(135, 299)
(135, 173)
(135, 175)
(135, 177)
(135, 181)
(135, 314)
(135, 321)
(135, 327)
(135, 331)
(135, 339)
(135, 213)
(135, 215)
(135, 346)
(135, 220)
(135, 221)
(135, 356)
(135, 358)
(135, 360)
(135, 234)
(135, 235)
(135, 367)
(135, 377)
(136, 384)
(136, 385)
(136, 258)
(136, 387)
(136, 389)
(136, 267)
(136, 269)
(136, 146)
(136, 148)
(136, 154)
(136, 164)
(136, 296)
(136, 310)
(136, 183)
(136, 312)
(136, 316)
(136, 194)
(136, 195)
(136, 182)
(136, 198)
(136, 141)
(136, 208)
(136, 184)
(136, 210)
(136, 211)
(136, 212)
(136, 342)
(136, 217)
(136, 351)
(136, 352)
(136, 226)
(136, 236)
(136, 366)
(136, 370)
(136, 251)
(137, 142)
(137, 145)
(137, 274)
(137, 275)
(137, 276)
(137, 281)
(137, 285)
(137, 288)
(137, 240)
(137, 298)
(137, 173)
(137, 305)
(137, 306)
(137, 371)
(137, 193)
(137, 326)
(137, 202)
(137, 203)
(137, 332)
(137, 334)
(137, 231)
(137, 232)
(137, 361)
(137, 362)
(137, 363)
(137, 368)
(137, 369)
(137, 243)
(137, 379)
(137, 254)
(137, 383)
(138, 256)
(138, 392)
(138, 393)
(138, 266)
(138, 139)
(138, 268)
(138, 399)
(138, 149)
(138, 279)
(138, 152)
(138, 153)
(138, 283)
(138, 161)
(138, 168)
(138, 301)
(138, 174)
(138, 264)
(138, 309)
(138, 315)
(138, 190)
(138, 323)
(138, 201)
(138, 344)
(138, 271)
(138, 222)
(138, 223)
(138, 224)
(138, 239)
(138, 140)
(138, 248)
(138, 249)
(138, 380)
(139, 256)
(139, 392)
(139, 393)
(139, 266)
(139, 140)
(139, 399)
(139, 152)
(139, 279)
(139, 280)
(139, 153)
(139, 283)
(139, 161)
(139, 301)
(139, 174)
(139, 264)
(139, 180)
(139, 190)
(139, 323)
(139, 201)
(139, 344)
(139, 271)
(139, 222)
(139, 223)
(139, 224)
(139, 239)
(139, 248)
(139, 249)
(139, 380)
(139, 255)
(140, 256)
(140, 266)
(140, 395)
(140, 268)
(140, 399)
(140, 149)
(140, 151)
(140, 152)
(140, 153)
(140, 156)
(140, 158)
(140, 168)
(140, 174)
(140, 176)
(140, 201)
(140, 187)
(140, 188)
(140, 192)
(140, 323)
(140, 199)
(140, 396)
(140, 338)
(140, 344)
(140, 271)
(140, 222)
(140, 353)
(140, 228)
(140, 239)
(140, 247)
(140, 248)
(141, 384)
(141, 387)
(141, 269)
(141, 272)
(141, 148)
(141, 164)
(141, 167)
(141, 303)
(141, 182)
(141, 183)
(141, 312)
(141, 186)
(141, 191)
(141, 194)
(141, 195)
(141, 324)
(141, 325)
(141, 198)
(141, 184)
(141, 210)
(141, 212)
(141, 342)
(141, 343)
(141, 350)
(141, 225)
(141, 226)
(141, 355)
(141, 233)
(141, 366)
(141, 376)
(141, 382)
(142, 145)
(142, 275)
(142, 276)
(142, 285)
(142, 288)
(142, 368)
(142, 298)
(142, 300)
(142, 305)
(142, 306)
(142, 326)
(142, 202)
(142, 203)
(142, 332)
(142, 334)
(142, 231)
(142, 232)
(142, 361)
(142, 362)
(142, 363)
(142, 240)
(142, 383)
(143, 390)
(143, 144)
(143, 282)
(143, 157)
(143, 291)
(143, 175)
(143, 307)
(143, 181)
(143, 319)
(143, 193)
(143, 340)
(143, 218)
(143, 226)
(143, 356)
(143, 359)
(143, 234)
(143, 235)
(143, 238)
(143, 367)
(143, 372)
(143, 377)
(143, 254)
(144, 390)
(144, 264)
(144, 269)
(144, 272)
(144, 238)
(144, 167)
(144, 297)
(144, 174)
(144, 307)
(144, 309)
(144, 182)
(144, 183)
(144, 312)
(144, 315)
(144, 189)
(144, 319)
(144, 210)
(144, 340)
(144, 218)
(144, 223)
(144, 225)
(144, 226)
(144, 212)
(144, 359)
(144, 233)
(144, 366)
(144, 243)
(144, 372)
(144, 373)
(144, 248)
(144, 249)
(144, 380)
(145, 386)
(145, 274)
(145, 275)
(145, 281)
(145, 285)
(145, 288)
(145, 240)
(145, 173)
(145, 306)
(145, 371)
(145, 202)
(145, 319)
(145, 193)
(145, 330)
(145, 203)
(145, 332)
(145, 334)
(145, 340)
(145, 232)
(145, 362)
(145, 363)
(145, 367)
(145, 368)
(145, 369)
(145, 243)
(145, 373)
(145, 254)
(145, 383)
(146, 384)
(146, 385)
(146, 258)
(146, 387)
(146, 389)
(146, 267)
(146, 154)
(146, 164)
(146, 296)
(146, 310)
(146, 184)
(146, 185)
(146, 316)
(146, 195)
(146, 198)
(146, 208)
(146, 210)
(146, 211)
(146, 212)
(146, 216)
(146, 345)
(146, 219)
(146, 349)
(146, 351)
(146, 352)
(146, 226)
(146, 236)
(146, 237)
(146, 366)
(146, 370)
(146, 251)
(147, 385)
(147, 389)
(147, 265)
(147, 154)
(147, 164)
(147, 293)
(147, 296)
(147, 169)
(147, 303)
(147, 200)
(147, 179)
(147, 184)
(147, 191)
(147, 195)
(147, 324)
(147, 197)
(147, 328)
(147, 329)
(147, 205)
(147, 206)
(147, 211)
(147, 217)
(147, 165)
(147, 355)
(147, 364)
(147, 374)
(148, 384)
(148, 387)
(148, 269)
(148, 272)
(148, 164)
(148, 167)
(148, 303)
(148, 182)
(148, 183)
(148, 312)
(148, 186)
(148, 317)
(148, 191)
(148, 194)
(148, 195)
(148, 324)
(148, 325)
(148, 198)
(148, 184)
(148, 210)
(148, 212)
(148, 342)
(148, 343)
(148, 350)
(148, 225)
(148, 355)
(148, 233)
(148, 366)
(148, 376)
(148, 382)
(149, 256)
(149, 386)
(149, 266)
(149, 395)
(149, 268)
(149, 399)
(149, 151)
(149, 153)
(149, 156)
(149, 158)
(149, 289)
(149, 168)
(149, 174)
(149, 176)
(149, 308)
(149, 309)
(149, 201)
(149, 187)
(149, 188)
(149, 192)
(149, 323)
(149, 199)
(149, 396)
(149, 330)
(149, 338)
(149, 344)
(149, 271)
(149, 222)
(149, 223)
(149, 353)
(149, 228)
(149, 239)
(149, 241)
(149, 247)
(149, 248)
(149, 379)
(150, 260)
(150, 273)
(150, 155)
(150, 163)
(150, 294)
(150, 302)
(150, 177)
(150, 314)
(150, 321)
(150, 322)
(150, 196)
(150, 327)
(150, 331)
(150, 333)
(150, 207)
(150, 346)
(150, 347)
(150, 220)
(150, 221)
(150, 358)
(150, 252)
(151, 395)
(151, 268)
(151, 277)
(151, 156)
(151, 158)
(151, 289)
(151, 168)
(151, 176)
(151, 308)
(151, 188)
(151, 192)
(151, 199)
(151, 247)
(151, 338)
(151, 341)
(151, 353)
(151, 354)
(151, 228)
(151, 241)
(151, 242)
(151, 244)
(151, 375)
(151, 250)
(151, 379)
(152, 256)
(152, 392)
(152, 393)
(152, 266)
(152, 268)
(152, 399)
(152, 279)
(152, 280)
(152, 153)
(152, 283)
(152, 161)
(152, 301)
(152, 174)
(152, 264)
(152, 180)
(152, 190)
(152, 323)
(152, 201)
(152, 344)
(152, 271)
(152, 222)
(152, 223)
(152, 224)
(152, 239)
(152, 380)
(152, 253)
(153, 256)
(153, 264)
(153, 266)
(153, 268)
(153, 399)
(153, 283)
(153, 158)
(153, 168)
(153, 174)
(153, 309)
(153, 201)
(153, 187)
(153, 323)
(153, 199)
(153, 396)
(153, 344)
(153, 271)
(153, 222)
(153, 223)
(153, 224)
(153, 353)
(153, 239)
(153, 247)
(153, 248)
(153, 249)
(153, 380)
(154, 384)
(154, 385)
(154, 258)
(154, 387)
(154, 389)
(154, 394)
(154, 164)
(154, 293)
(154, 296)
(154, 310)
(154, 184)
(154, 316)
(154, 194)
(154, 195)
(154, 198)
(154, 200)
(154, 205)
(154, 208)
(154, 210)
(154, 211)
(154, 212)
(154, 217)
(154, 349)
(154, 351)
(154, 352)
(154, 165)
(154, 236)
(154, 366)
(154, 370)
(154, 374)
(154, 251)
(155, 260)
(155, 397)
(155, 270)
(155, 273)
(155, 163)
(155, 294)
(155, 299)
(155, 302)
(155, 314)
(155, 321)
(155, 322)
(155, 196)
(155, 327)
(155, 331)
(155, 204)
(155, 333)
(155, 215)
(155, 346)
(155, 347)
(155, 220)
(155, 356)
(155, 358)
(155, 365)
(155, 252)
(156, 395)
(156, 268)
(156, 277)
(156, 158)
(156, 289)
(156, 168)
(156, 176)
(156, 308)
(156, 188)
(156, 192)
(156, 199)
(156, 338)
(156, 341)
(156, 353)
(156, 228)
(156, 241)
(156, 242)
(156, 247)
(156, 250)
(156, 379)
(157, 171)
(157, 274)
(157, 281)
(157, 282)
(157, 291)
(157, 163)
(157, 294)
(157, 299)
(157, 173)
(157, 175)
(157, 181)
(157, 193)
(157, 331)
(157, 339)
(157, 340)
(157, 213)
(157, 215)
(157, 346)
(157, 356)
(157, 358)
(157, 360)
(157, 234)
(157, 235)
(157, 367)
(157, 371)
(157, 372)
(157, 377)
(157, 254)
(158, 266)
(158, 395)
(158, 268)
(158, 271)
(158, 168)
(158, 176)
(158, 308)
(158, 188)
(158, 192)
(158, 199)
(158, 338)
(158, 344)
(158, 353)
(158, 228)
(158, 239)
(158, 247)
(159, 257)
(159, 388)
(159, 393)
(159, 161)
(159, 290)
(159, 292)
(159, 301)
(159, 180)
(159, 313)
(159, 186)
(159, 317)
(159, 325)
(159, 209)
(159, 343)
(159, 348)
(159, 350)
(159, 227)
(159, 357)
(159, 230)
(159, 245)
(159, 376)
(159, 378)
(159, 382)
(159, 255)
(160, 260)
(160, 267)
(160, 397)
(160, 270)
(160, 237)
(160, 286)
(160, 166)
(160, 172)
(160, 185)
(160, 316)
(160, 320)
(160, 204)
(160, 333)
(160, 208)
(160, 216)
(160, 345)
(160, 219)
(160, 349)
(160, 351)
(160, 352)
(160, 365)
(160, 370)
(161, 257)
(161, 388)
(161, 392)
(161, 393)
(161, 399)
(161, 279)
(161, 280)
(161, 283)
(161, 290)
(161, 301)
(161, 264)
(161, 180)
(161, 311)
(161, 313)
(161, 186)
(161, 317)
(161, 325)
(161, 209)
(161, 223)
(161, 224)
(161, 230)
(161, 381)
(161, 376)
(161, 378)
(161, 380)
(161, 253)
(161, 255)
(162, 293)
(162, 295)
(162, 394)
(162, 263)
(162, 364)
(162, 237)
(162, 337)
(162, 310)
(162, 219)
(162, 349)
(162, 286)
(162, 351)
(163, 171)
(163, 260)
(163, 397)
(163, 273)
(163, 291)
(163, 294)
(163, 299)
(163, 302)
(163, 177)
(163, 181)
(163, 314)
(163, 321)
(163, 322)
(163, 196)
(163, 327)
(163, 331)
(163, 207)
(163, 339)
(163, 213)
(163, 215)
(163, 346)
(163, 347)
(163, 220)
(163, 221)
(163, 356)
(163, 358)
(163, 360)
(163, 235)
(163, 252)
(164, 384)
(164, 385)
(164, 258)
(164, 387)
(164, 389)
(164, 165)
(164, 296)
(164, 169)
(164, 310)
(164, 312)
(164, 191)
(164, 194)
(164, 195)
(164, 324)
(164, 198)
(164, 200)
(164, 205)
(164, 184)
(164, 210)
(164, 211)
(164, 212)
(164, 342)
(164, 217)
(164, 351)
(164, 355)
(164, 236)
(164, 366)
(164, 374)
(164, 251)
(165, 385)
(165, 389)
(165, 263)
(165, 265)
(165, 394)
(165, 293)
(165, 295)
(165, 296)
(165, 169)
(165, 179)
(165, 310)
(165, 184)
(165, 318)
(165, 324)
(165, 200)
(165, 329)
(165, 205)
(165, 206)
(165, 337)
(165, 211)
(165, 217)
(165, 229)
(165, 364)
(165, 374)
(166, 320)
(166, 260)
(166, 267)
(166, 204)
(166, 365)
(166, 270)
(166, 333)
(166, 237)
(166, 185)
(166, 216)
(166, 345)
(166, 219)
(166, 349)
(166, 286)
(167, 384)
(167, 387)
(167, 390)
(167, 264)
(167, 269)
(167, 272)
(167, 238)
(167, 297)
(167, 174)
(167, 182)
(167, 183)
(167, 312)
(167, 186)
(167, 315)
(167, 194)
(167, 325)
(167, 248)
(167, 210)
(167, 212)
(167, 342)
(167, 223)
(167, 225)
(167, 226)
(167, 233)
(167, 366)
(167, 376)
(167, 249)
(167, 380)
(167, 382)
(168, 256)
(168, 386)
(168, 266)
(168, 395)
(168, 268)
(168, 399)
(168, 289)
(168, 174)
(168, 176)
(168, 309)
(168, 201)
(168, 187)
(168, 188)
(168, 192)
(168, 323)
(168, 199)
(168, 396)
(168, 330)
(168, 338)
(168, 344)
(168, 271)
(168, 222)
(168, 223)
(168, 353)
(168, 228)
(168, 239)
(168, 241)
(168, 247)
(168, 248)
(169, 389)
(169, 262)
(169, 265)
(169, 292)
(169, 303)
(169, 200)
(169, 179)
(169, 184)
(169, 191)
(169, 194)
(169, 195)
(169, 324)
(169, 197)
(169, 328)
(169, 205)
(169, 211)
(169, 342)
(169, 217)
(169, 355)
(169, 374)
(170, 257)
(170, 261)
(170, 392)
(170, 393)
(170, 398)
(170, 279)
(170, 280)
(170, 284)
(170, 290)
(170, 301)
(170, 180)
(170, 311)
(170, 313)
(170, 190)
(170, 336)
(170, 209)
(170, 348)
(170, 230)
(170, 381)
(170, 253)
(170, 255)
(171, 274)
(171, 275)
(171, 281)
(171, 287)
(171, 291)
(171, 173)
(171, 304)
(171, 178)
(171, 193)
(171, 326)
(171, 335)
(171, 339)
(171, 213)
(171, 214)
(171, 346)
(171, 360)
(171, 362)
(171, 235)
(171, 367)
(171, 368)
(171, 371)
(171, 246)
(171, 254)
(172, 258)
(172, 260)
(172, 267)
(172, 397)
(172, 270)
(172, 273)
(172, 282)
(172, 299)
(172, 175)
(172, 181)
(172, 185)
(172, 316)
(172, 320)
(172, 204)
(172, 208)
(172, 215)
(172, 216)
(172, 345)
(172, 352)
(172, 356)
(172, 234)
(172, 365)
(172, 370)
(172, 372)
(172, 377)
(173, 274)
(173, 275)
(173, 281)
(173, 287)
(173, 288)
(173, 291)
(173, 178)
(173, 304)
(173, 306)
(173, 181)
(173, 193)
(173, 326)
(173, 335)
(173, 339)
(173, 213)
(173, 214)
(173, 360)
(173, 362)
(173, 235)
(173, 367)
(173, 368)
(173, 369)
(173, 371)
(173, 246)
(173, 254)
(173, 383)
(174, 256)
(174, 264)
(174, 266)
(174, 396)
(174, 399)
(174, 272)
(174, 283)
(174, 297)
(174, 301)
(174, 309)
(174, 201)
(174, 315)
(174, 189)
(174, 323)
(174, 268)
(174, 344)
(174, 271)
(174, 223)
(174, 224)
(174, 225)
(174, 187)
(174, 233)
(174, 238)
(174, 239)
(174, 373)
(174, 248)
(174, 249)
(174, 380)
(175, 258)
(175, 267)
(175, 397)
(175, 273)
(175, 282)
(175, 291)
(175, 299)
(175, 181)
(175, 185)
(175, 316)
(175, 204)
(175, 208)
(175, 340)
(175, 215)
(175, 216)
(175, 345)
(175, 218)
(175, 352)
(175, 356)
(175, 358)
(175, 234)
(175, 235)
(175, 365)
(175, 367)
(175, 370)
(175, 372)
(175, 377)
(176, 395)
(176, 268)
(176, 277)
(176, 289)
(176, 308)
(176, 188)
(176, 192)
(176, 199)
(176, 338)
(176, 353)
(176, 228)
(176, 241)
(176, 247)
(176, 250)
(176, 341)
(177, 287)
(177, 347)
(177, 294)
(177, 302)
(177, 314)
(177, 321)
(177, 196)
(177, 327)
(177, 331)
(177, 207)
(177, 339)
(177, 213)
(177, 346)
(177, 335)
(177, 220)
(177, 221)
(177, 358)
(177, 360)
(177, 252)
(178, 274)
(178, 275)
(178, 281)
(178, 304)
(178, 287)
(178, 326)
(178, 202)
(178, 335)
(178, 339)
(178, 213)
(178, 214)
(178, 360)
(178, 362)
(178, 368)
(178, 371)
(178, 246)
(178, 254)
(179, 389)
(179, 265)
(179, 293)
(179, 200)
(179, 324)
(179, 328)
(179, 329)
(179, 205)
(179, 206)
(179, 211)
(179, 217)
(179, 229)
(179, 364)
(179, 374)
(180, 257)
(180, 388)
(180, 261)
(180, 392)
(180, 393)
(180, 398)
(180, 399)
(180, 279)
(180, 280)
(180, 283)
(180, 284)
(180, 290)
(180, 301)
(180, 311)
(180, 313)
(180, 190)
(180, 209)
(180, 348)
(180, 224)
(180, 227)
(180, 230)
(180, 381)
(180, 378)
(180, 253)
(180, 255)
(181, 397)
(181, 273)
(181, 282)
(181, 291)
(181, 299)
(181, 193)
(181, 331)
(181, 204)
(181, 339)
(181, 340)
(181, 215)
(181, 218)
(181, 356)
(181, 358)
(181, 360)
(181, 234)
(181, 235)
(181, 367)
(181, 372)
(181, 377)
(181, 254)
(182, 384)
(182, 387)
(182, 390)
(182, 264)
(182, 269)
(182, 272)
(182, 238)
(182, 297)
(182, 183)
(182, 312)
(182, 186)
(182, 315)
(182, 194)
(182, 195)
(182, 325)
(182, 198)
(182, 210)
(182, 212)
(182, 342)
(182, 225)
(182, 226)
(182, 233)
(182, 366)
(182, 376)
(182, 249)
(182, 380)
(182, 382)
(183, 384)
(183, 387)
(183, 390)
(183, 264)
(183, 269)
(183, 272)
(183, 238)
(183, 297)
(183, 307)
(183, 312)
(183, 186)
(183, 315)
(183, 194)
(183, 325)
(183, 198)
(183, 210)
(183, 212)
(183, 342)
(183, 218)
(183, 225)
(183, 226)
(183, 359)
(183, 233)
(183, 366)
(183, 376)
(183, 249)
(183, 380)
(183, 382)
(184, 384)
(184, 385)
(184, 387)
(184, 389)
(184, 296)
(184, 303)
(184, 310)
(184, 312)
(184, 191)
(184, 194)
(184, 195)
(184, 324)
(184, 198)
(184, 200)
(184, 205)
(184, 210)
(184, 211)
(184, 212)
(184, 342)
(184, 217)
(184, 355)
(184, 236)
(184, 366)
(184, 374)
(184, 251)
(184, 382)
(185, 258)
(185, 260)
(185, 267)
(185, 397)
(185, 270)
(185, 237)
(185, 273)
(185, 286)
(185, 299)
(185, 316)
(185, 320)
(185, 204)
(185, 208)
(185, 215)
(185, 216)
(185, 345)
(185, 219)
(185, 351)
(185, 352)
(185, 356)
(185, 234)
(185, 365)
(185, 370)
(185, 377)
(185, 251)
(186, 269)
(186, 292)
(186, 303)
(186, 312)
(186, 317)
(186, 191)
(186, 194)
(186, 195)
(186, 325)
(186, 342)
(186, 343)
(186, 350)
(186, 225)
(186, 355)
(186, 357)
(186, 233)
(186, 272)
(186, 376)
(186, 378)
(186, 382)
(186, 255)
(187, 256)
(187, 386)
(187, 396)
(187, 285)
(187, 289)
(187, 241)
(187, 297)
(187, 309)
(187, 201)
(187, 315)
(187, 189)
(187, 319)
(187, 323)
(187, 199)
(187, 268)
(187, 330)
(187, 332)
(187, 334)
(187, 223)
(187, 228)
(187, 359)
(187, 369)
(187, 243)
(187, 373)
(187, 247)
(187, 248)
(187, 379)
(188, 395)
(188, 268)
(188, 277)
(188, 289)
(188, 308)
(188, 192)
(188, 199)
(188, 338)
(188, 353)
(188, 228)
(188, 241)
(188, 242)
(188, 244)
(188, 247)
(188, 250)
(188, 341)
(189, 256)
(189, 386)
(189, 390)
(189, 264)
(189, 396)
(189, 285)
(189, 288)
(189, 297)
(189, 307)
(189, 309)
(189, 315)
(189, 319)
(189, 323)
(189, 199)
(189, 201)
(189, 330)
(189, 332)
(189, 334)
(189, 340)
(189, 223)
(189, 359)
(189, 233)
(189, 238)
(189, 369)
(189, 243)
(189, 373)
(189, 248)
(189, 249)
(189, 380)
(189, 383)
(190, 257)
(190, 261)
(190, 392)
(190, 393)
(190, 266)
(190, 399)
(190, 381)
(190, 279)
(190, 280)
(190, 301)
(190, 311)
(190, 209)
(190, 344)
(190, 271)
(190, 222)
(190, 224)
(190, 239)
(190, 253)
(191, 262)
(191, 265)
(191, 325)
(191, 292)
(191, 303)
(191, 200)
(191, 312)
(191, 317)
(191, 194)
(191, 195)
(191, 324)
(191, 197)
(191, 328)
(191, 342)
(191, 343)
(191, 217)
(191, 350)
(191, 355)
(191, 357)
(191, 376)
(191, 382)
(192, 395)
(192, 268)
(192, 277)
(192, 289)
(192, 308)
(192, 199)
(192, 338)
(192, 353)
(192, 228)
(192, 241)
(192, 247)
(192, 341)
(193, 243)
(193, 274)
(193, 275)
(193, 281)
(193, 282)
(193, 288)
(193, 291)
(193, 307)
(193, 334)
(193, 339)
(193, 340)
(193, 359)
(193, 360)
(193, 362)
(193, 235)
(193, 367)
(193, 368)
(193, 369)
(193, 371)
(193, 372)
(193, 246)
(193, 254)
(193, 383)
(194, 384)
(194, 387)
(194, 389)
(194, 269)
(194, 272)
(194, 296)
(194, 303)
(194, 312)
(194, 195)
(194, 324)
(194, 325)
(194, 198)
(194, 200)
(194, 210)
(194, 211)
(194, 212)
(194, 342)
(194, 217)
(194, 225)
(194, 226)
(194, 355)
(194, 236)
(194, 366)
(194, 376)
(194, 382)
(195, 384)
(195, 385)
(195, 387)
(195, 389)
(195, 269)
(195, 296)
(195, 303)
(195, 312)
(195, 324)
(195, 325)
(195, 198)
(195, 200)
(195, 205)
(195, 210)
(195, 211)
(195, 212)
(195, 342)
(195, 217)
(195, 355)
(195, 236)
(195, 366)
(195, 374)
(195, 382)
(196, 260)
(196, 273)
(196, 347)
(196, 294)
(196, 327)
(196, 302)
(196, 314)
(196, 321)
(196, 322)
(196, 331)
(196, 333)
(196, 207)
(196, 220)
(196, 221)
(196, 252)
(197, 262)
(197, 265)
(197, 292)
(197, 303)
(197, 200)
(197, 317)
(197, 324)
(197, 328)
(197, 342)
(197, 343)
(197, 217)
(197, 350)
(197, 355)
(197, 357)
(197, 382)
(198, 384)
(198, 385)
(198, 258)
(198, 387)
(198, 390)
(198, 267)
(198, 269)
(198, 296)
(198, 310)
(198, 312)
(198, 316)
(198, 208)
(198, 210)
(198, 212)
(198, 342)
(198, 218)
(198, 352)
(198, 225)
(198, 226)
(198, 236)
(198, 366)
(198, 370)
(198, 372)
(198, 251)
(199, 256)
(199, 386)
(199, 395)
(199, 396)
(199, 277)
(199, 285)
(199, 289)
(199, 308)
(199, 309)
(199, 201)
(199, 323)
(199, 268)
(199, 330)
(199, 332)
(199, 338)
(199, 341)
(199, 344)
(199, 353)
(199, 228)
(199, 241)
(199, 373)
(199, 247)
(199, 248)
(199, 379)
(200, 389)
(200, 265)
(200, 293)
(200, 303)
(200, 324)
(200, 328)
(200, 329)
(200, 205)
(200, 206)
(200, 211)
(200, 217)
(200, 355)
(200, 374)
(201, 256)
(201, 386)
(201, 264)
(201, 266)
(201, 396)
(201, 399)
(201, 283)
(201, 297)
(201, 309)
(201, 315)
(201, 323)
(201, 268)
(201, 330)
(201, 344)
(201, 271)
(201, 222)
(201, 223)
(201, 224)
(201, 239)
(201, 247)
(201, 248)
(201, 249)
(201, 380)
(202, 274)
(202, 275)
(202, 276)
(202, 281)
(202, 288)
(202, 368)
(202, 298)
(202, 300)
(202, 304)
(202, 306)
(202, 326)
(202, 203)
(202, 334)
(202, 231)
(202, 232)
(202, 361)
(202, 362)
(202, 363)
(202, 240)
(202, 371)
(202, 246)
(203, 276)
(203, 285)
(203, 288)
(203, 368)
(203, 298)
(203, 300)
(203, 305)
(203, 306)
(203, 332)
(203, 334)
(203, 354)
(203, 231)
(203, 232)
(203, 361)
(203, 362)
(203, 363)
(203, 240)
(203, 369)
(203, 242)
(203, 375)
(203, 250)
(203, 379)
(203, 383)
(204, 258)
(204, 267)
(204, 397)
(204, 270)
(204, 273)
(204, 260)
(204, 299)
(204, 316)
(204, 320)
(204, 333)
(204, 208)
(204, 215)
(204, 216)
(204, 345)
(204, 352)
(204, 356)
(204, 234)
(204, 365)
(204, 370)
(204, 377)
(205, 385)
(205, 389)
(205, 263)
(205, 265)
(205, 293)
(205, 295)
(205, 324)
(205, 328)
(205, 329)
(205, 206)
(205, 211)
(205, 217)
(205, 355)
(205, 229)
(205, 364)
(205, 374)
(206, 259)
(206, 263)
(206, 295)
(206, 318)
(206, 329)
(206, 337)
(206, 293)
(206, 229)
(206, 364)
(206, 374)
(207, 347)
(207, 294)
(207, 302)
(207, 314)
(207, 321)
(207, 322)
(207, 327)
(207, 346)
(207, 220)
(207, 221)
(207, 252)
(208, 385)
(208, 258)
(208, 387)
(208, 267)
(208, 397)
(208, 270)
(208, 296)
(208, 310)
(208, 316)
(208, 320)
(208, 215)
(208, 216)
(208, 345)
(208, 218)
(208, 219)
(208, 351)
(208, 352)
(208, 226)
(208, 356)
(208, 234)
(208, 236)
(208, 237)
(208, 366)
(208, 370)
(208, 372)
(208, 377)
(208, 251)
(209, 257)
(209, 388)
(209, 261)
(209, 392)
(209, 393)
(209, 398)
(209, 279)
(209, 280)
(209, 284)
(209, 290)
(209, 301)
(209, 311)
(209, 313)
(209, 336)
(209, 348)
(209, 227)
(209, 230)
(209, 381)
(209, 378)
(209, 253)
(209, 255)
(210, 384)
(210, 258)
(210, 387)
(210, 390)
(210, 269)
(210, 272)
(210, 238)
(210, 296)
(210, 312)
(210, 212)
(210, 342)
(210, 218)
(210, 225)
(210, 226)
(210, 233)
(210, 236)
(210, 366)
(210, 376)
(210, 382)
(211, 385)
(211, 389)
(211, 263)
(211, 236)
(211, 394)
(211, 293)
(211, 295)
(211, 296)
(211, 310)
(211, 265)
(211, 324)
(211, 329)
(211, 217)
(211, 351)
(211, 355)
(211, 364)
(211, 374)
(211, 251)
(212, 384)
(212, 258)
(212, 387)
(212, 390)
(212, 269)
(212, 272)
(212, 238)
(212, 296)
(212, 312)
(212, 342)
(212, 218)
(212, 225)
(212, 226)
(212, 233)
(212, 236)
(212, 366)
(212, 251)
(212, 382)
(213, 275)
(213, 287)
(213, 294)
(213, 302)
(213, 304)
(213, 321)
(213, 331)
(213, 335)
(213, 339)
(213, 214)
(213, 346)
(213, 220)
(213, 221)
(213, 358)
(213, 360)
(213, 235)
(213, 246)
(214, 274)
(214, 275)
(214, 304)
(214, 287)
(214, 326)
(214, 339)
(214, 335)
(214, 360)
(214, 368)
(214, 246)
(215, 267)
(215, 397)
(215, 270)
(215, 273)
(215, 260)
(215, 282)
(215, 291)
(215, 294)
(215, 299)
(215, 327)
(215, 331)
(215, 216)
(215, 345)
(215, 356)
(215, 358)
(215, 234)
(215, 235)
(215, 365)
(215, 377)
(216, 258)
(216, 260)
(216, 267)
(216, 397)
(216, 270)
(216, 237)
(216, 273)
(216, 286)
(216, 299)
(216, 316)
(216, 320)
(216, 345)
(216, 219)
(216, 351)
(216, 352)
(216, 356)
(216, 234)
(216, 236)
(216, 365)
(216, 370)
(216, 377)
(216, 251)
(217, 385)
(217, 389)
(217, 265)
(217, 296)
(217, 303)
(217, 324)
(217, 328)
(217, 329)
(217, 342)
(217, 293)
(217, 355)
(217, 364)
(217, 374)
(218, 258)
(218, 387)
(218, 390)
(218, 238)
(218, 282)
(218, 307)
(218, 319)
(218, 340)
(218, 226)
(218, 356)
(218, 359)
(218, 234)
(218, 366)
(218, 370)
(218, 372)
(218, 377)
(219, 385)
(219, 394)
(219, 267)
(219, 270)
(219, 286)
(219, 296)
(219, 310)
(219, 316)
(219, 320)
(219, 345)
(219, 349)
(219, 351)
(219, 352)
(219, 237)
(219, 370)
(219, 251)
(220, 273)
(220, 347)
(220, 294)
(220, 302)
(220, 314)
(220, 321)
(220, 322)
(220, 327)
(220, 331)
(220, 346)
(220, 221)
(220, 358)
(220, 252)
(221, 287)
(221, 347)
(221, 294)
(221, 302)
(221, 314)
(221, 321)
(221, 327)
(221, 331)
(221, 335)
(221, 339)
(221, 346)
(221, 358)
(221, 360)
(221, 252)
(222, 256)
(222, 392)
(222, 393)
(222, 266)
(222, 268)
(222, 399)
(222, 279)
(222, 280)
(222, 283)
(222, 301)
(222, 323)
(222, 344)
(222, 271)
(222, 224)
(222, 239)
(222, 253)
(223, 256)
(223, 264)
(223, 266)
(223, 396)
(223, 399)
(223, 272)
(223, 283)
(223, 297)
(223, 301)
(223, 309)
(223, 315)
(223, 323)
(223, 268)
(223, 344)
(223, 271)
(223, 224)
(223, 225)
(223, 233)
(223, 239)
(223, 248)
(223, 249)
(223, 380)
(224, 256)
(224, 392)
(224, 393)
(224, 266)
(224, 399)
(224, 272)
(224, 279)
(224, 280)
(224, 283)
(224, 301)
(224, 264)
(224, 323)
(224, 248)
(224, 344)
(224, 271)
(224, 230)
(224, 239)
(224, 376)
(224, 249)
(224, 380)
(224, 255)
(225, 384)
(225, 387)
(225, 390)
(225, 264)
(225, 269)
(225, 272)
(225, 238)
(225, 297)
(225, 307)
(225, 312)
(225, 315)
(225, 325)
(225, 248)
(225, 342)
(225, 226)
(225, 359)
(225, 233)
(225, 366)
(225, 376)
(225, 249)
(225, 380)
(225, 382)
(226, 384)
(226, 258)
(226, 387)
(226, 390)
(226, 307)
(226, 269)
(226, 272)
(226, 238)
(226, 312)
(226, 316)
(226, 359)
(226, 233)
(226, 236)
(226, 366)
(226, 370)
(226, 372)
(227, 257)
(227, 388)
(227, 398)
(227, 290)
(227, 284)
(227, 313)
(227, 317)
(227, 343)
(227, 348)
(227, 357)
(227, 230)
(227, 245)
(227, 378)
(227, 381)
(227, 255)
(228, 386)
(228, 395)
(228, 396)
(228, 277)
(228, 285)
(228, 289)
(228, 305)
(228, 308)
(228, 268)
(228, 330)
(228, 247)
(228, 332)
(228, 338)
(228, 341)
(228, 353)
(228, 354)
(228, 241)
(228, 242)
(228, 244)
(228, 375)
(228, 250)
(228, 379)
(229, 259)
(229, 293)
(229, 295)
(229, 329)
(229, 263)
(229, 364)
(229, 337)
(229, 318)
(230, 257)
(230, 388)
(230, 392)
(230, 393)
(230, 398)
(230, 279)
(230, 283)
(230, 284)
(230, 290)
(230, 301)
(230, 311)
(230, 313)
(230, 317)
(230, 325)
(230, 343)
(230, 348)
(230, 357)
(230, 381)
(230, 245)
(230, 378)
(230, 253)
(230, 255)
(231, 391)
(231, 276)
(231, 277)
(231, 278)
(231, 285)
(231, 298)
(231, 300)
(231, 305)
(231, 306)
(231, 332)
(231, 334)
(231, 354)
(231, 232)
(231, 361)
(231, 362)
(231, 363)
(231, 240)
(231, 242)
(231, 375)
(231, 250)
(231, 379)
(232, 391)
(232, 276)
(232, 285)
(232, 368)
(232, 298)
(232, 300)
(232, 305)
(232, 306)
(232, 332)
(232, 334)
(232, 361)
(232, 362)
(232, 363)
(232, 240)
(232, 375)
(233, 384)
(233, 390)
(233, 264)
(233, 269)
(233, 272)
(233, 238)
(233, 283)
(233, 297)
(233, 309)
(233, 312)
(233, 315)
(233, 325)
(233, 248)
(233, 342)
(233, 359)
(233, 366)
(233, 376)
(233, 249)
(233, 380)
(233, 382)
(234, 258)
(234, 260)
(234, 267)
(234, 270)
(234, 273)
(234, 282)
(234, 291)
(234, 299)
(234, 316)
(234, 331)
(234, 397)
(234, 345)
(234, 352)
(234, 356)
(234, 358)
(234, 235)
(234, 365)
(234, 367)
(234, 370)
(234, 372)
(234, 377)
(235, 281)
(235, 282)
(235, 291)
(235, 299)
(235, 331)
(235, 339)
(235, 340)
(235, 356)
(235, 358)
(235, 360)
(235, 274)
(235, 367)
(235, 371)
(235, 372)
(235, 377)
(235, 254)
(235, 383)
(236, 384)
(236, 385)
(236, 258)
(236, 387)
(236, 389)
(236, 267)
(236, 296)
(236, 310)
(236, 316)
(236, 345)
(236, 351)
(236, 352)
(236, 366)
(236, 370)
(236, 251)
(237, 385)
(237, 394)
(237, 267)
(237, 286)
(237, 296)
(237, 310)
(237, 316)
(237, 320)
(237, 345)
(237, 349)
(237, 351)
(237, 352)
(237, 370)
(237, 251)
(238, 384)
(238, 387)
(238, 390)
(238, 264)
(238, 269)
(238, 272)
(238, 297)
(238, 307)
(238, 309)
(238, 312)
(238, 315)
(238, 319)
(238, 340)
(238, 359)
(238, 366)
(238, 243)
(238, 372)
(238, 373)
(238, 248)
(238, 249)
(238, 380)
(239, 256)
(239, 266)
(239, 268)
(239, 271)
(239, 279)
(239, 323)
(239, 344)
(239, 399)
(239, 353)
(240, 391)
(240, 276)
(240, 277)
(240, 285)
(240, 288)
(240, 289)
(240, 241)
(240, 298)
(240, 300)
(240, 305)
(240, 306)
(240, 332)
(240, 334)
(240, 354)
(240, 361)
(240, 362)
(240, 363)
(240, 368)
(240, 369)
(240, 242)
(240, 375)
(240, 250)
(240, 379)
(240, 383)
(241, 386)
(241, 395)
(241, 396)
(241, 277)
(241, 285)
(241, 289)
(241, 305)
(241, 308)
(241, 309)
(241, 268)
(241, 330)
(241, 247)
(241, 332)
(241, 334)
(241, 338)
(241, 341)
(241, 353)
(241, 354)
(241, 242)
(241, 373)
(241, 375)
(241, 250)
(241, 379)
(242, 391)
(242, 395)
(242, 277)
(242, 278)
(242, 285)
(242, 289)
(242, 298)
(242, 300)
(242, 305)
(242, 308)
(242, 332)
(242, 338)
(242, 341)
(242, 354)
(242, 244)
(242, 375)
(242, 250)
(242, 379)
(243, 386)
(243, 390)
(243, 396)
(243, 281)
(243, 285)
(243, 288)
(243, 297)
(243, 307)
(243, 309)
(243, 315)
(243, 319)
(243, 330)
(243, 332)
(243, 334)
(243, 340)
(243, 359)
(243, 369)
(243, 371)
(243, 373)
(243, 379)
(243, 254)
(243, 383)
(244, 391)
(244, 395)
(244, 277)
(244, 278)
(244, 300)
(244, 305)
(244, 308)
(244, 338)
(244, 341)
(244, 354)
(244, 375)
(244, 250)
(245, 257)
(245, 290)
(245, 388)
(245, 357)
(245, 262)
(245, 292)
(245, 343)
(245, 313)
(245, 378)
(245, 348)
(245, 317)
(245, 350)
(245, 255)
(246, 274)
(246, 275)
(246, 281)
(246, 304)
(246, 306)
(246, 326)
(246, 335)
(246, 339)
(246, 360)
(246, 362)
(246, 367)
(246, 368)
(246, 287)
(246, 371)
(246, 254)
(247, 256)
(247, 386)
(247, 395)
(247, 268)
(247, 271)
(247, 277)
(247, 289)
(247, 308)
(247, 309)
(247, 323)
(247, 396)
(247, 330)
(247, 338)
(247, 341)
(247, 344)
(247, 353)
(247, 379)
(248, 256)
(248, 386)
(248, 264)
(248, 266)
(248, 396)
(248, 272)
(248, 283)
(248, 297)
(248, 309)
(248, 315)
(248, 319)
(248, 323)
(248, 268)
(248, 330)
(248, 344)
(248, 373)
(248, 249)
(248, 380)
(249, 256)
(249, 390)
(249, 264)
(249, 269)
(249, 272)
(249, 283)
(249, 297)
(249, 309)
(249, 312)
(249, 315)
(249, 319)
(249, 323)
(249, 359)
(249, 376)
(249, 380)
(250, 391)
(250, 395)
(250, 277)
(250, 278)
(250, 285)
(250, 289)
(250, 298)
(250, 300)
(250, 305)
(250, 308)
(250, 332)
(250, 338)
(250, 341)
(250, 354)
(250, 375)
(250, 379)
(251, 384)
(251, 385)
(251, 258)
(251, 387)
(251, 389)
(251, 267)
(251, 320)
(251, 296)
(251, 310)
(251, 316)
(251, 345)
(251, 349)
(251, 351)
(251, 352)
(251, 366)
(251, 370)
(252, 347)
(252, 294)
(252, 327)
(252, 302)
(252, 314)
(252, 321)
(252, 322)
(252, 331)
(252, 346)
(252, 358)
(253, 257)
(253, 261)
(253, 392)
(253, 393)
(253, 398)
(253, 399)
(253, 279)
(253, 280)
(253, 284)
(253, 301)
(253, 311)
(253, 313)
(253, 336)
(253, 348)
(253, 381)
(253, 255)
(254, 275)
(254, 281)
(254, 282)
(254, 288)
(254, 291)
(254, 304)
(254, 306)
(254, 307)
(254, 334)
(254, 339)
(254, 340)
(254, 360)
(254, 362)
(254, 274)
(254, 367)
(254, 368)
(254, 369)
(254, 371)
(254, 383)
(255, 257)
(255, 388)
(255, 392)
(255, 393)
(255, 398)
(255, 279)
(255, 280)
(255, 283)
(255, 284)
(255, 290)
(255, 301)
(255, 311)
(255, 313)
(255, 317)
(255, 325)
(255, 343)
(255, 348)
(255, 357)
(255, 376)
(255, 378)
(255, 381)
(256, 386)
(256, 264)
(256, 266)
(256, 396)
(256, 399)
(256, 283)
(256, 297)
(256, 309)
(256, 315)
(256, 323)
(256, 268)
(256, 330)
(256, 344)
(256, 271)
(256, 353)
(256, 380)
(257, 388)
(257, 261)
(257, 392)
(257, 393)
(257, 398)
(257, 279)
(257, 280)
(257, 290)
(257, 301)
(257, 311)
(257, 313)
(257, 336)
(257, 284)
(257, 348)
(257, 378)
(257, 381)
(258, 384)
(258, 385)
(258, 387)
(258, 267)
(258, 296)
(258, 310)
(258, 316)
(258, 345)
(258, 351)
(258, 352)
(258, 366)
(258, 370)
(258, 372)
(258, 377)
(259, 293)
(259, 295)
(259, 329)
(259, 263)
(259, 364)
(259, 337)
(259, 318)
(260, 270)
(260, 273)
(260, 299)
(260, 314)
(260, 322)
(260, 327)
(260, 331)
(260, 333)
(260, 397)
(260, 356)
(260, 358)
(260, 365)
(261, 392)
(261, 398)
(261, 279)
(261, 280)
(261, 284)
(261, 311)
(261, 313)
(261, 336)
(261, 348)
(261, 381)
(262, 265)
(262, 292)
(262, 303)
(262, 317)
(262, 324)
(262, 328)
(262, 343)
(262, 350)
(262, 355)
(262, 357)
(263, 389)
(263, 394)
(263, 295)
(263, 310)
(263, 318)
(263, 329)
(263, 337)
(263, 349)
(263, 293)
(263, 364)
(263, 374)
(264, 393)
(264, 269)
(264, 399)
(264, 272)
(264, 283)
(264, 297)
(264, 301)
(264, 309)
(264, 315)
(264, 323)
(264, 344)
(264, 376)
(264, 380)
(265, 389)
(265, 292)
(265, 303)
(265, 324)
(265, 328)
(265, 355)
(265, 374)
(266, 392)
(266, 268)
(266, 399)
(266, 279)
(266, 280)
(266, 283)
(266, 301)
(266, 323)
(266, 344)
(266, 271)
(266, 380)
(267, 385)
(267, 397)
(267, 270)
(267, 296)
(267, 299)
(267, 310)
(267, 316)
(267, 320)
(267, 345)
(267, 351)
(267, 352)
(267, 356)
(267, 365)
(267, 370)
(267, 377)
(268, 395)
(268, 396)
(268, 399)
(268, 289)
(268, 323)
(268, 338)
(268, 344)
(268, 271)
(268, 353)
(269, 384)
(269, 387)
(269, 272)
(269, 312)
(269, 315)
(269, 325)
(269, 342)
(269, 366)
(269, 376)
(269, 380)
(269, 382)
(270, 273)
(270, 299)
(270, 320)
(270, 333)
(270, 397)
(270, 345)
(270, 352)
(270, 356)
(270, 365)
(270, 370)
(270, 377)
(271, 399)
(271, 279)
(271, 323)
(271, 344)
(271, 353)
(272, 384)
(272, 390)
(272, 283)
(272, 297)
(272, 312)
(272, 315)
(272, 325)
(272, 342)
(272, 376)
(272, 380)
(272, 382)
(273, 397)
(273, 294)
(273, 299)
(273, 314)
(273, 322)
(273, 327)
(273, 331)
(273, 333)
(273, 346)
(273, 356)
(273, 358)
(273, 365)
(273, 377)
(274, 275)
(274, 281)
(274, 287)
(274, 288)
(274, 291)
(274, 304)
(274, 306)
(274, 326)
(274, 334)
(274, 335)
(274, 339)
(274, 360)
(274, 362)
(274, 367)
(274, 368)
(274, 369)
(274, 371)
(274, 383)
(275, 276)
(275, 281)
(275, 288)
(275, 304)
(275, 306)
(275, 287)
(275, 326)
(275, 335)
(275, 339)
(275, 360)
(275, 361)
(275, 362)
(275, 363)
(275, 368)
(275, 371)
(276, 298)
(276, 300)
(276, 306)
(276, 326)
(276, 361)
(276, 362)
(276, 363)
(276, 368)
(277, 391)
(277, 395)
(277, 278)
(277, 285)
(277, 289)
(277, 298)
(277, 305)
(277, 308)
(277, 332)
(277, 338)
(277, 341)
(277, 354)
(277, 375)
(277, 379)
(278, 354)
(278, 391)
(278, 298)
(278, 300)
(278, 305)
(278, 375)
(279, 392)
(279, 393)
(279, 399)
(279, 280)
(279, 283)
(279, 301)
(279, 311)
(279, 313)
(279, 344)
(279, 381)
(280, 392)
(280, 393)
(280, 398)
(280, 399)
(280, 283)
(280, 301)
(280, 311)
(280, 313)
(280, 381)
(281, 288)
(281, 291)
(281, 304)
(281, 306)
(281, 326)
(281, 334)
(281, 339)
(281, 340)
(281, 360)
(281, 362)
(281, 367)
(281, 368)
(281, 369)
(281, 371)
(281, 383)
(282, 390)
(282, 291)
(282, 299)
(282, 307)
(282, 340)
(282, 356)
(282, 359)
(282, 367)
(282, 371)
(282, 372)
(282, 377)
(283, 392)
(283, 393)
(283, 399)
(283, 323)
(283, 301)
(283, 344)
(283, 376)
(283, 378)
(283, 380)
(284, 388)
(284, 392)
(284, 398)
(284, 290)
(284, 311)
(284, 313)
(284, 336)
(284, 348)
(284, 381)
(285, 386)
(285, 396)
(285, 288)
(285, 289)
(285, 305)
(285, 306)
(285, 309)
(285, 319)
(285, 330)
(285, 332)
(285, 334)
(285, 362)
(285, 363)
(285, 369)
(285, 373)
(285, 379)
(285, 383)
(286, 320)
(286, 394)
(286, 310)
(286, 345)
(286, 349)
(286, 351)
(287, 294)
(287, 304)
(287, 326)
(287, 339)
(287, 335)
(287, 346)
(287, 360)
(288, 386)
(288, 306)
(288, 319)
(288, 330)
(288, 332)
(288, 334)
(288, 340)
(288, 359)
(288, 362)
(288, 363)
(288, 367)
(288, 368)
(288, 369)
(288, 371)
(288, 373)
(288, 383)
(289, 386)
(289, 395)
(289, 396)
(289, 305)
(289, 308)
(289, 309)
(289, 330)
(289, 332)
(289, 334)
(289, 338)
(289, 341)
(289, 353)
(289, 354)
(289, 373)
(289, 375)
(289, 379)
(290, 388)
(290, 392)
(290, 393)
(290, 398)
(290, 301)
(290, 311)
(290, 313)
(290, 317)
(290, 343)
(290, 348)
(290, 350)
(290, 357)
(290, 378)
(290, 381)
(291, 299)
(291, 331)
(291, 339)
(291, 340)
(291, 356)
(291, 358)
(291, 360)
(291, 367)
(291, 371)
(291, 372)
(291, 377)
(292, 303)
(292, 317)
(292, 324)
(292, 328)
(292, 343)
(292, 350)
(292, 355)
(292, 357)
(292, 382)
(293, 385)
(293, 389)
(293, 394)
(293, 295)
(293, 310)
(293, 318)
(293, 329)
(293, 337)
(293, 349)
(293, 364)
(293, 374)
(294, 346)
(294, 299)
(294, 302)
(294, 314)
(294, 321)
(294, 322)
(294, 327)
(294, 331)
(294, 339)
(294, 347)
(294, 358)
(294, 360)
(295, 389)
(295, 394)
(295, 310)
(295, 318)
(295, 329)
(295, 337)
(295, 349)
(295, 364)
(295, 374)
(296, 384)
(296, 385)
(296, 387)
(296, 389)
(296, 394)
(296, 310)
(296, 316)
(296, 349)
(296, 351)
(296, 352)
(296, 366)
(296, 370)
(296, 374)
(297, 386)
(297, 390)
(297, 396)
(297, 307)
(297, 309)
(297, 315)
(297, 319)
(297, 323)
(297, 330)
(297, 340)
(297, 359)
(297, 373)
(297, 380)
(298, 391)
(298, 300)
(298, 305)
(298, 306)
(298, 332)
(298, 354)
(298, 361)
(298, 362)
(298, 363)
(298, 375)
(299, 397)
(299, 327)
(299, 331)
(299, 346)
(299, 356)
(299, 358)
(299, 365)
(299, 377)
(300, 391)
(300, 305)
(300, 354)
(300, 361)
(300, 363)
(300, 375)
(301, 392)
(301, 393)
(301, 399)
(301, 388)
(301, 311)
(301, 313)
(301, 376)
(301, 378)
(301, 380)
(301, 381)
(302, 347)
(302, 314)
(302, 321)
(302, 322)
(302, 327)
(302, 331)
(302, 346)
(302, 358)
(303, 317)
(303, 343)
(303, 324)
(303, 325)
(303, 328)
(303, 342)
(303, 350)
(303, 355)
(303, 357)
(303, 382)
(304, 371)
(304, 306)
(304, 326)
(304, 335)
(304, 339)
(304, 360)
(304, 362)
(304, 368)
(305, 391)
(305, 395)
(305, 332)
(305, 334)
(305, 341)
(305, 354)
(305, 363)
(305, 375)
(305, 379)
(306, 326)
(306, 332)
(306, 334)
(306, 361)
(306, 362)
(306, 363)
(306, 368)
(306, 369)
(306, 371)
(306, 383)
(307, 390)
(307, 309)
(307, 319)
(307, 315)
(307, 340)
(307, 359)
(307, 367)
(307, 369)
(307, 372)
(307, 373)
(307, 383)
(308, 395)
(308, 338)
(308, 341)
(308, 353)
(308, 354)
(308, 375)
(308, 379)
(309, 386)
(309, 390)
(309, 396)
(309, 315)
(309, 319)
(309, 323)
(309, 330)
(309, 359)
(309, 369)
(309, 373)
(309, 380)
(310, 385)
(310, 389)
(310, 394)
(310, 320)
(310, 316)
(310, 345)
(310, 349)
(310, 351)
(310, 352)
(310, 370)
(310, 374)
(311, 392)
(311, 393)
(311, 398)
(311, 388)
(311, 313)
(311, 336)
(311, 348)
(311, 381)
(312, 384)
(312, 387)
(312, 325)
(312, 342)
(312, 355)
(312, 366)
(312, 376)
(312, 382)
(313, 388)
(313, 392)
(313, 393)
(313, 398)
(313, 336)
(313, 348)
(313, 381)
(313, 378)
(314, 347)
(314, 327)
(314, 321)
(314, 322)
(314, 331)
(314, 346)
(314, 358)
(315, 386)
(315, 390)
(315, 396)
(315, 319)
(315, 323)
(315, 330)
(315, 359)
(315, 373)
(315, 380)
(316, 385)
(316, 387)
(316, 320)
(316, 345)
(316, 349)
(316, 351)
(316, 352)
(316, 366)
(316, 370)
(317, 388)
(317, 325)
(317, 342)
(317, 343)
(317, 348)
(317, 350)
(317, 357)
(317, 376)
(317, 378)
(317, 382)
(318, 329)
(318, 364)
(318, 337)
(319, 386)
(319, 390)
(319, 396)
(319, 330)
(319, 332)
(319, 334)
(319, 340)
(319, 359)
(319, 369)
(319, 373)
(319, 383)
(320, 397)
(320, 345)
(320, 349)
(320, 351)
(320, 352)
(320, 365)
(320, 370)
(321, 347)
(321, 322)
(321, 327)
(321, 331)
(321, 346)
(321, 358)
(322, 397)
(322, 327)
(322, 331)
(322, 333)
(322, 346)
(322, 347)
(322, 358)
(322, 365)
(323, 386)
(323, 396)
(323, 399)
(323, 330)
(323, 344)
(323, 380)
(324, 389)
(324, 328)
(324, 342)
(324, 350)
(324, 355)
(324, 374)
(324, 382)
(325, 343)
(325, 342)
(325, 350)
(325, 355)
(325, 357)
(325, 376)
(325, 378)
(325, 382)
(326, 371)
(326, 335)
(326, 339)
(326, 360)
(326, 361)
(326, 362)
(326, 363)
(326, 368)
(327, 397)
(327, 347)
(327, 331)
(327, 333)
(327, 346)
(327, 358)
(327, 365)
(328, 350)
(328, 355)
(328, 374)
(329, 389)
(329, 394)
(329, 337)
(329, 364)
(329, 374)
(330, 386)
(330, 396)
(330, 332)
(330, 334)
(330, 359)
(330, 369)
(330, 373)
(330, 379)
(330, 383)
(331, 397)
(331, 339)
(331, 346)
(331, 347)
(331, 356)
(331, 358)
(331, 360)
(331, 365)
(331, 377)
(332, 386)
(332, 396)
(332, 334)
(332, 362)
(332, 363)
(332, 368)
(332, 369)
(332, 373)
(332, 375)
(332, 379)
(332, 383)
(333, 397)
(333, 365)
(334, 386)
(334, 396)
(334, 362)
(334, 363)
(334, 368)
(334, 369)
(334, 371)
(334, 373)
(334, 379)
(334, 383)
(335, 339)
(335, 346)
(335, 360)
(336, 398)
(336, 348)
(336, 381)
(337, 394)
(337, 364)
(338, 395)
(338, 341)
(338, 353)
(338, 354)
(338, 379)
(339, 346)
(339, 358)
(339, 360)
(339, 367)
(339, 368)
(339, 371)
(340, 390)
(340, 359)
(340, 367)
(340, 369)
(340, 371)
(340, 372)
(340, 373)
(340, 383)
(341, 395)
(341, 353)
(341, 354)
(341, 375)
(341, 379)
(342, 384)
(342, 387)
(342, 366)
(342, 343)
(342, 350)
(342, 355)
(342, 376)
(342, 382)
(343, 388)
(343, 350)
(343, 355)
(343, 357)
(343, 376)
(343, 378)
(343, 382)
(344, 399)
(344, 353)
(344, 380)
(345, 397)
(345, 365)
(345, 349)
(345, 351)
(345, 352)
(345, 370)
(345, 377)
(346, 347)
(346, 358)
(346, 360)
(347, 358)
(348, 388)
(348, 392)
(348, 393)
(348, 398)
(348, 381)
(348, 378)
(349, 385)
(349, 394)
(349, 351)
(349, 352)
(349, 364)
(350, 388)
(350, 355)
(350, 357)
(350, 376)
(350, 378)
(350, 382)
(351, 385)
(351, 389)
(351, 394)
(351, 352)
(351, 370)
(352, 385)
(352, 387)
(352, 366)
(352, 370)
(352, 377)
(353, 395)
(354, 391)
(354, 395)
(354, 375)
(354, 379)
(355, 384)
(355, 389)
(355, 374)
(355, 382)
(356, 397)
(356, 358)
(356, 365)
(356, 367)
(356, 370)
(356, 372)
(356, 377)
(357, 388)
(357, 376)
(357, 378)
(357, 382)
(358, 397)
(358, 360)
(358, 365)
(358, 377)
(359, 386)
(359, 390)
(359, 396)
(359, 369)
(359, 372)
(359, 373)
(359, 383)
(360, 371)
(360, 367)
(360, 368)
(361, 368)
(361, 362)
(361, 363)
(362, 371)
(362, 363)
(362, 368)
(362, 369)
(362, 383)
(363, 368)
(364, 389)
(364, 394)
(364, 374)
(365, 397)
(365, 377)
(366, 384)
(366, 385)
(366, 387)
(366, 390)
(366, 370)
(366, 372)
(367, 368)
(367, 369)
(367, 371)
(367, 372)
(367, 377)
(367, 383)
(368, 371)
(368, 369)
(368, 383)
(369, 386)
(369, 396)
(369, 371)
(369, 373)
(369, 379)
(369, 383)
(370, 385)
(370, 387)
(370, 397)
(370, 372)
(370, 377)
(371, 383)
(372, 390)
(372, 377)
(373, 386)
(373, 390)
(373, 396)
(373, 379)
(373, 383)
(374, 385)
(374, 389)
(375, 391)
(375, 395)
(375, 379)
(376, 384)
(376, 378)
(376, 380)
(376, 382)
(377, 397)
(378, 388)
(378, 392)
(378, 393)
(378, 382)
(379, 386)
(379, 395)
(379, 396)
(380, 393)
(380, 399)
(381, 392)
(381, 393)
(381, 398)
(381, 388)
(382, 384)
(383, 386)
(384, 385)
(384, 387)
(385, 387)
(385, 389)
(385, 394)
(386, 396)
(387, 390)
(388, 392)
(388, 393)
(388, 398)
(389, 394)
(392, 393)
(392, 398)
(392, 399)
(393, 399)
