#Nodes
0
1
2
3
4
5
6
7
8
9
10
11
12
13
14
15
16
17
18
19
20
21
22
23
24
25
26
27
28
29
30
31
32
33
34
35
36
37
38
39
40
41
42
43
44
45
46
47
48
49
50
51
52
53
54
55
56
57
58
59
60
61
62
63
64
65
66
67
68
69
70
71
72
73
74
75
76
77
78
79
80
81
82
83
84
85
86
87
88
89
90
91
92
93
94
95
96
97
98
99
#Edges
(0, 97)
(0, 35)
(0, 1)
(0, 33)
(0, 39)
(0, 73)
(0, 75)
(0, 46)
(0, 52)
(0, 41)
(0, 56)
(0, 25)
(0, 28)
(1, 39)
(1, 41)
(1, 46)
(1, 25)
(1, 59)
(1, 28)
(2, 98)
(2, 43)
(2, 58)
(2, 86)
(2, 37)
(3, 32)
(3, 67)
(3, 7)
(3, 42)
(3, 11)
(3, 78)
(3, 85)
(3, 31)
(3, 29)
(3, 53)
(4, 65)
(4, 6)
(4, 38)
(4, 51)
(4, 71)
(4, 15)
(4, 44)
(4, 79)
(4, 82)
(4, 83)
(4, 23)
(4, 58)
(4, 63)
(4, 95)
(5, 64)
(5, 27)
(5, 68)
(5, 70)
(5, 9)
(5, 10)
(5, 77)
(5, 14)
(5, 45)
(5, 80)
(5, 82)
(5, 57)
(5, 88)
(5, 89)
(5, 91)
(5, 30)
(5, 36)
(6, 65)
(6, 38)
(6, 51)
(6, 71)
(6, 15)
(6, 79)
(6, 82)
(6, 83)
(6, 23)
(6, 58)
(6, 63)
(6, 95)
(7, 32)
(7, 97)
(7, 67)
(7, 42)
(7, 11)
(7, 78)
(7, 85)
(7, 22)
(7, 25)
(7, 31)
(7, 29)
(7, 53)
(8, 69)
(8, 72)
(8, 74)
(8, 50)
(8, 20)
(8, 62)
(9, 64)
(9, 65)
(9, 98)
(9, 68)
(9, 70)
(9, 47)
(9, 36)
(9, 45)
(9, 14)
(9, 61)
(9, 80)
(9, 30)
(9, 55)
(9, 57)
(9, 91)
(9, 92)
(9, 93)
(9, 94)
(9, 63)
(10, 66)
(10, 99)
(10, 70)
(10, 77)
(10, 81)
(10, 19)
(10, 88)
(10, 89)
(10, 27)
(10, 30)
(11, 32)
(11, 67)
(11, 78)
(11, 53)
(11, 22)
(11, 87)
(11, 85)
(12, 40)
(12, 84)
(12, 29)
(12, 78)
(13, 98)
(13, 92)
(13, 61)
(13, 16)
(13, 49)
(13, 18)
(13, 21)
(13, 55)
(13, 24)
(13, 26)
(13, 60)
(13, 93)
(13, 94)
(14, 64)
(14, 65)
(14, 98)
(14, 68)
(14, 70)
(14, 47)
(14, 36)
(14, 45)
(14, 61)
(14, 80)
(14, 30)
(14, 55)
(14, 57)
(14, 91)
(14, 92)
(14, 93)
(14, 94)
(14, 63)
(15, 51)
(15, 33)
(15, 38)
(15, 71)
(15, 44)
(15, 79)
(15, 82)
(15, 83)
(15, 23)
(15, 95)
(15, 63)
(16, 98)
(16, 92)
(16, 61)
(16, 49)
(16, 18)
(16, 21)
(16, 55)
(16, 24)
(16, 26)
(16, 60)
(16, 93)
(16, 94)
(17, 66)
(17, 99)
(17, 36)
(17, 70)
(17, 77)
(17, 80)
(17, 34)
(17, 19)
(17, 54)
(17, 89)
(17, 90)
(17, 91)
(18, 92)
(18, 49)
(18, 21)
(18, 55)
(18, 24)
(18, 26)
(18, 60)
(18, 94)
(19, 66)
(19, 99)
(19, 40)
(19, 76)
(19, 77)
(19, 48)
(19, 81)
(19, 84)
(19, 89)
(19, 90)
(20, 72)
(20, 52)
(20, 69)
(20, 62)
(21, 92)
(21, 49)
(21, 55)
(21, 24)
(21, 26)
(21, 60)
(21, 94)
(22, 32)
(22, 39)
(22, 85)
(22, 87)
(22, 59)
(23, 65)
(23, 51)
(23, 43)
(23, 50)
(23, 79)
(23, 82)
(23, 83)
(23, 58)
(23, 95)
(23, 63)
(24, 92)
(24, 49)
(24, 55)
(24, 26)
(24, 60)
(24, 94)
(25, 97)
(25, 35)
(25, 33)
(25, 39)
(25, 73)
(25, 42)
(25, 75)
(25, 46)
(25, 41)
(25, 56)
(25, 28)
(26, 49)
(26, 55)
(26, 60)
(27, 82)
(27, 51)
(27, 88)
(27, 95)
(27, 30)
(27, 31)
(28, 35)
(28, 39)
(28, 73)
(28, 75)
(28, 46)
(28, 41)
(28, 56)
(29, 32)
(29, 67)
(29, 78)
(29, 85)
(29, 53)
(29, 31)
(30, 64)
(30, 45)
(30, 68)
(30, 70)
(30, 77)
(30, 47)
(30, 80)
(30, 82)
(30, 57)
(30, 88)
(30, 89)
(30, 91)
(30, 36)
(30, 63)
(31, 32)
(31, 97)
(31, 67)
(31, 38)
(31, 42)
(31, 51)
(31, 53)
(32, 42)
(32, 78)
(32, 67)
(32, 85)
(32, 53)
(33, 97)
(33, 35)
(33, 38)
(33, 71)
(33, 73)
(33, 42)
(33, 75)
(33, 44)
(33, 46)
(33, 52)
(33, 41)
(33, 56)
(34, 36)
(34, 77)
(34, 80)
(34, 54)
(34, 89)
(34, 90)
(34, 91)
(35, 97)
(35, 73)
(35, 75)
(35, 46)
(35, 52)
(35, 41)
(35, 56)
(36, 64)
(36, 45)
(36, 68)
(36, 70)
(36, 77)
(36, 47)
(36, 80)
(36, 54)
(36, 57)
(36, 88)
(36, 89)
(36, 91)
(37, 74)
(37, 43)
(37, 86)
(38, 97)
(38, 51)
(38, 71)
(38, 42)
(38, 75)
(38, 44)
(38, 79)
(38, 82)
(38, 83)
(38, 56)
(38, 95)
(39, 41)
(39, 46)
(39, 87)
(39, 56)
(39, 59)
(40, 66)
(40, 76)
(40, 48)
(40, 81)
(40, 84)
(41, 97)
(41, 73)
(41, 42)
(41, 75)
(41, 46)
(41, 56)
(42, 97)
(42, 46)
(42, 53)
(42, 56)
(43, 79)
(43, 50)
(43, 83)
(43, 58)
(44, 97)
(44, 51)
(44, 71)
(44, 75)
(44, 79)
(44, 83)
(44, 52)
(44, 56)
(44, 95)
(45, 96)
(45, 64)
(45, 68)
(45, 70)
(45, 47)
(45, 61)
(45, 80)
(45, 55)
(45, 57)
(45, 91)
(45, 93)
(45, 94)
(46, 97)
(46, 73)
(46, 75)
(46, 52)
(46, 56)
(47, 96)
(47, 64)
(47, 98)
(47, 68)
(47, 70)
(47, 61)
(47, 80)
(47, 55)
(47, 57)
(47, 91)
(47, 92)
(47, 93)
(47, 94)
(48, 66)
(48, 76)
(48, 81)
(48, 84)
(49, 60)
(50, 79)
(50, 83)
(50, 58)
(51, 65)
(51, 71)
(51, 79)
(51, 82)
(51, 83)
(51, 63)
(51, 95)
(52, 71)
(52, 73)
(52, 75)
(53, 97)
(53, 78)
(53, 67)
(53, 85)
(54, 77)
(54, 80)
(54, 89)
(54, 90)
(54, 91)
(55, 96)
(55, 64)
(55, 98)
(55, 68)
(55, 61)
(55, 92)
(55, 93)
(55, 94)
(56, 97)
(56, 71)
(56, 73)
(56, 75)
(57, 64)
(57, 98)
(57, 68)
(57, 70)
(57, 61)
(57, 80)
(57, 88)
(57, 91)
(57, 93)
(57, 94)
(57, 63)
(58, 65)
(58, 98)
(58, 79)
(58, 83)
(58, 63)
(59, 87)
(60, 86)
(61, 64)
(61, 98)
(61, 68)
(61, 91)
(61, 92)
(61, 93)
(61, 94)
(62, 72)
(62, 74)
(62, 69)
(63, 65)
(63, 98)
(63, 79)
(63, 82)
(63, 83)
(63, 95)
(64, 96)
(64, 68)
(64, 70)
(64, 80)
(64, 91)
(64, 92)
(64, 93)
(64, 94)
(65, 98)
(65, 79)
(65, 82)
(65, 83)
(65, 95)
(66, 99)
(66, 76)
(66, 77)
(66, 81)
(66, 84)
(66, 89)
(67, 78)
(67, 85)
(68, 96)
(68, 70)
(68, 80)
(68, 91)
(68, 92)
(68, 93)
(68, 94)
(69, 72)
(69, 74)
(70, 77)
(70, 80)
(70, 88)
(70, 89)
(70, 91)
(71, 97)
(71, 75)
(71, 79)
(71, 83)
(71, 95)
(72, 74)
(73, 97)
(73, 75)
(75, 97)
(76, 84)
(77, 99)
(77, 80)
(77, 88)
(77, 89)
(77, 90)
(77, 91)
(78, 85)
(79, 82)
(79, 83)
(79, 95)
(80, 88)
(80, 89)
(80, 91)
(81, 99)
(81, 84)
(81, 89)
(82, 83)
(82, 88)
(82, 95)
(83, 95)
(84, 99)
(85, 87)
(88, 99)
(88, 89)
(88, 91)
(89, 99)
(89, 90)
(89, 91)
(91, 93)
(92, 98)
(92, 93)
(92, 94)
(93, 96)
(93, 94)
(94, 96)
(94, 98)
