#Nodes
0
1
2
3
4
5
6
7
8
9
10
11
12
13
14
15
16
17
18
19
20
21
22
23
24
25
26
27
28
29
30
31
32
33
34
35
36
37
38
39
40
41
42
43
44
45
46
47
48
49
50
51
52
53
54
55
56
57
58
59
60
61
62
63
64
65
66
67
68
69
70
71
72
73
74
75
76
77
78
79
80
81
82
83
84
85
86
87
88
89
90
91
92
93
94
95
96
97
98
99
#Edges
(0, 32)
(0, 35)
(0, 67)
(0, 37)
(0, 40)
(0, 12)
(0, 21)
(0, 17)
(0, 50)
(0, 83)
(0, 84)
(0, 85)
(0, 22)
(0, 24)
(0, 90)
(0, 63)
(0, 92)
(0, 95)
(1, 64)
(1, 78)
(1, 24)
(1, 58)
(1, 92)
(1, 63)
(2, 4)
(2, 70)
(2, 39)
(2, 11)
(2, 14)
(2, 52)
(2, 54)
(2, 25)
(2, 93)
(3, 98)
(3, 40)
(3, 47)
(3, 20)
(3, 23)
(3, 56)
(3, 94)
(4, 64)
(4, 32)
(4, 67)
(4, 22)
(4, 70)
(4, 39)
(4, 11)
(4, 12)
(4, 21)
(4, 14)
(4, 29)
(4, 52)
(4, 85)
(4, 54)
(4, 24)
(4, 25)
(4, 90)
(4, 92)
(4, 93)
(4, 95)
(5, 6)
(5, 74)
(5, 17)
(5, 10)
(5, 83)
(5, 85)
(5, 90)
(5, 91)
(5, 42)
(5, 53)
(6, 42)
(6, 45)
(6, 79)
(6, 17)
(6, 53)
(6, 91)
(6, 10)
(7, 96)
(7, 65)
(7, 34)
(7, 99)
(7, 68)
(7, 43)
(7, 46)
(7, 80)
(7, 49)
(7, 30)
(7, 57)
(7, 89)
(7, 62)
(7, 36)
(8, 73)
(8, 76)
(8, 16)
(8, 82)
(8, 51)
(8, 9)
(8, 41)
(8, 55)
(8, 59)
(9, 33)
(9, 73)
(9, 76)
(9, 13)
(9, 16)
(9, 82)
(9, 51)
(9, 41)
(9, 86)
(9, 55)
(9, 59)
(10, 42)
(10, 79)
(10, 17)
(10, 53)
(10, 91)
(11, 32)
(11, 22)
(11, 70)
(11, 39)
(11, 12)
(11, 14)
(11, 29)
(11, 52)
(11, 54)
(11, 25)
(11, 93)
(12, 32)
(12, 35)
(12, 67)
(12, 37)
(12, 70)
(12, 39)
(12, 21)
(12, 29)
(12, 22)
(12, 17)
(12, 83)
(12, 85)
(12, 54)
(12, 25)
(12, 90)
(12, 92)
(12, 93)
(12, 95)
(13, 97)
(13, 69)
(13, 71)
(13, 73)
(13, 75)
(13, 26)
(13, 86)
(13, 87)
(13, 55)
(13, 33)
(13, 61)
(13, 31)
(14, 70)
(14, 29)
(14, 52)
(14, 93)
(15, 66)
(15, 68)
(15, 72)
(15, 49)
(15, 18)
(15, 60)
(15, 30)
(16, 33)
(16, 73)
(16, 76)
(16, 82)
(16, 51)
(16, 41)
(16, 55)
(16, 59)
(17, 35)
(17, 67)
(17, 74)
(17, 83)
(17, 85)
(17, 22)
(17, 25)
(17, 90)
(17, 91)
(17, 21)
(17, 42)
(17, 53)
(18, 72)
(18, 66)
(18, 60)
(18, 79)
(19, 97)
(19, 75)
(19, 77)
(19, 87)
(19, 23)
(19, 26)
(19, 27)
(20, 98)
(20, 37)
(20, 40)
(20, 44)
(20, 50)
(20, 84)
(20, 23)
(20, 24)
(20, 94)
(20, 63)
(21, 32)
(21, 35)
(21, 67)
(21, 37)
(21, 22)
(21, 50)
(21, 83)
(21, 85)
(21, 54)
(21, 24)
(21, 90)
(21, 92)
(21, 29)
(21, 95)
(22, 24)
(22, 25)
(22, 29)
(22, 32)
(22, 35)
(22, 37)
(22, 39)
(22, 54)
(22, 64)
(22, 67)
(22, 70)
(22, 83)
(22, 85)
(22, 90)
(22, 92)
(22, 93)
(22, 95)
(23, 98)
(23, 40)
(23, 44)
(23, 77)
(23, 47)
(23, 56)
(23, 28)
(23, 94)
(24, 64)
(24, 32)
(24, 67)
(24, 37)
(24, 40)
(24, 78)
(24, 58)
(24, 95)
(24, 92)
(24, 29)
(24, 63)
(25, 32)
(25, 67)
(25, 70)
(25, 39)
(25, 29)
(25, 85)
(25, 54)
(25, 93)
(25, 95)
(26, 97)
(26, 69)
(26, 75)
(26, 86)
(26, 87)
(26, 27)
(26, 61)
(26, 31)
(27, 97)
(27, 75)
(27, 77)
(27, 87)
(28, 56)
(28, 48)
(28, 77)
(28, 38)
(29, 64)
(29, 32)
(29, 67)
(29, 70)
(29, 39)
(29, 52)
(29, 85)
(29, 54)
(29, 90)
(29, 92)
(29, 93)
(29, 95)
(30, 65)
(30, 66)
(30, 68)
(30, 72)
(30, 46)
(30, 80)
(30, 49)
(30, 89)
(30, 60)
(30, 62)
(30, 36)
(31, 69)
(31, 71)
(31, 75)
(31, 44)
(31, 81)
(31, 84)
(31, 88)
(31, 61)
(32, 35)
(32, 37)
(32, 39)
(32, 54)
(32, 63)
(32, 64)
(32, 67)
(32, 70)
(32, 83)
(32, 85)
(32, 90)
(32, 92)
(32, 93)
(32, 95)
(33, 73)
(33, 43)
(33, 76)
(33, 82)
(33, 51)
(33, 86)
(33, 55)
(34, 96)
(34, 65)
(34, 99)
(34, 36)
(34, 74)
(34, 46)
(34, 81)
(34, 57)
(34, 89)
(35, 67)
(35, 37)
(35, 74)
(35, 50)
(35, 83)
(35, 84)
(35, 85)
(35, 90)
(35, 95)
(36, 65)
(36, 99)
(36, 68)
(36, 72)
(36, 43)
(36, 46)
(36, 80)
(36, 49)
(36, 89)
(36, 60)
(36, 62)
(37, 64)
(37, 67)
(37, 40)
(37, 50)
(37, 83)
(37, 84)
(37, 85)
(37, 90)
(37, 63)
(37, 92)
(37, 95)
(38, 56)
(38, 48)
(38, 77)
(38, 47)
(39, 67)
(39, 70)
(39, 85)
(39, 54)
(39, 93)
(40, 98)
(40, 44)
(40, 50)
(40, 84)
(40, 94)
(40, 63)
(41, 73)
(41, 76)
(41, 82)
(41, 51)
(41, 55)
(41, 59)
(42, 79)
(42, 53)
(42, 91)
(43, 82)
(43, 55)
(43, 57)
(44, 98)
(44, 71)
(44, 50)
(44, 84)
(44, 88)
(44, 61)
(44, 94)
(45, 79)
(46, 96)
(46, 65)
(46, 99)
(46, 68)
(46, 72)
(46, 80)
(46, 49)
(46, 89)
(46, 60)
(46, 62)
(47, 56)
(47, 98)
(48, 56)
(48, 77)
(49, 65)
(49, 66)
(49, 68)
(49, 72)
(49, 80)
(49, 89)
(49, 60)
(49, 62)
(50, 98)
(50, 81)
(50, 84)
(50, 88)
(50, 90)
(50, 94)
(51, 73)
(51, 76)
(51, 82)
(51, 55)
(51, 59)
(52, 70)
(52, 54)
(52, 93)
(53, 79)
(53, 91)
(54, 67)
(54, 70)
(54, 85)
(54, 90)
(54, 92)
(54, 93)
(54, 95)
(55, 73)
(55, 76)
(55, 82)
(55, 86)
(55, 59)
(56, 77)
(57, 96)
(57, 99)
(57, 69)
(57, 71)
(57, 81)
(57, 88)
(57, 61)
(58, 64)
(58, 78)
(58, 63)
(59, 73)
(59, 76)
(59, 82)
(60, 65)
(60, 66)
(60, 68)
(60, 72)
(60, 80)
(60, 89)
(60, 62)
(61, 69)
(61, 71)
(61, 81)
(61, 84)
(61, 88)
(62, 66)
(62, 68)
(62, 72)
(62, 80)
(62, 89)
(63, 64)
(63, 98)
(63, 67)
(63, 78)
(63, 92)
(63, 95)
(64, 67)
(64, 78)
(64, 92)
(64, 95)
(65, 96)
(65, 66)
(65, 99)
(65, 68)
(65, 72)
(65, 89)
(65, 91)
(66, 68)
(66, 72)
(66, 89)
(67, 70)
(67, 83)
(67, 85)
(67, 90)
(67, 92)
(67, 93)
(67, 95)
(68, 72)
(68, 80)
(68, 89)
(69, 71)
(69, 81)
(69, 84)
(69, 88)
(70, 85)
(70, 92)
(70, 93)
(70, 95)
(71, 96)
(71, 81)
(71, 84)
(71, 88)
(72, 89)
(73, 76)
(73, 82)
(73, 86)
(74, 96)
(74, 99)
(74, 81)
(74, 83)
(74, 84)
(74, 88)
(74, 91)
(75, 97)
(75, 86)
(75, 87)
(76, 82)
(76, 86)
(77, 98)
(77, 94)
(78, 92)
(80, 89)
(81, 96)
(81, 99)
(81, 84)
(81, 88)
(83, 85)
(83, 90)
(83, 91)
(83, 95)
(84, 96)
(84, 88)
(84, 90)
(85, 90)
(85, 92)
(85, 93)
(85, 95)
(86, 97)
(86, 87)
(87, 97)
(88, 96)
(88, 99)
(89, 99)
(90, 92)
(90, 95)
(91, 99)
(92, 95)
(93, 95)
(94, 98)
(96, 99)
