#Nodes
0
1
2
3
4
5
6
7
8
9
10
11
12
13
14
15
16
17
18
19
20
21
22
23
24
25
26
27
28
29
30
31
32
33
34
35
36
37
38
39
40
41
42
43
44
45
46
47
48
49
50
51
52
53
54
55
56
57
58
59
60
61
62
63
64
65
66
67
68
69
70
71
72
73
74
75
76
77
78
79
80
81
82
83
84
85
86
87
88
89
90
91
92
93
94
95
96
97
98
99
100
101
102
103
104
105
106
107
108
109
110
111
112
113
114
115
116
117
118
119
120
121
122
123
124
125
126
127
128
129
130
131
132
133
134
135
136
137
138
139
140
141
142
143
144
145
146
147
148
149
150
151
152
153
154
155
156
157
158
159
160
161
162
163
164
165
166
167
168
169
170
171
172
173
174
175
176
177
178
179
180
181
182
183
184
185
186
187
188
189
190
191
192
193
194
195
196
197
198
199
200
201
202
203
204
205
206
207
208
209
210
211
212
213
214
215
216
217
218
219
220
221
222
223
224
225
226
227
228
229
230
231
232
233
234
235
236
237
238
239
240
241
242
243
244
245
246
247
248
249
#Edges
(0, 129)
(0, 163)
(0, 147)
(0, 54)
(0, 198)
(0, 169)
(0, 171)
(0, 13)
(0, 15)
(0, 115)
(0, 82)
(0, 179)
(0, 212)
(0, 246)
(0, 55)
(0, 36)
(0, 90)
(0, 155)
(0, 189)
(0, 222)
(0, 191)
(1, 160)
(1, 161)
(1, 33)
(1, 81)
(1, 177)
(1, 232)
(1, 128)
(1, 235)
(1, 140)
(1, 135)
(1, 24)
(1, 184)
(1, 84)
(1, 21)
(1, 86)
(1, 217)
(1, 248)
(1, 249)
(1, 123)
(1, 151)
(1, 221)
(2, 32)
(2, 67)
(2, 133)
(2, 7)
(2, 104)
(2, 220)
(2, 10)
(2, 203)
(2, 206)
(2, 149)
(2, 73)
(2, 122)
(2, 124)
(2, 29)
(3, 129)
(3, 146)
(3, 147)
(3, 22)
(3, 23)
(3, 25)
(3, 155)
(3, 163)
(3, 171)
(3, 44)
(3, 173)
(3, 178)
(3, 54)
(3, 55)
(3, 185)
(3, 61)
(3, 198)
(3, 71)
(3, 208)
(3, 85)
(3, 87)
(3, 227)
(3, 233)
(3, 241)
(3, 245)
(3, 246)
(4, 11)
(4, 143)
(4, 144)
(4, 148)
(4, 159)
(4, 164)
(4, 174)
(4, 186)
(4, 60)
(4, 96)
(4, 200)
(4, 77)
(4, 210)
(4, 83)
(4, 92)
(4, 94)
(4, 224)
(4, 99)
(4, 228)
(4, 103)
(4, 106)
(4, 236)
(4, 119)
(4, 126)
(5, 136)
(5, 38)
(5, 140)
(5, 19)
(5, 154)
(5, 26)
(5, 160)
(5, 112)
(5, 166)
(5, 241)
(5, 175)
(5, 52)
(5, 190)
(5, 197)
(5, 97)
(5, 12)
(5, 76)
(5, 205)
(5, 84)
(5, 88)
(5, 225)
(5, 98)
(5, 227)
(5, 101)
(5, 102)
(5, 231)
(5, 232)
(5, 234)
(5, 235)
(5, 238)
(5, 111)
(5, 240)
(5, 113)
(5, 121)
(5, 123)
(5, 125)
(6, 162)
(6, 35)
(6, 132)
(6, 101)
(6, 231)
(6, 136)
(6, 45)
(6, 66)
(6, 79)
(6, 49)
(6, 243)
(6, 17)
(6, 214)
(6, 215)
(6, 188)
(6, 157)
(7, 192)
(7, 32)
(7, 130)
(7, 67)
(7, 68)
(7, 133)
(7, 104)
(7, 124)
(7, 10)
(7, 87)
(7, 206)
(7, 8)
(7, 58)
(7, 149)
(7, 73)
(7, 105)
(7, 122)
(7, 220)
(7, 61)
(8, 130)
(8, 137)
(8, 138)
(8, 139)
(8, 14)
(8, 146)
(8, 149)
(8, 68)
(8, 167)
(8, 170)
(8, 43)
(8, 44)
(8, 50)
(8, 180)
(8, 53)
(8, 182)
(8, 58)
(8, 59)
(8, 61)
(8, 192)
(8, 196)
(8, 208)
(8, 87)
(8, 91)
(8, 220)
(8, 105)
(8, 122)
(9, 139)
(9, 158)
(9, 20)
(9, 27)
(9, 30)
(9, 34)
(9, 170)
(9, 51)
(9, 53)
(9, 183)
(9, 56)
(9, 74)
(9, 196)
(9, 202)
(9, 211)
(9, 93)
(9, 95)
(9, 226)
(9, 109)
(9, 239)
(9, 114)
(9, 117)
(9, 247)
(10, 130)
(10, 133)
(10, 149)
(10, 29)
(10, 32)
(10, 58)
(10, 61)
(10, 192)
(10, 65)
(10, 67)
(10, 73)
(10, 203)
(10, 206)
(10, 212)
(10, 85)
(10, 87)
(10, 220)
(10, 104)
(10, 122)
(10, 124)
(11, 143)
(11, 148)
(11, 159)
(11, 164)
(11, 174)
(11, 176)
(11, 186)
(11, 31)
(11, 60)
(11, 96)
(11, 200)
(11, 204)
(11, 77)
(11, 209)
(11, 210)
(11, 213)
(11, 224)
(11, 228)
(11, 103)
(11, 236)
(11, 244)
(11, 119)
(11, 126)
(12, 147)
(12, 150)
(12, 166)
(12, 173)
(12, 175)
(12, 179)
(12, 52)
(12, 185)
(12, 190)
(12, 194)
(12, 76)
(12, 205)
(12, 88)
(12, 97)
(12, 98)
(12, 227)
(12, 38)
(12, 233)
(12, 234)
(12, 238)
(12, 111)
(12, 241)
(12, 19)
(12, 245)
(12, 121)
(12, 125)
(13, 163)
(13, 147)
(13, 54)
(13, 198)
(13, 199)
(13, 169)
(13, 171)
(13, 15)
(13, 115)
(13, 179)
(13, 245)
(13, 246)
(13, 55)
(13, 36)
(13, 90)
(13, 155)
(13, 189)
(13, 222)
(13, 191)
(14, 130)
(14, 137)
(14, 138)
(14, 139)
(14, 68)
(14, 167)
(14, 42)
(14, 43)
(14, 44)
(14, 50)
(14, 51)
(14, 180)
(14, 53)
(14, 182)
(14, 56)
(14, 59)
(14, 196)
(14, 208)
(14, 91)
(14, 105)
(14, 39)
(14, 110)
(14, 170)
(15, 163)
(15, 147)
(15, 230)
(15, 198)
(15, 199)
(15, 169)
(15, 171)
(15, 238)
(15, 111)
(15, 115)
(15, 17)
(15, 179)
(15, 54)
(15, 55)
(15, 121)
(15, 90)
(15, 189)
(15, 190)
(15, 36)
(16, 128)
(16, 142)
(16, 143)
(16, 144)
(16, 148)
(16, 152)
(16, 156)
(16, 31)
(16, 165)
(16, 28)
(16, 57)
(16, 186)
(16, 62)
(16, 193)
(16, 200)
(16, 207)
(16, 210)
(16, 213)
(16, 89)
(16, 218)
(16, 92)
(16, 94)
(16, 96)
(16, 99)
(17, 132)
(17, 136)
(17, 19)
(17, 157)
(17, 35)
(17, 166)
(17, 45)
(17, 175)
(17, 49)
(17, 179)
(17, 188)
(17, 189)
(17, 190)
(17, 66)
(17, 199)
(17, 215)
(17, 90)
(17, 101)
(17, 230)
(17, 238)
(17, 111)
(17, 115)
(17, 121)
(18, 99)
(18, 229)
(18, 200)
(18, 28)
(18, 106)
(18, 127)
(18, 207)
(18, 144)
(18, 83)
(18, 116)
(18, 62)
(18, 118)
(18, 152)
(18, 57)
(18, 223)
(18, 92)
(18, 94)
(18, 159)
(19, 136)
(19, 147)
(19, 166)
(19, 173)
(19, 175)
(19, 179)
(19, 52)
(19, 185)
(19, 189)
(19, 190)
(19, 194)
(19, 97)
(19, 76)
(19, 205)
(19, 88)
(19, 225)
(19, 98)
(19, 227)
(19, 101)
(19, 102)
(19, 233)
(19, 234)
(19, 238)
(19, 111)
(19, 240)
(19, 241)
(19, 115)
(19, 245)
(19, 121)
(19, 38)
(19, 125)
(20, 131)
(20, 141)
(20, 27)
(20, 158)
(20, 34)
(20, 47)
(20, 176)
(20, 51)
(20, 30)
(20, 183)
(20, 56)
(20, 202)
(20, 74)
(20, 204)
(20, 209)
(20, 211)
(20, 93)
(20, 95)
(20, 224)
(20, 226)
(20, 109)
(20, 239)
(20, 114)
(20, 244)
(20, 117)
(20, 247)
(21, 135)
(21, 140)
(21, 151)
(21, 24)
(21, 154)
(21, 26)
(21, 160)
(21, 161)
(21, 52)
(21, 184)
(21, 78)
(21, 120)
(21, 84)
(21, 86)
(21, 88)
(21, 217)
(21, 221)
(21, 225)
(21, 81)
(21, 232)
(21, 234)
(21, 235)
(21, 112)
(21, 113)
(21, 248)
(21, 249)
(21, 123)
(22, 129)
(22, 146)
(22, 147)
(22, 149)
(22, 23)
(22, 25)
(22, 155)
(22, 32)
(22, 163)
(22, 167)
(22, 171)
(22, 44)
(22, 173)
(22, 178)
(22, 180)
(22, 54)
(22, 185)
(22, 58)
(22, 61)
(22, 191)
(22, 192)
(22, 65)
(22, 71)
(22, 208)
(22, 85)
(22, 87)
(22, 91)
(22, 245)
(22, 246)
(23, 129)
(23, 146)
(23, 147)
(23, 149)
(23, 25)
(23, 155)
(23, 32)
(23, 163)
(23, 171)
(23, 44)
(23, 173)
(23, 178)
(23, 180)
(23, 54)
(23, 55)
(23, 185)
(23, 58)
(23, 61)
(23, 191)
(23, 192)
(23, 65)
(23, 198)
(23, 71)
(23, 208)
(23, 85)
(23, 87)
(23, 91)
(23, 245)
(23, 246)
(24, 160)
(24, 161)
(24, 33)
(24, 81)
(24, 177)
(24, 232)
(24, 235)
(24, 140)
(24, 135)
(24, 184)
(24, 84)
(24, 86)
(24, 217)
(24, 248)
(24, 249)
(24, 123)
(24, 151)
(24, 221)
(25, 129)
(25, 146)
(25, 147)
(25, 149)
(25, 155)
(25, 32)
(25, 163)
(25, 171)
(25, 44)
(25, 173)
(25, 178)
(25, 180)
(25, 54)
(25, 55)
(25, 185)
(25, 58)
(25, 61)
(25, 191)
(25, 192)
(25, 65)
(25, 198)
(25, 71)
(25, 208)
(25, 85)
(25, 87)
(25, 91)
(25, 245)
(25, 246)
(26, 140)
(26, 154)
(26, 69)
(26, 160)
(26, 240)
(26, 162)
(26, 52)
(26, 197)
(26, 78)
(26, 79)
(26, 84)
(26, 214)
(26, 215)
(26, 88)
(26, 225)
(26, 102)
(26, 231)
(26, 234)
(26, 112)
(26, 113)
(26, 120)
(26, 123)
(27, 30)
(27, 226)
(27, 139)
(27, 196)
(27, 202)
(27, 247)
(27, 109)
(27, 93)
(27, 239)
(27, 114)
(27, 51)
(27, 117)
(27, 183)
(27, 56)
(27, 53)
(27, 170)
(27, 158)
(27, 95)
(28, 128)
(28, 142)
(28, 144)
(28, 145)
(28, 152)
(28, 159)
(28, 181)
(28, 57)
(28, 62)
(28, 195)
(28, 200)
(28, 207)
(28, 80)
(28, 83)
(28, 89)
(28, 218)
(28, 92)
(28, 94)
(28, 223)
(28, 99)
(28, 229)
(28, 106)
(28, 116)
(28, 118)
(28, 127)
(29, 32)
(29, 129)
(29, 171)
(29, 133)
(29, 65)
(29, 104)
(29, 73)
(29, 203)
(29, 206)
(29, 82)
(29, 67)
(29, 212)
(29, 149)
(29, 246)
(29, 85)
(29, 155)
(29, 222)
(29, 191)
(30, 131)
(30, 141)
(30, 158)
(30, 34)
(30, 51)
(30, 183)
(30, 56)
(30, 74)
(30, 202)
(30, 204)
(30, 209)
(30, 211)
(30, 93)
(30, 95)
(30, 226)
(30, 109)
(30, 239)
(30, 114)
(30, 117)
(30, 247)
(31, 224)
(31, 193)
(31, 148)
(31, 48)
(31, 165)
(31, 103)
(31, 200)
(31, 96)
(31, 41)
(31, 60)
(31, 143)
(31, 176)
(31, 210)
(31, 244)
(31, 213)
(31, 89)
(31, 153)
(31, 186)
(31, 156)
(32, 129)
(32, 130)
(32, 133)
(32, 149)
(32, 155)
(32, 44)
(32, 180)
(32, 58)
(32, 61)
(32, 191)
(32, 192)
(32, 65)
(32, 67)
(32, 73)
(32, 203)
(32, 206)
(32, 82)
(32, 212)
(32, 85)
(32, 87)
(32, 91)
(32, 220)
(32, 104)
(32, 246)
(32, 122)
(32, 124)
(33, 128)
(33, 142)
(33, 145)
(33, 151)
(33, 161)
(33, 40)
(33, 172)
(33, 177)
(33, 181)
(33, 184)
(33, 187)
(33, 62)
(33, 195)
(33, 80)
(33, 86)
(33, 221)
(33, 107)
(33, 108)
(33, 237)
(33, 116)
(33, 249)
(34, 131)
(34, 141)
(34, 158)
(34, 47)
(34, 183)
(34, 74)
(34, 202)
(34, 119)
(34, 204)
(34, 77)
(34, 209)
(34, 211)
(34, 93)
(34, 95)
(34, 224)
(34, 226)
(34, 109)
(34, 239)
(34, 114)
(34, 247)
(35, 132)
(35, 136)
(35, 157)
(35, 162)
(35, 166)
(35, 45)
(35, 175)
(35, 49)
(35, 243)
(35, 188)
(35, 189)
(35, 190)
(35, 66)
(35, 199)
(35, 215)
(35, 101)
(35, 102)
(35, 230)
(35, 238)
(35, 111)
(35, 115)
(36, 129)
(36, 163)
(36, 54)
(36, 198)
(36, 169)
(36, 171)
(36, 82)
(36, 179)
(36, 212)
(36, 246)
(36, 55)
(36, 90)
(36, 155)
(36, 222)
(36, 191)
(37, 134)
(37, 146)
(37, 150)
(37, 153)
(37, 165)
(37, 39)
(37, 168)
(37, 41)
(37, 42)
(37, 46)
(37, 48)
(37, 50)
(37, 59)
(37, 63)
(37, 64)
(37, 193)
(37, 194)
(37, 70)
(37, 71)
(37, 72)
(37, 201)
(37, 75)
(37, 208)
(37, 216)
(37, 219)
(37, 100)
(37, 233)
(37, 110)
(38, 88)
(38, 147)
(38, 150)
(38, 166)
(38, 173)
(38, 46)
(38, 52)
(38, 185)
(38, 190)
(38, 194)
(38, 71)
(38, 72)
(38, 201)
(38, 76)
(38, 205)
(38, 216)
(38, 219)
(38, 97)
(38, 98)
(38, 227)
(38, 100)
(38, 232)
(38, 233)
(38, 234)
(38, 238)
(38, 241)
(38, 245)
(38, 121)
(38, 125)
(39, 137)
(39, 153)
(39, 167)
(39, 41)
(39, 42)
(39, 43)
(39, 48)
(39, 50)
(39, 51)
(39, 53)
(39, 56)
(39, 59)
(39, 63)
(39, 196)
(39, 70)
(39, 209)
(39, 211)
(39, 110)
(39, 114)
(39, 244)
(40, 128)
(40, 195)
(40, 229)
(40, 145)
(40, 108)
(40, 107)
(40, 172)
(40, 237)
(40, 80)
(40, 177)
(40, 242)
(40, 116)
(40, 181)
(40, 187)
(40, 221)
(40, 62)
(41, 137)
(41, 153)
(41, 165)
(41, 42)
(41, 46)
(41, 48)
(41, 50)
(41, 51)
(41, 59)
(41, 63)
(41, 64)
(41, 193)
(41, 70)
(41, 75)
(41, 211)
(41, 213)
(41, 216)
(41, 219)
(41, 100)
(41, 110)
(41, 244)
(42, 137)
(42, 138)
(42, 146)
(42, 150)
(42, 153)
(42, 219)
(42, 167)
(42, 43)
(42, 44)
(42, 50)
(42, 46)
(42, 178)
(42, 180)
(42, 59)
(42, 63)
(42, 64)
(42, 70)
(42, 71)
(42, 201)
(42, 75)
(42, 208)
(42, 216)
(42, 91)
(42, 100)
(42, 233)
(42, 110)
(43, 130)
(43, 137)
(43, 138)
(43, 139)
(43, 146)
(43, 68)
(43, 167)
(43, 170)
(43, 44)
(43, 50)
(43, 51)
(43, 180)
(43, 53)
(43, 182)
(43, 59)
(43, 63)
(43, 196)
(43, 208)
(43, 87)
(43, 91)
(43, 105)
(43, 110)
(44, 130)
(44, 137)
(44, 138)
(44, 146)
(44, 149)
(44, 167)
(44, 178)
(44, 50)
(44, 180)
(44, 182)
(44, 58)
(44, 59)
(44, 61)
(44, 192)
(44, 68)
(44, 71)
(44, 206)
(44, 208)
(44, 87)
(44, 91)
(45, 132)
(45, 136)
(45, 154)
(45, 157)
(45, 162)
(45, 175)
(45, 49)
(45, 188)
(45, 66)
(45, 197)
(45, 79)
(45, 214)
(45, 215)
(45, 101)
(45, 102)
(45, 231)
(45, 111)
(45, 240)
(45, 243)
(46, 134)
(46, 150)
(46, 153)
(46, 165)
(46, 168)
(46, 185)
(46, 59)
(46, 64)
(46, 193)
(46, 194)
(46, 70)
(46, 71)
(46, 72)
(46, 201)
(46, 75)
(46, 208)
(46, 216)
(46, 219)
(46, 100)
(46, 233)
(46, 110)
(46, 241)
(47, 224)
(47, 131)
(47, 164)
(47, 74)
(47, 247)
(47, 204)
(47, 141)
(47, 77)
(47, 239)
(47, 209)
(47, 183)
(47, 119)
(47, 93)
(47, 126)
(47, 95)
(48, 143)
(48, 148)
(48, 153)
(48, 156)
(48, 165)
(48, 176)
(48, 51)
(48, 59)
(48, 63)
(48, 64)
(48, 193)
(48, 70)
(48, 75)
(48, 209)
(48, 210)
(48, 211)
(48, 213)
(48, 224)
(48, 103)
(48, 110)
(48, 244)
(49, 66)
(49, 132)
(49, 166)
(49, 230)
(49, 199)
(49, 136)
(49, 238)
(49, 175)
(49, 157)
(49, 115)
(49, 215)
(49, 90)
(49, 111)
(49, 188)
(49, 189)
(49, 101)
(50, 137)
(50, 138)
(50, 139)
(50, 146)
(50, 68)
(50, 167)
(50, 51)
(50, 180)
(50, 53)
(50, 182)
(50, 59)
(50, 63)
(50, 196)
(50, 70)
(50, 208)
(50, 91)
(50, 110)
(51, 176)
(51, 53)
(51, 137)
(51, 56)
(51, 59)
(51, 63)
(51, 196)
(51, 158)
(51, 183)
(51, 209)
(51, 211)
(51, 109)
(51, 110)
(51, 114)
(51, 244)
(51, 247)
(52, 140)
(52, 154)
(52, 160)
(52, 240)
(52, 166)
(52, 190)
(52, 197)
(52, 97)
(52, 72)
(52, 76)
(52, 205)
(52, 84)
(52, 88)
(52, 225)
(52, 102)
(52, 232)
(52, 234)
(52, 235)
(52, 112)
(52, 113)
(52, 123)
(52, 125)
(53, 137)
(53, 138)
(53, 139)
(53, 68)
(53, 158)
(53, 170)
(53, 182)
(53, 56)
(53, 59)
(53, 63)
(53, 196)
(53, 105)
(53, 167)
(53, 114)
(53, 117)
(54, 129)
(54, 146)
(54, 147)
(54, 155)
(54, 163)
(54, 169)
(54, 171)
(54, 173)
(54, 178)
(54, 179)
(54, 55)
(54, 185)
(54, 191)
(54, 198)
(54, 71)
(54, 85)
(54, 98)
(54, 227)
(54, 241)
(54, 245)
(54, 246)
(55, 129)
(55, 147)
(55, 155)
(55, 163)
(55, 169)
(55, 171)
(55, 173)
(55, 179)
(55, 191)
(55, 198)
(55, 82)
(55, 212)
(55, 85)
(55, 90)
(55, 222)
(55, 245)
(55, 246)
(56, 137)
(56, 139)
(56, 170)
(56, 158)
(56, 63)
(56, 196)
(56, 202)
(56, 183)
(56, 211)
(56, 93)
(56, 95)
(56, 226)
(56, 109)
(56, 114)
(56, 117)
(56, 247)
(57, 128)
(57, 142)
(57, 144)
(57, 152)
(57, 159)
(57, 181)
(57, 62)
(57, 195)
(57, 200)
(57, 207)
(57, 80)
(57, 83)
(57, 89)
(57, 218)
(57, 92)
(57, 94)
(57, 223)
(57, 96)
(57, 99)
(57, 229)
(57, 106)
(57, 116)
(57, 118)
(57, 127)
(58, 129)
(58, 130)
(58, 133)
(58, 138)
(58, 146)
(58, 149)
(58, 167)
(58, 180)
(58, 182)
(58, 61)
(58, 192)
(58, 65)
(58, 67)
(58, 68)
(58, 206)
(58, 85)
(58, 87)
(58, 91)
(58, 220)
(58, 104)
(58, 105)
(58, 122)
(58, 124)
(59, 137)
(59, 138)
(59, 146)
(59, 153)
(59, 167)
(59, 180)
(59, 63)
(59, 70)
(59, 71)
(59, 75)
(59, 208)
(59, 91)
(59, 110)
(60, 143)
(60, 144)
(60, 148)
(60, 156)
(60, 159)
(60, 164)
(60, 174)
(60, 176)
(60, 186)
(60, 96)
(60, 200)
(60, 77)
(60, 210)
(60, 83)
(60, 94)
(60, 224)
(60, 99)
(60, 228)
(60, 103)
(60, 106)
(60, 236)
(60, 119)
(60, 126)
(61, 129)
(61, 130)
(61, 133)
(61, 138)
(61, 146)
(61, 149)
(61, 155)
(61, 167)
(61, 180)
(61, 192)
(61, 65)
(61, 67)
(61, 68)
(61, 206)
(61, 208)
(61, 85)
(61, 87)
(61, 91)
(61, 220)
(61, 105)
(61, 246)
(61, 122)
(62, 128)
(62, 142)
(62, 145)
(62, 152)
(62, 181)
(62, 195)
(62, 200)
(62, 207)
(62, 80)
(62, 89)
(62, 218)
(62, 92)
(62, 94)
(62, 223)
(62, 229)
(62, 108)
(62, 237)
(62, 116)
(62, 118)
(62, 127)
(63, 70)
(63, 137)
(63, 109)
(63, 110)
(63, 176)
(63, 209)
(63, 114)
(63, 211)
(63, 244)
(63, 153)
(64, 134)
(64, 135)
(64, 150)
(64, 153)
(64, 165)
(64, 168)
(64, 193)
(64, 194)
(64, 70)
(64, 71)
(64, 72)
(64, 201)
(64, 75)
(64, 213)
(64, 216)
(64, 219)
(64, 100)
(64, 233)
(64, 110)
(65, 129)
(65, 133)
(65, 149)
(65, 155)
(65, 171)
(65, 191)
(65, 192)
(65, 67)
(65, 73)
(65, 203)
(65, 206)
(65, 82)
(65, 212)
(65, 85)
(65, 87)
(65, 222)
(65, 104)
(65, 246)
(65, 124)
(66, 162)
(66, 132)
(66, 102)
(66, 230)
(66, 199)
(66, 136)
(66, 79)
(66, 231)
(66, 175)
(66, 243)
(66, 215)
(66, 111)
(66, 188)
(66, 157)
(66, 101)
(67, 192)
(67, 133)
(67, 104)
(67, 124)
(67, 203)
(67, 206)
(67, 82)
(67, 212)
(67, 149)
(67, 73)
(67, 122)
(67, 220)
(67, 85)
(68, 130)
(68, 137)
(68, 138)
(68, 139)
(68, 167)
(68, 170)
(68, 180)
(68, 182)
(68, 192)
(68, 196)
(68, 87)
(68, 91)
(68, 220)
(68, 105)
(68, 122)
(69, 225)
(69, 162)
(69, 197)
(69, 102)
(69, 231)
(69, 112)
(69, 140)
(69, 78)
(69, 79)
(69, 240)
(69, 113)
(69, 84)
(69, 214)
(69, 215)
(69, 120)
(69, 154)
(70, 134)
(70, 150)
(70, 153)
(70, 165)
(70, 168)
(70, 193)
(70, 194)
(70, 71)
(70, 72)
(70, 201)
(70, 75)
(70, 208)
(70, 216)
(70, 219)
(70, 100)
(70, 233)
(70, 110)
(71, 150)
(71, 146)
(71, 147)
(71, 173)
(71, 178)
(71, 185)
(71, 194)
(71, 201)
(71, 75)
(71, 208)
(71, 216)
(71, 219)
(71, 227)
(71, 100)
(71, 233)
(71, 110)
(71, 241)
(71, 245)
(72, 134)
(72, 135)
(72, 88)
(72, 150)
(72, 151)
(72, 161)
(72, 168)
(72, 193)
(72, 194)
(72, 201)
(72, 75)
(72, 76)
(72, 216)
(72, 219)
(72, 97)
(72, 100)
(72, 232)
(72, 233)
(72, 234)
(72, 235)
(72, 248)
(72, 123)
(72, 125)
(73, 192)
(73, 133)
(73, 104)
(73, 124)
(73, 203)
(73, 206)
(73, 149)
(73, 122)
(73, 220)
(74, 226)
(74, 131)
(74, 202)
(74, 247)
(74, 204)
(74, 141)
(74, 239)
(74, 183)
(74, 93)
(74, 95)
(75, 134)
(75, 150)
(75, 153)
(75, 165)
(75, 168)
(75, 193)
(75, 194)
(75, 201)
(75, 216)
(75, 219)
(75, 100)
(75, 233)
(75, 110)
(76, 136)
(76, 240)
(76, 166)
(76, 173)
(76, 175)
(76, 179)
(76, 185)
(76, 190)
(76, 194)
(76, 97)
(76, 205)
(76, 88)
(76, 225)
(76, 98)
(76, 227)
(76, 101)
(76, 102)
(76, 232)
(76, 233)
(76, 234)
(76, 238)
(76, 111)
(76, 112)
(76, 241)
(76, 121)
(76, 123)
(76, 125)
(77, 224)
(77, 148)
(77, 131)
(77, 228)
(77, 103)
(77, 204)
(77, 236)
(77, 174)
(77, 143)
(77, 176)
(77, 209)
(77, 244)
(77, 119)
(77, 164)
(77, 186)
(77, 126)
(78, 160)
(78, 225)
(78, 162)
(78, 197)
(78, 102)
(78, 231)
(78, 112)
(78, 140)
(78, 240)
(78, 113)
(78, 84)
(78, 214)
(78, 120)
(78, 217)
(78, 154)
(78, 123)
(78, 81)
(79, 162)
(79, 132)
(79, 197)
(79, 102)
(79, 231)
(79, 240)
(79, 113)
(79, 243)
(79, 214)
(79, 215)
(79, 120)
(79, 154)
(79, 188)
(79, 157)
(79, 101)
(80, 128)
(80, 195)
(80, 229)
(80, 145)
(80, 108)
(80, 107)
(80, 172)
(80, 237)
(80, 142)
(80, 177)
(80, 116)
(80, 181)
(80, 184)
(80, 152)
(80, 187)
(80, 221)
(81, 160)
(81, 161)
(81, 235)
(81, 140)
(81, 177)
(81, 84)
(81, 86)
(81, 217)
(81, 184)
(81, 249)
(81, 123)
(81, 221)
(81, 120)
(82, 129)
(82, 203)
(82, 171)
(82, 212)
(82, 85)
(82, 246)
(82, 155)
(82, 222)
(82, 191)
(83, 144)
(83, 152)
(83, 159)
(83, 174)
(83, 186)
(83, 200)
(83, 207)
(83, 92)
(83, 94)
(83, 223)
(83, 96)
(83, 99)
(83, 229)
(83, 106)
(83, 236)
(83, 118)
(83, 127)
(84, 140)
(84, 154)
(84, 160)
(84, 240)
(84, 197)
(84, 88)
(84, 217)
(84, 225)
(84, 102)
(84, 231)
(84, 232)
(84, 234)
(84, 235)
(84, 112)
(84, 113)
(84, 120)
(84, 123)
(85, 129)
(85, 133)
(85, 149)
(85, 155)
(85, 163)
(85, 171)
(85, 178)
(85, 191)
(85, 192)
(85, 203)
(85, 206)
(85, 212)
(85, 87)
(85, 222)
(85, 246)
(86, 128)
(86, 235)
(86, 135)
(86, 142)
(86, 151)
(86, 160)
(86, 161)
(86, 177)
(86, 184)
(86, 217)
(86, 218)
(86, 221)
(86, 232)
(86, 107)
(86, 248)
(86, 249)
(86, 123)
(87, 129)
(87, 130)
(87, 138)
(87, 146)
(87, 149)
(87, 155)
(87, 167)
(87, 178)
(87, 180)
(87, 182)
(87, 192)
(87, 206)
(87, 208)
(87, 91)
(87, 220)
(87, 246)
(87, 122)
(88, 140)
(88, 154)
(88, 160)
(88, 240)
(88, 166)
(88, 175)
(88, 190)
(88, 194)
(88, 197)
(88, 97)
(88, 205)
(88, 225)
(88, 98)
(88, 227)
(88, 101)
(88, 102)
(88, 232)
(88, 234)
(88, 235)
(88, 238)
(88, 111)
(88, 112)
(88, 241)
(88, 121)
(88, 123)
(88, 125)
(89, 128)
(89, 134)
(89, 135)
(89, 142)
(89, 151)
(89, 152)
(89, 165)
(89, 168)
(89, 156)
(89, 184)
(89, 193)
(89, 200)
(89, 207)
(89, 210)
(89, 213)
(89, 218)
(89, 92)
(89, 96)
(89, 248)
(90, 115)
(90, 230)
(90, 198)
(90, 199)
(90, 169)
(90, 238)
(90, 175)
(90, 179)
(90, 121)
(90, 111)
(90, 189)
(90, 190)
(91, 130)
(91, 137)
(91, 138)
(91, 146)
(91, 149)
(91, 167)
(91, 178)
(91, 180)
(91, 182)
(91, 192)
(91, 206)
(91, 208)
(91, 105)
(92, 128)
(92, 142)
(92, 143)
(92, 144)
(92, 148)
(92, 152)
(92, 156)
(92, 159)
(92, 186)
(92, 195)
(92, 200)
(92, 207)
(92, 210)
(92, 218)
(92, 94)
(92, 223)
(92, 96)
(92, 99)
(92, 229)
(92, 106)
(92, 118)
(92, 127)
(93, 131)
(93, 141)
(93, 158)
(93, 183)
(93, 202)
(93, 204)
(93, 209)
(93, 211)
(93, 95)
(93, 226)
(93, 109)
(93, 239)
(93, 114)
(93, 117)
(93, 247)
(94, 152)
(94, 159)
(94, 174)
(94, 186)
(94, 200)
(94, 207)
(94, 223)
(94, 96)
(94, 144)
(94, 99)
(94, 229)
(94, 106)
(94, 118)
(94, 127)
(95, 131)
(95, 141)
(95, 158)
(95, 183)
(95, 202)
(95, 204)
(95, 209)
(95, 211)
(95, 226)
(95, 109)
(95, 239)
(95, 114)
(95, 247)
(96, 143)
(96, 148)
(96, 152)
(96, 156)
(96, 174)
(96, 186)
(96, 159)
(96, 200)
(96, 207)
(96, 210)
(96, 213)
(96, 224)
(96, 144)
(96, 99)
(96, 228)
(96, 103)
(96, 106)
(96, 236)
(97, 147)
(97, 150)
(97, 166)
(97, 173)
(97, 175)
(97, 179)
(97, 185)
(97, 190)
(97, 194)
(97, 205)
(97, 98)
(97, 227)
(97, 232)
(97, 233)
(97, 234)
(97, 238)
(97, 111)
(97, 241)
(97, 245)
(97, 121)
(97, 125)
(98, 147)
(98, 163)
(98, 166)
(98, 173)
(98, 175)
(98, 179)
(98, 185)
(98, 190)
(98, 194)
(98, 198)
(98, 205)
(98, 227)
(98, 233)
(98, 234)
(98, 238)
(98, 111)
(98, 241)
(98, 115)
(98, 245)
(98, 121)
(98, 125)
(99, 143)
(99, 148)
(99, 152)
(99, 159)
(99, 174)
(99, 186)
(99, 200)
(99, 207)
(99, 210)
(99, 223)
(99, 144)
(99, 228)
(99, 229)
(99, 106)
(99, 236)
(99, 118)
(99, 127)
(100, 134)
(100, 150)
(100, 153)
(100, 165)
(100, 168)
(100, 193)
(100, 194)
(100, 201)
(100, 216)
(100, 219)
(100, 233)
(100, 110)
(101, 132)
(101, 136)
(101, 154)
(101, 157)
(101, 112)
(101, 162)
(101, 166)
(101, 175)
(101, 115)
(101, 188)
(101, 189)
(101, 190)
(101, 197)
(101, 199)
(101, 205)
(101, 215)
(101, 225)
(101, 102)
(101, 230)
(101, 231)
(101, 234)
(101, 238)
(101, 111)
(101, 240)
(101, 243)
(101, 121)
(102, 132)
(102, 136)
(102, 140)
(102, 154)
(102, 157)
(102, 112)
(102, 162)
(102, 166)
(102, 175)
(102, 188)
(102, 190)
(102, 197)
(102, 205)
(102, 214)
(102, 215)
(102, 225)
(102, 231)
(102, 232)
(102, 234)
(102, 111)
(102, 240)
(102, 113)
(102, 120)
(102, 123)
(103, 143)
(103, 148)
(103, 156)
(103, 164)
(103, 174)
(103, 176)
(103, 186)
(103, 200)
(103, 204)
(103, 209)
(103, 210)
(103, 211)
(103, 213)
(103, 224)
(103, 228)
(103, 236)
(103, 244)
(103, 119)
(103, 126)
(104, 192)
(104, 133)
(104, 124)
(104, 203)
(104, 206)
(104, 149)
(104, 122)
(104, 220)
(105, 192)
(105, 130)
(105, 196)
(105, 167)
(105, 170)
(105, 139)
(105, 180)
(105, 182)
(105, 122)
(105, 220)
(105, 138)
(106, 228)
(106, 229)
(106, 200)
(106, 127)
(106, 236)
(106, 174)
(106, 144)
(106, 118)
(106, 186)
(106, 159)
(106, 223)
(107, 128)
(107, 195)
(107, 145)
(107, 108)
(107, 172)
(107, 237)
(107, 177)
(107, 181)
(107, 184)
(107, 249)
(107, 187)
(107, 221)
(108, 195)
(108, 229)
(108, 145)
(108, 172)
(108, 237)
(108, 177)
(108, 242)
(108, 116)
(108, 181)
(108, 187)
(109, 131)
(109, 141)
(109, 176)
(109, 158)
(109, 183)
(109, 202)
(109, 204)
(109, 209)
(109, 211)
(109, 226)
(109, 239)
(109, 114)
(109, 244)
(109, 117)
(109, 247)
(110, 137)
(110, 146)
(110, 150)
(110, 153)
(110, 167)
(110, 193)
(110, 208)
(110, 216)
(110, 219)
(111, 132)
(111, 136)
(111, 157)
(111, 166)
(111, 175)
(111, 179)
(111, 188)
(111, 189)
(111, 190)
(111, 199)
(111, 205)
(111, 215)
(111, 225)
(111, 227)
(111, 230)
(111, 234)
(111, 238)
(111, 240)
(111, 115)
(111, 121)
(111, 125)
(112, 136)
(112, 140)
(112, 154)
(112, 160)
(112, 162)
(112, 166)
(112, 197)
(112, 205)
(112, 215)
(112, 225)
(112, 231)
(112, 232)
(112, 234)
(112, 235)
(112, 240)
(112, 113)
(112, 120)
(112, 123)
(113, 140)
(113, 154)
(113, 160)
(113, 162)
(113, 197)
(113, 214)
(113, 215)
(113, 225)
(113, 231)
(113, 234)
(113, 240)
(113, 120)
(113, 123)
(114, 176)
(114, 158)
(114, 137)
(114, 196)
(114, 183)
(114, 204)
(114, 209)
(114, 211)
(114, 226)
(114, 244)
(114, 117)
(114, 247)
(115, 136)
(115, 157)
(115, 166)
(115, 169)
(115, 175)
(115, 179)
(115, 189)
(115, 190)
(115, 198)
(115, 199)
(115, 227)
(115, 230)
(115, 238)
(115, 121)
(116, 128)
(116, 145)
(116, 152)
(116, 172)
(116, 181)
(116, 187)
(116, 195)
(116, 207)
(116, 223)
(116, 229)
(116, 237)
(116, 242)
(116, 118)
(116, 127)
(117, 226)
(117, 139)
(117, 196)
(117, 170)
(117, 247)
(117, 183)
(117, 202)
(117, 158)
(118, 229)
(118, 200)
(118, 127)
(118, 207)
(118, 144)
(118, 152)
(118, 223)
(118, 159)
(119, 224)
(119, 148)
(119, 131)
(119, 228)
(119, 204)
(119, 236)
(119, 174)
(119, 143)
(119, 176)
(119, 209)
(119, 244)
(119, 164)
(119, 186)
(119, 126)
(120, 160)
(120, 225)
(120, 162)
(120, 197)
(120, 231)
(120, 140)
(120, 240)
(120, 214)
(120, 217)
(120, 154)
(120, 123)
(121, 136)
(121, 147)
(121, 163)
(121, 166)
(121, 169)
(121, 173)
(121, 175)
(121, 179)
(121, 185)
(121, 189)
(121, 190)
(121, 198)
(121, 199)
(121, 205)
(121, 227)
(121, 230)
(121, 234)
(121, 238)
(121, 241)
(121, 245)
(121, 125)
(122, 192)
(122, 130)
(122, 133)
(122, 124)
(122, 203)
(122, 206)
(122, 149)
(122, 220)
(123, 135)
(123, 140)
(123, 151)
(123, 154)
(123, 160)
(123, 161)
(123, 197)
(123, 205)
(123, 217)
(123, 225)
(123, 232)
(123, 234)
(123, 235)
(123, 240)
(123, 248)
(124, 192)
(124, 133)
(124, 203)
(124, 206)
(124, 149)
(124, 220)
(125, 150)
(125, 166)
(125, 173)
(125, 175)
(125, 179)
(125, 185)
(125, 190)
(125, 194)
(125, 201)
(125, 205)
(125, 225)
(125, 227)
(125, 232)
(125, 233)
(125, 234)
(125, 238)
(125, 241)
(125, 147)
(125, 245)
(126, 224)
(126, 228)
(126, 204)
(126, 236)
(126, 174)
(126, 164)
(126, 186)
(127, 195)
(127, 229)
(127, 200)
(127, 207)
(127, 144)
(127, 145)
(127, 181)
(127, 152)
(127, 159)
(127, 223)
(128, 135)
(128, 142)
(128, 145)
(128, 151)
(128, 152)
(128, 161)
(128, 181)
(128, 184)
(128, 195)
(128, 207)
(128, 218)
(128, 221)
(128, 237)
(128, 248)
(129, 146)
(129, 147)
(129, 149)
(129, 155)
(129, 163)
(129, 169)
(129, 171)
(129, 173)
(129, 178)
(129, 191)
(129, 192)
(129, 198)
(129, 206)
(129, 212)
(129, 222)
(129, 245)
(129, 246)
(130, 138)
(130, 149)
(130, 167)
(130, 180)
(130, 182)
(130, 192)
(130, 206)
(130, 220)
(131, 226)
(131, 202)
(131, 183)
(131, 204)
(131, 141)
(131, 239)
(131, 209)
(131, 247)
(132, 136)
(132, 154)
(132, 157)
(132, 162)
(132, 166)
(132, 175)
(132, 188)
(132, 197)
(132, 199)
(132, 214)
(132, 215)
(132, 230)
(132, 231)
(132, 240)
(132, 243)
(133, 192)
(133, 203)
(133, 206)
(133, 212)
(133, 149)
(133, 220)
(134, 135)
(134, 150)
(134, 151)
(134, 153)
(134, 161)
(134, 165)
(134, 168)
(134, 193)
(134, 194)
(134, 201)
(134, 216)
(134, 218)
(134, 219)
(134, 232)
(134, 233)
(134, 235)
(134, 248)
(135, 142)
(135, 151)
(135, 160)
(135, 161)
(135, 165)
(135, 168)
(135, 184)
(135, 193)
(135, 201)
(135, 218)
(135, 221)
(135, 232)
(135, 235)
(135, 248)
(136, 154)
(136, 157)
(136, 162)
(136, 166)
(136, 175)
(136, 188)
(136, 189)
(136, 190)
(136, 197)
(136, 199)
(136, 205)
(136, 215)
(136, 225)
(136, 230)
(136, 231)
(136, 234)
(136, 238)
(136, 240)
(137, 138)
(137, 139)
(137, 196)
(137, 167)
(137, 170)
(137, 180)
(137, 182)
(137, 208)
(138, 139)
(138, 146)
(138, 167)
(138, 170)
(138, 180)
(138, 182)
(138, 192)
(138, 196)
(138, 208)
(139, 196)
(139, 167)
(139, 170)
(139, 182)
(139, 158)
(140, 154)
(140, 160)
(140, 197)
(140, 205)
(140, 217)
(140, 225)
(140, 231)
(140, 232)
(140, 234)
(140, 235)
(140, 240)
(141, 226)
(141, 202)
(141, 247)
(141, 204)
(141, 239)
(141, 183)
(142, 151)
(142, 152)
(142, 161)
(142, 168)
(142, 156)
(142, 184)
(142, 195)
(142, 200)
(142, 207)
(142, 210)
(142, 218)
(142, 221)
(142, 248)
(143, 144)
(143, 148)
(143, 153)
(143, 156)
(143, 176)
(143, 165)
(143, 174)
(143, 186)
(143, 159)
(143, 200)
(143, 210)
(143, 213)
(143, 224)
(143, 228)
(143, 236)
(143, 244)
(144, 148)
(144, 152)
(144, 159)
(144, 156)
(144, 174)
(144, 186)
(144, 200)
(144, 207)
(144, 210)
(144, 223)
(144, 228)
(144, 229)
(144, 236)
(145, 195)
(145, 229)
(145, 172)
(145, 237)
(145, 177)
(145, 242)
(145, 181)
(145, 187)
(146, 147)
(146, 150)
(146, 167)
(146, 178)
(146, 180)
(146, 185)
(146, 192)
(146, 208)
(146, 233)
(146, 245)
(146, 246)
(147, 155)
(147, 163)
(147, 169)
(147, 171)
(147, 173)
(147, 178)
(147, 179)
(147, 185)
(147, 198)
(147, 227)
(147, 233)
(147, 238)
(147, 241)
(147, 245)
(147, 246)
(148, 153)
(148, 156)
(148, 176)
(148, 165)
(148, 174)
(148, 186)
(148, 159)
(148, 200)
(148, 210)
(148, 213)
(148, 224)
(148, 228)
(148, 236)
(148, 244)
(149, 155)
(149, 180)
(149, 191)
(149, 192)
(149, 203)
(149, 206)
(149, 220)
(149, 246)
(150, 168)
(150, 173)
(150, 178)
(150, 185)
(150, 193)
(150, 194)
(150, 201)
(150, 208)
(150, 216)
(150, 219)
(150, 233)
(150, 241)
(151, 160)
(151, 161)
(151, 168)
(151, 184)
(151, 218)
(151, 221)
(151, 232)
(151, 235)
(151, 248)
(151, 249)
(152, 156)
(152, 181)
(152, 195)
(152, 200)
(152, 207)
(152, 210)
(152, 218)
(152, 223)
(152, 229)
(153, 156)
(153, 165)
(153, 168)
(153, 193)
(153, 201)
(153, 210)
(153, 213)
(153, 216)
(153, 219)
(153, 244)
(154, 160)
(154, 162)
(154, 166)
(154, 175)
(154, 197)
(154, 205)
(154, 214)
(154, 215)
(154, 225)
(154, 231)
(154, 232)
(154, 234)
(154, 240)
(155, 163)
(155, 169)
(155, 171)
(155, 173)
(155, 178)
(155, 191)
(155, 192)
(155, 198)
(155, 206)
(155, 212)
(155, 222)
(155, 245)
(155, 246)
(156, 165)
(156, 168)
(156, 186)
(156, 193)
(156, 200)
(156, 207)
(156, 210)
(156, 213)
(156, 218)
(157, 162)
(157, 166)
(157, 175)
(157, 188)
(157, 189)
(157, 190)
(157, 199)
(157, 215)
(157, 230)
(157, 231)
(157, 238)
(157, 240)
(157, 243)
(158, 170)
(158, 183)
(158, 196)
(158, 202)
(158, 211)
(158, 226)
(158, 239)
(158, 247)
(159, 174)
(159, 186)
(159, 200)
(159, 223)
(159, 228)
(159, 236)
(160, 161)
(160, 184)
(160, 217)
(160, 221)
(160, 225)
(160, 232)
(160, 234)
(160, 235)
(160, 248)
(160, 249)
(161, 168)
(161, 184)
(161, 217)
(161, 218)
(161, 221)
(161, 232)
(161, 235)
(161, 248)
(161, 249)
(162, 240)
(162, 188)
(162, 197)
(162, 214)
(162, 215)
(162, 225)
(162, 231)
(162, 243)
(163, 169)
(163, 171)
(163, 173)
(163, 178)
(163, 179)
(163, 185)
(163, 191)
(163, 198)
(163, 227)
(163, 241)
(163, 245)
(163, 246)
(164, 224)
(164, 228)
(164, 204)
(164, 236)
(164, 174)
(164, 176)
(164, 209)
(164, 244)
(164, 186)
(165, 168)
(165, 193)
(165, 201)
(165, 210)
(165, 213)
(165, 216)
(165, 218)
(165, 219)
(166, 173)
(166, 175)
(166, 179)
(166, 185)
(166, 188)
(166, 189)
(166, 190)
(166, 199)
(166, 205)
(166, 215)
(166, 225)
(166, 227)
(166, 230)
(166, 234)
(166, 238)
(166, 240)
(166, 241)
(167, 178)
(167, 180)
(167, 182)
(167, 192)
(167, 196)
(167, 208)
(168, 193)
(168, 194)
(168, 201)
(168, 216)
(168, 218)
(168, 219)
(168, 248)
(169, 171)
(169, 173)
(169, 179)
(169, 189)
(169, 191)
(169, 198)
(169, 199)
(169, 222)
(169, 230)
(169, 238)
(169, 245)
(169, 246)
(170, 196)
(170, 182)
(171, 191)
(171, 198)
(171, 212)
(171, 222)
(171, 245)
(171, 246)
(172, 195)
(172, 237)
(172, 177)
(172, 242)
(172, 181)
(172, 187)
(172, 221)
(173, 178)
(173, 179)
(173, 185)
(173, 190)
(173, 194)
(173, 198)
(173, 227)
(173, 233)
(173, 238)
(173, 241)
(173, 245)
(173, 246)
(174, 186)
(174, 200)
(174, 224)
(174, 228)
(174, 236)
(175, 179)
(175, 188)
(175, 189)
(175, 190)
(175, 197)
(175, 199)
(175, 205)
(175, 215)
(175, 225)
(175, 227)
(175, 230)
(175, 234)
(175, 238)
(175, 240)
(176, 183)
(176, 186)
(176, 247)
(176, 204)
(176, 209)
(176, 211)
(176, 213)
(176, 224)
(176, 228)
(176, 244)
(177, 237)
(177, 217)
(177, 184)
(177, 249)
(177, 221)
(178, 180)
(178, 185)
(178, 208)
(178, 227)
(178, 233)
(178, 241)
(178, 245)
(178, 246)
(179, 185)
(179, 189)
(179, 190)
(179, 198)
(179, 199)
(179, 227)
(179, 230)
(179, 238)
(179, 241)
(179, 245)
(180, 182)
(180, 192)
(180, 206)
(180, 208)
(181, 195)
(181, 229)
(181, 237)
(181, 242)
(181, 187)
(181, 223)
(182, 196)
(183, 202)
(183, 204)
(183, 209)
(183, 211)
(183, 226)
(183, 239)
(183, 244)
(183, 247)
(184, 235)
(184, 218)
(184, 221)
(184, 248)
(184, 249)
(184, 217)
(185, 190)
(185, 194)
(185, 198)
(185, 201)
(185, 216)
(185, 227)
(185, 233)
(185, 238)
(185, 241)
(185, 245)
(186, 200)
(186, 210)
(186, 213)
(186, 224)
(186, 228)
(186, 236)
(187, 195)
(187, 229)
(187, 237)
(187, 242)
(188, 199)
(188, 215)
(188, 230)
(188, 231)
(188, 240)
(188, 243)
(189, 190)
(189, 198)
(189, 199)
(189, 230)
(189, 238)
(190, 199)
(190, 205)
(190, 225)
(190, 227)
(190, 230)
(190, 234)
(190, 238)
(190, 240)
(190, 241)
(191, 198)
(191, 203)
(191, 212)
(191, 222)
(191, 246)
(192, 203)
(192, 206)
(192, 220)
(193, 201)
(193, 210)
(193, 213)
(193, 216)
(193, 219)
(194, 201)
(194, 205)
(194, 216)
(194, 219)
(194, 227)
(194, 232)
(194, 233)
(194, 234)
(194, 241)
(194, 245)
(195, 207)
(195, 218)
(195, 221)
(195, 223)
(195, 229)
(195, 237)
(197, 240)
(197, 205)
(197, 214)
(197, 215)
(197, 225)
(197, 231)
(197, 234)
(198, 222)
(198, 227)
(198, 238)
(198, 241)
(198, 245)
(198, 246)
(199, 230)
(199, 238)
(200, 207)
(200, 210)
(200, 213)
(200, 218)
(200, 223)
(200, 228)
(200, 236)
(201, 216)
(201, 219)
(201, 233)
(201, 241)
(202, 226)
(202, 239)
(202, 247)
(203, 206)
(203, 212)
(204, 247)
(204, 209)
(204, 211)
(204, 224)
(204, 226)
(204, 239)
(204, 244)
(205, 240)
(205, 225)
(205, 227)
(205, 232)
(205, 234)
(205, 238)
(205, 241)
(206, 220)
(207, 210)
(207, 218)
(207, 223)
(207, 229)
(209, 247)
(209, 211)
(209, 224)
(209, 244)
(210, 213)
(210, 218)
(211, 224)
(211, 226)
(211, 244)
(211, 247)
(212, 246)
(212, 222)
(213, 244)
(214, 231)
(214, 240)
(214, 243)
(214, 215)
(215, 240)
(215, 225)
(215, 231)
(215, 243)
(216, 219)
(216, 233)
(216, 241)
(217, 235)
(217, 249)
(217, 221)
(218, 248)
(219, 233)
(221, 235)
(221, 237)
(221, 248)
(221, 249)
(222, 246)
(223, 229)
(224, 228)
(224, 236)
(224, 244)
(225, 240)
(225, 231)
(225, 232)
(225, 234)
(225, 235)
(226, 239)
(226, 247)
(227, 233)
(227, 234)
(227, 238)
(227, 241)
(227, 245)
(228, 236)
(229, 237)
(229, 242)
(230, 238)
(231, 240)
(231, 243)
(232, 240)
(232, 234)
(232, 235)
(232, 248)
(233, 241)
(233, 245)
(234, 240)
(234, 241)
(234, 235)
(234, 238)
(235, 248)
(235, 249)
(237, 242)
(238, 241)
(238, 245)
(239, 247)
(241, 245)
(244, 247)
(245, 246)
