#Nodes
0
1
2
3
4
5
6
7
8
9
10
11
12
13
14
15
16
17
18
19
20
21
22
23
24
25
26
27
28
29
30
31
32
33
34
35
36
37
38
39
40
41
42
43
44
45
46
47
48
49
50
51
52
53
54
55
56
57
58
59
60
61
62
63
64
65
66
67
68
69
70
71
72
73
74
75
76
77
78
79
80
81
82
83
84
85
86
87
88
89
90
91
92
93
94
95
96
97
98
99
#Edges
(0, 66)
(0, 34)
(0, 36)
(0, 6)
(0, 39)
(0, 41)
(0, 13)
(0, 77)
(0, 47)
(0, 16)
(0, 85)
(0, 29)
(0, 30)
(1, 19)
(1, 97)
(1, 99)
(1, 69)
(1, 42)
(1, 50)
(1, 35)
(1, 20)
(1, 54)
(1, 89)
(1, 5)
(1, 93)
(1, 95)
(2, 96)
(2, 35)
(2, 66)
(2, 99)
(2, 37)
(2, 19)
(2, 41)
(2, 42)
(2, 11)
(2, 76)
(2, 13)
(2, 16)
(2, 50)
(2, 51)
(2, 84)
(2, 85)
(2, 52)
(2, 30)
(3, 56)
(3, 57)
(3, 62)
(4, 78)
(4, 49)
(4, 83)
(4, 14)
(4, 23)
(4, 26)
(4, 61)
(4, 94)
(5, 97)
(5, 99)
(5, 68)
(5, 69)
(5, 42)
(5, 46)
(5, 50)
(5, 19)
(5, 89)
(6, 66)
(6, 34)
(6, 73)
(6, 44)
(6, 77)
(6, 16)
(6, 84)
(6, 85)
(6, 41)
(6, 24)
(6, 52)
(6, 90)
(6, 28)
(6, 30)
(7, 98)
(7, 71)
(7, 72)
(7, 9)
(7, 15)
(7, 8)
(7, 91)
(8, 71)
(8, 12)
(8, 44)
(8, 15)
(8, 22)
(8, 9)
(8, 90)
(8, 91)
(8, 60)
(9, 71)
(9, 12)
(9, 15)
(9, 22)
(9, 91)
(9, 60)
(10, 64)
(10, 97)
(10, 68)
(10, 69)
(10, 70)
(10, 65)
(10, 74)
(10, 43)
(10, 45)
(10, 48)
(10, 25)
(10, 93)
(11, 96)
(11, 19)
(11, 35)
(11, 37)
(11, 42)
(11, 75)
(11, 76)
(11, 18)
(11, 50)
(11, 51)
(11, 52)
(11, 21)
(11, 54)
(12, 73)
(12, 44)
(12, 15)
(12, 84)
(12, 22)
(12, 90)
(12, 60)
(13, 19)
(13, 35)
(13, 66)
(13, 99)
(13, 37)
(13, 39)
(13, 41)
(13, 42)
(13, 47)
(13, 16)
(13, 50)
(13, 51)
(13, 52)
(13, 85)
(13, 92)
(13, 30)
(14, 78)
(14, 49)
(14, 83)
(14, 23)
(14, 26)
(14, 61)
(14, 94)
(14, 63)
(15, 72)
(15, 71)
(15, 22)
(15, 91)
(15, 60)
(16, 66)
(16, 34)
(16, 37)
(16, 73)
(16, 44)
(16, 77)
(16, 47)
(16, 51)
(16, 84)
(16, 85)
(16, 41)
(16, 52)
(16, 90)
(16, 30)
(17, 33)
(17, 81)
(17, 82)
(17, 53)
(17, 86)
(17, 55)
(17, 31)
(18, 96)
(18, 67)
(18, 40)
(18, 75)
(18, 80)
(18, 81)
(18, 20)
(18, 21)
(18, 54)
(18, 87)
(18, 55)
(18, 58)
(19, 96)
(19, 35)
(19, 99)
(19, 37)
(19, 42)
(19, 50)
(19, 51)
(19, 54)
(19, 30)
(20, 97)
(20, 54)
(20, 33)
(20, 40)
(20, 75)
(20, 81)
(20, 53)
(20, 86)
(20, 87)
(20, 55)
(20, 58)
(20, 21)
(20, 95)
(21, 96)
(21, 33)
(21, 67)
(21, 40)
(21, 75)
(21, 81)
(21, 53)
(21, 54)
(21, 87)
(21, 55)
(21, 58)
(21, 95)
(22, 90)
(22, 91)
(22, 60)
(23, 36)
(23, 39)
(23, 78)
(23, 29)
(23, 49)
(23, 83)
(23, 88)
(23, 26)
(23, 59)
(23, 92)
(23, 61)
(23, 94)
(23, 63)
(24, 98)
(24, 44)
(24, 34)
(24, 77)
(24, 28)
(25, 64)
(25, 97)
(25, 68)
(25, 69)
(25, 70)
(25, 65)
(25, 74)
(25, 43)
(25, 45)
(25, 48)
(25, 93)
(26, 36)
(26, 78)
(26, 29)
(26, 49)
(26, 83)
(26, 61)
(26, 94)
(26, 63)
(27, 32)
(27, 67)
(27, 38)
(27, 79)
(27, 80)
(27, 81)
(27, 82)
(27, 87)
(28, 66)
(28, 73)
(28, 44)
(28, 34)
(28, 77)
(29, 36)
(29, 39)
(29, 41)
(29, 78)
(29, 47)
(29, 83)
(29, 88)
(29, 92)
(29, 61)
(29, 63)
(30, 35)
(30, 66)
(30, 99)
(30, 37)
(30, 73)
(30, 77)
(30, 47)
(30, 34)
(30, 50)
(30, 51)
(30, 84)
(30, 85)
(30, 41)
(30, 52)
(31, 64)
(31, 65)
(31, 70)
(31, 43)
(31, 45)
(31, 53)
(31, 86)
(32, 67)
(32, 40)
(32, 55)
(32, 79)
(32, 80)
(32, 81)
(32, 82)
(32, 53)
(32, 87)
(32, 58)
(33, 97)
(33, 54)
(33, 40)
(33, 75)
(33, 45)
(33, 81)
(33, 53)
(33, 86)
(33, 87)
(33, 55)
(33, 58)
(33, 95)
(34, 66)
(34, 73)
(34, 44)
(34, 77)
(34, 47)
(34, 84)
(34, 85)
(34, 41)
(35, 96)
(35, 99)
(35, 37)
(35, 42)
(35, 50)
(35, 51)
(35, 54)
(36, 39)
(36, 47)
(36, 83)
(36, 61)
(36, 63)
(37, 96)
(37, 99)
(37, 41)
(37, 42)
(37, 76)
(37, 50)
(37, 51)
(37, 84)
(37, 85)
(37, 54)
(37, 52)
(38, 80)
(38, 79)
(39, 41)
(39, 78)
(39, 47)
(39, 49)
(39, 46)
(39, 88)
(39, 59)
(39, 92)
(39, 94)
(39, 63)
(40, 67)
(40, 75)
(40, 80)
(40, 81)
(40, 53)
(40, 54)
(40, 87)
(40, 55)
(40, 58)
(40, 95)
(41, 66)
(41, 99)
(41, 73)
(41, 77)
(41, 47)
(41, 50)
(41, 84)
(41, 85)
(41, 52)
(42, 96)
(42, 99)
(42, 50)
(42, 51)
(42, 54)
(42, 89)
(42, 95)
(43, 64)
(43, 65)
(43, 70)
(43, 74)
(43, 45)
(44, 66)
(44, 73)
(44, 77)
(44, 84)
(44, 85)
(44, 52)
(44, 90)
(45, 64)
(45, 97)
(45, 68)
(45, 70)
(45, 65)
(45, 74)
(45, 93)
(45, 95)
(46, 49)
(46, 88)
(46, 89)
(46, 59)
(46, 92)
(46, 94)
(46, 63)
(47, 66)
(47, 77)
(47, 85)
(48, 97)
(48, 68)
(48, 69)
(48, 70)
(48, 74)
(48, 93)
(49, 78)
(49, 83)
(49, 88)
(49, 59)
(49, 92)
(49, 61)
(49, 94)
(49, 63)
(50, 96)
(50, 99)
(50, 51)
(50, 54)
(51, 96)
(51, 99)
(51, 76)
(51, 52)
(51, 85)
(51, 54)
(52, 96)
(52, 66)
(52, 73)
(52, 76)
(52, 77)
(52, 84)
(52, 85)
(52, 90)
(53, 55)
(53, 81)
(53, 82)
(53, 86)
(53, 87)
(53, 58)
(53, 95)
(54, 96)
(54, 75)
(54, 87)
(54, 58)
(54, 95)
(55, 75)
(55, 81)
(55, 82)
(55, 86)
(55, 87)
(55, 58)
(55, 95)
(56, 76)
(56, 62)
(57, 60)
(57, 62)
(58, 67)
(58, 75)
(58, 80)
(58, 81)
(58, 86)
(58, 87)
(58, 95)
(59, 78)
(59, 88)
(59, 92)
(59, 94)
(59, 63)
(60, 90)
(60, 62)
(61, 83)
(61, 78)
(61, 94)
(61, 63)
(63, 83)
(63, 78)
(63, 88)
(63, 92)
(63, 94)
(64, 65)
(64, 70)
(64, 74)
(65, 70)
(65, 74)
(66, 73)
(66, 77)
(66, 84)
(66, 85)
(66, 90)
(67, 75)
(67, 80)
(67, 81)
(67, 87)
(68, 97)
(68, 69)
(68, 70)
(68, 74)
(68, 89)
(68, 93)
(69, 97)
(69, 74)
(69, 89)
(69, 93)
(70, 97)
(70, 74)
(70, 93)
(71, 98)
(71, 72)
(71, 91)
(72, 98)
(72, 91)
(73, 77)
(73, 84)
(73, 85)
(73, 90)
(74, 97)
(74, 93)
(75, 96)
(75, 80)
(75, 81)
(75, 87)
(75, 95)
(76, 96)
(77, 84)
(77, 85)
(78, 83)
(78, 88)
(78, 92)
(78, 94)
(79, 80)
(80, 81)
(80, 82)
(80, 87)
(81, 82)
(81, 86)
(81, 87)
(82, 86)
(82, 87)
(84, 85)
(84, 90)
(85, 90)
(86, 87)
(88, 92)
(88, 94)
(89, 97)
(89, 93)
(92, 99)
(92, 94)
(93, 97)
(95, 97)
(96, 99)
