#Nodes
0
1
2
3
4
5
6
7
8
9
10
11
12
13
14
15
16
17
18
19
20
21
22
23
24
25
26
27
28
29
30
31
32
33
34
35
36
37
38
39
40
41
42
43
44
45
46
47
48
49
50
51
52
53
54
55
56
57
58
59
60
61
62
63
64
65
66
67
68
69
70
71
72
73
74
75
76
77
78
79
80
81
82
83
84
85
86
87
88
89
90
91
92
93
94
95
96
97
98
99
100
101
102
103
104
105
106
107
108
109
110
111
112
113
114
115
116
117
118
119
120
121
122
123
124
125
126
127
128
129
130
131
132
133
134
135
136
137
138
139
140
141
142
143
144
145
146
147
148
149
150
151
152
153
154
155
156
157
158
159
160
161
162
163
164
165
166
167
168
169
170
171
172
173
174
175
176
177
178
179
180
181
182
183
184
185
186
187
188
189
190
191
192
193
194
195
196
197
198
199
200
201
202
203
204
205
206
207
208
209
210
211
212
213
214
215
216
217
218
219
220
221
222
223
224
225
226
227
228
229
230
231
232
233
234
235
236
237
238
239
240
241
242
243
244
245
246
247
248
249
#Edges
(0, 134)
(0, 138)
(0, 12)
(0, 143)
(0, 24)
(0, 147)
(0, 110)
(0, 22)
(0, 152)
(0, 31)
(0, 32)
(0, 36)
(0, 41)
(0, 171)
(0, 45)
(0, 174)
(0, 94)
(0, 185)
(0, 10)
(0, 67)
(0, 76)
(0, 206)
(0, 209)
(0, 105)
(0, 221)
(0, 222)
(0, 99)
(0, 229)
(0, 233)
(0, 234)
(0, 46)
(0, 238)
(0, 111)
(0, 241)
(0, 114)
(0, 19)
(0, 116)
(0, 117)
(0, 118)
(0, 247)
(0, 120)
(0, 126)
(1, 132)
(1, 8)
(1, 137)
(1, 16)
(1, 148)
(1, 164)
(1, 166)
(1, 187)
(1, 60)
(1, 191)
(1, 71)
(1, 200)
(1, 201)
(1, 204)
(1, 82)
(1, 219)
(1, 97)
(1, 98)
(1, 100)
(1, 232)
(1, 248)
(1, 127)
(2, 130)
(2, 131)
(2, 165)
(2, 198)
(2, 136)
(2, 17)
(2, 84)
(2, 122)
(2, 124)
(2, 133)
(3, 129)
(3, 132)
(3, 14)
(3, 159)
(3, 164)
(3, 166)
(3, 39)
(3, 40)
(3, 42)
(3, 171)
(3, 176)
(3, 185)
(3, 186)
(3, 191)
(3, 66)
(3, 196)
(3, 200)
(3, 202)
(3, 207)
(3, 82)
(3, 213)
(3, 91)
(3, 95)
(3, 97)
(3, 98)
(3, 240)
(4, 138)
(4, 11)
(4, 13)
(4, 14)
(4, 23)
(4, 152)
(4, 153)
(4, 155)
(4, 159)
(4, 162)
(4, 171)
(4, 175)
(4, 181)
(4, 182)
(4, 183)
(4, 188)
(4, 66)
(4, 196)
(4, 202)
(4, 205)
(4, 206)
(4, 207)
(4, 211)
(4, 212)
(4, 214)
(4, 88)
(4, 220)
(4, 93)
(4, 228)
(4, 229)
(4, 105)
(4, 109)
(4, 116)
(4, 245)
(5, 20)
(5, 151)
(5, 29)
(5, 160)
(5, 38)
(5, 43)
(5, 52)
(5, 56)
(5, 189)
(5, 67)
(5, 246)
(5, 75)
(5, 208)
(5, 81)
(5, 87)
(5, 90)
(5, 225)
(5, 227)
(5, 102)
(5, 236)
(5, 115)
(5, 244)
(5, 118)
(5, 247)
(5, 120)
(6, 50)
(6, 101)
(6, 231)
(6, 9)
(6, 7)
(6, 108)
(6, 77)
(6, 113)
(6, 146)
(6, 243)
(6, 181)
(6, 54)
(6, 183)
(6, 153)
(6, 58)
(6, 37)
(6, 157)
(6, 245)
(7, 64)
(7, 65)
(7, 83)
(7, 113)
(7, 69)
(7, 58)
(7, 231)
(7, 139)
(7, 50)
(7, 177)
(7, 146)
(7, 179)
(7, 154)
(7, 249)
(7, 218)
(7, 92)
(7, 157)
(7, 37)
(8, 132)
(8, 137)
(8, 16)
(8, 148)
(8, 33)
(8, 166)
(8, 48)
(8, 57)
(8, 187)
(8, 60)
(8, 191)
(8, 71)
(8, 200)
(8, 201)
(8, 204)
(8, 82)
(8, 215)
(8, 217)
(8, 219)
(8, 223)
(8, 100)
(8, 230)
(8, 232)
(8, 104)
(8, 248)
(8, 127)
(9, 11)
(9, 146)
(9, 150)
(9, 26)
(9, 157)
(9, 162)
(9, 37)
(9, 178)
(9, 50)
(9, 179)
(9, 54)
(9, 183)
(9, 58)
(9, 63)
(9, 64)
(9, 203)
(9, 205)
(9, 78)
(9, 88)
(9, 220)
(9, 231)
(9, 113)
(9, 245)
(10, 12)
(10, 19)
(10, 238)
(10, 22)
(10, 24)
(10, 28)
(10, 31)
(10, 32)
(10, 45)
(10, 46)
(10, 49)
(10, 222)
(10, 55)
(10, 56)
(10, 189)
(10, 67)
(10, 74)
(10, 86)
(10, 94)
(10, 233)
(10, 236)
(10, 110)
(10, 241)
(10, 114)
(10, 118)
(10, 120)
(10, 126)
(11, 138)
(11, 13)
(11, 14)
(11, 23)
(11, 152)
(11, 153)
(11, 159)
(11, 162)
(11, 171)
(11, 175)
(11, 181)
(11, 182)
(11, 183)
(11, 188)
(11, 66)
(11, 196)
(11, 202)
(11, 205)
(11, 206)
(11, 207)
(11, 211)
(11, 212)
(11, 214)
(11, 88)
(11, 220)
(11, 228)
(11, 229)
(11, 105)
(11, 109)
(11, 116)
(11, 245)
(12, 238)
(12, 24)
(12, 31)
(12, 32)
(12, 36)
(12, 41)
(12, 45)
(12, 46)
(12, 49)
(12, 222)
(12, 56)
(12, 189)
(12, 67)
(12, 86)
(12, 94)
(12, 225)
(12, 227)
(12, 102)
(12, 233)
(12, 234)
(12, 236)
(12, 110)
(12, 114)
(12, 118)
(12, 247)
(12, 120)
(12, 126)
(13, 130)
(13, 131)
(13, 133)
(13, 23)
(13, 153)
(13, 155)
(13, 159)
(13, 162)
(13, 40)
(13, 169)
(13, 42)
(13, 181)
(13, 182)
(13, 188)
(13, 66)
(13, 198)
(13, 77)
(13, 207)
(13, 211)
(13, 84)
(13, 93)
(13, 228)
(13, 109)
(13, 240)
(13, 212)
(14, 129)
(14, 134)
(14, 138)
(14, 147)
(14, 23)
(14, 152)
(14, 159)
(14, 164)
(14, 166)
(14, 40)
(14, 42)
(14, 171)
(14, 174)
(14, 175)
(14, 176)
(14, 182)
(14, 185)
(14, 95)
(14, 188)
(14, 66)
(14, 196)
(14, 202)
(14, 206)
(14, 207)
(14, 209)
(14, 214)
(14, 215)
(14, 91)
(14, 221)
(14, 223)
(14, 97)
(14, 99)
(14, 228)
(14, 229)
(14, 232)
(14, 105)
(14, 109)
(14, 111)
(14, 116)
(15, 24)
(15, 19)
(15, 238)
(15, 22)
(15, 152)
(15, 26)
(15, 31)
(15, 163)
(15, 167)
(15, 49)
(15, 55)
(15, 203)
(15, 205)
(15, 78)
(15, 35)
(15, 88)
(15, 220)
(15, 222)
(15, 233)
(15, 237)
(15, 110)
(15, 112)
(15, 241)
(15, 121)
(15, 126)
(15, 21)
(16, 132)
(16, 137)
(16, 148)
(16, 33)
(16, 164)
(16, 166)
(16, 223)
(16, 48)
(16, 187)
(16, 60)
(16, 191)
(16, 71)
(16, 200)
(16, 201)
(16, 204)
(16, 82)
(16, 215)
(16, 219)
(16, 95)
(16, 97)
(16, 98)
(16, 100)
(16, 230)
(16, 232)
(16, 248)
(16, 127)
(17, 130)
(17, 131)
(17, 165)
(17, 198)
(17, 39)
(17, 136)
(17, 42)
(17, 240)
(17, 84)
(17, 186)
(17, 124)
(17, 122)
(17, 133)
(18, 137)
(18, 141)
(18, 29)
(18, 161)
(18, 34)
(18, 173)
(18, 48)
(18, 51)
(18, 53)
(18, 57)
(18, 60)
(18, 62)
(18, 192)
(18, 68)
(18, 70)
(18, 199)
(18, 73)
(18, 80)
(18, 217)
(18, 219)
(18, 224)
(18, 226)
(18, 104)
(18, 107)
(18, 119)
(19, 24)
(19, 238)
(19, 22)
(19, 152)
(19, 31)
(19, 163)
(19, 167)
(19, 49)
(19, 55)
(19, 203)
(19, 205)
(19, 78)
(19, 35)
(19, 86)
(19, 222)
(19, 233)
(19, 237)
(19, 110)
(19, 112)
(19, 241)
(19, 121)
(19, 126)
(19, 21)
(20, 151)
(20, 29)
(20, 160)
(20, 161)
(20, 34)
(20, 38)
(20, 41)
(20, 43)
(20, 56)
(20, 189)
(20, 67)
(20, 246)
(20, 199)
(20, 75)
(20, 81)
(20, 90)
(20, 225)
(20, 227)
(20, 102)
(20, 236)
(20, 244)
(20, 118)
(20, 247)
(20, 120)
(21, 142)
(21, 26)
(21, 30)
(21, 35)
(21, 167)
(21, 44)
(21, 178)
(21, 179)
(21, 180)
(21, 55)
(21, 197)
(21, 72)
(21, 203)
(21, 78)
(21, 163)
(21, 89)
(21, 106)
(21, 235)
(21, 237)
(21, 112)
(21, 242)
(21, 121)
(21, 123)
(22, 138)
(22, 24)
(22, 110)
(22, 152)
(22, 31)
(22, 163)
(22, 167)
(22, 174)
(22, 175)
(22, 49)
(22, 222)
(22, 55)
(22, 203)
(22, 205)
(22, 78)
(22, 35)
(22, 88)
(22, 220)
(22, 94)
(22, 233)
(22, 237)
(22, 238)
(22, 112)
(22, 241)
(22, 116)
(22, 105)
(22, 126)
(23, 129)
(23, 138)
(23, 152)
(23, 153)
(23, 155)
(23, 159)
(23, 162)
(23, 42)
(23, 171)
(23, 175)
(23, 181)
(23, 182)
(23, 183)
(23, 188)
(23, 66)
(23, 196)
(23, 202)
(23, 205)
(23, 206)
(23, 207)
(23, 211)
(23, 212)
(23, 214)
(23, 220)
(23, 221)
(23, 228)
(23, 229)
(23, 105)
(23, 109)
(23, 93)
(23, 116)
(24, 134)
(24, 138)
(24, 238)
(24, 152)
(24, 31)
(24, 32)
(24, 163)
(24, 36)
(24, 167)
(24, 45)
(24, 174)
(24, 49)
(24, 222)
(24, 55)
(24, 67)
(24, 86)
(24, 221)
(24, 94)
(24, 229)
(24, 233)
(24, 234)
(24, 46)
(24, 110)
(24, 112)
(24, 241)
(24, 114)
(24, 116)
(24, 118)
(24, 105)
(24, 126)
(25, 194)
(25, 168)
(25, 239)
(25, 149)
(25, 61)
(25, 85)
(26, 146)
(26, 150)
(26, 154)
(26, 163)
(26, 37)
(26, 167)
(26, 177)
(26, 178)
(26, 179)
(26, 54)
(26, 63)
(26, 64)
(26, 72)
(26, 203)
(26, 205)
(26, 78)
(26, 88)
(26, 220)
(26, 231)
(26, 106)
(26, 237)
(26, 112)
(26, 113)
(26, 242)
(26, 245)
(26, 121)
(27, 128)
(27, 65)
(27, 83)
(27, 69)
(27, 103)
(27, 106)
(27, 139)
(27, 140)
(27, 47)
(27, 144)
(27, 177)
(27, 242)
(27, 179)
(27, 180)
(27, 89)
(27, 249)
(27, 218)
(27, 156)
(27, 154)
(27, 30)
(28, 96)
(28, 193)
(28, 195)
(28, 49)
(28, 135)
(28, 170)
(28, 61)
(28, 79)
(28, 208)
(28, 184)
(28, 210)
(28, 115)
(28, 74)
(28, 85)
(28, 86)
(28, 87)
(28, 216)
(28, 59)
(28, 189)
(28, 158)
(29, 224)
(29, 192)
(29, 34)
(29, 227)
(29, 70)
(29, 102)
(29, 199)
(29, 161)
(29, 160)
(29, 43)
(29, 73)
(29, 81)
(29, 75)
(29, 244)
(29, 246)
(29, 151)
(29, 90)
(29, 38)
(30, 128)
(30, 140)
(30, 235)
(30, 172)
(30, 142)
(30, 44)
(30, 144)
(30, 242)
(30, 180)
(30, 89)
(31, 238)
(31, 32)
(31, 163)
(31, 36)
(31, 45)
(31, 46)
(31, 49)
(31, 222)
(31, 55)
(31, 56)
(31, 189)
(31, 67)
(31, 35)
(31, 86)
(31, 94)
(31, 233)
(31, 234)
(31, 236)
(31, 110)
(31, 241)
(31, 114)
(31, 118)
(31, 247)
(31, 120)
(31, 126)
(32, 134)
(32, 238)
(32, 36)
(32, 41)
(32, 45)
(32, 174)
(32, 49)
(32, 222)
(32, 56)
(32, 189)
(32, 67)
(32, 86)
(32, 94)
(32, 227)
(32, 102)
(32, 233)
(32, 234)
(32, 46)
(32, 236)
(32, 110)
(32, 114)
(32, 117)
(32, 118)
(32, 247)
(32, 120)
(32, 126)
(33, 129)
(33, 134)
(33, 143)
(33, 147)
(33, 148)
(33, 46)
(33, 161)
(33, 34)
(33, 36)
(33, 166)
(33, 41)
(33, 171)
(33, 45)
(33, 174)
(33, 48)
(33, 57)
(33, 185)
(33, 95)
(33, 190)
(33, 71)
(33, 200)
(33, 202)
(33, 76)
(33, 209)
(33, 215)
(33, 217)
(33, 219)
(33, 221)
(33, 94)
(33, 223)
(33, 99)
(33, 100)
(33, 229)
(33, 230)
(33, 232)
(33, 234)
(33, 111)
(33, 117)
(33, 248)
(34, 143)
(34, 151)
(34, 161)
(34, 36)
(34, 38)
(34, 41)
(34, 43)
(34, 173)
(34, 48)
(34, 53)
(34, 57)
(34, 190)
(34, 192)
(34, 68)
(34, 70)
(34, 199)
(34, 73)
(34, 75)
(34, 76)
(34, 99)
(34, 217)
(34, 219)
(34, 223)
(34, 224)
(34, 227)
(34, 230)
(34, 102)
(34, 234)
(34, 117)
(34, 246)
(34, 247)
(34, 120)
(35, 203)
(35, 49)
(35, 167)
(35, 72)
(35, 235)
(35, 78)
(35, 237)
(35, 110)
(35, 112)
(35, 241)
(35, 163)
(35, 126)
(35, 86)
(35, 55)
(35, 121)
(35, 222)
(36, 134)
(36, 143)
(36, 147)
(36, 46)
(36, 161)
(36, 38)
(36, 41)
(36, 45)
(36, 174)
(36, 56)
(36, 185)
(36, 95)
(36, 189)
(36, 190)
(36, 67)
(36, 246)
(36, 76)
(36, 209)
(36, 99)
(36, 57)
(36, 221)
(36, 94)
(36, 223)
(36, 227)
(36, 229)
(36, 230)
(36, 233)
(36, 234)
(36, 238)
(36, 111)
(36, 114)
(36, 117)
(36, 118)
(36, 247)
(36, 120)
(37, 146)
(37, 150)
(37, 154)
(37, 157)
(37, 220)
(37, 50)
(37, 178)
(37, 179)
(37, 54)
(37, 183)
(37, 58)
(37, 63)
(37, 64)
(37, 72)
(37, 203)
(37, 205)
(37, 78)
(37, 88)
(37, 92)
(37, 231)
(37, 106)
(37, 113)
(37, 245)
(38, 151)
(38, 161)
(38, 41)
(38, 43)
(38, 45)
(38, 46)
(38, 56)
(38, 57)
(38, 190)
(38, 192)
(38, 67)
(38, 246)
(38, 70)
(38, 199)
(38, 73)
(38, 75)
(38, 81)
(38, 217)
(38, 224)
(38, 225)
(38, 227)
(38, 102)
(38, 234)
(38, 236)
(38, 244)
(38, 117)
(38, 118)
(38, 247)
(38, 120)
(39, 176)
(39, 98)
(39, 164)
(39, 198)
(39, 97)
(39, 40)
(39, 42)
(39, 240)
(39, 84)
(39, 213)
(39, 186)
(39, 91)
(39, 124)
(39, 122)
(39, 159)
(40, 129)
(40, 159)
(40, 164)
(40, 166)
(40, 42)
(40, 176)
(40, 186)
(40, 66)
(40, 196)
(40, 202)
(40, 207)
(40, 84)
(40, 213)
(40, 91)
(40, 97)
(40, 98)
(40, 228)
(40, 109)
(40, 240)
(40, 122)
(40, 124)
(41, 134)
(41, 143)
(41, 147)
(41, 46)
(41, 151)
(41, 161)
(41, 45)
(41, 174)
(41, 48)
(41, 56)
(41, 57)
(41, 189)
(41, 190)
(41, 67)
(41, 246)
(41, 199)
(41, 75)
(41, 76)
(41, 99)
(41, 94)
(41, 223)
(41, 227)
(41, 102)
(41, 230)
(41, 233)
(41, 234)
(41, 236)
(41, 238)
(41, 111)
(41, 114)
(41, 117)
(41, 118)
(41, 247)
(41, 120)
(42, 131)
(42, 133)
(42, 136)
(42, 155)
(42, 159)
(42, 164)
(42, 169)
(42, 176)
(42, 186)
(42, 66)
(42, 198)
(42, 207)
(42, 84)
(42, 213)
(42, 91)
(42, 97)
(42, 228)
(42, 109)
(42, 240)
(42, 212)
(42, 122)
(42, 124)
(43, 192)
(43, 225)
(43, 227)
(43, 70)
(43, 102)
(43, 199)
(43, 73)
(43, 160)
(43, 81)
(43, 75)
(43, 244)
(43, 246)
(43, 151)
(43, 90)
(44, 197)
(44, 72)
(44, 106)
(44, 235)
(44, 172)
(44, 237)
(44, 142)
(44, 242)
(44, 180)
(44, 89)
(44, 121)
(44, 123)
(44, 125)
(45, 134)
(45, 143)
(45, 147)
(45, 46)
(45, 174)
(45, 56)
(45, 189)
(45, 190)
(45, 67)
(45, 246)
(45, 76)
(45, 99)
(45, 221)
(45, 94)
(45, 227)
(45, 233)
(45, 234)
(45, 236)
(45, 238)
(45, 111)
(45, 114)
(45, 117)
(45, 118)
(45, 247)
(45, 120)
(46, 134)
(46, 143)
(46, 147)
(46, 161)
(46, 174)
(46, 56)
(46, 185)
(46, 189)
(46, 190)
(46, 67)
(46, 246)
(46, 76)
(46, 209)
(46, 99)
(46, 221)
(46, 94)
(46, 223)
(46, 227)
(46, 229)
(46, 230)
(46, 233)
(46, 234)
(46, 238)
(46, 111)
(46, 114)
(46, 117)
(46, 118)
(46, 247)
(46, 120)
(47, 128)
(47, 65)
(47, 103)
(47, 139)
(47, 144)
(47, 83)
(47, 249)
(47, 218)
(47, 156)
(48, 134)
(48, 137)
(48, 143)
(48, 147)
(48, 148)
(48, 161)
(48, 95)
(48, 71)
(48, 173)
(48, 57)
(48, 185)
(48, 187)
(48, 60)
(48, 190)
(48, 192)
(48, 199)
(48, 200)
(48, 201)
(48, 76)
(48, 215)
(48, 217)
(48, 219)
(48, 223)
(48, 224)
(48, 99)
(48, 100)
(48, 230)
(48, 232)
(48, 234)
(48, 111)
(48, 117)
(48, 246)
(48, 248)
(48, 127)
(49, 238)
(49, 163)
(49, 167)
(49, 55)
(49, 59)
(49, 189)
(49, 74)
(49, 86)
(49, 222)
(49, 233)
(49, 110)
(49, 112)
(49, 241)
(49, 126)
(50, 64)
(50, 69)
(50, 243)
(50, 231)
(50, 77)
(50, 113)
(50, 146)
(50, 179)
(50, 245)
(50, 150)
(50, 183)
(50, 58)
(50, 54)
(50, 92)
(50, 157)
(50, 63)
(51, 224)
(51, 192)
(51, 226)
(51, 68)
(51, 70)
(51, 104)
(51, 73)
(51, 107)
(51, 173)
(51, 141)
(51, 80)
(51, 53)
(51, 119)
(51, 217)
(51, 62)
(52, 160)
(52, 225)
(52, 195)
(52, 102)
(52, 135)
(52, 170)
(52, 236)
(52, 239)
(52, 208)
(52, 81)
(52, 115)
(52, 244)
(52, 87)
(52, 56)
(52, 90)
(52, 189)
(53, 224)
(53, 192)
(53, 226)
(53, 68)
(53, 70)
(53, 199)
(53, 104)
(53, 161)
(53, 107)
(53, 173)
(53, 141)
(53, 80)
(53, 57)
(53, 73)
(53, 119)
(53, 217)
(53, 60)
(53, 62)
(54, 146)
(54, 150)
(54, 157)
(54, 162)
(54, 178)
(54, 179)
(54, 183)
(54, 58)
(54, 63)
(54, 64)
(54, 72)
(54, 203)
(54, 205)
(54, 78)
(54, 88)
(54, 220)
(54, 231)
(54, 113)
(54, 245)
(55, 238)
(55, 163)
(55, 167)
(55, 59)
(55, 193)
(55, 74)
(55, 86)
(55, 222)
(55, 233)
(55, 237)
(55, 110)
(55, 112)
(55, 241)
(55, 121)
(55, 126)
(56, 151)
(56, 160)
(56, 189)
(56, 67)
(56, 246)
(56, 75)
(56, 208)
(56, 81)
(56, 87)
(56, 90)
(56, 225)
(56, 227)
(56, 102)
(56, 233)
(56, 234)
(56, 236)
(56, 114)
(56, 115)
(56, 244)
(56, 118)
(56, 247)
(56, 120)
(57, 134)
(57, 143)
(57, 147)
(57, 148)
(57, 161)
(57, 71)
(57, 173)
(57, 95)
(57, 60)
(57, 190)
(57, 192)
(57, 68)
(57, 70)
(57, 199)
(57, 73)
(57, 76)
(57, 99)
(57, 215)
(57, 217)
(57, 219)
(57, 223)
(57, 224)
(57, 227)
(57, 100)
(57, 230)
(57, 232)
(57, 234)
(57, 111)
(57, 117)
(57, 246)
(57, 247)
(57, 248)
(58, 64)
(58, 231)
(58, 77)
(58, 113)
(58, 146)
(58, 243)
(58, 245)
(58, 150)
(58, 183)
(58, 92)
(58, 157)
(58, 63)
(59, 96)
(59, 193)
(59, 197)
(59, 145)
(59, 170)
(59, 79)
(59, 184)
(59, 210)
(59, 74)
(59, 158)
(59, 86)
(59, 85)
(59, 216)
(59, 123)
(59, 125)
(59, 222)
(59, 149)
(60, 137)
(60, 141)
(60, 148)
(60, 161)
(60, 71)
(60, 173)
(60, 187)
(60, 62)
(60, 192)
(60, 68)
(60, 199)
(60, 201)
(60, 204)
(60, 80)
(60, 217)
(60, 219)
(60, 223)
(60, 224)
(60, 226)
(60, 100)
(60, 232)
(60, 104)
(60, 119)
(60, 248)
(60, 127)
(61, 96)
(61, 194)
(61, 195)
(61, 145)
(61, 168)
(61, 170)
(61, 239)
(61, 184)
(61, 210)
(61, 149)
(61, 216)
(61, 79)
(61, 74)
(61, 158)
(61, 85)
(62, 224)
(62, 226)
(62, 107)
(62, 68)
(62, 70)
(62, 104)
(62, 201)
(62, 119)
(62, 173)
(62, 141)
(62, 80)
(62, 137)
(63, 146)
(63, 150)
(63, 154)
(63, 157)
(63, 167)
(63, 177)
(63, 178)
(63, 179)
(63, 183)
(63, 64)
(63, 72)
(63, 203)
(63, 205)
(63, 78)
(63, 88)
(63, 220)
(63, 231)
(63, 106)
(63, 237)
(63, 112)
(63, 113)
(63, 245)
(64, 146)
(64, 150)
(64, 154)
(64, 220)
(64, 157)
(64, 177)
(64, 178)
(64, 179)
(64, 72)
(64, 203)
(64, 205)
(64, 78)
(64, 88)
(64, 92)
(64, 231)
(64, 106)
(64, 237)
(64, 113)
(64, 245)
(65, 128)
(65, 83)
(65, 69)
(65, 231)
(65, 92)
(65, 106)
(65, 139)
(65, 146)
(65, 144)
(65, 177)
(65, 178)
(65, 179)
(65, 249)
(65, 218)
(65, 103)
(65, 156)
(65, 154)
(66, 131)
(66, 138)
(66, 153)
(66, 155)
(66, 159)
(66, 162)
(66, 169)
(66, 171)
(66, 175)
(66, 176)
(66, 181)
(66, 182)
(66, 188)
(66, 196)
(66, 202)
(66, 206)
(66, 207)
(66, 211)
(66, 212)
(66, 214)
(66, 93)
(66, 228)
(66, 109)
(66, 240)
(67, 189)
(67, 190)
(67, 246)
(67, 86)
(67, 94)
(67, 225)
(67, 227)
(67, 102)
(67, 233)
(67, 234)
(67, 236)
(67, 238)
(67, 114)
(67, 244)
(67, 117)
(67, 118)
(67, 247)
(67, 120)
(68, 137)
(68, 141)
(68, 161)
(68, 173)
(68, 73)
(68, 192)
(68, 70)
(68, 199)
(68, 201)
(68, 80)
(68, 217)
(68, 224)
(68, 226)
(68, 104)
(68, 107)
(68, 119)
(69, 83)
(69, 231)
(69, 92)
(69, 106)
(69, 139)
(69, 177)
(69, 146)
(69, 179)
(69, 249)
(69, 218)
(69, 103)
(69, 156)
(69, 154)
(70, 141)
(70, 151)
(70, 161)
(70, 173)
(70, 192)
(70, 199)
(70, 73)
(70, 75)
(70, 80)
(70, 217)
(70, 224)
(70, 226)
(70, 107)
(70, 246)
(70, 119)
(71, 132)
(71, 137)
(71, 143)
(71, 148)
(71, 166)
(71, 223)
(71, 187)
(71, 190)
(71, 191)
(71, 200)
(71, 201)
(71, 204)
(71, 82)
(71, 215)
(71, 217)
(71, 219)
(71, 95)
(71, 99)
(71, 100)
(71, 230)
(71, 232)
(71, 248)
(71, 127)
(72, 128)
(72, 146)
(72, 150)
(72, 154)
(72, 167)
(72, 177)
(72, 178)
(72, 179)
(72, 203)
(72, 78)
(72, 89)
(72, 231)
(72, 106)
(72, 235)
(72, 237)
(72, 112)
(72, 242)
(72, 121)
(73, 141)
(73, 151)
(73, 161)
(73, 173)
(73, 192)
(73, 199)
(73, 75)
(73, 80)
(73, 217)
(73, 224)
(73, 226)
(73, 246)
(73, 119)
(74, 135)
(74, 145)
(74, 149)
(74, 158)
(74, 170)
(74, 184)
(74, 193)
(74, 195)
(74, 79)
(74, 210)
(74, 85)
(74, 86)
(74, 87)
(74, 216)
(74, 222)
(74, 96)
(74, 115)
(75, 151)
(75, 160)
(75, 161)
(75, 192)
(75, 246)
(75, 199)
(75, 81)
(75, 90)
(75, 225)
(75, 227)
(75, 102)
(75, 236)
(75, 244)
(75, 118)
(75, 247)
(75, 120)
(76, 129)
(76, 134)
(76, 143)
(76, 147)
(76, 161)
(76, 171)
(76, 174)
(76, 185)
(76, 95)
(76, 190)
(76, 202)
(76, 209)
(76, 99)
(76, 215)
(76, 219)
(76, 221)
(76, 94)
(76, 223)
(76, 227)
(76, 229)
(76, 230)
(76, 232)
(76, 105)
(76, 234)
(76, 111)
(76, 114)
(76, 117)
(76, 246)
(76, 247)
(77, 162)
(77, 101)
(77, 211)
(77, 169)
(77, 108)
(77, 93)
(77, 113)
(77, 243)
(77, 212)
(77, 181)
(77, 183)
(77, 153)
(77, 155)
(77, 157)
(78, 146)
(78, 150)
(78, 154)
(78, 163)
(78, 167)
(78, 177)
(78, 178)
(78, 179)
(78, 203)
(78, 205)
(78, 88)
(78, 231)
(78, 106)
(78, 235)
(78, 237)
(78, 112)
(78, 242)
(78, 245)
(78, 121)
(79, 96)
(79, 193)
(79, 194)
(79, 145)
(79, 170)
(79, 184)
(79, 210)
(79, 149)
(79, 216)
(79, 158)
(79, 85)
(80, 224)
(80, 192)
(80, 226)
(80, 199)
(80, 104)
(80, 107)
(80, 173)
(80, 141)
(80, 119)
(80, 217)
(81, 160)
(81, 225)
(81, 227)
(81, 102)
(81, 151)
(81, 236)
(81, 244)
(81, 246)
(81, 247)
(81, 120)
(81, 90)
(81, 189)
(82, 132)
(82, 148)
(82, 164)
(82, 166)
(82, 176)
(82, 187)
(82, 191)
(82, 200)
(82, 201)
(82, 204)
(82, 213)
(82, 91)
(82, 97)
(82, 98)
(82, 100)
(82, 232)
(82, 248)
(82, 127)
(83, 128)
(83, 231)
(83, 92)
(83, 106)
(83, 139)
(83, 146)
(83, 144)
(83, 177)
(83, 178)
(83, 179)
(83, 249)
(83, 218)
(83, 103)
(83, 156)
(83, 154)
(84, 130)
(84, 131)
(84, 165)
(84, 198)
(84, 136)
(84, 169)
(84, 240)
(84, 186)
(84, 124)
(84, 122)
(84, 133)
(85, 96)
(85, 193)
(85, 194)
(85, 195)
(85, 145)
(85, 168)
(85, 170)
(85, 239)
(85, 184)
(85, 210)
(85, 149)
(85, 216)
(85, 158)
(86, 135)
(86, 238)
(86, 170)
(86, 189)
(86, 222)
(86, 233)
(86, 236)
(86, 110)
(86, 118)
(86, 126)
(87, 160)
(87, 225)
(87, 195)
(87, 135)
(87, 170)
(87, 236)
(87, 239)
(87, 208)
(87, 115)
(87, 244)
(87, 189)
(88, 138)
(88, 146)
(88, 150)
(88, 152)
(88, 162)
(88, 163)
(88, 241)
(88, 175)
(88, 178)
(88, 182)
(88, 183)
(88, 203)
(88, 205)
(88, 220)
(88, 231)
(88, 167)
(88, 237)
(88, 112)
(88, 113)
(88, 116)
(88, 245)
(89, 128)
(89, 139)
(89, 103)
(89, 106)
(89, 235)
(89, 140)
(89, 142)
(89, 144)
(89, 177)
(89, 242)
(89, 180)
(89, 249)
(89, 154)
(89, 156)
(90, 160)
(90, 225)
(90, 102)
(90, 115)
(90, 244)
(90, 151)
(91, 176)
(91, 98)
(91, 164)
(91, 166)
(91, 129)
(91, 200)
(91, 97)
(91, 240)
(91, 213)
(91, 132)
(91, 186)
(91, 159)
(91, 122)
(91, 191)
(92, 113)
(92, 231)
(92, 139)
(92, 177)
(92, 146)
(92, 179)
(92, 154)
(92, 249)
(92, 218)
(92, 103)
(92, 157)
(93, 130)
(93, 131)
(93, 133)
(93, 153)
(93, 155)
(93, 162)
(93, 169)
(93, 181)
(93, 182)
(93, 183)
(93, 198)
(93, 207)
(93, 211)
(93, 212)
(93, 228)
(93, 101)
(93, 108)
(93, 109)
(93, 243)
(94, 134)
(94, 143)
(94, 147)
(94, 171)
(94, 174)
(94, 185)
(94, 95)
(94, 190)
(94, 209)
(94, 99)
(94, 105)
(94, 221)
(94, 223)
(94, 227)
(94, 229)
(94, 230)
(94, 233)
(94, 234)
(94, 238)
(94, 111)
(94, 241)
(94, 114)
(94, 117)
(94, 118)
(94, 247)
(94, 120)
(95, 129)
(95, 134)
(95, 143)
(95, 147)
(95, 148)
(95, 166)
(95, 171)
(95, 174)
(95, 185)
(95, 190)
(95, 196)
(95, 200)
(95, 202)
(95, 206)
(95, 209)
(95, 214)
(95, 215)
(95, 219)
(95, 221)
(95, 223)
(95, 97)
(95, 99)
(95, 100)
(95, 229)
(95, 230)
(95, 232)
(95, 105)
(95, 234)
(95, 111)
(95, 117)
(95, 248)
(96, 193)
(96, 197)
(96, 145)
(96, 184)
(96, 210)
(96, 149)
(96, 216)
(96, 123)
(96, 125)
(96, 158)
(97, 129)
(97, 132)
(97, 148)
(97, 159)
(97, 164)
(97, 166)
(97, 176)
(97, 185)
(97, 187)
(97, 191)
(97, 196)
(97, 200)
(97, 202)
(97, 204)
(97, 213)
(97, 215)
(97, 98)
(97, 232)
(98, 129)
(98, 164)
(98, 166)
(98, 232)
(98, 204)
(98, 176)
(98, 200)
(98, 148)
(98, 213)
(98, 132)
(98, 187)
(98, 191)
(99, 129)
(99, 134)
(99, 143)
(99, 147)
(99, 148)
(99, 161)
(99, 166)
(99, 171)
(99, 174)
(99, 185)
(99, 190)
(99, 196)
(99, 200)
(99, 202)
(99, 209)
(99, 215)
(99, 219)
(99, 221)
(99, 223)
(99, 100)
(99, 229)
(99, 230)
(99, 232)
(99, 234)
(99, 111)
(99, 114)
(99, 117)
(99, 248)
(100, 132)
(100, 137)
(100, 143)
(100, 148)
(100, 166)
(100, 187)
(100, 191)
(100, 200)
(100, 201)
(100, 204)
(100, 215)
(100, 217)
(100, 219)
(100, 223)
(100, 230)
(100, 232)
(100, 248)
(100, 127)
(101, 131)
(101, 211)
(101, 169)
(101, 108)
(101, 243)
(101, 181)
(101, 183)
(101, 153)
(101, 155)
(101, 157)
(102, 151)
(102, 160)
(102, 189)
(102, 246)
(102, 225)
(102, 227)
(102, 236)
(102, 115)
(102, 244)
(102, 118)
(102, 247)
(102, 120)
(103, 128)
(103, 139)
(103, 140)
(103, 144)
(103, 177)
(103, 249)
(103, 218)
(103, 156)
(103, 154)
(104, 224)
(104, 226)
(104, 107)
(104, 201)
(104, 119)
(104, 173)
(104, 141)
(104, 137)
(104, 217)
(105, 129)
(105, 134)
(105, 138)
(105, 147)
(105, 152)
(105, 171)
(105, 174)
(105, 175)
(105, 182)
(105, 185)
(105, 188)
(105, 196)
(105, 202)
(105, 205)
(105, 206)
(105, 207)
(105, 209)
(105, 214)
(105, 220)
(105, 221)
(105, 229)
(105, 109)
(105, 111)
(105, 241)
(105, 116)
(106, 128)
(106, 139)
(106, 144)
(106, 146)
(106, 150)
(106, 154)
(106, 177)
(106, 178)
(106, 179)
(106, 180)
(106, 203)
(106, 249)
(106, 231)
(106, 235)
(106, 237)
(106, 242)
(106, 121)
(107, 224)
(107, 226)
(107, 173)
(107, 141)
(107, 119)
(108, 130)
(108, 131)
(108, 169)
(108, 243)
(108, 181)
(108, 153)
(108, 155)
(109, 129)
(109, 138)
(109, 152)
(109, 153)
(109, 155)
(109, 159)
(109, 162)
(109, 169)
(109, 171)
(109, 175)
(109, 181)
(109, 182)
(109, 183)
(109, 188)
(109, 196)
(109, 202)
(109, 205)
(109, 206)
(109, 207)
(109, 211)
(109, 212)
(109, 214)
(109, 220)
(109, 221)
(109, 228)
(109, 229)
(109, 116)
(110, 163)
(110, 167)
(110, 222)
(110, 233)
(110, 237)
(110, 238)
(110, 112)
(110, 241)
(110, 126)
(111, 129)
(111, 134)
(111, 143)
(111, 147)
(111, 148)
(111, 166)
(111, 171)
(111, 174)
(111, 185)
(111, 190)
(111, 196)
(111, 202)
(111, 206)
(111, 209)
(111, 214)
(111, 215)
(111, 219)
(111, 221)
(111, 223)
(111, 229)
(111, 230)
(111, 232)
(111, 234)
(111, 114)
(111, 117)
(111, 248)
(112, 150)
(112, 152)
(112, 167)
(112, 203)
(112, 205)
(112, 163)
(112, 220)
(112, 222)
(112, 237)
(112, 241)
(112, 121)
(112, 126)
(113, 146)
(113, 150)
(113, 154)
(113, 178)
(113, 157)
(113, 179)
(113, 183)
(113, 220)
(113, 231)
(113, 243)
(113, 245)
(114, 134)
(114, 143)
(114, 147)
(114, 174)
(114, 189)
(114, 190)
(114, 246)
(114, 221)
(114, 227)
(114, 233)
(114, 234)
(114, 236)
(114, 238)
(114, 241)
(114, 117)
(114, 118)
(114, 247)
(114, 120)
(114, 126)
(115, 160)
(115, 225)
(115, 195)
(115, 135)
(115, 170)
(115, 236)
(115, 239)
(115, 208)
(115, 244)
(115, 189)
(116, 138)
(116, 152)
(116, 162)
(116, 163)
(116, 171)
(116, 174)
(116, 175)
(116, 182)
(116, 183)
(116, 188)
(116, 196)
(116, 202)
(116, 205)
(116, 206)
(116, 207)
(116, 209)
(116, 212)
(116, 214)
(116, 220)
(116, 221)
(116, 228)
(116, 229)
(116, 241)
(116, 245)
(117, 134)
(117, 143)
(117, 147)
(117, 161)
(117, 174)
(117, 185)
(117, 190)
(117, 246)
(117, 199)
(117, 209)
(117, 215)
(117, 217)
(117, 219)
(117, 221)
(117, 223)
(117, 227)
(117, 230)
(117, 232)
(117, 234)
(117, 118)
(117, 247)
(117, 120)
(118, 189)
(118, 190)
(118, 225)
(118, 227)
(118, 233)
(118, 234)
(118, 236)
(118, 238)
(118, 244)
(118, 246)
(118, 247)
(118, 120)
(119, 224)
(119, 192)
(119, 226)
(119, 201)
(119, 173)
(119, 141)
(119, 137)
(119, 217)
(120, 151)
(120, 161)
(120, 189)
(120, 190)
(120, 225)
(120, 227)
(120, 233)
(120, 234)
(120, 236)
(120, 238)
(120, 244)
(120, 246)
(120, 247)
(121, 150)
(121, 167)
(121, 178)
(121, 179)
(121, 197)
(121, 203)
(121, 163)
(121, 235)
(121, 237)
(121, 242)
(121, 123)
(122, 130)
(122, 165)
(122, 198)
(122, 136)
(122, 240)
(122, 213)
(122, 186)
(122, 124)
(122, 133)
(123, 193)
(123, 197)
(123, 235)
(123, 172)
(123, 142)
(123, 145)
(123, 210)
(123, 184)
(123, 125)
(124, 130)
(124, 131)
(124, 165)
(124, 198)
(124, 136)
(124, 240)
(124, 186)
(124, 133)
(125, 193)
(125, 197)
(125, 235)
(125, 172)
(125, 142)
(125, 145)
(125, 210)
(125, 184)
(126, 163)
(126, 167)
(126, 222)
(126, 233)
(126, 237)
(126, 238)
(126, 241)
(127, 187)
(127, 132)
(127, 166)
(127, 232)
(127, 201)
(127, 204)
(127, 200)
(127, 148)
(127, 137)
(127, 248)
(127, 219)
(127, 191)
(128, 139)
(128, 140)
(128, 144)
(128, 177)
(128, 242)
(128, 179)
(128, 180)
(128, 249)
(128, 218)
(128, 156)
(128, 154)
(129, 134)
(129, 143)
(129, 147)
(129, 148)
(129, 159)
(129, 164)
(129, 166)
(129, 171)
(129, 174)
(129, 176)
(129, 185)
(129, 188)
(129, 196)
(129, 200)
(129, 202)
(129, 206)
(129, 207)
(129, 209)
(129, 214)
(129, 215)
(129, 221)
(129, 223)
(129, 229)
(129, 230)
(129, 232)
(130, 131)
(130, 165)
(130, 198)
(130, 136)
(130, 169)
(130, 240)
(130, 155)
(130, 133)
(131, 133)
(131, 136)
(131, 153)
(131, 155)
(131, 165)
(131, 169)
(131, 181)
(131, 198)
(131, 211)
(131, 228)
(131, 240)
(131, 212)
(132, 137)
(132, 148)
(132, 164)
(132, 166)
(132, 176)
(132, 187)
(132, 191)
(132, 200)
(132, 201)
(132, 204)
(132, 213)
(132, 232)
(132, 248)
(133, 165)
(133, 198)
(133, 136)
(133, 169)
(133, 240)
(133, 186)
(133, 155)
(134, 143)
(134, 147)
(134, 171)
(134, 174)
(134, 185)
(134, 190)
(134, 196)
(134, 202)
(134, 206)
(134, 209)
(134, 214)
(134, 215)
(134, 221)
(134, 223)
(134, 229)
(134, 230)
(134, 232)
(134, 233)
(134, 234)
(134, 238)
(135, 225)
(135, 195)
(135, 168)
(135, 170)
(135, 236)
(135, 239)
(135, 208)
(135, 189)
(135, 158)
(136, 165)
(136, 198)
(136, 169)
(136, 240)
(136, 186)
(137, 141)
(137, 148)
(137, 173)
(137, 187)
(137, 201)
(137, 204)
(137, 217)
(137, 219)
(137, 224)
(137, 226)
(137, 248)
(138, 152)
(138, 162)
(138, 171)
(138, 174)
(138, 175)
(138, 182)
(138, 183)
(138, 188)
(138, 196)
(138, 202)
(138, 205)
(138, 206)
(138, 207)
(138, 209)
(138, 211)
(138, 212)
(138, 214)
(138, 220)
(138, 221)
(138, 228)
(138, 229)
(138, 241)
(138, 245)
(139, 146)
(139, 144)
(139, 177)
(139, 242)
(139, 179)
(139, 249)
(139, 218)
(139, 156)
(139, 154)
(140, 142)
(140, 144)
(140, 177)
(140, 242)
(140, 180)
(140, 156)
(141, 224)
(141, 192)
(141, 226)
(141, 199)
(141, 201)
(141, 173)
(141, 217)
(142, 197)
(142, 235)
(142, 172)
(142, 242)
(142, 180)
(143, 147)
(143, 148)
(143, 161)
(143, 171)
(143, 174)
(143, 185)
(143, 190)
(143, 202)
(143, 209)
(143, 215)
(143, 217)
(143, 219)
(143, 221)
(143, 223)
(143, 229)
(143, 230)
(143, 232)
(143, 234)
(143, 248)
(144, 177)
(144, 242)
(144, 180)
(144, 249)
(144, 218)
(144, 156)
(144, 154)
(145, 193)
(145, 197)
(145, 184)
(145, 210)
(145, 149)
(145, 216)
(145, 158)
(146, 150)
(146, 154)
(146, 178)
(146, 157)
(146, 177)
(146, 179)
(146, 203)
(146, 231)
(146, 245)
(146, 249)
(147, 148)
(147, 166)
(147, 171)
(147, 174)
(147, 185)
(147, 190)
(147, 196)
(147, 202)
(147, 206)
(147, 209)
(147, 214)
(147, 215)
(147, 219)
(147, 221)
(147, 223)
(147, 229)
(147, 230)
(147, 232)
(147, 234)
(147, 248)
(148, 185)
(148, 164)
(148, 166)
(148, 187)
(148, 191)
(148, 200)
(148, 201)
(148, 204)
(148, 209)
(148, 215)
(148, 219)
(148, 223)
(148, 230)
(148, 232)
(148, 248)
(149, 193)
(149, 194)
(149, 184)
(149, 210)
(149, 216)
(149, 158)
(150, 154)
(150, 157)
(150, 167)
(150, 178)
(150, 177)
(150, 179)
(150, 203)
(150, 205)
(150, 220)
(150, 231)
(150, 237)
(150, 245)
(151, 160)
(151, 161)
(151, 192)
(151, 199)
(151, 224)
(151, 225)
(151, 227)
(151, 244)
(151, 246)
(151, 247)
(152, 162)
(152, 163)
(152, 167)
(152, 171)
(152, 174)
(152, 175)
(152, 182)
(152, 188)
(152, 196)
(152, 202)
(152, 205)
(152, 206)
(152, 207)
(152, 214)
(152, 220)
(152, 221)
(152, 229)
(152, 241)
(152, 245)
(153, 155)
(153, 157)
(153, 162)
(153, 169)
(153, 181)
(153, 182)
(153, 183)
(153, 211)
(153, 212)
(153, 220)
(153, 228)
(153, 243)
(153, 245)
(154, 177)
(154, 178)
(154, 179)
(154, 203)
(154, 218)
(154, 231)
(154, 242)
(154, 249)
(155, 159)
(155, 162)
(155, 169)
(155, 181)
(155, 182)
(155, 183)
(155, 198)
(155, 207)
(155, 211)
(155, 212)
(155, 228)
(156, 177)
(156, 249)
(156, 218)
(157, 231)
(157, 243)
(157, 245)
(157, 183)
(158, 193)
(158, 194)
(158, 195)
(158, 170)
(158, 184)
(158, 210)
(158, 216)
(159, 169)
(159, 171)
(159, 175)
(159, 176)
(159, 182)
(159, 188)
(159, 196)
(159, 202)
(159, 206)
(159, 207)
(159, 211)
(159, 212)
(159, 213)
(159, 214)
(159, 228)
(159, 240)
(160, 225)
(160, 236)
(160, 208)
(160, 244)
(161, 173)
(161, 190)
(161, 192)
(161, 199)
(161, 217)
(161, 219)
(161, 223)
(161, 224)
(161, 227)
(161, 230)
(161, 234)
(161, 246)
(161, 247)
(162, 169)
(162, 175)
(162, 181)
(162, 182)
(162, 183)
(162, 188)
(162, 205)
(162, 206)
(162, 207)
(162, 211)
(162, 212)
(162, 214)
(162, 220)
(162, 228)
(162, 245)
(163, 238)
(163, 167)
(163, 203)
(163, 205)
(163, 220)
(163, 222)
(163, 233)
(163, 237)
(163, 241)
(164, 166)
(164, 176)
(164, 186)
(164, 187)
(164, 191)
(164, 200)
(164, 204)
(164, 213)
(165, 198)
(165, 169)
(166, 176)
(166, 185)
(166, 187)
(166, 191)
(166, 196)
(166, 200)
(166, 202)
(166, 204)
(166, 209)
(166, 213)
(166, 215)
(166, 219)
(166, 223)
(166, 230)
(166, 232)
(166, 248)
(167, 178)
(167, 203)
(167, 205)
(167, 222)
(167, 237)
(167, 241)
(168, 194)
(168, 195)
(168, 170)
(168, 239)
(168, 208)
(169, 181)
(169, 182)
(169, 198)
(169, 207)
(169, 211)
(169, 212)
(169, 228)
(170, 195)
(170, 236)
(170, 239)
(170, 208)
(170, 216)
(170, 189)
(171, 174)
(171, 175)
(171, 182)
(171, 185)
(171, 188)
(171, 196)
(171, 202)
(171, 206)
(171, 207)
(171, 209)
(171, 214)
(171, 215)
(171, 221)
(171, 228)
(171, 229)
(172, 193)
(172, 197)
(172, 235)
(172, 180)
(172, 184)
(173, 192)
(173, 199)
(173, 201)
(173, 217)
(173, 219)
(173, 224)
(173, 226)
(174, 175)
(174, 185)
(174, 188)
(174, 190)
(174, 196)
(174, 202)
(174, 206)
(174, 209)
(174, 214)
(174, 215)
(174, 221)
(174, 223)
(174, 229)
(174, 230)
(174, 233)
(174, 234)
(174, 238)
(174, 241)
(175, 182)
(175, 183)
(175, 188)
(175, 196)
(175, 202)
(175, 205)
(175, 206)
(175, 207)
(175, 211)
(175, 212)
(175, 214)
(175, 220)
(175, 221)
(175, 228)
(175, 229)
(175, 241)
(175, 245)
(176, 186)
(176, 191)
(176, 196)
(176, 200)
(176, 202)
(176, 213)
(176, 240)
(177, 178)
(177, 179)
(177, 203)
(177, 218)
(177, 231)
(177, 242)
(177, 249)
(178, 179)
(178, 203)
(178, 249)
(178, 231)
(178, 237)
(178, 242)
(178, 245)
(179, 203)
(179, 218)
(179, 231)
(179, 237)
(179, 242)
(179, 249)
(180, 235)
(180, 242)
(181, 182)
(181, 183)
(181, 207)
(181, 211)
(181, 212)
(181, 228)
(181, 243)
(182, 183)
(182, 188)
(182, 196)
(182, 205)
(182, 206)
(182, 207)
(182, 211)
(182, 212)
(182, 214)
(182, 220)
(182, 228)
(182, 229)
(182, 245)
(183, 205)
(183, 211)
(183, 212)
(183, 207)
(183, 220)
(183, 228)
(183, 243)
(183, 245)
(184, 193)
(184, 197)
(184, 210)
(184, 216)
(185, 188)
(185, 190)
(185, 196)
(185, 200)
(185, 202)
(185, 206)
(185, 209)
(185, 214)
(185, 215)
(185, 221)
(185, 223)
(185, 229)
(185, 230)
(185, 232)
(185, 234)
(186, 198)
(186, 240)
(186, 213)
(187, 191)
(187, 200)
(187, 201)
(187, 204)
(187, 215)
(187, 219)
(187, 232)
(187, 248)
(188, 196)
(188, 202)
(188, 205)
(188, 206)
(188, 207)
(188, 209)
(188, 211)
(188, 212)
(188, 214)
(188, 220)
(188, 221)
(188, 228)
(188, 229)
(189, 208)
(189, 225)
(189, 227)
(189, 233)
(189, 234)
(189, 236)
(189, 238)
(189, 244)
(189, 247)
(190, 192)
(190, 199)
(190, 209)
(190, 215)
(190, 217)
(190, 219)
(190, 223)
(190, 224)
(190, 227)
(190, 230)
(190, 232)
(190, 234)
(190, 246)
(190, 247)
(190, 248)
(191, 200)
(191, 201)
(191, 204)
(191, 213)
(191, 215)
(191, 232)
(191, 248)
(192, 199)
(192, 217)
(192, 224)
(192, 226)
(192, 227)
(192, 246)
(193, 197)
(193, 210)
(193, 216)
(194, 216)
(194, 239)
(195, 225)
(195, 236)
(195, 239)
(195, 208)
(196, 202)
(196, 206)
(196, 207)
(196, 209)
(196, 212)
(196, 214)
(196, 215)
(196, 221)
(196, 228)
(196, 229)
(197, 235)
(197, 210)
(198, 240)
(199, 217)
(199, 219)
(199, 224)
(199, 226)
(199, 227)
(199, 246)
(199, 247)
(200, 219)
(200, 223)
(200, 201)
(200, 204)
(200, 213)
(200, 215)
(200, 230)
(200, 232)
(200, 248)
(201, 204)
(201, 217)
(201, 219)
(201, 248)
(202, 223)
(202, 206)
(202, 207)
(202, 209)
(202, 214)
(202, 215)
(202, 221)
(202, 228)
(202, 229)
(202, 230)
(202, 232)
(203, 205)
(203, 220)
(203, 231)
(203, 237)
(203, 241)
(203, 242)
(203, 245)
(204, 219)
(204, 232)
(204, 248)
(205, 206)
(205, 214)
(205, 220)
(205, 241)
(205, 245)
(206, 207)
(206, 209)
(206, 212)
(206, 214)
(206, 221)
(206, 228)
(206, 229)
(207, 221)
(207, 211)
(207, 212)
(207, 214)
(207, 220)
(207, 228)
(207, 229)
(208, 225)
(208, 236)
(208, 239)
(208, 244)
(209, 223)
(209, 214)
(209, 215)
(209, 221)
(209, 229)
(209, 230)
(209, 232)
(209, 234)
(210, 216)
(211, 212)
(211, 220)
(211, 228)
(212, 214)
(212, 220)
(212, 228)
(213, 240)
(214, 220)
(214, 221)
(214, 228)
(214, 229)
(215, 223)
(215, 219)
(215, 221)
(215, 229)
(215, 230)
(215, 232)
(215, 234)
(215, 248)
(217, 219)
(217, 223)
(217, 224)
(217, 226)
(217, 230)
(217, 232)
(217, 246)
(217, 248)
(218, 249)
(219, 223)
(219, 224)
(219, 230)
(219, 232)
(219, 248)
(220, 241)
(220, 245)
(221, 223)
(221, 229)
(221, 230)
(221, 232)
(221, 234)
(221, 238)
(222, 233)
(222, 237)
(222, 238)
(222, 241)
(223, 229)
(223, 230)
(223, 232)
(223, 234)
(223, 248)
(224, 226)
(224, 246)
(225, 227)
(225, 236)
(225, 244)
(225, 247)
(227, 234)
(227, 236)
(227, 244)
(227, 246)
(227, 247)
(229, 230)
(230, 232)
(230, 234)
(230, 248)
(231, 245)
(231, 249)
(232, 248)
(233, 234)
(233, 236)
(233, 238)
(233, 241)
(233, 247)
(234, 238)
(234, 246)
(234, 247)
(235, 237)
(235, 242)
(236, 244)
(236, 246)
(236, 247)
(237, 241)
(237, 242)
(238, 241)
(238, 247)
(242, 249)
(244, 246)
(244, 247)
(246, 247)
