#Nodes
0
1
2
3
4
5
6
7
8
9
10
11
12
13
14
15
16
17
18
19
20
21
22
23
24
25
26
27
28
29
30
31
32
33
34
35
36
37
38
39
40
41
42
43
44
45
46
47
48
49
50
51
52
53
54
55
56
57
58
59
60
61
62
63
64
65
66
67
68
69
70
71
72
73
74
75
76
77
78
79
80
81
82
83
84
85
86
87
88
89
90
91
92
93
94
95
96
97
98
99
100
101
102
103
104
105
106
107
108
109
110
111
112
113
114
115
116
117
118
119
120
121
122
123
124
125
126
127
128
129
130
131
132
133
134
135
136
137
138
139
140
141
142
143
144
145
146
147
148
149
150
151
152
153
154
155
156
157
158
159
160
161
162
163
164
165
166
167
168
169
170
171
172
173
174
175
176
177
178
179
180
181
182
183
184
185
186
187
188
189
190
191
192
193
194
195
196
197
198
199
200
201
202
203
204
205
206
207
208
209
210
211
212
213
214
215
216
217
218
219
220
221
222
223
224
225
226
227
228
229
230
231
232
233
234
235
236
237
238
239
240
241
242
243
244
245
246
247
248
249
250
251
252
253
254
255
256
257
258
259
260
261
262
263
264
265
266
267
268
269
270
271
272
273
274
275
276
277
278
279
280
281
282
283
284
285
286
287
288
289
290
291
292
293
294
295
296
297
298
299
300
301
302
303
304
305
306
307
308
309
310
311
312
313
314
315
316
317
318
319
320
321
322
323
324
325
326
327
328
329
330
331
332
333
334
335
336
337
338
339
340
341
342
343
344
345
346
347
348
349
350
351
352
353
354
355
356
357
358
359
360
361
362
363
364
365
366
367
368
369
370
371
372
373
374
375
376
377
378
379
380
381
382
383
384
385
386
387
388
389
390
391
392
393
394
395
396
397
398
399
#Edges
(0, 384)
(0, 149)
(0, 131)
(0, 86)
(0, 128)
(0, 151)
(0, 270)
(0, 145)
(0, 3)
(0, 238)
(0, 279)
(0, 280)
(0, 283)
(0, 28)
(0, 159)
(0, 289)
(0, 164)
(0, 293)
(0, 40)
(0, 42)
(0, 171)
(0, 300)
(0, 306)
(0, 309)
(0, 312)
(0, 197)
(0, 70)
(0, 327)
(0, 73)
(0, 56)
(0, 142)
(0, 342)
(0, 105)
(0, 36)
(0, 33)
(0, 230)
(0, 104)
(0, 361)
(0, 366)
(0, 367)
(0, 370)
(0, 119)
(0, 251)
(0, 277)
(1, 388)
(1, 389)
(1, 262)
(1, 7)
(1, 137)
(1, 267)
(1, 268)
(1, 77)
(1, 399)
(1, 273)
(1, 146)
(1, 19)
(1, 20)
(1, 152)
(1, 4)
(1, 286)
(1, 161)
(1, 165)
(1, 41)
(1, 170)
(1, 299)
(1, 301)
(1, 307)
(1, 94)
(1, 58)
(1, 63)
(1, 75)
(1, 324)
(1, 202)
(1, 331)
(1, 204)
(1, 205)
(1, 79)
(1, 82)
(1, 83)
(1, 24)
(1, 89)
(1, 347)
(1, 92)
(1, 350)
(1, 223)
(1, 353)
(1, 356)
(1, 234)
(1, 107)
(1, 108)
(1, 237)
(1, 239)
(1, 371)
(1, 244)
(1, 245)
(1, 120)
(1, 378)
(1, 381)
(1, 254)
(1, 383)
(2, 256)
(2, 386)
(2, 261)
(2, 7)
(2, 137)
(2, 10)
(2, 395)
(2, 13)
(2, 141)
(2, 275)
(2, 155)
(2, 157)
(2, 32)
(2, 292)
(2, 294)
(2, 168)
(2, 297)
(2, 43)
(2, 302)
(2, 310)
(2, 58)
(2, 59)
(2, 320)
(2, 75)
(2, 182)
(2, 328)
(2, 331)
(2, 98)
(2, 335)
(2, 212)
(2, 88)
(2, 345)
(2, 349)
(2, 226)
(2, 356)
(2, 101)
(2, 236)
(2, 365)
(2, 239)
(2, 124)
(2, 127)
(3, 384)
(3, 128)
(3, 131)
(3, 86)
(3, 47)
(3, 270)
(3, 145)
(3, 276)
(3, 277)
(3, 279)
(3, 280)
(3, 283)
(3, 284)
(3, 159)
(3, 289)
(3, 35)
(3, 164)
(3, 296)
(3, 28)
(3, 42)
(3, 171)
(3, 300)
(3, 175)
(3, 305)
(3, 306)
(3, 40)
(3, 312)
(3, 319)
(3, 65)
(3, 194)
(3, 70)
(3, 327)
(3, 73)
(3, 56)
(3, 142)
(3, 342)
(3, 343)
(3, 36)
(3, 251)
(3, 33)
(3, 230)
(3, 104)
(3, 361)
(3, 106)
(3, 366)
(3, 367)
(3, 238)
(3, 105)
(3, 376)
(3, 377)
(3, 379)
(4, 388)
(4, 389)
(4, 262)
(4, 7)
(4, 136)
(4, 137)
(4, 267)
(4, 268)
(4, 77)
(4, 399)
(4, 273)
(4, 146)
(4, 19)
(4, 20)
(4, 152)
(4, 75)
(4, 286)
(4, 161)
(4, 165)
(4, 168)
(4, 41)
(4, 170)
(4, 299)
(4, 301)
(4, 307)
(4, 310)
(4, 58)
(4, 63)
(4, 320)
(4, 139)
(4, 324)
(4, 331)
(4, 204)
(4, 205)
(4, 79)
(4, 82)
(4, 83)
(4, 24)
(4, 89)
(4, 347)
(4, 92)
(4, 94)
(4, 223)
(4, 353)
(4, 356)
(4, 234)
(4, 107)
(4, 108)
(4, 237)
(4, 239)
(4, 371)
(4, 244)
(4, 245)
(4, 120)
(4, 381)
(4, 254)
(4, 383)
(5, 259)
(5, 390)
(5, 263)
(5, 264)
(5, 266)
(5, 140)
(5, 14)
(5, 143)
(5, 147)
(5, 285)
(5, 288)
(5, 166)
(5, 167)
(5, 169)
(5, 298)
(5, 53)
(5, 311)
(5, 57)
(5, 189)
(5, 195)
(5, 113)
(5, 336)
(5, 210)
(5, 211)
(5, 341)
(5, 218)
(5, 91)
(5, 122)
(5, 96)
(5, 225)
(5, 358)
(5, 103)
(5, 39)
(5, 61)
(5, 112)
(5, 369)
(5, 243)
(5, 248)
(5, 121)
(5, 250)
(5, 255)
(6, 51)
(6, 262)
(6, 265)
(6, 138)
(6, 267)
(6, 12)
(6, 399)
(6, 17)
(6, 19)
(6, 21)
(6, 278)
(6, 152)
(6, 282)
(6, 154)
(6, 286)
(6, 31)
(6, 160)
(6, 219)
(6, 37)
(6, 299)
(6, 178)
(6, 307)
(6, 54)
(6, 187)
(6, 62)
(6, 325)
(6, 329)
(6, 74)
(6, 77)
(6, 208)
(6, 82)
(6, 99)
(6, 84)
(6, 217)
(6, 271)
(6, 348)
(6, 93)
(6, 223)
(6, 80)
(6, 227)
(6, 235)
(6, 240)
(6, 242)
(6, 117)
(6, 378)
(6, 380)
(6, 253)
(6, 383)
(7, 256)
(7, 386)
(7, 137)
(7, 10)
(7, 395)
(7, 141)
(7, 237)
(7, 146)
(7, 275)
(7, 32)
(7, 165)
(7, 294)
(7, 168)
(7, 297)
(7, 302)
(7, 108)
(7, 310)
(7, 58)
(7, 59)
(7, 320)
(7, 75)
(7, 182)
(7, 328)
(7, 331)
(7, 206)
(7, 335)
(7, 337)
(7, 83)
(7, 212)
(7, 78)
(7, 88)
(7, 79)
(7, 349)
(7, 353)
(7, 98)
(7, 356)
(7, 363)
(7, 236)
(7, 365)
(7, 239)
(7, 245)
(7, 120)
(8, 256)
(8, 387)
(8, 132)
(8, 22)
(8, 391)
(8, 392)
(8, 10)
(8, 13)
(8, 45)
(8, 88)
(8, 18)
(8, 150)
(8, 155)
(8, 157)
(8, 30)
(8, 32)
(8, 290)
(8, 292)
(8, 294)
(8, 297)
(8, 173)
(8, 308)
(8, 59)
(8, 316)
(8, 68)
(8, 198)
(8, 330)
(8, 203)
(8, 340)
(8, 344)
(8, 345)
(8, 351)
(8, 224)
(8, 226)
(8, 359)
(8, 115)
(8, 124)
(8, 127)
(9, 130)
(9, 387)
(9, 260)
(9, 391)
(9, 14)
(9, 259)
(9, 25)
(9, 34)
(9, 43)
(9, 179)
(9, 180)
(9, 55)
(9, 313)
(9, 195)
(9, 336)
(9, 339)
(9, 95)
(9, 225)
(9, 359)
(9, 232)
(9, 233)
(9, 111)
(9, 243)
(9, 373)
(9, 247)
(9, 123)
(9, 126)
(10, 256)
(10, 386)
(10, 261)
(10, 137)
(10, 395)
(10, 13)
(10, 141)
(10, 18)
(10, 148)
(10, 155)
(10, 157)
(10, 30)
(10, 287)
(10, 32)
(10, 292)
(10, 294)
(10, 168)
(10, 297)
(10, 310)
(10, 58)
(10, 59)
(10, 316)
(10, 190)
(10, 320)
(10, 75)
(10, 228)
(10, 328)
(10, 331)
(10, 335)
(10, 11)
(10, 212)
(10, 88)
(10, 345)
(10, 349)
(10, 98)
(10, 356)
(10, 101)
(10, 236)
(10, 365)
(10, 239)
(10, 115)
(10, 124)
(10, 127)
(11, 386)
(11, 261)
(11, 137)
(11, 395)
(11, 13)
(11, 20)
(11, 287)
(11, 292)
(11, 294)
(11, 295)
(11, 59)
(11, 190)
(11, 320)
(11, 69)
(11, 88)
(11, 228)
(11, 98)
(11, 356)
(11, 101)
(11, 236)
(11, 148)
(12, 265)
(12, 138)
(12, 271)
(12, 274)
(12, 278)
(12, 154)
(12, 31)
(12, 160)
(12, 178)
(12, 51)
(12, 54)
(12, 187)
(12, 62)
(12, 321)
(12, 325)
(12, 329)
(12, 74)
(12, 208)
(12, 217)
(12, 219)
(12, 348)
(12, 93)
(12, 100)
(12, 240)
(12, 242)
(12, 125)
(13, 386)
(13, 132)
(13, 261)
(13, 395)
(13, 88)
(13, 18)
(13, 148)
(13, 155)
(13, 157)
(13, 30)
(13, 287)
(13, 32)
(13, 290)
(13, 292)
(13, 294)
(13, 297)
(13, 59)
(13, 316)
(13, 190)
(13, 320)
(13, 203)
(13, 212)
(13, 344)
(13, 345)
(13, 98)
(13, 228)
(13, 101)
(13, 236)
(13, 115)
(13, 127)
(14, 130)
(14, 259)
(14, 260)
(14, 390)
(14, 264)
(14, 143)
(14, 147)
(14, 285)
(14, 288)
(14, 113)
(14, 298)
(14, 44)
(14, 179)
(14, 53)
(14, 311)
(14, 57)
(14, 189)
(14, 195)
(14, 334)
(14, 336)
(14, 218)
(14, 91)
(14, 225)
(14, 232)
(14, 233)
(14, 61)
(14, 112)
(14, 369)
(14, 243)
(14, 247)
(14, 248)
(14, 123)
(14, 126)
(14, 255)
(15, 322)
(15, 291)
(15, 38)
(15, 162)
(15, 393)
(15, 332)
(15, 333)
(15, 110)
(15, 269)
(15, 76)
(15, 85)
(15, 90)
(15, 315)
(15, 29)
(15, 158)
(16, 384)
(16, 257)
(16, 81)
(16, 394)
(16, 23)
(16, 398)
(16, 272)
(16, 277)
(16, 279)
(16, 27)
(16, 156)
(16, 159)
(16, 33)
(16, 163)
(16, 164)
(16, 40)
(16, 42)
(16, 46)
(16, 303)
(16, 176)
(16, 177)
(16, 181)
(16, 73)
(16, 184)
(16, 318)
(16, 192)
(16, 323)
(16, 118)
(16, 71)
(16, 72)
(16, 201)
(16, 209)
(16, 211)
(16, 270)
(16, 222)
(16, 144)
(16, 229)
(16, 231)
(16, 361)
(16, 362)
(16, 381)
(16, 368)
(16, 371)
(16, 372)
(16, 246)
(16, 119)
(16, 252)
(16, 234)
(16, 382)
(16, 213)
(17, 51)
(17, 389)
(17, 262)
(17, 138)
(17, 267)
(17, 397)
(17, 399)
(17, 271)
(17, 19)
(17, 21)
(17, 152)
(17, 154)
(17, 286)
(17, 31)
(17, 160)
(17, 37)
(17, 92)
(17, 299)
(17, 172)
(17, 177)
(17, 178)
(17, 307)
(17, 54)
(17, 187)
(17, 60)
(17, 62)
(17, 191)
(17, 325)
(17, 329)
(17, 202)
(17, 204)
(17, 77)
(17, 208)
(17, 87)
(17, 89)
(17, 219)
(17, 348)
(17, 93)
(17, 223)
(17, 80)
(17, 100)
(17, 107)
(17, 242)
(17, 117)
(17, 41)
(17, 249)
(17, 378)
(17, 380)
(17, 383)
(18, 256)
(18, 132)
(18, 261)
(18, 392)
(18, 395)
(18, 344)
(18, 22)
(18, 155)
(18, 157)
(18, 30)
(18, 32)
(18, 290)
(18, 292)
(18, 294)
(18, 297)
(18, 173)
(18, 59)
(18, 316)
(18, 198)
(18, 330)
(18, 203)
(18, 340)
(18, 88)
(18, 345)
(18, 115)
(18, 127)
(19, 133)
(19, 262)
(19, 267)
(19, 268)
(19, 399)
(19, 20)
(19, 21)
(19, 152)
(19, 153)
(19, 286)
(19, 161)
(19, 165)
(19, 41)
(19, 170)
(19, 299)
(19, 301)
(19, 50)
(19, 307)
(19, 94)
(19, 63)
(19, 324)
(19, 69)
(19, 329)
(19, 75)
(19, 204)
(19, 77)
(19, 80)
(19, 82)
(19, 89)
(19, 347)
(19, 350)
(19, 223)
(19, 356)
(19, 102)
(19, 107)
(19, 108)
(19, 239)
(19, 244)
(19, 117)
(19, 380)
(19, 254)
(19, 383)
(20, 386)
(20, 261)
(20, 137)
(20, 395)
(20, 268)
(20, 399)
(20, 148)
(20, 89)
(20, 153)
(20, 286)
(20, 287)
(20, 133)
(20, 161)
(20, 295)
(20, 301)
(20, 108)
(20, 50)
(20, 94)
(20, 58)
(20, 190)
(20, 63)
(20, 320)
(20, 75)
(20, 324)
(20, 69)
(20, 331)
(20, 82)
(20, 228)
(20, 347)
(20, 350)
(20, 223)
(20, 98)
(20, 356)
(20, 101)
(20, 102)
(20, 236)
(20, 239)
(20, 254)
(21, 51)
(21, 262)
(21, 265)
(21, 138)
(21, 267)
(21, 268)
(21, 399)
(21, 278)
(21, 152)
(21, 282)
(21, 154)
(21, 286)
(21, 160)
(21, 219)
(21, 299)
(21, 304)
(21, 49)
(21, 50)
(21, 307)
(21, 94)
(21, 54)
(21, 187)
(21, 324)
(21, 325)
(21, 326)
(21, 200)
(21, 329)
(21, 74)
(21, 204)
(21, 77)
(21, 208)
(21, 82)
(21, 99)
(21, 84)
(21, 217)
(21, 271)
(21, 93)
(21, 350)
(21, 223)
(21, 80)
(21, 227)
(21, 102)
(21, 235)
(21, 240)
(21, 241)
(21, 242)
(21, 117)
(21, 378)
(21, 380)
(21, 253)
(21, 254)
(21, 383)
(22, 256)
(22, 387)
(22, 132)
(22, 391)
(22, 392)
(22, 45)
(22, 150)
(22, 155)
(22, 157)
(22, 30)
(22, 290)
(22, 297)
(22, 173)
(22, 308)
(22, 55)
(22, 316)
(22, 68)
(22, 198)
(22, 330)
(22, 203)
(22, 340)
(22, 344)
(22, 345)
(22, 351)
(22, 224)
(22, 226)
(22, 359)
(22, 111)
(22, 115)
(22, 124)
(22, 127)
(23, 257)
(23, 388)
(23, 389)
(23, 134)
(23, 136)
(23, 394)
(23, 139)
(23, 398)
(23, 272)
(23, 273)
(23, 279)
(23, 24)
(23, 27)
(23, 156)
(23, 81)
(23, 163)
(23, 166)
(23, 169)
(23, 172)
(23, 46)
(23, 303)
(23, 177)
(23, 181)
(23, 184)
(23, 318)
(23, 192)
(23, 323)
(23, 118)
(23, 71)
(23, 72)
(23, 201)
(23, 205)
(23, 209)
(23, 211)
(23, 270)
(23, 92)
(23, 222)
(23, 96)
(23, 144)
(23, 229)
(23, 231)
(23, 362)
(23, 364)
(23, 368)
(23, 371)
(23, 372)
(23, 246)
(23, 234)
(23, 250)
(23, 252)
(23, 381)
(23, 382)
(23, 213)
(24, 257)
(24, 107)
(24, 388)
(24, 389)
(24, 134)
(24, 136)
(24, 139)
(24, 273)
(24, 146)
(24, 165)
(24, 166)
(24, 169)
(24, 170)
(24, 303)
(24, 181)
(24, 318)
(24, 83)
(24, 323)
(24, 72)
(24, 201)
(24, 204)
(24, 205)
(24, 79)
(24, 209)
(24, 211)
(24, 92)
(24, 96)
(24, 353)
(24, 229)
(24, 81)
(24, 362)
(24, 363)
(24, 364)
(24, 237)
(24, 381)
(24, 371)
(24, 244)
(24, 245)
(24, 41)
(24, 120)
(24, 250)
(24, 234)
(25, 130)
(25, 387)
(25, 260)
(25, 391)
(25, 259)
(25, 34)
(25, 43)
(25, 45)
(25, 179)
(25, 308)
(25, 55)
(25, 180)
(25, 95)
(25, 195)
(25, 336)
(25, 339)
(25, 313)
(25, 351)
(25, 226)
(25, 359)
(25, 232)
(25, 233)
(25, 111)
(25, 373)
(25, 247)
(25, 123)
(25, 126)
(26, 258)
(26, 135)
(26, 393)
(26, 396)
(26, 281)
(26, 158)
(26, 162)
(26, 52)
(26, 186)
(26, 315)
(26, 193)
(26, 332)
(26, 333)
(26, 207)
(26, 215)
(26, 216)
(26, 221)
(26, 354)
(26, 110)
(26, 374)
(26, 375)
(26, 121)
(27, 385)
(27, 257)
(27, 394)
(27, 396)
(27, 270)
(27, 272)
(27, 277)
(27, 279)
(27, 39)
(27, 156)
(27, 33)
(27, 163)
(27, 166)
(27, 167)
(27, 129)
(27, 46)
(27, 303)
(27, 185)
(27, 186)
(27, 266)
(27, 192)
(27, 96)
(27, 197)
(27, 72)
(27, 140)
(27, 210)
(27, 211)
(27, 341)
(27, 220)
(27, 122)
(27, 222)
(27, 352)
(27, 144)
(27, 229)
(27, 231)
(27, 362)
(27, 103)
(27, 114)
(27, 246)
(27, 119)
(27, 250)
(27, 382)
(27, 149)
(28, 384)
(28, 128)
(28, 171)
(28, 86)
(28, 47)
(28, 270)
(28, 145)
(28, 131)
(28, 276)
(28, 277)
(28, 279)
(28, 280)
(28, 283)
(28, 284)
(28, 159)
(28, 289)
(28, 35)
(28, 164)
(28, 296)
(28, 42)
(28, 199)
(28, 300)
(28, 175)
(28, 305)
(28, 306)
(28, 56)
(28, 188)
(28, 317)
(28, 319)
(28, 65)
(28, 194)
(28, 327)
(28, 73)
(28, 142)
(28, 342)
(28, 343)
(28, 36)
(28, 346)
(28, 251)
(28, 33)
(28, 230)
(28, 104)
(28, 361)
(28, 106)
(28, 238)
(28, 40)
(28, 105)
(28, 376)
(28, 377)
(28, 379)
(29, 258)
(29, 393)
(29, 269)
(29, 147)
(29, 281)
(29, 158)
(29, 162)
(29, 291)
(29, 38)
(29, 44)
(29, 52)
(29, 315)
(29, 61)
(29, 322)
(29, 76)
(29, 332)
(29, 333)
(29, 85)
(29, 215)
(29, 90)
(29, 358)
(29, 110)
(29, 112)
(29, 375)
(29, 121)
(29, 255)
(30, 256)
(30, 132)
(30, 261)
(30, 392)
(30, 395)
(30, 88)
(30, 150)
(30, 155)
(30, 157)
(30, 32)
(30, 290)
(30, 292)
(30, 294)
(30, 297)
(30, 173)
(30, 308)
(30, 59)
(30, 316)
(30, 68)
(30, 198)
(30, 330)
(30, 203)
(30, 340)
(30, 344)
(30, 345)
(30, 351)
(30, 224)
(30, 226)
(30, 115)
(30, 124)
(30, 127)
(31, 262)
(31, 265)
(31, 138)
(31, 397)
(31, 271)
(31, 154)
(31, 160)
(31, 37)
(31, 178)
(31, 51)
(31, 54)
(31, 62)
(31, 191)
(31, 66)
(31, 67)
(31, 325)
(31, 329)
(31, 208)
(31, 214)
(31, 87)
(31, 219)
(31, 348)
(31, 93)
(31, 97)
(31, 100)
(31, 109)
(31, 249)
(31, 378)
(31, 125)
(32, 256)
(32, 387)
(32, 132)
(32, 261)
(32, 391)
(32, 137)
(32, 395)
(32, 141)
(32, 34)
(32, 88)
(32, 275)
(32, 155)
(32, 157)
(32, 290)
(32, 292)
(32, 294)
(32, 168)
(32, 297)
(32, 43)
(32, 302)
(32, 310)
(32, 313)
(32, 59)
(32, 316)
(32, 203)
(32, 198)
(32, 328)
(32, 330)
(32, 331)
(32, 98)
(32, 335)
(32, 339)
(32, 340)
(32, 344)
(32, 345)
(32, 349)
(32, 351)
(32, 224)
(32, 226)
(32, 359)
(32, 236)
(32, 365)
(32, 111)
(32, 115)
(32, 212)
(32, 124)
(32, 127)
(33, 384)
(33, 385)
(33, 131)
(33, 86)
(33, 257)
(33, 394)
(33, 151)
(33, 270)
(33, 272)
(33, 145)
(33, 277)
(33, 279)
(33, 156)
(33, 159)
(33, 289)
(33, 163)
(33, 164)
(33, 293)
(33, 129)
(33, 42)
(33, 71)
(33, 300)
(33, 128)
(33, 309)
(33, 312)
(33, 185)
(33, 192)
(33, 197)
(33, 70)
(33, 327)
(33, 72)
(33, 73)
(33, 56)
(33, 142)
(33, 342)
(33, 105)
(33, 36)
(33, 220)
(33, 118)
(33, 222)
(33, 352)
(33, 144)
(33, 231)
(33, 361)
(33, 366)
(33, 367)
(33, 40)
(33, 370)
(33, 246)
(33, 119)
(33, 377)
(33, 251)
(33, 382)
(33, 149)
(34, 256)
(34, 130)
(34, 387)
(34, 260)
(34, 263)
(34, 141)
(34, 143)
(34, 43)
(34, 275)
(34, 285)
(34, 288)
(34, 297)
(34, 298)
(34, 391)
(34, 45)
(34, 302)
(34, 179)
(34, 180)
(34, 53)
(34, 182)
(34, 55)
(34, 313)
(34, 95)
(34, 195)
(34, 328)
(34, 330)
(34, 206)
(34, 335)
(34, 336)
(34, 337)
(34, 339)
(34, 78)
(34, 351)
(34, 224)
(34, 225)
(34, 226)
(34, 359)
(34, 259)
(34, 233)
(34, 365)
(34, 111)
(34, 232)
(34, 373)
(34, 123)
(34, 124)
(35, 384)
(35, 128)
(35, 171)
(35, 47)
(35, 142)
(35, 131)
(35, 276)
(35, 280)
(35, 283)
(35, 284)
(35, 159)
(35, 164)
(35, 296)
(35, 42)
(35, 199)
(35, 300)
(35, 175)
(35, 305)
(35, 306)
(35, 314)
(35, 188)
(35, 317)
(35, 319)
(35, 65)
(35, 194)
(35, 327)
(35, 73)
(35, 343)
(35, 36)
(35, 346)
(35, 379)
(35, 230)
(35, 104)
(35, 105)
(35, 106)
(35, 238)
(35, 40)
(35, 376)
(35, 377)
(35, 251)
(36, 384)
(36, 128)
(36, 131)
(36, 86)
(36, 47)
(36, 151)
(36, 270)
(36, 272)
(36, 145)
(36, 276)
(36, 277)
(36, 279)
(36, 280)
(36, 283)
(36, 159)
(36, 289)
(36, 164)
(36, 293)
(36, 40)
(36, 42)
(36, 171)
(36, 300)
(36, 175)
(36, 105)
(36, 309)
(36, 312)
(36, 65)
(36, 197)
(36, 70)
(36, 327)
(36, 73)
(36, 56)
(36, 142)
(36, 342)
(36, 343)
(36, 230)
(36, 361)
(36, 366)
(36, 367)
(36, 238)
(36, 370)
(36, 119)
(36, 377)
(36, 251)
(36, 149)
(37, 51)
(37, 389)
(37, 262)
(37, 138)
(37, 267)
(37, 397)
(37, 399)
(37, 152)
(37, 160)
(37, 116)
(37, 48)
(37, 92)
(37, 170)
(37, 172)
(37, 176)
(37, 177)
(37, 178)
(37, 307)
(37, 181)
(37, 54)
(37, 184)
(37, 372)
(37, 60)
(37, 318)
(37, 191)
(37, 67)
(37, 196)
(37, 329)
(37, 202)
(37, 204)
(37, 77)
(37, 209)
(37, 213)
(37, 87)
(37, 89)
(37, 348)
(37, 93)
(37, 97)
(37, 100)
(37, 81)
(37, 107)
(37, 368)
(37, 244)
(37, 41)
(37, 249)
(37, 378)
(37, 252)
(37, 381)
(37, 383)
(38, 258)
(38, 393)
(38, 269)
(38, 147)
(38, 158)
(38, 162)
(38, 291)
(38, 44)
(38, 52)
(38, 315)
(38, 61)
(38, 322)
(38, 76)
(38, 332)
(38, 85)
(38, 215)
(38, 90)
(38, 112)
(38, 121)
(38, 255)
(39, 385)
(39, 129)
(39, 394)
(39, 396)
(39, 272)
(39, 163)
(39, 166)
(39, 167)
(39, 122)
(39, 46)
(39, 303)
(39, 185)
(39, 186)
(39, 266)
(39, 193)
(39, 140)
(39, 119)
(39, 210)
(39, 211)
(39, 341)
(39, 221)
(39, 222)
(39, 352)
(39, 144)
(39, 354)
(39, 358)
(39, 231)
(39, 362)
(39, 103)
(39, 96)
(39, 114)
(39, 246)
(39, 375)
(39, 121)
(39, 250)
(40, 384)
(40, 128)
(40, 171)
(40, 86)
(40, 47)
(40, 398)
(40, 145)
(40, 131)
(40, 276)
(40, 277)
(40, 279)
(40, 280)
(40, 283)
(40, 284)
(40, 159)
(40, 289)
(40, 164)
(40, 296)
(40, 156)
(40, 42)
(40, 199)
(40, 300)
(40, 142)
(40, 175)
(40, 305)
(40, 105)
(40, 56)
(40, 317)
(40, 192)
(40, 65)
(40, 194)
(40, 71)
(40, 327)
(40, 73)
(40, 270)
(40, 342)
(40, 343)
(40, 346)
(40, 251)
(40, 230)
(40, 361)
(40, 106)
(40, 238)
(40, 368)
(40, 118)
(40, 119)
(40, 376)
(40, 377)
(40, 379)
(40, 382)
(41, 389)
(41, 262)
(41, 138)
(41, 267)
(41, 268)
(41, 77)
(41, 399)
(41, 273)
(41, 146)
(41, 152)
(41, 286)
(41, 160)
(41, 165)
(41, 170)
(41, 299)
(41, 172)
(41, 301)
(41, 177)
(41, 307)
(41, 181)
(41, 54)
(41, 201)
(41, 184)
(41, 244)
(41, 60)
(41, 318)
(41, 63)
(41, 329)
(41, 202)
(41, 204)
(41, 205)
(41, 79)
(41, 209)
(41, 82)
(41, 83)
(41, 213)
(41, 87)
(41, 89)
(41, 92)
(41, 223)
(41, 81)
(41, 234)
(41, 107)
(41, 108)
(41, 371)
(41, 372)
(41, 120)
(41, 378)
(41, 381)
(41, 383)
(42, 384)
(42, 128)
(42, 171)
(42, 86)
(42, 47)
(42, 398)
(42, 272)
(42, 145)
(42, 131)
(42, 276)
(42, 277)
(42, 279)
(42, 280)
(42, 283)
(42, 284)
(42, 159)
(42, 289)
(42, 164)
(42, 296)
(42, 156)
(42, 199)
(42, 300)
(42, 142)
(42, 175)
(42, 305)
(42, 105)
(42, 312)
(42, 192)
(42, 65)
(42, 194)
(42, 71)
(42, 70)
(42, 327)
(42, 73)
(42, 56)
(42, 270)
(42, 342)
(42, 343)
(42, 346)
(42, 251)
(42, 230)
(42, 361)
(42, 106)
(42, 238)
(42, 367)
(42, 368)
(42, 118)
(42, 119)
(42, 376)
(42, 377)
(42, 379)
(42, 382)
(43, 256)
(43, 130)
(43, 387)
(43, 260)
(43, 263)
(43, 141)
(43, 275)
(43, 285)
(43, 288)
(43, 180)
(43, 297)
(43, 391)
(43, 45)
(43, 302)
(43, 157)
(43, 179)
(43, 308)
(43, 53)
(43, 182)
(43, 55)
(43, 313)
(43, 95)
(43, 195)
(43, 198)
(43, 328)
(43, 330)
(43, 206)
(43, 335)
(43, 336)
(43, 337)
(43, 339)
(43, 212)
(43, 78)
(43, 349)
(43, 351)
(43, 224)
(43, 225)
(43, 226)
(43, 359)
(43, 259)
(43, 233)
(43, 365)
(43, 111)
(43, 232)
(43, 373)
(43, 123)
(43, 124)
(44, 260)
(44, 390)
(44, 264)
(44, 269)
(44, 147)
(44, 291)
(44, 311)
(44, 57)
(44, 315)
(44, 61)
(44, 322)
(44, 76)
(44, 334)
(44, 85)
(44, 215)
(44, 90)
(44, 91)
(44, 112)
(44, 113)
(44, 243)
(44, 247)
(44, 126)
(44, 255)
(45, 256)
(45, 387)
(45, 132)
(45, 391)
(45, 392)
(45, 141)
(45, 150)
(45, 155)
(45, 157)
(45, 290)
(45, 297)
(45, 173)
(45, 308)
(45, 55)
(45, 180)
(45, 95)
(45, 68)
(45, 198)
(45, 330)
(45, 339)
(45, 340)
(45, 313)
(45, 345)
(45, 351)
(45, 224)
(45, 226)
(45, 359)
(45, 111)
(45, 373)
(45, 124)
(46, 385)
(46, 257)
(46, 394)
(46, 140)
(46, 272)
(46, 156)
(46, 163)
(46, 166)
(46, 167)
(46, 129)
(46, 169)
(46, 114)
(46, 303)
(46, 266)
(46, 192)
(46, 96)
(46, 323)
(46, 118)
(46, 71)
(46, 72)
(46, 201)
(46, 210)
(46, 211)
(46, 341)
(46, 122)
(46, 222)
(46, 352)
(46, 144)
(46, 229)
(46, 231)
(46, 234)
(46, 103)
(46, 364)
(46, 362)
(46, 246)
(46, 119)
(46, 250)
(46, 381)
(46, 382)
(47, 384)
(47, 128)
(47, 171)
(47, 142)
(47, 145)
(47, 131)
(47, 276)
(47, 280)
(47, 283)
(47, 284)
(47, 159)
(47, 164)
(47, 296)
(47, 199)
(47, 300)
(47, 175)
(47, 305)
(47, 306)
(47, 314)
(47, 188)
(47, 317)
(47, 319)
(47, 65)
(47, 194)
(47, 327)
(47, 73)
(47, 343)
(47, 346)
(47, 379)
(47, 230)
(47, 104)
(47, 105)
(47, 106)
(47, 238)
(47, 376)
(47, 377)
(47, 251)
(48, 138)
(48, 87)
(48, 397)
(48, 398)
(48, 67)
(48, 160)
(48, 92)
(48, 71)
(48, 172)
(48, 175)
(48, 176)
(48, 177)
(48, 178)
(48, 51)
(48, 181)
(48, 54)
(48, 184)
(48, 116)
(48, 314)
(48, 60)
(48, 317)
(48, 318)
(48, 191)
(48, 192)
(48, 66)
(48, 323)
(48, 196)
(48, 199)
(48, 202)
(48, 209)
(48, 338)
(48, 213)
(48, 214)
(48, 377)
(48, 346)
(48, 348)
(48, 97)
(48, 100)
(48, 81)
(48, 109)
(48, 368)
(48, 372)
(48, 118)
(48, 249)
(48, 378)
(48, 252)
(48, 382)
(49, 265)
(49, 271)
(49, 274)
(49, 278)
(49, 282)
(49, 154)
(49, 99)
(49, 174)
(49, 304)
(49, 183)
(49, 187)
(49, 64)
(49, 321)
(49, 326)
(49, 200)
(49, 74)
(49, 208)
(49, 227)
(49, 84)
(49, 217)
(49, 219)
(49, 80)
(49, 355)
(49, 357)
(49, 102)
(49, 360)
(49, 235)
(49, 240)
(49, 241)
(49, 242)
(49, 117)
(49, 380)
(49, 253)
(50, 133)
(50, 268)
(50, 399)
(50, 152)
(50, 153)
(50, 282)
(50, 286)
(50, 161)
(50, 295)
(50, 299)
(50, 301)
(50, 174)
(50, 304)
(50, 94)
(50, 63)
(50, 324)
(50, 69)
(50, 326)
(50, 200)
(50, 80)
(50, 82)
(50, 99)
(50, 84)
(50, 347)
(50, 350)
(50, 223)
(50, 227)
(50, 357)
(50, 102)
(50, 235)
(50, 242)
(50, 117)
(50, 380)
(50, 253)
(50, 254)
(51, 262)
(51, 138)
(51, 397)
(51, 271)
(51, 154)
(51, 160)
(51, 172)
(51, 176)
(51, 177)
(51, 178)
(51, 54)
(51, 116)
(51, 60)
(51, 62)
(51, 191)
(51, 66)
(51, 67)
(51, 196)
(51, 325)
(51, 329)
(51, 202)
(51, 208)
(51, 213)
(51, 214)
(51, 87)
(51, 219)
(51, 348)
(51, 93)
(51, 97)
(51, 100)
(51, 109)
(51, 372)
(51, 249)
(51, 378)
(51, 125)
(52, 258)
(52, 135)
(52, 393)
(52, 396)
(52, 269)
(52, 281)
(52, 158)
(52, 162)
(52, 291)
(52, 167)
(52, 315)
(52, 193)
(52, 140)
(52, 332)
(52, 333)
(52, 207)
(52, 210)
(52, 85)
(52, 215)
(52, 216)
(52, 90)
(52, 221)
(52, 354)
(52, 358)
(52, 110)
(52, 374)
(52, 375)
(52, 121)
(52, 122)
(53, 130)
(53, 259)
(53, 260)
(53, 390)
(53, 263)
(53, 264)
(53, 266)
(53, 143)
(53, 275)
(53, 285)
(53, 288)
(53, 134)
(53, 166)
(53, 113)
(53, 298)
(53, 302)
(53, 179)
(53, 182)
(53, 311)
(53, 57)
(53, 189)
(53, 195)
(53, 328)
(53, 206)
(53, 335)
(53, 336)
(53, 337)
(53, 78)
(53, 218)
(53, 91)
(53, 96)
(53, 225)
(53, 232)
(53, 233)
(53, 363)
(53, 365)
(53, 369)
(53, 243)
(53, 245)
(53, 248)
(53, 123)
(54, 262)
(54, 265)
(54, 138)
(54, 397)
(54, 271)
(54, 152)
(54, 154)
(54, 160)
(54, 172)
(54, 177)
(54, 178)
(54, 60)
(54, 62)
(54, 191)
(54, 67)
(54, 196)
(54, 325)
(54, 329)
(54, 202)
(54, 208)
(54, 87)
(54, 219)
(54, 348)
(54, 93)
(54, 97)
(54, 100)
(54, 109)
(54, 249)
(54, 378)
(54, 125)
(54, 383)
(55, 256)
(55, 387)
(55, 132)
(55, 391)
(55, 392)
(55, 150)
(55, 157)
(55, 290)
(55, 173)
(55, 308)
(55, 180)
(55, 95)
(55, 68)
(55, 198)
(55, 330)
(55, 339)
(55, 340)
(55, 313)
(55, 351)
(55, 224)
(55, 226)
(55, 359)
(55, 111)
(55, 373)
(55, 124)
(56, 384)
(56, 385)
(56, 131)
(56, 86)
(56, 129)
(56, 394)
(56, 151)
(56, 270)
(56, 272)
(56, 145)
(56, 277)
(56, 279)
(56, 159)
(56, 289)
(56, 164)
(56, 293)
(56, 300)
(56, 128)
(56, 309)
(56, 312)
(56, 185)
(56, 186)
(56, 197)
(56, 70)
(56, 327)
(56, 73)
(56, 342)
(56, 105)
(56, 220)
(56, 222)
(56, 352)
(56, 144)
(56, 230)
(56, 361)
(56, 366)
(56, 367)
(56, 370)
(56, 119)
(56, 251)
(56, 149)
(57, 259)
(57, 260)
(57, 390)
(57, 263)
(57, 264)
(57, 266)
(57, 143)
(57, 147)
(57, 285)
(57, 288)
(57, 113)
(57, 298)
(57, 179)
(57, 311)
(57, 189)
(57, 195)
(57, 334)
(57, 336)
(57, 210)
(57, 341)
(57, 218)
(57, 91)
(57, 225)
(57, 232)
(57, 233)
(57, 61)
(57, 112)
(57, 369)
(57, 243)
(57, 247)
(57, 248)
(57, 123)
(57, 126)
(57, 255)
(58, 386)
(58, 388)
(58, 134)
(58, 136)
(58, 137)
(58, 395)
(58, 268)
(58, 237)
(58, 273)
(58, 146)
(58, 286)
(58, 161)
(58, 165)
(58, 168)
(58, 170)
(58, 301)
(58, 302)
(58, 108)
(58, 310)
(58, 63)
(58, 320)
(58, 139)
(58, 182)
(58, 328)
(58, 79)
(58, 331)
(58, 205)
(58, 206)
(58, 335)
(58, 337)
(58, 75)
(58, 83)
(58, 212)
(58, 88)
(58, 89)
(58, 347)
(58, 349)
(58, 94)
(58, 353)
(58, 98)
(58, 356)
(58, 363)
(58, 236)
(58, 365)
(58, 239)
(58, 244)
(58, 245)
(58, 120)
(59, 256)
(59, 386)
(59, 132)
(59, 261)
(59, 137)
(59, 395)
(59, 88)
(59, 148)
(59, 155)
(59, 157)
(59, 287)
(59, 292)
(59, 294)
(59, 297)
(59, 316)
(59, 190)
(59, 320)
(59, 228)
(59, 203)
(59, 212)
(59, 344)
(59, 345)
(59, 98)
(59, 356)
(59, 101)
(59, 236)
(59, 239)
(59, 115)
(59, 127)
(60, 257)
(60, 389)
(60, 262)
(60, 138)
(60, 267)
(60, 397)
(60, 398)
(60, 67)
(60, 160)
(60, 116)
(60, 92)
(60, 170)
(60, 172)
(60, 176)
(60, 177)
(60, 178)
(60, 307)
(60, 181)
(60, 201)
(60, 184)
(60, 372)
(60, 318)
(60, 191)
(60, 192)
(60, 323)
(60, 196)
(60, 71)
(60, 329)
(60, 202)
(60, 204)
(60, 205)
(60, 77)
(60, 209)
(60, 213)
(60, 87)
(60, 348)
(60, 97)
(60, 100)
(60, 81)
(60, 234)
(60, 107)
(60, 368)
(60, 371)
(60, 244)
(60, 118)
(60, 249)
(60, 378)
(60, 252)
(60, 381)
(60, 383)
(61, 258)
(61, 260)
(61, 390)
(61, 264)
(61, 393)
(61, 266)
(61, 140)
(61, 147)
(61, 90)
(61, 167)
(61, 298)
(61, 311)
(61, 315)
(61, 189)
(61, 322)
(61, 113)
(61, 332)
(61, 334)
(61, 210)
(61, 85)
(61, 341)
(61, 215)
(61, 218)
(61, 91)
(61, 358)
(61, 103)
(61, 112)
(61, 369)
(61, 243)
(61, 375)
(61, 248)
(61, 121)
(61, 126)
(61, 255)
(62, 265)
(62, 138)
(62, 397)
(62, 154)
(62, 160)
(62, 178)
(62, 66)
(62, 67)
(62, 325)
(62, 329)
(62, 208)
(62, 214)
(62, 87)
(62, 219)
(62, 348)
(62, 93)
(62, 97)
(62, 100)
(62, 109)
(62, 249)
(62, 125)
(63, 386)
(63, 133)
(63, 137)
(63, 267)
(63, 268)
(63, 399)
(63, 146)
(63, 152)
(63, 286)
(63, 161)
(63, 165)
(63, 170)
(63, 299)
(63, 301)
(63, 307)
(63, 94)
(63, 320)
(63, 75)
(63, 324)
(63, 69)
(63, 331)
(63, 204)
(63, 77)
(63, 80)
(63, 82)
(63, 89)
(63, 347)
(63, 350)
(63, 223)
(63, 356)
(63, 107)
(63, 108)
(63, 237)
(63, 239)
(63, 244)
(63, 117)
(63, 120)
(63, 254)
(63, 383)
(64, 271)
(64, 274)
(64, 278)
(64, 282)
(64, 99)
(64, 174)
(64, 304)
(64, 183)
(64, 187)
(64, 321)
(64, 326)
(64, 200)
(64, 74)
(64, 227)
(64, 84)
(64, 217)
(64, 355)
(64, 357)
(64, 102)
(64, 360)
(64, 235)
(64, 240)
(64, 241)
(64, 242)
(64, 380)
(64, 253)
(65, 384)
(65, 128)
(65, 171)
(65, 398)
(65, 145)
(65, 131)
(65, 276)
(65, 279)
(65, 280)
(65, 283)
(65, 284)
(65, 159)
(65, 164)
(65, 296)
(65, 199)
(65, 300)
(65, 142)
(65, 175)
(65, 176)
(65, 305)
(65, 314)
(65, 188)
(65, 317)
(65, 319)
(65, 194)
(65, 327)
(65, 73)
(65, 270)
(65, 214)
(65, 343)
(65, 346)
(65, 251)
(65, 230)
(65, 361)
(65, 106)
(65, 238)
(65, 368)
(65, 116)
(65, 105)
(65, 376)
(65, 377)
(65, 379)
(65, 252)
(66, 397)
(66, 296)
(66, 175)
(66, 176)
(66, 178)
(66, 314)
(66, 188)
(66, 317)
(66, 191)
(66, 194)
(66, 67)
(66, 196)
(66, 199)
(66, 338)
(66, 214)
(66, 87)
(66, 346)
(66, 348)
(66, 97)
(66, 100)
(66, 109)
(66, 116)
(66, 249)
(66, 125)
(67, 138)
(67, 397)
(67, 398)
(67, 160)
(67, 172)
(67, 176)
(67, 177)
(67, 178)
(67, 116)
(67, 314)
(67, 317)
(67, 191)
(67, 196)
(67, 199)
(67, 202)
(67, 338)
(67, 213)
(67, 214)
(67, 87)
(67, 348)
(67, 93)
(67, 97)
(67, 100)
(67, 109)
(67, 368)
(67, 372)
(67, 249)
(67, 378)
(67, 252)
(67, 125)
(68, 256)
(68, 387)
(68, 132)
(68, 391)
(68, 392)
(68, 150)
(68, 155)
(68, 157)
(68, 290)
(68, 297)
(68, 173)
(68, 308)
(68, 180)
(68, 198)
(68, 330)
(68, 203)
(68, 339)
(68, 340)
(68, 313)
(68, 344)
(68, 345)
(68, 351)
(68, 224)
(68, 226)
(68, 359)
(68, 111)
(68, 373)
(68, 124)
(69, 386)
(69, 133)
(69, 148)
(69, 153)
(69, 287)
(69, 161)
(69, 295)
(69, 301)
(69, 174)
(69, 304)
(69, 94)
(69, 190)
(69, 320)
(69, 324)
(69, 75)
(69, 82)
(69, 356)
(69, 347)
(69, 350)
(69, 223)
(69, 228)
(69, 101)
(69, 102)
(69, 108)
(69, 254)
(70, 384)
(70, 385)
(70, 131)
(70, 86)
(70, 128)
(70, 270)
(70, 145)
(70, 277)
(70, 151)
(70, 283)
(70, 289)
(70, 164)
(70, 293)
(70, 300)
(70, 309)
(70, 312)
(70, 185)
(70, 197)
(70, 327)
(70, 342)
(70, 105)
(70, 220)
(70, 230)
(70, 361)
(70, 366)
(70, 367)
(70, 370)
(70, 119)
(70, 251)
(70, 149)
(71, 384)
(71, 257)
(71, 389)
(71, 394)
(71, 398)
(71, 272)
(71, 279)
(71, 156)
(71, 159)
(71, 163)
(71, 164)
(71, 172)
(71, 303)
(71, 176)
(71, 177)
(71, 181)
(71, 73)
(71, 184)
(71, 116)
(71, 318)
(71, 191)
(71, 192)
(71, 323)
(71, 196)
(71, 72)
(71, 201)
(71, 202)
(71, 209)
(71, 270)
(71, 92)
(71, 144)
(71, 229)
(71, 81)
(71, 361)
(71, 362)
(71, 381)
(71, 368)
(71, 371)
(71, 372)
(71, 118)
(71, 377)
(71, 252)
(71, 234)
(71, 382)
(71, 213)
(72, 257)
(72, 388)
(72, 389)
(72, 81)
(72, 394)
(72, 139)
(72, 398)
(72, 272)
(72, 273)
(72, 279)
(72, 156)
(72, 163)
(72, 166)
(72, 169)
(72, 172)
(72, 303)
(72, 176)
(72, 177)
(72, 181)
(72, 184)
(72, 318)
(72, 192)
(72, 323)
(72, 118)
(72, 201)
(72, 205)
(72, 209)
(72, 211)
(72, 270)
(72, 92)
(72, 222)
(72, 96)
(72, 144)
(72, 229)
(72, 231)
(72, 361)
(72, 362)
(72, 364)
(72, 368)
(72, 371)
(72, 372)
(72, 246)
(72, 234)
(72, 250)
(72, 252)
(72, 381)
(72, 382)
(72, 213)
(73, 384)
(73, 128)
(73, 171)
(73, 86)
(73, 398)
(73, 272)
(73, 145)
(73, 131)
(73, 276)
(73, 277)
(73, 279)
(73, 280)
(73, 283)
(73, 284)
(73, 159)
(73, 289)
(73, 164)
(73, 296)
(73, 156)
(73, 199)
(73, 300)
(73, 142)
(73, 175)
(73, 305)
(73, 105)
(73, 317)
(73, 192)
(73, 194)
(73, 327)
(73, 270)
(73, 342)
(73, 343)
(73, 346)
(73, 251)
(73, 230)
(73, 361)
(73, 106)
(73, 238)
(73, 368)
(73, 118)
(73, 119)
(73, 376)
(73, 377)
(73, 379)
(73, 252)
(73, 382)
(74, 265)
(74, 271)
(74, 274)
(74, 278)
(74, 282)
(74, 154)
(74, 99)
(74, 183)
(74, 187)
(74, 321)
(74, 325)
(74, 326)
(74, 200)
(74, 208)
(74, 227)
(74, 84)
(74, 217)
(74, 219)
(74, 93)
(74, 355)
(74, 357)
(74, 360)
(74, 235)
(74, 240)
(74, 241)
(74, 242)
(74, 380)
(74, 253)
(75, 386)
(75, 261)
(75, 137)
(75, 395)
(75, 268)
(75, 399)
(75, 146)
(75, 148)
(75, 286)
(75, 287)
(75, 161)
(75, 165)
(75, 168)
(75, 170)
(75, 301)
(75, 108)
(75, 94)
(75, 310)
(75, 190)
(75, 320)
(75, 267)
(75, 324)
(75, 331)
(75, 204)
(75, 77)
(75, 79)
(75, 82)
(75, 83)
(75, 212)
(75, 88)
(75, 89)
(75, 347)
(75, 349)
(75, 350)
(75, 223)
(75, 98)
(75, 356)
(75, 101)
(75, 236)
(75, 237)
(75, 239)
(75, 244)
(75, 120)
(75, 254)
(76, 322)
(76, 291)
(76, 162)
(76, 393)
(76, 258)
(76, 332)
(76, 269)
(76, 112)
(76, 147)
(76, 85)
(76, 215)
(76, 121)
(76, 90)
(76, 315)
(76, 158)
(76, 255)
(77, 389)
(77, 262)
(77, 267)
(77, 268)
(77, 399)
(77, 273)
(77, 146)
(77, 152)
(77, 286)
(77, 160)
(77, 161)
(77, 165)
(77, 170)
(77, 299)
(77, 172)
(77, 301)
(77, 307)
(77, 94)
(77, 318)
(77, 324)
(77, 329)
(77, 202)
(77, 204)
(77, 205)
(77, 79)
(77, 80)
(77, 209)
(77, 82)
(77, 83)
(77, 89)
(77, 347)
(77, 92)
(77, 350)
(77, 223)
(77, 234)
(77, 107)
(77, 108)
(77, 237)
(77, 371)
(77, 244)
(77, 117)
(77, 120)
(77, 378)
(77, 254)
(77, 383)
(78, 130)
(78, 259)
(78, 134)
(78, 263)
(78, 136)
(78, 139)
(78, 141)
(78, 237)
(78, 275)
(78, 285)
(78, 288)
(78, 168)
(78, 298)
(78, 302)
(78, 310)
(78, 189)
(78, 195)
(78, 182)
(78, 225)
(78, 328)
(78, 79)
(78, 206)
(78, 335)
(78, 336)
(78, 337)
(78, 143)
(78, 349)
(78, 353)
(78, 232)
(78, 233)
(78, 363)
(78, 364)
(78, 365)
(78, 369)
(78, 245)
(78, 248)
(78, 123)
(79, 107)
(79, 388)
(79, 389)
(79, 134)
(79, 263)
(79, 136)
(79, 108)
(79, 139)
(79, 273)
(79, 146)
(79, 165)
(79, 168)
(79, 169)
(79, 170)
(79, 310)
(79, 182)
(79, 201)
(79, 331)
(79, 204)
(79, 205)
(79, 206)
(79, 337)
(79, 83)
(79, 89)
(79, 92)
(79, 349)
(79, 96)
(79, 353)
(79, 229)
(79, 234)
(79, 363)
(79, 364)
(79, 237)
(79, 239)
(79, 371)
(79, 244)
(79, 245)
(79, 120)
(79, 381)
(80, 133)
(80, 262)
(80, 267)
(80, 268)
(80, 399)
(80, 152)
(80, 153)
(80, 282)
(80, 154)
(80, 286)
(80, 160)
(80, 161)
(80, 347)
(80, 299)
(80, 301)
(80, 174)
(80, 304)
(80, 307)
(80, 94)
(80, 187)
(80, 324)
(80, 326)
(80, 200)
(80, 329)
(80, 204)
(80, 208)
(80, 82)
(80, 99)
(80, 84)
(80, 89)
(80, 271)
(80, 350)
(80, 223)
(80, 227)
(80, 357)
(80, 102)
(80, 235)
(80, 108)
(80, 240)
(80, 241)
(80, 242)
(80, 117)
(80, 380)
(80, 253)
(80, 254)
(80, 383)
(81, 257)
(81, 388)
(81, 389)
(81, 394)
(81, 397)
(81, 398)
(81, 273)
(81, 156)
(81, 163)
(81, 172)
(81, 303)
(81, 176)
(81, 177)
(81, 181)
(81, 184)
(81, 116)
(81, 318)
(81, 191)
(81, 192)
(81, 323)
(81, 196)
(81, 201)
(81, 202)
(81, 205)
(81, 209)
(81, 213)
(81, 92)
(81, 229)
(81, 362)
(81, 107)
(81, 381)
(81, 368)
(81, 371)
(81, 372)
(81, 118)
(81, 378)
(81, 252)
(81, 234)
(81, 382)
(82, 107)
(82, 133)
(82, 262)
(82, 267)
(82, 268)
(82, 399)
(82, 152)
(82, 153)
(82, 282)
(82, 286)
(82, 161)
(82, 170)
(82, 299)
(82, 301)
(82, 304)
(82, 307)
(82, 94)
(82, 324)
(82, 329)
(82, 204)
(82, 84)
(82, 89)
(82, 347)
(82, 350)
(82, 223)
(82, 356)
(82, 102)
(82, 235)
(82, 108)
(82, 239)
(82, 244)
(82, 117)
(82, 380)
(82, 254)
(82, 383)
(83, 107)
(83, 388)
(83, 389)
(83, 134)
(83, 136)
(83, 108)
(83, 267)
(83, 268)
(83, 273)
(83, 146)
(83, 286)
(83, 165)
(83, 168)
(83, 169)
(83, 170)
(83, 307)
(83, 310)
(83, 139)
(83, 201)
(83, 331)
(83, 204)
(83, 205)
(83, 206)
(83, 337)
(83, 89)
(83, 92)
(83, 349)
(83, 96)
(83, 353)
(83, 229)
(83, 234)
(83, 363)
(83, 364)
(83, 237)
(83, 239)
(83, 371)
(83, 244)
(83, 245)
(83, 120)
(83, 381)
(84, 133)
(84, 271)
(84, 278)
(84, 153)
(84, 282)
(84, 299)
(84, 174)
(84, 304)
(84, 183)
(84, 187)
(84, 324)
(84, 326)
(84, 200)
(84, 208)
(84, 99)
(84, 350)
(84, 223)
(84, 227)
(84, 357)
(84, 102)
(84, 360)
(84, 235)
(84, 240)
(84, 241)
(84, 242)
(84, 117)
(84, 380)
(84, 253)
(85, 258)
(85, 390)
(85, 264)
(85, 393)
(85, 269)
(85, 147)
(85, 158)
(85, 162)
(85, 291)
(85, 315)
(85, 193)
(85, 322)
(85, 332)
(85, 333)
(85, 334)
(85, 215)
(85, 90)
(85, 221)
(85, 358)
(85, 110)
(85, 112)
(85, 375)
(85, 121)
(85, 255)
(86, 384)
(86, 385)
(86, 131)
(86, 129)
(86, 394)
(86, 151)
(86, 270)
(86, 272)
(86, 145)
(86, 277)
(86, 279)
(86, 159)
(86, 289)
(86, 164)
(86, 293)
(86, 300)
(86, 128)
(86, 309)
(86, 312)
(86, 185)
(86, 186)
(86, 197)
(86, 327)
(86, 342)
(86, 105)
(86, 220)
(86, 222)
(86, 352)
(86, 144)
(86, 230)
(86, 361)
(86, 366)
(86, 367)
(86, 370)
(86, 119)
(86, 251)
(86, 149)
(87, 389)
(87, 262)
(87, 138)
(87, 397)
(87, 398)
(87, 160)
(87, 92)
(87, 172)
(87, 176)
(87, 177)
(87, 178)
(87, 181)
(87, 184)
(87, 116)
(87, 318)
(87, 191)
(87, 196)
(87, 329)
(87, 202)
(87, 209)
(87, 213)
(87, 214)
(87, 348)
(87, 93)
(87, 97)
(87, 100)
(87, 109)
(87, 368)
(87, 372)
(87, 249)
(87, 378)
(87, 252)
(87, 125)
(88, 256)
(88, 386)
(88, 132)
(88, 261)
(88, 137)
(88, 395)
(88, 141)
(88, 148)
(88, 155)
(88, 157)
(88, 287)
(88, 292)
(88, 294)
(88, 297)
(88, 310)
(88, 316)
(88, 190)
(88, 320)
(88, 228)
(88, 328)
(88, 331)
(88, 212)
(88, 344)
(88, 345)
(88, 349)
(88, 98)
(88, 356)
(88, 101)
(88, 236)
(88, 365)
(88, 239)
(88, 115)
(88, 124)
(88, 127)
(89, 389)
(89, 262)
(89, 267)
(89, 268)
(89, 399)
(89, 273)
(89, 146)
(89, 152)
(89, 286)
(89, 161)
(89, 165)
(89, 170)
(89, 299)
(89, 172)
(89, 301)
(89, 307)
(89, 94)
(89, 324)
(89, 329)
(89, 202)
(89, 331)
(89, 204)
(89, 205)
(89, 347)
(89, 92)
(89, 350)
(89, 223)
(89, 356)
(89, 234)
(89, 107)
(89, 108)
(89, 237)
(89, 239)
(89, 371)
(89, 244)
(89, 117)
(89, 120)
(89, 378)
(89, 254)
(89, 383)
(90, 258)
(90, 390)
(90, 393)
(90, 269)
(90, 147)
(90, 158)
(90, 162)
(90, 291)
(90, 315)
(90, 322)
(90, 332)
(90, 333)
(90, 334)
(90, 215)
(90, 110)
(90, 112)
(90, 121)
(90, 255)
(91, 259)
(91, 260)
(91, 390)
(91, 263)
(91, 264)
(91, 266)
(91, 140)
(91, 143)
(91, 147)
(91, 285)
(91, 288)
(91, 166)
(91, 167)
(91, 298)
(91, 179)
(91, 311)
(91, 189)
(91, 195)
(91, 113)
(91, 334)
(91, 336)
(91, 210)
(91, 341)
(91, 215)
(91, 218)
(91, 225)
(91, 358)
(91, 103)
(91, 233)
(91, 112)
(91, 369)
(91, 243)
(91, 248)
(91, 121)
(91, 250)
(91, 126)
(91, 255)
(92, 257)
(92, 388)
(92, 389)
(92, 262)
(92, 138)
(92, 267)
(92, 268)
(92, 397)
(92, 399)
(92, 273)
(92, 146)
(92, 286)
(92, 160)
(92, 116)
(92, 165)
(92, 170)
(92, 172)
(92, 176)
(92, 177)
(92, 307)
(92, 181)
(92, 184)
(92, 244)
(92, 318)
(92, 191)
(92, 192)
(92, 323)
(92, 196)
(92, 201)
(92, 202)
(92, 204)
(92, 205)
(92, 209)
(92, 213)
(92, 229)
(92, 234)
(92, 107)
(92, 368)
(92, 371)
(92, 372)
(92, 118)
(92, 120)
(92, 378)
(92, 252)
(92, 381)
(92, 382)
(92, 383)
(93, 262)
(93, 265)
(93, 138)
(93, 397)
(93, 271)
(93, 278)
(93, 152)
(93, 154)
(93, 160)
(93, 178)
(93, 187)
(93, 325)
(93, 329)
(93, 202)
(93, 208)
(93, 219)
(93, 348)
(93, 100)
(93, 109)
(93, 240)
(93, 242)
(93, 249)
(93, 378)
(93, 380)
(93, 125)
(94, 386)
(94, 133)
(94, 137)
(94, 267)
(94, 268)
(94, 399)
(94, 148)
(94, 152)
(94, 153)
(94, 286)
(94, 287)
(94, 161)
(94, 295)
(94, 170)
(94, 299)
(94, 301)
(94, 304)
(94, 307)
(94, 190)
(94, 320)
(94, 324)
(94, 331)
(94, 204)
(94, 347)
(94, 350)
(94, 223)
(94, 356)
(94, 101)
(94, 102)
(94, 108)
(94, 239)
(94, 244)
(94, 117)
(94, 254)
(94, 383)
(95, 130)
(95, 387)
(95, 260)
(95, 391)
(95, 259)
(95, 179)
(95, 180)
(95, 313)
(95, 195)
(95, 336)
(95, 339)
(95, 351)
(95, 226)
(95, 359)
(95, 232)
(95, 233)
(95, 111)
(95, 373)
(95, 247)
(95, 123)
(95, 126)
(96, 388)
(96, 134)
(96, 263)
(96, 136)
(96, 266)
(96, 139)
(96, 140)
(96, 143)
(96, 273)
(96, 103)
(96, 163)
(96, 166)
(96, 167)
(96, 169)
(96, 303)
(96, 189)
(96, 201)
(96, 205)
(96, 337)
(96, 210)
(96, 211)
(96, 341)
(96, 218)
(96, 122)
(96, 353)
(96, 229)
(96, 231)
(96, 362)
(96, 363)
(96, 364)
(96, 369)
(96, 371)
(96, 245)
(96, 246)
(96, 248)
(96, 234)
(96, 250)
(96, 381)
(97, 138)
(97, 397)
(97, 398)
(97, 160)
(97, 172)
(97, 175)
(97, 176)
(97, 177)
(97, 178)
(97, 181)
(97, 184)
(97, 116)
(97, 314)
(97, 317)
(97, 318)
(97, 191)
(97, 196)
(97, 199)
(97, 202)
(97, 209)
(97, 338)
(97, 213)
(97, 214)
(97, 346)
(97, 348)
(97, 100)
(97, 109)
(97, 368)
(97, 372)
(97, 249)
(97, 378)
(97, 252)
(98, 256)
(98, 386)
(98, 261)
(98, 137)
(98, 395)
(98, 141)
(98, 148)
(98, 155)
(98, 157)
(98, 287)
(98, 292)
(98, 294)
(98, 168)
(98, 297)
(98, 302)
(98, 310)
(98, 316)
(98, 190)
(98, 320)
(98, 228)
(98, 328)
(98, 331)
(98, 335)
(98, 212)
(98, 345)
(98, 349)
(98, 356)
(98, 101)
(98, 236)
(98, 365)
(98, 239)
(98, 124)
(98, 127)
(99, 133)
(99, 271)
(99, 274)
(99, 278)
(99, 152)
(99, 153)
(99, 282)
(99, 154)
(99, 299)
(99, 174)
(99, 304)
(99, 183)
(99, 187)
(99, 321)
(99, 326)
(99, 200)
(99, 329)
(99, 208)
(99, 227)
(99, 217)
(99, 219)
(99, 223)
(99, 355)
(99, 357)
(99, 102)
(99, 360)
(99, 235)
(99, 240)
(99, 241)
(99, 242)
(99, 117)
(99, 380)
(99, 253)
(100, 262)
(100, 138)
(100, 397)
(100, 160)
(100, 176)
(100, 177)
(100, 178)
(100, 191)
(100, 196)
(100, 325)
(100, 329)
(100, 202)
(100, 338)
(100, 214)
(100, 348)
(100, 109)
(100, 116)
(100, 249)
(100, 378)
(100, 125)
(101, 386)
(101, 261)
(101, 137)
(101, 395)
(101, 148)
(101, 287)
(101, 161)
(101, 292)
(101, 294)
(101, 295)
(101, 301)
(101, 108)
(101, 190)
(101, 320)
(101, 324)
(101, 331)
(101, 212)
(101, 228)
(101, 347)
(101, 350)
(101, 356)
(101, 236)
(101, 239)
(101, 254)
(102, 133)
(102, 152)
(102, 153)
(102, 282)
(102, 161)
(102, 295)
(102, 299)
(102, 301)
(102, 174)
(102, 304)
(102, 187)
(102, 324)
(102, 326)
(102, 200)
(102, 347)
(102, 350)
(102, 223)
(102, 227)
(102, 357)
(102, 235)
(102, 240)
(102, 241)
(102, 242)
(102, 117)
(102, 380)
(102, 253)
(102, 254)
(103, 264)
(103, 266)
(103, 396)
(103, 144)
(103, 163)
(103, 166)
(103, 167)
(103, 169)
(103, 303)
(103, 189)
(103, 193)
(103, 140)
(103, 210)
(103, 211)
(103, 341)
(103, 218)
(103, 122)
(103, 222)
(103, 352)
(103, 229)
(103, 358)
(103, 231)
(103, 362)
(103, 364)
(103, 369)
(103, 114)
(103, 246)
(103, 375)
(103, 248)
(103, 121)
(103, 250)
(104, 128)
(104, 131)
(104, 142)
(104, 238)
(104, 280)
(104, 283)
(104, 284)
(104, 289)
(104, 171)
(104, 300)
(104, 305)
(104, 306)
(104, 319)
(104, 327)
(104, 343)
(104, 379)
(104, 230)
(104, 105)
(104, 106)
(104, 366)
(104, 376)
(104, 251)
(105, 384)
(105, 128)
(105, 131)
(105, 151)
(105, 270)
(105, 145)
(105, 276)
(105, 277)
(105, 279)
(105, 280)
(105, 283)
(105, 159)
(105, 289)
(105, 164)
(105, 293)
(105, 171)
(105, 300)
(105, 306)
(105, 309)
(105, 312)
(105, 197)
(105, 327)
(105, 142)
(105, 342)
(105, 343)
(105, 251)
(105, 230)
(105, 361)
(105, 366)
(105, 367)
(105, 238)
(105, 370)
(105, 119)
(105, 377)
(105, 379)
(105, 149)
(106, 384)
(106, 128)
(106, 171)
(106, 142)
(106, 276)
(106, 280)
(106, 283)
(106, 284)
(106, 159)
(106, 164)
(106, 296)
(106, 199)
(106, 300)
(106, 175)
(106, 305)
(106, 314)
(106, 188)
(106, 317)
(106, 319)
(106, 194)
(106, 327)
(106, 338)
(106, 343)
(106, 346)
(106, 379)
(106, 230)
(106, 238)
(106, 376)
(106, 377)
(106, 251)
(107, 388)
(107, 389)
(107, 262)
(107, 136)
(107, 267)
(107, 268)
(107, 399)
(107, 273)
(107, 146)
(107, 152)
(107, 286)
(107, 160)
(107, 165)
(107, 170)
(107, 299)
(107, 172)
(107, 301)
(107, 177)
(107, 307)
(107, 181)
(107, 184)
(107, 244)
(107, 318)
(107, 323)
(107, 201)
(107, 202)
(107, 204)
(107, 205)
(107, 209)
(107, 139)
(107, 213)
(107, 353)
(107, 229)
(107, 234)
(107, 108)
(107, 237)
(107, 371)
(107, 372)
(107, 120)
(107, 378)
(107, 381)
(107, 383)
(108, 386)
(108, 137)
(108, 267)
(108, 268)
(108, 399)
(108, 146)
(108, 152)
(108, 286)
(108, 161)
(108, 165)
(108, 170)
(108, 299)
(108, 301)
(108, 307)
(108, 320)
(108, 324)
(108, 331)
(108, 204)
(108, 347)
(108, 350)
(108, 223)
(108, 356)
(108, 237)
(108, 239)
(108, 244)
(108, 117)
(108, 120)
(108, 254)
(108, 383)
(109, 138)
(109, 397)
(109, 160)
(109, 176)
(109, 177)
(109, 178)
(109, 314)
(109, 317)
(109, 191)
(109, 196)
(109, 199)
(109, 338)
(109, 213)
(109, 214)
(109, 348)
(109, 116)
(109, 249)
(109, 252)
(109, 125)
(110, 258)
(110, 135)
(110, 393)
(110, 396)
(110, 269)
(110, 281)
(110, 158)
(110, 162)
(110, 291)
(110, 315)
(110, 193)
(110, 332)
(110, 333)
(110, 207)
(110, 215)
(110, 216)
(110, 221)
(110, 354)
(110, 358)
(110, 374)
(110, 375)
(110, 121)
(111, 256)
(111, 130)
(111, 387)
(111, 132)
(111, 391)
(111, 141)
(111, 275)
(111, 155)
(111, 157)
(111, 290)
(111, 180)
(111, 297)
(111, 308)
(111, 313)
(111, 198)
(111, 328)
(111, 330)
(111, 335)
(111, 339)
(111, 340)
(111, 345)
(111, 351)
(111, 224)
(111, 226)
(111, 359)
(111, 232)
(111, 365)
(111, 373)
(111, 123)
(111, 124)
(112, 258)
(112, 260)
(112, 390)
(112, 264)
(112, 393)
(112, 269)
(112, 147)
(112, 291)
(112, 113)
(112, 298)
(112, 311)
(112, 315)
(112, 189)
(112, 322)
(112, 334)
(112, 210)
(112, 215)
(112, 218)
(112, 358)
(112, 369)
(112, 243)
(112, 121)
(112, 126)
(112, 255)
(113, 130)
(113, 259)
(113, 260)
(113, 390)
(113, 263)
(113, 264)
(113, 266)
(113, 143)
(113, 147)
(113, 285)
(113, 288)
(113, 298)
(113, 179)
(113, 311)
(113, 189)
(113, 195)
(113, 334)
(113, 336)
(113, 218)
(113, 225)
(113, 232)
(113, 233)
(113, 369)
(113, 243)
(113, 247)
(113, 248)
(113, 123)
(113, 126)
(113, 255)
(114, 385)
(114, 129)
(114, 394)
(114, 396)
(114, 272)
(114, 149)
(114, 197)
(114, 163)
(114, 293)
(114, 167)
(114, 122)
(114, 185)
(114, 186)
(114, 266)
(114, 193)
(114, 246)
(114, 140)
(114, 119)
(114, 207)
(114, 210)
(114, 211)
(114, 341)
(114, 216)
(114, 220)
(114, 221)
(114, 222)
(114, 352)
(114, 144)
(114, 354)
(114, 358)
(114, 231)
(114, 374)
(114, 375)
(114, 250)
(115, 256)
(115, 132)
(115, 261)
(115, 392)
(115, 395)
(115, 150)
(115, 155)
(115, 157)
(115, 290)
(115, 292)
(115, 294)
(115, 297)
(115, 173)
(115, 316)
(115, 198)
(115, 330)
(115, 203)
(115, 340)
(115, 344)
(115, 345)
(115, 224)
(115, 124)
(115, 127)
(116, 257)
(116, 138)
(116, 397)
(116, 398)
(116, 276)
(116, 159)
(116, 296)
(116, 172)
(116, 175)
(116, 176)
(116, 177)
(116, 178)
(116, 181)
(116, 184)
(116, 314)
(116, 317)
(116, 318)
(116, 377)
(116, 192)
(116, 194)
(116, 323)
(116, 196)
(116, 199)
(116, 202)
(116, 209)
(116, 338)
(116, 213)
(116, 214)
(116, 343)
(116, 346)
(116, 348)
(116, 368)
(116, 372)
(116, 118)
(116, 249)
(116, 378)
(116, 191)
(116, 252)
(116, 382)
(117, 133)
(117, 262)
(117, 267)
(117, 268)
(117, 399)
(117, 152)
(117, 153)
(117, 282)
(117, 286)
(117, 161)
(117, 347)
(117, 299)
(117, 301)
(117, 174)
(117, 304)
(117, 307)
(117, 187)
(117, 324)
(117, 326)
(117, 200)
(117, 329)
(117, 204)
(117, 208)
(117, 271)
(117, 350)
(117, 223)
(117, 227)
(117, 357)
(117, 235)
(117, 240)
(117, 241)
(117, 242)
(117, 380)
(117, 253)
(117, 254)
(117, 383)
(118, 384)
(118, 257)
(118, 389)
(118, 394)
(118, 398)
(118, 272)
(118, 279)
(118, 156)
(118, 159)
(118, 163)
(118, 164)
(118, 172)
(118, 303)
(118, 176)
(118, 177)
(118, 181)
(118, 184)
(118, 318)
(118, 191)
(118, 192)
(118, 323)
(118, 196)
(118, 201)
(118, 202)
(118, 209)
(118, 270)
(118, 144)
(118, 229)
(118, 361)
(118, 362)
(118, 381)
(118, 368)
(118, 371)
(118, 372)
(118, 377)
(118, 252)
(118, 234)
(118, 382)
(118, 213)
(119, 384)
(119, 385)
(119, 129)
(119, 394)
(119, 151)
(119, 270)
(119, 272)
(119, 145)
(119, 277)
(119, 279)
(119, 156)
(119, 159)
(119, 289)
(119, 163)
(119, 164)
(119, 293)
(119, 309)
(119, 312)
(119, 185)
(119, 186)
(119, 197)
(119, 342)
(119, 220)
(119, 222)
(119, 352)
(119, 144)
(119, 231)
(119, 361)
(119, 366)
(119, 367)
(119, 370)
(119, 246)
(119, 251)
(119, 382)
(119, 149)
(120, 388)
(120, 389)
(120, 134)
(120, 136)
(120, 137)
(120, 267)
(120, 268)
(120, 273)
(120, 146)
(120, 286)
(120, 165)
(120, 168)
(120, 169)
(120, 170)
(120, 301)
(120, 307)
(120, 310)
(120, 139)
(120, 182)
(120, 201)
(120, 331)
(120, 204)
(120, 205)
(120, 206)
(120, 337)
(120, 349)
(120, 353)
(120, 356)
(120, 229)
(120, 234)
(120, 363)
(120, 364)
(120, 237)
(120, 239)
(120, 371)
(120, 244)
(120, 245)
(120, 381)
(121, 258)
(121, 390)
(121, 264)
(121, 393)
(121, 396)
(121, 269)
(121, 147)
(121, 281)
(121, 158)
(121, 162)
(121, 291)
(121, 167)
(121, 315)
(121, 189)
(121, 193)
(121, 322)
(121, 140)
(121, 332)
(121, 333)
(121, 210)
(121, 341)
(121, 215)
(121, 216)
(121, 218)
(121, 221)
(121, 358)
(121, 374)
(121, 375)
(121, 122)
(121, 255)
(122, 385)
(122, 258)
(122, 129)
(122, 394)
(122, 396)
(122, 144)
(122, 163)
(122, 166)
(122, 167)
(122, 185)
(122, 186)
(122, 266)
(122, 193)
(122, 374)
(122, 140)
(122, 210)
(122, 211)
(122, 341)
(122, 215)
(122, 216)
(122, 218)
(122, 221)
(122, 222)
(122, 352)
(122, 354)
(122, 358)
(122, 231)
(122, 246)
(122, 375)
(122, 250)
(123, 130)
(123, 387)
(123, 260)
(123, 263)
(123, 141)
(123, 143)
(123, 275)
(123, 285)
(123, 288)
(123, 298)
(123, 391)
(123, 302)
(123, 179)
(123, 180)
(123, 182)
(123, 311)
(123, 313)
(123, 232)
(123, 195)
(123, 328)
(123, 206)
(123, 335)
(123, 336)
(123, 337)
(123, 339)
(123, 225)
(123, 226)
(123, 359)
(123, 259)
(123, 233)
(123, 365)
(123, 369)
(123, 243)
(123, 373)
(123, 247)
(123, 248)
(123, 126)
(124, 256)
(124, 130)
(124, 387)
(124, 132)
(124, 391)
(124, 395)
(124, 141)
(124, 275)
(124, 155)
(124, 157)
(124, 290)
(124, 292)
(124, 294)
(124, 297)
(124, 173)
(124, 302)
(124, 308)
(124, 310)
(124, 313)
(124, 316)
(124, 198)
(124, 328)
(124, 330)
(124, 203)
(124, 335)
(124, 339)
(124, 340)
(124, 344)
(124, 345)
(124, 351)
(124, 224)
(124, 226)
(124, 359)
(124, 365)
(124, 373)
(124, 212)
(124, 127)
(125, 160)
(125, 325)
(125, 265)
(125, 138)
(125, 208)
(125, 178)
(125, 249)
(125, 154)
(125, 219)
(125, 348)
(126, 259)
(126, 260)
(126, 390)
(126, 264)
(126, 147)
(126, 298)
(126, 179)
(126, 180)
(126, 311)
(126, 195)
(126, 334)
(126, 336)
(126, 225)
(126, 232)
(126, 233)
(126, 369)
(126, 243)
(126, 373)
(126, 247)
(126, 255)
(127, 256)
(127, 387)
(127, 132)
(127, 261)
(127, 391)
(127, 392)
(127, 395)
(127, 141)
(127, 155)
(127, 157)
(127, 290)
(127, 292)
(127, 294)
(127, 297)
(127, 173)
(127, 316)
(127, 198)
(127, 330)
(127, 203)
(127, 340)
(127, 344)
(127, 345)
(127, 351)
(127, 224)
(127, 226)
(127, 236)
(127, 212)
(128, 384)
(128, 131)
(128, 270)
(128, 145)
(128, 276)
(128, 277)
(128, 279)
(128, 280)
(128, 283)
(128, 284)
(128, 159)
(128, 289)
(128, 164)
(128, 296)
(128, 171)
(128, 300)
(128, 175)
(128, 305)
(128, 306)
(128, 312)
(128, 319)
(128, 194)
(128, 327)
(128, 142)
(128, 342)
(128, 343)
(128, 346)
(128, 251)
(128, 230)
(128, 361)
(128, 366)
(128, 367)
(128, 238)
(128, 376)
(128, 377)
(128, 379)
(129, 385)
(129, 394)
(129, 396)
(129, 272)
(129, 277)
(129, 151)
(129, 163)
(129, 293)
(129, 309)
(129, 312)
(129, 185)
(129, 186)
(129, 193)
(129, 197)
(129, 207)
(129, 342)
(129, 220)
(129, 221)
(129, 222)
(129, 352)
(129, 144)
(129, 354)
(129, 231)
(129, 370)
(129, 246)
(129, 375)
(129, 149)
(130, 256)
(130, 387)
(130, 260)
(130, 263)
(130, 141)
(130, 143)
(130, 259)
(130, 285)
(130, 288)
(130, 298)
(130, 391)
(130, 302)
(130, 179)
(130, 180)
(130, 182)
(130, 313)
(130, 195)
(130, 328)
(130, 206)
(130, 335)
(130, 336)
(130, 337)
(130, 339)
(130, 351)
(130, 225)
(130, 226)
(130, 359)
(130, 232)
(130, 233)
(130, 365)
(130, 275)
(130, 373)
(130, 247)
(131, 384)
(131, 270)
(131, 145)
(131, 276)
(131, 277)
(131, 280)
(131, 283)
(131, 159)
(131, 289)
(131, 164)
(131, 171)
(131, 300)
(131, 306)
(131, 309)
(131, 312)
(131, 319)
(131, 327)
(131, 142)
(131, 342)
(131, 343)
(131, 379)
(131, 230)
(131, 361)
(131, 366)
(131, 367)
(131, 238)
(131, 377)
(131, 251)
(132, 256)
(132, 387)
(132, 391)
(132, 392)
(132, 141)
(132, 150)
(132, 155)
(132, 157)
(132, 290)
(132, 292)
(132, 294)
(132, 297)
(132, 173)
(132, 308)
(132, 313)
(132, 316)
(132, 198)
(132, 330)
(132, 203)
(132, 339)
(132, 340)
(132, 344)
(132, 345)
(132, 351)
(132, 224)
(132, 226)
(132, 359)
(133, 386)
(133, 148)
(133, 153)
(133, 282)
(133, 161)
(133, 295)
(133, 299)
(133, 301)
(133, 174)
(133, 304)
(133, 190)
(133, 324)
(133, 200)
(133, 347)
(133, 350)
(133, 223)
(133, 228)
(133, 357)
(133, 235)
(133, 380)
(133, 253)
(133, 254)
(134, 388)
(134, 263)
(134, 136)
(134, 266)
(134, 139)
(134, 143)
(134, 273)
(134, 146)
(134, 285)
(134, 165)
(134, 166)
(134, 168)
(134, 169)
(134, 170)
(134, 303)
(134, 310)
(134, 182)
(134, 201)
(134, 205)
(134, 206)
(134, 337)
(134, 211)
(134, 349)
(134, 353)
(134, 229)
(134, 362)
(134, 363)
(134, 364)
(134, 237)
(134, 371)
(134, 244)
(134, 245)
(134, 248)
(134, 234)
(134, 250)
(134, 381)
(135, 193)
(135, 354)
(135, 396)
(135, 258)
(135, 332)
(135, 333)
(135, 207)
(135, 374)
(135, 375)
(135, 216)
(135, 281)
(135, 186)
(135, 220)
(135, 221)
(136, 388)
(136, 389)
(136, 263)
(136, 266)
(136, 139)
(136, 143)
(136, 273)
(136, 146)
(136, 165)
(136, 166)
(136, 168)
(136, 169)
(136, 170)
(136, 303)
(136, 310)
(136, 182)
(136, 201)
(136, 205)
(136, 206)
(136, 337)
(136, 211)
(136, 349)
(136, 353)
(136, 229)
(136, 362)
(136, 363)
(136, 364)
(136, 237)
(136, 371)
(136, 244)
(136, 245)
(136, 234)
(136, 250)
(136, 381)
(137, 386)
(137, 261)
(137, 395)
(137, 237)
(137, 148)
(137, 287)
(137, 161)
(137, 292)
(137, 294)
(137, 168)
(137, 301)
(137, 302)
(137, 310)
(137, 190)
(137, 320)
(137, 328)
(137, 331)
(137, 212)
(137, 228)
(137, 347)
(137, 349)
(137, 356)
(137, 236)
(137, 365)
(137, 239)
(138, 262)
(138, 267)
(138, 397)
(138, 271)
(138, 152)
(138, 154)
(138, 160)
(138, 172)
(138, 176)
(138, 177)
(138, 178)
(138, 307)
(138, 318)
(138, 191)
(138, 196)
(138, 325)
(138, 329)
(138, 202)
(138, 208)
(138, 213)
(138, 219)
(138, 348)
(138, 372)
(138, 249)
(138, 378)
(138, 383)
(139, 388)
(139, 389)
(139, 263)
(139, 266)
(139, 143)
(139, 273)
(139, 146)
(139, 165)
(139, 166)
(139, 168)
(139, 169)
(139, 170)
(139, 303)
(139, 182)
(139, 201)
(139, 205)
(139, 206)
(139, 337)
(139, 211)
(139, 349)
(139, 353)
(139, 229)
(139, 362)
(139, 363)
(139, 364)
(139, 237)
(139, 371)
(139, 244)
(139, 245)
(139, 234)
(139, 250)
(139, 381)
(140, 258)
(140, 390)
(140, 264)
(140, 266)
(140, 396)
(140, 163)
(140, 166)
(140, 167)
(140, 189)
(140, 193)
(140, 210)
(140, 211)
(140, 341)
(140, 215)
(140, 218)
(140, 221)
(140, 222)
(140, 352)
(140, 358)
(140, 231)
(140, 369)
(140, 246)
(140, 375)
(140, 248)
(140, 250)
(140, 255)
(141, 256)
(141, 387)
(141, 391)
(141, 395)
(141, 275)
(141, 155)
(141, 157)
(141, 288)
(141, 292)
(141, 294)
(141, 168)
(141, 297)
(141, 302)
(141, 310)
(141, 313)
(141, 182)
(141, 198)
(141, 328)
(141, 330)
(141, 206)
(141, 335)
(141, 337)
(141, 339)
(141, 340)
(141, 345)
(141, 349)
(141, 351)
(141, 224)
(141, 226)
(141, 359)
(141, 259)
(141, 236)
(141, 365)
(141, 232)
(141, 373)
(141, 212)
(142, 384)
(142, 171)
(142, 398)
(142, 145)
(142, 276)
(142, 279)
(142, 280)
(142, 283)
(142, 284)
(142, 159)
(142, 164)
(142, 296)
(142, 199)
(142, 300)
(142, 175)
(142, 305)
(142, 188)
(142, 317)
(142, 319)
(142, 194)
(142, 327)
(142, 270)
(142, 343)
(142, 346)
(142, 379)
(142, 230)
(142, 361)
(142, 238)
(142, 368)
(142, 376)
(142, 377)
(142, 251)
(143, 259)
(143, 260)
(143, 390)
(143, 263)
(143, 264)
(143, 266)
(143, 275)
(143, 285)
(143, 288)
(143, 166)
(143, 169)
(143, 298)
(143, 302)
(143, 179)
(143, 182)
(143, 311)
(143, 189)
(143, 195)
(143, 225)
(143, 328)
(143, 206)
(143, 335)
(143, 336)
(143, 337)
(143, 341)
(143, 218)
(143, 353)
(143, 232)
(143, 233)
(143, 363)
(143, 364)
(143, 365)
(143, 369)
(143, 243)
(143, 245)
(143, 248)
(143, 250)
(144, 385)
(144, 257)
(144, 394)
(144, 270)
(144, 272)
(144, 277)
(144, 279)
(144, 156)
(144, 163)
(144, 166)
(144, 303)
(144, 185)
(144, 186)
(144, 192)
(144, 323)
(144, 197)
(144, 211)
(144, 222)
(144, 352)
(144, 229)
(144, 231)
(144, 361)
(144, 362)
(144, 246)
(144, 250)
(144, 382)
(144, 149)
(145, 384)
(145, 151)
(145, 270)
(145, 272)
(145, 276)
(145, 277)
(145, 279)
(145, 280)
(145, 283)
(145, 159)
(145, 289)
(145, 164)
(145, 293)
(145, 171)
(145, 300)
(145, 175)
(145, 309)
(145, 312)
(145, 197)
(145, 327)
(145, 342)
(145, 343)
(145, 230)
(145, 361)
(145, 366)
(145, 367)
(145, 238)
(145, 370)
(145, 377)
(145, 251)
(145, 149)
(146, 388)
(146, 389)
(146, 267)
(146, 268)
(146, 273)
(146, 286)
(146, 165)
(146, 168)
(146, 169)
(146, 170)
(146, 301)
(146, 307)
(146, 310)
(146, 201)
(146, 331)
(146, 204)
(146, 205)
(146, 337)
(146, 349)
(146, 353)
(146, 229)
(146, 234)
(146, 363)
(146, 364)
(146, 237)
(146, 239)
(146, 371)
(146, 244)
(146, 245)
(146, 381)
(146, 383)
(147, 258)
(147, 260)
(147, 390)
(147, 264)
(147, 298)
(147, 179)
(147, 311)
(147, 315)
(147, 189)
(147, 322)
(147, 334)
(147, 215)
(147, 218)
(147, 358)
(147, 369)
(147, 243)
(147, 247)
(147, 255)
(148, 386)
(148, 261)
(148, 153)
(148, 287)
(148, 161)
(148, 294)
(148, 295)
(148, 301)
(148, 190)
(148, 320)
(148, 395)
(148, 324)
(148, 228)
(148, 347)
(148, 350)
(148, 356)
(148, 236)
(148, 239)
(148, 254)
(149, 385)
(149, 394)
(149, 151)
(149, 270)
(149, 272)
(149, 277)
(149, 279)
(149, 289)
(149, 163)
(149, 293)
(149, 309)
(149, 312)
(149, 185)
(149, 186)
(149, 197)
(149, 342)
(149, 220)
(149, 222)
(149, 352)
(149, 231)
(149, 361)
(149, 366)
(149, 367)
(149, 370)
(149, 246)
(149, 251)
(150, 224)
(150, 290)
(150, 198)
(150, 392)
(150, 330)
(150, 203)
(150, 173)
(150, 340)
(150, 344)
(150, 308)
(150, 157)
(150, 351)
(151, 385)
(151, 272)
(151, 277)
(151, 293)
(151, 309)
(151, 185)
(151, 186)
(151, 197)
(151, 289)
(151, 207)
(151, 312)
(151, 342)
(151, 220)
(151, 352)
(151, 354)
(151, 366)
(151, 367)
(151, 370)
(152, 262)
(152, 267)
(152, 268)
(152, 399)
(152, 286)
(152, 160)
(152, 161)
(152, 347)
(152, 170)
(152, 299)
(152, 301)
(152, 307)
(152, 187)
(152, 324)
(152, 329)
(152, 202)
(152, 204)
(152, 208)
(152, 271)
(152, 350)
(152, 223)
(152, 235)
(152, 240)
(152, 242)
(152, 244)
(152, 378)
(152, 380)
(152, 254)
(152, 383)
(153, 282)
(153, 161)
(153, 295)
(153, 299)
(153, 301)
(153, 174)
(153, 304)
(153, 324)
(153, 326)
(153, 200)
(153, 347)
(153, 350)
(153, 223)
(153, 227)
(153, 357)
(153, 235)
(153, 242)
(153, 380)
(153, 253)
(153, 254)
(154, 265)
(154, 271)
(154, 274)
(154, 278)
(154, 160)
(154, 187)
(154, 321)
(154, 325)
(154, 326)
(154, 329)
(154, 208)
(154, 217)
(154, 219)
(154, 348)
(154, 227)
(154, 235)
(154, 240)
(154, 241)
(154, 242)
(154, 380)
(154, 253)
(155, 256)
(155, 387)
(155, 261)
(155, 391)
(155, 395)
(155, 157)
(155, 290)
(155, 292)
(155, 294)
(155, 297)
(155, 173)
(155, 308)
(155, 313)
(155, 316)
(155, 198)
(155, 328)
(155, 330)
(155, 203)
(155, 335)
(155, 339)
(155, 340)
(155, 344)
(155, 345)
(155, 351)
(155, 224)
(155, 226)
(155, 359)
(155, 236)
(155, 365)
(155, 212)
(156, 384)
(156, 257)
(156, 394)
(156, 398)
(156, 272)
(156, 277)
(156, 279)
(156, 159)
(156, 163)
(156, 164)
(156, 303)
(156, 176)
(156, 181)
(156, 184)
(156, 318)
(156, 192)
(156, 323)
(156, 201)
(156, 209)
(156, 211)
(156, 270)
(156, 222)
(156, 229)
(156, 231)
(156, 361)
(156, 362)
(156, 381)
(156, 368)
(156, 371)
(156, 372)
(156, 246)
(156, 252)
(156, 234)
(156, 382)
(156, 213)
(157, 256)
(157, 387)
(157, 391)
(157, 392)
(157, 395)
(157, 290)
(157, 292)
(157, 294)
(157, 297)
(157, 173)
(157, 308)
(157, 313)
(157, 316)
(157, 198)
(157, 328)
(157, 330)
(157, 203)
(157, 335)
(157, 339)
(157, 340)
(157, 344)
(157, 345)
(157, 351)
(157, 224)
(157, 226)
(157, 359)
(157, 212)
(158, 258)
(158, 393)
(158, 269)
(158, 281)
(158, 162)
(158, 291)
(158, 315)
(158, 322)
(158, 332)
(158, 333)
(158, 215)
(158, 216)
(159, 384)
(159, 171)
(159, 394)
(159, 398)
(159, 272)
(159, 276)
(159, 277)
(159, 279)
(159, 283)
(159, 284)
(159, 289)
(159, 164)
(159, 296)
(159, 199)
(159, 300)
(159, 175)
(159, 176)
(159, 305)
(159, 317)
(159, 192)
(159, 194)
(159, 327)
(159, 270)
(159, 342)
(159, 343)
(159, 346)
(159, 251)
(159, 230)
(159, 361)
(159, 238)
(159, 368)
(159, 376)
(159, 377)
(159, 379)
(159, 252)
(159, 382)
(160, 389)
(160, 262)
(160, 267)
(160, 397)
(160, 399)
(160, 271)
(160, 299)
(160, 172)
(160, 177)
(160, 178)
(160, 307)
(160, 318)
(160, 191)
(160, 196)
(160, 325)
(160, 329)
(160, 202)
(160, 204)
(160, 208)
(160, 213)
(160, 219)
(160, 348)
(160, 372)
(160, 249)
(160, 378)
(160, 380)
(160, 383)
(161, 386)
(161, 267)
(161, 268)
(161, 399)
(161, 286)
(161, 165)
(161, 295)
(161, 170)
(161, 299)
(161, 301)
(161, 307)
(161, 190)
(161, 320)
(161, 324)
(161, 331)
(161, 204)
(161, 347)
(161, 350)
(161, 223)
(161, 356)
(161, 239)
(161, 244)
(161, 254)
(161, 383)
(162, 258)
(162, 393)
(162, 269)
(162, 281)
(162, 291)
(162, 315)
(162, 193)
(162, 322)
(162, 332)
(162, 333)
(162, 215)
(162, 216)
(162, 221)
(162, 375)
(163, 385)
(163, 257)
(163, 394)
(163, 270)
(163, 272)
(163, 279)
(163, 166)
(163, 167)
(163, 169)
(163, 303)
(163, 185)
(163, 186)
(163, 266)
(163, 192)
(163, 323)
(163, 201)
(163, 211)
(163, 341)
(163, 222)
(163, 352)
(163, 229)
(163, 231)
(163, 362)
(163, 246)
(163, 250)
(163, 382)
(164, 384)
(164, 171)
(164, 398)
(164, 272)
(164, 276)
(164, 277)
(164, 279)
(164, 280)
(164, 283)
(164, 284)
(164, 289)
(164, 296)
(164, 199)
(164, 300)
(164, 175)
(164, 305)
(164, 192)
(164, 194)
(164, 327)
(164, 270)
(164, 342)
(164, 343)
(164, 346)
(164, 251)
(164, 230)
(164, 361)
(164, 238)
(164, 368)
(164, 376)
(164, 377)
(164, 379)
(164, 382)
(165, 388)
(165, 389)
(165, 267)
(165, 268)
(165, 399)
(165, 273)
(165, 286)
(165, 168)
(165, 169)
(165, 170)
(165, 172)
(165, 301)
(165, 307)
(165, 310)
(165, 318)
(165, 201)
(165, 202)
(165, 331)
(165, 204)
(165, 205)
(165, 209)
(165, 347)
(165, 349)
(165, 353)
(165, 229)
(165, 234)
(165, 363)
(165, 364)
(165, 237)
(165, 239)
(165, 371)
(165, 244)
(165, 245)
(165, 381)
(165, 383)
(166, 388)
(166, 263)
(166, 264)
(166, 266)
(166, 167)
(166, 169)
(166, 303)
(166, 189)
(166, 201)
(166, 210)
(166, 211)
(166, 341)
(166, 218)
(166, 222)
(166, 353)
(166, 229)
(166, 358)
(166, 231)
(166, 362)
(166, 364)
(166, 369)
(166, 246)
(166, 248)
(166, 250)
(167, 258)
(167, 390)
(167, 264)
(167, 266)
(167, 396)
(167, 315)
(167, 189)
(167, 193)
(167, 332)
(167, 210)
(167, 211)
(167, 341)
(167, 215)
(167, 218)
(167, 221)
(167, 222)
(167, 352)
(167, 358)
(167, 231)
(167, 369)
(167, 246)
(167, 375)
(167, 248)
(167, 250)
(167, 255)
(168, 388)
(168, 263)
(168, 236)
(168, 395)
(168, 237)
(168, 273)
(168, 275)
(168, 288)
(168, 302)
(168, 310)
(168, 320)
(168, 182)
(168, 328)
(168, 331)
(168, 206)
(168, 335)
(168, 337)
(168, 212)
(168, 349)
(168, 353)
(168, 356)
(168, 363)
(168, 364)
(168, 365)
(168, 239)
(168, 245)
(169, 257)
(169, 388)
(169, 263)
(169, 266)
(169, 273)
(169, 303)
(169, 323)
(169, 201)
(169, 205)
(169, 206)
(169, 337)
(169, 211)
(169, 341)
(169, 353)
(169, 229)
(169, 362)
(169, 363)
(169, 364)
(169, 237)
(169, 371)
(169, 245)
(169, 248)
(169, 234)
(169, 250)
(169, 381)
(170, 388)
(170, 389)
(170, 262)
(170, 267)
(170, 268)
(170, 399)
(170, 273)
(170, 286)
(170, 299)
(170, 172)
(170, 301)
(170, 307)
(170, 318)
(170, 324)
(170, 201)
(170, 202)
(170, 331)
(170, 204)
(170, 205)
(170, 209)
(170, 347)
(170, 223)
(170, 353)
(170, 356)
(170, 234)
(170, 237)
(170, 239)
(170, 371)
(170, 244)
(170, 245)
(170, 378)
(170, 381)
(170, 254)
(170, 383)
(171, 384)
(171, 270)
(171, 276)
(171, 280)
(171, 283)
(171, 284)
(171, 289)
(171, 296)
(171, 199)
(171, 300)
(171, 175)
(171, 305)
(171, 306)
(171, 188)
(171, 317)
(171, 319)
(171, 194)
(171, 327)
(171, 343)
(171, 346)
(171, 379)
(171, 230)
(171, 361)
(171, 238)
(171, 376)
(171, 377)
(171, 251)
(172, 257)
(172, 389)
(172, 262)
(172, 267)
(172, 397)
(172, 398)
(172, 273)
(172, 176)
(172, 177)
(172, 178)
(172, 307)
(172, 181)
(172, 184)
(172, 244)
(172, 318)
(172, 191)
(172, 192)
(172, 323)
(172, 196)
(172, 201)
(172, 202)
(172, 204)
(172, 205)
(172, 209)
(172, 213)
(172, 229)
(172, 234)
(172, 368)
(172, 371)
(172, 372)
(172, 249)
(172, 378)
(172, 252)
(172, 381)
(172, 382)
(172, 383)
(173, 256)
(173, 392)
(173, 290)
(173, 292)
(173, 297)
(173, 308)
(173, 316)
(173, 198)
(173, 330)
(173, 203)
(173, 340)
(173, 344)
(173, 345)
(173, 351)
(173, 224)
(173, 359)
(174, 282)
(174, 295)
(174, 304)
(174, 187)
(174, 324)
(174, 326)
(174, 200)
(174, 350)
(174, 223)
(174, 227)
(174, 357)
(174, 235)
(174, 241)
(174, 242)
(174, 380)
(174, 253)
(175, 384)
(175, 398)
(175, 276)
(175, 279)
(175, 280)
(175, 284)
(175, 296)
(175, 199)
(175, 300)
(175, 176)
(175, 305)
(175, 314)
(175, 188)
(175, 317)
(175, 319)
(175, 194)
(175, 196)
(175, 327)
(175, 338)
(175, 270)
(175, 214)
(175, 343)
(175, 346)
(175, 251)
(175, 361)
(175, 191)
(175, 238)
(175, 368)
(175, 376)
(175, 377)
(175, 379)
(175, 252)
(176, 257)
(176, 389)
(176, 397)
(176, 398)
(176, 177)
(176, 178)
(176, 181)
(176, 184)
(176, 317)
(176, 318)
(176, 191)
(176, 192)
(176, 323)
(176, 196)
(176, 199)
(176, 202)
(176, 209)
(176, 213)
(176, 214)
(176, 377)
(176, 368)
(176, 372)
(176, 249)
(176, 378)
(176, 252)
(176, 382)
(177, 257)
(177, 389)
(177, 262)
(177, 397)
(177, 398)
(177, 178)
(177, 181)
(177, 184)
(177, 318)
(177, 191)
(177, 192)
(177, 323)
(177, 196)
(177, 199)
(177, 202)
(177, 209)
(177, 213)
(177, 214)
(177, 348)
(177, 234)
(177, 368)
(177, 372)
(177, 249)
(177, 378)
(177, 252)
(177, 381)
(177, 382)
(178, 397)
(178, 262)
(178, 191)
(178, 196)
(178, 325)
(178, 329)
(178, 202)
(178, 208)
(178, 213)
(178, 214)
(178, 348)
(178, 372)
(178, 249)
(178, 378)
(178, 252)
(179, 259)
(179, 260)
(179, 390)
(179, 264)
(179, 275)
(179, 285)
(179, 288)
(179, 298)
(179, 180)
(179, 311)
(179, 195)
(179, 334)
(179, 336)
(179, 218)
(179, 225)
(179, 232)
(179, 233)
(179, 369)
(179, 243)
(179, 373)
(179, 247)
(180, 387)
(180, 260)
(180, 391)
(180, 259)
(180, 308)
(180, 313)
(180, 195)
(180, 336)
(180, 339)
(180, 351)
(180, 226)
(180, 359)
(180, 232)
(180, 233)
(180, 373)
(180, 247)
(181, 257)
(181, 389)
(181, 394)
(181, 397)
(181, 398)
(181, 273)
(181, 279)
(181, 303)
(181, 184)
(181, 318)
(181, 191)
(181, 192)
(181, 323)
(181, 196)
(181, 201)
(181, 202)
(181, 205)
(181, 209)
(181, 213)
(181, 229)
(181, 362)
(181, 381)
(181, 368)
(181, 371)
(181, 372)
(181, 378)
(181, 252)
(181, 234)
(181, 382)
(182, 259)
(182, 263)
(182, 365)
(182, 275)
(182, 285)
(182, 288)
(182, 298)
(182, 302)
(182, 310)
(182, 195)
(182, 225)
(182, 328)
(182, 331)
(182, 206)
(182, 335)
(182, 336)
(182, 337)
(182, 212)
(182, 349)
(182, 353)
(182, 232)
(182, 233)
(182, 363)
(182, 364)
(182, 237)
(182, 245)
(182, 248)
(183, 274)
(183, 278)
(183, 282)
(183, 227)
(183, 187)
(183, 321)
(183, 326)
(183, 200)
(183, 217)
(183, 355)
(183, 357)
(183, 360)
(183, 235)
(183, 240)
(183, 241)
(183, 242)
(183, 253)
(184, 257)
(184, 389)
(184, 397)
(184, 398)
(184, 303)
(184, 318)
(184, 191)
(184, 192)
(184, 323)
(184, 196)
(184, 201)
(184, 202)
(184, 205)
(184, 209)
(184, 213)
(184, 229)
(184, 362)
(184, 381)
(184, 368)
(184, 371)
(184, 372)
(184, 378)
(184, 252)
(184, 234)
(184, 382)
(185, 385)
(185, 394)
(185, 396)
(185, 272)
(185, 277)
(185, 293)
(185, 309)
(185, 312)
(185, 186)
(185, 197)
(185, 207)
(185, 342)
(185, 216)
(185, 220)
(185, 222)
(185, 352)
(185, 354)
(185, 374)
(185, 231)
(185, 367)
(185, 370)
(185, 246)
(186, 385)
(186, 394)
(186, 396)
(186, 272)
(186, 277)
(186, 293)
(186, 309)
(186, 312)
(186, 193)
(186, 197)
(186, 207)
(186, 216)
(186, 220)
(186, 221)
(186, 222)
(186, 352)
(186, 354)
(186, 374)
(186, 231)
(186, 370)
(186, 246)
(186, 375)
(187, 265)
(187, 271)
(187, 274)
(187, 278)
(187, 282)
(187, 299)
(187, 304)
(187, 321)
(187, 325)
(187, 326)
(187, 200)
(187, 329)
(187, 208)
(187, 217)
(187, 219)
(187, 223)
(187, 227)
(187, 357)
(187, 360)
(187, 235)
(187, 240)
(187, 241)
(187, 242)
(187, 380)
(187, 253)
(188, 276)
(188, 280)
(188, 296)
(188, 284)
(188, 305)
(188, 314)
(188, 317)
(188, 319)
(188, 194)
(188, 199)
(188, 338)
(188, 214)
(188, 343)
(188, 346)
(188, 238)
(188, 376)
(188, 377)
(188, 379)
(189, 259)
(189, 260)
(189, 390)
(189, 263)
(189, 264)
(189, 266)
(189, 285)
(189, 288)
(189, 298)
(189, 311)
(189, 195)
(189, 334)
(189, 336)
(189, 337)
(189, 210)
(189, 341)
(189, 218)
(189, 225)
(189, 358)
(189, 232)
(189, 233)
(189, 369)
(189, 243)
(189, 248)
(189, 250)
(189, 255)
(190, 386)
(190, 261)
(190, 287)
(190, 294)
(190, 295)
(190, 320)
(190, 395)
(190, 324)
(190, 228)
(190, 347)
(190, 350)
(190, 356)
(190, 236)
(190, 239)
(190, 254)
(191, 389)
(191, 262)
(191, 397)
(191, 398)
(191, 314)
(191, 317)
(191, 318)
(191, 192)
(191, 323)
(191, 196)
(191, 199)
(191, 202)
(191, 209)
(191, 338)
(191, 213)
(191, 214)
(191, 348)
(191, 368)
(191, 372)
(191, 249)
(191, 378)
(191, 252)
(192, 384)
(192, 257)
(192, 389)
(192, 394)
(192, 398)
(192, 272)
(192, 279)
(192, 303)
(192, 318)
(192, 323)
(192, 196)
(192, 201)
(192, 202)
(192, 209)
(192, 211)
(192, 270)
(192, 222)
(192, 229)
(192, 231)
(192, 361)
(192, 362)
(192, 381)
(192, 368)
(192, 371)
(192, 372)
(192, 246)
(192, 377)
(192, 252)
(192, 234)
(192, 382)
(192, 213)
(193, 385)
(193, 258)
(193, 393)
(193, 396)
(193, 281)
(193, 315)
(193, 374)
(193, 332)
(193, 333)
(193, 207)
(193, 210)
(193, 341)
(193, 215)
(193, 216)
(193, 221)
(193, 352)
(193, 354)
(193, 358)
(193, 246)
(193, 375)
(194, 384)
(194, 398)
(194, 276)
(194, 280)
(194, 283)
(194, 284)
(194, 296)
(194, 199)
(194, 300)
(194, 305)
(194, 314)
(194, 317)
(194, 319)
(194, 327)
(194, 338)
(194, 214)
(194, 343)
(194, 346)
(194, 379)
(194, 230)
(194, 238)
(194, 376)
(194, 377)
(194, 251)
(195, 259)
(195, 260)
(195, 390)
(195, 263)
(195, 264)
(195, 275)
(195, 285)
(195, 288)
(195, 298)
(195, 302)
(195, 311)
(195, 328)
(195, 206)
(195, 335)
(195, 336)
(195, 337)
(195, 339)
(195, 218)
(195, 225)
(195, 232)
(195, 233)
(195, 365)
(195, 369)
(195, 243)
(195, 373)
(195, 247)
(195, 248)
(196, 389)
(196, 397)
(196, 398)
(196, 314)
(196, 317)
(196, 318)
(196, 323)
(196, 199)
(196, 202)
(196, 209)
(196, 338)
(196, 213)
(196, 214)
(196, 377)
(196, 348)
(196, 368)
(196, 372)
(196, 249)
(196, 378)
(196, 252)
(196, 382)
(197, 385)
(197, 394)
(197, 272)
(197, 277)
(197, 289)
(197, 293)
(197, 309)
(197, 312)
(197, 207)
(197, 342)
(197, 220)
(197, 222)
(197, 352)
(197, 354)
(197, 231)
(197, 361)
(197, 366)
(197, 367)
(197, 370)
(197, 246)
(198, 256)
(198, 387)
(198, 391)
(198, 392)
(198, 290)
(198, 292)
(198, 297)
(198, 308)
(198, 313)
(198, 316)
(198, 330)
(198, 203)
(198, 339)
(198, 340)
(198, 344)
(198, 345)
(198, 351)
(198, 224)
(198, 226)
(198, 359)
(199, 384)
(199, 397)
(199, 398)
(199, 276)
(199, 279)
(199, 284)
(199, 296)
(199, 300)
(199, 305)
(199, 314)
(199, 317)
(199, 327)
(199, 338)
(199, 270)
(199, 214)
(199, 343)
(199, 346)
(199, 251)
(199, 361)
(199, 238)
(199, 368)
(199, 376)
(199, 377)
(199, 379)
(199, 252)
(199, 213)
(200, 271)
(200, 278)
(200, 282)
(200, 299)
(200, 304)
(200, 324)
(200, 326)
(200, 208)
(200, 350)
(200, 223)
(200, 227)
(200, 357)
(200, 360)
(200, 235)
(200, 240)
(200, 241)
(200, 242)
(200, 380)
(200, 253)
(201, 257)
(201, 388)
(201, 389)
(201, 273)
(201, 303)
(201, 244)
(201, 318)
(201, 323)
(201, 202)
(201, 205)
(201, 209)
(201, 211)
(201, 213)
(201, 353)
(201, 229)
(201, 362)
(201, 364)
(201, 237)
(201, 381)
(201, 371)
(201, 372)
(201, 245)
(201, 250)
(201, 234)
(201, 382)
(202, 389)
(202, 262)
(202, 267)
(202, 397)
(202, 398)
(202, 399)
(202, 307)
(202, 372)
(202, 318)
(202, 323)
(202, 329)
(202, 204)
(202, 205)
(202, 209)
(202, 213)
(202, 348)
(202, 234)
(202, 368)
(202, 371)
(202, 244)
(202, 249)
(202, 378)
(202, 252)
(202, 381)
(202, 383)
(203, 256)
(203, 392)
(203, 290)
(203, 292)
(203, 294)
(203, 297)
(203, 308)
(203, 316)
(203, 330)
(203, 340)
(203, 344)
(203, 345)
(203, 351)
(203, 224)
(204, 389)
(204, 262)
(204, 267)
(204, 268)
(204, 399)
(204, 273)
(204, 286)
(204, 299)
(204, 301)
(204, 307)
(204, 318)
(204, 324)
(204, 329)
(204, 205)
(204, 209)
(204, 347)
(204, 223)
(204, 234)
(204, 237)
(204, 371)
(204, 244)
(204, 378)
(204, 381)
(204, 254)
(204, 383)
(205, 257)
(205, 388)
(205, 389)
(205, 267)
(205, 268)
(205, 273)
(205, 286)
(205, 303)
(205, 307)
(205, 318)
(205, 323)
(205, 209)
(205, 353)
(205, 229)
(205, 362)
(205, 363)
(205, 364)
(205, 237)
(205, 381)
(205, 371)
(205, 244)
(205, 245)
(205, 234)
(205, 383)
(206, 259)
(206, 388)
(206, 263)
(206, 237)
(206, 275)
(206, 285)
(206, 288)
(206, 298)
(206, 302)
(206, 310)
(206, 225)
(206, 328)
(206, 331)
(206, 335)
(206, 336)
(206, 337)
(206, 212)
(206, 349)
(206, 353)
(206, 232)
(206, 233)
(206, 363)
(206, 364)
(206, 365)
(206, 369)
(206, 245)
(206, 248)
(207, 385)
(207, 396)
(207, 281)
(207, 293)
(207, 370)
(207, 333)
(207, 216)
(207, 220)
(207, 221)
(207, 352)
(207, 354)
(207, 374)
(207, 375)
(208, 262)
(208, 265)
(208, 271)
(208, 274)
(208, 278)
(208, 282)
(208, 299)
(208, 321)
(208, 325)
(208, 326)
(208, 329)
(208, 217)
(208, 219)
(208, 348)
(208, 223)
(208, 227)
(208, 235)
(208, 240)
(208, 241)
(208, 242)
(208, 380)
(208, 253)
(209, 257)
(209, 388)
(209, 389)
(209, 262)
(209, 267)
(209, 397)
(209, 398)
(209, 273)
(209, 303)
(209, 307)
(209, 244)
(209, 318)
(209, 323)
(209, 213)
(209, 229)
(209, 362)
(209, 381)
(209, 368)
(209, 371)
(209, 372)
(209, 378)
(209, 252)
(209, 234)
(209, 382)
(210, 258)
(210, 390)
(210, 264)
(210, 266)
(210, 396)
(210, 315)
(210, 332)
(210, 211)
(210, 341)
(210, 215)
(210, 218)
(210, 221)
(210, 222)
(210, 352)
(210, 358)
(210, 231)
(210, 369)
(210, 246)
(210, 375)
(210, 248)
(210, 250)
(210, 255)
(211, 257)
(211, 388)
(211, 394)
(211, 272)
(211, 303)
(211, 266)
(211, 323)
(211, 341)
(211, 222)
(211, 353)
(211, 229)
(211, 231)
(211, 362)
(211, 364)
(211, 381)
(211, 371)
(211, 246)
(211, 248)
(211, 250)
(211, 234)
(211, 382)
(212, 256)
(212, 386)
(212, 261)
(212, 395)
(212, 275)
(212, 292)
(212, 294)
(212, 297)
(212, 302)
(212, 310)
(212, 320)
(212, 328)
(212, 331)
(212, 335)
(212, 345)
(212, 349)
(212, 226)
(212, 356)
(212, 236)
(212, 365)
(212, 239)
(213, 257)
(213, 389)
(213, 262)
(213, 397)
(213, 398)
(213, 318)
(213, 323)
(213, 214)
(213, 234)
(213, 368)
(213, 371)
(213, 372)
(213, 249)
(213, 378)
(213, 252)
(213, 381)
(213, 382)
(214, 397)
(214, 398)
(214, 276)
(214, 296)
(214, 314)
(214, 317)
(214, 338)
(214, 377)
(214, 346)
(214, 348)
(214, 368)
(214, 372)
(214, 376)
(214, 249)
(214, 252)
(215, 258)
(215, 390)
(215, 264)
(215, 393)
(215, 396)
(215, 269)
(215, 281)
(215, 291)
(215, 315)
(215, 322)
(215, 332)
(215, 333)
(215, 216)
(215, 221)
(215, 358)
(215, 375)
(215, 255)
(216, 258)
(216, 393)
(216, 396)
(216, 281)
(216, 332)
(216, 333)
(216, 221)
(216, 352)
(216, 354)
(216, 358)
(216, 374)
(216, 375)
(217, 265)
(217, 271)
(217, 274)
(217, 278)
(217, 282)
(217, 321)
(217, 325)
(217, 326)
(217, 227)
(217, 219)
(217, 355)
(217, 357)
(217, 360)
(217, 235)
(217, 240)
(217, 241)
(217, 242)
(217, 380)
(217, 253)
(218, 259)
(218, 260)
(218, 390)
(218, 263)
(218, 264)
(218, 266)
(218, 285)
(218, 288)
(218, 298)
(218, 311)
(218, 334)
(218, 336)
(218, 341)
(218, 225)
(218, 358)
(218, 232)
(218, 233)
(218, 369)
(218, 243)
(218, 248)
(218, 250)
(218, 255)
(219, 265)
(219, 271)
(219, 274)
(219, 278)
(219, 321)
(219, 325)
(219, 329)
(219, 348)
(219, 227)
(219, 235)
(219, 240)
(219, 241)
(219, 242)
(219, 380)
(220, 385)
(220, 272)
(220, 277)
(220, 293)
(220, 370)
(220, 309)
(220, 312)
(220, 342)
(220, 222)
(220, 352)
(220, 354)
(220, 366)
(220, 367)
(220, 374)
(221, 385)
(221, 258)
(221, 393)
(221, 396)
(221, 281)
(221, 315)
(221, 332)
(221, 333)
(221, 341)
(221, 352)
(221, 354)
(221, 358)
(221, 374)
(221, 375)
(222, 385)
(222, 257)
(222, 394)
(222, 270)
(222, 277)
(222, 279)
(222, 293)
(222, 303)
(222, 341)
(222, 352)
(222, 272)
(222, 231)
(222, 361)
(222, 362)
(222, 370)
(222, 246)
(222, 250)
(222, 382)
(223, 262)
(223, 267)
(223, 268)
(223, 399)
(223, 282)
(223, 286)
(223, 347)
(223, 299)
(223, 301)
(223, 304)
(223, 307)
(223, 324)
(223, 329)
(223, 271)
(223, 350)
(223, 235)
(223, 242)
(223, 244)
(223, 380)
(223, 253)
(223, 254)
(223, 383)
(224, 256)
(224, 387)
(224, 391)
(224, 392)
(224, 290)
(224, 292)
(224, 297)
(224, 308)
(224, 313)
(224, 316)
(224, 328)
(224, 330)
(224, 335)
(224, 339)
(224, 340)
(224, 344)
(224, 345)
(224, 351)
(224, 226)
(224, 359)
(224, 373)
(225, 259)
(225, 260)
(225, 390)
(225, 263)
(225, 264)
(225, 266)
(225, 275)
(225, 285)
(225, 288)
(225, 298)
(225, 302)
(225, 311)
(225, 328)
(225, 335)
(225, 336)
(225, 337)
(225, 232)
(225, 233)
(225, 363)
(225, 365)
(225, 369)
(225, 243)
(225, 373)
(225, 247)
(225, 248)
(226, 256)
(226, 387)
(226, 391)
(226, 275)
(226, 290)
(226, 292)
(226, 297)
(226, 302)
(226, 308)
(226, 313)
(226, 328)
(226, 330)
(226, 335)
(226, 339)
(226, 340)
(226, 345)
(226, 351)
(226, 359)
(226, 365)
(226, 373)
(227, 271)
(227, 274)
(227, 278)
(227, 282)
(227, 304)
(227, 321)
(227, 326)
(227, 355)
(227, 357)
(227, 360)
(227, 235)
(227, 240)
(227, 241)
(227, 242)
(227, 380)
(227, 253)
(228, 386)
(228, 261)
(228, 294)
(228, 295)
(228, 287)
(228, 320)
(228, 395)
(228, 350)
(228, 356)
(228, 236)
(229, 257)
(229, 388)
(229, 389)
(229, 394)
(229, 273)
(229, 303)
(229, 266)
(229, 318)
(229, 323)
(229, 353)
(229, 231)
(229, 362)
(229, 364)
(229, 381)
(229, 371)
(229, 245)
(229, 246)
(229, 250)
(229, 234)
(229, 382)
(230, 384)
(230, 276)
(230, 277)
(230, 280)
(230, 283)
(230, 284)
(230, 289)
(230, 296)
(230, 300)
(230, 305)
(230, 306)
(230, 312)
(230, 319)
(230, 327)
(230, 342)
(230, 343)
(230, 379)
(230, 361)
(230, 366)
(230, 367)
(230, 238)
(230, 376)
(230, 251)
(231, 385)
(231, 257)
(231, 394)
(231, 279)
(231, 270)
(231, 277)
(231, 303)
(231, 266)
(231, 323)
(231, 341)
(231, 352)
(231, 272)
(231, 362)
(231, 246)
(231, 250)
(231, 382)
(232, 259)
(232, 260)
(232, 263)
(232, 264)
(232, 275)
(232, 285)
(232, 288)
(232, 298)
(232, 302)
(232, 311)
(232, 313)
(232, 328)
(232, 335)
(232, 336)
(232, 337)
(232, 339)
(232, 233)
(232, 363)
(232, 365)
(232, 369)
(232, 243)
(232, 373)
(232, 247)
(232, 248)
(233, 259)
(233, 260)
(233, 390)
(233, 263)
(233, 264)
(233, 275)
(233, 285)
(233, 288)
(233, 298)
(233, 302)
(233, 311)
(233, 313)
(233, 328)
(233, 335)
(233, 336)
(233, 337)
(233, 339)
(233, 365)
(233, 369)
(233, 243)
(233, 373)
(233, 247)
(233, 248)
(234, 388)
(234, 389)
(234, 257)
(234, 273)
(234, 303)
(234, 307)
(234, 244)
(234, 318)
(234, 323)
(234, 353)
(234, 362)
(234, 364)
(234, 237)
(234, 371)
(234, 372)
(234, 245)
(234, 381)
(234, 382)
(235, 271)
(235, 274)
(235, 278)
(235, 282)
(235, 299)
(235, 304)
(235, 321)
(235, 324)
(235, 326)
(235, 329)
(235, 350)
(235, 357)
(235, 360)
(235, 240)
(235, 241)
(235, 242)
(235, 380)
(235, 253)
(235, 254)
(236, 256)
(236, 386)
(236, 261)
(236, 395)
(236, 287)
(236, 292)
(236, 294)
(236, 297)
(236, 302)
(236, 310)
(236, 320)
(236, 328)
(236, 331)
(236, 335)
(236, 345)
(236, 349)
(236, 356)
(236, 365)
(236, 239)
(237, 388)
(237, 389)
(237, 263)
(237, 268)
(237, 273)
(237, 286)
(237, 301)
(237, 302)
(237, 310)
(237, 328)
(237, 331)
(237, 337)
(237, 349)
(237, 353)
(237, 356)
(237, 363)
(237, 364)
(237, 365)
(237, 239)
(237, 371)
(237, 244)
(237, 245)
(237, 381)
(238, 384)
(238, 276)
(238, 280)
(238, 283)
(238, 296)
(238, 284)
(238, 300)
(238, 305)
(238, 306)
(238, 317)
(238, 319)
(238, 327)
(238, 343)
(238, 346)
(238, 379)
(238, 376)
(238, 377)
(238, 251)
(239, 386)
(239, 261)
(239, 395)
(239, 268)
(239, 286)
(239, 287)
(239, 294)
(239, 301)
(239, 310)
(239, 320)
(239, 324)
(239, 331)
(239, 347)
(239, 349)
(239, 350)
(239, 356)
(239, 244)
(239, 245)
(239, 254)
(240, 265)
(240, 271)
(240, 274)
(240, 278)
(240, 282)
(240, 299)
(240, 304)
(240, 321)
(240, 325)
(240, 326)
(240, 329)
(240, 355)
(240, 357)
(240, 360)
(240, 241)
(240, 242)
(240, 380)
(240, 253)
(241, 265)
(241, 271)
(241, 274)
(241, 278)
(241, 282)
(241, 304)
(241, 321)
(241, 326)
(241, 355)
(241, 357)
(241, 360)
(241, 242)
(241, 380)
(241, 253)
(242, 265)
(242, 271)
(242, 274)
(242, 278)
(242, 282)
(242, 299)
(242, 304)
(242, 321)
(242, 325)
(242, 326)
(242, 329)
(242, 357)
(242, 360)
(242, 380)
(242, 253)
(243, 259)
(243, 260)
(243, 390)
(243, 264)
(243, 285)
(243, 288)
(243, 298)
(243, 311)
(243, 322)
(243, 334)
(243, 336)
(243, 369)
(243, 247)
(243, 248)
(243, 255)
(244, 388)
(244, 389)
(244, 262)
(244, 267)
(244, 268)
(244, 399)
(244, 273)
(244, 286)
(244, 299)
(244, 301)
(244, 307)
(244, 318)
(244, 331)
(244, 347)
(244, 353)
(244, 371)
(244, 245)
(244, 378)
(244, 381)
(244, 254)
(244, 383)
(245, 388)
(245, 263)
(245, 273)
(245, 275)
(245, 285)
(245, 288)
(245, 302)
(245, 310)
(245, 328)
(245, 331)
(245, 335)
(245, 337)
(245, 349)
(245, 353)
(245, 363)
(245, 364)
(245, 365)
(245, 371)
(245, 381)
(246, 385)
(246, 257)
(246, 394)
(246, 279)
(246, 396)
(246, 303)
(246, 266)
(246, 341)
(246, 352)
(246, 272)
(246, 362)
(246, 250)
(246, 382)
(247, 259)
(247, 260)
(247, 390)
(247, 298)
(247, 311)
(247, 334)
(247, 336)
(247, 373)
(248, 259)
(248, 260)
(248, 390)
(248, 263)
(248, 264)
(248, 266)
(248, 285)
(248, 288)
(248, 298)
(248, 311)
(248, 336)
(248, 337)
(248, 341)
(248, 358)
(248, 363)
(248, 364)
(248, 369)
(248, 250)
(248, 255)
(249, 262)
(249, 397)
(249, 325)
(249, 329)
(249, 338)
(249, 348)
(249, 368)
(249, 372)
(249, 378)
(249, 252)
(250, 388)
(250, 264)
(250, 394)
(250, 303)
(250, 266)
(250, 341)
(250, 358)
(250, 362)
(250, 364)
(250, 369)
(251, 384)
(251, 398)
(251, 272)
(251, 276)
(251, 277)
(251, 279)
(251, 280)
(251, 283)
(251, 284)
(251, 289)
(251, 296)
(251, 300)
(251, 312)
(251, 327)
(251, 270)
(251, 342)
(251, 343)
(251, 346)
(251, 361)
(251, 366)
(251, 367)
(251, 376)
(251, 377)
(251, 379)
(252, 257)
(252, 389)
(252, 279)
(252, 397)
(252, 398)
(252, 318)
(252, 323)
(252, 270)
(252, 368)
(252, 372)
(252, 377)
(252, 378)
(252, 381)
(252, 382)
(253, 271)
(253, 274)
(253, 278)
(253, 282)
(253, 299)
(253, 304)
(253, 321)
(253, 324)
(253, 326)
(253, 350)
(253, 355)
(253, 357)
(253, 360)
(253, 380)
(254, 386)
(254, 267)
(254, 268)
(254, 399)
(254, 286)
(254, 295)
(254, 299)
(254, 301)
(254, 304)
(254, 307)
(254, 320)
(254, 324)
(254, 347)
(254, 350)
(254, 356)
(254, 380)
(254, 383)
(255, 258)
(255, 390)
(255, 264)
(255, 393)
(255, 269)
(255, 291)
(255, 298)
(255, 311)
(255, 315)
(255, 322)
(255, 332)
(255, 334)
(255, 341)
(255, 358)
(255, 369)
(255, 375)
(256, 387)
(256, 391)
(256, 395)
(256, 275)
(256, 290)
(256, 292)
(256, 294)
(256, 297)
(256, 302)
(256, 308)
(256, 310)
(256, 313)
(256, 316)
(256, 328)
(256, 330)
(256, 335)
(256, 339)
(256, 340)
(256, 344)
(256, 345)
(256, 349)
(256, 351)
(256, 359)
(256, 365)
(257, 388)
(257, 389)
(257, 394)
(257, 279)
(257, 398)
(257, 272)
(257, 273)
(257, 303)
(257, 318)
(257, 323)
(257, 270)
(257, 361)
(257, 362)
(257, 368)
(257, 371)
(257, 372)
(257, 381)
(257, 382)
(258, 393)
(258, 396)
(258, 269)
(258, 281)
(258, 291)
(258, 315)
(258, 322)
(258, 332)
(258, 333)
(258, 358)
(258, 374)
(258, 375)
(259, 260)
(259, 263)
(259, 264)
(259, 275)
(259, 285)
(259, 288)
(259, 298)
(259, 302)
(259, 311)
(259, 328)
(259, 335)
(259, 336)
(259, 337)
(259, 339)
(259, 363)
(259, 365)
(259, 369)
(259, 373)
(260, 390)
(260, 263)
(260, 264)
(260, 275)
(260, 285)
(260, 288)
(260, 298)
(260, 311)
(260, 334)
(260, 336)
(260, 369)
(260, 373)
(261, 386)
(261, 287)
(261, 292)
(261, 294)
(261, 297)
(261, 316)
(261, 320)
(261, 395)
(261, 345)
(261, 356)
(262, 389)
(262, 267)
(262, 268)
(262, 397)
(262, 399)
(262, 286)
(262, 299)
(262, 307)
(262, 318)
(262, 325)
(262, 329)
(262, 271)
(262, 348)
(262, 372)
(262, 378)
(262, 383)
(263, 388)
(263, 266)
(263, 275)
(263, 285)
(263, 288)
(263, 298)
(263, 302)
(263, 310)
(263, 311)
(263, 328)
(263, 335)
(263, 336)
(263, 337)
(263, 349)
(263, 353)
(263, 363)
(263, 364)
(263, 365)
(263, 369)
(264, 390)
(264, 266)
(264, 285)
(264, 288)
(264, 369)
(264, 298)
(264, 311)
(264, 334)
(264, 336)
(264, 341)
(264, 358)
(265, 271)
(265, 274)
(265, 278)
(265, 321)
(265, 325)
(265, 329)
(265, 348)
(265, 380)
(266, 285)
(266, 298)
(266, 303)
(266, 369)
(266, 341)
(266, 358)
(266, 362)
(266, 364)
(267, 389)
(267, 268)
(267, 399)
(267, 286)
(267, 299)
(267, 301)
(267, 307)
(267, 318)
(267, 324)
(267, 329)
(267, 347)
(267, 350)
(267, 273)
(267, 371)
(267, 378)
(267, 383)
(268, 389)
(268, 399)
(268, 286)
(268, 299)
(268, 301)
(268, 307)
(268, 320)
(268, 324)
(268, 329)
(268, 331)
(268, 347)
(268, 350)
(268, 356)
(268, 383)
(269, 322)
(269, 291)
(269, 393)
(269, 332)
(269, 315)
(270, 384)
(270, 385)
(270, 394)
(270, 398)
(270, 272)
(270, 276)
(270, 277)
(270, 279)
(270, 289)
(270, 300)
(270, 312)
(270, 323)
(270, 327)
(270, 342)
(270, 343)
(270, 361)
(270, 368)
(270, 377)
(270, 382)
(271, 274)
(271, 278)
(271, 282)
(271, 299)
(271, 304)
(271, 321)
(271, 325)
(271, 326)
(271, 329)
(271, 357)
(271, 380)
(272, 384)
(272, 385)
(272, 394)
(272, 279)
(272, 277)
(272, 293)
(272, 303)
(272, 309)
(272, 312)
(272, 342)
(272, 352)
(272, 361)
(272, 362)
(272, 370)
(272, 382)
(273, 388)
(273, 389)
(273, 303)
(273, 307)
(273, 318)
(273, 323)
(273, 353)
(273, 362)
(273, 363)
(273, 364)
(273, 371)
(273, 381)
(274, 278)
(274, 282)
(274, 321)
(274, 326)
(274, 355)
(274, 357)
(274, 360)
(274, 380)
(275, 387)
(275, 391)
(275, 285)
(275, 288)
(275, 298)
(275, 302)
(275, 310)
(275, 313)
(275, 328)
(275, 335)
(275, 336)
(275, 337)
(275, 339)
(275, 349)
(275, 363)
(275, 365)
(275, 373)
(276, 384)
(276, 398)
(276, 279)
(276, 280)
(276, 283)
(276, 284)
(276, 296)
(276, 300)
(276, 305)
(276, 314)
(276, 317)
(276, 319)
(276, 327)
(276, 338)
(276, 343)
(276, 346)
(276, 361)
(276, 368)
(276, 376)
(276, 377)
(276, 379)
(277, 384)
(277, 385)
(277, 394)
(277, 279)
(277, 289)
(277, 293)
(277, 300)
(277, 309)
(277, 312)
(277, 327)
(277, 342)
(277, 352)
(277, 361)
(277, 366)
(277, 367)
(277, 370)
(277, 377)
(278, 282)
(278, 321)
(278, 325)
(278, 326)
(278, 355)
(278, 357)
(278, 360)
(278, 380)
(279, 384)
(279, 385)
(279, 394)
(279, 398)
(279, 300)
(279, 312)
(279, 323)
(279, 327)
(279, 342)
(279, 343)
(279, 361)
(279, 368)
(279, 377)
(279, 382)
(280, 384)
(280, 283)
(280, 289)
(280, 296)
(280, 284)
(280, 300)
(280, 305)
(280, 306)
(280, 319)
(280, 327)
(280, 343)
(280, 346)
(280, 376)
(280, 377)
(280, 379)
(281, 393)
(281, 396)
(281, 315)
(281, 332)
(281, 333)
(281, 354)
(281, 374)
(281, 375)
(282, 299)
(282, 304)
(282, 324)
(282, 326)
(282, 350)
(282, 357)
(282, 360)
(282, 380)
(283, 384)
(283, 289)
(283, 296)
(283, 284)
(283, 300)
(283, 305)
(283, 306)
(283, 319)
(283, 327)
(283, 342)
(283, 343)
(283, 366)
(283, 367)
(283, 376)
(283, 377)
(283, 379)
(284, 384)
(284, 300)
(284, 305)
(284, 314)
(284, 317)
(284, 319)
(284, 327)
(284, 343)
(284, 346)
(284, 296)
(284, 376)
(284, 377)
(284, 379)
(285, 288)
(285, 369)
(285, 298)
(285, 302)
(285, 311)
(285, 328)
(285, 335)
(285, 336)
(285, 337)
(285, 349)
(285, 363)
(285, 365)
(286, 389)
(286, 399)
(286, 299)
(286, 301)
(286, 307)
(286, 324)
(286, 329)
(286, 331)
(286, 347)
(286, 350)
(286, 356)
(286, 378)
(286, 383)
(287, 386)
(287, 292)
(287, 294)
(287, 295)
(287, 350)
(287, 320)
(287, 395)
(287, 347)
(287, 356)
(288, 369)
(288, 298)
(288, 302)
(288, 311)
(288, 328)
(288, 335)
(288, 336)
(288, 337)
(288, 349)
(288, 363)
(288, 365)
(288, 373)
(289, 384)
(289, 293)
(289, 300)
(289, 306)
(289, 309)
(289, 327)
(289, 312)
(289, 342)
(289, 361)
(289, 366)
(289, 367)
(289, 370)
(290, 387)
(290, 391)
(290, 392)
(290, 292)
(290, 294)
(290, 297)
(290, 308)
(290, 313)
(290, 316)
(290, 330)
(290, 339)
(290, 340)
(290, 344)
(290, 345)
(290, 351)
(290, 359)
(291, 393)
(291, 315)
(291, 322)
(291, 332)
(291, 333)
(292, 344)
(292, 294)
(292, 297)
(292, 316)
(292, 320)
(292, 395)
(292, 328)
(292, 330)
(292, 340)
(292, 345)
(293, 385)
(293, 370)
(293, 309)
(293, 312)
(293, 342)
(293, 352)
(293, 354)
(293, 366)
(293, 367)
(294, 386)
(294, 395)
(294, 297)
(294, 310)
(294, 316)
(294, 320)
(294, 328)
(294, 331)
(294, 340)
(294, 344)
(294, 345)
(294, 356)
(294, 365)
(295, 386)
(295, 304)
(295, 350)
(295, 320)
(295, 324)
(295, 347)
(296, 384)
(296, 398)
(296, 300)
(296, 305)
(296, 314)
(296, 317)
(296, 319)
(296, 327)
(296, 338)
(296, 343)
(296, 346)
(296, 376)
(296, 377)
(296, 379)
(297, 387)
(297, 391)
(297, 395)
(297, 302)
(297, 308)
(297, 310)
(297, 313)
(297, 316)
(297, 328)
(297, 330)
(297, 335)
(297, 339)
(297, 340)
(297, 344)
(297, 345)
(297, 351)
(297, 359)
(297, 365)
(298, 390)
(298, 369)
(298, 311)
(298, 336)
(298, 337)
(298, 334)
(298, 341)
(299, 399)
(299, 301)
(299, 304)
(299, 307)
(299, 324)
(299, 329)
(299, 347)
(299, 350)
(299, 378)
(299, 380)
(299, 383)
(300, 384)
(300, 305)
(300, 306)
(300, 319)
(300, 327)
(300, 342)
(300, 343)
(300, 346)
(300, 361)
(300, 366)
(300, 367)
(300, 376)
(300, 377)
(300, 379)
(301, 386)
(301, 399)
(301, 307)
(301, 320)
(301, 331)
(301, 324)
(301, 347)
(301, 350)
(301, 356)
(301, 383)
(302, 387)
(302, 391)
(302, 310)
(302, 313)
(302, 328)
(302, 331)
(302, 335)
(302, 336)
(302, 337)
(302, 339)
(302, 349)
(302, 353)
(302, 363)
(302, 365)
(303, 388)
(303, 394)
(303, 323)
(303, 341)
(303, 353)
(303, 362)
(303, 364)
(303, 371)
(303, 381)
(303, 382)
(304, 350)
(304, 324)
(304, 326)
(304, 357)
(304, 380)
(305, 384)
(305, 306)
(305, 314)
(305, 317)
(305, 319)
(305, 327)
(305, 343)
(305, 346)
(305, 376)
(305, 377)
(305, 379)
(306, 379)
(306, 319)
(307, 389)
(307, 399)
(307, 318)
(307, 324)
(307, 329)
(307, 347)
(307, 371)
(307, 378)
(307, 381)
(307, 383)
(308, 387)
(308, 391)
(308, 392)
(308, 313)
(308, 330)
(308, 339)
(308, 340)
(308, 345)
(308, 351)
(308, 359)
(308, 373)
(309, 385)
(309, 312)
(309, 342)
(309, 352)
(309, 366)
(309, 367)
(309, 370)
(310, 395)
(310, 320)
(310, 331)
(310, 328)
(310, 335)
(310, 337)
(310, 349)
(310, 353)
(310, 356)
(310, 363)
(310, 365)
(311, 390)
(311, 369)
(311, 334)
(311, 336)
(312, 384)
(312, 385)
(312, 342)
(312, 361)
(312, 366)
(312, 367)
(312, 370)
(313, 387)
(313, 391)
(313, 351)
(313, 328)
(313, 330)
(313, 335)
(313, 339)
(313, 340)
(313, 345)
(313, 359)
(313, 365)
(313, 373)
(314, 317)
(314, 397)
(314, 338)
(314, 343)
(314, 346)
(314, 376)
(314, 379)
(315, 390)
(315, 393)
(315, 396)
(315, 322)
(315, 332)
(315, 333)
(315, 358)
(315, 375)
(316, 392)
(316, 395)
(316, 344)
(316, 330)
(316, 340)
(316, 345)
(317, 398)
(317, 327)
(317, 338)
(317, 343)
(317, 346)
(317, 368)
(317, 376)
(317, 377)
(317, 379)
(318, 388)
(318, 389)
(318, 397)
(318, 398)
(318, 323)
(318, 368)
(318, 371)
(318, 372)
(318, 378)
(318, 381)
(318, 382)
(318, 383)
(319, 327)
(319, 343)
(319, 346)
(319, 376)
(319, 379)
(320, 386)
(320, 395)
(320, 350)
(320, 324)
(320, 331)
(320, 347)
(320, 349)
(320, 356)
(321, 325)
(321, 326)
(321, 355)
(321, 360)
(321, 380)
(322, 390)
(322, 393)
(322, 332)
(322, 334)
(323, 388)
(323, 389)
(323, 394)
(323, 398)
(323, 362)
(323, 368)
(323, 371)
(323, 372)
(323, 381)
(323, 382)
(324, 386)
(324, 399)
(324, 350)
(324, 347)
(324, 356)
(324, 380)
(324, 383)
(325, 329)
(325, 348)
(325, 380)
(326, 355)
(326, 357)
(326, 360)
(326, 380)
(327, 384)
(327, 398)
(327, 342)
(327, 343)
(327, 346)
(327, 361)
(327, 376)
(327, 377)
(327, 379)
(328, 387)
(328, 391)
(328, 395)
(328, 331)
(328, 335)
(328, 336)
(328, 337)
(328, 339)
(328, 345)
(328, 349)
(328, 363)
(328, 365)
(329, 399)
(329, 348)
(329, 378)
(329, 380)
(329, 383)
(330, 387)
(330, 391)
(330, 392)
(330, 339)
(330, 340)
(330, 344)
(330, 345)
(330, 351)
(330, 359)
(331, 386)
(331, 395)
(331, 347)
(331, 335)
(331, 349)
(331, 353)
(331, 356)
(331, 363)
(331, 365)
(332, 393)
(332, 396)
(332, 333)
(332, 354)
(332, 358)
(332, 374)
(332, 375)
(333, 393)
(333, 396)
(333, 354)
(333, 374)
(333, 375)
(334, 390)
(334, 369)
(335, 387)
(335, 391)
(335, 336)
(335, 337)
(335, 339)
(335, 345)
(335, 349)
(335, 351)
(335, 359)
(335, 363)
(335, 365)
(336, 390)
(336, 369)
(336, 337)
(336, 339)
(336, 363)
(336, 365)
(336, 373)
(337, 388)
(337, 349)
(337, 353)
(337, 363)
(337, 364)
(337, 365)
(337, 369)
(338, 397)
(338, 346)
(338, 348)
(338, 376)
(339, 387)
(339, 391)
(339, 351)
(339, 340)
(339, 345)
(339, 359)
(339, 365)
(339, 373)
(340, 387)
(340, 391)
(340, 392)
(340, 344)
(340, 345)
(340, 351)
(340, 359)
(341, 390)
(341, 396)
(341, 358)
(341, 362)
(341, 369)
(341, 375)
(342, 384)
(342, 385)
(342, 352)
(342, 361)
(342, 366)
(342, 367)
(342, 370)
(343, 384)
(343, 398)
(343, 346)
(343, 361)
(343, 368)
(343, 376)
(343, 377)
(343, 379)
(344, 392)
(344, 345)
(344, 351)
(345, 387)
(345, 391)
(345, 392)
(345, 395)
(345, 351)
(345, 359)
(345, 365)
(346, 384)
(346, 398)
(346, 368)
(346, 376)
(346, 377)
(346, 379)
(347, 386)
(347, 399)
(347, 350)
(347, 356)
(347, 383)
(348, 397)
(348, 378)
(349, 388)
(349, 395)
(349, 353)
(349, 356)
(349, 363)
(349, 365)
(350, 386)
(350, 399)
(350, 356)
(350, 380)
(350, 383)
(351, 387)
(351, 391)
(351, 392)
(351, 359)
(351, 373)
(352, 385)
(352, 394)
(352, 396)
(352, 370)
(352, 375)
(352, 354)
(352, 374)
(353, 363)
(353, 388)
(353, 389)
(353, 362)
(353, 364)
(353, 371)
(353, 381)
(354, 385)
(354, 396)
(354, 370)
(354, 374)
(354, 375)
(355, 357)
(355, 360)
(356, 386)
(356, 395)
(357, 360)
(357, 380)
(358, 390)
(358, 393)
(358, 396)
(358, 369)
(358, 375)
(359, 387)
(359, 391)
(359, 373)
(361, 384)
(361, 385)
(361, 394)
(361, 398)
(361, 367)
(361, 368)
(361, 370)
(361, 377)
(361, 382)
(362, 388)
(362, 394)
(362, 364)
(362, 371)
(362, 381)
(362, 382)
(363, 388)
(363, 364)
(363, 365)
(363, 371)
(364, 388)
(364, 371)
(364, 381)
(365, 387)
(365, 391)
(365, 395)
(366, 367)
(366, 370)
(367, 384)
(367, 385)
(367, 370)
(368, 384)
(368, 389)
(368, 397)
(368, 398)
(368, 372)
(368, 377)
(368, 378)
(368, 381)
(368, 382)
(369, 390)
(370, 385)
(371, 388)
(371, 389)
(371, 372)
(371, 381)
(371, 382)
(372, 389)
(372, 397)
(372, 398)
(372, 378)
(372, 381)
(372, 382)
(373, 387)
(373, 391)
(374, 393)
(374, 396)
(374, 375)
(375, 393)
(375, 396)
(376, 384)
(376, 377)
(376, 379)
(377, 384)
(377, 398)
(377, 379)
(377, 382)
(378, 389)
(378, 397)
(378, 399)
(378, 383)
(379, 384)
(380, 399)
(380, 383)
(381, 388)
(381, 389)
(381, 382)
(382, 384)
(382, 394)
(382, 398)
(383, 389)
(383, 399)
(384, 398)
(385, 394)
(385, 396)
(386, 395)
(387, 391)
(388, 389)
(389, 399)
(393, 396)
(397, 398)
