#Nodes
0
1
2
3
4
5
6
7
8
9
10
11
12
13
14
15
16
17
18
19
20
21
22
23
24
25
26
27
28
29
30
31
32
33
34
35
36
37
38
39
40
41
42
43
44
45
46
47
48
49
50
51
52
53
54
55
56
57
58
59
60
61
62
63
64
65
66
67
68
69
70
71
72
73
74
75
76
77
78
79
80
81
82
83
84
85
86
87
88
89
90
91
92
93
94
95
96
97
98
99
#Edges
(0, 96)
(0, 98)
(0, 36)
(0, 71)
(0, 80)
(0, 52)
(0, 29)
(1, 75)
(1, 70)
(1, 94)
(1, 45)
(2, 65)
(2, 67)
(2, 6)
(2, 73)
(2, 77)
(2, 46)
(2, 13)
(2, 48)
(2, 22)
(2, 28)
(3, 17)
(3, 74)
(3, 24)
(3, 53)
(3, 87)
(3, 88)
(3, 89)
(3, 90)
(3, 58)
(4, 68)
(4, 43)
(4, 18)
(4, 78)
(4, 79)
(4, 50)
(4, 84)
(4, 14)
(4, 23)
(4, 57)
(4, 47)
(4, 61)
(5, 96)
(5, 98)
(5, 36)
(5, 7)
(5, 41)
(5, 10)
(5, 12)
(5, 15)
(5, 85)
(5, 56)
(5, 26)
(5, 91)
(5, 29)
(5, 62)
(5, 95)
(6, 65)
(6, 67)
(6, 77)
(6, 13)
(6, 48)
(6, 22)
(6, 28)
(7, 98)
(7, 9)
(7, 41)
(7, 44)
(7, 12)
(7, 15)
(7, 52)
(7, 85)
(7, 87)
(7, 90)
(7, 91)
(7, 62)
(8, 65)
(8, 40)
(8, 13)
(8, 24)
(8, 19)
(8, 54)
(8, 88)
(8, 89)
(8, 58)
(9, 41)
(9, 12)
(9, 15)
(9, 52)
(9, 53)
(9, 87)
(9, 90)
(9, 91)
(10, 96)
(10, 33)
(10, 11)
(10, 36)
(10, 71)
(10, 75)
(10, 76)
(10, 80)
(10, 49)
(10, 51)
(10, 85)
(10, 56)
(10, 26)
(10, 95)
(11, 96)
(11, 33)
(11, 66)
(11, 34)
(11, 36)
(11, 70)
(11, 71)
(11, 75)
(11, 76)
(11, 45)
(11, 80)
(11, 49)
(11, 51)
(11, 56)
(11, 26)
(11, 16)
(11, 94)
(11, 95)
(12, 98)
(12, 41)
(12, 44)
(12, 15)
(12, 52)
(12, 85)
(12, 87)
(12, 90)
(12, 91)
(12, 29)
(12, 62)
(13, 65)
(13, 48)
(13, 22)
(13, 28)
(14, 68)
(14, 73)
(14, 42)
(14, 43)
(14, 78)
(14, 47)
(14, 18)
(14, 23)
(14, 61)
(15, 41)
(15, 74)
(15, 44)
(15, 52)
(15, 53)
(15, 87)
(15, 90)
(15, 91)
(15, 62)
(16, 97)
(16, 66)
(16, 69)
(16, 33)
(16, 34)
(16, 79)
(16, 49)
(16, 51)
(16, 21)
(16, 25)
(16, 57)
(16, 26)
(16, 93)
(16, 95)
(17, 64)
(17, 72)
(17, 41)
(17, 74)
(17, 44)
(17, 24)
(17, 19)
(17, 20)
(17, 54)
(17, 88)
(17, 89)
(17, 90)
(17, 58)
(17, 62)
(18, 99)
(18, 68)
(18, 42)
(18, 43)
(18, 78)
(18, 82)
(18, 84)
(18, 23)
(18, 60)
(18, 61)
(19, 64)
(19, 38)
(19, 72)
(19, 74)
(19, 44)
(19, 24)
(19, 40)
(19, 20)
(19, 54)
(19, 88)
(19, 89)
(19, 62)
(19, 63)
(20, 64)
(20, 72)
(20, 74)
(20, 44)
(20, 54)
(20, 24)
(20, 89)
(20, 62)
(20, 63)
(21, 33)
(21, 34)
(21, 69)
(21, 39)
(21, 66)
(21, 49)
(21, 25)
(21, 59)
(22, 65)
(22, 48)
(22, 28)
(23, 68)
(23, 42)
(23, 43)
(23, 78)
(23, 81)
(23, 82)
(23, 60)
(23, 61)
(23, 31)
(24, 64)
(24, 40)
(24, 74)
(24, 54)
(24, 88)
(24, 89)
(24, 58)
(25, 97)
(25, 34)
(25, 69)
(25, 39)
(25, 49)
(25, 50)
(25, 33)
(25, 59)
(25, 93)
(26, 96)
(26, 97)
(26, 66)
(26, 36)
(26, 33)
(26, 71)
(26, 75)
(26, 76)
(26, 34)
(26, 80)
(26, 49)
(26, 51)
(26, 85)
(26, 56)
(26, 95)
(27, 64)
(27, 38)
(27, 42)
(27, 43)
(27, 46)
(27, 47)
(27, 54)
(27, 63)
(28, 65)
(28, 67)
(28, 73)
(28, 77)
(28, 48)
(29, 96)
(29, 98)
(29, 36)
(29, 71)
(29, 52)
(29, 91)
(30, 35)
(30, 37)
(30, 83)
(30, 86)
(30, 59)
(30, 92)
(31, 81)
(31, 60)
(31, 78)
(32, 99)
(32, 82)
(32, 35)
(32, 84)
(32, 55)
(32, 60)
(33, 97)
(33, 66)
(33, 34)
(33, 69)
(33, 70)
(33, 71)
(33, 75)
(33, 76)
(33, 45)
(33, 49)
(33, 51)
(33, 93)
(33, 95)
(34, 97)
(34, 66)
(34, 69)
(34, 39)
(34, 49)
(34, 51)
(34, 93)
(34, 95)
(35, 99)
(35, 37)
(35, 83)
(35, 55)
(35, 92)
(36, 96)
(36, 98)
(36, 71)
(36, 75)
(36, 76)
(36, 80)
(36, 51)
(36, 85)
(36, 56)
(36, 95)
(37, 99)
(37, 39)
(37, 50)
(37, 83)
(37, 84)
(37, 86)
(37, 59)
(37, 92)
(38, 64)
(38, 73)
(38, 42)
(38, 43)
(38, 46)
(38, 54)
(38, 63)
(39, 69)
(39, 50)
(39, 86)
(39, 59)
(39, 92)
(40, 65)
(40, 54)
(40, 88)
(40, 89)
(40, 58)
(41, 72)
(41, 74)
(41, 44)
(41, 85)
(41, 90)
(41, 91)
(41, 62)
(42, 67)
(42, 73)
(42, 43)
(42, 46)
(42, 78)
(42, 61)
(43, 73)
(43, 46)
(43, 47)
(43, 78)
(43, 61)
(44, 64)
(44, 72)
(44, 74)
(44, 54)
(44, 90)
(44, 62)
(45, 66)
(45, 70)
(45, 75)
(45, 76)
(45, 80)
(45, 94)
(46, 64)
(46, 73)
(46, 54)
(46, 63)
(47, 97)
(47, 69)
(47, 93)
(47, 57)
(47, 79)
(47, 61)
(48, 67)
(48, 73)
(48, 77)
(49, 97)
(49, 66)
(49, 69)
(49, 76)
(49, 51)
(49, 93)
(49, 95)
(50, 99)
(50, 68)
(50, 69)
(50, 84)
(50, 59)
(50, 92)
(51, 96)
(51, 97)
(51, 66)
(51, 71)
(51, 75)
(51, 76)
(51, 85)
(51, 56)
(51, 93)
(51, 95)
(52, 98)
(52, 91)
(53, 74)
(53, 87)
(53, 90)
(54, 64)
(54, 72)
(54, 89)
(54, 63)
(55, 99)
(55, 82)
(55, 84)
(55, 60)
(56, 96)
(56, 98)
(56, 71)
(56, 76)
(56, 85)
(56, 95)
(57, 97)
(57, 69)
(57, 93)
(57, 79)
(57, 61)
(58, 74)
(58, 88)
(58, 89)
(59, 69)
(59, 86)
(59, 92)
(60, 82)
(61, 79)
(61, 78)
(61, 68)
(62, 64)
(62, 72)
(62, 74)
(62, 85)
(63, 64)
(63, 72)
(64, 72)
(64, 74)
(64, 89)
(66, 75)
(66, 69)
(66, 70)
(66, 76)
(66, 94)
(67, 73)
(67, 77)
(67, 81)
(68, 99)
(68, 82)
(68, 84)
(68, 78)
(69, 97)
(69, 79)
(69, 93)
(70, 75)
(70, 76)
(70, 80)
(70, 94)
(71, 96)
(71, 98)
(71, 75)
(71, 76)
(71, 80)
(71, 94)
(71, 95)
(72, 74)
(72, 89)
(73, 77)
(73, 78)
(74, 87)
(74, 89)
(74, 90)
(75, 96)
(75, 76)
(75, 80)
(75, 94)
(75, 95)
(76, 96)
(76, 80)
(76, 94)
(76, 95)
(78, 81)
(79, 97)
(79, 93)
(80, 96)
(80, 94)
(82, 99)
(82, 84)
(83, 92)
(83, 86)
(84, 99)
(84, 92)
(85, 96)
(85, 98)
(85, 95)
(86, 92)
(87, 90)
(87, 91)
(88, 89)
(90, 91)
(91, 98)
(92, 99)
(93, 97)
(93, 95)
(95, 96)
(95, 97)
(96, 98)
