#Nodes
0
1
2
3
4
5
6
7
8
9
10
11
12
13
14
15
16
17
18
19
20
21
22
23
24
25
26
27
28
29
30
31
32
33
34
35
36
37
38
39
40
41
42
43
44
45
46
47
48
49
50
51
52
53
54
55
56
57
58
59
60
61
62
63
64
65
66
67
68
69
70
71
72
73
74
75
76
77
78
79
80
81
82
83
84
85
86
87
88
89
90
91
92
93
94
95
96
97
98
99
100
101
102
103
104
105
106
107
108
109
110
111
112
113
114
115
116
117
118
119
120
121
122
123
124
125
126
127
128
129
130
131
132
133
134
135
136
137
138
139
140
141
142
143
144
145
146
147
148
149
150
151
152
153
154
155
156
157
158
159
160
161
162
163
164
165
166
167
168
169
170
171
172
173
174
175
176
177
178
179
180
181
182
183
184
185
186
187
188
189
190
191
192
193
194
195
196
197
198
199
200
201
202
203
204
205
206
207
208
209
210
211
212
213
214
215
216
217
218
219
220
221
222
223
224
225
226
227
228
229
230
231
232
233
234
235
236
237
238
239
240
241
242
243
244
245
246
247
248
249
250
251
252
253
254
255
256
257
258
259
260
261
262
263
264
265
266
267
268
269
270
271
272
273
274
275
276
277
278
279
280
281
282
283
284
285
286
287
288
289
290
291
292
293
294
295
296
297
298
299
300
301
302
303
304
305
306
307
308
309
310
311
312
313
314
315
316
317
318
319
320
321
322
323
324
325
326
327
328
329
330
331
332
333
334
335
336
337
338
339
340
341
342
343
344
345
346
347
348
349
350
351
352
353
354
355
356
357
358
359
360
361
362
363
364
365
366
367
368
369
370
371
372
373
374
375
376
377
378
379
380
381
382
383
384
385
386
387
388
389
390
391
392
393
394
395
396
397
398
399
#Edges
(0, 128)
(0, 387)
(0, 132)
(0, 5)
(0, 7)
(0, 264)
(0, 269)
(0, 398)
(0, 399)
(0, 18)
(0, 275)
(0, 149)
(0, 151)
(0, 25)
(0, 282)
(0, 239)
(0, 157)
(0, 31)
(0, 288)
(0, 289)
(0, 155)
(0, 165)
(0, 45)
(0, 175)
(0, 304)
(0, 308)
(0, 73)
(0, 184)
(0, 57)
(0, 318)
(0, 117)
(0, 320)
(0, 193)
(0, 327)
(0, 76)
(0, 331)
(0, 332)
(0, 98)
(0, 206)
(0, 13)
(0, 336)
(0, 81)
(0, 83)
(0, 214)
(0, 345)
(0, 348)
(0, 222)
(0, 351)
(0, 352)
(0, 226)
(0, 104)
(0, 124)
(0, 108)
(0, 367)
(0, 369)
(0, 371)
(0, 190)
(0, 374)
(0, 62)
(0, 122)
(0, 252)
(1, 131)
(1, 263)
(1, 392)
(1, 394)
(1, 140)
(1, 397)
(1, 20)
(1, 277)
(1, 154)
(1, 283)
(1, 30)
(1, 32)
(1, 291)
(1, 164)
(1, 39)
(1, 171)
(1, 303)
(1, 8)
(1, 313)
(1, 187)
(1, 316)
(1, 189)
(1, 67)
(1, 70)
(1, 329)
(1, 202)
(1, 333)
(1, 77)
(1, 210)
(1, 163)
(1, 213)
(1, 344)
(1, 90)
(1, 91)
(1, 135)
(1, 95)
(1, 233)
(1, 110)
(1, 243)
(1, 372)
(1, 245)
(1, 249)
(1, 378)
(1, 383)
(2, 9)
(2, 138)
(2, 343)
(2, 145)
(2, 24)
(2, 281)
(2, 156)
(2, 287)
(2, 299)
(2, 50)
(2, 194)
(2, 207)
(2, 337)
(2, 215)
(2, 217)
(2, 218)
(2, 350)
(2, 358)
(2, 363)
(2, 116)
(2, 248)
(2, 121)
(2, 250)
(2, 380)
(3, 384)
(3, 256)
(3, 386)
(3, 389)
(3, 193)
(3, 11)
(3, 268)
(3, 143)
(3, 274)
(3, 19)
(3, 46)
(3, 24)
(3, 25)
(3, 160)
(3, 289)
(3, 290)
(3, 293)
(3, 65)
(3, 42)
(3, 7)
(3, 44)
(3, 242)
(3, 302)
(3, 179)
(3, 186)
(3, 315)
(3, 319)
(3, 64)
(3, 321)
(3, 66)
(3, 396)
(3, 204)
(3, 34)
(3, 336)
(3, 82)
(3, 345)
(3, 218)
(3, 348)
(3, 37)
(3, 165)
(3, 353)
(3, 226)
(3, 38)
(3, 230)
(3, 366)
(3, 111)
(3, 112)
(3, 370)
(3, 248)
(3, 122)
(3, 126)
(4, 258)
(4, 131)
(4, 260)
(4, 263)
(4, 392)
(4, 393)
(4, 394)
(4, 140)
(4, 272)
(4, 43)
(4, 20)
(4, 23)
(4, 284)
(4, 158)
(4, 33)
(4, 39)
(4, 169)
(4, 135)
(4, 301)
(4, 136)
(4, 115)
(4, 180)
(4, 53)
(4, 310)
(4, 201)
(4, 56)
(4, 232)
(4, 67)
(4, 69)
(4, 329)
(4, 203)
(4, 333)
(4, 8)
(4, 340)
(4, 216)
(4, 90)
(4, 347)
(4, 223)
(4, 99)
(4, 100)
(4, 360)
(4, 361)
(4, 362)
(4, 110)
(4, 241)
(4, 243)
(4, 106)
(4, 246)
(4, 41)
(4, 84)
(4, 378)
(4, 251)
(4, 253)
(4, 382)
(4, 383)
(5, 257)
(5, 387)
(5, 214)
(5, 262)
(5, 264)
(5, 13)
(5, 269)
(5, 398)
(5, 399)
(5, 146)
(5, 275)
(5, 149)
(5, 73)
(5, 151)
(5, 153)
(5, 155)
(5, 283)
(5, 157)
(5, 159)
(5, 288)
(5, 48)
(5, 18)
(5, 291)
(5, 164)
(5, 168)
(5, 304)
(5, 308)
(5, 311)
(5, 57)
(5, 187)
(5, 316)
(5, 61)
(5, 318)
(5, 117)
(5, 327)
(5, 76)
(5, 331)
(5, 332)
(5, 206)
(5, 109)
(5, 81)
(5, 83)
(5, 342)
(5, 87)
(5, 344)
(5, 271)
(5, 221)
(5, 222)
(5, 351)
(5, 352)
(5, 98)
(5, 102)
(5, 104)
(5, 124)
(5, 108)
(5, 237)
(5, 31)
(5, 367)
(5, 369)
(5, 371)
(5, 244)
(5, 190)
(5, 374)
(5, 62)
(5, 252)
(5, 239)
(6, 51)
(6, 259)
(6, 388)
(6, 133)
(6, 134)
(6, 9)
(6, 10)
(6, 12)
(6, 273)
(6, 150)
(6, 279)
(6, 26)
(6, 285)
(6, 36)
(6, 167)
(6, 40)
(6, 170)
(6, 71)
(6, 305)
(6, 178)
(6, 307)
(6, 314)
(6, 317)
(6, 322)
(6, 199)
(6, 335)
(6, 339)
(6, 85)
(6, 88)
(6, 346)
(6, 94)
(6, 356)
(6, 229)
(6, 359)
(6, 364)
(6, 247)
(6, 377)
(6, 123)
(7, 128)
(7, 34)
(7, 265)
(7, 11)
(7, 268)
(7, 269)
(7, 143)
(7, 148)
(7, 149)
(7, 25)
(7, 31)
(7, 288)
(7, 289)
(7, 290)
(7, 293)
(7, 42)
(7, 45)
(7, 302)
(7, 175)
(7, 73)
(7, 186)
(7, 13)
(7, 190)
(7, 193)
(7, 66)
(7, 195)
(7, 204)
(7, 332)
(7, 98)
(7, 334)
(7, 79)
(7, 81)
(7, 211)
(7, 206)
(7, 214)
(7, 15)
(7, 348)
(7, 222)
(7, 165)
(7, 353)
(7, 226)
(7, 230)
(7, 103)
(7, 104)
(7, 370)
(7, 83)
(7, 62)
(7, 374)
(8, 131)
(8, 260)
(8, 263)
(8, 392)
(8, 394)
(8, 140)
(8, 43)
(8, 20)
(8, 21)
(8, 154)
(8, 30)
(8, 32)
(8, 163)
(8, 39)
(8, 297)
(8, 171)
(8, 303)
(8, 136)
(8, 180)
(8, 329)
(8, 189)
(8, 67)
(8, 70)
(8, 201)
(8, 202)
(8, 333)
(8, 77)
(8, 80)
(8, 210)
(8, 213)
(8, 90)
(8, 135)
(8, 99)
(8, 233)
(8, 110)
(8, 241)
(8, 243)
(8, 245)
(8, 378)
(8, 253)
(8, 382)
(8, 383)
(9, 134)
(9, 236)
(9, 138)
(9, 395)
(9, 12)
(9, 145)
(9, 150)
(9, 281)
(9, 167)
(9, 287)
(9, 294)
(9, 177)
(9, 40)
(9, 298)
(9, 299)
(9, 305)
(9, 50)
(9, 307)
(9, 94)
(9, 182)
(9, 121)
(9, 317)
(9, 215)
(9, 194)
(9, 71)
(9, 199)
(9, 207)
(9, 337)
(9, 343)
(9, 217)
(9, 346)
(9, 350)
(9, 357)
(9, 358)
(9, 363)
(9, 364)
(9, 116)
(9, 247)
(9, 248)
(9, 377)
(9, 250)
(9, 123)
(9, 380)
(9, 170)
(9, 254)
(10, 51)
(10, 388)
(10, 133)
(10, 134)
(10, 391)
(10, 23)
(10, 12)
(10, 141)
(10, 272)
(10, 273)
(10, 150)
(10, 279)
(10, 284)
(10, 285)
(10, 161)
(10, 36)
(10, 40)
(10, 71)
(10, 178)
(10, 307)
(10, 54)
(10, 314)
(10, 188)
(10, 317)
(10, 199)
(10, 203)
(10, 335)
(10, 339)
(10, 340)
(10, 85)
(10, 86)
(10, 88)
(10, 94)
(10, 225)
(10, 356)
(10, 229)
(10, 359)
(10, 234)
(10, 364)
(10, 115)
(10, 246)
(10, 84)
(10, 251)
(10, 106)
(11, 256)
(11, 128)
(11, 265)
(11, 395)
(11, 268)
(11, 269)
(11, 143)
(11, 274)
(11, 19)
(11, 148)
(11, 25)
(11, 289)
(11, 290)
(11, 293)
(11, 298)
(11, 45)
(11, 302)
(11, 54)
(11, 186)
(11, 188)
(11, 190)
(11, 193)
(11, 66)
(11, 195)
(11, 161)
(11, 15)
(11, 204)
(11, 74)
(11, 332)
(11, 34)
(11, 334)
(11, 141)
(11, 81)
(11, 211)
(11, 214)
(11, 79)
(11, 348)
(11, 222)
(11, 165)
(11, 353)
(11, 98)
(11, 230)
(11, 103)
(11, 104)
(11, 234)
(11, 366)
(11, 111)
(11, 370)
(11, 42)
(11, 254)
(12, 51)
(12, 259)
(12, 388)
(12, 134)
(12, 265)
(12, 395)
(12, 141)
(12, 15)
(12, 272)
(12, 273)
(12, 274)
(12, 150)
(12, 279)
(12, 285)
(12, 161)
(12, 40)
(12, 298)
(12, 71)
(12, 50)
(12, 305)
(12, 178)
(12, 307)
(12, 54)
(12, 188)
(12, 317)
(12, 199)
(12, 74)
(12, 334)
(12, 335)
(12, 337)
(12, 339)
(12, 85)
(12, 88)
(12, 217)
(12, 79)
(12, 94)
(12, 229)
(12, 234)
(12, 364)
(12, 366)
(12, 115)
(12, 106)
(12, 247)
(12, 377)
(12, 170)
(12, 254)
(13, 128)
(13, 387)
(13, 264)
(13, 269)
(13, 398)
(13, 399)
(13, 18)
(13, 275)
(13, 149)
(13, 151)
(13, 25)
(13, 239)
(13, 157)
(13, 31)
(13, 288)
(13, 289)
(13, 155)
(13, 165)
(13, 45)
(13, 175)
(13, 304)
(13, 308)
(13, 73)
(13, 184)
(13, 57)
(13, 318)
(13, 117)
(13, 320)
(13, 193)
(13, 327)
(13, 76)
(13, 331)
(13, 332)
(13, 98)
(13, 206)
(13, 81)
(13, 83)
(13, 214)
(13, 345)
(13, 348)
(13, 222)
(13, 351)
(13, 352)
(13, 226)
(13, 104)
(13, 124)
(13, 108)
(13, 367)
(13, 369)
(13, 371)
(13, 190)
(13, 374)
(13, 62)
(13, 122)
(13, 252)
(14, 194)
(14, 357)
(14, 294)
(14, 363)
(14, 236)
(14, 177)
(14, 182)
(14, 215)
(14, 123)
(14, 380)
(14, 350)
(15, 256)
(15, 388)
(15, 265)
(15, 138)
(15, 395)
(15, 268)
(15, 141)
(15, 274)
(15, 19)
(15, 148)
(15, 279)
(15, 25)
(15, 287)
(15, 161)
(15, 293)
(15, 298)
(15, 45)
(15, 302)
(15, 305)
(15, 307)
(15, 74)
(15, 54)
(15, 188)
(15, 317)
(15, 195)
(15, 199)
(15, 79)
(15, 204)
(15, 334)
(15, 335)
(15, 337)
(15, 211)
(15, 88)
(15, 207)
(15, 353)
(15, 230)
(15, 103)
(15, 234)
(15, 366)
(15, 111)
(15, 370)
(15, 42)
(15, 248)
(15, 170)
(15, 254)
(16, 257)
(16, 261)
(16, 390)
(16, 17)
(16, 146)
(16, 147)
(16, 153)
(16, 27)
(16, 29)
(16, 286)
(16, 159)
(16, 368)
(16, 35)
(16, 168)
(16, 306)
(16, 52)
(16, 183)
(16, 61)
(16, 191)
(16, 192)
(16, 326)
(16, 200)
(16, 330)
(16, 208)
(16, 212)
(16, 341)
(16, 221)
(16, 227)
(16, 231)
(16, 105)
(16, 107)
(16, 109)
(16, 240)
(16, 244)
(17, 257)
(17, 261)
(17, 390)
(17, 398)
(17, 271)
(17, 146)
(17, 275)
(17, 153)
(17, 27)
(17, 29)
(17, 159)
(17, 35)
(17, 168)
(17, 48)
(17, 306)
(17, 52)
(17, 181)
(17, 183)
(17, 61)
(17, 192)
(17, 200)
(17, 330)
(17, 208)
(17, 212)
(17, 221)
(17, 352)
(17, 227)
(17, 102)
(17, 231)
(17, 105)
(17, 109)
(17, 368)
(17, 113)
(17, 147)
(17, 244)
(17, 255)
(18, 257)
(18, 387)
(18, 214)
(18, 262)
(18, 264)
(18, 269)
(18, 398)
(18, 399)
(18, 146)
(18, 275)
(18, 149)
(18, 73)
(18, 151)
(18, 153)
(18, 155)
(18, 283)
(18, 157)
(18, 31)
(18, 288)
(18, 291)
(18, 164)
(18, 168)
(18, 48)
(18, 308)
(18, 311)
(18, 57)
(18, 187)
(18, 316)
(18, 61)
(18, 190)
(18, 327)
(18, 76)
(18, 331)
(18, 239)
(18, 206)
(18, 397)
(18, 81)
(18, 83)
(18, 342)
(18, 87)
(18, 344)
(18, 221)
(18, 222)
(18, 351)
(18, 352)
(18, 98)
(18, 104)
(18, 124)
(18, 108)
(18, 237)
(18, 367)
(18, 369)
(18, 371)
(18, 244)
(18, 117)
(18, 62)
(18, 249)
(18, 252)
(19, 256)
(19, 386)
(19, 389)
(19, 265)
(19, 138)
(19, 395)
(19, 268)
(19, 143)
(19, 274)
(19, 46)
(19, 24)
(19, 25)
(19, 156)
(19, 287)
(19, 160)
(19, 290)
(19, 293)
(19, 298)
(19, 299)
(19, 44)
(19, 302)
(19, 305)
(19, 186)
(19, 64)
(19, 65)
(19, 66)
(19, 74)
(19, 204)
(19, 34)
(19, 207)
(19, 337)
(19, 82)
(19, 218)
(19, 79)
(19, 37)
(19, 165)
(19, 353)
(19, 230)
(19, 358)
(19, 366)
(19, 111)
(19, 112)
(19, 370)
(19, 116)
(19, 126)
(19, 248)
(19, 42)
(19, 254)
(20, 131)
(20, 262)
(20, 263)
(20, 392)
(20, 393)
(20, 394)
(20, 140)
(20, 397)
(20, 43)
(20, 283)
(20, 30)
(20, 288)
(20, 291)
(20, 164)
(20, 39)
(20, 41)
(20, 171)
(20, 303)
(20, 53)
(20, 310)
(20, 313)
(20, 187)
(20, 316)
(20, 67)
(20, 69)
(20, 70)
(20, 329)
(20, 202)
(20, 333)
(20, 77)
(20, 210)
(20, 163)
(20, 344)
(20, 90)
(20, 135)
(20, 99)
(20, 360)
(20, 361)
(20, 110)
(20, 243)
(20, 372)
(20, 245)
(20, 249)
(20, 378)
(20, 124)
(20, 382)
(20, 383)
(21, 32)
(21, 80)
(21, 219)
(21, 263)
(21, 392)
(21, 329)
(21, 202)
(21, 39)
(21, 110)
(21, 59)
(21, 144)
(21, 241)
(21, 243)
(21, 136)
(21, 297)
(21, 154)
(21, 233)
(21, 189)
(21, 30)
(22, 257)
(22, 261)
(22, 139)
(22, 397)
(22, 147)
(22, 276)
(22, 277)
(22, 153)
(22, 283)
(22, 286)
(22, 159)
(22, 240)
(22, 291)
(22, 292)
(22, 244)
(22, 35)
(22, 295)
(22, 168)
(22, 171)
(22, 172)
(22, 174)
(22, 306)
(22, 52)
(22, 311)
(22, 313)
(22, 187)
(22, 61)
(22, 191)
(22, 192)
(22, 197)
(22, 326)
(22, 330)
(22, 183)
(22, 77)
(22, 209)
(22, 163)
(22, 212)
(22, 341)
(22, 342)
(22, 87)
(22, 164)
(22, 91)
(22, 95)
(22, 97)
(22, 231)
(22, 107)
(22, 237)
(22, 238)
(22, 368)
(22, 372)
(22, 373)
(22, 249)
(22, 379)
(23, 258)
(23, 391)
(23, 266)
(23, 272)
(23, 284)
(23, 158)
(23, 36)
(23, 169)
(23, 300)
(23, 178)
(23, 51)
(23, 180)
(23, 28)
(23, 310)
(23, 55)
(23, 56)
(23, 69)
(23, 201)
(23, 203)
(23, 78)
(23, 340)
(23, 85)
(23, 86)
(23, 216)
(23, 89)
(23, 347)
(23, 223)
(23, 225)
(23, 100)
(23, 229)
(23, 359)
(23, 232)
(23, 106)
(23, 115)
(23, 246)
(23, 84)
(23, 251)
(23, 253)
(23, 382)
(24, 256)
(24, 386)
(24, 138)
(24, 268)
(24, 145)
(24, 274)
(24, 281)
(24, 156)
(24, 287)
(24, 160)
(24, 37)
(24, 299)
(24, 44)
(24, 46)
(24, 319)
(24, 64)
(24, 65)
(24, 66)
(24, 207)
(24, 337)
(24, 343)
(24, 218)
(24, 353)
(24, 358)
(24, 366)
(24, 111)
(24, 112)
(24, 116)
(24, 254)
(24, 248)
(24, 121)
(24, 126)
(25, 256)
(25, 128)
(25, 386)
(25, 34)
(25, 65)
(25, 265)
(25, 268)
(25, 269)
(25, 143)
(25, 274)
(25, 148)
(25, 31)
(25, 289)
(25, 290)
(25, 293)
(25, 298)
(25, 44)
(25, 45)
(25, 302)
(25, 54)
(25, 186)
(25, 190)
(25, 193)
(25, 66)
(25, 195)
(25, 204)
(25, 74)
(25, 332)
(25, 98)
(25, 334)
(25, 79)
(25, 81)
(25, 82)
(25, 211)
(25, 214)
(25, 348)
(25, 222)
(25, 165)
(25, 353)
(25, 226)
(25, 230)
(25, 103)
(25, 104)
(25, 366)
(25, 111)
(25, 370)
(25, 126)
(25, 374)
(25, 42)
(25, 254)
(26, 259)
(26, 133)
(26, 273)
(26, 150)
(26, 285)
(26, 134)
(26, 294)
(26, 167)
(26, 40)
(26, 314)
(26, 322)
(26, 71)
(26, 339)
(26, 346)
(26, 94)
(26, 356)
(26, 357)
(26, 364)
(26, 247)
(26, 377)
(26, 123)
(27, 257)
(27, 261)
(27, 390)
(27, 146)
(27, 147)
(27, 153)
(27, 29)
(27, 159)
(27, 368)
(27, 35)
(27, 168)
(27, 48)
(27, 306)
(27, 52)
(27, 181)
(27, 183)
(27, 61)
(27, 192)
(27, 326)
(27, 200)
(27, 330)
(27, 208)
(27, 212)
(27, 341)
(27, 221)
(27, 227)
(27, 231)
(27, 105)
(27, 107)
(27, 109)
(27, 240)
(27, 244)
(28, 225)
(28, 323)
(28, 68)
(28, 325)
(28, 166)
(28, 391)
(28, 60)
(28, 266)
(28, 55)
(28, 300)
(28, 78)
(28, 56)
(28, 86)
(28, 119)
(28, 216)
(28, 89)
(28, 49)
(28, 347)
(28, 220)
(29, 257)
(29, 261)
(29, 390)
(29, 398)
(29, 271)
(29, 146)
(29, 275)
(29, 153)
(29, 159)
(29, 35)
(29, 168)
(29, 48)
(29, 72)
(29, 306)
(29, 52)
(29, 181)
(29, 183)
(29, 312)
(29, 57)
(29, 61)
(29, 318)
(29, 192)
(29, 200)
(29, 330)
(29, 208)
(29, 212)
(29, 221)
(29, 352)
(29, 227)
(29, 102)
(29, 231)
(29, 105)
(29, 109)
(29, 368)
(29, 113)
(29, 147)
(29, 244)
(29, 255)
(30, 131)
(30, 260)
(30, 263)
(30, 136)
(30, 394)
(30, 154)
(30, 32)
(30, 39)
(30, 297)
(30, 171)
(30, 303)
(30, 392)
(30, 189)
(30, 67)
(30, 70)
(30, 329)
(30, 202)
(30, 333)
(30, 77)
(30, 80)
(30, 210)
(30, 213)
(30, 90)
(30, 135)
(30, 99)
(30, 233)
(30, 110)
(30, 241)
(30, 243)
(30, 245)
(30, 378)
(30, 382)
(30, 383)
(31, 128)
(31, 129)
(31, 132)
(31, 98)
(31, 264)
(31, 269)
(31, 399)
(31, 149)
(31, 151)
(31, 282)
(31, 239)
(31, 157)
(31, 289)
(31, 290)
(31, 155)
(31, 165)
(31, 45)
(31, 175)
(31, 304)
(31, 308)
(31, 73)
(31, 184)
(31, 57)
(31, 186)
(31, 318)
(31, 117)
(31, 320)
(31, 193)
(31, 327)
(31, 76)
(31, 331)
(31, 332)
(31, 205)
(31, 206)
(31, 336)
(31, 81)
(31, 83)
(31, 214)
(31, 345)
(31, 348)
(31, 222)
(31, 352)
(31, 226)
(31, 104)
(31, 108)
(31, 365)
(31, 367)
(31, 369)
(31, 114)
(31, 371)
(31, 190)
(31, 374)
(31, 62)
(31, 122)
(32, 263)
(32, 392)
(32, 154)
(32, 295)
(32, 297)
(32, 174)
(32, 303)
(32, 189)
(32, 329)
(32, 202)
(32, 80)
(32, 210)
(32, 213)
(32, 91)
(32, 95)
(32, 233)
(32, 39)
(32, 110)
(32, 245)
(33, 258)
(33, 260)
(33, 392)
(33, 267)
(33, 144)
(33, 158)
(33, 347)
(33, 297)
(33, 301)
(33, 176)
(33, 136)
(33, 180)
(33, 201)
(33, 56)
(33, 59)
(33, 324)
(33, 325)
(33, 329)
(33, 333)
(33, 92)
(33, 216)
(33, 169)
(33, 219)
(33, 220)
(33, 223)
(33, 80)
(33, 354)
(33, 99)
(33, 100)
(33, 110)
(33, 241)
(33, 243)
(33, 375)
(33, 253)
(33, 382)
(34, 384)
(34, 256)
(34, 386)
(34, 389)
(34, 193)
(34, 128)
(34, 396)
(34, 143)
(34, 46)
(34, 160)
(34, 289)
(34, 290)
(34, 293)
(34, 65)
(34, 42)
(34, 44)
(34, 242)
(34, 302)
(34, 47)
(34, 179)
(34, 186)
(34, 315)
(34, 319)
(34, 64)
(34, 321)
(34, 66)
(34, 268)
(34, 332)
(34, 336)
(34, 82)
(34, 345)
(34, 348)
(34, 37)
(34, 165)
(34, 224)
(34, 353)
(34, 226)
(34, 38)
(34, 230)
(34, 235)
(34, 111)
(34, 112)
(34, 370)
(34, 204)
(34, 122)
(34, 126)
(35, 257)
(35, 387)
(35, 261)
(35, 390)
(35, 397)
(35, 109)
(35, 146)
(35, 275)
(35, 276)
(35, 277)
(35, 153)
(35, 283)
(35, 286)
(35, 159)
(35, 240)
(35, 291)
(35, 244)
(35, 168)
(35, 48)
(35, 306)
(35, 52)
(35, 311)
(35, 313)
(35, 61)
(35, 191)
(35, 192)
(35, 197)
(35, 326)
(35, 200)
(35, 330)
(35, 183)
(35, 208)
(35, 212)
(35, 341)
(35, 342)
(35, 87)
(35, 221)
(35, 97)
(35, 227)
(35, 231)
(35, 105)
(35, 107)
(35, 237)
(35, 368)
(35, 147)
(35, 372)
(35, 373)
(35, 379)
(36, 388)
(36, 133)
(36, 391)
(36, 266)
(36, 272)
(36, 273)
(36, 150)
(36, 279)
(36, 285)
(36, 178)
(36, 51)
(36, 55)
(36, 314)
(36, 203)
(36, 78)
(36, 339)
(36, 84)
(36, 85)
(36, 86)
(36, 88)
(36, 94)
(36, 225)
(36, 356)
(36, 229)
(36, 359)
(36, 106)
(36, 115)
(37, 384)
(37, 386)
(37, 389)
(37, 268)
(37, 143)
(37, 156)
(37, 160)
(37, 44)
(37, 46)
(37, 179)
(37, 186)
(37, 315)
(37, 319)
(37, 64)
(37, 65)
(37, 66)
(37, 82)
(37, 218)
(37, 358)
(37, 230)
(37, 111)
(37, 112)
(37, 242)
(37, 248)
(37, 126)
(38, 384)
(38, 129)
(38, 386)
(38, 132)
(38, 389)
(38, 65)
(38, 137)
(38, 396)
(38, 142)
(38, 143)
(38, 278)
(38, 280)
(38, 282)
(38, 47)
(38, 290)
(38, 296)
(38, 44)
(38, 114)
(38, 175)
(38, 179)
(38, 186)
(38, 315)
(38, 319)
(38, 321)
(38, 328)
(38, 162)
(38, 336)
(38, 82)
(38, 345)
(38, 58)
(38, 224)
(38, 226)
(38, 101)
(38, 235)
(38, 365)
(38, 112)
(38, 242)
(38, 376)
(38, 122)
(38, 126)
(39, 131)
(39, 260)
(39, 263)
(39, 392)
(39, 394)
(39, 140)
(39, 43)
(39, 154)
(39, 158)
(39, 297)
(39, 171)
(39, 303)
(39, 136)
(39, 180)
(39, 329)
(39, 189)
(39, 67)
(39, 70)
(39, 201)
(39, 202)
(39, 333)
(39, 77)
(39, 80)
(39, 210)
(39, 213)
(39, 90)
(39, 135)
(39, 99)
(39, 233)
(39, 110)
(39, 241)
(39, 243)
(39, 245)
(39, 378)
(39, 253)
(39, 382)
(39, 383)
(40, 51)
(40, 259)
(40, 388)
(40, 134)
(40, 395)
(40, 273)
(40, 150)
(40, 279)
(40, 285)
(40, 167)
(40, 170)
(40, 71)
(40, 50)
(40, 305)
(40, 178)
(40, 307)
(40, 314)
(40, 317)
(40, 322)
(40, 199)
(40, 335)
(40, 339)
(40, 85)
(40, 121)
(40, 88)
(40, 217)
(40, 346)
(40, 94)
(40, 356)
(40, 229)
(40, 364)
(40, 247)
(40, 377)
(40, 123)
(40, 380)
(41, 131)
(41, 388)
(41, 262)
(41, 135)
(41, 393)
(41, 394)
(41, 140)
(41, 269)
(41, 272)
(41, 188)
(41, 148)
(41, 284)
(41, 288)
(41, 161)
(41, 43)
(41, 180)
(41, 53)
(41, 310)
(41, 316)
(41, 195)
(41, 69)
(41, 201)
(41, 203)
(41, 333)
(41, 334)
(41, 141)
(41, 211)
(41, 340)
(41, 85)
(41, 54)
(41, 67)
(41, 100)
(41, 229)
(41, 103)
(41, 360)
(41, 361)
(41, 234)
(41, 232)
(41, 115)
(41, 106)
(41, 246)
(41, 84)
(41, 378)
(41, 251)
(41, 362)
(41, 382)
(42, 256)
(42, 128)
(42, 386)
(42, 65)
(42, 265)
(42, 395)
(42, 268)
(42, 141)
(42, 143)
(42, 274)
(42, 148)
(42, 289)
(42, 290)
(42, 293)
(42, 298)
(42, 44)
(42, 45)
(42, 302)
(42, 54)
(42, 186)
(42, 190)
(42, 193)
(42, 66)
(42, 195)
(42, 204)
(42, 74)
(42, 332)
(42, 334)
(42, 79)
(42, 81)
(42, 82)
(42, 211)
(42, 348)
(42, 222)
(42, 165)
(42, 353)
(42, 226)
(42, 230)
(42, 103)
(42, 104)
(42, 366)
(42, 111)
(42, 370)
(42, 126)
(42, 254)
(43, 258)
(43, 131)
(43, 260)
(43, 262)
(43, 263)
(43, 393)
(43, 394)
(43, 140)
(43, 272)
(43, 148)
(43, 284)
(43, 158)
(43, 288)
(43, 161)
(43, 135)
(43, 115)
(43, 180)
(43, 53)
(43, 310)
(43, 56)
(43, 316)
(43, 67)
(43, 69)
(43, 201)
(43, 203)
(43, 333)
(43, 211)
(43, 340)
(43, 90)
(43, 223)
(43, 99)
(43, 100)
(43, 103)
(43, 360)
(43, 361)
(43, 362)
(43, 232)
(43, 243)
(43, 106)
(43, 246)
(43, 84)
(43, 378)
(43, 251)
(43, 253)
(43, 382)
(43, 383)
(44, 384)
(44, 128)
(44, 386)
(44, 389)
(44, 193)
(44, 137)
(44, 268)
(44, 143)
(44, 46)
(44, 160)
(44, 289)
(44, 290)
(44, 165)
(44, 65)
(44, 302)
(44, 47)
(44, 179)
(44, 186)
(44, 315)
(44, 319)
(44, 64)
(44, 321)
(44, 66)
(44, 396)
(44, 336)
(44, 82)
(44, 345)
(44, 218)
(44, 348)
(44, 224)
(44, 353)
(44, 226)
(44, 230)
(44, 235)
(44, 111)
(44, 112)
(44, 242)
(44, 122)
(44, 126)
(45, 128)
(45, 262)
(45, 265)
(45, 269)
(45, 148)
(45, 149)
(45, 73)
(45, 288)
(45, 289)
(45, 293)
(45, 302)
(45, 54)
(45, 393)
(45, 316)
(45, 190)
(45, 193)
(45, 195)
(45, 161)
(45, 204)
(45, 74)
(45, 62)
(45, 332)
(45, 334)
(45, 141)
(45, 81)
(45, 211)
(45, 206)
(45, 214)
(45, 79)
(45, 348)
(45, 222)
(45, 165)
(45, 98)
(45, 103)
(45, 360)
(45, 188)
(45, 362)
(45, 76)
(45, 104)
(45, 370)
(45, 83)
(45, 117)
(45, 374)
(45, 124)
(45, 234)
(46, 384)
(46, 386)
(46, 389)
(46, 268)
(46, 143)
(46, 156)
(46, 160)
(46, 179)
(46, 315)
(46, 319)
(46, 64)
(46, 65)
(46, 66)
(46, 82)
(46, 218)
(46, 358)
(46, 112)
(46, 242)
(46, 126)
(47, 384)
(47, 385)
(47, 386)
(47, 132)
(47, 389)
(47, 129)
(47, 137)
(47, 396)
(47, 142)
(47, 143)
(47, 278)
(47, 280)
(47, 282)
(47, 290)
(47, 82)
(47, 296)
(47, 175)
(47, 179)
(47, 309)
(47, 184)
(47, 58)
(47, 315)
(47, 321)
(47, 328)
(47, 75)
(47, 162)
(47, 336)
(47, 338)
(47, 345)
(47, 349)
(47, 224)
(47, 226)
(47, 101)
(47, 235)
(47, 365)
(47, 114)
(47, 376)
(47, 122)
(48, 257)
(48, 387)
(48, 261)
(48, 264)
(48, 57)
(48, 398)
(48, 271)
(48, 146)
(48, 275)
(48, 149)
(48, 151)
(48, 153)
(48, 239)
(48, 52)
(48, 159)
(48, 155)
(48, 113)
(48, 168)
(48, 304)
(48, 72)
(48, 308)
(48, 181)
(48, 311)
(48, 312)
(48, 185)
(48, 61)
(48, 318)
(48, 320)
(48, 147)
(48, 327)
(48, 200)
(48, 73)
(48, 331)
(48, 205)
(48, 208)
(48, 83)
(48, 212)
(48, 87)
(48, 399)
(48, 221)
(48, 352)
(48, 227)
(48, 102)
(48, 105)
(48, 108)
(48, 109)
(48, 367)
(48, 369)
(48, 371)
(48, 244)
(48, 255)
(49, 68)
(49, 266)
(49, 267)
(49, 152)
(49, 196)
(49, 166)
(49, 169)
(49, 300)
(49, 301)
(49, 176)
(49, 55)
(49, 56)
(49, 60)
(49, 63)
(49, 323)
(49, 324)
(49, 325)
(49, 375)
(49, 78)
(49, 220)
(49, 216)
(49, 89)
(49, 347)
(49, 92)
(49, 354)
(49, 119)
(49, 120)
(50, 256)
(50, 236)
(50, 138)
(50, 395)
(50, 145)
(50, 274)
(50, 150)
(50, 281)
(50, 156)
(50, 287)
(50, 294)
(50, 298)
(50, 299)
(50, 305)
(50, 307)
(50, 121)
(50, 317)
(50, 215)
(50, 194)
(50, 71)
(50, 199)
(50, 207)
(50, 337)
(50, 343)
(50, 217)
(50, 346)
(50, 350)
(50, 357)
(50, 358)
(50, 363)
(50, 364)
(50, 366)
(50, 111)
(50, 116)
(50, 247)
(50, 248)
(50, 377)
(50, 250)
(50, 380)
(50, 170)
(50, 254)
(51, 259)
(51, 388)
(51, 133)
(51, 134)
(51, 391)
(51, 272)
(51, 273)
(51, 150)
(51, 279)
(51, 285)
(51, 71)
(51, 178)
(51, 314)
(51, 317)
(51, 322)
(51, 199)
(51, 335)
(51, 339)
(51, 84)
(51, 85)
(51, 86)
(51, 88)
(51, 94)
(51, 225)
(51, 356)
(51, 229)
(51, 359)
(51, 234)
(51, 364)
(51, 115)
(51, 247)
(51, 106)
(52, 257)
(52, 387)
(52, 261)
(52, 390)
(52, 398)
(52, 271)
(52, 146)
(52, 275)
(52, 153)
(52, 159)
(52, 113)
(52, 168)
(52, 306)
(52, 181)
(52, 311)
(52, 57)
(52, 61)
(52, 318)
(52, 192)
(52, 200)
(52, 330)
(52, 183)
(52, 109)
(52, 208)
(52, 212)
(52, 87)
(52, 221)
(52, 352)
(52, 227)
(52, 102)
(52, 231)
(52, 105)
(52, 108)
(52, 237)
(52, 368)
(52, 369)
(52, 147)
(52, 244)
(52, 255)
(53, 131)
(53, 262)
(53, 135)
(53, 393)
(53, 394)
(53, 140)
(53, 269)
(53, 188)
(53, 148)
(53, 284)
(53, 288)
(53, 161)
(53, 180)
(53, 310)
(53, 316)
(53, 195)
(53, 69)
(53, 201)
(53, 333)
(53, 334)
(53, 211)
(53, 340)
(53, 90)
(53, 98)
(53, 103)
(53, 360)
(53, 361)
(53, 362)
(53, 67)
(53, 232)
(53, 115)
(53, 246)
(53, 84)
(53, 378)
(53, 251)
(53, 124)
(53, 106)
(53, 382)
(53, 383)
(54, 256)
(54, 388)
(54, 265)
(54, 395)
(54, 141)
(54, 272)
(54, 274)
(54, 148)
(54, 150)
(54, 279)
(54, 284)
(54, 161)
(54, 293)
(54, 298)
(54, 71)
(54, 305)
(54, 178)
(54, 307)
(54, 393)
(54, 188)
(54, 317)
(54, 195)
(54, 199)
(54, 74)
(54, 204)
(54, 334)
(54, 335)
(54, 211)
(54, 340)
(54, 85)
(54, 88)
(54, 79)
(54, 94)
(54, 353)
(54, 229)
(54, 103)
(54, 360)
(54, 362)
(54, 366)
(54, 370)
(54, 115)
(54, 106)
(54, 246)
(54, 251)
(54, 234)
(54, 254)
(55, 225)
(55, 323)
(55, 68)
(55, 325)
(55, 166)
(55, 391)
(55, 60)
(55, 266)
(55, 203)
(55, 300)
(55, 78)
(55, 56)
(55, 86)
(55, 216)
(55, 89)
(55, 347)
(55, 220)
(56, 258)
(56, 260)
(56, 391)
(56, 136)
(56, 267)
(56, 272)
(56, 68)
(56, 158)
(56, 69)
(56, 166)
(56, 169)
(56, 300)
(56, 301)
(56, 180)
(56, 310)
(56, 59)
(56, 324)
(56, 325)
(56, 201)
(56, 203)
(56, 333)
(56, 78)
(56, 92)
(56, 340)
(56, 216)
(56, 89)
(56, 347)
(56, 220)
(56, 223)
(56, 225)
(56, 354)
(56, 99)
(56, 100)
(56, 232)
(56, 84)
(56, 251)
(56, 253)
(56, 382)
(57, 257)
(57, 387)
(57, 264)
(57, 398)
(57, 271)
(57, 146)
(57, 275)
(57, 149)
(57, 151)
(57, 153)
(57, 239)
(57, 157)
(57, 159)
(57, 155)
(57, 113)
(57, 168)
(57, 175)
(57, 304)
(57, 308)
(57, 181)
(57, 312)
(57, 185)
(57, 318)
(57, 320)
(57, 327)
(57, 72)
(57, 73)
(57, 331)
(57, 76)
(57, 205)
(57, 206)
(57, 184)
(57, 83)
(57, 399)
(57, 221)
(57, 351)
(57, 352)
(57, 227)
(57, 102)
(57, 108)
(57, 109)
(57, 367)
(57, 369)
(57, 371)
(57, 244)
(57, 190)
(57, 374)
(57, 62)
(57, 255)
(58, 384)
(58, 321)
(58, 386)
(58, 389)
(58, 328)
(58, 137)
(58, 235)
(58, 396)
(58, 224)
(58, 142)
(58, 112)
(58, 296)
(58, 242)
(58, 179)
(58, 278)
(58, 280)
(58, 315)
(58, 101)
(58, 319)
(59, 258)
(59, 260)
(59, 392)
(59, 267)
(59, 144)
(59, 158)
(59, 347)
(59, 297)
(59, 301)
(59, 176)
(59, 136)
(59, 180)
(59, 201)
(59, 324)
(59, 325)
(59, 329)
(59, 92)
(59, 216)
(59, 169)
(59, 219)
(59, 220)
(59, 223)
(59, 80)
(59, 354)
(59, 99)
(59, 110)
(59, 241)
(59, 243)
(59, 375)
(59, 120)
(59, 253)
(59, 382)
(60, 196)
(60, 266)
(60, 267)
(60, 152)
(60, 324)
(60, 166)
(60, 220)
(60, 300)
(60, 176)
(60, 63)
(60, 323)
(60, 68)
(60, 325)
(60, 375)
(60, 78)
(60, 89)
(60, 347)
(60, 92)
(60, 354)
(60, 119)
(60, 120)
(61, 257)
(61, 387)
(61, 261)
(61, 390)
(61, 397)
(61, 398)
(61, 271)
(61, 146)
(61, 275)
(61, 276)
(61, 277)
(61, 153)
(61, 283)
(61, 157)
(61, 159)
(61, 291)
(61, 164)
(61, 244)
(61, 168)
(61, 306)
(61, 311)
(61, 313)
(61, 187)
(61, 192)
(61, 147)
(61, 327)
(61, 200)
(61, 330)
(61, 331)
(61, 109)
(61, 208)
(61, 163)
(61, 212)
(61, 341)
(61, 342)
(61, 87)
(61, 344)
(61, 221)
(61, 351)
(61, 352)
(61, 97)
(61, 227)
(61, 231)
(61, 105)
(61, 108)
(61, 237)
(61, 368)
(61, 369)
(61, 371)
(61, 372)
(61, 249)
(61, 379)
(61, 252)
(61, 183)
(62, 128)
(62, 387)
(62, 214)
(62, 262)
(62, 264)
(62, 269)
(62, 398)
(62, 399)
(62, 275)
(62, 149)
(62, 151)
(62, 239)
(62, 157)
(62, 288)
(62, 289)
(62, 155)
(62, 164)
(62, 165)
(62, 308)
(62, 73)
(62, 187)
(62, 316)
(62, 190)
(62, 193)
(62, 83)
(62, 327)
(62, 76)
(62, 331)
(62, 332)
(62, 206)
(62, 81)
(62, 211)
(62, 342)
(62, 87)
(62, 344)
(62, 348)
(62, 221)
(62, 222)
(62, 351)
(62, 352)
(62, 98)
(62, 104)
(62, 124)
(62, 108)
(62, 367)
(62, 369)
(62, 371)
(62, 117)
(62, 374)
(62, 252)
(63, 354)
(63, 323)
(63, 324)
(63, 325)
(63, 92)
(63, 267)
(63, 176)
(63, 120)
(63, 375)
(63, 152)
(63, 196)
(63, 119)
(63, 220)
(64, 384)
(64, 386)
(64, 389)
(64, 268)
(64, 143)
(64, 156)
(64, 160)
(64, 179)
(64, 315)
(64, 319)
(64, 65)
(64, 66)
(64, 82)
(64, 218)
(64, 358)
(64, 111)
(64, 112)
(64, 242)
(64, 248)
(64, 126)
(65, 384)
(65, 256)
(65, 386)
(65, 389)
(65, 138)
(65, 268)
(65, 143)
(65, 156)
(65, 160)
(65, 290)
(65, 293)
(65, 302)
(65, 179)
(65, 186)
(65, 315)
(65, 319)
(65, 66)
(65, 396)
(65, 82)
(65, 218)
(65, 353)
(65, 226)
(65, 230)
(65, 366)
(65, 111)
(65, 112)
(65, 242)
(65, 248)
(65, 126)
(66, 384)
(66, 256)
(66, 386)
(66, 389)
(66, 193)
(66, 138)
(66, 268)
(66, 143)
(66, 274)
(66, 160)
(66, 289)
(66, 290)
(66, 293)
(66, 298)
(66, 242)
(66, 302)
(66, 179)
(66, 186)
(66, 315)
(66, 319)
(66, 321)
(66, 396)
(66, 204)
(66, 82)
(66, 345)
(66, 218)
(66, 348)
(66, 165)
(66, 353)
(66, 226)
(66, 230)
(66, 366)
(66, 111)
(66, 112)
(66, 370)
(66, 126)
(66, 248)
(66, 254)
(67, 131)
(67, 262)
(67, 263)
(67, 392)
(67, 393)
(67, 394)
(67, 140)
(67, 284)
(67, 288)
(67, 164)
(67, 135)
(67, 180)
(67, 310)
(67, 316)
(67, 69)
(67, 70)
(67, 201)
(67, 333)
(67, 77)
(67, 210)
(67, 340)
(67, 344)
(67, 90)
(67, 99)
(67, 360)
(67, 361)
(67, 362)
(67, 110)
(67, 232)
(67, 243)
(67, 245)
(67, 246)
(67, 378)
(67, 251)
(67, 124)
(67, 382)
(67, 383)
(68, 266)
(68, 267)
(68, 152)
(68, 166)
(68, 220)
(68, 300)
(68, 323)
(68, 324)
(68, 325)
(68, 375)
(68, 78)
(68, 86)
(68, 216)
(68, 89)
(68, 347)
(68, 92)
(68, 225)
(68, 119)
(69, 258)
(69, 131)
(69, 260)
(69, 135)
(69, 136)
(69, 393)
(69, 394)
(69, 140)
(69, 272)
(69, 284)
(69, 158)
(69, 161)
(69, 169)
(69, 115)
(69, 180)
(69, 310)
(69, 188)
(69, 201)
(69, 203)
(69, 333)
(69, 340)
(69, 216)
(69, 90)
(69, 223)
(69, 99)
(69, 100)
(69, 103)
(69, 360)
(69, 361)
(69, 362)
(69, 232)
(69, 243)
(69, 106)
(69, 246)
(69, 84)
(69, 378)
(69, 251)
(69, 253)
(69, 382)
(69, 383)
(70, 131)
(70, 263)
(70, 392)
(70, 394)
(70, 397)
(70, 276)
(70, 277)
(70, 283)
(70, 291)
(70, 164)
(70, 295)
(70, 171)
(70, 174)
(70, 303)
(70, 313)
(70, 187)
(70, 316)
(70, 329)
(70, 202)
(70, 333)
(70, 77)
(70, 210)
(70, 163)
(70, 213)
(70, 342)
(70, 344)
(70, 90)
(70, 91)
(70, 135)
(70, 95)
(70, 233)
(70, 237)
(70, 110)
(70, 243)
(70, 372)
(70, 245)
(70, 249)
(70, 378)
(70, 379)
(70, 383)
(71, 259)
(71, 388)
(71, 134)
(71, 265)
(71, 395)
(71, 141)
(71, 273)
(71, 150)
(71, 279)
(71, 285)
(71, 167)
(71, 170)
(71, 305)
(71, 178)
(71, 307)
(71, 314)
(71, 317)
(71, 322)
(71, 199)
(71, 74)
(71, 335)
(71, 339)
(71, 85)
(71, 88)
(71, 217)
(71, 346)
(71, 94)
(71, 356)
(71, 229)
(71, 359)
(71, 234)
(71, 364)
(71, 247)
(71, 377)
(71, 380)
(72, 398)
(72, 271)
(72, 146)
(72, 367)
(72, 155)
(72, 304)
(72, 308)
(72, 181)
(72, 312)
(72, 185)
(72, 318)
(72, 320)
(72, 205)
(72, 208)
(72, 338)
(72, 352)
(72, 227)
(72, 102)
(72, 109)
(72, 239)
(72, 113)
(72, 275)
(72, 255)
(73, 128)
(73, 387)
(73, 214)
(73, 264)
(73, 269)
(73, 398)
(73, 399)
(73, 146)
(73, 275)
(73, 149)
(73, 151)
(73, 239)
(73, 157)
(73, 288)
(73, 289)
(73, 155)
(73, 165)
(73, 175)
(73, 304)
(73, 308)
(73, 184)
(73, 187)
(73, 318)
(73, 117)
(73, 320)
(73, 193)
(73, 327)
(73, 76)
(73, 331)
(73, 332)
(73, 206)
(73, 81)
(73, 83)
(73, 342)
(73, 87)
(73, 344)
(73, 271)
(73, 348)
(73, 221)
(73, 222)
(73, 351)
(73, 352)
(73, 98)
(73, 102)
(73, 104)
(73, 124)
(73, 108)
(73, 367)
(73, 369)
(73, 371)
(73, 190)
(73, 374)
(73, 252)
(74, 256)
(74, 388)
(74, 265)
(74, 138)
(74, 395)
(74, 141)
(74, 274)
(74, 148)
(74, 150)
(74, 279)
(74, 287)
(74, 161)
(74, 293)
(74, 298)
(74, 305)
(74, 307)
(74, 188)
(74, 317)
(74, 195)
(74, 199)
(74, 79)
(74, 204)
(74, 334)
(74, 335)
(74, 337)
(74, 211)
(74, 88)
(74, 217)
(74, 207)
(74, 94)
(74, 353)
(74, 229)
(74, 103)
(74, 234)
(74, 366)
(74, 111)
(74, 370)
(74, 248)
(74, 170)
(74, 254)
(75, 385)
(75, 132)
(75, 129)
(75, 142)
(75, 278)
(75, 280)
(75, 282)
(75, 162)
(75, 296)
(75, 93)
(75, 309)
(75, 184)
(75, 185)
(75, 328)
(75, 205)
(75, 336)
(75, 338)
(75, 349)
(75, 101)
(75, 365)
(75, 114)
(75, 118)
(75, 376)
(75, 127)
(76, 387)
(76, 214)
(76, 262)
(76, 264)
(76, 269)
(76, 398)
(76, 399)
(76, 146)
(76, 275)
(76, 149)
(76, 151)
(76, 155)
(76, 283)
(76, 157)
(76, 288)
(76, 291)
(76, 164)
(76, 308)
(76, 311)
(76, 187)
(76, 316)
(76, 190)
(76, 327)
(76, 331)
(76, 332)
(76, 206)
(76, 81)
(76, 83)
(76, 342)
(76, 87)
(76, 344)
(76, 221)
(76, 222)
(76, 351)
(76, 352)
(76, 98)
(76, 104)
(76, 124)
(76, 108)
(76, 237)
(76, 367)
(76, 369)
(76, 371)
(76, 117)
(76, 252)
(76, 239)
(77, 131)
(77, 263)
(77, 394)
(77, 397)
(77, 276)
(77, 277)
(77, 283)
(77, 291)
(77, 164)
(77, 295)
(77, 95)
(77, 171)
(77, 174)
(77, 303)
(77, 311)
(77, 313)
(77, 187)
(77, 316)
(77, 202)
(77, 209)
(77, 210)
(77, 163)
(77, 213)
(77, 342)
(77, 87)
(77, 344)
(77, 90)
(77, 91)
(77, 135)
(77, 351)
(77, 97)
(77, 124)
(77, 237)
(77, 243)
(77, 372)
(77, 245)
(77, 249)
(77, 378)
(77, 379)
(77, 252)
(77, 383)
(78, 391)
(78, 266)
(78, 267)
(78, 166)
(78, 169)
(78, 300)
(78, 323)
(78, 325)
(78, 203)
(78, 84)
(78, 86)
(78, 216)
(78, 89)
(78, 347)
(78, 220)
(78, 223)
(78, 225)
(78, 100)
(78, 359)
(79, 256)
(79, 388)
(79, 265)
(79, 138)
(79, 395)
(79, 268)
(79, 141)
(79, 274)
(79, 148)
(79, 279)
(79, 287)
(79, 161)
(79, 293)
(79, 298)
(79, 302)
(79, 305)
(79, 307)
(79, 188)
(79, 317)
(79, 195)
(79, 199)
(79, 204)
(79, 334)
(79, 335)
(79, 337)
(79, 211)
(79, 88)
(79, 217)
(79, 207)
(79, 353)
(79, 230)
(79, 103)
(79, 234)
(79, 366)
(79, 111)
(79, 370)
(79, 116)
(79, 248)
(79, 170)
(79, 254)
(80, 260)
(80, 136)
(80, 144)
(80, 154)
(80, 297)
(80, 301)
(80, 176)
(80, 392)
(80, 158)
(80, 189)
(80, 329)
(80, 219)
(80, 354)
(80, 99)
(80, 110)
(80, 241)
(80, 243)
(80, 253)
(81, 128)
(81, 387)
(81, 262)
(81, 264)
(81, 269)
(81, 399)
(81, 148)
(81, 149)
(81, 151)
(81, 157)
(81, 288)
(81, 289)
(81, 165)
(81, 104)
(81, 187)
(81, 316)
(81, 190)
(81, 193)
(81, 83)
(81, 195)
(81, 327)
(81, 204)
(81, 331)
(81, 332)
(81, 334)
(81, 211)
(81, 206)
(81, 214)
(81, 344)
(81, 348)
(81, 222)
(81, 351)
(81, 98)
(81, 103)
(81, 360)
(81, 124)
(81, 108)
(81, 367)
(81, 369)
(81, 370)
(81, 371)
(81, 117)
(81, 374)
(81, 252)
(82, 384)
(82, 128)
(82, 386)
(82, 389)
(82, 193)
(82, 137)
(82, 396)
(82, 142)
(82, 143)
(82, 160)
(82, 289)
(82, 290)
(82, 165)
(82, 114)
(82, 302)
(82, 179)
(82, 186)
(82, 315)
(82, 319)
(82, 321)
(82, 268)
(82, 332)
(82, 336)
(82, 345)
(82, 348)
(82, 224)
(82, 353)
(82, 226)
(82, 230)
(82, 235)
(82, 365)
(82, 112)
(82, 242)
(82, 122)
(82, 126)
(83, 128)
(83, 387)
(83, 214)
(83, 262)
(83, 264)
(83, 269)
(83, 398)
(83, 399)
(83, 146)
(83, 275)
(83, 149)
(83, 151)
(83, 153)
(83, 239)
(83, 157)
(83, 288)
(83, 289)
(83, 155)
(83, 164)
(83, 175)
(83, 304)
(83, 308)
(83, 311)
(83, 184)
(83, 187)
(83, 316)
(83, 318)
(83, 117)
(83, 193)
(83, 327)
(83, 331)
(83, 332)
(83, 206)
(83, 342)
(83, 87)
(83, 344)
(83, 271)
(83, 221)
(83, 222)
(83, 351)
(83, 352)
(83, 98)
(83, 102)
(83, 104)
(83, 124)
(83, 108)
(83, 367)
(83, 369)
(83, 371)
(83, 244)
(83, 190)
(83, 374)
(83, 252)
(84, 258)
(84, 388)
(84, 391)
(84, 393)
(84, 140)
(84, 272)
(84, 279)
(84, 284)
(84, 158)
(84, 161)
(84, 178)
(84, 180)
(84, 310)
(84, 188)
(84, 201)
(84, 203)
(84, 340)
(84, 85)
(84, 216)
(84, 347)
(84, 223)
(84, 225)
(84, 100)
(84, 229)
(84, 359)
(84, 232)
(84, 361)
(84, 362)
(84, 115)
(84, 106)
(84, 246)
(84, 251)
(84, 253)
(84, 382)
(85, 388)
(85, 391)
(85, 141)
(85, 272)
(85, 273)
(85, 150)
(85, 279)
(85, 284)
(85, 285)
(85, 161)
(85, 178)
(85, 307)
(85, 310)
(85, 188)
(85, 317)
(85, 199)
(85, 203)
(85, 334)
(85, 335)
(85, 339)
(85, 340)
(85, 88)
(85, 94)
(85, 225)
(85, 229)
(85, 359)
(85, 232)
(85, 362)
(85, 115)
(85, 106)
(85, 246)
(85, 251)
(85, 234)
(86, 133)
(86, 391)
(86, 266)
(86, 273)
(86, 285)
(86, 300)
(86, 178)
(86, 314)
(86, 203)
(86, 339)
(86, 89)
(86, 225)
(86, 356)
(86, 359)
(87, 257)
(87, 387)
(87, 261)
(87, 262)
(87, 264)
(87, 397)
(87, 398)
(87, 399)
(87, 146)
(87, 275)
(87, 277)
(87, 151)
(87, 153)
(87, 283)
(87, 157)
(87, 159)
(87, 288)
(87, 214)
(87, 291)
(87, 164)
(87, 244)
(87, 168)
(87, 171)
(87, 155)
(87, 311)
(87, 313)
(87, 187)
(87, 316)
(87, 147)
(87, 327)
(87, 331)
(87, 206)
(87, 163)
(87, 212)
(87, 342)
(87, 344)
(87, 221)
(87, 351)
(87, 352)
(87, 231)
(87, 124)
(87, 108)
(87, 237)
(87, 369)
(87, 371)
(87, 372)
(87, 117)
(87, 249)
(87, 379)
(87, 252)
(88, 388)
(88, 134)
(88, 265)
(88, 395)
(88, 141)
(88, 272)
(88, 273)
(88, 274)
(88, 150)
(88, 279)
(88, 284)
(88, 285)
(88, 161)
(88, 170)
(88, 298)
(88, 305)
(88, 178)
(88, 307)
(88, 188)
(88, 317)
(88, 195)
(88, 199)
(88, 334)
(88, 335)
(88, 339)
(88, 340)
(88, 94)
(88, 229)
(88, 359)
(88, 362)
(88, 364)
(88, 115)
(88, 106)
(88, 246)
(88, 247)
(88, 234)
(88, 254)
(89, 225)
(89, 323)
(89, 325)
(89, 166)
(89, 391)
(89, 266)
(89, 203)
(89, 300)
(89, 119)
(89, 216)
(89, 347)
(89, 220)
(90, 131)
(90, 260)
(90, 263)
(90, 392)
(90, 394)
(90, 140)
(90, 154)
(90, 163)
(90, 164)
(90, 297)
(90, 171)
(90, 303)
(90, 136)
(90, 180)
(90, 201)
(90, 316)
(90, 189)
(90, 329)
(90, 202)
(90, 333)
(90, 210)
(90, 213)
(90, 135)
(90, 99)
(90, 361)
(90, 110)
(90, 241)
(90, 243)
(90, 245)
(90, 233)
(90, 249)
(90, 378)
(90, 253)
(90, 382)
(90, 383)
(91, 263)
(91, 139)
(91, 397)
(91, 270)
(91, 276)
(91, 277)
(91, 283)
(91, 291)
(91, 292)
(91, 295)
(91, 171)
(91, 172)
(91, 174)
(91, 303)
(91, 313)
(91, 197)
(91, 202)
(91, 209)
(91, 210)
(91, 163)
(91, 213)
(91, 95)
(91, 97)
(91, 228)
(91, 233)
(91, 237)
(91, 372)
(91, 245)
(91, 249)
(91, 379)
(91, 125)
(92, 258)
(92, 260)
(92, 136)
(92, 267)
(92, 144)
(92, 152)
(92, 196)
(92, 158)
(92, 347)
(92, 166)
(92, 169)
(92, 300)
(92, 301)
(92, 176)
(92, 180)
(92, 323)
(92, 324)
(92, 325)
(92, 201)
(92, 119)
(92, 216)
(92, 219)
(92, 220)
(92, 223)
(92, 354)
(92, 99)
(92, 241)
(92, 375)
(92, 120)
(92, 253)
(92, 382)
(93, 385)
(93, 162)
(93, 118)
(93, 328)
(93, 142)
(93, 296)
(93, 338)
(93, 309)
(93, 278)
(93, 280)
(93, 101)
(93, 349)
(93, 127)
(94, 259)
(94, 388)
(94, 134)
(94, 265)
(94, 395)
(94, 141)
(94, 272)
(94, 273)
(94, 150)
(94, 279)
(94, 285)
(94, 167)
(94, 170)
(94, 305)
(94, 178)
(94, 307)
(94, 314)
(94, 188)
(94, 317)
(94, 322)
(94, 199)
(94, 335)
(94, 339)
(94, 346)
(94, 356)
(94, 229)
(94, 359)
(94, 234)
(94, 364)
(94, 115)
(94, 247)
(94, 377)
(94, 106)
(95, 139)
(95, 397)
(95, 270)
(95, 276)
(95, 277)
(95, 283)
(95, 291)
(95, 292)
(95, 295)
(95, 171)
(95, 172)
(95, 174)
(95, 303)
(95, 313)
(95, 373)
(95, 197)
(95, 202)
(95, 209)
(95, 210)
(95, 163)
(95, 213)
(95, 97)
(95, 228)
(95, 233)
(95, 237)
(95, 238)
(95, 372)
(95, 245)
(95, 249)
(95, 379)
(95, 125)
(96, 130)
(96, 139)
(96, 270)
(96, 286)
(96, 368)
(96, 292)
(96, 326)
(96, 172)
(96, 173)
(96, 306)
(96, 191)
(96, 192)
(96, 197)
(96, 198)
(96, 341)
(96, 355)
(96, 228)
(96, 107)
(96, 238)
(96, 381)
(96, 240)
(96, 373)
(96, 125)
(97, 130)
(97, 139)
(97, 397)
(97, 270)
(97, 147)
(97, 276)
(97, 277)
(97, 283)
(97, 286)
(97, 368)
(97, 291)
(97, 292)
(97, 295)
(97, 171)
(97, 172)
(97, 173)
(97, 174)
(97, 303)
(97, 306)
(97, 311)
(97, 313)
(97, 191)
(97, 192)
(97, 197)
(97, 326)
(97, 183)
(97, 209)
(97, 163)
(97, 341)
(97, 355)
(97, 228)
(97, 231)
(97, 107)
(97, 237)
(97, 238)
(97, 240)
(97, 372)
(97, 373)
(97, 249)
(97, 379)
(97, 125)
(97, 213)
(98, 128)
(98, 387)
(98, 214)
(98, 262)
(98, 264)
(98, 393)
(98, 269)
(98, 399)
(98, 124)
(98, 148)
(98, 149)
(98, 151)
(98, 157)
(98, 288)
(98, 289)
(98, 164)
(98, 165)
(98, 104)
(98, 187)
(98, 316)
(98, 190)
(98, 193)
(98, 195)
(98, 327)
(98, 204)
(98, 331)
(98, 332)
(98, 334)
(98, 211)
(98, 206)
(98, 342)
(98, 344)
(98, 348)
(98, 222)
(98, 351)
(98, 103)
(98, 360)
(98, 161)
(98, 362)
(98, 108)
(98, 369)
(98, 371)
(98, 117)
(98, 252)
(99, 258)
(99, 260)
(99, 263)
(99, 392)
(99, 267)
(99, 140)
(99, 144)
(99, 158)
(99, 297)
(99, 135)
(99, 301)
(99, 136)
(99, 180)
(99, 310)
(99, 201)
(99, 189)
(99, 324)
(99, 329)
(99, 333)
(99, 216)
(99, 219)
(99, 220)
(99, 223)
(99, 354)
(99, 100)
(99, 232)
(99, 110)
(99, 241)
(99, 243)
(99, 169)
(99, 378)
(99, 253)
(99, 382)
(99, 383)
(100, 258)
(100, 260)
(100, 391)
(100, 136)
(100, 267)
(100, 140)
(100, 272)
(100, 284)
(100, 158)
(100, 169)
(100, 300)
(100, 301)
(100, 180)
(100, 310)
(100, 201)
(100, 203)
(100, 333)
(100, 340)
(100, 216)
(100, 347)
(100, 220)
(100, 223)
(100, 225)
(100, 232)
(100, 361)
(100, 106)
(100, 115)
(100, 246)
(100, 378)
(100, 251)
(100, 253)
(100, 382)
(101, 384)
(101, 385)
(101, 132)
(101, 129)
(101, 137)
(101, 396)
(101, 142)
(101, 278)
(101, 280)
(101, 282)
(101, 162)
(101, 296)
(101, 179)
(101, 309)
(101, 321)
(101, 328)
(101, 336)
(101, 338)
(101, 345)
(101, 349)
(101, 224)
(101, 226)
(101, 235)
(101, 365)
(101, 114)
(101, 118)
(101, 376)
(101, 122)
(101, 127)
(102, 257)
(102, 387)
(102, 261)
(102, 264)
(102, 398)
(102, 271)
(102, 146)
(102, 275)
(102, 149)
(102, 151)
(102, 153)
(102, 367)
(102, 159)
(102, 155)
(102, 113)
(102, 168)
(102, 304)
(102, 308)
(102, 181)
(102, 312)
(102, 185)
(102, 318)
(102, 320)
(102, 331)
(102, 205)
(102, 208)
(102, 184)
(102, 212)
(102, 399)
(102, 221)
(102, 352)
(102, 227)
(102, 105)
(102, 108)
(102, 109)
(102, 239)
(102, 369)
(102, 244)
(102, 255)
(103, 388)
(103, 262)
(103, 265)
(103, 269)
(103, 141)
(103, 188)
(103, 148)
(103, 284)
(103, 288)
(103, 161)
(103, 293)
(103, 310)
(103, 393)
(103, 104)
(103, 316)
(103, 195)
(103, 106)
(103, 204)
(103, 334)
(103, 335)
(103, 211)
(103, 340)
(103, 214)
(103, 222)
(103, 360)
(103, 361)
(103, 362)
(103, 232)
(103, 370)
(103, 115)
(103, 117)
(103, 246)
(103, 251)
(103, 124)
(103, 234)
(104, 128)
(104, 387)
(104, 214)
(104, 262)
(104, 264)
(104, 269)
(104, 399)
(104, 148)
(104, 149)
(104, 151)
(104, 157)
(104, 288)
(104, 289)
(104, 165)
(104, 187)
(104, 316)
(104, 190)
(104, 193)
(104, 195)
(104, 327)
(104, 204)
(104, 331)
(104, 332)
(104, 334)
(104, 211)
(104, 206)
(104, 342)
(104, 344)
(104, 348)
(104, 222)
(104, 351)
(104, 360)
(104, 124)
(104, 108)
(104, 369)
(104, 370)
(104, 371)
(104, 117)
(104, 374)
(104, 252)
(105, 257)
(105, 261)
(105, 390)
(105, 398)
(105, 271)
(105, 146)
(105, 275)
(105, 153)
(105, 159)
(105, 168)
(105, 306)
(105, 181)
(105, 183)
(105, 318)
(105, 192)
(105, 200)
(105, 330)
(105, 208)
(105, 212)
(105, 221)
(105, 352)
(105, 227)
(105, 231)
(105, 109)
(105, 368)
(105, 113)
(105, 147)
(105, 244)
(105, 255)
(106, 388)
(106, 391)
(106, 393)
(106, 140)
(106, 141)
(106, 272)
(106, 273)
(106, 148)
(106, 279)
(106, 284)
(106, 161)
(106, 178)
(106, 310)
(106, 265)
(106, 188)
(106, 195)
(106, 199)
(106, 203)
(106, 334)
(106, 335)
(106, 211)
(106, 340)
(106, 229)
(106, 360)
(106, 361)
(106, 362)
(106, 232)
(106, 115)
(106, 246)
(106, 251)
(106, 234)
(107, 130)
(107, 261)
(107, 390)
(107, 139)
(107, 270)
(107, 147)
(107, 286)
(107, 368)
(107, 292)
(107, 326)
(107, 172)
(107, 173)
(107, 306)
(107, 183)
(107, 191)
(107, 192)
(107, 197)
(107, 198)
(107, 200)
(107, 330)
(107, 212)
(107, 341)
(107, 355)
(107, 231)
(107, 238)
(107, 240)
(107, 373)
(107, 379)
(107, 381)
(108, 257)
(108, 387)
(108, 261)
(108, 264)
(108, 398)
(108, 271)
(108, 146)
(108, 275)
(108, 149)
(108, 151)
(108, 153)
(108, 283)
(108, 157)
(108, 159)
(108, 214)
(108, 155)
(108, 168)
(108, 304)
(108, 308)
(108, 181)
(108, 311)
(108, 184)
(108, 187)
(108, 318)
(108, 117)
(108, 320)
(108, 147)
(108, 327)
(108, 331)
(108, 239)
(108, 206)
(108, 109)
(108, 212)
(108, 342)
(108, 344)
(108, 399)
(108, 221)
(108, 222)
(108, 351)
(108, 352)
(108, 227)
(108, 124)
(108, 237)
(108, 367)
(108, 369)
(108, 371)
(108, 244)
(108, 190)
(108, 374)
(108, 252)
(108, 255)
(109, 257)
(109, 387)
(109, 261)
(109, 264)
(109, 398)
(109, 271)
(109, 146)
(109, 275)
(109, 151)
(109, 153)
(109, 367)
(109, 159)
(109, 155)
(109, 113)
(109, 168)
(109, 304)
(109, 308)
(109, 181)
(109, 312)
(109, 185)
(109, 318)
(109, 320)
(109, 200)
(109, 330)
(109, 331)
(109, 205)
(109, 208)
(109, 212)
(109, 399)
(109, 221)
(109, 352)
(109, 227)
(109, 239)
(109, 369)
(109, 147)
(109, 244)
(109, 255)
(110, 258)
(110, 131)
(110, 260)
(110, 263)
(110, 392)
(110, 140)
(110, 144)
(110, 154)
(110, 158)
(110, 297)
(110, 135)
(110, 301)
(110, 136)
(110, 180)
(110, 201)
(110, 189)
(110, 329)
(110, 202)
(110, 333)
(110, 210)
(110, 213)
(110, 219)
(110, 223)
(110, 233)
(110, 241)
(110, 243)
(110, 245)
(110, 169)
(110, 378)
(110, 253)
(110, 382)
(110, 383)
(111, 256)
(111, 386)
(111, 265)
(111, 138)
(111, 395)
(111, 268)
(111, 143)
(111, 274)
(111, 281)
(111, 156)
(111, 287)
(111, 160)
(111, 293)
(111, 298)
(111, 299)
(111, 302)
(111, 305)
(111, 307)
(111, 186)
(111, 204)
(111, 207)
(111, 337)
(111, 343)
(111, 217)
(111, 218)
(111, 353)
(111, 230)
(111, 358)
(111, 366)
(111, 370)
(111, 116)
(111, 126)
(111, 248)
(111, 121)
(111, 170)
(111, 254)
(112, 384)
(112, 386)
(112, 389)
(112, 137)
(112, 268)
(112, 143)
(112, 160)
(112, 290)
(112, 302)
(112, 179)
(112, 186)
(112, 315)
(112, 319)
(112, 321)
(112, 396)
(112, 218)
(112, 224)
(112, 230)
(112, 235)
(112, 242)
(112, 126)
(113, 261)
(113, 398)
(113, 271)
(113, 146)
(113, 275)
(113, 153)
(113, 367)
(113, 159)
(113, 155)
(113, 168)
(113, 304)
(113, 308)
(113, 181)
(113, 312)
(113, 185)
(113, 318)
(113, 320)
(113, 205)
(113, 208)
(113, 212)
(113, 221)
(113, 352)
(113, 227)
(113, 239)
(113, 244)
(113, 255)
(114, 384)
(114, 385)
(114, 132)
(114, 162)
(114, 137)
(114, 128)
(114, 396)
(114, 142)
(114, 278)
(114, 280)
(114, 282)
(114, 290)
(114, 296)
(114, 175)
(114, 179)
(114, 309)
(114, 184)
(114, 321)
(114, 129)
(114, 205)
(114, 336)
(114, 338)
(114, 345)
(114, 348)
(114, 349)
(114, 224)
(114, 226)
(114, 235)
(114, 365)
(114, 374)
(114, 376)
(114, 122)
(115, 388)
(115, 391)
(115, 393)
(115, 141)
(115, 272)
(115, 273)
(115, 148)
(115, 279)
(115, 284)
(115, 161)
(115, 178)
(115, 310)
(115, 188)
(115, 203)
(115, 334)
(115, 335)
(115, 339)
(115, 340)
(115, 225)
(115, 229)
(115, 359)
(115, 360)
(115, 361)
(115, 362)
(115, 232)
(115, 246)
(115, 251)
(115, 234)
(116, 256)
(116, 138)
(116, 395)
(116, 145)
(116, 274)
(116, 281)
(116, 156)
(116, 287)
(116, 298)
(116, 299)
(116, 305)
(116, 307)
(116, 194)
(116, 207)
(116, 337)
(116, 343)
(116, 217)
(116, 350)
(116, 353)
(116, 358)
(116, 363)
(116, 366)
(116, 248)
(116, 121)
(116, 250)
(116, 380)
(116, 170)
(116, 254)
(117, 387)
(117, 214)
(117, 262)
(117, 264)
(117, 394)
(117, 397)
(117, 399)
(117, 131)
(117, 148)
(117, 149)
(117, 151)
(117, 283)
(117, 157)
(117, 288)
(117, 291)
(117, 164)
(117, 155)
(117, 311)
(117, 187)
(117, 316)
(117, 190)
(117, 327)
(117, 331)
(117, 332)
(117, 206)
(117, 269)
(117, 211)
(117, 342)
(117, 344)
(117, 222)
(117, 351)
(117, 360)
(117, 124)
(117, 237)
(117, 369)
(117, 371)
(117, 252)
(118, 385)
(118, 162)
(118, 328)
(118, 296)
(118, 338)
(118, 309)
(118, 278)
(118, 280)
(118, 349)
(118, 127)
(119, 354)
(119, 323)
(119, 324)
(119, 325)
(119, 166)
(119, 267)
(119, 300)
(119, 176)
(119, 120)
(119, 375)
(119, 152)
(119, 196)
(119, 220)
(120, 144)
(120, 354)
(120, 323)
(120, 324)
(120, 325)
(120, 267)
(120, 301)
(120, 176)
(120, 375)
(120, 152)
(120, 196)
(120, 219)
(120, 220)
(121, 256)
(121, 138)
(121, 395)
(121, 145)
(121, 274)
(121, 281)
(121, 156)
(121, 287)
(121, 294)
(121, 177)
(121, 298)
(121, 299)
(121, 305)
(121, 307)
(121, 182)
(121, 317)
(121, 215)
(121, 194)
(121, 199)
(121, 207)
(121, 337)
(121, 343)
(121, 217)
(121, 346)
(121, 350)
(121, 357)
(121, 358)
(121, 363)
(121, 236)
(121, 366)
(121, 247)
(121, 248)
(121, 377)
(121, 250)
(121, 380)
(121, 170)
(121, 254)
(122, 384)
(122, 129)
(122, 386)
(122, 132)
(122, 389)
(122, 193)
(122, 128)
(122, 396)
(122, 142)
(122, 143)
(122, 149)
(122, 282)
(122, 289)
(122, 290)
(122, 162)
(122, 165)
(122, 296)
(122, 302)
(122, 175)
(122, 179)
(122, 184)
(122, 186)
(122, 190)
(122, 321)
(122, 332)
(122, 205)
(122, 336)
(122, 345)
(122, 348)
(122, 224)
(122, 226)
(122, 230)
(122, 235)
(122, 365)
(122, 367)
(122, 374)
(122, 376)
(123, 259)
(123, 364)
(123, 134)
(123, 294)
(123, 167)
(123, 177)
(123, 182)
(123, 314)
(123, 322)
(123, 215)
(123, 346)
(123, 357)
(123, 363)
(123, 236)
(123, 247)
(123, 377)
(123, 380)
(124, 387)
(124, 214)
(124, 262)
(124, 264)
(124, 393)
(124, 394)
(124, 397)
(124, 399)
(124, 131)
(124, 148)
(124, 149)
(124, 283)
(124, 157)
(124, 288)
(124, 291)
(124, 164)
(124, 163)
(124, 311)
(124, 187)
(124, 316)
(124, 190)
(124, 327)
(124, 331)
(124, 206)
(124, 269)
(124, 211)
(124, 342)
(124, 344)
(124, 222)
(124, 351)
(124, 360)
(124, 237)
(124, 369)
(124, 371)
(124, 249)
(124, 252)
(124, 383)
(125, 130)
(125, 139)
(125, 270)
(125, 276)
(125, 286)
(125, 292)
(125, 326)
(125, 295)
(125, 172)
(125, 173)
(125, 174)
(125, 191)
(125, 197)
(125, 198)
(125, 209)
(125, 341)
(125, 355)
(125, 228)
(125, 238)
(125, 240)
(125, 373)
(125, 379)
(125, 381)
(126, 384)
(126, 256)
(126, 386)
(126, 389)
(126, 138)
(126, 268)
(126, 143)
(126, 274)
(126, 160)
(126, 289)
(126, 290)
(126, 293)
(126, 242)
(126, 302)
(126, 179)
(126, 186)
(126, 315)
(126, 319)
(126, 321)
(126, 396)
(126, 345)
(126, 218)
(126, 348)
(126, 165)
(126, 353)
(126, 226)
(126, 230)
(126, 366)
(126, 370)
(126, 248)
(127, 385)
(127, 162)
(127, 328)
(127, 296)
(127, 338)
(127, 309)
(127, 278)
(127, 376)
(127, 349)
(127, 280)
(128, 129)
(128, 132)
(128, 193)
(128, 264)
(128, 396)
(128, 399)
(128, 149)
(128, 151)
(128, 282)
(128, 239)
(128, 289)
(128, 290)
(128, 155)
(128, 165)
(128, 302)
(128, 175)
(128, 304)
(128, 308)
(128, 184)
(128, 186)
(128, 190)
(128, 321)
(128, 331)
(128, 332)
(128, 206)
(128, 336)
(128, 214)
(128, 345)
(128, 143)
(128, 348)
(128, 222)
(128, 226)
(128, 230)
(128, 365)
(128, 367)
(128, 374)
(128, 376)
(129, 385)
(129, 132)
(129, 396)
(129, 142)
(129, 282)
(129, 162)
(129, 296)
(129, 175)
(129, 304)
(129, 308)
(129, 309)
(129, 184)
(129, 185)
(129, 320)
(129, 321)
(129, 205)
(129, 336)
(129, 338)
(129, 345)
(129, 349)
(129, 224)
(129, 226)
(129, 235)
(129, 365)
(129, 367)
(129, 374)
(129, 376)
(130, 390)
(130, 139)
(130, 270)
(130, 276)
(130, 286)
(130, 368)
(130, 292)
(130, 326)
(130, 172)
(130, 173)
(130, 306)
(130, 183)
(130, 191)
(130, 192)
(130, 197)
(130, 198)
(130, 209)
(130, 341)
(130, 355)
(130, 228)
(130, 238)
(130, 240)
(130, 373)
(130, 379)
(130, 381)
(131, 262)
(131, 263)
(131, 392)
(131, 393)
(131, 394)
(131, 140)
(131, 397)
(131, 283)
(131, 288)
(131, 291)
(131, 164)
(131, 171)
(131, 310)
(131, 187)
(131, 316)
(131, 333)
(131, 210)
(131, 163)
(131, 344)
(131, 135)
(131, 360)
(131, 361)
(131, 362)
(131, 232)
(131, 243)
(131, 372)
(131, 245)
(131, 249)
(131, 378)
(131, 252)
(131, 382)
(131, 383)
(132, 385)
(132, 193)
(132, 396)
(132, 142)
(132, 149)
(132, 282)
(132, 367)
(132, 162)
(132, 296)
(132, 175)
(132, 304)
(132, 308)
(132, 309)
(132, 184)
(132, 185)
(132, 320)
(132, 321)
(132, 332)
(132, 205)
(132, 336)
(132, 338)
(132, 345)
(132, 348)
(132, 349)
(132, 224)
(132, 226)
(132, 235)
(132, 365)
(132, 239)
(132, 374)
(132, 376)
(133, 225)
(133, 322)
(133, 259)
(133, 356)
(133, 134)
(133, 359)
(133, 391)
(133, 364)
(133, 273)
(133, 178)
(133, 339)
(133, 314)
(133, 285)
(134, 259)
(134, 273)
(134, 150)
(134, 279)
(134, 285)
(134, 167)
(134, 170)
(134, 314)
(134, 317)
(134, 322)
(134, 199)
(134, 339)
(134, 346)
(134, 356)
(134, 357)
(134, 359)
(134, 364)
(134, 247)
(134, 377)
(134, 380)
(135, 260)
(135, 262)
(135, 263)
(135, 392)
(135, 393)
(135, 394)
(135, 140)
(135, 163)
(135, 164)
(135, 171)
(135, 136)
(135, 180)
(135, 310)
(135, 329)
(135, 316)
(135, 201)
(135, 202)
(135, 333)
(135, 210)
(135, 360)
(135, 361)
(135, 232)
(135, 243)
(135, 245)
(135, 249)
(135, 378)
(135, 382)
(135, 383)
(136, 258)
(136, 260)
(136, 263)
(136, 392)
(136, 267)
(136, 140)
(136, 144)
(136, 154)
(136, 158)
(136, 297)
(136, 301)
(136, 180)
(136, 201)
(136, 189)
(136, 324)
(136, 329)
(136, 333)
(136, 216)
(136, 219)
(136, 220)
(136, 223)
(136, 354)
(136, 241)
(136, 243)
(136, 169)
(136, 378)
(136, 253)
(136, 382)
(136, 383)
(137, 384)
(137, 386)
(137, 389)
(137, 396)
(137, 142)
(137, 278)
(137, 280)
(137, 296)
(137, 179)
(137, 315)
(137, 319)
(137, 321)
(137, 328)
(137, 336)
(137, 224)
(137, 235)
(137, 242)
(138, 256)
(138, 265)
(138, 395)
(138, 268)
(138, 145)
(138, 274)
(138, 281)
(138, 156)
(138, 287)
(138, 293)
(138, 298)
(138, 299)
(138, 305)
(138, 307)
(138, 199)
(138, 207)
(138, 337)
(138, 343)
(138, 217)
(138, 218)
(138, 353)
(138, 358)
(138, 366)
(138, 248)
(138, 250)
(138, 380)
(138, 170)
(138, 254)
(139, 270)
(139, 276)
(139, 277)
(139, 286)
(139, 368)
(139, 292)
(139, 326)
(139, 295)
(139, 172)
(139, 173)
(139, 174)
(139, 303)
(139, 306)
(139, 313)
(139, 191)
(139, 197)
(139, 198)
(139, 209)
(139, 341)
(139, 355)
(139, 228)
(139, 238)
(139, 240)
(139, 373)
(139, 379)
(139, 381)
(140, 258)
(140, 260)
(140, 262)
(140, 263)
(140, 392)
(140, 393)
(140, 394)
(140, 284)
(140, 158)
(140, 288)
(140, 161)
(140, 180)
(140, 310)
(140, 316)
(140, 201)
(140, 333)
(140, 340)
(140, 223)
(140, 360)
(140, 361)
(140, 362)
(140, 232)
(140, 243)
(140, 245)
(140, 246)
(140, 378)
(140, 251)
(140, 253)
(140, 382)
(140, 383)
(141, 256)
(141, 388)
(141, 265)
(141, 395)
(141, 272)
(141, 274)
(141, 148)
(141, 150)
(141, 279)
(141, 284)
(141, 161)
(141, 293)
(141, 298)
(141, 305)
(141, 178)
(141, 307)
(141, 393)
(141, 188)
(141, 317)
(141, 195)
(141, 199)
(141, 204)
(141, 334)
(141, 335)
(141, 211)
(141, 340)
(141, 229)
(141, 360)
(141, 362)
(141, 366)
(141, 370)
(141, 246)
(141, 251)
(141, 234)
(141, 254)
(142, 384)
(142, 385)
(142, 389)
(142, 396)
(142, 278)
(142, 280)
(142, 282)
(142, 162)
(142, 296)
(142, 175)
(142, 179)
(142, 309)
(142, 184)
(142, 315)
(142, 321)
(142, 328)
(142, 336)
(142, 338)
(142, 345)
(142, 349)
(142, 224)
(142, 226)
(142, 235)
(142, 365)
(142, 376)
(143, 384)
(143, 256)
(143, 386)
(143, 389)
(143, 193)
(143, 396)
(143, 160)
(143, 289)
(143, 290)
(143, 293)
(143, 242)
(143, 302)
(143, 175)
(143, 179)
(143, 186)
(143, 315)
(143, 319)
(143, 321)
(143, 268)
(143, 332)
(143, 336)
(143, 345)
(143, 348)
(143, 165)
(143, 224)
(143, 353)
(143, 226)
(143, 230)
(143, 235)
(143, 370)
(143, 204)
(143, 374)
(144, 260)
(144, 392)
(144, 267)
(144, 158)
(144, 220)
(144, 301)
(144, 176)
(144, 324)
(144, 329)
(144, 169)
(144, 219)
(144, 297)
(144, 354)
(144, 241)
(144, 375)
(144, 253)
(145, 343)
(145, 281)
(145, 156)
(145, 287)
(145, 294)
(145, 170)
(145, 299)
(145, 177)
(145, 182)
(145, 194)
(145, 207)
(145, 337)
(145, 215)
(145, 217)
(145, 350)
(145, 358)
(145, 363)
(145, 236)
(145, 248)
(145, 250)
(145, 380)
(146, 257)
(146, 387)
(146, 261)
(146, 264)
(146, 398)
(146, 271)
(146, 275)
(146, 149)
(146, 151)
(146, 153)
(146, 239)
(146, 157)
(146, 159)
(146, 155)
(146, 168)
(146, 304)
(146, 308)
(146, 181)
(146, 311)
(146, 312)
(146, 185)
(146, 318)
(146, 320)
(146, 147)
(146, 327)
(146, 200)
(146, 330)
(146, 331)
(146, 208)
(146, 212)
(146, 342)
(146, 399)
(146, 221)
(146, 351)
(146, 352)
(146, 227)
(146, 231)
(146, 237)
(146, 367)
(146, 369)
(146, 371)
(146, 244)
(146, 252)
(146, 183)
(146, 255)
(147, 257)
(147, 387)
(147, 261)
(147, 390)
(147, 397)
(147, 398)
(147, 275)
(147, 276)
(147, 277)
(147, 153)
(147, 283)
(147, 286)
(147, 159)
(147, 240)
(147, 291)
(147, 244)
(147, 168)
(147, 306)
(147, 311)
(147, 313)
(147, 192)
(147, 197)
(147, 326)
(147, 200)
(147, 330)
(147, 183)
(147, 208)
(147, 163)
(147, 212)
(147, 341)
(147, 342)
(147, 221)
(147, 352)
(147, 227)
(147, 231)
(147, 237)
(147, 368)
(147, 369)
(147, 372)
(147, 249)
(147, 379)
(148, 388)
(148, 262)
(148, 265)
(148, 269)
(148, 188)
(148, 284)
(148, 288)
(148, 161)
(148, 293)
(148, 310)
(148, 393)
(148, 316)
(148, 195)
(148, 204)
(148, 334)
(148, 335)
(148, 211)
(148, 340)
(148, 214)
(148, 222)
(148, 165)
(148, 360)
(148, 361)
(148, 362)
(148, 232)
(148, 370)
(148, 246)
(148, 251)
(148, 234)
(149, 387)
(149, 264)
(149, 269)
(149, 398)
(149, 399)
(149, 275)
(149, 151)
(149, 239)
(149, 157)
(149, 288)
(149, 289)
(149, 155)
(149, 165)
(149, 175)
(149, 304)
(149, 308)
(149, 184)
(149, 185)
(149, 318)
(149, 320)
(149, 193)
(149, 327)
(149, 331)
(149, 332)
(149, 205)
(149, 206)
(149, 214)
(149, 271)
(149, 348)
(149, 221)
(149, 222)
(149, 351)
(149, 352)
(149, 226)
(149, 367)
(149, 369)
(149, 371)
(149, 190)
(149, 374)
(149, 252)
(150, 259)
(150, 388)
(150, 265)
(150, 395)
(150, 273)
(150, 279)
(150, 285)
(150, 167)
(150, 170)
(150, 305)
(150, 178)
(150, 307)
(150, 314)
(150, 317)
(150, 322)
(150, 199)
(150, 335)
(150, 339)
(150, 217)
(150, 346)
(150, 356)
(150, 229)
(150, 359)
(150, 234)
(150, 364)
(150, 247)
(150, 377)
(151, 387)
(151, 214)
(151, 264)
(151, 398)
(151, 399)
(151, 275)
(151, 153)
(151, 239)
(151, 157)
(151, 289)
(151, 155)
(151, 175)
(151, 304)
(151, 308)
(151, 181)
(151, 312)
(151, 185)
(151, 318)
(151, 320)
(151, 193)
(151, 327)
(151, 331)
(151, 332)
(151, 205)
(151, 206)
(151, 184)
(151, 342)
(151, 271)
(151, 348)
(151, 221)
(151, 222)
(151, 351)
(151, 352)
(151, 227)
(151, 367)
(151, 369)
(151, 371)
(151, 244)
(151, 190)
(151, 374)
(151, 252)
(151, 255)
(152, 354)
(152, 323)
(152, 324)
(152, 325)
(152, 166)
(152, 267)
(152, 176)
(152, 375)
(152, 196)
(152, 220)
(153, 257)
(153, 387)
(153, 261)
(153, 390)
(153, 264)
(153, 398)
(153, 399)
(153, 275)
(153, 155)
(153, 157)
(153, 159)
(153, 168)
(153, 306)
(153, 308)
(153, 181)
(153, 311)
(153, 318)
(153, 192)
(153, 327)
(153, 200)
(153, 330)
(153, 331)
(153, 208)
(153, 212)
(153, 342)
(153, 271)
(153, 221)
(153, 352)
(153, 227)
(153, 231)
(153, 237)
(153, 239)
(153, 368)
(153, 369)
(153, 371)
(153, 244)
(153, 183)
(153, 255)
(154, 263)
(154, 392)
(154, 297)
(154, 303)
(154, 189)
(154, 329)
(154, 202)
(154, 210)
(154, 213)
(154, 219)
(154, 233)
(154, 241)
(154, 243)
(154, 245)
(155, 257)
(155, 387)
(155, 214)
(155, 264)
(155, 398)
(155, 399)
(155, 275)
(155, 239)
(155, 157)
(155, 159)
(155, 168)
(155, 175)
(155, 304)
(155, 308)
(155, 181)
(155, 312)
(155, 185)
(155, 318)
(155, 320)
(155, 327)
(155, 331)
(155, 332)
(155, 205)
(155, 206)
(155, 184)
(155, 342)
(155, 271)
(155, 221)
(155, 222)
(155, 351)
(155, 352)
(155, 227)
(155, 367)
(155, 369)
(155, 371)
(155, 244)
(155, 190)
(155, 374)
(155, 252)
(155, 255)
(156, 256)
(156, 281)
(156, 287)
(156, 160)
(156, 299)
(156, 194)
(156, 207)
(156, 337)
(156, 343)
(156, 217)
(156, 218)
(156, 350)
(156, 358)
(156, 366)
(156, 248)
(156, 250)
(157, 257)
(157, 387)
(157, 214)
(157, 262)
(157, 264)
(157, 394)
(157, 397)
(157, 398)
(157, 399)
(157, 275)
(157, 283)
(157, 288)
(157, 291)
(157, 164)
(157, 168)
(157, 308)
(157, 311)
(157, 244)
(157, 187)
(157, 316)
(157, 190)
(157, 327)
(157, 331)
(157, 239)
(157, 206)
(157, 269)
(157, 342)
(157, 344)
(157, 221)
(157, 222)
(157, 351)
(157, 352)
(157, 237)
(157, 367)
(157, 369)
(157, 371)
(157, 372)
(157, 249)
(157, 252)
(158, 258)
(158, 260)
(158, 392)
(158, 267)
(158, 219)
(158, 297)
(158, 301)
(158, 180)
(158, 310)
(158, 201)
(158, 324)
(158, 325)
(158, 329)
(158, 203)
(158, 333)
(158, 216)
(158, 169)
(158, 347)
(158, 220)
(158, 223)
(158, 354)
(158, 232)
(158, 241)
(158, 243)
(158, 375)
(158, 378)
(158, 253)
(158, 382)
(159, 257)
(159, 387)
(159, 261)
(159, 390)
(159, 264)
(159, 398)
(159, 271)
(159, 275)
(159, 283)
(159, 291)
(159, 168)
(159, 306)
(159, 181)
(159, 311)
(159, 318)
(159, 192)
(159, 327)
(159, 200)
(159, 330)
(159, 331)
(159, 208)
(159, 212)
(159, 342)
(159, 221)
(159, 352)
(159, 227)
(159, 231)
(159, 237)
(159, 239)
(159, 368)
(159, 369)
(159, 371)
(159, 244)
(159, 379)
(159, 183)
(159, 255)
(160, 386)
(160, 389)
(160, 268)
(160, 281)
(160, 179)
(160, 315)
(160, 319)
(160, 218)
(160, 358)
(160, 242)
(160, 248)
(161, 388)
(161, 262)
(161, 265)
(161, 269)
(161, 272)
(161, 279)
(161, 284)
(161, 288)
(161, 178)
(161, 310)
(161, 393)
(161, 188)
(161, 195)
(161, 204)
(161, 334)
(161, 335)
(161, 211)
(161, 340)
(161, 229)
(161, 360)
(161, 361)
(161, 362)
(161, 232)
(161, 370)
(161, 246)
(161, 251)
(161, 234)
(162, 385)
(162, 396)
(162, 278)
(162, 280)
(162, 282)
(162, 296)
(162, 309)
(162, 184)
(162, 321)
(162, 328)
(162, 205)
(162, 336)
(162, 338)
(162, 345)
(162, 349)
(162, 224)
(162, 235)
(162, 365)
(162, 376)
(163, 263)
(163, 394)
(163, 397)
(163, 276)
(163, 277)
(163, 283)
(163, 291)
(163, 164)
(163, 295)
(163, 171)
(163, 174)
(163, 303)
(163, 311)
(163, 313)
(163, 187)
(163, 316)
(163, 202)
(163, 209)
(163, 210)
(163, 213)
(163, 342)
(163, 344)
(163, 351)
(163, 231)
(163, 237)
(163, 372)
(163, 245)
(163, 249)
(163, 379)
(163, 252)
(163, 383)
(164, 387)
(164, 214)
(164, 262)
(164, 394)
(164, 397)
(164, 277)
(164, 283)
(164, 288)
(164, 291)
(164, 171)
(164, 311)
(164, 313)
(164, 187)
(164, 316)
(164, 327)
(164, 269)
(164, 210)
(164, 342)
(164, 344)
(164, 351)
(164, 231)
(164, 237)
(164, 369)
(164, 371)
(164, 372)
(164, 245)
(164, 249)
(164, 379)
(164, 252)
(164, 383)
(165, 268)
(165, 269)
(165, 289)
(165, 290)
(165, 293)
(165, 302)
(165, 175)
(165, 186)
(165, 190)
(165, 193)
(165, 195)
(165, 204)
(165, 332)
(165, 334)
(165, 336)
(165, 211)
(165, 206)
(165, 214)
(165, 345)
(165, 348)
(165, 222)
(165, 353)
(165, 226)
(165, 230)
(165, 370)
(165, 374)
(166, 196)
(166, 266)
(166, 267)
(166, 324)
(166, 220)
(166, 300)
(166, 323)
(166, 325)
(166, 375)
(166, 216)
(166, 347)
(166, 354)
(167, 259)
(167, 364)
(167, 273)
(167, 285)
(167, 294)
(167, 170)
(167, 314)
(167, 317)
(167, 322)
(167, 339)
(167, 215)
(167, 346)
(167, 356)
(167, 357)
(167, 363)
(167, 236)
(167, 247)
(167, 377)
(167, 380)
(168, 257)
(168, 387)
(168, 261)
(168, 390)
(168, 264)
(168, 397)
(168, 398)
(168, 271)
(168, 275)
(168, 283)
(168, 291)
(168, 306)
(168, 181)
(168, 311)
(168, 187)
(168, 318)
(168, 192)
(168, 327)
(168, 200)
(168, 330)
(168, 331)
(168, 208)
(168, 212)
(168, 342)
(168, 221)
(168, 351)
(168, 352)
(168, 227)
(168, 231)
(168, 237)
(168, 239)
(168, 368)
(168, 369)
(168, 371)
(168, 244)
(168, 379)
(168, 252)
(168, 183)
(168, 255)
(169, 258)
(169, 260)
(169, 392)
(169, 267)
(169, 347)
(169, 300)
(169, 301)
(169, 180)
(169, 323)
(169, 324)
(169, 325)
(169, 201)
(169, 203)
(169, 333)
(169, 216)
(169, 219)
(169, 220)
(169, 223)
(169, 354)
(169, 241)
(169, 375)
(169, 253)
(169, 382)
(170, 256)
(170, 265)
(170, 395)
(170, 274)
(170, 287)
(170, 294)
(170, 298)
(170, 299)
(170, 305)
(170, 307)
(170, 236)
(170, 317)
(170, 215)
(170, 194)
(170, 199)
(170, 335)
(170, 337)
(170, 343)
(170, 217)
(170, 346)
(170, 207)
(170, 357)
(170, 363)
(170, 364)
(170, 366)
(170, 247)
(170, 248)
(170, 377)
(170, 250)
(170, 380)
(170, 254)
(171, 263)
(171, 394)
(171, 397)
(171, 276)
(171, 277)
(171, 283)
(171, 291)
(171, 295)
(171, 174)
(171, 303)
(171, 311)
(171, 313)
(171, 187)
(171, 316)
(171, 202)
(171, 209)
(171, 210)
(171, 213)
(171, 342)
(171, 344)
(171, 231)
(171, 233)
(171, 237)
(171, 372)
(171, 245)
(171, 249)
(171, 379)
(171, 383)
(172, 270)
(172, 276)
(172, 277)
(172, 286)
(172, 368)
(172, 292)
(172, 326)
(172, 295)
(172, 173)
(172, 174)
(172, 306)
(172, 191)
(172, 192)
(172, 197)
(172, 198)
(172, 209)
(172, 341)
(172, 355)
(172, 228)
(172, 238)
(172, 240)
(172, 373)
(172, 379)
(172, 381)
(173, 270)
(173, 286)
(173, 368)
(173, 292)
(173, 326)
(173, 306)
(173, 191)
(173, 197)
(173, 198)
(173, 209)
(173, 341)
(173, 355)
(173, 228)
(173, 238)
(173, 381)
(173, 240)
(173, 373)
(174, 397)
(174, 270)
(174, 276)
(174, 277)
(174, 292)
(174, 295)
(174, 303)
(174, 313)
(174, 197)
(174, 202)
(174, 209)
(174, 210)
(174, 213)
(174, 228)
(174, 233)
(174, 372)
(174, 249)
(174, 379)
(175, 193)
(175, 264)
(175, 396)
(175, 399)
(175, 282)
(175, 239)
(175, 289)
(175, 290)
(175, 304)
(175, 308)
(175, 184)
(175, 185)
(175, 186)
(175, 318)
(175, 320)
(175, 321)
(175, 331)
(175, 332)
(175, 205)
(175, 206)
(175, 336)
(175, 345)
(175, 348)
(175, 222)
(175, 224)
(175, 226)
(175, 235)
(175, 365)
(175, 367)
(175, 190)
(175, 374)
(175, 376)
(176, 354)
(176, 323)
(176, 324)
(176, 325)
(176, 267)
(176, 301)
(176, 375)
(176, 196)
(176, 219)
(176, 220)
(177, 194)
(177, 357)
(177, 294)
(177, 363)
(177, 236)
(177, 182)
(177, 215)
(177, 377)
(177, 346)
(177, 380)
(177, 250)
(177, 350)
(178, 388)
(178, 391)
(178, 272)
(178, 273)
(178, 279)
(178, 284)
(178, 285)
(178, 307)
(178, 310)
(178, 188)
(178, 317)
(178, 199)
(178, 203)
(178, 335)
(178, 339)
(178, 340)
(178, 225)
(178, 229)
(178, 359)
(178, 232)
(178, 362)
(178, 246)
(178, 251)
(178, 234)
(179, 384)
(179, 386)
(179, 389)
(179, 268)
(179, 290)
(179, 302)
(179, 186)
(179, 315)
(179, 319)
(179, 321)
(179, 396)
(179, 336)
(179, 345)
(179, 218)
(179, 224)
(179, 226)
(179, 230)
(179, 235)
(179, 242)
(180, 258)
(180, 260)
(180, 263)
(180, 392)
(180, 267)
(180, 297)
(180, 301)
(180, 310)
(180, 201)
(180, 329)
(180, 203)
(180, 333)
(180, 340)
(180, 216)
(180, 347)
(180, 220)
(180, 223)
(180, 354)
(180, 232)
(180, 361)
(180, 241)
(180, 243)
(180, 246)
(180, 378)
(180, 251)
(180, 253)
(180, 382)
(180, 383)
(181, 257)
(181, 261)
(181, 264)
(181, 398)
(181, 271)
(181, 275)
(181, 367)
(181, 304)
(181, 308)
(181, 312)
(181, 185)
(181, 318)
(181, 320)
(181, 200)
(181, 331)
(181, 205)
(181, 208)
(181, 212)
(181, 221)
(181, 352)
(181, 227)
(181, 239)
(181, 369)
(181, 244)
(181, 255)
(182, 194)
(182, 357)
(182, 294)
(182, 363)
(182, 236)
(182, 215)
(182, 343)
(182, 250)
(182, 380)
(182, 350)
(183, 257)
(183, 261)
(183, 390)
(183, 286)
(183, 368)
(183, 306)
(183, 311)
(183, 191)
(183, 192)
(183, 197)
(183, 326)
(183, 200)
(183, 330)
(183, 208)
(183, 212)
(183, 341)
(183, 221)
(183, 231)
(183, 237)
(183, 238)
(183, 240)
(183, 244)
(183, 373)
(183, 379)
(184, 193)
(184, 264)
(184, 398)
(184, 399)
(184, 275)
(184, 282)
(184, 239)
(184, 289)
(184, 304)
(184, 308)
(184, 312)
(184, 185)
(184, 318)
(184, 320)
(184, 321)
(184, 331)
(184, 332)
(184, 205)
(184, 206)
(184, 336)
(184, 338)
(184, 345)
(184, 348)
(184, 222)
(184, 352)
(184, 226)
(184, 365)
(184, 367)
(184, 369)
(184, 190)
(184, 374)
(184, 376)
(184, 255)
(185, 398)
(185, 271)
(185, 275)
(185, 282)
(185, 367)
(185, 304)
(185, 308)
(185, 309)
(185, 312)
(185, 318)
(185, 320)
(185, 331)
(185, 205)
(185, 338)
(185, 349)
(185, 352)
(185, 227)
(185, 365)
(185, 239)
(185, 376)
(185, 255)
(186, 384)
(186, 256)
(186, 386)
(186, 389)
(186, 193)
(186, 396)
(186, 289)
(186, 290)
(186, 293)
(186, 302)
(186, 315)
(186, 319)
(186, 321)
(186, 268)
(186, 332)
(186, 336)
(186, 345)
(186, 348)
(186, 224)
(186, 353)
(186, 226)
(186, 230)
(186, 235)
(186, 370)
(186, 204)
(186, 374)
(187, 257)
(187, 387)
(187, 214)
(187, 262)
(187, 264)
(187, 394)
(187, 269)
(187, 399)
(187, 277)
(187, 283)
(187, 288)
(187, 291)
(187, 244)
(187, 311)
(187, 313)
(187, 316)
(187, 327)
(187, 331)
(187, 206)
(187, 397)
(187, 210)
(187, 342)
(187, 344)
(187, 221)
(187, 351)
(187, 231)
(187, 237)
(187, 369)
(187, 371)
(187, 372)
(187, 249)
(187, 252)
(187, 383)
(188, 388)
(188, 393)
(188, 272)
(188, 279)
(188, 284)
(188, 293)
(188, 298)
(188, 305)
(188, 307)
(188, 310)
(188, 265)
(188, 317)
(188, 195)
(188, 199)
(188, 204)
(188, 334)
(188, 335)
(188, 211)
(188, 340)
(188, 229)
(188, 360)
(188, 361)
(188, 362)
(188, 232)
(188, 370)
(188, 246)
(188, 251)
(188, 234)
(189, 263)
(189, 392)
(189, 297)
(189, 303)
(189, 329)
(189, 202)
(189, 210)
(189, 213)
(189, 219)
(189, 233)
(189, 241)
(189, 243)
(189, 245)
(189, 383)
(190, 387)
(190, 264)
(190, 269)
(190, 399)
(190, 239)
(190, 288)
(190, 289)
(190, 290)
(190, 302)
(190, 304)
(190, 308)
(190, 193)
(190, 327)
(190, 204)
(190, 331)
(190, 332)
(190, 206)
(190, 336)
(190, 214)
(190, 345)
(190, 348)
(190, 222)
(190, 351)
(190, 226)
(190, 230)
(190, 367)
(190, 369)
(190, 371)
(190, 374)
(190, 252)
(191, 390)
(191, 270)
(191, 276)
(191, 286)
(191, 368)
(191, 292)
(191, 326)
(191, 306)
(191, 192)
(191, 197)
(191, 198)
(191, 330)
(191, 209)
(191, 341)
(191, 355)
(191, 228)
(191, 231)
(191, 238)
(191, 240)
(191, 373)
(191, 379)
(191, 381)
(192, 257)
(192, 261)
(192, 390)
(192, 286)
(192, 368)
(192, 306)
(192, 197)
(192, 326)
(192, 200)
(192, 330)
(192, 208)
(192, 212)
(192, 341)
(192, 355)
(192, 231)
(192, 238)
(192, 240)
(192, 244)
(192, 373)
(192, 379)
(192, 381)
(193, 264)
(193, 268)
(193, 269)
(193, 399)
(193, 289)
(193, 290)
(193, 293)
(193, 302)
(193, 308)
(193, 204)
(193, 331)
(193, 332)
(193, 206)
(193, 336)
(193, 214)
(193, 345)
(193, 348)
(193, 222)
(193, 226)
(193, 230)
(193, 367)
(193, 370)
(193, 374)
(194, 343)
(194, 281)
(194, 287)
(194, 294)
(194, 299)
(194, 207)
(194, 215)
(194, 217)
(194, 350)
(194, 357)
(194, 358)
(194, 363)
(194, 236)
(194, 250)
(194, 380)
(195, 388)
(195, 262)
(195, 265)
(195, 269)
(195, 274)
(195, 284)
(195, 288)
(195, 289)
(195, 293)
(195, 298)
(195, 307)
(195, 393)
(195, 204)
(195, 334)
(195, 335)
(195, 211)
(195, 340)
(195, 214)
(195, 222)
(195, 353)
(195, 360)
(195, 361)
(195, 362)
(195, 366)
(195, 370)
(195, 246)
(195, 234)
(195, 254)
(196, 354)
(196, 323)
(196, 324)
(196, 325)
(196, 267)
(196, 375)
(196, 220)
(197, 270)
(197, 276)
(197, 277)
(197, 286)
(197, 368)
(197, 292)
(197, 326)
(197, 295)
(197, 306)
(197, 313)
(197, 198)
(197, 209)
(197, 341)
(197, 355)
(197, 228)
(197, 231)
(197, 238)
(197, 240)
(197, 373)
(197, 379)
(197, 381)
(198, 355)
(198, 292)
(198, 326)
(198, 270)
(198, 240)
(198, 238)
(198, 341)
(198, 228)
(198, 381)
(198, 286)
(198, 373)
(199, 256)
(199, 259)
(199, 388)
(199, 265)
(199, 395)
(199, 273)
(199, 274)
(199, 279)
(199, 285)
(199, 298)
(199, 305)
(199, 307)
(199, 317)
(199, 334)
(199, 335)
(199, 337)
(199, 339)
(199, 217)
(199, 229)
(199, 234)
(199, 364)
(199, 366)
(199, 247)
(199, 377)
(199, 254)
(200, 257)
(200, 261)
(200, 390)
(200, 271)
(200, 286)
(200, 368)
(200, 306)
(200, 326)
(200, 330)
(200, 208)
(200, 212)
(200, 341)
(200, 221)
(200, 227)
(200, 231)
(200, 240)
(200, 244)
(201, 258)
(201, 260)
(201, 263)
(201, 392)
(201, 267)
(201, 301)
(201, 310)
(201, 329)
(201, 203)
(201, 333)
(201, 340)
(201, 216)
(201, 347)
(201, 220)
(201, 223)
(201, 354)
(201, 232)
(201, 361)
(201, 241)
(201, 243)
(201, 246)
(201, 378)
(201, 251)
(201, 253)
(201, 382)
(201, 383)
(202, 263)
(202, 392)
(202, 394)
(202, 277)
(202, 295)
(202, 297)
(202, 303)
(202, 313)
(202, 329)
(202, 210)
(202, 213)
(202, 233)
(202, 241)
(202, 243)
(202, 372)
(202, 245)
(202, 249)
(202, 378)
(202, 383)
(203, 258)
(203, 260)
(203, 391)
(203, 272)
(203, 284)
(203, 300)
(203, 310)
(203, 340)
(203, 216)
(203, 347)
(203, 220)
(203, 223)
(203, 225)
(203, 229)
(203, 359)
(203, 232)
(203, 361)
(203, 246)
(203, 251)
(203, 253)
(203, 382)
(204, 256)
(204, 265)
(204, 395)
(204, 268)
(204, 269)
(204, 274)
(204, 289)
(204, 290)
(204, 293)
(204, 298)
(204, 302)
(204, 307)
(204, 332)
(204, 334)
(204, 211)
(204, 214)
(204, 348)
(204, 222)
(204, 353)
(204, 230)
(204, 234)
(204, 366)
(204, 370)
(204, 254)
(205, 398)
(205, 271)
(205, 275)
(205, 282)
(205, 367)
(205, 304)
(205, 308)
(205, 309)
(205, 312)
(205, 318)
(205, 320)
(205, 331)
(205, 338)
(205, 349)
(205, 352)
(205, 227)
(205, 365)
(205, 239)
(205, 374)
(205, 376)
(205, 255)
(206, 387)
(206, 214)
(206, 262)
(206, 264)
(206, 269)
(206, 398)
(206, 399)
(206, 275)
(206, 239)
(206, 288)
(206, 289)
(206, 308)
(206, 316)
(206, 327)
(206, 331)
(206, 332)
(206, 211)
(206, 342)
(206, 344)
(206, 348)
(206, 222)
(206, 351)
(206, 352)
(206, 367)
(206, 369)
(206, 371)
(206, 374)
(206, 252)
(207, 256)
(207, 265)
(207, 395)
(207, 274)
(207, 281)
(207, 287)
(207, 293)
(207, 298)
(207, 299)
(207, 305)
(207, 307)
(207, 337)
(207, 343)
(207, 217)
(207, 218)
(207, 350)
(207, 353)
(207, 358)
(207, 366)
(207, 248)
(207, 250)
(207, 380)
(207, 254)
(208, 257)
(208, 261)
(208, 390)
(208, 398)
(208, 271)
(208, 275)
(208, 306)
(208, 312)
(208, 318)
(208, 330)
(208, 212)
(208, 221)
(208, 352)
(208, 227)
(208, 368)
(208, 244)
(208, 255)
(209, 397)
(209, 270)
(209, 276)
(209, 277)
(209, 286)
(209, 368)
(209, 292)
(209, 295)
(209, 303)
(209, 306)
(209, 313)
(209, 213)
(209, 355)
(209, 228)
(209, 231)
(209, 238)
(209, 240)
(209, 372)
(209, 373)
(209, 249)
(209, 379)
(209, 341)
(210, 263)
(210, 392)
(210, 394)
(210, 397)
(210, 276)
(210, 277)
(210, 283)
(210, 291)
(210, 295)
(210, 303)
(210, 313)
(210, 316)
(210, 329)
(210, 333)
(210, 213)
(210, 344)
(210, 233)
(210, 237)
(210, 243)
(210, 372)
(210, 245)
(210, 249)
(210, 378)
(210, 379)
(210, 383)
(211, 388)
(211, 262)
(211, 265)
(211, 269)
(211, 284)
(211, 288)
(211, 289)
(211, 293)
(211, 310)
(211, 393)
(211, 316)
(211, 334)
(211, 340)
(211, 214)
(211, 222)
(211, 360)
(211, 361)
(211, 362)
(211, 370)
(211, 246)
(211, 251)
(211, 234)
(212, 257)
(212, 387)
(212, 261)
(212, 390)
(212, 398)
(212, 271)
(212, 275)
(212, 306)
(212, 311)
(212, 318)
(212, 326)
(212, 330)
(212, 341)
(212, 342)
(212, 221)
(212, 352)
(212, 227)
(212, 231)
(212, 237)
(212, 368)
(212, 369)
(212, 244)
(212, 379)
(213, 263)
(213, 397)
(213, 276)
(213, 277)
(213, 297)
(213, 303)
(213, 313)
(213, 329)
(213, 233)
(213, 295)
(213, 243)
(213, 372)
(213, 245)
(213, 249)
(213, 383)
(214, 387)
(214, 262)
(214, 264)
(214, 269)
(214, 399)
(214, 288)
(214, 289)
(214, 308)
(214, 316)
(214, 327)
(214, 331)
(214, 332)
(214, 342)
(214, 344)
(214, 348)
(214, 222)
(214, 351)
(214, 360)
(214, 367)
(214, 369)
(214, 371)
(214, 374)
(214, 252)
(215, 294)
(215, 299)
(215, 377)
(215, 343)
(215, 217)
(215, 346)
(215, 350)
(215, 357)
(215, 363)
(215, 236)
(215, 250)
(215, 380)
(216, 258)
(216, 391)
(216, 266)
(216, 267)
(216, 260)
(216, 300)
(216, 301)
(216, 323)
(216, 324)
(216, 325)
(216, 347)
(216, 220)
(216, 223)
(216, 225)
(216, 354)
(216, 375)
(216, 253)
(216, 382)
(217, 256)
(217, 236)
(217, 395)
(217, 274)
(217, 281)
(217, 287)
(217, 294)
(217, 298)
(217, 299)
(217, 305)
(217, 307)
(217, 317)
(217, 337)
(217, 343)
(217, 346)
(217, 350)
(217, 357)
(217, 358)
(217, 363)
(217, 364)
(217, 366)
(217, 247)
(217, 248)
(217, 377)
(217, 250)
(217, 380)
(217, 254)
(218, 386)
(218, 389)
(218, 268)
(218, 281)
(218, 287)
(218, 315)
(218, 319)
(218, 358)
(218, 242)
(218, 248)
(219, 258)
(219, 260)
(219, 392)
(219, 267)
(219, 220)
(219, 301)
(219, 324)
(219, 329)
(219, 297)
(219, 354)
(219, 241)
(219, 375)
(219, 253)
(220, 258)
(220, 260)
(220, 267)
(220, 300)
(220, 301)
(220, 323)
(220, 324)
(220, 325)
(220, 347)
(220, 223)
(220, 354)
(220, 375)
(220, 253)
(220, 382)
(221, 257)
(221, 387)
(221, 261)
(221, 264)
(221, 398)
(221, 271)
(221, 275)
(221, 239)
(221, 304)
(221, 308)
(221, 311)
(221, 312)
(221, 318)
(221, 320)
(221, 327)
(221, 330)
(221, 331)
(221, 342)
(221, 399)
(221, 351)
(221, 352)
(221, 227)
(221, 231)
(221, 237)
(221, 367)
(221, 369)
(221, 371)
(221, 244)
(221, 252)
(221, 255)
(222, 387)
(222, 262)
(222, 264)
(222, 269)
(222, 399)
(222, 288)
(222, 289)
(222, 308)
(222, 327)
(222, 331)
(222, 332)
(222, 348)
(222, 351)
(222, 367)
(222, 369)
(222, 370)
(222, 371)
(222, 374)
(222, 252)
(223, 258)
(223, 260)
(223, 391)
(223, 392)
(223, 267)
(223, 272)
(223, 301)
(223, 310)
(223, 324)
(223, 333)
(223, 340)
(223, 347)
(223, 354)
(223, 232)
(223, 361)
(223, 241)
(223, 243)
(223, 246)
(223, 378)
(223, 251)
(223, 253)
(223, 382)
(224, 384)
(224, 386)
(224, 389)
(224, 396)
(224, 278)
(224, 280)
(224, 282)
(224, 290)
(224, 296)
(224, 315)
(224, 319)
(224, 321)
(224, 328)
(224, 336)
(224, 345)
(224, 226)
(224, 235)
(224, 365)
(224, 242)
(224, 376)
(225, 391)
(225, 266)
(225, 272)
(225, 273)
(225, 279)
(225, 285)
(225, 300)
(225, 339)
(225, 347)
(225, 356)
(225, 229)
(225, 359)
(226, 384)
(226, 386)
(226, 389)
(226, 396)
(226, 282)
(226, 289)
(226, 290)
(226, 302)
(226, 315)
(226, 321)
(226, 268)
(226, 332)
(226, 336)
(226, 345)
(226, 348)
(226, 230)
(226, 235)
(226, 365)
(226, 374)
(226, 376)
(227, 257)
(227, 387)
(227, 261)
(227, 264)
(227, 398)
(227, 271)
(227, 275)
(227, 367)
(227, 304)
(227, 308)
(227, 312)
(227, 318)
(227, 320)
(227, 330)
(227, 331)
(227, 352)
(227, 239)
(227, 369)
(227, 244)
(227, 255)
(228, 270)
(228, 276)
(228, 286)
(228, 292)
(228, 295)
(228, 341)
(228, 355)
(228, 238)
(228, 381)
(228, 240)
(228, 373)
(228, 379)
(229, 388)
(229, 391)
(229, 265)
(229, 272)
(229, 273)
(229, 279)
(229, 284)
(229, 285)
(229, 305)
(229, 307)
(229, 310)
(229, 317)
(229, 334)
(229, 335)
(229, 339)
(229, 340)
(229, 359)
(229, 232)
(229, 362)
(229, 246)
(229, 251)
(229, 234)
(230, 256)
(230, 386)
(230, 389)
(230, 396)
(230, 274)
(230, 289)
(230, 290)
(230, 293)
(230, 302)
(230, 321)
(230, 268)
(230, 332)
(230, 336)
(230, 345)
(230, 348)
(230, 353)
(230, 366)
(230, 370)
(230, 374)
(231, 257)
(231, 387)
(231, 261)
(231, 390)
(231, 397)
(231, 276)
(231, 277)
(231, 283)
(231, 286)
(231, 240)
(231, 291)
(231, 244)
(231, 306)
(231, 311)
(231, 313)
(231, 326)
(231, 330)
(231, 341)
(231, 342)
(231, 344)
(231, 237)
(231, 368)
(231, 372)
(231, 373)
(231, 249)
(231, 379)
(232, 258)
(232, 260)
(232, 391)
(232, 393)
(232, 272)
(232, 388)
(232, 284)
(232, 310)
(232, 333)
(232, 340)
(232, 360)
(232, 361)
(232, 362)
(232, 246)
(232, 378)
(232, 251)
(232, 253)
(232, 382)
(233, 263)
(233, 392)
(233, 295)
(233, 297)
(233, 303)
(233, 329)
(233, 243)
(233, 245)
(234, 388)
(234, 265)
(234, 395)
(234, 272)
(234, 273)
(234, 274)
(234, 279)
(234, 284)
(234, 293)
(234, 298)
(234, 305)
(234, 307)
(234, 393)
(234, 317)
(234, 334)
(234, 335)
(234, 340)
(234, 360)
(234, 362)
(234, 366)
(234, 370)
(234, 246)
(234, 251)
(234, 254)
(235, 384)
(235, 386)
(235, 389)
(235, 396)
(235, 278)
(235, 280)
(235, 282)
(235, 296)
(235, 315)
(235, 319)
(235, 321)
(235, 328)
(235, 290)
(235, 336)
(235, 345)
(235, 365)
(235, 242)
(235, 376)
(236, 294)
(236, 299)
(236, 377)
(236, 343)
(236, 346)
(236, 350)
(236, 357)
(236, 363)
(236, 247)
(236, 250)
(236, 380)
(237, 257)
(237, 387)
(237, 261)
(237, 394)
(237, 397)
(237, 276)
(237, 277)
(237, 283)
(237, 291)
(237, 244)
(237, 311)
(237, 313)
(237, 316)
(237, 327)
(237, 342)
(237, 344)
(237, 351)
(237, 368)
(237, 369)
(237, 371)
(237, 372)
(237, 249)
(237, 379)
(237, 252)
(238, 390)
(238, 270)
(238, 276)
(238, 286)
(238, 368)
(238, 292)
(238, 295)
(238, 306)
(238, 326)
(238, 341)
(238, 355)
(238, 381)
(238, 240)
(238, 373)
(238, 379)
(239, 387)
(239, 264)
(239, 398)
(239, 399)
(239, 275)
(239, 304)
(239, 308)
(239, 312)
(239, 318)
(239, 320)
(239, 327)
(239, 331)
(239, 332)
(239, 271)
(239, 352)
(239, 367)
(239, 369)
(239, 371)
(239, 244)
(239, 374)
(239, 255)
(240, 390)
(240, 270)
(240, 276)
(240, 286)
(240, 292)
(240, 306)
(240, 326)
(240, 330)
(240, 341)
(240, 355)
(240, 381)
(240, 368)
(240, 373)
(240, 379)
(241, 258)
(241, 260)
(241, 263)
(241, 392)
(241, 267)
(241, 297)
(241, 301)
(241, 329)
(241, 333)
(241, 354)
(241, 243)
(241, 378)
(241, 253)
(241, 382)
(242, 384)
(242, 386)
(242, 389)
(242, 396)
(242, 315)
(242, 319)
(242, 321)
(243, 258)
(243, 260)
(243, 263)
(243, 392)
(243, 394)
(243, 297)
(243, 303)
(243, 329)
(243, 333)
(243, 245)
(243, 378)
(243, 253)
(243, 382)
(243, 383)
(244, 257)
(244, 387)
(244, 261)
(244, 390)
(244, 264)
(244, 397)
(244, 398)
(244, 399)
(244, 275)
(244, 283)
(244, 291)
(244, 306)
(244, 311)
(244, 318)
(244, 327)
(244, 330)
(244, 331)
(244, 342)
(244, 344)
(244, 271)
(244, 351)
(244, 352)
(244, 368)
(244, 369)
(244, 371)
(244, 379)
(244, 252)
(245, 263)
(245, 392)
(245, 394)
(245, 397)
(245, 277)
(245, 283)
(245, 291)
(245, 297)
(245, 303)
(245, 313)
(245, 316)
(245, 329)
(245, 333)
(245, 372)
(245, 249)
(245, 378)
(245, 383)
(246, 388)
(246, 393)
(246, 272)
(246, 279)
(246, 284)
(246, 310)
(246, 333)
(246, 334)
(246, 335)
(246, 340)
(246, 360)
(246, 361)
(246, 362)
(246, 378)
(246, 251)
(246, 382)
(247, 259)
(247, 395)
(247, 273)
(247, 279)
(247, 285)
(247, 294)
(247, 305)
(247, 307)
(247, 314)
(247, 317)
(247, 322)
(247, 335)
(247, 339)
(247, 346)
(247, 356)
(247, 357)
(247, 363)
(247, 364)
(247, 377)
(247, 380)
(248, 256)
(248, 265)
(248, 395)
(248, 268)
(248, 274)
(248, 281)
(248, 287)
(248, 293)
(248, 298)
(248, 299)
(248, 305)
(248, 307)
(248, 337)
(248, 343)
(248, 353)
(248, 358)
(248, 366)
(248, 250)
(248, 254)
(249, 257)
(249, 387)
(249, 263)
(249, 394)
(249, 397)
(249, 276)
(249, 277)
(249, 283)
(249, 291)
(249, 295)
(249, 303)
(249, 311)
(249, 313)
(249, 316)
(249, 327)
(249, 342)
(249, 344)
(249, 351)
(249, 371)
(249, 372)
(249, 379)
(249, 252)
(249, 383)
(250, 281)
(250, 287)
(250, 294)
(250, 299)
(250, 337)
(250, 343)
(250, 350)
(250, 357)
(250, 358)
(250, 363)
(250, 380)
(251, 258)
(251, 388)
(251, 391)
(251, 393)
(251, 272)
(251, 279)
(251, 284)
(251, 310)
(251, 333)
(251, 334)
(251, 335)
(251, 340)
(251, 360)
(251, 361)
(251, 362)
(251, 378)
(251, 382)
(252, 257)
(252, 387)
(252, 262)
(252, 264)
(252, 394)
(252, 269)
(252, 399)
(252, 283)
(252, 288)
(252, 291)
(252, 311)
(252, 316)
(252, 327)
(252, 331)
(252, 397)
(252, 342)
(252, 344)
(252, 351)
(252, 352)
(252, 369)
(252, 371)
(252, 372)
(253, 258)
(253, 392)
(253, 267)
(253, 260)
(253, 297)
(253, 301)
(253, 310)
(253, 324)
(253, 329)
(253, 333)
(253, 347)
(253, 354)
(253, 378)
(253, 382)
(254, 256)
(254, 265)
(254, 395)
(254, 268)
(254, 274)
(254, 287)
(254, 293)
(254, 298)
(254, 299)
(254, 302)
(254, 305)
(254, 307)
(254, 317)
(254, 334)
(254, 335)
(254, 337)
(254, 343)
(254, 353)
(254, 366)
(254, 370)
(255, 264)
(255, 398)
(255, 271)
(255, 275)
(255, 304)
(255, 308)
(255, 312)
(255, 318)
(255, 320)
(255, 331)
(255, 399)
(255, 352)
(255, 367)
(255, 369)
(256, 265)
(256, 395)
(256, 268)
(256, 274)
(256, 281)
(256, 287)
(256, 293)
(256, 298)
(256, 299)
(256, 302)
(256, 305)
(256, 307)
(256, 337)
(256, 343)
(256, 353)
(256, 358)
(256, 366)
(256, 370)
(257, 387)
(257, 261)
(257, 390)
(257, 264)
(257, 397)
(257, 398)
(257, 271)
(257, 275)
(257, 277)
(257, 283)
(257, 291)
(257, 306)
(257, 311)
(257, 313)
(257, 318)
(257, 327)
(257, 330)
(257, 331)
(257, 342)
(257, 344)
(257, 351)
(257, 352)
(257, 368)
(257, 369)
(257, 371)
(257, 372)
(257, 379)
(258, 392)
(258, 267)
(258, 260)
(258, 301)
(258, 310)
(258, 324)
(258, 329)
(258, 333)
(258, 347)
(258, 354)
(258, 340)
(258, 378)
(258, 382)
(259, 273)
(259, 285)
(259, 314)
(259, 317)
(259, 322)
(259, 339)
(259, 346)
(259, 356)
(259, 357)
(259, 359)
(259, 364)
(259, 377)
(260, 263)
(260, 392)
(260, 267)
(260, 297)
(260, 301)
(260, 310)
(260, 324)
(260, 329)
(260, 333)
(260, 347)
(260, 354)
(260, 378)
(260, 382)
(261, 387)
(261, 390)
(261, 398)
(261, 271)
(261, 275)
(261, 306)
(261, 311)
(261, 326)
(261, 330)
(261, 341)
(261, 342)
(261, 352)
(261, 368)
(261, 369)
(261, 379)
(262, 387)
(262, 393)
(262, 394)
(262, 269)
(262, 283)
(262, 284)
(262, 288)
(262, 291)
(262, 316)
(262, 327)
(262, 334)
(262, 342)
(262, 344)
(262, 351)
(262, 360)
(262, 361)
(262, 362)
(262, 371)
(262, 383)
(263, 392)
(263, 394)
(263, 297)
(263, 303)
(263, 329)
(263, 333)
(263, 378)
(263, 382)
(263, 383)
(264, 387)
(264, 269)
(264, 398)
(264, 399)
(264, 275)
(264, 288)
(264, 304)
(264, 308)
(264, 311)
(264, 318)
(264, 320)
(264, 327)
(264, 331)
(264, 332)
(264, 342)
(264, 344)
(264, 271)
(264, 351)
(264, 352)
(264, 367)
(264, 369)
(264, 371)
(264, 374)
(265, 388)
(265, 274)
(265, 279)
(265, 287)
(265, 293)
(265, 298)
(265, 302)
(265, 305)
(265, 307)
(265, 317)
(265, 395)
(265, 334)
(265, 335)
(265, 337)
(265, 353)
(265, 366)
(265, 370)
(266, 325)
(266, 359)
(266, 391)
(266, 300)
(266, 347)
(267, 300)
(267, 301)
(267, 323)
(267, 324)
(267, 325)
(267, 375)
(267, 347)
(267, 354)
(267, 382)
(268, 384)
(268, 386)
(268, 389)
(268, 396)
(268, 274)
(268, 289)
(268, 290)
(268, 293)
(268, 298)
(268, 302)
(268, 315)
(268, 319)
(268, 332)
(268, 345)
(268, 348)
(268, 353)
(268, 366)
(268, 370)
(269, 387)
(269, 393)
(269, 399)
(269, 288)
(269, 289)
(269, 316)
(269, 327)
(269, 331)
(269, 332)
(269, 334)
(269, 342)
(269, 344)
(269, 351)
(269, 360)
(269, 361)
(269, 362)
(269, 371)
(270, 276)
(270, 286)
(270, 292)
(270, 295)
(270, 306)
(270, 326)
(270, 341)
(270, 355)
(270, 381)
(270, 368)
(270, 373)
(270, 379)
(271, 387)
(271, 398)
(271, 399)
(271, 275)
(271, 304)
(271, 308)
(271, 312)
(271, 318)
(271, 320)
(271, 331)
(271, 352)
(271, 367)
(271, 369)
(272, 388)
(272, 391)
(272, 393)
(272, 273)
(272, 279)
(272, 284)
(272, 285)
(272, 310)
(272, 335)
(272, 339)
(272, 340)
(272, 359)
(272, 361)
(272, 362)
(273, 388)
(273, 391)
(273, 279)
(273, 285)
(273, 305)
(273, 307)
(273, 314)
(273, 317)
(273, 322)
(273, 335)
(273, 339)
(273, 346)
(273, 356)
(273, 359)
(273, 364)
(273, 377)
(274, 395)
(274, 287)
(274, 293)
(274, 298)
(274, 299)
(274, 302)
(274, 305)
(274, 307)
(274, 317)
(274, 334)
(274, 335)
(274, 337)
(274, 353)
(274, 366)
(274, 370)
(275, 387)
(275, 398)
(275, 399)
(275, 304)
(275, 308)
(275, 311)
(275, 312)
(275, 318)
(275, 320)
(275, 327)
(275, 331)
(275, 342)
(275, 351)
(275, 352)
(275, 367)
(275, 369)
(275, 371)
(276, 397)
(276, 277)
(276, 283)
(276, 286)
(276, 291)
(276, 292)
(276, 295)
(276, 303)
(276, 306)
(276, 311)
(276, 313)
(276, 341)
(276, 368)
(276, 372)
(276, 373)
(276, 379)
(277, 397)
(277, 283)
(277, 291)
(277, 292)
(277, 295)
(277, 303)
(277, 306)
(277, 311)
(277, 313)
(277, 342)
(277, 344)
(277, 368)
(277, 372)
(277, 379)
(278, 384)
(278, 385)
(278, 396)
(278, 280)
(278, 296)
(278, 309)
(278, 315)
(278, 321)
(278, 328)
(278, 349)
(278, 365)
(278, 376)
(279, 388)
(279, 391)
(279, 307)
(279, 284)
(279, 285)
(279, 305)
(279, 317)
(279, 334)
(279, 335)
(279, 339)
(279, 340)
(279, 359)
(279, 362)
(279, 364)
(280, 384)
(280, 385)
(280, 296)
(280, 309)
(280, 321)
(280, 328)
(280, 349)
(280, 338)
(280, 365)
(280, 376)
(281, 287)
(281, 299)
(281, 337)
(281, 343)
(281, 350)
(281, 358)
(281, 380)
(282, 384)
(282, 385)
(282, 396)
(282, 296)
(282, 304)
(282, 308)
(282, 309)
(282, 320)
(282, 321)
(282, 332)
(282, 336)
(282, 338)
(282, 345)
(282, 348)
(282, 349)
(282, 365)
(282, 367)
(282, 374)
(282, 376)
(283, 387)
(283, 394)
(283, 397)
(283, 288)
(283, 291)
(283, 311)
(283, 313)
(283, 316)
(283, 327)
(283, 342)
(283, 344)
(283, 351)
(283, 369)
(283, 371)
(283, 372)
(283, 379)
(283, 383)
(284, 388)
(284, 393)
(284, 310)
(284, 333)
(284, 334)
(284, 335)
(284, 360)
(284, 361)
(284, 362)
(284, 340)
(285, 388)
(285, 391)
(285, 314)
(285, 317)
(285, 322)
(285, 335)
(285, 339)
(285, 346)
(285, 356)
(285, 359)
(285, 364)
(285, 377)
(286, 390)
(286, 292)
(286, 306)
(286, 326)
(286, 330)
(286, 341)
(286, 355)
(286, 381)
(286, 368)
(286, 373)
(286, 379)
(287, 395)
(287, 293)
(287, 298)
(287, 299)
(287, 305)
(287, 307)
(287, 337)
(287, 343)
(287, 350)
(287, 353)
(287, 358)
(287, 366)
(287, 380)
(288, 387)
(288, 393)
(288, 394)
(288, 399)
(288, 316)
(288, 327)
(288, 334)
(288, 342)
(288, 344)
(288, 351)
(288, 360)
(288, 361)
(288, 362)
(288, 371)
(289, 399)
(289, 290)
(289, 293)
(289, 302)
(289, 332)
(289, 336)
(289, 345)
(289, 348)
(289, 353)
(289, 370)
(289, 374)
(290, 384)
(290, 386)
(290, 389)
(290, 396)
(290, 293)
(290, 302)
(290, 315)
(290, 319)
(290, 321)
(290, 332)
(290, 336)
(290, 345)
(290, 348)
(290, 353)
(290, 365)
(290, 370)
(290, 374)
(291, 387)
(291, 394)
(291, 397)
(291, 311)
(291, 313)
(291, 316)
(291, 327)
(291, 342)
(291, 344)
(291, 351)
(291, 371)
(291, 372)
(291, 379)
(291, 383)
(292, 295)
(292, 306)
(292, 313)
(292, 326)
(292, 341)
(292, 355)
(292, 381)
(292, 368)
(292, 373)
(292, 379)
(293, 395)
(293, 298)
(293, 302)
(293, 305)
(293, 307)
(293, 334)
(293, 335)
(293, 337)
(293, 348)
(293, 353)
(293, 366)
(293, 370)
(294, 343)
(294, 377)
(294, 346)
(294, 350)
(294, 357)
(294, 363)
(294, 380)
(295, 397)
(295, 303)
(295, 313)
(295, 372)
(295, 373)
(295, 379)
(296, 384)
(296, 385)
(296, 396)
(296, 309)
(296, 321)
(296, 328)
(296, 349)
(296, 336)
(296, 338)
(296, 365)
(296, 376)
(297, 392)
(297, 301)
(297, 329)
(297, 333)
(297, 378)
(297, 382)
(298, 388)
(298, 395)
(298, 299)
(298, 302)
(298, 305)
(298, 307)
(298, 317)
(298, 334)
(298, 335)
(298, 337)
(298, 353)
(298, 366)
(298, 370)
(299, 395)
(299, 305)
(299, 307)
(299, 337)
(299, 343)
(299, 350)
(299, 358)
(299, 363)
(299, 366)
(299, 380)
(300, 391)
(300, 324)
(300, 301)
(300, 323)
(300, 325)
(300, 375)
(300, 347)
(300, 354)
(301, 392)
(301, 323)
(301, 324)
(301, 325)
(301, 329)
(301, 347)
(301, 354)
(301, 375)
(301, 382)
(302, 386)
(302, 389)
(302, 396)
(302, 321)
(302, 332)
(302, 336)
(302, 345)
(302, 348)
(302, 353)
(302, 366)
(302, 370)
(302, 374)
(303, 397)
(303, 313)
(303, 329)
(303, 372)
(303, 379)
(303, 383)
(304, 387)
(304, 398)
(304, 399)
(304, 308)
(304, 312)
(304, 318)
(304, 320)
(304, 331)
(304, 352)
(304, 367)
(304, 369)
(304, 374)
(304, 376)
(305, 388)
(305, 395)
(305, 307)
(305, 317)
(305, 334)
(305, 335)
(305, 337)
(305, 353)
(305, 366)
(305, 370)
(305, 380)
(306, 390)
(306, 311)
(306, 326)
(306, 330)
(306, 341)
(306, 355)
(306, 368)
(306, 373)
(306, 379)
(306, 381)
(307, 388)
(307, 395)
(307, 317)
(307, 334)
(307, 335)
(307, 337)
(307, 353)
(307, 364)
(307, 366)
(307, 370)
(308, 387)
(308, 398)
(308, 399)
(308, 312)
(308, 320)
(308, 327)
(308, 331)
(308, 332)
(308, 352)
(308, 367)
(308, 369)
(308, 371)
(308, 318)
(308, 374)
(309, 385)
(309, 328)
(309, 349)
(309, 338)
(309, 365)
(309, 376)
(310, 388)
(310, 393)
(310, 333)
(310, 360)
(310, 361)
(310, 362)
(310, 340)
(310, 378)
(310, 382)
(311, 387)
(311, 397)
(311, 313)
(311, 327)
(311, 331)
(311, 342)
(311, 344)
(311, 351)
(311, 352)
(311, 368)
(311, 369)
(311, 371)
(311, 372)
(311, 379)
(312, 398)
(312, 318)
(312, 320)
(312, 352)
(312, 367)
(313, 394)
(313, 397)
(313, 342)
(313, 344)
(313, 372)
(313, 379)
(313, 383)
(314, 317)
(314, 322)
(314, 339)
(314, 346)
(314, 356)
(314, 359)
(314, 364)
(314, 377)
(315, 384)
(315, 386)
(315, 389)
(315, 396)
(315, 319)
(315, 321)
(315, 336)
(315, 345)
(316, 387)
(316, 393)
(316, 394)
(316, 397)
(316, 327)
(316, 333)
(316, 342)
(316, 344)
(316, 351)
(316, 360)
(316, 361)
(316, 362)
(316, 371)
(316, 372)
(316, 378)
(316, 383)
(317, 388)
(317, 395)
(317, 322)
(317, 335)
(317, 337)
(317, 339)
(317, 346)
(317, 364)
(317, 366)
(317, 377)
(317, 380)
(318, 387)
(318, 398)
(318, 399)
(318, 320)
(318, 331)
(318, 352)
(318, 367)
(318, 369)
(319, 384)
(319, 386)
(319, 389)
(319, 396)
(320, 398)
(320, 399)
(320, 369)
(320, 331)
(320, 338)
(320, 352)
(320, 367)
(320, 374)
(320, 376)
(321, 384)
(321, 386)
(321, 389)
(321, 396)
(321, 336)
(321, 345)
(321, 348)
(321, 365)
(321, 374)
(321, 376)
(322, 339)
(322, 346)
(322, 356)
(322, 357)
(322, 359)
(322, 364)
(322, 377)
(323, 324)
(323, 325)
(323, 375)
(323, 347)
(323, 354)
(324, 325)
(324, 375)
(324, 347)
(324, 354)
(325, 375)
(325, 347)
(325, 354)
(326, 390)
(326, 330)
(326, 341)
(326, 355)
(326, 381)
(326, 368)
(326, 373)
(326, 379)
(327, 387)
(327, 398)
(327, 399)
(327, 331)
(327, 397)
(327, 342)
(327, 344)
(327, 351)
(327, 352)
(327, 367)
(327, 369)
(327, 371)
(327, 372)
(328, 385)
(328, 349)
(329, 392)
(329, 333)
(329, 378)
(329, 382)
(329, 383)
(330, 390)
(330, 341)
(330, 368)
(330, 379)
(331, 387)
(331, 398)
(331, 399)
(331, 332)
(331, 342)
(331, 344)
(331, 351)
(331, 352)
(331, 367)
(331, 369)
(331, 371)
(331, 374)
(332, 399)
(332, 336)
(332, 345)
(332, 348)
(332, 367)
(332, 370)
(332, 374)
(333, 392)
(333, 393)
(333, 394)
(333, 340)
(333, 360)
(333, 361)
(333, 378)
(333, 382)
(333, 383)
(334, 388)
(334, 393)
(334, 395)
(334, 335)
(334, 340)
(334, 353)
(334, 360)
(334, 361)
(334, 362)
(334, 366)
(334, 370)
(335, 388)
(335, 395)
(335, 339)
(335, 340)
(335, 366)
(335, 370)
(335, 362)
(336, 384)
(336, 386)
(336, 389)
(336, 396)
(336, 345)
(336, 348)
(336, 365)
(336, 374)
(336, 376)
(337, 395)
(337, 343)
(337, 353)
(337, 358)
(337, 366)
(337, 380)
(338, 385)
(338, 349)
(338, 365)
(338, 376)
(339, 388)
(339, 391)
(339, 356)
(339, 359)
(339, 364)
(339, 377)
(340, 388)
(340, 391)
(340, 393)
(340, 360)
(340, 361)
(340, 362)
(340, 378)
(340, 382)
(341, 390)
(341, 355)
(341, 381)
(341, 368)
(341, 373)
(341, 379)
(342, 387)
(342, 394)
(342, 397)
(342, 398)
(342, 399)
(342, 344)
(342, 351)
(342, 352)
(342, 369)
(342, 371)
(342, 372)
(342, 379)
(343, 395)
(343, 350)
(343, 358)
(343, 363)
(343, 366)
(343, 380)
(344, 387)
(344, 394)
(344, 397)
(344, 399)
(344, 351)
(344, 360)
(344, 369)
(344, 371)
(344, 372)
(344, 383)
(345, 384)
(345, 386)
(345, 389)
(345, 396)
(345, 348)
(345, 365)
(345, 374)
(345, 376)
(346, 377)
(346, 356)
(346, 357)
(346, 363)
(346, 364)
(346, 380)
(347, 391)
(347, 354)
(347, 375)
(347, 382)
(348, 386)
(348, 396)
(348, 399)
(348, 353)
(348, 365)
(348, 367)
(348, 370)
(348, 374)
(349, 385)
(349, 365)
(349, 376)
(350, 357)
(350, 358)
(350, 363)
(350, 380)
(351, 387)
(351, 394)
(351, 399)
(351, 397)
(351, 352)
(351, 367)
(351, 369)
(351, 371)
(351, 372)
(352, 387)
(352, 398)
(352, 399)
(352, 367)
(352, 369)
(352, 371)
(353, 386)
(353, 395)
(353, 366)
(353, 370)
(354, 375)
(354, 382)
(355, 381)
(355, 368)
(355, 373)
(356, 359)
(356, 364)
(356, 377)
(357, 377)
(357, 363)
(357, 364)
(357, 380)
(358, 366)
(358, 380)
(359, 391)
(359, 364)
(360, 393)
(360, 394)
(360, 361)
(360, 378)
(360, 362)
(360, 383)
(361, 393)
(361, 394)
(361, 378)
(361, 362)
(361, 382)
(361, 383)
(362, 388)
(362, 393)
(363, 377)
(363, 380)
(364, 377)
(364, 380)
(365, 384)
(365, 385)
(365, 396)
(365, 374)
(365, 376)
(366, 395)
(366, 370)
(367, 387)
(367, 398)
(367, 399)
(367, 369)
(367, 371)
(367, 374)
(368, 390)
(368, 373)
(368, 379)
(368, 381)
(369, 387)
(369, 398)
(369, 399)
(369, 371)
(369, 374)
(370, 395)
(371, 387)
(371, 398)
(371, 399)
(371, 397)
(372, 387)
(372, 394)
(372, 397)
(372, 379)
(372, 383)
(373, 390)
(373, 381)
(373, 379)
(374, 399)
(374, 376)
(376, 385)
(376, 396)
(377, 380)
(378, 392)
(378, 393)
(378, 394)
(378, 382)
(378, 383)
(379, 397)
(382, 392)
(382, 383)
(383, 392)
(383, 393)
(383, 394)
(383, 397)
(384, 386)
(384, 389)
(384, 396)
(386, 389)
(386, 396)
(387, 398)
(387, 399)
(387, 397)
(389, 396)
(392, 394)
(393, 394)
(394, 397)
(398, 399)
