#Nodes
0
1
2
3
4
5
6
7
8
9
10
11
12
13
14
15
16
17
18
19
20
21
22
23
24
25
26
27
28
29
30
31
32
33
34
35
36
37
38
39
40
41
42
43
44
45
46
47
48
49
50
51
52
53
54
55
56
57
58
59
60
61
62
63
64
65
66
67
68
69
70
71
72
73
74
75
76
77
78
79
80
81
82
83
84
85
86
87
88
89
90
91
92
93
94
95
96
97
98
99
100
101
102
103
104
105
106
107
108
109
110
111
112
113
114
115
116
117
118
119
120
121
122
123
124
125
126
127
128
129
130
131
132
133
134
135
136
137
138
139
140
141
142
143
144
145
146
147
148
149
150
151
152
153
154
155
156
157
158
159
160
161
162
163
164
165
166
167
168
169
170
171
172
173
174
175
176
177
178
179
180
181
182
183
184
185
186
187
188
189
190
191
192
193
194
195
196
197
198
199
200
201
202
203
204
205
206
207
208
209
210
211
212
213
214
215
216
217
218
219
220
221
222
223
224
225
226
227
228
229
230
231
232
233
234
235
236
237
238
239
240
241
242
243
244
245
246
247
248
249
#Edges
(0, 128)
(0, 129)
(0, 132)
(0, 1)
(0, 136)
(0, 236)
(0, 10)
(0, 22)
(0, 153)
(0, 30)
(0, 32)
(0, 168)
(0, 170)
(0, 51)
(0, 184)
(0, 186)
(0, 190)
(0, 194)
(0, 197)
(0, 202)
(0, 101)
(0, 232)
(0, 108)
(0, 249)
(1, 128)
(1, 129)
(1, 132)
(1, 136)
(1, 10)
(1, 143)
(1, 17)
(1, 19)
(1, 22)
(1, 153)
(1, 168)
(1, 170)
(1, 51)
(1, 53)
(1, 184)
(1, 186)
(1, 187)
(1, 190)
(1, 194)
(1, 197)
(1, 201)
(1, 76)
(1, 216)
(1, 232)
(1, 108)
(1, 249)
(1, 125)
(1, 126)
(2, 160)
(2, 193)
(2, 139)
(2, 135)
(2, 105)
(2, 235)
(2, 50)
(2, 240)
(2, 49)
(2, 82)
(2, 179)
(2, 212)
(2, 181)
(2, 214)
(2, 28)
(2, 189)
(3, 7)
(3, 8)
(3, 23)
(3, 140)
(3, 25)
(3, 120)
(3, 154)
(3, 219)
(3, 166)
(3, 174)
(3, 188)
(3, 63)
(3, 65)
(3, 66)
(3, 12)
(3, 75)
(3, 98)
(3, 208)
(3, 81)
(3, 35)
(3, 91)
(3, 226)
(3, 228)
(3, 234)
(3, 241)
(3, 118)
(3, 248)
(3, 127)
(4, 12)
(4, 142)
(4, 15)
(4, 16)
(4, 67)
(4, 20)
(4, 150)
(4, 151)
(4, 29)
(4, 158)
(4, 159)
(4, 161)
(4, 164)
(4, 70)
(4, 173)
(4, 48)
(4, 191)
(4, 64)
(4, 96)
(4, 66)
(4, 195)
(4, 198)
(4, 71)
(4, 74)
(4, 77)
(4, 78)
(4, 209)
(4, 84)
(4, 90)
(4, 94)
(4, 37)
(4, 224)
(4, 33)
(4, 230)
(4, 231)
(4, 234)
(4, 237)
(4, 110)
(4, 112)
(4, 242)
(4, 243)
(4, 244)
(4, 119)
(4, 122)
(4, 106)
(5, 130)
(5, 7)
(5, 138)
(5, 15)
(5, 18)
(5, 19)
(5, 149)
(5, 154)
(5, 158)
(5, 174)
(5, 176)
(5, 52)
(5, 57)
(5, 187)
(5, 188)
(5, 63)
(5, 79)
(5, 208)
(5, 216)
(5, 224)
(5, 97)
(5, 226)
(5, 99)
(5, 237)
(5, 241)
(5, 245)
(5, 247)
(5, 127)
(6, 228)
(6, 134)
(6, 167)
(6, 60)
(6, 103)
(6, 109)
(6, 207)
(6, 80)
(6, 24)
(6, 118)
(6, 248)
(6, 25)
(6, 59)
(6, 156)
(6, 62)
(7, 129)
(7, 138)
(7, 140)
(7, 17)
(7, 19)
(7, 22)
(7, 156)
(7, 30)
(7, 35)
(7, 184)
(7, 188)
(7, 10)
(7, 190)
(7, 63)
(7, 80)
(7, 216)
(7, 208)
(7, 226)
(7, 241)
(7, 247)
(7, 127)
(8, 134)
(8, 140)
(8, 23)
(8, 25)
(8, 248)
(8, 35)
(8, 166)
(8, 167)
(8, 219)
(8, 188)
(8, 62)
(8, 63)
(8, 65)
(8, 66)
(8, 75)
(8, 207)
(8, 81)
(8, 91)
(8, 98)
(8, 228)
(8, 103)
(8, 118)
(8, 120)
(8, 127)
(9, 133)
(9, 147)
(9, 148)
(9, 21)
(9, 239)
(9, 157)
(9, 162)
(9, 155)
(9, 39)
(9, 42)
(9, 27)
(9, 183)
(9, 56)
(9, 196)
(9, 199)
(9, 206)
(9, 211)
(9, 86)
(9, 222)
(9, 95)
(9, 100)
(9, 233)
(9, 238)
(9, 111)
(9, 114)
(10, 128)
(10, 129)
(10, 17)
(10, 19)
(10, 22)
(10, 153)
(10, 35)
(10, 168)
(10, 184)
(10, 186)
(10, 187)
(10, 190)
(10, 194)
(10, 197)
(10, 216)
(10, 226)
(10, 232)
(10, 241)
(10, 247)
(10, 126)
(11, 131)
(11, 137)
(11, 145)
(11, 152)
(11, 26)
(11, 155)
(11, 163)
(11, 165)
(11, 169)
(11, 43)
(11, 47)
(11, 177)
(11, 180)
(11, 61)
(11, 73)
(11, 205)
(11, 210)
(11, 220)
(11, 227)
(11, 239)
(11, 115)
(11, 41)
(11, 124)
(12, 138)
(12, 140)
(12, 16)
(12, 20)
(12, 150)
(12, 23)
(12, 154)
(12, 158)
(12, 161)
(12, 164)
(12, 37)
(12, 166)
(12, 174)
(12, 48)
(12, 191)
(12, 64)
(12, 65)
(12, 66)
(12, 195)
(12, 70)
(12, 75)
(12, 77)
(12, 78)
(12, 208)
(12, 81)
(12, 91)
(12, 224)
(12, 98)
(12, 231)
(12, 234)
(12, 237)
(12, 242)
(12, 120)
(12, 122)
(12, 63)
(12, 106)
(12, 127)
(13, 15)
(13, 18)
(13, 217)
(13, 160)
(13, 38)
(13, 40)
(13, 178)
(13, 50)
(13, 179)
(13, 193)
(13, 71)
(13, 96)
(13, 74)
(13, 85)
(13, 214)
(13, 215)
(13, 88)
(13, 89)
(13, 90)
(13, 94)
(13, 224)
(13, 97)
(13, 99)
(13, 240)
(13, 113)
(13, 246)
(14, 68)
(14, 229)
(14, 198)
(14, 105)
(14, 171)
(14, 45)
(14, 142)
(14, 175)
(14, 49)
(14, 146)
(14, 84)
(14, 182)
(14, 55)
(14, 31)
(14, 69)
(15, 138)
(15, 18)
(15, 67)
(15, 154)
(15, 158)
(15, 48)
(15, 38)
(15, 173)
(15, 174)
(15, 176)
(15, 178)
(15, 52)
(15, 57)
(15, 191)
(15, 64)
(15, 195)
(15, 70)
(15, 71)
(15, 74)
(15, 247)
(15, 79)
(15, 208)
(15, 85)
(15, 90)
(15, 224)
(15, 97)
(15, 99)
(15, 234)
(15, 237)
(15, 110)
(15, 113)
(15, 246)
(15, 119)
(15, 106)
(16, 23)
(16, 67)
(16, 20)
(16, 150)
(16, 151)
(16, 29)
(16, 159)
(16, 161)
(16, 164)
(16, 37)
(16, 173)
(16, 48)
(16, 191)
(16, 64)
(16, 66)
(16, 195)
(16, 70)
(16, 77)
(16, 78)
(16, 209)
(16, 230)
(16, 231)
(16, 234)
(16, 110)
(16, 112)
(16, 242)
(16, 243)
(16, 244)
(16, 119)
(16, 122)
(16, 106)
(17, 128)
(17, 129)
(17, 226)
(17, 35)
(17, 156)
(17, 63)
(17, 80)
(17, 241)
(17, 19)
(17, 30)
(17, 22)
(17, 216)
(17, 153)
(17, 186)
(17, 184)
(17, 188)
(17, 190)
(17, 127)
(18, 149)
(18, 217)
(18, 185)
(18, 38)
(18, 40)
(18, 50)
(18, 176)
(18, 178)
(18, 52)
(18, 57)
(18, 72)
(18, 79)
(18, 85)
(18, 215)
(18, 89)
(18, 90)
(18, 224)
(18, 97)
(18, 99)
(18, 102)
(18, 237)
(18, 113)
(18, 245)
(18, 246)
(18, 247)
(19, 128)
(19, 129)
(19, 130)
(19, 138)
(19, 22)
(19, 153)
(19, 176)
(19, 53)
(19, 184)
(19, 57)
(19, 187)
(19, 188)
(19, 190)
(19, 201)
(19, 76)
(19, 216)
(19, 226)
(19, 241)
(19, 247)
(19, 125)
(19, 126)
(20, 23)
(20, 142)
(20, 67)
(20, 150)
(20, 151)
(20, 29)
(20, 158)
(20, 159)
(20, 161)
(20, 164)
(20, 37)
(20, 173)
(20, 48)
(20, 191)
(20, 64)
(20, 66)
(20, 195)
(20, 70)
(20, 71)
(20, 74)
(20, 77)
(20, 78)
(20, 209)
(20, 90)
(20, 91)
(20, 94)
(20, 33)
(20, 230)
(20, 231)
(20, 234)
(20, 110)
(20, 112)
(20, 242)
(20, 243)
(20, 244)
(20, 119)
(20, 122)
(20, 106)
(21, 133)
(21, 143)
(21, 147)
(21, 27)
(21, 157)
(21, 34)
(21, 39)
(21, 42)
(21, 44)
(21, 183)
(21, 56)
(21, 58)
(21, 192)
(21, 196)
(21, 213)
(21, 86)
(21, 221)
(21, 222)
(21, 95)
(21, 100)
(21, 233)
(21, 111)
(21, 123)
(22, 128)
(22, 129)
(22, 153)
(22, 156)
(22, 30)
(22, 35)
(22, 168)
(22, 170)
(22, 184)
(22, 186)
(22, 188)
(22, 190)
(22, 194)
(22, 80)
(22, 216)
(22, 226)
(22, 232)
(22, 236)
(22, 241)
(23, 150)
(23, 161)
(23, 219)
(23, 164)
(23, 37)
(23, 166)
(23, 64)
(23, 65)
(23, 66)
(23, 70)
(23, 140)
(23, 75)
(23, 77)
(23, 81)
(23, 91)
(23, 98)
(23, 234)
(23, 120)
(23, 122)
(24, 228)
(24, 134)
(24, 167)
(24, 103)
(24, 109)
(24, 207)
(24, 118)
(24, 248)
(24, 25)
(24, 59)
(24, 62)
(25, 134)
(25, 140)
(25, 156)
(25, 81)
(25, 219)
(25, 166)
(25, 167)
(25, 59)
(25, 188)
(25, 62)
(25, 63)
(25, 65)
(25, 75)
(25, 207)
(25, 248)
(25, 35)
(25, 91)
(25, 98)
(25, 228)
(25, 103)
(25, 109)
(25, 118)
(25, 120)
(25, 127)
(26, 131)
(26, 73)
(26, 107)
(26, 205)
(26, 47)
(26, 115)
(26, 177)
(26, 227)
(26, 180)
(26, 43)
(26, 41)
(26, 124)
(26, 61)
(27, 162)
(27, 196)
(27, 199)
(27, 233)
(27, 42)
(27, 39)
(27, 239)
(27, 210)
(27, 147)
(27, 100)
(27, 218)
(27, 111)
(27, 157)
(27, 222)
(27, 95)
(28, 160)
(28, 193)
(28, 135)
(28, 139)
(28, 172)
(28, 240)
(28, 82)
(28, 179)
(28, 181)
(28, 87)
(28, 121)
(28, 92)
(28, 189)
(29, 142)
(29, 146)
(29, 67)
(29, 150)
(29, 151)
(29, 159)
(29, 161)
(29, 164)
(29, 70)
(29, 173)
(29, 48)
(29, 182)
(29, 31)
(29, 191)
(29, 64)
(29, 195)
(29, 198)
(29, 71)
(29, 74)
(29, 77)
(29, 78)
(29, 209)
(29, 84)
(29, 90)
(29, 94)
(29, 96)
(29, 33)
(29, 230)
(29, 231)
(29, 106)
(29, 110)
(29, 112)
(29, 242)
(29, 243)
(29, 244)
(29, 119)
(29, 122)
(30, 129)
(30, 35)
(30, 60)
(30, 170)
(30, 236)
(30, 80)
(30, 184)
(30, 186)
(30, 156)
(30, 190)
(31, 142)
(31, 146)
(31, 151)
(31, 159)
(31, 33)
(31, 171)
(31, 45)
(31, 175)
(31, 49)
(31, 182)
(31, 55)
(31, 68)
(31, 69)
(31, 198)
(31, 209)
(31, 84)
(31, 96)
(31, 229)
(31, 230)
(31, 112)
(31, 243)
(31, 244)
(32, 192)
(32, 194)
(32, 132)
(32, 197)
(32, 232)
(32, 108)
(32, 202)
(32, 236)
(32, 141)
(32, 46)
(32, 168)
(32, 51)
(32, 117)
(32, 249)
(32, 170)
(32, 101)
(33, 142)
(33, 45)
(33, 146)
(33, 67)
(33, 151)
(33, 159)
(33, 70)
(33, 38)
(33, 173)
(33, 175)
(33, 48)
(33, 49)
(33, 182)
(33, 191)
(33, 64)
(33, 195)
(33, 198)
(33, 71)
(33, 74)
(33, 77)
(33, 78)
(33, 209)
(33, 84)
(33, 214)
(33, 90)
(33, 94)
(33, 96)
(33, 230)
(33, 231)
(33, 106)
(33, 110)
(33, 112)
(33, 113)
(33, 243)
(33, 244)
(33, 119)
(34, 133)
(34, 136)
(34, 143)
(34, 144)
(34, 147)
(34, 39)
(34, 44)
(34, 183)
(34, 56)
(34, 58)
(34, 192)
(34, 196)
(34, 200)
(34, 213)
(34, 221)
(34, 222)
(34, 95)
(34, 233)
(34, 111)
(34, 117)
(34, 123)
(35, 129)
(35, 140)
(35, 156)
(35, 166)
(35, 184)
(35, 188)
(35, 190)
(35, 63)
(35, 207)
(35, 80)
(35, 216)
(35, 226)
(35, 228)
(35, 60)
(35, 241)
(35, 118)
(35, 248)
(35, 127)
(36, 131)
(36, 135)
(36, 137)
(36, 152)
(36, 160)
(36, 165)
(36, 41)
(36, 172)
(36, 180)
(36, 181)
(36, 54)
(36, 205)
(36, 83)
(36, 87)
(36, 92)
(36, 223)
(36, 227)
(36, 107)
(36, 240)
(36, 115)
(36, 121)
(36, 124)
(37, 140)
(37, 150)
(37, 161)
(37, 219)
(37, 164)
(37, 166)
(37, 48)
(37, 191)
(37, 64)
(37, 65)
(37, 66)
(37, 70)
(37, 75)
(37, 77)
(37, 78)
(37, 81)
(37, 91)
(37, 98)
(37, 231)
(37, 234)
(37, 242)
(37, 120)
(37, 122)
(38, 67)
(38, 149)
(38, 158)
(38, 159)
(38, 48)
(38, 40)
(38, 173)
(38, 176)
(38, 178)
(38, 52)
(38, 57)
(38, 193)
(38, 195)
(38, 71)
(38, 96)
(38, 74)
(38, 79)
(38, 85)
(38, 214)
(38, 215)
(38, 89)
(38, 90)
(38, 94)
(38, 224)
(38, 97)
(38, 99)
(38, 106)
(38, 237)
(38, 50)
(38, 113)
(38, 246)
(38, 119)
(39, 162)
(39, 196)
(39, 133)
(39, 233)
(39, 42)
(39, 44)
(39, 111)
(39, 147)
(39, 213)
(39, 56)
(39, 100)
(39, 157)
(39, 222)
(39, 95)
(40, 149)
(40, 217)
(40, 160)
(40, 178)
(40, 50)
(40, 179)
(40, 193)
(40, 203)
(40, 83)
(40, 85)
(40, 215)
(40, 88)
(40, 89)
(40, 93)
(40, 223)
(40, 97)
(40, 99)
(40, 102)
(40, 240)
(40, 113)
(40, 246)
(41, 131)
(41, 137)
(41, 145)
(41, 152)
(41, 155)
(41, 163)
(41, 165)
(41, 169)
(41, 43)
(41, 47)
(41, 177)
(41, 180)
(41, 54)
(41, 61)
(41, 73)
(41, 205)
(41, 210)
(41, 220)
(41, 227)
(41, 107)
(41, 239)
(41, 115)
(41, 124)
(42, 239)
(42, 147)
(42, 157)
(42, 162)
(42, 155)
(42, 169)
(42, 56)
(42, 196)
(42, 199)
(42, 206)
(42, 210)
(42, 211)
(42, 218)
(42, 222)
(42, 95)
(42, 100)
(42, 233)
(42, 111)
(42, 114)
(43, 227)
(43, 131)
(43, 169)
(43, 205)
(43, 47)
(43, 239)
(43, 115)
(43, 177)
(43, 210)
(43, 163)
(43, 180)
(43, 73)
(43, 218)
(43, 155)
(43, 124)
(43, 61)
(44, 133)
(44, 136)
(44, 143)
(44, 144)
(44, 147)
(44, 183)
(44, 56)
(44, 58)
(44, 192)
(44, 196)
(44, 200)
(44, 213)
(44, 221)
(44, 222)
(44, 95)
(44, 100)
(44, 233)
(44, 111)
(44, 117)
(44, 123)
(45, 142)
(45, 146)
(45, 159)
(45, 171)
(45, 175)
(45, 49)
(45, 182)
(45, 55)
(45, 189)
(45, 68)
(45, 69)
(45, 198)
(45, 212)
(45, 214)
(45, 94)
(45, 96)
(45, 229)
(45, 230)
(45, 105)
(45, 235)
(45, 112)
(45, 244)
(45, 84)
(46, 192)
(46, 200)
(46, 141)
(46, 144)
(46, 117)
(46, 123)
(46, 221)
(47, 227)
(47, 131)
(47, 169)
(47, 205)
(47, 115)
(47, 177)
(47, 210)
(47, 163)
(47, 180)
(47, 73)
(47, 124)
(47, 61)
(48, 138)
(48, 67)
(48, 150)
(48, 151)
(48, 154)
(48, 158)
(48, 159)
(48, 161)
(48, 164)
(48, 173)
(48, 174)
(48, 52)
(48, 191)
(48, 64)
(48, 66)
(48, 195)
(48, 70)
(48, 71)
(48, 74)
(48, 77)
(48, 78)
(48, 208)
(48, 209)
(48, 90)
(48, 91)
(48, 94)
(48, 224)
(48, 231)
(48, 234)
(48, 237)
(48, 110)
(48, 112)
(48, 242)
(48, 244)
(48, 119)
(48, 122)
(48, 106)
(49, 139)
(49, 142)
(49, 146)
(49, 159)
(49, 171)
(49, 175)
(49, 179)
(49, 182)
(49, 55)
(49, 189)
(49, 68)
(49, 69)
(49, 198)
(49, 74)
(49, 82)
(49, 212)
(49, 214)
(49, 94)
(49, 96)
(49, 229)
(49, 105)
(49, 235)
(49, 84)
(50, 217)
(50, 160)
(50, 178)
(50, 179)
(50, 189)
(50, 193)
(50, 198)
(50, 71)
(50, 74)
(50, 82)
(50, 212)
(50, 85)
(50, 214)
(50, 215)
(50, 88)
(50, 89)
(50, 90)
(50, 94)
(50, 96)
(50, 99)
(50, 240)
(50, 113)
(50, 246)
(51, 128)
(51, 132)
(51, 136)
(51, 141)
(51, 143)
(51, 153)
(51, 168)
(51, 53)
(51, 183)
(51, 58)
(51, 192)
(51, 194)
(51, 197)
(51, 202)
(51, 76)
(51, 213)
(51, 221)
(51, 101)
(51, 232)
(51, 108)
(51, 117)
(51, 249)
(51, 123)
(51, 125)
(52, 138)
(52, 149)
(52, 154)
(52, 158)
(52, 174)
(52, 176)
(52, 57)
(52, 71)
(52, 79)
(52, 208)
(52, 85)
(52, 215)
(52, 90)
(52, 224)
(52, 97)
(52, 99)
(52, 106)
(52, 237)
(52, 113)
(52, 245)
(52, 246)
(52, 247)
(53, 128)
(53, 130)
(53, 136)
(53, 143)
(53, 148)
(53, 153)
(53, 168)
(53, 183)
(53, 56)
(53, 58)
(53, 187)
(53, 194)
(53, 197)
(53, 201)
(53, 76)
(53, 213)
(53, 86)
(53, 232)
(53, 238)
(53, 116)
(53, 125)
(53, 126)
(54, 131)
(54, 135)
(54, 137)
(54, 145)
(54, 152)
(54, 160)
(54, 165)
(54, 220)
(54, 172)
(54, 180)
(54, 181)
(54, 203)
(54, 205)
(54, 83)
(54, 87)
(54, 88)
(54, 217)
(54, 92)
(54, 223)
(54, 225)
(54, 227)
(54, 107)
(54, 240)
(54, 121)
(54, 124)
(55, 68)
(55, 229)
(55, 105)
(55, 171)
(55, 175)
(55, 146)
(55, 182)
(55, 69)
(56, 133)
(56, 136)
(56, 143)
(56, 147)
(56, 148)
(56, 157)
(56, 162)
(56, 183)
(56, 58)
(56, 196)
(56, 199)
(56, 201)
(56, 76)
(56, 213)
(56, 86)
(56, 222)
(56, 95)
(56, 233)
(56, 238)
(56, 114)
(56, 116)
(56, 125)
(56, 126)
(57, 130)
(57, 138)
(57, 149)
(57, 154)
(57, 158)
(57, 174)
(57, 176)
(57, 187)
(57, 188)
(57, 63)
(57, 79)
(57, 208)
(57, 224)
(57, 97)
(57, 226)
(57, 99)
(57, 237)
(57, 241)
(57, 245)
(57, 247)
(57, 127)
(58, 133)
(58, 136)
(58, 143)
(58, 183)
(58, 192)
(58, 196)
(58, 200)
(58, 201)
(58, 76)
(58, 213)
(58, 86)
(58, 221)
(58, 222)
(58, 95)
(58, 233)
(58, 117)
(58, 123)
(58, 125)
(59, 228)
(59, 134)
(59, 167)
(59, 103)
(59, 109)
(59, 207)
(59, 118)
(59, 248)
(59, 219)
(59, 62)
(60, 103)
(60, 207)
(60, 80)
(60, 156)
(60, 190)
(61, 131)
(61, 73)
(61, 107)
(61, 205)
(61, 115)
(61, 177)
(61, 227)
(61, 180)
(61, 124)
(62, 228)
(62, 134)
(62, 167)
(62, 103)
(62, 109)
(62, 207)
(62, 81)
(62, 118)
(62, 248)
(62, 219)
(63, 138)
(63, 140)
(63, 154)
(63, 158)
(63, 166)
(63, 174)
(63, 176)
(63, 188)
(63, 65)
(63, 66)
(63, 98)
(63, 208)
(63, 81)
(63, 216)
(63, 91)
(63, 226)
(63, 234)
(63, 241)
(63, 247)
(63, 127)
(64, 67)
(64, 150)
(64, 151)
(64, 154)
(64, 158)
(64, 159)
(64, 161)
(64, 164)
(64, 173)
(64, 174)
(64, 191)
(64, 66)
(64, 195)
(64, 70)
(64, 71)
(64, 74)
(64, 77)
(64, 78)
(64, 208)
(64, 209)
(64, 90)
(64, 91)
(64, 94)
(64, 224)
(64, 230)
(64, 231)
(64, 234)
(64, 237)
(64, 110)
(64, 112)
(64, 242)
(64, 243)
(64, 244)
(64, 119)
(64, 122)
(64, 106)
(65, 138)
(65, 140)
(65, 150)
(65, 154)
(65, 158)
(65, 161)
(65, 219)
(65, 164)
(65, 166)
(65, 174)
(65, 188)
(65, 66)
(65, 75)
(65, 98)
(65, 208)
(65, 248)
(65, 91)
(65, 226)
(65, 228)
(65, 81)
(65, 234)
(65, 118)
(65, 120)
(65, 122)
(65, 127)
(66, 138)
(66, 140)
(66, 150)
(66, 154)
(66, 158)
(66, 161)
(66, 164)
(66, 166)
(66, 174)
(66, 188)
(66, 191)
(66, 195)
(66, 70)
(66, 75)
(66, 77)
(66, 208)
(66, 81)
(66, 91)
(66, 224)
(66, 98)
(66, 234)
(66, 237)
(66, 120)
(66, 122)
(66, 127)
(67, 142)
(67, 146)
(67, 150)
(67, 151)
(67, 158)
(67, 159)
(67, 161)
(67, 164)
(67, 70)
(67, 173)
(67, 182)
(67, 191)
(67, 96)
(67, 195)
(67, 198)
(67, 71)
(67, 74)
(67, 77)
(67, 78)
(67, 209)
(67, 84)
(67, 214)
(67, 90)
(67, 94)
(67, 224)
(67, 230)
(67, 231)
(67, 234)
(67, 237)
(67, 110)
(67, 112)
(67, 113)
(67, 242)
(67, 243)
(67, 244)
(67, 119)
(67, 122)
(67, 106)
(68, 96)
(68, 171)
(68, 229)
(68, 198)
(68, 105)
(68, 235)
(68, 142)
(68, 175)
(68, 146)
(68, 212)
(68, 214)
(68, 84)
(68, 189)
(68, 69)
(68, 182)
(69, 214)
(69, 171)
(69, 229)
(69, 105)
(69, 235)
(69, 175)
(69, 146)
(69, 212)
(69, 182)
(69, 189)
(70, 150)
(70, 151)
(70, 158)
(70, 159)
(70, 161)
(70, 164)
(70, 173)
(70, 191)
(70, 195)
(70, 71)
(70, 74)
(70, 77)
(70, 78)
(70, 209)
(70, 90)
(70, 91)
(70, 94)
(70, 224)
(70, 230)
(70, 231)
(70, 234)
(70, 237)
(70, 110)
(70, 112)
(70, 242)
(70, 243)
(70, 244)
(70, 119)
(70, 122)
(70, 106)
(71, 142)
(71, 146)
(71, 150)
(71, 151)
(71, 158)
(71, 159)
(71, 161)
(71, 173)
(71, 178)
(71, 191)
(71, 96)
(71, 195)
(71, 198)
(71, 74)
(71, 77)
(71, 78)
(71, 209)
(71, 84)
(71, 85)
(71, 214)
(71, 90)
(71, 94)
(71, 224)
(71, 230)
(71, 231)
(71, 234)
(71, 237)
(71, 110)
(71, 112)
(71, 113)
(71, 243)
(71, 244)
(71, 119)
(71, 106)
(72, 130)
(72, 148)
(72, 149)
(72, 185)
(72, 187)
(72, 97)
(72, 201)
(72, 203)
(72, 204)
(72, 206)
(72, 79)
(72, 211)
(72, 86)
(72, 215)
(72, 217)
(72, 93)
(72, 225)
(72, 99)
(72, 102)
(72, 104)
(72, 238)
(72, 114)
(72, 116)
(72, 245)
(72, 126)
(73, 131)
(73, 107)
(73, 205)
(73, 115)
(73, 177)
(73, 227)
(73, 180)
(73, 124)
(74, 142)
(74, 146)
(74, 151)
(74, 159)
(74, 173)
(74, 178)
(74, 182)
(74, 191)
(74, 96)
(74, 195)
(74, 198)
(74, 78)
(74, 209)
(74, 84)
(74, 85)
(74, 214)
(74, 90)
(74, 94)
(74, 224)
(74, 230)
(74, 106)
(74, 237)
(74, 110)
(74, 112)
(74, 113)
(74, 243)
(74, 244)
(74, 119)
(75, 98)
(75, 91)
(75, 164)
(75, 166)
(75, 140)
(75, 81)
(75, 150)
(75, 120)
(75, 122)
(75, 219)
(76, 128)
(76, 130)
(76, 136)
(76, 143)
(76, 148)
(76, 153)
(76, 168)
(76, 183)
(76, 185)
(76, 187)
(76, 201)
(76, 213)
(76, 86)
(76, 238)
(76, 116)
(76, 125)
(76, 126)
(77, 150)
(77, 151)
(77, 158)
(77, 159)
(77, 161)
(77, 164)
(77, 173)
(77, 191)
(77, 195)
(77, 78)
(77, 209)
(77, 90)
(77, 91)
(77, 230)
(77, 231)
(77, 234)
(77, 237)
(77, 110)
(77, 112)
(77, 242)
(77, 243)
(77, 244)
(77, 119)
(77, 122)
(77, 106)
(78, 142)
(78, 150)
(78, 151)
(78, 159)
(78, 161)
(78, 164)
(78, 173)
(78, 191)
(78, 195)
(78, 198)
(78, 209)
(78, 84)
(78, 90)
(78, 94)
(78, 96)
(78, 230)
(78, 231)
(78, 234)
(78, 110)
(78, 112)
(78, 242)
(78, 243)
(78, 244)
(78, 119)
(78, 122)
(78, 106)
(79, 130)
(79, 138)
(79, 149)
(79, 176)
(79, 185)
(79, 187)
(79, 85)
(79, 215)
(79, 224)
(79, 97)
(79, 99)
(79, 102)
(79, 237)
(79, 116)
(79, 245)
(79, 246)
(79, 247)
(79, 126)
(80, 129)
(80, 156)
(80, 167)
(80, 184)
(80, 186)
(80, 188)
(80, 190)
(80, 207)
(80, 216)
(80, 226)
(80, 228)
(80, 103)
(80, 241)
(80, 118)
(80, 248)
(81, 134)
(81, 219)
(81, 166)
(81, 140)
(81, 248)
(81, 91)
(81, 98)
(81, 228)
(81, 118)
(81, 120)
(81, 127)
(82, 160)
(82, 193)
(82, 139)
(82, 135)
(82, 105)
(82, 235)
(82, 240)
(82, 179)
(82, 212)
(82, 181)
(82, 214)
(82, 189)
(83, 135)
(83, 137)
(83, 87)
(83, 145)
(83, 217)
(83, 152)
(83, 160)
(83, 165)
(83, 172)
(83, 181)
(83, 193)
(83, 203)
(83, 204)
(83, 215)
(83, 88)
(83, 89)
(83, 220)
(83, 93)
(83, 223)
(83, 225)
(83, 104)
(83, 240)
(83, 121)
(84, 142)
(84, 146)
(84, 151)
(84, 159)
(84, 171)
(84, 173)
(84, 175)
(84, 182)
(84, 195)
(84, 198)
(84, 209)
(84, 214)
(84, 94)
(84, 96)
(84, 230)
(84, 231)
(84, 106)
(84, 110)
(84, 112)
(84, 243)
(84, 244)
(84, 119)
(85, 149)
(85, 217)
(85, 178)
(85, 179)
(85, 193)
(85, 215)
(85, 88)
(85, 89)
(85, 90)
(85, 224)
(85, 97)
(85, 99)
(85, 102)
(85, 237)
(85, 113)
(85, 246)
(86, 130)
(86, 143)
(86, 148)
(86, 157)
(86, 162)
(86, 183)
(86, 185)
(86, 187)
(86, 196)
(86, 199)
(86, 201)
(86, 211)
(86, 222)
(86, 238)
(86, 114)
(86, 116)
(86, 245)
(86, 125)
(86, 126)
(87, 160)
(87, 165)
(87, 135)
(87, 107)
(87, 172)
(87, 240)
(87, 181)
(87, 121)
(87, 92)
(88, 135)
(88, 217)
(88, 160)
(88, 172)
(88, 178)
(88, 179)
(88, 181)
(88, 193)
(88, 203)
(88, 215)
(88, 89)
(88, 93)
(88, 223)
(88, 225)
(88, 99)
(88, 240)
(88, 246)
(89, 149)
(89, 160)
(89, 178)
(89, 179)
(89, 193)
(89, 203)
(89, 215)
(89, 217)
(89, 93)
(89, 223)
(89, 97)
(89, 99)
(89, 102)
(89, 240)
(89, 113)
(89, 246)
(90, 142)
(90, 146)
(90, 150)
(90, 151)
(90, 158)
(90, 159)
(90, 161)
(90, 173)
(90, 178)
(90, 191)
(90, 96)
(90, 195)
(90, 198)
(90, 209)
(90, 214)
(90, 94)
(90, 224)
(90, 231)
(90, 234)
(90, 237)
(90, 110)
(90, 112)
(90, 113)
(90, 244)
(90, 119)
(90, 106)
(91, 138)
(91, 150)
(91, 154)
(91, 158)
(91, 161)
(91, 164)
(91, 166)
(91, 174)
(91, 188)
(91, 191)
(91, 140)
(91, 208)
(91, 98)
(91, 234)
(91, 237)
(91, 120)
(91, 122)
(91, 127)
(92, 227)
(92, 165)
(92, 135)
(92, 107)
(92, 172)
(92, 240)
(92, 180)
(92, 181)
(92, 121)
(93, 137)
(93, 145)
(93, 148)
(93, 149)
(93, 152)
(93, 155)
(93, 185)
(93, 97)
(93, 203)
(93, 204)
(93, 206)
(93, 211)
(93, 215)
(93, 217)
(93, 220)
(93, 223)
(93, 225)
(93, 102)
(93, 104)
(93, 114)
(93, 116)
(93, 245)
(94, 142)
(94, 146)
(94, 151)
(94, 159)
(94, 173)
(94, 175)
(94, 178)
(94, 182)
(94, 191)
(94, 96)
(94, 195)
(94, 198)
(94, 209)
(94, 214)
(94, 224)
(94, 230)
(94, 106)
(94, 237)
(94, 110)
(94, 112)
(94, 113)
(94, 243)
(94, 244)
(94, 119)
(95, 196)
(95, 133)
(95, 233)
(95, 111)
(95, 147)
(95, 213)
(95, 183)
(95, 100)
(95, 123)
(95, 157)
(95, 222)
(96, 142)
(96, 146)
(96, 151)
(96, 159)
(96, 173)
(96, 175)
(96, 178)
(96, 179)
(96, 182)
(96, 189)
(96, 191)
(96, 195)
(96, 198)
(96, 209)
(96, 212)
(96, 214)
(96, 230)
(96, 106)
(96, 110)
(96, 112)
(96, 113)
(96, 243)
(96, 244)
(96, 119)
(97, 130)
(97, 149)
(97, 176)
(97, 178)
(97, 185)
(97, 187)
(97, 204)
(97, 215)
(97, 217)
(97, 224)
(97, 99)
(97, 102)
(97, 237)
(97, 116)
(97, 245)
(97, 246)
(97, 247)
(98, 138)
(98, 140)
(98, 150)
(98, 154)
(98, 158)
(98, 161)
(98, 164)
(98, 166)
(98, 174)
(98, 188)
(98, 208)
(98, 120)
(98, 219)
(98, 226)
(98, 234)
(98, 241)
(98, 118)
(98, 248)
(98, 122)
(98, 127)
(99, 149)
(99, 185)
(99, 178)
(99, 176)
(99, 193)
(99, 215)
(99, 217)
(99, 224)
(99, 102)
(99, 237)
(99, 113)
(99, 245)
(99, 246)
(100, 162)
(100, 196)
(100, 133)
(100, 199)
(100, 233)
(100, 111)
(100, 147)
(100, 218)
(100, 157)
(100, 222)
(101, 128)
(101, 194)
(101, 132)
(101, 197)
(101, 232)
(101, 108)
(101, 202)
(101, 236)
(101, 141)
(101, 168)
(101, 249)
(101, 186)
(101, 170)
(102, 130)
(102, 148)
(102, 149)
(102, 185)
(102, 203)
(102, 204)
(102, 211)
(102, 215)
(102, 217)
(102, 225)
(102, 238)
(102, 114)
(102, 116)
(102, 245)
(102, 246)
(103, 228)
(103, 134)
(103, 167)
(103, 109)
(103, 207)
(103, 118)
(103, 248)
(103, 156)
(104, 131)
(104, 137)
(104, 145)
(104, 152)
(104, 155)
(104, 162)
(104, 163)
(104, 169)
(104, 199)
(104, 203)
(104, 204)
(104, 206)
(104, 210)
(104, 211)
(104, 220)
(104, 223)
(104, 225)
(104, 239)
(104, 114)
(105, 214)
(105, 171)
(105, 229)
(105, 235)
(105, 175)
(105, 146)
(105, 212)
(105, 182)
(105, 139)
(105, 189)
(106, 142)
(106, 150)
(106, 151)
(106, 158)
(106, 159)
(106, 161)
(106, 164)
(106, 173)
(106, 191)
(106, 195)
(106, 198)
(106, 209)
(106, 214)
(106, 224)
(106, 230)
(106, 231)
(106, 234)
(106, 237)
(106, 110)
(106, 112)
(106, 113)
(106, 242)
(106, 243)
(106, 244)
(106, 119)
(106, 122)
(107, 227)
(107, 165)
(107, 172)
(107, 205)
(107, 115)
(107, 180)
(107, 121)
(107, 124)
(108, 192)
(108, 128)
(108, 194)
(108, 132)
(108, 197)
(108, 232)
(108, 202)
(108, 141)
(108, 168)
(108, 117)
(108, 170)
(108, 153)
(108, 249)
(108, 136)
(108, 123)
(108, 221)
(109, 228)
(109, 134)
(109, 167)
(109, 207)
(109, 118)
(109, 248)
(109, 219)
(110, 142)
(110, 146)
(110, 150)
(110, 151)
(110, 159)
(110, 161)
(110, 164)
(110, 173)
(110, 182)
(110, 191)
(110, 195)
(110, 198)
(110, 209)
(110, 214)
(110, 224)
(110, 230)
(110, 231)
(110, 234)
(110, 237)
(110, 112)
(110, 113)
(110, 242)
(110, 243)
(110, 244)
(110, 119)
(110, 122)
(111, 196)
(111, 133)
(111, 233)
(111, 147)
(111, 213)
(111, 157)
(111, 222)
(112, 142)
(112, 146)
(112, 150)
(112, 151)
(112, 159)
(112, 161)
(112, 173)
(112, 175)
(112, 182)
(112, 191)
(112, 195)
(112, 198)
(112, 209)
(112, 214)
(112, 230)
(112, 231)
(112, 113)
(112, 242)
(112, 243)
(112, 244)
(112, 119)
(112, 122)
(113, 159)
(113, 173)
(113, 179)
(113, 146)
(113, 193)
(113, 195)
(113, 198)
(113, 214)
(113, 215)
(113, 224)
(113, 178)
(113, 237)
(113, 244)
(113, 246)
(113, 119)
(114, 137)
(114, 145)
(114, 148)
(114, 152)
(114, 155)
(114, 157)
(114, 162)
(114, 163)
(114, 185)
(114, 199)
(114, 203)
(114, 204)
(114, 206)
(114, 211)
(114, 220)
(114, 223)
(114, 225)
(114, 238)
(114, 239)
(114, 116)
(115, 227)
(115, 131)
(115, 165)
(115, 169)
(115, 205)
(115, 177)
(115, 163)
(115, 180)
(115, 124)
(116, 130)
(116, 148)
(116, 149)
(116, 183)
(116, 185)
(116, 187)
(116, 201)
(116, 204)
(116, 211)
(116, 225)
(116, 238)
(116, 245)
(116, 125)
(116, 126)
(117, 192)
(117, 132)
(117, 133)
(117, 200)
(117, 202)
(117, 141)
(117, 143)
(117, 144)
(117, 136)
(117, 213)
(117, 249)
(117, 123)
(117, 221)
(118, 134)
(118, 140)
(118, 156)
(118, 166)
(118, 167)
(118, 188)
(118, 207)
(118, 219)
(118, 228)
(118, 248)
(118, 127)
(119, 142)
(119, 146)
(119, 150)
(119, 151)
(119, 158)
(119, 159)
(119, 161)
(119, 164)
(119, 173)
(119, 182)
(119, 191)
(119, 195)
(119, 198)
(119, 209)
(119, 214)
(119, 224)
(119, 230)
(119, 231)
(119, 234)
(119, 237)
(119, 242)
(119, 243)
(119, 244)
(119, 122)
(120, 164)
(120, 166)
(120, 140)
(120, 122)
(120, 219)
(121, 160)
(121, 227)
(121, 165)
(121, 135)
(121, 137)
(121, 172)
(121, 240)
(121, 180)
(121, 181)
(121, 223)
(122, 151)
(122, 150)
(122, 158)
(122, 159)
(122, 161)
(122, 164)
(122, 173)
(122, 191)
(122, 195)
(122, 209)
(122, 230)
(122, 231)
(122, 234)
(122, 242)
(122, 243)
(122, 244)
(123, 192)
(123, 196)
(123, 133)
(123, 200)
(123, 141)
(123, 143)
(123, 144)
(123, 136)
(123, 213)
(123, 183)
(123, 221)
(124, 227)
(124, 131)
(124, 165)
(124, 169)
(124, 205)
(124, 177)
(124, 163)
(124, 180)
(125, 128)
(125, 130)
(125, 136)
(125, 143)
(125, 148)
(125, 153)
(125, 168)
(125, 183)
(125, 187)
(125, 194)
(125, 201)
(125, 213)
(125, 238)
(125, 126)
(126, 128)
(126, 130)
(126, 136)
(126, 143)
(126, 148)
(126, 149)
(126, 153)
(126, 183)
(126, 185)
(126, 187)
(126, 201)
(126, 238)
(126, 245)
(126, 247)
(127, 138)
(127, 154)
(127, 158)
(127, 166)
(127, 174)
(127, 176)
(127, 188)
(127, 140)
(127, 208)
(127, 216)
(127, 226)
(127, 234)
(127, 241)
(127, 247)
(127, 248)
(128, 129)
(128, 132)
(128, 136)
(128, 143)
(128, 153)
(128, 168)
(128, 170)
(128, 184)
(128, 186)
(128, 190)
(128, 194)
(128, 197)
(128, 202)
(128, 216)
(128, 232)
(128, 236)
(128, 249)
(129, 153)
(129, 156)
(129, 168)
(129, 170)
(129, 184)
(129, 186)
(129, 190)
(129, 194)
(129, 197)
(129, 216)
(129, 226)
(129, 232)
(129, 236)
(129, 241)
(130, 148)
(130, 149)
(130, 187)
(130, 201)
(130, 204)
(130, 185)
(130, 238)
(130, 245)
(130, 247)
(131, 137)
(131, 145)
(131, 152)
(131, 155)
(131, 163)
(131, 165)
(131, 169)
(131, 177)
(131, 180)
(131, 205)
(131, 206)
(131, 210)
(131, 218)
(131, 220)
(131, 223)
(131, 227)
(131, 239)
(132, 136)
(132, 236)
(132, 141)
(132, 153)
(132, 168)
(132, 170)
(132, 184)
(132, 186)
(132, 190)
(132, 194)
(132, 197)
(132, 202)
(132, 232)
(132, 249)
(133, 136)
(133, 143)
(133, 147)
(133, 183)
(133, 192)
(133, 196)
(133, 200)
(133, 213)
(133, 221)
(133, 222)
(133, 233)
(134, 228)
(134, 167)
(134, 207)
(134, 248)
(134, 219)
(135, 160)
(135, 193)
(135, 139)
(135, 172)
(135, 240)
(135, 179)
(135, 181)
(136, 143)
(136, 153)
(136, 168)
(136, 183)
(136, 192)
(136, 194)
(136, 197)
(136, 201)
(136, 213)
(136, 221)
(136, 232)
(136, 249)
(137, 145)
(137, 152)
(137, 155)
(137, 163)
(137, 165)
(137, 169)
(137, 203)
(137, 204)
(137, 205)
(137, 206)
(137, 217)
(137, 220)
(137, 223)
(137, 225)
(137, 227)
(137, 239)
(137, 211)
(138, 154)
(138, 158)
(138, 166)
(138, 174)
(138, 176)
(138, 187)
(138, 188)
(138, 140)
(138, 208)
(138, 216)
(138, 224)
(138, 226)
(138, 234)
(138, 237)
(138, 241)
(138, 247)
(139, 160)
(139, 193)
(139, 235)
(139, 240)
(139, 179)
(139, 212)
(139, 181)
(139, 189)
(140, 154)
(140, 158)
(140, 166)
(140, 174)
(140, 188)
(140, 208)
(140, 219)
(140, 226)
(140, 228)
(140, 234)
(140, 241)
(140, 248)
(141, 192)
(141, 202)
(141, 144)
(141, 249)
(141, 221)
(142, 173)
(142, 146)
(142, 151)
(142, 171)
(142, 175)
(142, 182)
(142, 159)
(142, 195)
(142, 198)
(142, 209)
(142, 214)
(142, 230)
(142, 231)
(142, 243)
(142, 244)
(143, 148)
(143, 153)
(143, 168)
(143, 183)
(143, 192)
(143, 196)
(143, 197)
(143, 201)
(143, 213)
(143, 221)
(143, 222)
(143, 238)
(144, 192)
(144, 200)
(144, 213)
(144, 221)
(145, 152)
(145, 155)
(145, 162)
(145, 163)
(145, 165)
(145, 169)
(145, 199)
(145, 203)
(145, 204)
(145, 205)
(145, 206)
(145, 210)
(145, 211)
(145, 220)
(145, 223)
(145, 225)
(145, 227)
(145, 239)
(146, 173)
(146, 151)
(146, 171)
(146, 175)
(146, 182)
(146, 159)
(146, 189)
(146, 198)
(146, 209)
(146, 212)
(146, 214)
(146, 230)
(146, 235)
(146, 243)
(146, 244)
(147, 162)
(147, 196)
(147, 199)
(147, 233)
(147, 213)
(147, 157)
(147, 222)
(148, 149)
(148, 157)
(148, 162)
(148, 183)
(148, 185)
(148, 199)
(148, 201)
(148, 204)
(148, 206)
(148, 211)
(148, 225)
(148, 238)
(148, 245)
(149, 185)
(149, 176)
(149, 187)
(149, 203)
(149, 204)
(149, 215)
(149, 217)
(149, 238)
(149, 245)
(149, 246)
(149, 247)
(150, 151)
(150, 158)
(150, 159)
(150, 161)
(150, 164)
(150, 166)
(150, 173)
(150, 174)
(150, 191)
(150, 195)
(150, 208)
(150, 209)
(150, 231)
(150, 234)
(150, 237)
(150, 242)
(150, 243)
(150, 244)
(151, 161)
(151, 164)
(151, 173)
(151, 182)
(151, 159)
(151, 191)
(151, 195)
(151, 198)
(151, 209)
(151, 230)
(151, 231)
(151, 242)
(151, 243)
(151, 244)
(152, 155)
(152, 162)
(152, 163)
(152, 165)
(152, 169)
(152, 199)
(152, 203)
(152, 204)
(152, 205)
(152, 206)
(152, 210)
(152, 211)
(152, 217)
(152, 220)
(152, 223)
(152, 225)
(152, 227)
(152, 239)
(153, 168)
(153, 184)
(153, 186)
(153, 187)
(153, 190)
(153, 194)
(153, 197)
(153, 201)
(153, 216)
(153, 232)
(153, 249)
(154, 158)
(154, 166)
(154, 174)
(154, 176)
(154, 188)
(154, 208)
(154, 224)
(154, 226)
(154, 234)
(154, 237)
(154, 241)
(154, 247)
(154, 191)
(155, 157)
(155, 162)
(155, 163)
(155, 169)
(155, 199)
(155, 203)
(155, 204)
(155, 205)
(155, 206)
(155, 210)
(155, 211)
(155, 218)
(155, 220)
(155, 223)
(155, 225)
(155, 239)
(156, 167)
(156, 184)
(156, 188)
(156, 190)
(156, 207)
(156, 216)
(156, 226)
(156, 228)
(156, 241)
(156, 248)
(157, 162)
(157, 196)
(157, 199)
(157, 206)
(157, 210)
(157, 211)
(157, 218)
(157, 222)
(157, 233)
(157, 239)
(158, 161)
(158, 164)
(158, 166)
(158, 174)
(158, 176)
(158, 188)
(158, 195)
(158, 208)
(158, 224)
(158, 234)
(158, 237)
(158, 191)
(159, 161)
(159, 173)
(159, 175)
(159, 182)
(159, 191)
(159, 195)
(159, 198)
(159, 209)
(159, 214)
(159, 230)
(159, 231)
(159, 237)
(159, 242)
(159, 243)
(159, 244)
(160, 217)
(160, 172)
(160, 178)
(160, 179)
(160, 181)
(160, 193)
(160, 223)
(160, 240)
(161, 164)
(161, 166)
(161, 173)
(161, 174)
(161, 191)
(161, 195)
(161, 208)
(161, 209)
(161, 230)
(161, 231)
(161, 234)
(161, 237)
(161, 242)
(161, 243)
(161, 244)
(162, 163)
(162, 169)
(162, 199)
(162, 204)
(162, 206)
(162, 210)
(162, 211)
(162, 218)
(162, 220)
(162, 222)
(162, 233)
(162, 239)
(163, 165)
(163, 169)
(163, 177)
(163, 199)
(163, 205)
(163, 206)
(163, 210)
(163, 211)
(163, 218)
(163, 220)
(163, 227)
(163, 239)
(164, 166)
(164, 191)
(164, 195)
(164, 208)
(164, 209)
(164, 231)
(164, 234)
(164, 242)
(164, 243)
(165, 172)
(165, 180)
(165, 205)
(165, 220)
(165, 223)
(165, 227)
(165, 240)
(166, 174)
(166, 219)
(166, 188)
(166, 208)
(166, 226)
(166, 228)
(166, 234)
(166, 241)
(166, 248)
(167, 228)
(167, 207)
(167, 248)
(168, 170)
(168, 184)
(168, 186)
(168, 190)
(168, 194)
(168, 197)
(168, 202)
(168, 232)
(168, 236)
(168, 249)
(169, 177)
(169, 199)
(169, 205)
(169, 206)
(169, 210)
(169, 211)
(169, 218)
(169, 220)
(169, 239)
(170, 194)
(170, 197)
(170, 232)
(170, 202)
(170, 236)
(170, 184)
(170, 249)
(170, 186)
(170, 190)
(171, 229)
(171, 198)
(171, 235)
(171, 175)
(171, 212)
(171, 214)
(171, 189)
(171, 182)
(172, 227)
(172, 240)
(172, 181)
(172, 223)
(173, 195)
(173, 182)
(173, 191)
(173, 198)
(173, 209)
(173, 214)
(173, 224)
(173, 230)
(173, 231)
(173, 237)
(173, 243)
(173, 244)
(174, 176)
(174, 188)
(174, 208)
(174, 224)
(174, 226)
(174, 234)
(174, 237)
(174, 241)
(174, 247)
(174, 191)
(175, 182)
(175, 189)
(175, 198)
(175, 212)
(175, 214)
(175, 229)
(175, 230)
(175, 235)
(176, 187)
(176, 188)
(176, 208)
(176, 224)
(176, 226)
(176, 237)
(176, 241)
(176, 245)
(176, 247)
(177, 227)
(177, 205)
(177, 239)
(177, 210)
(177, 180)
(177, 218)
(178, 217)
(178, 179)
(178, 193)
(178, 198)
(178, 214)
(178, 215)
(178, 224)
(178, 246)
(179, 217)
(179, 181)
(179, 189)
(179, 193)
(179, 212)
(179, 214)
(179, 235)
(179, 240)
(179, 246)
(180, 227)
(180, 205)
(181, 193)
(181, 240)
(182, 189)
(182, 198)
(182, 209)
(182, 212)
(182, 214)
(182, 229)
(182, 230)
(182, 235)
(182, 243)
(182, 244)
(183, 196)
(183, 201)
(183, 213)
(183, 221)
(183, 222)
(183, 233)
(183, 238)
(184, 186)
(184, 190)
(184, 194)
(184, 197)
(184, 216)
(184, 226)
(184, 232)
(184, 236)
(184, 241)
(185, 187)
(185, 201)
(185, 203)
(185, 204)
(185, 211)
(185, 215)
(185, 225)
(185, 238)
(185, 245)
(186, 190)
(186, 194)
(186, 197)
(186, 202)
(186, 216)
(186, 232)
(186, 236)
(186, 249)
(187, 201)
(187, 216)
(187, 226)
(187, 238)
(187, 241)
(187, 245)
(187, 247)
(188, 216)
(188, 208)
(188, 226)
(188, 241)
(188, 247)
(188, 248)
(189, 198)
(189, 235)
(189, 212)
(189, 214)
(190, 194)
(190, 197)
(190, 216)
(190, 232)
(190, 236)
(190, 241)
(190, 249)
(191, 195)
(191, 208)
(191, 209)
(191, 224)
(191, 230)
(191, 231)
(191, 234)
(191, 237)
(191, 242)
(191, 243)
(191, 244)
(192, 200)
(192, 221)
(192, 213)
(193, 217)
(193, 212)
(193, 215)
(193, 240)
(193, 246)
(194, 236)
(194, 197)
(194, 202)
(194, 232)
(194, 249)
(195, 198)
(195, 209)
(195, 224)
(195, 230)
(195, 231)
(195, 234)
(195, 237)
(195, 242)
(195, 243)
(195, 244)
(196, 213)
(196, 222)
(196, 233)
(197, 236)
(197, 202)
(197, 232)
(197, 249)
(198, 209)
(198, 212)
(198, 214)
(198, 230)
(198, 243)
(198, 244)
(199, 204)
(199, 206)
(199, 210)
(199, 211)
(199, 218)
(199, 220)
(199, 222)
(199, 225)
(199, 239)
(200, 213)
(200, 221)
(201, 238)
(201, 245)
(202, 232)
(202, 236)
(202, 249)
(203, 217)
(203, 204)
(203, 206)
(203, 215)
(203, 220)
(203, 223)
(203, 225)
(203, 211)
(203, 245)
(204, 206)
(204, 215)
(204, 217)
(204, 220)
(204, 223)
(204, 225)
(204, 238)
(204, 211)
(204, 245)
(205, 210)
(205, 220)
(205, 227)
(205, 239)
(206, 210)
(206, 211)
(206, 220)
(206, 223)
(206, 225)
(206, 239)
(207, 228)
(207, 248)
(208, 224)
(208, 226)
(208, 234)
(208, 237)
(208, 241)
(208, 247)
(209, 230)
(209, 231)
(209, 242)
(209, 243)
(209, 244)
(210, 211)
(210, 218)
(210, 220)
(210, 239)
(211, 220)
(211, 223)
(211, 225)
(211, 238)
(211, 239)
(212, 235)
(212, 214)
(213, 221)
(213, 222)
(213, 233)
(214, 235)
(214, 244)
(215, 217)
(215, 225)
(215, 245)
(215, 246)
(216, 226)
(216, 241)
(216, 247)
(217, 223)
(217, 225)
(217, 240)
(217, 246)
(218, 239)
(219, 228)
(219, 248)
(220, 223)
(220, 225)
(220, 227)
(220, 239)
(222, 233)
(223, 225)
(223, 227)
(223, 240)
(224, 234)
(224, 237)
(224, 246)
(224, 247)
(225, 245)
(226, 241)
(226, 247)
(228, 248)
(230, 231)
(230, 242)
(230, 243)
(230, 244)
(231, 234)
(231, 242)
(231, 243)
(231, 244)
(232, 236)
(232, 249)
(234, 237)
(234, 242)
(236, 249)
(237, 244)
(237, 246)
(238, 245)
(241, 247)
(242, 243)
(242, 244)
(243, 244)
(245, 246)
(245, 247)
