#Nodes
0
1
2
3
4
5
6
7
8
9
10
11
12
13
14
15
16
17
18
19
20
21
22
23
24
25
26
27
28
29
30
31
32
33
34
35
36
37
38
39
40
41
42
43
44
45
46
47
48
49
50
51
52
53
54
55
56
57
58
59
60
61
62
63
64
65
66
67
68
69
70
71
72
73
74
75
76
77
78
79
80
81
82
83
84
85
86
87
88
89
90
91
92
93
94
95
96
97
98
99
#Edges
(0, 4)
(0, 5)
(0, 40)
(0, 77)
(0, 14)
(0, 83)
(0, 90)
(0, 29)
(1, 64)
(1, 99)
(1, 68)
(1, 69)
(1, 7)
(1, 40)
(1, 18)
(1, 36)
(1, 91)
(1, 4)
(1, 63)
(2, 65)
(2, 68)
(2, 69)
(2, 8)
(2, 42)
(2, 44)
(2, 81)
(2, 52)
(2, 85)
(2, 20)
(2, 26)
(2, 61)
(3, 37)
(3, 74)
(3, 44)
(3, 47)
(3, 85)
(3, 25)
(3, 57)
(3, 58)
(3, 61)
(4, 98)
(4, 71)
(4, 40)
(4, 18)
(4, 90)
(4, 28)
(5, 66)
(5, 40)
(5, 10)
(5, 77)
(5, 17)
(5, 95)
(6, 35)
(6, 41)
(6, 75)
(6, 77)
(6, 24)
(6, 62)
(6, 95)
(7, 64)
(7, 99)
(7, 68)
(7, 40)
(7, 18)
(7, 24)
(7, 36)
(7, 91)
(7, 63)
(8, 65)
(8, 44)
(8, 52)
(8, 85)
(8, 25)
(8, 26)
(8, 61)
(9, 32)
(9, 51)
(9, 70)
(9, 39)
(9, 14)
(9, 82)
(9, 83)
(9, 53)
(9, 55)
(9, 56)
(9, 27)
(9, 60)
(9, 29)
(10, 33)
(10, 66)
(10, 13)
(10, 46)
(10, 17)
(10, 88)
(10, 94)
(10, 95)
(11, 37)
(11, 38)
(11, 74)
(11, 78)
(11, 79)
(11, 48)
(11, 49)
(11, 84)
(11, 21)
(11, 86)
(11, 59)
(12, 34)
(12, 45)
(12, 78)
(12, 48)
(12, 22)
(12, 23)
(12, 93)
(12, 31)
(13, 88)
(13, 83)
(13, 29)
(14, 70)
(14, 82)
(14, 83)
(14, 53)
(14, 90)
(14, 27)
(14, 60)
(14, 29)
(15, 32)
(15, 67)
(15, 39)
(15, 60)
(15, 76)
(15, 19)
(15, 53)
(15, 73)
(15, 56)
(15, 89)
(15, 27)
(15, 92)
(15, 30)
(16, 97)
(16, 72)
(16, 47)
(16, 50)
(16, 84)
(16, 54)
(16, 58)
(17, 66)
(17, 77)
(17, 46)
(17, 88)
(17, 94)
(17, 95)
(18, 64)
(18, 99)
(18, 68)
(18, 69)
(18, 40)
(18, 21)
(18, 36)
(18, 91)
(18, 63)
(19, 89)
(19, 67)
(19, 92)
(20, 64)
(20, 65)
(20, 99)
(20, 68)
(20, 69)
(20, 42)
(20, 43)
(20, 81)
(20, 52)
(20, 24)
(20, 26)
(21, 91)
(21, 36)
(21, 69)
(21, 38)
(21, 74)
(21, 49)
(21, 59)
(21, 63)
(22, 98)
(22, 38)
(22, 23)
(22, 34)
(22, 78)
(22, 79)
(22, 48)
(22, 86)
(22, 87)
(22, 59)
(22, 28)
(23, 98)
(23, 27)
(23, 71)
(23, 78)
(23, 53)
(23, 86)
(23, 87)
(23, 59)
(23, 28)
(24, 64)
(24, 75)
(24, 41)
(24, 42)
(24, 43)
(24, 99)
(24, 62)
(25, 44)
(25, 85)
(25, 57)
(25, 61)
(26, 65)
(26, 68)
(26, 42)
(26, 43)
(26, 44)
(26, 81)
(26, 52)
(26, 61)
(27, 32)
(27, 51)
(27, 98)
(27, 70)
(27, 39)
(27, 28)
(27, 82)
(27, 83)
(27, 53)
(27, 90)
(27, 60)
(28, 98)
(28, 71)
(28, 53)
(28, 86)
(28, 87)
(28, 59)
(28, 60)
(29, 82)
(29, 83)
(29, 88)
(29, 90)
(30, 32)
(30, 67)
(30, 39)
(30, 73)
(30, 76)
(30, 80)
(30, 51)
(30, 55)
(30, 56)
(30, 92)
(31, 34)
(31, 45)
(31, 79)
(31, 48)
(31, 93)
(32, 70)
(32, 39)
(32, 73)
(32, 76)
(32, 82)
(32, 51)
(32, 53)
(32, 55)
(32, 56)
(32, 60)
(33, 66)
(33, 46)
(33, 94)
(34, 96)
(34, 45)
(34, 78)
(34, 79)
(34, 48)
(34, 93)
(35, 66)
(35, 41)
(35, 75)
(35, 77)
(35, 62)
(35, 95)
(36, 64)
(36, 99)
(36, 68)
(36, 69)
(36, 40)
(36, 91)
(36, 63)
(37, 72)
(37, 74)
(37, 47)
(37, 49)
(37, 84)
(37, 58)
(38, 98)
(38, 71)
(38, 78)
(38, 49)
(38, 86)
(38, 87)
(38, 59)
(39, 70)
(39, 73)
(39, 76)
(39, 82)
(39, 51)
(39, 53)
(39, 55)
(39, 56)
(39, 60)
(40, 64)
(40, 99)
(40, 77)
(40, 63)
(41, 99)
(41, 75)
(41, 77)
(41, 62)
(42, 65)
(42, 99)
(42, 68)
(42, 43)
(42, 81)
(42, 52)
(43, 65)
(43, 99)
(43, 68)
(43, 81)
(43, 52)
(44, 65)
(44, 85)
(44, 57)
(44, 61)
(45, 93)
(46, 66)
(46, 88)
(46, 94)
(46, 95)
(47, 72)
(47, 84)
(47, 58)
(48, 78)
(48, 79)
(48, 86)
(48, 59)
(48, 93)
(49, 74)
(49, 78)
(49, 86)
(49, 59)
(50, 96)
(50, 97)
(50, 72)
(50, 79)
(50, 84)
(50, 54)
(51, 70)
(51, 76)
(51, 82)
(51, 55)
(51, 56)
(51, 60)
(52, 65)
(52, 68)
(52, 81)
(53, 98)
(53, 71)
(53, 82)
(53, 87)
(53, 60)
(54, 96)
(54, 97)
(54, 72)
(54, 84)
(55, 70)
(55, 76)
(55, 82)
(55, 56)
(56, 70)
(56, 76)
(56, 82)
(56, 73)
(56, 92)
(57, 74)
(57, 85)
(57, 58)
(57, 61)
(58, 72)
(58, 74)
(58, 84)
(59, 98)
(59, 71)
(59, 78)
(59, 86)
(59, 87)
(60, 98)
(60, 70)
(60, 71)
(60, 82)
(60, 83)
(60, 90)
(61, 65)
(61, 85)
(62, 75)
(62, 99)
(63, 64)
(63, 99)
(63, 68)
(63, 69)
(63, 81)
(63, 91)
(64, 99)
(64, 68)
(64, 69)
(64, 81)
(64, 91)
(65, 68)
(65, 69)
(65, 81)
(65, 85)
(66, 77)
(66, 88)
(66, 94)
(66, 95)
(67, 73)
(67, 76)
(67, 80)
(67, 89)
(67, 92)
(68, 99)
(68, 69)
(68, 81)
(68, 91)
(69, 74)
(69, 81)
(69, 91)
(70, 82)
(71, 98)
(71, 87)
(71, 86)
(71, 90)
(72, 84)
(73, 76)
(73, 80)
(73, 89)
(73, 92)
(74, 91)
(75, 77)
(75, 95)
(76, 80)
(76, 89)
(76, 92)
(77, 95)
(78, 98)
(78, 79)
(78, 86)
(78, 87)
(79, 96)
(79, 84)
(79, 93)
(80, 92)
(81, 99)
(81, 91)
(82, 83)
(82, 90)
(83, 90)
(84, 96)
(84, 97)
(86, 98)
(86, 87)
(87, 98)
(89, 92)
(94, 95)
(96, 97)
