#Nodes
0
1
2
3
4
5
6
7
8
9
10
11
12
13
14
15
16
17
18
19
20
21
22
23
24
25
26
27
28
29
30
31
32
33
34
35
36
37
38
39
40
41
42
43
44
45
46
47
48
49
50
51
52
53
54
55
56
57
58
59
60
61
62
63
64
65
66
67
68
69
70
71
72
73
74
75
76
77
78
79
80
81
82
83
84
85
86
87
88
89
90
91
92
93
94
95
96
97
98
99
#Edges
(0, 97)
(0, 34)
(0, 74)
(0, 17)
(0, 82)
(0, 24)
(0, 29)
(1, 33)
(1, 69)
(1, 14)
(1, 75)
(1, 78)
(1, 47)
(1, 49)
(1, 50)
(1, 46)
(1, 86)
(1, 55)
(1, 89)
(1, 10)
(1, 63)
(2, 64)
(2, 5)
(2, 40)
(2, 43)
(2, 8)
(2, 52)
(2, 85)
(2, 88)
(2, 59)
(2, 21)
(2, 95)
(3, 68)
(3, 62)
(3, 79)
(4, 96)
(4, 99)
(4, 44)
(4, 15)
(4, 83)
(4, 84)
(4, 22)
(4, 28)
(5, 43)
(5, 21)
(5, 45)
(5, 95)
(6, 96)
(6, 97)
(6, 37)
(6, 51)
(6, 71)
(6, 41)
(6, 39)
(6, 15)
(6, 83)
(6, 93)
(7, 67)
(7, 70)
(7, 73)
(7, 14)
(7, 18)
(7, 19)
(7, 20)
(7, 86)
(7, 9)
(7, 89)
(7, 61)
(7, 94)
(7, 63)
(8, 43)
(8, 45)
(8, 16)
(8, 52)
(8, 85)
(8, 90)
(8, 31)
(8, 21)
(8, 95)
(9, 32)
(9, 98)
(9, 67)
(9, 70)
(9, 73)
(9, 14)
(9, 18)
(9, 86)
(9, 57)
(9, 56)
(9, 89)
(9, 26)
(9, 91)
(9, 61)
(9, 94)
(10, 33)
(10, 69)
(10, 40)
(10, 75)
(10, 46)
(10, 81)
(10, 50)
(10, 78)
(11, 97)
(11, 82)
(11, 37)
(11, 29)
(12, 65)
(12, 41)
(12, 61)
(12, 80)
(12, 18)
(12, 20)
(12, 87)
(12, 56)
(12, 57)
(12, 90)
(12, 60)
(12, 93)
(12, 94)
(12, 31)
(13, 32)
(13, 36)
(13, 35)
(13, 92)
(14, 98)
(14, 67)
(14, 70)
(14, 73)
(14, 75)
(14, 47)
(14, 49)
(14, 86)
(14, 55)
(14, 89)
(14, 63)
(15, 96)
(15, 51)
(15, 99)
(15, 71)
(15, 41)
(15, 39)
(15, 83)
(15, 84)
(15, 22)
(15, 28)
(15, 93)
(16, 65)
(16, 80)
(16, 19)
(16, 52)
(16, 85)
(16, 90)
(16, 60)
(16, 93)
(16, 31)
(17, 32)
(17, 74)
(17, 24)
(17, 26)
(17, 91)
(17, 92)
(18, 70)
(18, 73)
(18, 20)
(18, 57)
(18, 86)
(18, 87)
(18, 56)
(18, 89)
(18, 60)
(18, 61)
(18, 94)
(19, 64)
(19, 65)
(19, 69)
(19, 40)
(19, 31)
(19, 80)
(19, 50)
(19, 52)
(19, 21)
(19, 86)
(19, 88)
(19, 20)
(19, 90)
(19, 59)
(19, 60)
(19, 63)
(20, 65)
(20, 70)
(20, 73)
(20, 80)
(20, 86)
(20, 87)
(20, 56)
(20, 57)
(20, 90)
(20, 31)
(20, 60)
(20, 61)
(20, 94)
(20, 63)
(21, 64)
(21, 69)
(21, 40)
(21, 79)
(21, 50)
(21, 52)
(21, 88)
(21, 59)
(22, 96)
(22, 83)
(22, 99)
(22, 71)
(22, 39)
(22, 44)
(22, 51)
(22, 84)
(22, 28)
(23, 66)
(23, 38)
(23, 72)
(23, 42)
(23, 76)
(23, 77)
(23, 53)
(23, 27)
(23, 30)
(24, 97)
(24, 34)
(24, 74)
(24, 82)
(24, 56)
(24, 57)
(24, 29)
(25, 48)
(25, 54)
(26, 32)
(26, 98)
(26, 67)
(26, 74)
(26, 91)
(26, 92)
(27, 66)
(27, 72)
(27, 76)
(27, 44)
(27, 77)
(27, 53)
(28, 96)
(28, 99)
(28, 44)
(28, 76)
(28, 84)
(28, 53)
(28, 93)
(29, 97)
(29, 34)
(29, 37)
(29, 82)
(30, 72)
(30, 42)
(30, 77)
(31, 65)
(31, 41)
(31, 80)
(31, 52)
(31, 85)
(31, 87)
(31, 90)
(31, 60)
(31, 93)
(32, 98)
(32, 67)
(32, 36)
(32, 74)
(32, 35)
(32, 89)
(32, 91)
(32, 92)
(33, 64)
(33, 69)
(33, 40)
(33, 75)
(33, 78)
(33, 47)
(33, 81)
(33, 50)
(33, 46)
(33, 63)
(34, 97)
(34, 37)
(34, 82)
(34, 56)
(34, 57)
(34, 61)
(35, 36)
(35, 92)
(36, 92)
(37, 97)
(37, 71)
(37, 82)
(37, 51)
(38, 72)
(38, 43)
(38, 77)
(38, 53)
(38, 58)
(38, 95)
(39, 96)
(39, 83)
(39, 99)
(39, 71)
(39, 41)
(39, 48)
(39, 51)
(40, 64)
(40, 69)
(40, 75)
(40, 46)
(40, 79)
(40, 81)
(40, 50)
(40, 88)
(40, 59)
(40, 63)
(41, 65)
(41, 71)
(41, 80)
(41, 87)
(41, 90)
(41, 60)
(41, 93)
(42, 72)
(42, 77)
(43, 45)
(43, 52)
(43, 85)
(43, 58)
(43, 95)
(44, 66)
(44, 76)
(44, 84)
(44, 53)
(45, 58)
(45, 95)
(46, 64)
(46, 69)
(46, 75)
(46, 79)
(46, 81)
(46, 50)
(46, 88)
(46, 59)
(47, 75)
(47, 78)
(47, 49)
(47, 55)
(47, 89)
(48, 83)
(48, 71)
(48, 51)
(48, 54)
(49, 98)
(49, 67)
(49, 78)
(49, 55)
(49, 89)
(50, 64)
(50, 69)
(50, 75)
(50, 79)
(50, 81)
(50, 88)
(50, 59)
(50, 63)
(51, 96)
(51, 99)
(51, 71)
(51, 83)
(51, 54)
(52, 65)
(52, 85)
(52, 88)
(52, 90)
(52, 59)
(52, 95)
(53, 66)
(53, 76)
(53, 77)
(54, 96)
(54, 99)
(54, 71)
(54, 83)
(55, 98)
(55, 67)
(55, 75)
(55, 78)
(55, 89)
(56, 97)
(56, 73)
(56, 82)
(56, 87)
(56, 57)
(56, 61)
(56, 94)
(57, 97)
(57, 87)
(57, 73)
(57, 61)
(57, 94)
(58, 72)
(58, 95)
(59, 64)
(59, 69)
(59, 79)
(59, 81)
(59, 88)
(59, 63)
(60, 65)
(60, 61)
(60, 80)
(60, 87)
(60, 90)
(60, 93)
(60, 94)
(61, 70)
(61, 73)
(61, 87)
(61, 94)
(62, 68)
(63, 64)
(63, 69)
(63, 70)
(63, 73)
(63, 75)
(63, 86)
(63, 89)
(63, 94)
(64, 69)
(64, 75)
(64, 79)
(64, 81)
(64, 88)
(65, 80)
(65, 87)
(65, 90)
(65, 93)
(66, 76)
(66, 77)
(67, 98)
(67, 70)
(67, 73)
(67, 89)
(67, 91)
(67, 92)
(69, 75)
(69, 79)
(69, 81)
(69, 86)
(69, 88)
(70, 86)
(70, 73)
(70, 89)
(70, 94)
(71, 96)
(71, 99)
(71, 83)
(72, 77)
(73, 86)
(73, 89)
(73, 94)
(74, 91)
(75, 81)
(75, 78)
(75, 86)
(76, 77)
(76, 84)
(79, 81)
(79, 88)
(80, 87)
(80, 90)
(80, 93)
(81, 88)
(82, 97)
(83, 96)
(83, 99)
(84, 96)
(84, 99)
(85, 90)
(85, 95)
(86, 89)
(86, 94)
(87, 90)
(87, 93)
(87, 94)
(89, 98)
(89, 92)
(89, 94)
(90, 93)
(91, 98)
(91, 92)
(92, 98)
(96, 99)
