#Nodes
0
1
2
3
4
5
6
7
8
9
10
11
12
13
14
15
16
17
18
19
20
21
22
23
24
25
26
27
28
29
30
31
32
33
34
35
36
37
38
39
40
41
42
43
44
45
46
47
48
49
50
51
52
53
54
55
56
57
58
59
60
61
62
63
64
65
66
67
68
69
70
71
72
73
74
75
76
77
78
79
80
81
82
83
84
85
86
87
88
89
90
91
92
93
94
95
96
97
98
99
100
101
102
103
104
105
106
107
108
109
110
111
112
113
114
115
116
117
118
119
120
121
122
123
124
125
126
127
128
129
130
131
132
133
134
135
136
137
138
139
140
141
142
143
144
145
146
147
148
149
150
151
152
153
154
155
156
157
158
159
160
161
162
163
164
165
166
167
168
169
170
171
172
173
174
175
176
177
178
179
180
181
182
183
184
185
186
187
188
189
190
191
192
193
194
195
196
197
198
199
200
201
202
203
204
205
206
207
208
209
210
211
212
213
214
215
216
217
218
219
220
221
222
223
224
225
226
227
228
229
230
231
232
233
234
235
236
237
238
239
240
241
242
243
244
245
246
247
248
249
#Edges
(0, 2)
(0, 7)
(0, 9)
(0, 10)
(0, 13)
(0, 145)
(0, 31)
(0, 48)
(0, 162)
(0, 163)
(0, 41)
(0, 50)
(0, 176)
(0, 178)
(0, 184)
(0, 57)
(0, 75)
(0, 196)
(0, 71)
(0, 73)
(0, 203)
(0, 204)
(0, 208)
(0, 214)
(0, 221)
(0, 94)
(0, 224)
(0, 80)
(0, 101)
(0, 104)
(0, 238)
(0, 240)
(0, 115)
(0, 244)
(0, 249)
(0, 33)
(0, 127)
(1, 134)
(1, 136)
(1, 137)
(1, 139)
(1, 141)
(1, 16)
(1, 30)
(1, 36)
(1, 168)
(1, 170)
(1, 71)
(1, 44)
(1, 187)
(1, 194)
(1, 199)
(1, 202)
(1, 206)
(1, 214)
(1, 88)
(1, 222)
(1, 95)
(1, 96)
(1, 226)
(1, 235)
(1, 109)
(1, 114)
(1, 116)
(1, 118)
(1, 123)
(1, 126)
(2, 7)
(2, 10)
(2, 13)
(2, 143)
(2, 145)
(2, 26)
(2, 33)
(2, 162)
(2, 163)
(2, 164)
(2, 41)
(2, 48)
(2, 178)
(2, 180)
(2, 53)
(2, 182)
(2, 57)
(2, 196)
(2, 198)
(2, 73)
(2, 75)
(2, 208)
(2, 224)
(2, 232)
(2, 104)
(2, 115)
(2, 244)
(3, 192)
(3, 65)
(3, 39)
(3, 201)
(3, 203)
(3, 110)
(3, 142)
(3, 241)
(3, 82)
(3, 9)
(3, 149)
(3, 105)
(3, 185)
(3, 218)
(3, 91)
(3, 53)
(3, 63)
(4, 129)
(4, 131)
(4, 15)
(4, 19)
(4, 21)
(4, 22)
(4, 89)
(4, 152)
(4, 154)
(4, 155)
(4, 159)
(4, 167)
(4, 174)
(4, 175)
(4, 54)
(4, 183)
(4, 195)
(4, 207)
(4, 211)
(4, 213)
(4, 217)
(4, 90)
(4, 92)
(4, 223)
(4, 230)
(4, 107)
(4, 108)
(4, 239)
(4, 113)
(4, 83)
(4, 121)
(5, 135)
(5, 148)
(5, 150)
(5, 27)
(5, 29)
(5, 166)
(5, 172)
(5, 179)
(5, 56)
(5, 58)
(5, 68)
(5, 69)
(5, 70)
(5, 216)
(5, 98)
(5, 99)
(5, 38)
(5, 231)
(5, 232)
(5, 103)
(5, 243)
(5, 122)
(5, 124)
(6, 129)
(6, 34)
(6, 12)
(6, 138)
(6, 108)
(6, 174)
(6, 239)
(6, 112)
(6, 51)
(6, 21)
(6, 89)
(6, 15)
(6, 223)
(7, 9)
(7, 10)
(7, 13)
(7, 31)
(7, 33)
(7, 163)
(7, 41)
(7, 50)
(7, 176)
(7, 178)
(7, 180)
(7, 53)
(7, 182)
(7, 184)
(7, 185)
(7, 186)
(7, 63)
(7, 203)
(7, 73)
(7, 75)
(7, 208)
(7, 82)
(7, 91)
(7, 221)
(7, 101)
(7, 236)
(7, 237)
(7, 110)
(7, 241)
(7, 244)
(7, 127)
(8, 139)
(8, 146)
(8, 25)
(8, 161)
(8, 36)
(8, 165)
(8, 171)
(8, 44)
(8, 177)
(8, 55)
(8, 59)
(8, 60)
(8, 193)
(8, 81)
(8, 212)
(8, 88)
(8, 93)
(8, 222)
(8, 95)
(8, 96)
(8, 97)
(8, 187)
(8, 228)
(8, 102)
(8, 106)
(8, 117)
(9, 10)
(9, 13)
(9, 142)
(9, 149)
(9, 23)
(9, 31)
(9, 33)
(9, 39)
(9, 41)
(9, 173)
(9, 176)
(9, 178)
(9, 53)
(9, 184)
(9, 185)
(9, 186)
(9, 188)
(9, 63)
(9, 203)
(9, 75)
(9, 80)
(9, 82)
(9, 218)
(9, 91)
(9, 221)
(9, 208)
(9, 50)
(9, 101)
(9, 110)
(9, 241)
(9, 244)
(9, 127)
(10, 13)
(10, 33)
(10, 163)
(10, 41)
(10, 50)
(10, 176)
(10, 178)
(10, 180)
(10, 53)
(10, 182)
(10, 184)
(10, 185)
(10, 186)
(10, 63)
(10, 203)
(10, 73)
(10, 75)
(10, 208)
(10, 82)
(10, 91)
(10, 221)
(10, 101)
(10, 236)
(10, 237)
(10, 110)
(10, 241)
(10, 115)
(10, 244)
(10, 127)
(11, 133)
(11, 143)
(11, 144)
(11, 17)
(11, 18)
(11, 150)
(11, 24)
(11, 26)
(11, 157)
(11, 158)
(11, 70)
(11, 172)
(11, 47)
(11, 179)
(11, 61)
(11, 198)
(11, 72)
(11, 74)
(11, 79)
(11, 209)
(11, 86)
(11, 216)
(11, 219)
(11, 225)
(11, 98)
(11, 99)
(11, 243)
(11, 245)
(11, 125)
(12, 32)
(12, 129)
(12, 67)
(12, 195)
(12, 51)
(12, 42)
(12, 111)
(12, 108)
(12, 14)
(12, 239)
(12, 147)
(12, 21)
(12, 215)
(12, 191)
(12, 19)
(12, 190)
(12, 223)
(13, 33)
(13, 163)
(13, 164)
(13, 41)
(13, 176)
(13, 178)
(13, 180)
(13, 53)
(13, 182)
(13, 186)
(13, 63)
(13, 203)
(13, 73)
(13, 75)
(13, 208)
(13, 91)
(13, 224)
(13, 101)
(13, 104)
(13, 236)
(13, 237)
(13, 110)
(13, 241)
(13, 115)
(13, 244)
(13, 127)
(14, 32)
(14, 129)
(14, 67)
(14, 195)
(14, 19)
(14, 42)
(14, 87)
(14, 108)
(14, 45)
(14, 239)
(14, 147)
(14, 215)
(14, 111)
(14, 190)
(14, 191)
(15, 129)
(15, 34)
(15, 230)
(15, 138)
(15, 107)
(15, 108)
(15, 174)
(15, 239)
(15, 112)
(15, 51)
(15, 21)
(15, 22)
(15, 89)
(15, 152)
(15, 121)
(15, 159)
(15, 92)
(15, 223)
(16, 134)
(16, 136)
(16, 141)
(16, 45)
(16, 36)
(16, 168)
(16, 170)
(16, 71)
(16, 242)
(16, 175)
(16, 54)
(16, 183)
(16, 194)
(16, 195)
(16, 66)
(16, 199)
(16, 202)
(16, 77)
(16, 206)
(16, 207)
(16, 83)
(16, 87)
(16, 96)
(16, 226)
(16, 109)
(16, 113)
(16, 114)
(16, 118)
(16, 123)
(16, 126)
(17, 225)
(17, 98)
(17, 43)
(17, 69)
(17, 166)
(17, 231)
(17, 135)
(17, 24)
(17, 144)
(17, 27)
(17, 179)
(17, 245)
(17, 86)
(17, 216)
(17, 122)
(17, 38)
(17, 220)
(17, 29)
(17, 158)
(18, 133)
(18, 243)
(18, 143)
(18, 150)
(18, 26)
(18, 162)
(18, 163)
(18, 164)
(18, 70)
(18, 47)
(18, 48)
(18, 179)
(18, 182)
(18, 57)
(18, 61)
(18, 198)
(18, 74)
(18, 76)
(18, 79)
(18, 209)
(18, 219)
(18, 99)
(18, 103)
(18, 232)
(18, 104)
(18, 115)
(19, 129)
(19, 87)
(19, 147)
(19, 21)
(19, 22)
(19, 154)
(19, 111)
(19, 32)
(19, 168)
(19, 170)
(19, 45)
(19, 175)
(19, 54)
(19, 183)
(19, 190)
(19, 191)
(19, 66)
(19, 195)
(19, 77)
(19, 206)
(19, 83)
(19, 215)
(19, 89)
(19, 90)
(19, 92)
(19, 67)
(19, 108)
(19, 239)
(19, 113)
(19, 242)
(19, 118)
(19, 42)
(19, 126)
(20, 64)
(20, 97)
(20, 228)
(20, 197)
(20, 102)
(20, 49)
(20, 106)
(20, 171)
(20, 81)
(20, 210)
(20, 212)
(20, 119)
(20, 52)
(20, 25)
(20, 156)
(20, 189)
(20, 62)
(21, 129)
(21, 138)
(21, 67)
(21, 22)
(21, 152)
(21, 154)
(21, 239)
(21, 159)
(21, 32)
(21, 34)
(21, 167)
(21, 174)
(21, 51)
(21, 54)
(21, 183)
(21, 195)
(21, 83)
(21, 89)
(21, 90)
(21, 92)
(21, 223)
(21, 230)
(21, 107)
(21, 108)
(21, 111)
(21, 112)
(21, 113)
(21, 121)
(22, 129)
(22, 131)
(22, 217)
(22, 152)
(22, 154)
(22, 155)
(22, 159)
(22, 167)
(22, 174)
(22, 54)
(22, 207)
(22, 83)
(22, 213)
(22, 89)
(22, 90)
(22, 92)
(22, 230)
(22, 107)
(22, 239)
(22, 113)
(22, 211)
(22, 247)
(22, 121)
(23, 128)
(23, 130)
(23, 142)
(23, 28)
(23, 31)
(23, 39)
(23, 169)
(23, 173)
(23, 176)
(23, 50)
(23, 181)
(23, 184)
(23, 185)
(23, 188)
(23, 192)
(23, 200)
(23, 203)
(23, 204)
(23, 205)
(23, 80)
(23, 120)
(23, 82)
(23, 85)
(23, 218)
(23, 221)
(23, 101)
(23, 234)
(23, 238)
(23, 241)
(23, 246)
(23, 248)
(23, 127)
(24, 225)
(24, 98)
(24, 43)
(24, 69)
(24, 166)
(24, 231)
(24, 38)
(24, 135)
(24, 144)
(24, 27)
(24, 179)
(24, 245)
(24, 86)
(24, 216)
(24, 122)
(24, 219)
(24, 29)
(24, 158)
(25, 161)
(25, 49)
(25, 171)
(25, 177)
(25, 52)
(25, 59)
(25, 60)
(25, 189)
(25, 62)
(25, 194)
(25, 81)
(25, 210)
(25, 212)
(25, 88)
(25, 100)
(25, 93)
(25, 222)
(25, 95)
(25, 96)
(25, 97)
(25, 228)
(25, 102)
(25, 106)
(25, 109)
(25, 119)
(25, 84)
(26, 133)
(26, 243)
(26, 143)
(26, 150)
(26, 162)
(26, 163)
(26, 164)
(26, 70)
(26, 172)
(26, 47)
(26, 48)
(26, 179)
(26, 182)
(26, 57)
(26, 61)
(26, 198)
(26, 74)
(26, 209)
(26, 219)
(26, 99)
(26, 103)
(26, 232)
(26, 104)
(26, 115)
(27, 98)
(27, 43)
(27, 68)
(27, 70)
(27, 166)
(27, 231)
(27, 135)
(27, 172)
(27, 144)
(27, 56)
(27, 148)
(27, 245)
(27, 216)
(27, 122)
(27, 38)
(27, 29)
(27, 69)
(28, 128)
(28, 130)
(28, 131)
(28, 151)
(28, 31)
(28, 35)
(28, 40)
(28, 169)
(28, 50)
(28, 181)
(28, 184)
(28, 188)
(28, 200)
(28, 204)
(28, 205)
(28, 207)
(28, 208)
(28, 120)
(28, 211)
(28, 85)
(28, 217)
(28, 221)
(28, 80)
(28, 101)
(28, 233)
(28, 234)
(28, 238)
(28, 240)
(28, 246)
(28, 248)
(28, 249)
(28, 127)
(29, 98)
(29, 43)
(29, 68)
(29, 69)
(29, 166)
(29, 231)
(29, 135)
(29, 172)
(29, 56)
(29, 148)
(29, 245)
(29, 216)
(29, 122)
(29, 38)
(29, 124)
(30, 133)
(30, 134)
(30, 136)
(30, 137)
(30, 139)
(30, 141)
(30, 143)
(30, 145)
(30, 153)
(30, 162)
(30, 36)
(30, 71)
(30, 44)
(30, 47)
(30, 48)
(30, 222)
(30, 57)
(30, 187)
(30, 61)
(30, 196)
(30, 198)
(30, 199)
(30, 76)
(30, 209)
(30, 214)
(30, 94)
(30, 226)
(30, 235)
(30, 116)
(30, 125)
(31, 128)
(31, 142)
(31, 151)
(31, 35)
(31, 169)
(31, 173)
(31, 176)
(31, 178)
(31, 181)
(31, 184)
(31, 185)
(31, 188)
(31, 203)
(31, 204)
(31, 205)
(31, 208)
(31, 120)
(31, 82)
(31, 85)
(31, 218)
(31, 91)
(31, 221)
(31, 80)
(31, 50)
(31, 101)
(31, 233)
(31, 234)
(31, 238)
(31, 240)
(31, 241)
(31, 244)
(31, 246)
(31, 41)
(31, 248)
(31, 249)
(31, 127)
(32, 129)
(32, 87)
(32, 195)
(32, 111)
(32, 42)
(32, 45)
(32, 54)
(32, 183)
(32, 190)
(32, 191)
(32, 66)
(32, 67)
(32, 77)
(32, 206)
(32, 78)
(32, 215)
(32, 108)
(32, 239)
(32, 147)
(32, 170)
(32, 126)
(33, 163)
(33, 164)
(33, 41)
(33, 176)
(33, 178)
(33, 180)
(33, 53)
(33, 182)
(33, 186)
(33, 63)
(33, 203)
(33, 73)
(33, 75)
(33, 208)
(33, 91)
(33, 101)
(33, 236)
(33, 237)
(33, 110)
(33, 241)
(33, 115)
(33, 244)
(33, 127)
(34, 129)
(34, 138)
(34, 108)
(34, 174)
(34, 239)
(34, 112)
(34, 51)
(34, 89)
(34, 223)
(35, 128)
(35, 130)
(35, 131)
(35, 151)
(35, 167)
(35, 40)
(35, 169)
(35, 175)
(35, 50)
(35, 181)
(35, 184)
(35, 188)
(35, 200)
(35, 204)
(35, 205)
(35, 207)
(35, 80)
(35, 120)
(35, 211)
(35, 85)
(35, 217)
(35, 90)
(35, 94)
(35, 233)
(35, 234)
(35, 238)
(35, 240)
(35, 113)
(35, 242)
(35, 83)
(35, 246)
(35, 248)
(35, 249)
(35, 123)
(36, 134)
(36, 136)
(36, 137)
(36, 139)
(36, 153)
(36, 161)
(36, 44)
(36, 187)
(36, 60)
(36, 193)
(36, 194)
(36, 202)
(36, 76)
(36, 209)
(36, 88)
(36, 222)
(36, 95)
(36, 96)
(36, 226)
(36, 59)
(36, 235)
(36, 109)
(36, 114)
(36, 116)
(36, 125)
(37, 160)
(37, 193)
(37, 227)
(37, 132)
(37, 165)
(37, 72)
(37, 140)
(37, 177)
(37, 146)
(37, 117)
(37, 55)
(37, 220)
(37, 158)
(38, 135)
(38, 144)
(38, 148)
(38, 166)
(38, 43)
(38, 172)
(38, 179)
(38, 56)
(38, 68)
(38, 69)
(38, 70)
(38, 86)
(38, 216)
(38, 225)
(38, 98)
(38, 231)
(38, 245)
(38, 122)
(39, 192)
(39, 65)
(39, 201)
(39, 234)
(39, 203)
(39, 205)
(39, 142)
(39, 173)
(39, 241)
(39, 82)
(39, 149)
(39, 105)
(39, 185)
(39, 218)
(39, 91)
(39, 188)
(39, 221)
(40, 128)
(40, 131)
(40, 136)
(40, 141)
(40, 145)
(40, 151)
(40, 169)
(40, 71)
(40, 175)
(40, 181)
(40, 184)
(40, 196)
(40, 199)
(40, 204)
(40, 207)
(40, 208)
(40, 120)
(40, 211)
(40, 85)
(40, 214)
(40, 217)
(40, 90)
(40, 94)
(40, 224)
(40, 80)
(40, 233)
(40, 238)
(40, 240)
(40, 113)
(40, 242)
(40, 83)
(40, 248)
(40, 249)
(40, 123)
(41, 145)
(41, 48)
(41, 162)
(41, 163)
(41, 50)
(41, 176)
(41, 178)
(41, 180)
(41, 182)
(41, 184)
(41, 57)
(41, 75)
(41, 196)
(41, 73)
(41, 203)
(41, 204)
(41, 208)
(41, 221)
(41, 224)
(41, 80)
(41, 101)
(41, 104)
(41, 240)
(41, 115)
(41, 244)
(41, 127)
(42, 129)
(42, 67)
(42, 195)
(42, 87)
(42, 108)
(42, 45)
(42, 78)
(42, 239)
(42, 147)
(42, 215)
(42, 111)
(42, 190)
(42, 191)
(43, 225)
(43, 98)
(43, 68)
(43, 69)
(43, 166)
(43, 231)
(43, 135)
(43, 172)
(43, 144)
(43, 179)
(43, 148)
(43, 245)
(43, 86)
(43, 216)
(43, 122)
(44, 132)
(44, 137)
(44, 139)
(44, 140)
(44, 146)
(44, 153)
(44, 157)
(44, 47)
(44, 187)
(44, 60)
(44, 193)
(44, 194)
(44, 72)
(44, 76)
(44, 79)
(44, 209)
(44, 222)
(44, 95)
(44, 226)
(44, 227)
(44, 235)
(44, 59)
(44, 116)
(44, 125)
(45, 87)
(45, 147)
(45, 168)
(45, 170)
(45, 242)
(45, 175)
(45, 54)
(45, 183)
(45, 191)
(45, 66)
(45, 195)
(45, 199)
(45, 202)
(45, 77)
(45, 206)
(45, 83)
(45, 84)
(45, 78)
(45, 215)
(45, 67)
(45, 100)
(45, 108)
(45, 109)
(45, 111)
(45, 113)
(45, 114)
(45, 118)
(45, 126)
(46, 97)
(46, 100)
(46, 229)
(46, 215)
(46, 78)
(46, 147)
(46, 84)
(46, 119)
(47, 133)
(47, 137)
(47, 139)
(47, 140)
(47, 143)
(47, 150)
(47, 153)
(47, 157)
(47, 158)
(47, 162)
(47, 48)
(47, 179)
(47, 57)
(47, 61)
(47, 193)
(47, 198)
(47, 72)
(47, 74)
(47, 76)
(47, 79)
(47, 209)
(47, 219)
(47, 225)
(47, 227)
(47, 235)
(47, 243)
(47, 116)
(47, 125)
(48, 133)
(48, 141)
(48, 143)
(48, 145)
(48, 162)
(48, 163)
(48, 243)
(48, 57)
(48, 61)
(48, 196)
(48, 198)
(48, 71)
(48, 73)
(48, 74)
(48, 76)
(48, 208)
(48, 209)
(48, 214)
(48, 94)
(48, 224)
(48, 104)
(48, 235)
(48, 115)
(48, 116)
(49, 64)
(49, 161)
(49, 228)
(49, 197)
(49, 102)
(49, 97)
(49, 106)
(49, 171)
(49, 81)
(49, 210)
(49, 212)
(49, 119)
(49, 52)
(49, 156)
(49, 189)
(49, 62)
(50, 128)
(50, 142)
(50, 151)
(50, 169)
(50, 173)
(50, 176)
(50, 178)
(50, 181)
(50, 184)
(50, 185)
(50, 188)
(50, 75)
(50, 203)
(50, 204)
(50, 205)
(50, 208)
(50, 120)
(50, 82)
(50, 85)
(50, 218)
(50, 91)
(50, 221)
(50, 80)
(50, 101)
(50, 233)
(50, 234)
(50, 238)
(50, 240)
(50, 241)
(50, 244)
(50, 246)
(50, 248)
(50, 249)
(50, 127)
(51, 129)
(51, 138)
(51, 108)
(51, 174)
(51, 239)
(51, 112)
(51, 89)
(51, 223)
(52, 64)
(52, 161)
(52, 228)
(52, 197)
(52, 102)
(52, 106)
(52, 171)
(52, 81)
(52, 210)
(52, 212)
(52, 156)
(52, 189)
(52, 62)
(52, 165)
(53, 149)
(53, 176)
(53, 178)
(53, 180)
(53, 185)
(53, 186)
(53, 63)
(53, 203)
(53, 75)
(53, 82)
(53, 91)
(53, 236)
(53, 237)
(53, 110)
(53, 241)
(53, 244)
(53, 127)
(54, 136)
(54, 67)
(54, 154)
(54, 168)
(54, 170)
(54, 242)
(54, 175)
(54, 183)
(54, 66)
(54, 195)
(54, 199)
(54, 77)
(54, 206)
(54, 207)
(54, 83)
(54, 87)
(54, 90)
(54, 92)
(54, 111)
(54, 113)
(54, 114)
(54, 118)
(54, 123)
(54, 126)
(55, 160)
(55, 193)
(55, 227)
(55, 132)
(55, 165)
(55, 161)
(55, 72)
(55, 60)
(55, 106)
(55, 139)
(55, 140)
(55, 177)
(55, 146)
(55, 117)
(55, 59)
(55, 220)
(55, 93)
(56, 98)
(56, 99)
(56, 68)
(56, 70)
(56, 166)
(56, 135)
(56, 231)
(56, 172)
(56, 148)
(56, 122)
(56, 103)
(56, 124)
(56, 58)
(56, 69)
(57, 133)
(57, 143)
(57, 145)
(57, 153)
(57, 162)
(57, 163)
(57, 243)
(57, 61)
(57, 196)
(57, 198)
(57, 71)
(57, 73)
(57, 74)
(57, 76)
(57, 208)
(57, 209)
(57, 214)
(57, 94)
(57, 224)
(57, 104)
(57, 235)
(57, 115)
(57, 116)
(58, 99)
(58, 164)
(58, 70)
(58, 103)
(58, 232)
(58, 172)
(58, 148)
(58, 182)
(58, 124)
(59, 132)
(59, 137)
(59, 139)
(59, 146)
(59, 161)
(59, 177)
(59, 187)
(59, 60)
(59, 193)
(59, 194)
(59, 81)
(59, 88)
(59, 93)
(59, 222)
(59, 95)
(59, 96)
(59, 97)
(59, 226)
(59, 227)
(59, 228)
(59, 102)
(59, 106)
(59, 109)
(60, 139)
(60, 146)
(60, 161)
(60, 165)
(60, 171)
(60, 177)
(60, 187)
(60, 193)
(60, 81)
(60, 212)
(60, 88)
(60, 93)
(60, 222)
(60, 95)
(60, 96)
(60, 97)
(60, 228)
(60, 102)
(60, 106)
(60, 117)
(61, 133)
(61, 243)
(61, 143)
(61, 150)
(61, 153)
(61, 162)
(61, 163)
(61, 164)
(61, 179)
(61, 198)
(61, 74)
(61, 76)
(61, 79)
(61, 209)
(61, 219)
(61, 232)
(61, 235)
(61, 104)
(61, 115)
(61, 125)
(62, 97)
(62, 228)
(62, 102)
(62, 171)
(62, 81)
(62, 210)
(62, 212)
(62, 119)
(62, 189)
(63, 142)
(63, 149)
(63, 176)
(63, 178)
(63, 185)
(63, 186)
(63, 65)
(63, 203)
(63, 201)
(63, 75)
(63, 82)
(63, 218)
(63, 91)
(63, 221)
(63, 101)
(63, 236)
(63, 237)
(63, 110)
(63, 241)
(63, 244)
(63, 127)
(64, 228)
(64, 197)
(64, 106)
(64, 171)
(64, 210)
(64, 212)
(64, 117)
(64, 156)
(64, 189)
(64, 165)
(65, 192)
(65, 201)
(65, 110)
(65, 142)
(65, 241)
(65, 82)
(65, 149)
(65, 105)
(65, 185)
(65, 218)
(65, 91)
(66, 136)
(66, 215)
(66, 147)
(66, 154)
(66, 168)
(66, 170)
(66, 242)
(66, 175)
(66, 183)
(66, 195)
(66, 199)
(66, 202)
(66, 77)
(66, 206)
(66, 83)
(66, 84)
(66, 78)
(66, 87)
(66, 67)
(66, 100)
(66, 108)
(66, 111)
(66, 113)
(66, 114)
(66, 118)
(66, 123)
(66, 126)
(67, 129)
(67, 87)
(67, 111)
(67, 170)
(67, 183)
(67, 190)
(67, 191)
(67, 195)
(67, 77)
(67, 215)
(67, 223)
(67, 108)
(67, 239)
(67, 147)
(68, 98)
(68, 99)
(68, 70)
(68, 166)
(68, 135)
(68, 231)
(68, 172)
(68, 148)
(68, 122)
(68, 124)
(68, 69)
(69, 135)
(69, 144)
(69, 148)
(69, 150)
(69, 166)
(69, 172)
(69, 179)
(69, 70)
(69, 216)
(69, 98)
(69, 99)
(69, 231)
(69, 245)
(69, 122)
(69, 124)
(70, 135)
(70, 148)
(70, 150)
(70, 164)
(70, 166)
(70, 172)
(70, 179)
(70, 74)
(70, 216)
(70, 219)
(70, 98)
(70, 99)
(70, 231)
(70, 232)
(70, 103)
(70, 243)
(70, 124)
(71, 134)
(71, 136)
(71, 141)
(71, 145)
(71, 151)
(71, 162)
(71, 175)
(71, 73)
(71, 196)
(71, 199)
(71, 204)
(71, 76)
(71, 207)
(71, 208)
(71, 214)
(71, 94)
(71, 224)
(71, 240)
(71, 242)
(71, 116)
(71, 249)
(71, 123)
(72, 132)
(72, 139)
(72, 140)
(72, 144)
(72, 146)
(72, 153)
(72, 157)
(72, 158)
(72, 160)
(72, 193)
(72, 79)
(72, 86)
(72, 219)
(72, 220)
(72, 225)
(72, 227)
(72, 125)
(73, 143)
(73, 145)
(73, 162)
(73, 163)
(73, 176)
(73, 178)
(73, 180)
(73, 182)
(73, 184)
(73, 196)
(73, 198)
(73, 75)
(73, 208)
(73, 214)
(73, 94)
(73, 224)
(73, 80)
(73, 101)
(73, 104)
(73, 240)
(73, 115)
(73, 244)
(74, 133)
(74, 243)
(74, 143)
(74, 150)
(74, 157)
(74, 162)
(74, 164)
(74, 172)
(74, 179)
(74, 198)
(74, 76)
(74, 79)
(74, 209)
(74, 216)
(74, 219)
(74, 99)
(74, 232)
(74, 104)
(74, 115)
(74, 125)
(75, 163)
(75, 176)
(75, 178)
(75, 180)
(75, 182)
(75, 184)
(75, 185)
(75, 186)
(75, 203)
(75, 208)
(75, 82)
(75, 91)
(75, 221)
(75, 224)
(75, 101)
(75, 236)
(75, 237)
(75, 110)
(75, 241)
(75, 115)
(75, 244)
(75, 127)
(76, 133)
(76, 134)
(76, 137)
(76, 139)
(76, 143)
(76, 153)
(76, 157)
(76, 162)
(76, 187)
(76, 198)
(76, 79)
(76, 209)
(76, 214)
(76, 219)
(76, 226)
(76, 227)
(76, 104)
(76, 235)
(76, 116)
(76, 125)
(77, 136)
(77, 154)
(77, 168)
(77, 170)
(77, 242)
(77, 175)
(77, 183)
(77, 195)
(77, 199)
(77, 202)
(77, 206)
(77, 83)
(77, 84)
(77, 87)
(77, 100)
(77, 109)
(77, 111)
(77, 113)
(77, 114)
(77, 118)
(77, 123)
(77, 126)
(78, 96)
(78, 100)
(78, 229)
(78, 170)
(78, 87)
(78, 109)
(78, 206)
(78, 147)
(78, 84)
(78, 215)
(78, 88)
(79, 132)
(79, 133)
(79, 137)
(79, 139)
(79, 140)
(79, 143)
(79, 144)
(79, 146)
(79, 150)
(79, 153)
(79, 157)
(79, 158)
(79, 179)
(79, 193)
(79, 209)
(79, 86)
(79, 216)
(79, 219)
(79, 220)
(79, 225)
(79, 227)
(79, 235)
(79, 243)
(79, 116)
(79, 125)
(80, 128)
(80, 145)
(80, 151)
(80, 169)
(80, 176)
(80, 181)
(80, 184)
(80, 188)
(80, 196)
(80, 203)
(80, 204)
(80, 205)
(80, 208)
(80, 120)
(80, 82)
(80, 85)
(80, 217)
(80, 221)
(80, 94)
(80, 224)
(80, 101)
(80, 233)
(80, 234)
(80, 238)
(80, 240)
(80, 244)
(80, 246)
(80, 248)
(80, 249)
(80, 127)
(81, 139)
(81, 161)
(81, 171)
(81, 177)
(81, 187)
(81, 189)
(81, 194)
(81, 210)
(81, 212)
(81, 88)
(81, 93)
(81, 222)
(81, 95)
(81, 96)
(81, 97)
(81, 228)
(81, 102)
(81, 106)
(81, 109)
(81, 119)
(81, 84)
(82, 142)
(82, 149)
(82, 169)
(82, 173)
(82, 176)
(82, 178)
(82, 181)
(82, 184)
(82, 185)
(82, 188)
(82, 192)
(82, 203)
(82, 205)
(82, 218)
(82, 91)
(82, 221)
(82, 101)
(82, 105)
(82, 110)
(82, 241)
(82, 244)
(82, 127)
(83, 128)
(83, 131)
(83, 136)
(83, 89)
(83, 152)
(83, 154)
(83, 159)
(83, 167)
(83, 168)
(83, 170)
(83, 175)
(83, 183)
(83, 195)
(83, 199)
(83, 207)
(83, 211)
(83, 85)
(83, 217)
(83, 90)
(83, 92)
(83, 230)
(83, 233)
(83, 107)
(83, 113)
(83, 242)
(83, 118)
(83, 121)
(83, 123)
(83, 126)
(84, 96)
(84, 97)
(84, 194)
(84, 100)
(84, 229)
(84, 202)
(84, 87)
(84, 109)
(84, 206)
(84, 114)
(84, 119)
(84, 88)
(84, 170)
(84, 95)
(85, 128)
(85, 130)
(85, 131)
(85, 151)
(85, 155)
(85, 167)
(85, 169)
(85, 181)
(85, 184)
(85, 188)
(85, 200)
(85, 204)
(85, 205)
(85, 207)
(85, 120)
(85, 211)
(85, 217)
(85, 90)
(85, 233)
(85, 234)
(85, 238)
(85, 240)
(85, 113)
(85, 242)
(85, 246)
(85, 248)
(85, 249)
(86, 225)
(86, 98)
(86, 227)
(86, 132)
(86, 140)
(86, 144)
(86, 179)
(86, 245)
(86, 216)
(86, 219)
(86, 220)
(86, 157)
(86, 158)
(87, 168)
(87, 175)
(87, 183)
(87, 191)
(87, 195)
(87, 199)
(87, 202)
(87, 206)
(87, 215)
(87, 100)
(87, 109)
(87, 111)
(87, 114)
(87, 147)
(87, 118)
(87, 170)
(87, 126)
(88, 161)
(88, 171)
(88, 187)
(88, 194)
(88, 202)
(88, 206)
(88, 212)
(88, 222)
(88, 95)
(88, 96)
(88, 97)
(88, 226)
(88, 100)
(88, 229)
(88, 102)
(88, 109)
(88, 114)
(88, 119)
(89, 129)
(89, 131)
(89, 138)
(89, 152)
(89, 154)
(89, 155)
(89, 159)
(89, 167)
(89, 174)
(89, 211)
(89, 213)
(89, 90)
(89, 92)
(89, 223)
(89, 230)
(89, 107)
(89, 108)
(89, 239)
(89, 112)
(89, 113)
(89, 247)
(89, 121)
(90, 128)
(90, 131)
(90, 151)
(90, 152)
(90, 154)
(90, 155)
(90, 159)
(90, 167)
(90, 175)
(90, 183)
(90, 207)
(90, 211)
(90, 213)
(90, 249)
(90, 217)
(90, 92)
(90, 230)
(90, 233)
(90, 107)
(90, 113)
(90, 242)
(90, 118)
(90, 120)
(90, 121)
(90, 123)
(90, 126)
(91, 142)
(91, 149)
(91, 173)
(91, 176)
(91, 178)
(91, 185)
(91, 186)
(91, 192)
(91, 201)
(91, 203)
(91, 218)
(91, 221)
(91, 101)
(91, 105)
(91, 110)
(91, 241)
(91, 244)
(91, 127)
(92, 129)
(92, 131)
(92, 138)
(92, 152)
(92, 154)
(92, 239)
(92, 159)
(92, 155)
(92, 167)
(92, 174)
(92, 175)
(92, 183)
(92, 195)
(92, 211)
(92, 213)
(92, 223)
(92, 230)
(92, 107)
(92, 108)
(92, 111)
(92, 113)
(92, 118)
(92, 121)
(92, 126)
(93, 132)
(93, 139)
(93, 146)
(93, 160)
(93, 161)
(93, 165)
(93, 171)
(93, 177)
(93, 193)
(93, 222)
(93, 95)
(93, 97)
(93, 187)
(93, 228)
(93, 102)
(93, 106)
(93, 117)
(94, 134)
(94, 136)
(94, 141)
(94, 145)
(94, 151)
(94, 175)
(94, 196)
(94, 199)
(94, 204)
(94, 207)
(94, 208)
(94, 214)
(94, 224)
(94, 240)
(94, 242)
(94, 249)
(94, 123)
(95, 137)
(95, 139)
(95, 161)
(95, 177)
(95, 194)
(95, 202)
(95, 222)
(95, 96)
(95, 97)
(95, 226)
(95, 187)
(95, 102)
(95, 109)
(95, 114)
(95, 116)
(96, 161)
(96, 168)
(96, 170)
(96, 194)
(96, 202)
(96, 206)
(96, 222)
(96, 97)
(96, 226)
(96, 187)
(96, 100)
(96, 229)
(96, 102)
(96, 109)
(96, 114)
(97, 161)
(97, 171)
(97, 189)
(97, 194)
(97, 210)
(97, 212)
(97, 100)
(97, 222)
(97, 228)
(97, 229)
(97, 102)
(97, 106)
(97, 109)
(97, 119)
(98, 135)
(98, 144)
(98, 148)
(98, 150)
(98, 158)
(98, 166)
(98, 172)
(98, 179)
(98, 216)
(98, 219)
(98, 225)
(98, 231)
(98, 245)
(98, 122)
(99, 148)
(99, 150)
(99, 164)
(99, 166)
(99, 172)
(99, 179)
(99, 216)
(99, 219)
(99, 231)
(99, 232)
(99, 103)
(99, 243)
(99, 124)
(100, 194)
(100, 229)
(100, 202)
(100, 119)
(100, 109)
(100, 206)
(100, 114)
(100, 215)
(100, 170)
(101, 142)
(101, 110)
(101, 169)
(101, 173)
(101, 176)
(101, 178)
(101, 181)
(101, 184)
(101, 185)
(101, 188)
(101, 203)
(101, 204)
(101, 205)
(101, 208)
(101, 218)
(101, 221)
(101, 224)
(101, 234)
(101, 238)
(101, 240)
(101, 241)
(101, 244)
(101, 248)
(101, 249)
(101, 127)
(102, 139)
(102, 161)
(102, 177)
(102, 171)
(102, 189)
(102, 194)
(102, 210)
(102, 212)
(102, 222)
(102, 187)
(102, 228)
(102, 106)
(102, 109)
(102, 119)
(103, 164)
(103, 150)
(103, 166)
(103, 232)
(103, 172)
(103, 243)
(103, 148)
(103, 182)
(103, 124)
(104, 133)
(104, 143)
(104, 145)
(104, 150)
(104, 162)
(104, 163)
(104, 164)
(104, 243)
(104, 182)
(104, 196)
(104, 198)
(104, 208)
(104, 209)
(104, 214)
(104, 224)
(104, 232)
(104, 115)
(105, 192)
(105, 201)
(105, 110)
(105, 142)
(105, 149)
(105, 185)
(105, 218)
(106, 156)
(106, 161)
(106, 165)
(106, 177)
(106, 171)
(106, 189)
(106, 197)
(106, 210)
(106, 212)
(106, 228)
(106, 117)
(107, 131)
(107, 217)
(107, 152)
(107, 154)
(107, 155)
(107, 159)
(107, 167)
(107, 174)
(107, 200)
(107, 213)
(107, 230)
(107, 113)
(107, 211)
(107, 247)
(107, 121)
(108, 129)
(108, 138)
(108, 154)
(108, 111)
(108, 174)
(108, 183)
(108, 190)
(108, 191)
(108, 195)
(108, 215)
(108, 223)
(108, 239)
(108, 112)
(108, 147)
(109, 161)
(109, 168)
(109, 170)
(109, 194)
(109, 202)
(109, 206)
(109, 222)
(109, 226)
(109, 187)
(109, 229)
(109, 114)
(110, 142)
(110, 149)
(110, 176)
(110, 178)
(110, 185)
(110, 186)
(110, 192)
(110, 201)
(110, 203)
(110, 218)
(110, 221)
(110, 236)
(110, 237)
(110, 241)
(110, 244)
(110, 127)
(111, 129)
(111, 170)
(111, 183)
(111, 190)
(111, 191)
(111, 195)
(111, 215)
(111, 223)
(111, 239)
(111, 147)
(112, 129)
(112, 138)
(112, 174)
(112, 239)
(112, 152)
(112, 121)
(112, 223)
(113, 128)
(113, 131)
(113, 152)
(113, 154)
(113, 159)
(113, 167)
(113, 168)
(113, 170)
(113, 175)
(113, 183)
(113, 195)
(113, 199)
(113, 207)
(113, 211)
(113, 217)
(113, 230)
(113, 233)
(113, 242)
(113, 118)
(113, 121)
(113, 123)
(113, 126)
(114, 134)
(114, 136)
(114, 141)
(114, 168)
(114, 170)
(114, 175)
(114, 183)
(114, 187)
(114, 194)
(114, 195)
(114, 199)
(114, 202)
(114, 206)
(114, 226)
(114, 242)
(114, 118)
(114, 123)
(114, 126)
(115, 133)
(115, 143)
(115, 145)
(115, 162)
(115, 163)
(115, 164)
(115, 180)
(115, 182)
(115, 196)
(115, 198)
(115, 208)
(115, 224)
(115, 232)
(115, 243)
(115, 244)
(116, 133)
(116, 134)
(116, 136)
(116, 137)
(116, 139)
(116, 141)
(116, 153)
(116, 187)
(116, 194)
(116, 209)
(116, 214)
(116, 222)
(116, 226)
(116, 227)
(116, 235)
(116, 125)
(117, 160)
(117, 193)
(117, 228)
(117, 197)
(117, 161)
(117, 177)
(117, 146)
(117, 132)
(117, 156)
(117, 165)
(118, 134)
(118, 136)
(118, 141)
(118, 154)
(118, 168)
(118, 170)
(118, 175)
(118, 183)
(118, 195)
(118, 199)
(118, 202)
(118, 206)
(118, 207)
(118, 242)
(118, 123)
(118, 126)
(119, 228)
(119, 229)
(119, 171)
(119, 210)
(119, 212)
(119, 189)
(120, 128)
(120, 130)
(120, 131)
(120, 151)
(120, 155)
(120, 167)
(120, 169)
(120, 181)
(120, 184)
(120, 188)
(120, 200)
(120, 204)
(120, 205)
(120, 207)
(120, 211)
(120, 217)
(120, 233)
(120, 234)
(120, 238)
(120, 240)
(120, 246)
(120, 248)
(120, 249)
(121, 129)
(121, 131)
(121, 138)
(121, 152)
(121, 154)
(121, 155)
(121, 159)
(121, 167)
(121, 174)
(121, 213)
(121, 223)
(121, 230)
(121, 239)
(121, 211)
(121, 247)
(122, 166)
(122, 231)
(122, 135)
(122, 172)
(122, 144)
(122, 148)
(122, 245)
(122, 216)
(123, 134)
(123, 136)
(123, 141)
(123, 151)
(123, 168)
(123, 170)
(123, 175)
(123, 183)
(123, 199)
(123, 202)
(123, 206)
(123, 207)
(123, 214)
(123, 240)
(123, 242)
(123, 249)
(123, 126)
(124, 166)
(124, 135)
(124, 231)
(124, 172)
(124, 148)
(125, 132)
(125, 133)
(125, 137)
(125, 140)
(125, 143)
(125, 146)
(125, 153)
(125, 157)
(125, 158)
(125, 187)
(125, 193)
(125, 139)
(125, 209)
(125, 219)
(125, 222)
(125, 226)
(125, 227)
(125, 235)
(126, 134)
(126, 136)
(126, 141)
(126, 154)
(126, 168)
(126, 170)
(126, 175)
(126, 183)
(126, 195)
(126, 199)
(126, 202)
(126, 206)
(126, 207)
(126, 242)
(127, 142)
(127, 169)
(127, 173)
(127, 176)
(127, 178)
(127, 181)
(127, 184)
(127, 185)
(127, 188)
(127, 203)
(127, 204)
(127, 205)
(127, 208)
(127, 218)
(127, 221)
(127, 234)
(127, 238)
(127, 240)
(127, 241)
(127, 244)
(127, 248)
(128, 130)
(128, 131)
(128, 151)
(128, 155)
(128, 167)
(128, 169)
(128, 181)
(128, 184)
(128, 188)
(128, 200)
(128, 204)
(128, 205)
(128, 207)
(128, 211)
(128, 217)
(128, 233)
(128, 234)
(128, 238)
(128, 240)
(128, 242)
(128, 246)
(128, 248)
(128, 249)
(129, 138)
(129, 152)
(129, 154)
(129, 159)
(129, 174)
(129, 183)
(129, 190)
(129, 191)
(129, 195)
(129, 223)
(129, 239)
(130, 131)
(130, 155)
(130, 167)
(130, 169)
(130, 181)
(130, 188)
(130, 200)
(130, 205)
(130, 248)
(130, 211)
(130, 217)
(130, 233)
(130, 234)
(130, 238)
(130, 246)
(130, 247)
(130, 213)
(131, 151)
(131, 152)
(131, 154)
(131, 155)
(131, 159)
(131, 167)
(131, 181)
(131, 200)
(131, 207)
(131, 211)
(131, 213)
(131, 217)
(131, 230)
(131, 233)
(131, 246)
(131, 247)
(131, 248)
(131, 249)
(132, 139)
(132, 140)
(132, 146)
(132, 153)
(132, 157)
(132, 158)
(132, 160)
(132, 177)
(132, 193)
(132, 220)
(132, 225)
(132, 227)
(133, 143)
(133, 150)
(133, 153)
(133, 157)
(133, 162)
(133, 179)
(133, 198)
(133, 209)
(133, 219)
(133, 235)
(133, 243)
(134, 136)
(134, 137)
(134, 141)
(134, 168)
(134, 242)
(134, 175)
(134, 187)
(134, 194)
(134, 196)
(134, 199)
(134, 202)
(134, 214)
(134, 226)
(134, 235)
(135, 166)
(135, 231)
(135, 172)
(135, 148)
(135, 245)
(135, 216)
(136, 141)
(136, 168)
(136, 170)
(136, 175)
(136, 183)
(136, 194)
(136, 199)
(136, 202)
(136, 206)
(136, 207)
(136, 214)
(136, 226)
(136, 242)
(137, 139)
(137, 153)
(137, 193)
(137, 194)
(137, 209)
(137, 222)
(137, 226)
(137, 227)
(137, 235)
(137, 187)
(138, 174)
(138, 152)
(138, 239)
(138, 223)
(139, 140)
(139, 146)
(139, 153)
(139, 157)
(139, 161)
(139, 177)
(139, 193)
(139, 194)
(139, 222)
(139, 226)
(139, 227)
(139, 235)
(139, 187)
(140, 160)
(140, 225)
(140, 227)
(140, 193)
(140, 144)
(140, 177)
(140, 146)
(140, 153)
(140, 220)
(140, 157)
(140, 158)
(141, 145)
(141, 151)
(141, 168)
(141, 242)
(141, 175)
(141, 196)
(141, 199)
(141, 204)
(141, 207)
(141, 214)
(141, 224)
(141, 240)
(141, 249)
(142, 149)
(142, 169)
(142, 173)
(142, 176)
(142, 185)
(142, 188)
(142, 192)
(142, 201)
(142, 203)
(142, 205)
(142, 218)
(142, 221)
(142, 234)
(142, 241)
(143, 150)
(143, 153)
(143, 162)
(143, 163)
(143, 164)
(143, 179)
(143, 182)
(143, 198)
(143, 209)
(143, 219)
(143, 232)
(143, 235)
(143, 243)
(144, 150)
(144, 157)
(144, 158)
(144, 179)
(144, 216)
(144, 219)
(144, 220)
(144, 225)
(144, 166)
(144, 231)
(144, 245)
(145, 151)
(145, 162)
(145, 163)
(145, 184)
(145, 196)
(145, 204)
(145, 208)
(145, 214)
(145, 224)
(145, 240)
(145, 244)
(145, 249)
(146, 157)
(146, 158)
(146, 160)
(146, 165)
(146, 177)
(146, 193)
(146, 220)
(146, 225)
(146, 227)
(147, 195)
(147, 170)
(147, 215)
(147, 190)
(147, 191)
(148, 166)
(148, 231)
(148, 172)
(148, 216)
(149, 192)
(149, 241)
(149, 201)
(149, 185)
(150, 162)
(150, 164)
(150, 166)
(150, 172)
(150, 179)
(150, 198)
(150, 216)
(150, 219)
(150, 232)
(150, 243)
(151, 169)
(151, 175)
(151, 181)
(151, 184)
(151, 188)
(151, 196)
(151, 204)
(151, 205)
(151, 207)
(151, 208)
(151, 211)
(151, 217)
(151, 224)
(151, 233)
(151, 234)
(151, 238)
(151, 240)
(151, 242)
(151, 248)
(151, 249)
(152, 217)
(152, 154)
(152, 155)
(152, 159)
(152, 167)
(152, 174)
(152, 213)
(152, 230)
(152, 239)
(152, 211)
(152, 247)
(153, 157)
(153, 158)
(153, 187)
(153, 193)
(153, 209)
(153, 222)
(153, 226)
(153, 227)
(153, 235)
(154, 217)
(154, 155)
(154, 159)
(154, 167)
(154, 174)
(154, 175)
(154, 183)
(154, 195)
(154, 207)
(154, 230)
(154, 239)
(154, 242)
(154, 211)
(155, 217)
(155, 159)
(155, 167)
(155, 200)
(155, 211)
(155, 213)
(155, 230)
(155, 233)
(155, 247)
(156, 228)
(156, 165)
(156, 171)
(156, 210)
(156, 189)
(156, 197)
(157, 158)
(157, 179)
(157, 193)
(157, 209)
(157, 216)
(157, 219)
(157, 220)
(157, 225)
(157, 227)
(157, 235)
(158, 179)
(158, 193)
(158, 216)
(158, 219)
(158, 220)
(158, 225)
(158, 227)
(158, 245)
(159, 217)
(159, 167)
(159, 174)
(159, 213)
(159, 230)
(159, 239)
(159, 211)
(159, 247)
(160, 193)
(160, 227)
(160, 177)
(160, 220)
(160, 165)
(161, 165)
(161, 177)
(161, 171)
(161, 193)
(161, 194)
(161, 210)
(161, 212)
(161, 222)
(161, 187)
(161, 228)
(162, 163)
(162, 164)
(162, 182)
(162, 196)
(162, 198)
(162, 208)
(162, 209)
(162, 214)
(162, 224)
(162, 235)
(162, 243)
(163, 164)
(163, 178)
(163, 180)
(163, 182)
(163, 196)
(163, 198)
(163, 208)
(163, 224)
(163, 232)
(163, 244)
(164, 198)
(164, 243)
(164, 180)
(164, 182)
(164, 232)
(165, 228)
(165, 197)
(165, 177)
(165, 210)
(166, 172)
(166, 179)
(166, 216)
(166, 231)
(166, 245)
(167, 217)
(167, 200)
(167, 207)
(167, 213)
(167, 230)
(167, 233)
(167, 211)
(167, 247)
(168, 194)
(168, 170)
(168, 175)
(168, 183)
(168, 195)
(168, 199)
(168, 202)
(168, 206)
(168, 207)
(168, 226)
(168, 242)
(169, 173)
(169, 176)
(169, 181)
(169, 184)
(169, 188)
(169, 200)
(169, 203)
(169, 204)
(169, 205)
(169, 217)
(169, 218)
(169, 221)
(169, 233)
(169, 234)
(169, 238)
(169, 240)
(169, 246)
(169, 248)
(169, 249)
(170, 175)
(170, 183)
(170, 194)
(170, 195)
(170, 199)
(170, 202)
(170, 206)
(170, 215)
(170, 242)
(171, 189)
(171, 197)
(171, 210)
(171, 212)
(171, 228)
(172, 179)
(172, 216)
(172, 219)
(172, 231)
(172, 232)
(172, 243)
(173, 176)
(173, 181)
(173, 184)
(173, 185)
(173, 188)
(173, 192)
(173, 203)
(173, 205)
(173, 218)
(173, 221)
(173, 234)
(173, 238)
(173, 241)
(173, 246)
(173, 248)
(174, 230)
(174, 239)
(174, 223)
(175, 183)
(175, 195)
(175, 199)
(175, 206)
(175, 207)
(175, 217)
(175, 242)
(176, 178)
(176, 181)
(176, 184)
(176, 185)
(176, 188)
(176, 203)
(176, 204)
(176, 205)
(176, 208)
(176, 218)
(176, 221)
(176, 238)
(176, 241)
(176, 244)
(177, 193)
(177, 197)
(177, 222)
(177, 227)
(177, 228)
(178, 180)
(178, 182)
(178, 184)
(178, 185)
(178, 186)
(178, 203)
(178, 208)
(178, 221)
(178, 224)
(178, 236)
(178, 237)
(178, 241)
(178, 244)
(179, 198)
(179, 216)
(179, 219)
(179, 225)
(179, 231)
(179, 243)
(179, 245)
(180, 232)
(180, 236)
(180, 237)
(180, 244)
(180, 182)
(180, 186)
(181, 184)
(181, 188)
(181, 200)
(181, 203)
(181, 204)
(181, 205)
(181, 217)
(181, 218)
(181, 221)
(181, 233)
(181, 234)
(181, 238)
(181, 240)
(181, 246)
(181, 248)
(181, 249)
(182, 243)
(182, 198)
(182, 186)
(182, 232)
(182, 236)
(182, 237)
(183, 195)
(183, 199)
(183, 206)
(183, 207)
(183, 242)
(184, 188)
(184, 196)
(184, 203)
(184, 204)
(184, 205)
(184, 208)
(184, 218)
(184, 221)
(184, 224)
(184, 233)
(184, 234)
(184, 238)
(184, 240)
(184, 241)
(184, 244)
(184, 248)
(184, 249)
(185, 192)
(185, 203)
(185, 201)
(185, 218)
(185, 221)
(185, 241)
(185, 244)
(186, 236)
(186, 237)
(186, 241)
(187, 193)
(187, 194)
(187, 202)
(187, 222)
(187, 226)
(187, 235)
(188, 200)
(188, 203)
(188, 204)
(188, 205)
(188, 217)
(188, 218)
(188, 221)
(188, 233)
(188, 234)
(188, 238)
(188, 240)
(188, 246)
(188, 248)
(188, 249)
(189, 228)
(189, 197)
(189, 210)
(189, 212)
(190, 195)
(190, 239)
(190, 215)
(190, 191)
(191, 195)
(191, 239)
(191, 215)
(192, 201)
(192, 241)
(192, 218)
(193, 220)
(193, 222)
(193, 227)
(193, 235)
(194, 199)
(194, 202)
(194, 206)
(194, 222)
(194, 226)
(195, 206)
(195, 215)
(195, 239)
(195, 242)
(196, 204)
(196, 208)
(196, 214)
(196, 224)
(196, 240)
(196, 244)
(196, 249)
(197, 228)
(197, 210)
(197, 212)
(198, 209)
(198, 219)
(198, 232)
(198, 235)
(198, 243)
(199, 202)
(199, 206)
(199, 207)
(199, 214)
(199, 226)
(199, 242)
(200, 205)
(200, 248)
(200, 211)
(200, 213)
(200, 217)
(200, 230)
(200, 233)
(200, 234)
(200, 238)
(200, 246)
(200, 247)
(202, 206)
(202, 222)
(202, 226)
(203, 205)
(203, 208)
(203, 218)
(203, 221)
(203, 238)
(203, 241)
(203, 244)
(204, 205)
(204, 207)
(204, 208)
(204, 217)
(204, 221)
(204, 224)
(204, 233)
(204, 234)
(204, 238)
(204, 240)
(204, 244)
(204, 246)
(204, 248)
(204, 249)
(205, 248)
(205, 217)
(205, 218)
(205, 221)
(205, 233)
(205, 234)
(205, 238)
(205, 240)
(205, 246)
(205, 249)
(207, 217)
(207, 233)
(207, 240)
(207, 242)
(207, 211)
(207, 249)
(208, 214)
(208, 221)
(208, 224)
(208, 238)
(208, 240)
(208, 244)
(208, 249)
(209, 214)
(209, 219)
(209, 226)
(209, 227)
(209, 235)
(209, 243)
(210, 228)
(210, 212)
(211, 217)
(211, 213)
(211, 249)
(211, 230)
(211, 233)
(211, 246)
(211, 247)
(211, 248)
(212, 228)
(213, 230)
(213, 247)
(213, 217)
(214, 224)
(214, 235)
(214, 240)
(216, 219)
(216, 225)
(216, 231)
(216, 243)
(216, 245)
(217, 230)
(217, 233)
(217, 234)
(217, 238)
(217, 240)
(217, 242)
(217, 246)
(217, 247)
(217, 248)
(217, 249)
(218, 221)
(218, 234)
(218, 241)
(218, 246)
(218, 248)
(219, 225)
(219, 243)
(220, 225)
(220, 227)
(220, 245)
(221, 234)
(221, 238)
(221, 240)
(221, 241)
(221, 244)
(221, 248)
(221, 249)
(222, 226)
(222, 235)
(223, 239)
(224, 240)
(224, 244)
(224, 249)
(225, 227)
(225, 245)
(226, 235)
(227, 235)
(230, 247)
(231, 245)
(232, 243)
(233, 234)
(233, 238)
(233, 240)
(233, 242)
(233, 246)
(233, 248)
(233, 249)
(234, 248)
(234, 238)
(234, 246)
(234, 249)
(236, 237)
(238, 248)
(238, 240)
(238, 244)
(238, 246)
(238, 249)
(240, 248)
(240, 244)
(240, 249)
(241, 244)
(242, 249)
(246, 248)
(246, 247)
(248, 249)
