#Nodes
0
1
2
3
4
5
6
7
8
9
10
11
12
13
14
15
16
17
18
19
20
21
22
23
24
25
26
27
28
29
30
31
32
33
34
35
36
37
38
39
40
41
42
43
44
45
46
47
48
49
50
51
52
53
54
55
56
57
58
59
60
61
62
63
64
65
66
67
68
69
70
71
72
73
74
75
76
77
78
79
80
81
82
83
84
85
86
87
88
89
90
91
92
93
94
95
96
97
98
99
#Edges
(0, 32)
(0, 72)
(0, 9)
(0, 76)
(0, 45)
(0, 79)
(0, 19)
(0, 21)
(0, 55)
(0, 59)
(0, 13)
(1, 66)
(1, 99)
(1, 70)
(1, 43)
(1, 34)
(1, 78)
(1, 61)
(1, 56)
(1, 93)
(1, 30)
(2, 3)
(2, 68)
(2, 37)
(2, 17)
(2, 73)
(2, 12)
(2, 14)
(2, 81)
(2, 53)
(2, 41)
(2, 90)
(2, 60)
(2, 5)
(3, 65)
(3, 37)
(3, 73)
(3, 42)
(3, 12)
(3, 14)
(3, 81)
(3, 23)
(3, 25)
(3, 27)
(3, 31)
(4, 65)
(4, 42)
(4, 25)
(4, 62)
(4, 71)
(5, 98)
(5, 68)
(5, 73)
(5, 81)
(5, 57)
(6, 36)
(6, 52)
(6, 54)
(6, 94)
(6, 39)
(7, 64)
(7, 97)
(7, 22)
(7, 74)
(7, 12)
(7, 80)
(7, 10)
(7, 53)
(7, 86)
(7, 90)
(7, 29)
(7, 95)
(8, 96)
(8, 64)
(8, 34)
(8, 70)
(8, 40)
(8, 43)
(8, 29)
(8, 61)
(8, 86)
(8, 26)
(8, 27)
(8, 93)
(8, 95)
(9, 36)
(9, 45)
(9, 13)
(9, 19)
(9, 52)
(9, 54)
(9, 59)
(9, 94)
(10, 97)
(10, 22)
(10, 39)
(10, 74)
(10, 12)
(10, 80)
(10, 53)
(10, 86)
(10, 90)
(10, 29)
(11, 32)
(11, 97)
(11, 66)
(11, 70)
(11, 72)
(11, 74)
(11, 76)
(11, 34)
(11, 80)
(11, 82)
(11, 21)
(11, 86)
(11, 55)
(11, 93)
(12, 27)
(12, 37)
(12, 14)
(12, 81)
(12, 53)
(12, 22)
(12, 23)
(12, 90)
(12, 31)
(12, 60)
(12, 29)
(12, 95)
(13, 32)
(13, 36)
(13, 76)
(13, 45)
(13, 19)
(13, 52)
(13, 54)
(13, 55)
(13, 59)
(13, 94)
(14, 37)
(14, 17)
(14, 41)
(14, 81)
(14, 53)
(14, 23)
(14, 90)
(14, 60)
(15, 66)
(15, 35)
(15, 46)
(15, 76)
(15, 78)
(15, 79)
(15, 82)
(15, 85)
(15, 91)
(15, 21)
(16, 88)
(16, 50)
(16, 83)
(16, 84)
(17, 38)
(17, 41)
(17, 53)
(17, 90)
(17, 60)
(18, 69)
(18, 28)
(18, 75)
(18, 44)
(18, 77)
(18, 47)
(18, 49)
(18, 51)
(18, 87)
(18, 89)
(18, 58)
(18, 92)
(18, 63)
(19, 32)
(19, 36)
(19, 72)
(19, 76)
(19, 45)
(19, 79)
(19, 52)
(19, 54)
(19, 55)
(19, 59)
(20, 67)
(20, 28)
(20, 75)
(20, 47)
(20, 48)
(20, 49)
(20, 51)
(20, 89)
(20, 58)
(20, 92)
(20, 63)
(21, 32)
(21, 66)
(21, 35)
(21, 72)
(21, 76)
(21, 46)
(21, 79)
(21, 82)
(21, 85)
(21, 91)
(22, 64)
(22, 97)
(22, 40)
(22, 74)
(22, 80)
(22, 53)
(22, 86)
(22, 23)
(22, 90)
(22, 29)
(22, 95)
(23, 96)
(23, 65)
(23, 27)
(23, 37)
(23, 40)
(23, 81)
(23, 26)
(23, 90)
(23, 31)
(23, 29)
(23, 62)
(23, 95)
(24, 69)
(24, 47)
(24, 48)
(24, 49)
(24, 87)
(24, 58)
(24, 92)
(25, 65)
(25, 98)
(25, 68)
(25, 73)
(25, 42)
(26, 96)
(26, 64)
(26, 34)
(26, 27)
(26, 40)
(26, 29)
(26, 31)
(26, 61)
(26, 62)
(26, 95)
(27, 96)
(27, 64)
(27, 37)
(27, 40)
(27, 31)
(27, 29)
(27, 62)
(27, 95)
(28, 67)
(28, 75)
(28, 47)
(28, 48)
(28, 49)
(28, 51)
(28, 89)
(28, 58)
(28, 92)
(28, 63)
(29, 96)
(29, 64)
(29, 34)
(29, 37)
(29, 40)
(29, 86)
(29, 31)
(29, 95)
(30, 99)
(30, 70)
(30, 43)
(30, 78)
(30, 83)
(30, 84)
(30, 56)
(31, 96)
(31, 65)
(31, 37)
(31, 40)
(31, 62)
(31, 95)
(32, 97)
(32, 66)
(32, 36)
(32, 72)
(32, 74)
(32, 76)
(32, 79)
(32, 80)
(32, 82)
(32, 55)
(33, 88)
(34, 64)
(34, 66)
(34, 70)
(34, 40)
(34, 43)
(34, 61)
(34, 80)
(34, 86)
(34, 93)
(35, 78)
(35, 46)
(35, 85)
(35, 56)
(35, 91)
(36, 97)
(36, 39)
(36, 45)
(36, 52)
(36, 54)
(36, 55)
(36, 59)
(36, 94)
(37, 65)
(37, 73)
(37, 81)
(37, 53)
(37, 90)
(37, 60)
(37, 95)
(38, 41)
(38, 60)
(38, 53)
(38, 39)
(39, 74)
(39, 52)
(40, 96)
(40, 64)
(40, 70)
(40, 61)
(40, 86)
(40, 93)
(40, 95)
(41, 53)
(41, 90)
(41, 60)
(42, 73)
(42, 65)
(43, 64)
(43, 66)
(43, 99)
(43, 70)
(43, 78)
(43, 61)
(43, 51)
(43, 56)
(43, 93)
(44, 69)
(44, 71)
(44, 75)
(44, 77)
(44, 47)
(44, 49)
(44, 87)
(44, 63)
(45, 52)
(45, 54)
(45, 59)
(45, 94)
(46, 79)
(46, 76)
(46, 82)
(46, 85)
(46, 91)
(47, 67)
(47, 75)
(47, 48)
(47, 49)
(47, 51)
(47, 89)
(47, 58)
(47, 92)
(47, 63)
(48, 49)
(48, 58)
(48, 92)
(49, 69)
(49, 75)
(49, 87)
(49, 89)
(49, 58)
(49, 92)
(49, 63)
(50, 83)
(50, 84)
(51, 67)
(51, 75)
(51, 89)
(51, 61)
(51, 63)
(52, 54)
(52, 55)
(52, 59)
(52, 94)
(53, 90)
(53, 60)
(54, 59)
(54, 94)
(55, 97)
(55, 72)
(55, 74)
(55, 76)
(55, 80)
(56, 66)
(56, 99)
(56, 70)
(56, 78)
(56, 83)
(56, 91)
(56, 93)
(57, 81)
(57, 98)
(57, 68)
(57, 73)
(58, 89)
(58, 92)
(58, 63)
(59, 94)
(60, 81)
(60, 90)
(61, 64)
(61, 99)
(61, 70)
(61, 86)
(61, 93)
(62, 96)
(62, 65)
(62, 71)
(62, 77)
(63, 67)
(63, 75)
(63, 89)
(63, 92)
(64, 96)
(64, 70)
(64, 80)
(64, 86)
(64, 93)
(64, 95)
(65, 71)
(65, 73)
(65, 81)
(66, 70)
(66, 72)
(66, 76)
(66, 78)
(66, 80)
(66, 82)
(66, 86)
(66, 93)
(67, 75)
(67, 84)
(67, 89)
(68, 98)
(68, 73)
(68, 81)
(69, 77)
(69, 87)
(70, 99)
(70, 78)
(70, 82)
(70, 86)
(70, 93)
(71, 77)
(72, 97)
(72, 74)
(72, 76)
(72, 79)
(72, 80)
(72, 82)
(72, 86)
(72, 93)
(73, 98)
(73, 81)
(74, 97)
(74, 80)
(74, 86)
(75, 89)
(75, 92)
(76, 82)
(76, 79)
(77, 96)
(78, 99)
(78, 82)
(78, 91)
(78, 93)
(79, 85)
(80, 97)
(80, 82)
(80, 86)
(80, 93)
(81, 90)
(82, 86)
(82, 93)
(83, 99)
(83, 84)
(84, 99)
(85, 91)
(86, 97)
(86, 93)
(86, 95)
(89, 92)
(93, 99)
(95, 96)
