#Nodes
0
1
2
3
4
5
6
7
8
9
10
11
12
13
14
15
16
17
18
19
20
21
22
23
24
25
26
27
28
29
30
31
32
33
34
35
36
37
38
39
40
41
42
43
44
45
46
47
48
49
50
51
52
53
54
55
56
57
58
59
60
61
62
63
64
65
66
67
68
69
70
71
72
73
74
75
76
77
78
79
80
81
82
83
84
85
86
87
88
89
90
91
92
93
94
95
96
97
98
99
100
101
102
103
104
105
106
107
108
109
110
111
112
113
114
115
116
117
118
119
120
121
122
123
124
125
126
127
128
129
130
131
132
133
134
135
136
137
138
139
140
141
142
143
144
145
146
147
148
149
150
151
152
153
154
155
156
157
158
159
160
161
162
163
164
165
166
167
168
169
170
171
172
173
174
175
176
177
178
179
180
181
182
183
184
185
186
187
188
189
190
191
192
193
194
195
196
197
198
199
200
201
202
203
204
205
206
207
208
209
210
211
212
213
214
215
216
217
218
219
220
221
222
223
224
225
226
227
228
229
230
231
232
233
234
235
236
237
238
239
240
241
242
243
244
245
246
247
248
249
250
251
252
253
254
255
256
257
258
259
260
261
262
263
264
265
266
267
268
269
270
271
272
273
274
275
276
277
278
279
280
281
282
283
284
285
286
287
288
289
290
291
292
293
294
295
296
297
298
299
300
301
302
303
304
305
306
307
308
309
310
311
312
313
314
315
316
317
318
319
320
321
322
323
324
325
326
327
328
329
330
331
332
333
334
335
336
337
338
339
340
341
342
343
344
345
346
347
348
349
350
351
352
353
354
355
356
357
358
359
360
361
362
363
364
365
366
367
368
369
370
371
372
373
374
375
376
377
378
379
380
381
382
383
384
385
386
387
388
389
390
391
392
393
394
395
396
397
398
399
#Edges
(0, 107)
(0, 263)
(0, 396)
(0, 398)
(0, 143)
(0, 17)
(0, 26)
(0, 275)
(0, 110)
(0, 278)
(0, 281)
(0, 154)
(0, 28)
(0, 285)
(0, 69)
(0, 287)
(0, 165)
(0, 294)
(0, 177)
(0, 296)
(0, 171)
(0, 44)
(0, 45)
(0, 302)
(0, 305)
(0, 51)
(0, 182)
(0, 311)
(0, 184)
(0, 315)
(0, 197)
(0, 200)
(0, 74)
(0, 332)
(0, 99)
(0, 84)
(0, 218)
(0, 54)
(0, 351)
(0, 352)
(0, 229)
(0, 230)
(0, 358)
(0, 235)
(0, 237)
(0, 238)
(0, 367)
(0, 372)
(0, 247)
(1, 171)
(1, 261)
(1, 390)
(1, 392)
(1, 393)
(1, 266)
(1, 11)
(1, 141)
(1, 270)
(1, 399)
(1, 145)
(1, 107)
(1, 24)
(1, 154)
(1, 69)
(1, 287)
(1, 293)
(1, 166)
(1, 296)
(1, 170)
(1, 299)
(1, 303)
(1, 72)
(1, 182)
(1, 116)
(1, 59)
(1, 194)
(1, 195)
(1, 197)
(1, 328)
(1, 331)
(1, 332)
(1, 340)
(1, 89)
(1, 143)
(1, 350)
(1, 352)
(1, 97)
(1, 99)
(1, 102)
(1, 230)
(1, 54)
(1, 362)
(1, 235)
(1, 238)
(1, 112)
(1, 244)
(1, 119)
(1, 379)
(2, 387)
(2, 342)
(2, 135)
(2, 268)
(2, 13)
(2, 147)
(2, 158)
(2, 31)
(2, 165)
(2, 167)
(2, 168)
(2, 41)
(2, 45)
(2, 174)
(2, 47)
(2, 307)
(2, 180)
(2, 309)
(2, 186)
(2, 60)
(2, 317)
(2, 318)
(2, 181)
(2, 67)
(2, 199)
(2, 140)
(2, 77)
(2, 334)
(2, 79)
(2, 80)
(2, 338)
(2, 83)
(2, 214)
(2, 105)
(2, 344)
(2, 91)
(2, 220)
(2, 349)
(2, 96)
(2, 226)
(2, 131)
(2, 231)
(2, 361)
(2, 39)
(2, 110)
(2, 111)
(2, 242)
(2, 126)
(2, 246)
(2, 375)
(2, 253)
(2, 382)
(3, 386)
(3, 260)
(3, 262)
(3, 263)
(3, 264)
(3, 395)
(3, 396)
(3, 272)
(3, 278)
(3, 151)
(3, 196)
(3, 162)
(3, 219)
(3, 295)
(3, 92)
(3, 298)
(3, 172)
(3, 305)
(3, 50)
(3, 52)
(3, 310)
(3, 184)
(3, 313)
(3, 315)
(3, 62)
(3, 139)
(3, 324)
(3, 71)
(3, 177)
(3, 208)
(3, 210)
(3, 132)
(3, 218)
(3, 347)
(3, 101)
(3, 351)
(3, 224)
(3, 353)
(3, 98)
(3, 357)
(3, 358)
(3, 144)
(3, 109)
(3, 367)
(3, 370)
(3, 25)
(3, 247)
(3, 84)
(3, 254)
(3, 255)
(4, 128)
(4, 389)
(4, 15)
(4, 274)
(4, 21)
(4, 152)
(4, 282)
(4, 5)
(4, 163)
(4, 164)
(4, 42)
(4, 178)
(4, 371)
(4, 314)
(4, 36)
(4, 320)
(4, 326)
(4, 327)
(4, 329)
(4, 85)
(4, 87)
(4, 345)
(4, 348)
(4, 354)
(4, 234)
(4, 240)
(4, 113)
(4, 115)
(5, 128)
(5, 389)
(5, 15)
(5, 274)
(5, 21)
(5, 152)
(5, 282)
(5, 163)
(5, 164)
(5, 42)
(5, 371)
(5, 314)
(5, 36)
(5, 320)
(5, 329)
(5, 85)
(5, 87)
(5, 345)
(5, 348)
(5, 354)
(5, 100)
(5, 234)
(5, 240)
(5, 113)
(5, 115)
(5, 374)
(6, 256)
(6, 385)
(6, 390)
(6, 7)
(6, 137)
(6, 270)
(6, 24)
(6, 19)
(6, 127)
(6, 153)
(6, 286)
(6, 35)
(6, 291)
(6, 169)
(6, 176)
(6, 72)
(6, 179)
(6, 308)
(6, 30)
(6, 73)
(6, 58)
(6, 322)
(6, 323)
(6, 325)
(6, 211)
(6, 328)
(6, 201)
(6, 206)
(6, 339)
(6, 86)
(6, 215)
(6, 102)
(6, 363)
(6, 114)
(6, 243)
(6, 373)
(6, 118)
(6, 119)
(6, 250)
(6, 379)
(6, 124)
(6, 383)
(7, 385)
(7, 133)
(7, 137)
(7, 270)
(7, 146)
(7, 153)
(7, 286)
(7, 291)
(7, 176)
(7, 179)
(7, 30)
(7, 58)
(7, 187)
(7, 322)
(7, 323)
(7, 325)
(7, 328)
(7, 201)
(7, 339)
(7, 211)
(7, 86)
(7, 215)
(7, 95)
(7, 124)
(7, 363)
(7, 369)
(7, 114)
(7, 243)
(7, 118)
(7, 250)
(7, 252)
(7, 127)
(8, 384)
(8, 193)
(8, 265)
(8, 394)
(8, 267)
(8, 269)
(8, 22)
(8, 23)
(8, 280)
(8, 27)
(8, 159)
(8, 48)
(8, 40)
(8, 300)
(8, 173)
(8, 304)
(8, 49)
(8, 306)
(8, 53)
(8, 312)
(8, 57)
(8, 316)
(8, 189)
(8, 319)
(8, 64)
(8, 321)
(8, 75)
(8, 212)
(8, 343)
(8, 90)
(8, 122)
(8, 94)
(8, 227)
(8, 356)
(8, 106)
(8, 61)
(8, 376)
(8, 249)
(8, 378)
(8, 10)
(9, 129)
(9, 130)
(9, 391)
(9, 138)
(9, 140)
(9, 16)
(9, 18)
(9, 283)
(9, 29)
(9, 34)
(9, 167)
(9, 168)
(9, 43)
(9, 78)
(9, 175)
(9, 183)
(9, 185)
(9, 318)
(9, 66)
(9, 67)
(9, 68)
(9, 198)
(9, 330)
(9, 203)
(9, 205)
(9, 334)
(9, 77)
(9, 209)
(9, 82)
(9, 83)
(9, 341)
(9, 342)
(9, 344)
(9, 91)
(9, 93)
(9, 55)
(9, 96)
(9, 226)
(9, 108)
(9, 365)
(9, 366)
(9, 111)
(9, 117)
(9, 248)
(9, 121)
(9, 123)
(9, 381)
(10, 133)
(10, 390)
(10, 267)
(10, 269)
(10, 271)
(10, 149)
(10, 22)
(10, 23)
(10, 24)
(10, 159)
(10, 48)
(10, 169)
(10, 170)
(10, 300)
(10, 173)
(10, 304)
(10, 306)
(10, 53)
(10, 57)
(10, 316)
(10, 189)
(10, 190)
(10, 64)
(10, 11)
(10, 328)
(10, 201)
(10, 75)
(10, 211)
(10, 343)
(10, 90)
(10, 122)
(10, 95)
(10, 97)
(10, 356)
(10, 102)
(10, 362)
(10, 61)
(10, 244)
(10, 119)
(10, 378)
(10, 379)
(10, 252)
(11, 261)
(11, 390)
(11, 269)
(11, 270)
(11, 271)
(11, 145)
(11, 149)
(11, 22)
(11, 23)
(11, 24)
(11, 27)
(11, 159)
(11, 293)
(11, 166)
(11, 169)
(11, 170)
(11, 300)
(11, 173)
(11, 303)
(11, 72)
(11, 306)
(11, 59)
(11, 316)
(11, 189)
(11, 190)
(11, 194)
(11, 328)
(11, 201)
(11, 331)
(11, 141)
(11, 340)
(11, 89)
(11, 90)
(11, 350)
(11, 95)
(11, 97)
(11, 356)
(11, 102)
(11, 362)
(11, 61)
(11, 112)
(11, 244)
(11, 119)
(11, 122)
(11, 379)
(11, 252)
(12, 384)
(12, 261)
(12, 134)
(12, 269)
(12, 145)
(12, 22)
(12, 151)
(12, 25)
(12, 27)
(12, 69)
(12, 159)
(12, 293)
(12, 170)
(12, 299)
(12, 303)
(12, 177)
(12, 306)
(12, 184)
(12, 59)
(12, 316)
(12, 189)
(12, 191)
(12, 64)
(12, 193)
(12, 195)
(12, 197)
(12, 89)
(12, 90)
(12, 347)
(12, 92)
(12, 99)
(12, 358)
(12, 360)
(12, 188)
(12, 106)
(12, 370)
(12, 244)
(12, 120)
(12, 63)
(12, 380)
(13, 257)
(13, 387)
(13, 135)
(13, 392)
(13, 393)
(13, 268)
(13, 397)
(13, 259)
(13, 158)
(13, 31)
(13, 292)
(13, 174)
(13, 47)
(13, 178)
(13, 307)
(13, 60)
(13, 65)
(13, 326)
(13, 79)
(13, 336)
(13, 338)
(13, 214)
(13, 105)
(13, 220)
(13, 349)
(13, 223)
(13, 80)
(13, 131)
(13, 231)
(13, 361)
(13, 107)
(13, 364)
(13, 125)
(13, 241)
(13, 242)
(13, 147)
(13, 116)
(13, 126)
(13, 246)
(13, 375)
(13, 253)
(13, 382)
(14, 128)
(14, 258)
(14, 389)
(14, 15)
(14, 273)
(14, 276)
(14, 282)
(14, 368)
(14, 163)
(14, 36)
(14, 38)
(14, 371)
(14, 56)
(14, 314)
(14, 320)
(14, 329)
(14, 202)
(14, 87)
(14, 345)
(14, 348)
(14, 20)
(14, 354)
(14, 355)
(14, 100)
(14, 104)
(14, 240)
(14, 115)
(14, 245)
(14, 374)
(14, 377)
(15, 128)
(15, 258)
(15, 389)
(15, 274)
(15, 276)
(15, 21)
(15, 152)
(15, 282)
(15, 368)
(15, 163)
(15, 36)
(15, 371)
(15, 56)
(15, 314)
(15, 320)
(15, 329)
(15, 202)
(15, 87)
(15, 345)
(15, 348)
(15, 354)
(15, 100)
(15, 103)
(15, 234)
(15, 240)
(15, 115)
(15, 374)
(15, 20)
(16, 129)
(16, 130)
(16, 391)
(16, 138)
(16, 18)
(16, 283)
(16, 29)
(16, 289)
(16, 168)
(16, 43)
(16, 175)
(16, 183)
(16, 66)
(16, 68)
(16, 198)
(16, 161)
(16, 330)
(16, 203)
(16, 77)
(16, 78)
(16, 209)
(16, 82)
(16, 341)
(16, 93)
(16, 55)
(16, 365)
(16, 366)
(16, 117)
(16, 248)
(16, 121)
(16, 123)
(16, 381)
(17, 387)
(17, 135)
(17, 398)
(17, 143)
(17, 275)
(17, 110)
(17, 281)
(17, 26)
(17, 28)
(17, 285)
(17, 287)
(17, 165)
(17, 294)
(17, 167)
(17, 168)
(17, 171)
(17, 45)
(17, 302)
(17, 51)
(17, 311)
(17, 185)
(17, 315)
(17, 74)
(17, 67)
(17, 68)
(17, 330)
(17, 77)
(17, 79)
(17, 91)
(17, 226)
(17, 230)
(17, 237)
(17, 238)
(17, 111)
(17, 242)
(18, 129)
(18, 130)
(18, 391)
(18, 138)
(18, 283)
(18, 29)
(18, 289)
(18, 168)
(18, 43)
(18, 175)
(18, 183)
(18, 185)
(18, 68)
(18, 198)
(18, 161)
(18, 330)
(18, 203)
(18, 77)
(18, 78)
(18, 209)
(18, 341)
(18, 91)
(18, 93)
(18, 55)
(18, 366)
(18, 117)
(18, 248)
(18, 121)
(18, 123)
(18, 381)
(19, 256)
(19, 385)
(19, 258)
(19, 115)
(19, 389)
(19, 392)
(19, 137)
(19, 397)
(19, 274)
(19, 276)
(19, 277)
(19, 217)
(19, 152)
(19, 282)
(19, 35)
(19, 291)
(19, 36)
(19, 176)
(19, 178)
(19, 243)
(19, 308)
(19, 56)
(19, 58)
(19, 245)
(19, 192)
(19, 65)
(19, 322)
(19, 325)
(19, 73)
(19, 202)
(19, 206)
(19, 339)
(19, 85)
(19, 86)
(19, 345)
(19, 355)
(19, 103)
(19, 104)
(19, 234)
(19, 363)
(19, 241)
(19, 114)
(19, 371)
(19, 373)
(19, 118)
(19, 377)
(19, 127)
(19, 125)
(19, 383)
(20, 128)
(20, 258)
(20, 389)
(20, 273)
(20, 276)
(20, 152)
(20, 282)
(20, 368)
(20, 163)
(20, 38)
(20, 115)
(20, 56)
(20, 314)
(20, 202)
(20, 206)
(20, 87)
(20, 345)
(20, 348)
(20, 58)
(20, 354)
(20, 355)
(20, 100)
(20, 103)
(20, 104)
(20, 234)
(20, 240)
(20, 369)
(20, 371)
(20, 245)
(20, 374)
(20, 377)
(21, 128)
(21, 192)
(21, 115)
(21, 389)
(21, 268)
(21, 274)
(21, 345)
(21, 152)
(21, 282)
(21, 284)
(21, 163)
(21, 164)
(21, 113)
(21, 42)
(21, 178)
(21, 307)
(21, 181)
(21, 36)
(21, 320)
(21, 326)
(21, 327)
(21, 204)
(21, 336)
(21, 338)
(21, 85)
(21, 217)
(21, 346)
(21, 349)
(21, 223)
(21, 103)
(21, 234)
(21, 241)
(21, 371)
(21, 246)
(22, 384)
(22, 261)
(22, 390)
(22, 269)
(22, 271)
(22, 145)
(22, 149)
(22, 23)
(22, 24)
(22, 27)
(22, 159)
(22, 293)
(22, 166)
(22, 169)
(22, 170)
(22, 300)
(22, 173)
(22, 303)
(22, 304)
(22, 306)
(22, 59)
(22, 316)
(22, 189)
(22, 190)
(22, 64)
(22, 331)
(22, 340)
(22, 343)
(22, 89)
(22, 90)
(22, 122)
(22, 350)
(22, 97)
(22, 356)
(22, 102)
(22, 362)
(22, 61)
(22, 112)
(22, 244)
(22, 119)
(22, 378)
(22, 379)
(22, 252)
(22, 106)
(23, 133)
(23, 136)
(23, 265)
(23, 394)
(23, 267)
(23, 269)
(23, 271)
(23, 149)
(23, 280)
(23, 155)
(23, 159)
(23, 48)
(23, 169)
(23, 300)
(23, 301)
(23, 46)
(23, 304)
(23, 49)
(23, 306)
(23, 53)
(23, 312)
(23, 57)
(23, 187)
(23, 189)
(23, 190)
(23, 75)
(23, 333)
(23, 335)
(23, 173)
(23, 211)
(23, 212)
(23, 122)
(23, 343)
(23, 88)
(23, 250)
(23, 95)
(23, 97)
(23, 356)
(23, 81)
(23, 124)
(23, 236)
(23, 61)
(23, 378)
(23, 379)
(23, 252)
(24, 385)
(24, 261)
(24, 390)
(24, 266)
(24, 269)
(24, 270)
(24, 399)
(24, 145)
(24, 149)
(24, 154)
(24, 291)
(24, 293)
(24, 166)
(24, 296)
(24, 169)
(24, 170)
(24, 303)
(24, 176)
(24, 72)
(24, 308)
(24, 73)
(24, 189)
(24, 194)
(24, 328)
(24, 201)
(24, 331)
(24, 141)
(24, 211)
(24, 340)
(24, 271)
(24, 350)
(24, 97)
(24, 102)
(24, 362)
(24, 112)
(24, 243)
(24, 244)
(24, 118)
(24, 119)
(24, 379)
(24, 252)
(25, 262)
(25, 264)
(25, 151)
(25, 27)
(25, 162)
(25, 347)
(25, 134)
(25, 298)
(25, 177)
(25, 50)
(25, 313)
(25, 59)
(25, 188)
(25, 62)
(25, 191)
(25, 193)
(25, 195)
(25, 76)
(25, 210)
(25, 216)
(25, 89)
(25, 219)
(25, 92)
(25, 357)
(25, 358)
(25, 360)
(25, 316)
(25, 370)
(25, 120)
(25, 63)
(25, 380)
(25, 254)
(25, 255)
(26, 132)
(26, 263)
(26, 44)
(26, 395)
(26, 396)
(26, 398)
(26, 275)
(26, 148)
(26, 278)
(26, 281)
(26, 28)
(26, 285)
(26, 288)
(26, 161)
(26, 165)
(26, 294)
(26, 167)
(26, 297)
(26, 172)
(26, 45)
(26, 302)
(26, 305)
(26, 51)
(26, 311)
(26, 185)
(26, 315)
(26, 74)
(26, 70)
(26, 71)
(26, 330)
(26, 84)
(26, 351)
(26, 224)
(26, 228)
(26, 229)
(26, 359)
(26, 237)
(26, 367)
(26, 372)
(27, 384)
(27, 134)
(27, 269)
(27, 145)
(27, 151)
(27, 159)
(27, 170)
(27, 299)
(27, 300)
(27, 304)
(27, 306)
(27, 59)
(27, 316)
(27, 189)
(27, 191)
(27, 64)
(27, 193)
(27, 195)
(27, 212)
(27, 343)
(27, 89)
(27, 90)
(27, 347)
(27, 360)
(27, 63)
(27, 106)
(27, 61)
(27, 370)
(27, 244)
(27, 120)
(27, 319)
(27, 380)
(28, 263)
(28, 396)
(28, 398)
(28, 143)
(28, 275)
(28, 148)
(28, 278)
(28, 281)
(28, 285)
(28, 288)
(28, 165)
(28, 294)
(28, 167)
(28, 297)
(28, 171)
(28, 44)
(28, 45)
(28, 302)
(28, 51)
(28, 311)
(28, 185)
(28, 315)
(28, 74)
(28, 70)
(28, 200)
(28, 330)
(28, 84)
(28, 226)
(28, 228)
(28, 229)
(28, 359)
(28, 237)
(28, 110)
(28, 367)
(28, 372)
(29, 129)
(29, 130)
(29, 391)
(29, 140)
(29, 275)
(29, 148)
(29, 289)
(29, 167)
(29, 168)
(29, 43)
(29, 175)
(29, 51)
(29, 183)
(29, 185)
(29, 67)
(29, 68)
(29, 198)
(29, 161)
(29, 330)
(29, 55)
(29, 77)
(29, 78)
(29, 209)
(29, 341)
(29, 91)
(29, 93)
(29, 96)
(29, 226)
(29, 237)
(29, 366)
(29, 111)
(29, 117)
(29, 248)
(29, 121)
(29, 381)
(30, 385)
(30, 137)
(30, 270)
(30, 146)
(30, 276)
(30, 153)
(30, 286)
(30, 291)
(30, 38)
(30, 176)
(30, 179)
(30, 73)
(30, 58)
(30, 373)
(30, 322)
(30, 323)
(30, 325)
(30, 201)
(30, 339)
(30, 206)
(30, 211)
(30, 86)
(30, 215)
(30, 355)
(30, 363)
(30, 369)
(30, 114)
(30, 243)
(30, 245)
(30, 118)
(30, 377)
(30, 250)
(30, 127)
(30, 124)
(30, 383)
(31, 257)
(31, 387)
(31, 392)
(31, 268)
(31, 397)
(31, 259)
(31, 277)
(31, 158)
(31, 35)
(31, 292)
(31, 113)
(31, 42)
(31, 174)
(31, 47)
(31, 178)
(31, 307)
(31, 308)
(31, 181)
(31, 60)
(31, 65)
(31, 326)
(31, 204)
(31, 79)
(31, 336)
(31, 338)
(31, 85)
(31, 105)
(31, 217)
(31, 220)
(31, 349)
(31, 223)
(31, 80)
(31, 131)
(31, 231)
(31, 361)
(31, 364)
(31, 125)
(31, 241)
(31, 147)
(31, 116)
(31, 246)
(31, 375)
(31, 253)
(32, 386)
(32, 260)
(32, 139)
(32, 142)
(32, 272)
(32, 279)
(32, 160)
(32, 33)
(32, 290)
(32, 295)
(32, 52)
(32, 310)
(32, 324)
(32, 208)
(32, 213)
(32, 225)
(32, 98)
(32, 101)
(32, 232)
(32, 109)
(32, 239)
(32, 254)
(33, 386)
(33, 260)
(33, 139)
(33, 142)
(33, 272)
(33, 279)
(33, 160)
(33, 290)
(33, 295)
(33, 52)
(33, 310)
(33, 324)
(33, 208)
(33, 213)
(33, 225)
(33, 98)
(33, 101)
(33, 232)
(33, 109)
(33, 239)
(33, 254)
(34, 129)
(34, 130)
(34, 138)
(34, 150)
(34, 283)
(34, 43)
(34, 175)
(34, 183)
(34, 66)
(34, 203)
(34, 205)
(34, 209)
(34, 82)
(34, 83)
(34, 341)
(34, 342)
(34, 344)
(34, 55)
(34, 96)
(34, 123)
(34, 108)
(34, 365)
(34, 117)
(34, 248)
(34, 121)
(34, 251)
(35, 256)
(35, 385)
(35, 258)
(35, 259)
(35, 389)
(35, 257)
(35, 392)
(35, 137)
(35, 397)
(35, 270)
(35, 276)
(35, 277)
(35, 217)
(35, 152)
(35, 291)
(35, 292)
(35, 176)
(35, 178)
(35, 243)
(35, 308)
(35, 58)
(35, 245)
(35, 192)
(35, 65)
(35, 322)
(35, 325)
(35, 72)
(35, 73)
(35, 202)
(35, 206)
(35, 339)
(35, 85)
(35, 86)
(35, 345)
(35, 355)
(35, 103)
(35, 234)
(35, 363)
(35, 364)
(35, 241)
(35, 114)
(35, 371)
(35, 373)
(35, 118)
(35, 377)
(35, 125)
(35, 383)
(36, 256)
(36, 192)
(36, 258)
(36, 389)
(36, 128)
(36, 274)
(36, 276)
(36, 277)
(36, 345)
(36, 152)
(36, 282)
(36, 163)
(36, 164)
(36, 113)
(36, 42)
(36, 178)
(36, 115)
(36, 56)
(36, 314)
(36, 320)
(36, 326)
(36, 329)
(36, 202)
(36, 85)
(36, 87)
(36, 217)
(36, 348)
(36, 354)
(36, 355)
(36, 103)
(36, 234)
(36, 240)
(36, 241)
(36, 371)
(36, 245)
(37, 388)
(37, 136)
(37, 265)
(37, 267)
(37, 173)
(37, 280)
(37, 155)
(37, 157)
(37, 40)
(37, 301)
(37, 46)
(37, 48)
(37, 49)
(37, 222)
(37, 312)
(37, 57)
(37, 53)
(37, 75)
(37, 333)
(37, 335)
(37, 81)
(37, 88)
(37, 221)
(37, 94)
(37, 227)
(37, 356)
(37, 233)
(37, 236)
(37, 376)
(37, 378)
(38, 258)
(38, 87)
(38, 273)
(38, 276)
(38, 56)
(38, 58)
(38, 245)
(38, 322)
(38, 323)
(38, 202)
(38, 206)
(38, 339)
(38, 86)
(38, 215)
(38, 355)
(38, 104)
(38, 363)
(38, 368)
(38, 369)
(38, 114)
(38, 373)
(38, 377)
(38, 127)
(39, 342)
(39, 268)
(39, 147)
(39, 150)
(39, 283)
(39, 156)
(39, 158)
(39, 41)
(39, 174)
(39, 307)
(39, 180)
(39, 309)
(39, 55)
(39, 186)
(39, 60)
(39, 317)
(39, 318)
(39, 181)
(39, 199)
(39, 140)
(39, 204)
(39, 205)
(39, 334)
(39, 79)
(39, 336)
(39, 209)
(39, 338)
(39, 83)
(39, 214)
(39, 105)
(39, 344)
(39, 346)
(39, 220)
(39, 96)
(39, 361)
(39, 108)
(39, 126)
(39, 375)
(39, 251)
(39, 382)
(40, 136)
(40, 265)
(40, 394)
(40, 267)
(40, 280)
(40, 157)
(40, 159)
(40, 48)
(40, 173)
(40, 304)
(40, 49)
(40, 53)
(40, 94)
(40, 312)
(40, 57)
(40, 61)
(40, 319)
(40, 64)
(40, 321)
(40, 75)
(40, 333)
(40, 335)
(40, 212)
(40, 343)
(40, 222)
(40, 227)
(40, 356)
(40, 233)
(40, 376)
(40, 249)
(40, 378)
(41, 342)
(41, 268)
(41, 150)
(41, 284)
(41, 158)
(41, 156)
(41, 307)
(41, 180)
(41, 309)
(41, 186)
(41, 60)
(41, 317)
(41, 318)
(41, 181)
(41, 199)
(41, 204)
(41, 205)
(41, 334)
(41, 336)
(41, 338)
(41, 83)
(41, 214)
(41, 105)
(41, 344)
(41, 346)
(41, 220)
(41, 96)
(41, 361)
(41, 108)
(41, 126)
(41, 375)
(41, 251)
(41, 382)
(42, 128)
(42, 115)
(42, 389)
(42, 268)
(42, 397)
(42, 274)
(42, 147)
(42, 284)
(42, 164)
(42, 113)
(42, 156)
(42, 47)
(42, 178)
(42, 307)
(42, 181)
(42, 60)
(42, 326)
(42, 327)
(42, 204)
(42, 336)
(42, 338)
(42, 85)
(42, 217)
(42, 346)
(42, 349)
(42, 223)
(42, 80)
(42, 231)
(42, 234)
(42, 241)
(42, 371)
(42, 246)
(42, 375)
(43, 129)
(43, 130)
(43, 391)
(43, 138)
(43, 140)
(43, 283)
(43, 168)
(43, 175)
(43, 183)
(43, 66)
(43, 68)
(43, 198)
(43, 203)
(43, 77)
(43, 78)
(43, 209)
(43, 82)
(43, 83)
(43, 341)
(43, 344)
(43, 91)
(43, 93)
(43, 55)
(43, 96)
(43, 108)
(43, 365)
(43, 366)
(43, 117)
(43, 248)
(43, 121)
(43, 123)
(43, 381)
(44, 132)
(44, 263)
(44, 395)
(44, 396)
(44, 398)
(44, 144)
(44, 275)
(44, 148)
(44, 278)
(44, 285)
(44, 288)
(44, 294)
(44, 297)
(44, 172)
(44, 302)
(44, 305)
(44, 51)
(44, 315)
(44, 196)
(44, 70)
(44, 71)
(44, 74)
(44, 207)
(44, 337)
(44, 84)
(44, 351)
(44, 224)
(44, 353)
(44, 228)
(44, 229)
(44, 359)
(44, 237)
(44, 367)
(44, 372)
(44, 247)
(45, 387)
(45, 135)
(45, 140)
(45, 398)
(45, 143)
(45, 275)
(45, 110)
(45, 281)
(45, 285)
(45, 287)
(45, 165)
(45, 294)
(45, 167)
(45, 168)
(45, 171)
(45, 174)
(45, 51)
(45, 311)
(45, 185)
(45, 67)
(45, 68)
(45, 330)
(45, 77)
(45, 79)
(45, 91)
(45, 226)
(45, 131)
(45, 230)
(45, 237)
(45, 238)
(45, 111)
(45, 242)
(45, 126)
(46, 388)
(46, 133)
(46, 136)
(46, 265)
(46, 267)
(46, 173)
(46, 146)
(46, 280)
(46, 155)
(46, 157)
(46, 301)
(46, 48)
(46, 49)
(46, 53)
(46, 312)
(46, 57)
(46, 187)
(46, 190)
(46, 75)
(46, 333)
(46, 335)
(46, 81)
(46, 122)
(46, 88)
(46, 221)
(46, 222)
(46, 95)
(46, 356)
(46, 124)
(46, 236)
(46, 376)
(46, 250)
(46, 252)
(47, 257)
(47, 387)
(47, 268)
(47, 397)
(47, 259)
(47, 284)
(47, 158)
(47, 292)
(47, 113)
(47, 156)
(47, 199)
(47, 174)
(47, 178)
(47, 307)
(47, 180)
(47, 309)
(47, 186)
(47, 60)
(47, 317)
(47, 181)
(47, 65)
(47, 326)
(47, 327)
(47, 204)
(47, 79)
(47, 336)
(47, 338)
(47, 85)
(47, 214)
(47, 105)
(47, 346)
(47, 220)
(47, 349)
(47, 223)
(47, 80)
(47, 131)
(47, 231)
(47, 361)
(47, 364)
(47, 125)
(47, 241)
(47, 147)
(47, 126)
(47, 246)
(47, 375)
(47, 253)
(47, 382)
(48, 388)
(48, 133)
(48, 136)
(48, 265)
(48, 394)
(48, 267)
(48, 271)
(48, 280)
(48, 155)
(48, 157)
(48, 159)
(48, 300)
(48, 301)
(48, 304)
(48, 49)
(48, 306)
(48, 94)
(48, 312)
(48, 57)
(48, 187)
(48, 61)
(48, 190)
(48, 53)
(48, 321)
(48, 75)
(48, 333)
(48, 335)
(48, 173)
(48, 212)
(48, 122)
(48, 343)
(48, 88)
(48, 221)
(48, 222)
(48, 95)
(48, 227)
(48, 356)
(48, 81)
(48, 233)
(48, 236)
(48, 376)
(48, 249)
(48, 378)
(48, 252)
(49, 136)
(49, 265)
(49, 394)
(49, 267)
(49, 280)
(49, 157)
(49, 159)
(49, 300)
(49, 173)
(49, 304)
(49, 53)
(49, 94)
(49, 312)
(49, 57)
(49, 61)
(49, 190)
(49, 319)
(49, 64)
(49, 321)
(49, 75)
(49, 333)
(49, 335)
(49, 81)
(49, 212)
(49, 122)
(49, 343)
(49, 88)
(49, 221)
(49, 222)
(49, 227)
(49, 356)
(49, 233)
(49, 376)
(49, 249)
(49, 378)
(50, 260)
(50, 262)
(50, 264)
(50, 139)
(50, 272)
(50, 151)
(50, 162)
(50, 295)
(50, 298)
(50, 310)
(50, 313)
(50, 188)
(50, 62)
(50, 191)
(50, 324)
(50, 76)
(50, 208)
(50, 210)
(50, 213)
(50, 216)
(50, 219)
(50, 92)
(50, 101)
(50, 144)
(50, 98)
(50, 357)
(50, 360)
(50, 109)
(50, 232)
(50, 63)
(50, 254)
(50, 255)
(51, 135)
(51, 398)
(51, 143)
(51, 275)
(51, 148)
(51, 110)
(51, 281)
(51, 285)
(51, 288)
(51, 165)
(51, 294)
(51, 167)
(51, 297)
(51, 171)
(51, 302)
(51, 311)
(51, 185)
(51, 315)
(51, 74)
(51, 67)
(51, 68)
(51, 70)
(51, 330)
(51, 91)
(51, 226)
(51, 228)
(51, 230)
(51, 237)
(51, 238)
(51, 372)
(52, 386)
(52, 260)
(52, 263)
(52, 395)
(52, 142)
(52, 144)
(52, 196)
(52, 160)
(52, 290)
(52, 298)
(52, 71)
(52, 172)
(52, 305)
(52, 310)
(52, 132)
(52, 139)
(52, 324)
(52, 225)
(52, 207)
(52, 208)
(52, 337)
(52, 101)
(52, 351)
(52, 224)
(52, 353)
(52, 98)
(52, 229)
(52, 359)
(52, 232)
(52, 239)
(52, 247)
(52, 254)
(53, 388)
(53, 133)
(53, 136)
(53, 265)
(53, 394)
(53, 267)
(53, 271)
(53, 149)
(53, 280)
(53, 155)
(53, 157)
(53, 159)
(53, 169)
(53, 300)
(53, 301)
(53, 221)
(53, 304)
(53, 306)
(53, 312)
(53, 57)
(53, 187)
(53, 61)
(53, 190)
(53, 321)
(53, 75)
(53, 333)
(53, 335)
(53, 173)
(53, 212)
(53, 122)
(53, 343)
(53, 88)
(53, 250)
(53, 94)
(53, 95)
(53, 227)
(53, 356)
(53, 81)
(53, 236)
(53, 376)
(53, 249)
(53, 378)
(53, 252)
(54, 171)
(54, 261)
(54, 134)
(54, 393)
(54, 266)
(54, 396)
(54, 141)
(54, 399)
(54, 145)
(54, 107)
(54, 278)
(54, 281)
(54, 154)
(54, 69)
(54, 287)
(54, 293)
(54, 166)
(54, 296)
(54, 170)
(54, 299)
(54, 303)
(54, 177)
(54, 182)
(54, 184)
(54, 59)
(54, 194)
(54, 195)
(54, 197)
(54, 200)
(54, 331)
(54, 332)
(54, 340)
(54, 89)
(54, 218)
(54, 347)
(54, 350)
(54, 352)
(54, 99)
(54, 230)
(54, 358)
(54, 362)
(54, 235)
(54, 238)
(54, 367)
(54, 112)
(54, 370)
(54, 244)
(54, 84)
(54, 143)
(55, 129)
(55, 130)
(55, 138)
(55, 140)
(55, 150)
(55, 283)
(55, 168)
(55, 78)
(55, 175)
(55, 183)
(55, 186)
(55, 318)
(55, 117)
(55, 66)
(55, 67)
(55, 68)
(55, 199)
(55, 203)
(55, 205)
(55, 334)
(55, 77)
(55, 209)
(55, 82)
(55, 83)
(55, 341)
(55, 342)
(55, 344)
(55, 91)
(55, 96)
(55, 226)
(55, 123)
(55, 108)
(55, 365)
(55, 111)
(55, 126)
(55, 248)
(55, 121)
(55, 251)
(55, 382)
(56, 256)
(56, 128)
(56, 258)
(56, 389)
(56, 273)
(56, 276)
(56, 152)
(56, 282)
(56, 240)
(56, 163)
(56, 115)
(56, 314)
(56, 245)
(56, 192)
(56, 322)
(56, 202)
(56, 206)
(56, 339)
(56, 86)
(56, 87)
(56, 345)
(56, 58)
(56, 354)
(56, 355)
(56, 103)
(56, 104)
(56, 234)
(56, 363)
(56, 368)
(56, 369)
(56, 114)
(56, 371)
(56, 373)
(56, 377)
(56, 383)
(57, 388)
(57, 133)
(57, 136)
(57, 265)
(57, 394)
(57, 267)
(57, 271)
(57, 280)
(57, 155)
(57, 157)
(57, 300)
(57, 301)
(57, 304)
(57, 94)
(57, 312)
(57, 187)
(57, 61)
(57, 190)
(57, 321)
(57, 75)
(57, 333)
(57, 335)
(57, 173)
(57, 212)
(57, 122)
(57, 343)
(57, 88)
(57, 221)
(57, 222)
(57, 95)
(57, 227)
(57, 356)
(57, 81)
(57, 233)
(57, 236)
(57, 376)
(57, 249)
(57, 378)
(57, 252)
(58, 256)
(58, 385)
(58, 258)
(58, 389)
(58, 137)
(58, 273)
(58, 276)
(58, 277)
(58, 217)
(58, 152)
(58, 291)
(58, 176)
(58, 243)
(58, 373)
(58, 192)
(58, 322)
(58, 323)
(58, 325)
(58, 73)
(58, 202)
(58, 206)
(58, 339)
(58, 86)
(58, 215)
(58, 345)
(58, 355)
(58, 103)
(58, 104)
(58, 234)
(58, 363)
(58, 369)
(58, 114)
(58, 371)
(58, 245)
(58, 118)
(58, 377)
(58, 127)
(58, 383)
(59, 384)
(59, 261)
(59, 134)
(59, 269)
(59, 145)
(59, 151)
(59, 69)
(59, 293)
(59, 166)
(59, 296)
(59, 170)
(59, 299)
(59, 303)
(59, 177)
(59, 306)
(59, 182)
(59, 184)
(59, 316)
(59, 189)
(59, 63)
(59, 193)
(59, 195)
(59, 197)
(59, 332)
(59, 89)
(59, 90)
(59, 347)
(59, 92)
(59, 350)
(59, 99)
(59, 358)
(59, 360)
(59, 362)
(59, 235)
(59, 112)
(59, 370)
(59, 244)
(59, 120)
(59, 106)
(60, 257)
(60, 131)
(60, 268)
(60, 397)
(60, 147)
(60, 284)
(60, 158)
(60, 292)
(60, 113)
(60, 156)
(60, 199)
(60, 174)
(60, 178)
(60, 307)
(60, 180)
(60, 309)
(60, 186)
(60, 317)
(60, 181)
(60, 326)
(60, 327)
(60, 204)
(60, 79)
(60, 336)
(60, 338)
(60, 85)
(60, 214)
(60, 105)
(60, 346)
(60, 220)
(60, 349)
(60, 223)
(60, 80)
(60, 231)
(60, 361)
(60, 364)
(60, 241)
(60, 126)
(60, 246)
(60, 375)
(60, 253)
(60, 382)
(61, 384)
(61, 394)
(61, 267)
(61, 269)
(61, 271)
(61, 149)
(61, 280)
(61, 159)
(61, 169)
(61, 170)
(61, 300)
(61, 173)
(61, 304)
(61, 306)
(61, 312)
(61, 316)
(61, 189)
(61, 190)
(61, 319)
(61, 64)
(61, 321)
(61, 75)
(61, 212)
(61, 343)
(61, 90)
(61, 122)
(61, 95)
(61, 97)
(61, 356)
(61, 106)
(61, 249)
(61, 378)
(61, 379)
(61, 252)
(62, 260)
(62, 262)
(62, 264)
(62, 139)
(62, 272)
(62, 151)
(62, 196)
(62, 162)
(62, 347)
(62, 134)
(62, 295)
(62, 298)
(62, 310)
(62, 313)
(62, 188)
(62, 63)
(62, 324)
(62, 76)
(62, 208)
(62, 210)
(62, 213)
(62, 216)
(62, 218)
(62, 219)
(62, 92)
(62, 101)
(62, 144)
(62, 98)
(62, 357)
(62, 360)
(62, 109)
(62, 232)
(62, 370)
(62, 247)
(62, 254)
(62, 255)
(63, 384)
(63, 262)
(63, 264)
(63, 151)
(63, 162)
(63, 347)
(63, 134)
(63, 313)
(63, 188)
(63, 191)
(63, 193)
(63, 195)
(63, 76)
(63, 216)
(63, 89)
(63, 219)
(63, 92)
(63, 357)
(63, 360)
(63, 316)
(63, 106)
(63, 370)
(63, 120)
(63, 380)
(63, 255)
(64, 384)
(64, 193)
(64, 394)
(64, 269)
(64, 159)
(64, 300)
(64, 173)
(64, 304)
(64, 306)
(64, 316)
(64, 189)
(64, 319)
(64, 321)
(64, 75)
(64, 212)
(64, 343)
(64, 90)
(64, 378)
(64, 94)
(64, 227)
(64, 356)
(64, 106)
(64, 120)
(64, 249)
(64, 122)
(64, 380)
(65, 385)
(65, 387)
(65, 257)
(65, 392)
(65, 393)
(65, 266)
(65, 397)
(65, 270)
(65, 399)
(65, 259)
(65, 277)
(65, 291)
(65, 292)
(65, 176)
(65, 178)
(65, 308)
(65, 194)
(65, 147)
(65, 325)
(65, 326)
(65, 72)
(65, 73)
(65, 141)
(65, 80)
(65, 217)
(65, 131)
(65, 102)
(65, 231)
(65, 107)
(65, 364)
(65, 125)
(65, 241)
(65, 243)
(65, 116)
(65, 246)
(65, 253)
(65, 383)
(66, 129)
(66, 130)
(66, 138)
(66, 150)
(66, 283)
(66, 175)
(66, 183)
(66, 203)
(66, 205)
(66, 78)
(66, 209)
(66, 82)
(66, 83)
(66, 341)
(66, 344)
(66, 96)
(66, 123)
(66, 108)
(66, 365)
(66, 117)
(66, 248)
(66, 121)
(66, 251)
(67, 130)
(67, 387)
(67, 342)
(67, 135)
(67, 140)
(67, 143)
(67, 131)
(67, 158)
(67, 165)
(67, 167)
(67, 168)
(67, 174)
(67, 175)
(67, 311)
(67, 185)
(67, 318)
(67, 117)
(67, 68)
(67, 199)
(67, 330)
(67, 77)
(67, 334)
(67, 79)
(67, 209)
(67, 214)
(67, 344)
(67, 91)
(67, 220)
(67, 96)
(67, 226)
(67, 105)
(67, 110)
(67, 111)
(67, 242)
(67, 126)
(67, 121)
(67, 382)
(68, 130)
(68, 391)
(68, 140)
(68, 110)
(68, 283)
(68, 289)
(68, 165)
(68, 167)
(68, 168)
(68, 78)
(68, 175)
(68, 183)
(68, 185)
(68, 318)
(68, 198)
(68, 161)
(68, 330)
(68, 311)
(68, 77)
(68, 334)
(68, 209)
(68, 341)
(68, 344)
(68, 91)
(68, 93)
(68, 96)
(68, 226)
(68, 237)
(68, 366)
(68, 111)
(68, 117)
(68, 121)
(68, 381)
(69, 171)
(69, 261)
(69, 134)
(69, 266)
(69, 396)
(69, 141)
(69, 399)
(69, 145)
(69, 107)
(69, 278)
(69, 151)
(69, 154)
(69, 287)
(69, 293)
(69, 166)
(69, 296)
(69, 170)
(69, 299)
(69, 303)
(69, 177)
(69, 182)
(69, 184)
(69, 313)
(69, 316)
(69, 195)
(69, 197)
(69, 200)
(69, 331)
(69, 332)
(69, 210)
(69, 340)
(69, 89)
(69, 218)
(69, 347)
(69, 92)
(69, 350)
(69, 352)
(69, 99)
(69, 230)
(69, 358)
(69, 362)
(69, 235)
(69, 238)
(69, 367)
(69, 112)
(69, 370)
(69, 244)
(69, 84)
(70, 398)
(70, 275)
(70, 148)
(70, 285)
(70, 288)
(70, 289)
(70, 294)
(70, 297)
(70, 302)
(70, 185)
(70, 315)
(70, 74)
(70, 161)
(70, 330)
(70, 228)
(70, 229)
(70, 359)
(70, 237)
(70, 366)
(70, 372)
(71, 386)
(71, 260)
(71, 263)
(71, 395)
(71, 396)
(71, 398)
(71, 144)
(71, 278)
(71, 196)
(71, 288)
(71, 294)
(71, 297)
(71, 298)
(71, 172)
(71, 302)
(71, 305)
(71, 132)
(71, 313)
(71, 315)
(71, 324)
(71, 74)
(71, 207)
(71, 337)
(71, 210)
(71, 84)
(71, 218)
(71, 351)
(71, 224)
(71, 353)
(71, 98)
(71, 228)
(71, 229)
(71, 359)
(71, 367)
(71, 372)
(71, 247)
(72, 385)
(72, 259)
(72, 390)
(72, 257)
(72, 392)
(72, 137)
(72, 266)
(72, 141)
(72, 270)
(72, 399)
(72, 149)
(72, 291)
(72, 169)
(72, 170)
(72, 176)
(72, 308)
(72, 73)
(72, 194)
(72, 325)
(72, 328)
(72, 201)
(72, 331)
(72, 211)
(72, 340)
(72, 350)
(72, 97)
(72, 102)
(72, 362)
(72, 364)
(72, 112)
(72, 114)
(72, 243)
(72, 118)
(72, 119)
(72, 379)
(72, 125)
(72, 383)
(73, 256)
(73, 385)
(73, 259)
(73, 390)
(73, 257)
(73, 392)
(73, 137)
(73, 266)
(73, 397)
(73, 270)
(73, 277)
(73, 291)
(73, 292)
(73, 169)
(73, 176)
(73, 308)
(73, 322)
(73, 325)
(73, 211)
(73, 328)
(73, 201)
(73, 331)
(73, 206)
(73, 141)
(73, 339)
(73, 340)
(73, 217)
(73, 97)
(73, 102)
(73, 194)
(73, 363)
(73, 364)
(73, 114)
(73, 243)
(73, 373)
(73, 118)
(73, 119)
(73, 379)
(73, 125)
(73, 383)
(74, 132)
(74, 263)
(74, 395)
(74, 396)
(74, 398)
(74, 275)
(74, 148)
(74, 278)
(74, 281)
(74, 285)
(74, 288)
(74, 294)
(74, 297)
(74, 172)
(74, 302)
(74, 305)
(74, 185)
(74, 315)
(74, 200)
(74, 330)
(74, 207)
(74, 337)
(74, 84)
(74, 351)
(74, 224)
(74, 228)
(74, 229)
(74, 359)
(74, 237)
(74, 367)
(74, 372)
(75, 388)
(75, 133)
(75, 136)
(75, 265)
(75, 394)
(75, 267)
(75, 271)
(75, 280)
(75, 157)
(75, 159)
(75, 300)
(75, 173)
(75, 304)
(75, 306)
(75, 94)
(75, 312)
(75, 187)
(75, 190)
(75, 319)
(75, 321)
(75, 333)
(75, 335)
(75, 81)
(75, 212)
(75, 122)
(75, 343)
(75, 88)
(75, 221)
(75, 222)
(75, 95)
(75, 227)
(75, 356)
(75, 233)
(75, 236)
(75, 376)
(75, 249)
(75, 378)
(75, 252)
(76, 262)
(76, 264)
(76, 139)
(76, 272)
(76, 151)
(76, 162)
(76, 295)
(76, 188)
(76, 191)
(76, 208)
(76, 213)
(76, 216)
(76, 219)
(76, 92)
(76, 101)
(76, 357)
(76, 360)
(76, 109)
(76, 380)
(76, 254)
(76, 255)
(77, 129)
(77, 130)
(77, 391)
(77, 140)
(77, 283)
(77, 167)
(77, 168)
(77, 135)
(77, 78)
(77, 174)
(77, 175)
(77, 183)
(77, 185)
(77, 318)
(77, 198)
(77, 199)
(77, 330)
(77, 205)
(77, 334)
(77, 79)
(77, 209)
(77, 83)
(77, 341)
(77, 342)
(77, 344)
(77, 91)
(77, 93)
(77, 96)
(77, 226)
(77, 108)
(77, 366)
(77, 111)
(77, 117)
(77, 121)
(77, 123)
(77, 381)
(77, 126)
(78, 129)
(78, 130)
(78, 391)
(78, 138)
(78, 283)
(78, 289)
(78, 175)
(78, 183)
(78, 198)
(78, 161)
(78, 203)
(78, 209)
(78, 82)
(78, 341)
(78, 93)
(78, 365)
(78, 366)
(78, 117)
(78, 248)
(78, 121)
(78, 123)
(78, 381)
(79, 387)
(79, 342)
(79, 135)
(79, 268)
(79, 147)
(79, 158)
(79, 292)
(79, 165)
(79, 167)
(79, 168)
(79, 174)
(79, 307)
(79, 180)
(79, 309)
(79, 311)
(79, 186)
(79, 317)
(79, 318)
(79, 199)
(79, 140)
(79, 334)
(79, 80)
(79, 214)
(79, 105)
(79, 344)
(79, 91)
(79, 220)
(79, 96)
(79, 226)
(79, 131)
(79, 231)
(79, 361)
(79, 110)
(79, 111)
(79, 242)
(79, 116)
(79, 126)
(79, 246)
(79, 375)
(79, 253)
(79, 382)
(80, 257)
(80, 387)
(80, 392)
(80, 268)
(80, 397)
(80, 259)
(80, 277)
(80, 284)
(80, 158)
(80, 292)
(80, 113)
(80, 174)
(80, 178)
(80, 307)
(80, 181)
(80, 186)
(80, 317)
(80, 326)
(80, 327)
(80, 204)
(80, 336)
(80, 338)
(80, 85)
(80, 214)
(80, 105)
(80, 217)
(80, 346)
(80, 220)
(80, 349)
(80, 223)
(80, 131)
(80, 231)
(80, 361)
(80, 364)
(80, 125)
(80, 241)
(80, 242)
(80, 147)
(80, 116)
(80, 246)
(80, 375)
(80, 253)
(80, 382)
(81, 388)
(81, 133)
(81, 136)
(81, 265)
(81, 267)
(81, 173)
(81, 146)
(81, 280)
(81, 155)
(81, 157)
(81, 301)
(81, 312)
(81, 187)
(81, 190)
(81, 333)
(81, 335)
(81, 122)
(81, 88)
(81, 250)
(81, 221)
(81, 222)
(81, 95)
(81, 356)
(81, 124)
(81, 236)
(81, 376)
(81, 378)
(81, 252)
(82, 129)
(82, 130)
(82, 138)
(82, 150)
(82, 283)
(82, 175)
(82, 183)
(82, 203)
(82, 205)
(82, 209)
(82, 83)
(82, 341)
(82, 344)
(82, 96)
(82, 123)
(82, 108)
(82, 365)
(82, 117)
(82, 248)
(82, 121)
(82, 251)
(83, 130)
(83, 342)
(83, 140)
(83, 150)
(83, 283)
(83, 158)
(83, 168)
(83, 174)
(83, 175)
(83, 180)
(83, 309)
(83, 183)
(83, 186)
(83, 317)
(83, 318)
(83, 117)
(83, 199)
(83, 205)
(83, 334)
(83, 209)
(83, 341)
(83, 214)
(83, 105)
(83, 344)
(83, 91)
(83, 220)
(83, 96)
(83, 123)
(83, 361)
(83, 108)
(83, 111)
(83, 126)
(83, 375)
(83, 121)
(83, 251)
(83, 382)
(84, 132)
(84, 262)
(84, 263)
(84, 395)
(84, 396)
(84, 398)
(84, 144)
(84, 278)
(84, 285)
(84, 162)
(84, 294)
(84, 177)
(84, 297)
(84, 298)
(84, 171)
(84, 172)
(84, 302)
(84, 305)
(84, 182)
(84, 184)
(84, 313)
(84, 315)
(84, 196)
(84, 197)
(84, 200)
(84, 332)
(84, 210)
(84, 218)
(84, 347)
(84, 92)
(84, 351)
(84, 224)
(84, 353)
(84, 229)
(84, 230)
(84, 358)
(84, 359)
(84, 235)
(84, 367)
(84, 372)
(84, 247)
(84, 255)
(85, 256)
(85, 128)
(85, 258)
(85, 115)
(85, 389)
(85, 268)
(85, 397)
(85, 274)
(85, 147)
(85, 277)
(85, 217)
(85, 152)
(85, 282)
(85, 284)
(85, 164)
(85, 113)
(85, 178)
(85, 307)
(85, 181)
(85, 192)
(85, 326)
(85, 327)
(85, 202)
(85, 204)
(85, 336)
(85, 338)
(85, 345)
(85, 346)
(85, 349)
(85, 223)
(85, 231)
(85, 234)
(85, 103)
(85, 241)
(85, 371)
(85, 246)
(85, 125)
(86, 256)
(86, 385)
(86, 258)
(86, 137)
(86, 273)
(86, 276)
(86, 152)
(86, 153)
(86, 286)
(86, 291)
(86, 176)
(86, 179)
(86, 202)
(86, 373)
(86, 192)
(86, 322)
(86, 323)
(86, 325)
(86, 201)
(86, 339)
(86, 206)
(86, 211)
(86, 215)
(86, 355)
(86, 103)
(86, 104)
(86, 363)
(86, 369)
(86, 114)
(86, 243)
(86, 245)
(86, 118)
(86, 377)
(86, 250)
(86, 127)
(86, 124)
(86, 383)
(87, 128)
(87, 192)
(87, 258)
(87, 389)
(87, 273)
(87, 274)
(87, 276)
(87, 152)
(87, 282)
(87, 368)
(87, 163)
(87, 115)
(87, 314)
(87, 320)
(87, 329)
(87, 202)
(87, 345)
(87, 348)
(87, 354)
(87, 355)
(87, 100)
(87, 103)
(87, 104)
(87, 234)
(87, 240)
(87, 371)
(87, 245)
(87, 374)
(87, 377)
(88, 388)
(88, 133)
(88, 136)
(88, 265)
(88, 267)
(88, 173)
(88, 146)
(88, 280)
(88, 155)
(88, 157)
(88, 301)
(88, 312)
(88, 187)
(88, 190)
(88, 333)
(88, 335)
(88, 221)
(88, 222)
(88, 95)
(88, 356)
(88, 233)
(88, 236)
(88, 376)
(89, 261)
(89, 134)
(89, 269)
(89, 145)
(89, 151)
(89, 90)
(89, 293)
(89, 166)
(89, 296)
(89, 170)
(89, 299)
(89, 303)
(89, 177)
(89, 182)
(89, 184)
(89, 316)
(89, 189)
(89, 193)
(89, 195)
(89, 197)
(89, 200)
(89, 331)
(89, 332)
(89, 210)
(89, 340)
(89, 218)
(89, 347)
(89, 92)
(89, 350)
(89, 352)
(89, 99)
(89, 358)
(89, 360)
(89, 362)
(89, 235)
(89, 112)
(89, 370)
(89, 244)
(89, 120)
(90, 384)
(90, 261)
(90, 134)
(90, 269)
(90, 271)
(90, 145)
(90, 149)
(90, 159)
(90, 293)
(90, 166)
(90, 169)
(90, 170)
(90, 299)
(90, 300)
(90, 303)
(90, 304)
(90, 306)
(90, 316)
(90, 189)
(90, 193)
(90, 195)
(90, 212)
(90, 343)
(90, 350)
(90, 97)
(90, 99)
(90, 360)
(90, 362)
(90, 370)
(90, 244)
(90, 120)
(90, 122)
(90, 379)
(90, 106)
(91, 130)
(91, 391)
(91, 140)
(91, 283)
(91, 165)
(91, 167)
(91, 168)
(91, 135)
(91, 174)
(91, 175)
(91, 183)
(91, 185)
(91, 318)
(91, 198)
(91, 199)
(91, 330)
(91, 311)
(91, 334)
(91, 209)
(91, 341)
(91, 342)
(91, 344)
(91, 93)
(91, 96)
(91, 226)
(91, 108)
(91, 110)
(91, 111)
(91, 242)
(91, 117)
(91, 121)
(91, 381)
(91, 126)
(92, 262)
(92, 264)
(92, 145)
(92, 278)
(92, 151)
(92, 162)
(92, 293)
(92, 298)
(92, 299)
(92, 177)
(92, 182)
(92, 184)
(92, 313)
(92, 316)
(92, 134)
(92, 191)
(92, 193)
(92, 195)
(92, 197)
(92, 200)
(92, 332)
(92, 210)
(92, 216)
(92, 218)
(92, 347)
(92, 99)
(92, 357)
(92, 358)
(92, 360)
(92, 188)
(92, 235)
(92, 367)
(92, 370)
(92, 247)
(92, 120)
(92, 255)
(93, 129)
(93, 130)
(93, 391)
(93, 148)
(93, 289)
(93, 185)
(93, 198)
(93, 161)
(93, 330)
(93, 203)
(93, 341)
(93, 366)
(93, 117)
(93, 248)
(93, 121)
(93, 381)
(94, 136)
(94, 265)
(94, 394)
(94, 267)
(94, 280)
(94, 157)
(94, 173)
(94, 304)
(94, 312)
(94, 319)
(94, 321)
(94, 333)
(94, 335)
(94, 212)
(94, 343)
(94, 221)
(94, 222)
(94, 227)
(94, 356)
(94, 233)
(94, 376)
(94, 249)
(94, 378)
(95, 388)
(95, 133)
(95, 136)
(95, 267)
(95, 271)
(95, 146)
(95, 149)
(95, 280)
(95, 153)
(95, 155)
(95, 169)
(95, 300)
(95, 301)
(95, 312)
(95, 187)
(95, 190)
(95, 201)
(95, 333)
(95, 335)
(95, 173)
(95, 211)
(95, 122)
(95, 250)
(95, 97)
(95, 356)
(95, 124)
(95, 236)
(95, 378)
(95, 379)
(95, 252)
(96, 129)
(96, 130)
(96, 342)
(96, 138)
(96, 140)
(96, 150)
(96, 283)
(96, 158)
(96, 167)
(96, 168)
(96, 174)
(96, 175)
(96, 180)
(96, 183)
(96, 186)
(96, 318)
(96, 117)
(96, 199)
(96, 205)
(96, 334)
(96, 209)
(96, 341)
(96, 214)
(96, 344)
(96, 220)
(96, 226)
(96, 123)
(96, 108)
(96, 111)
(96, 126)
(96, 121)
(96, 251)
(96, 382)
(97, 385)
(97, 261)
(97, 390)
(97, 269)
(97, 270)
(97, 271)
(97, 145)
(97, 149)
(97, 291)
(97, 293)
(97, 166)
(97, 296)
(97, 169)
(97, 170)
(97, 300)
(97, 303)
(97, 176)
(97, 306)
(97, 189)
(97, 190)
(97, 194)
(97, 328)
(97, 201)
(97, 331)
(97, 141)
(97, 211)
(97, 340)
(97, 350)
(97, 102)
(97, 362)
(97, 112)
(97, 244)
(97, 118)
(97, 119)
(97, 122)
(97, 379)
(97, 252)
(98, 386)
(98, 260)
(98, 262)
(98, 264)
(98, 395)
(98, 142)
(98, 272)
(98, 279)
(98, 196)
(98, 160)
(98, 290)
(98, 295)
(98, 298)
(98, 172)
(98, 305)
(98, 310)
(98, 132)
(98, 313)
(98, 139)
(98, 324)
(98, 225)
(98, 162)
(98, 207)
(98, 208)
(98, 337)
(98, 210)
(98, 213)
(98, 101)
(98, 351)
(98, 224)
(98, 353)
(98, 357)
(98, 232)
(98, 144)
(98, 109)
(98, 239)
(98, 247)
(98, 254)
(98, 255)
(99, 171)
(99, 261)
(99, 134)
(99, 141)
(99, 399)
(99, 145)
(99, 278)
(99, 151)
(99, 154)
(99, 287)
(99, 293)
(99, 166)
(99, 296)
(99, 170)
(99, 299)
(99, 303)
(99, 177)
(99, 182)
(99, 184)
(99, 313)
(99, 316)
(99, 195)
(99, 197)
(99, 200)
(99, 331)
(99, 332)
(99, 210)
(99, 340)
(99, 218)
(99, 347)
(99, 350)
(99, 352)
(99, 230)
(99, 358)
(99, 360)
(99, 362)
(99, 235)
(99, 238)
(99, 367)
(99, 112)
(99, 370)
(99, 244)
(100, 320)
(100, 240)
(100, 354)
(100, 163)
(100, 329)
(100, 128)
(100, 368)
(100, 374)
(100, 314)
(100, 348)
(100, 282)
(101, 386)
(101, 260)
(101, 262)
(101, 264)
(101, 139)
(101, 142)
(101, 272)
(101, 279)
(101, 196)
(101, 160)
(101, 290)
(101, 295)
(101, 298)
(101, 310)
(101, 324)
(101, 225)
(101, 162)
(101, 208)
(101, 213)
(101, 219)
(101, 353)
(101, 357)
(101, 232)
(101, 144)
(101, 109)
(101, 239)
(101, 254)
(101, 255)
(102, 385)
(102, 261)
(102, 390)
(102, 392)
(102, 393)
(102, 266)
(102, 141)
(102, 270)
(102, 399)
(102, 149)
(102, 154)
(102, 291)
(102, 166)
(102, 296)
(102, 169)
(102, 170)
(102, 303)
(102, 176)
(102, 308)
(102, 194)
(102, 325)
(102, 328)
(102, 201)
(102, 331)
(102, 211)
(102, 340)
(102, 271)
(102, 350)
(102, 362)
(102, 112)
(102, 243)
(102, 244)
(102, 118)
(102, 119)
(102, 379)
(103, 256)
(103, 128)
(103, 258)
(103, 115)
(103, 389)
(103, 397)
(103, 273)
(103, 274)
(103, 276)
(103, 277)
(103, 217)
(103, 152)
(103, 282)
(103, 163)
(103, 178)
(103, 371)
(103, 373)
(103, 192)
(103, 322)
(103, 325)
(103, 202)
(103, 206)
(103, 339)
(103, 345)
(103, 354)
(103, 355)
(103, 104)
(103, 234)
(103, 363)
(103, 240)
(103, 241)
(103, 114)
(103, 243)
(103, 245)
(103, 377)
(103, 125)
(103, 383)
(104, 256)
(104, 258)
(104, 389)
(104, 273)
(104, 276)
(104, 152)
(104, 282)
(104, 240)
(104, 245)
(104, 192)
(104, 322)
(104, 202)
(104, 206)
(104, 339)
(104, 215)
(104, 345)
(104, 354)
(104, 355)
(104, 234)
(104, 363)
(104, 368)
(104, 369)
(104, 114)
(104, 371)
(104, 373)
(104, 377)
(104, 127)
(104, 383)
(105, 387)
(105, 214)
(105, 135)
(105, 268)
(105, 147)
(105, 284)
(105, 158)
(105, 156)
(105, 199)
(105, 174)
(105, 178)
(105, 307)
(105, 180)
(105, 309)
(105, 186)
(105, 317)
(105, 318)
(105, 181)
(105, 326)
(105, 327)
(105, 140)
(105, 204)
(105, 334)
(105, 336)
(105, 338)
(105, 342)
(105, 344)
(105, 346)
(105, 220)
(105, 349)
(105, 223)
(105, 131)
(105, 231)
(105, 361)
(105, 241)
(105, 242)
(105, 126)
(105, 246)
(105, 375)
(105, 253)
(105, 382)
(106, 384)
(106, 394)
(106, 269)
(106, 145)
(106, 159)
(106, 300)
(106, 304)
(106, 306)
(106, 316)
(106, 189)
(106, 191)
(106, 193)
(106, 212)
(106, 343)
(106, 360)
(106, 120)
(106, 378)
(106, 319)
(106, 380)
(107, 257)
(107, 387)
(107, 261)
(107, 135)
(107, 392)
(107, 393)
(107, 266)
(107, 141)
(107, 399)
(107, 259)
(107, 110)
(107, 281)
(107, 154)
(107, 287)
(107, 292)
(107, 293)
(107, 166)
(107, 296)
(107, 171)
(107, 303)
(107, 311)
(107, 194)
(107, 331)
(107, 332)
(107, 340)
(107, 143)
(107, 350)
(107, 165)
(107, 352)
(107, 131)
(107, 230)
(107, 362)
(107, 364)
(107, 238)
(107, 112)
(107, 242)
(107, 116)
(107, 253)
(108, 129)
(108, 130)
(108, 138)
(108, 140)
(108, 150)
(108, 283)
(108, 168)
(108, 175)
(108, 180)
(108, 183)
(108, 186)
(108, 318)
(108, 199)
(108, 203)
(108, 205)
(108, 334)
(108, 209)
(108, 341)
(108, 342)
(108, 344)
(108, 123)
(108, 365)
(108, 111)
(108, 117)
(108, 248)
(108, 121)
(108, 251)
(108, 126)
(109, 260)
(109, 262)
(109, 264)
(109, 139)
(109, 142)
(109, 272)
(109, 279)
(109, 160)
(109, 290)
(109, 295)
(109, 298)
(109, 310)
(109, 324)
(109, 162)
(109, 208)
(109, 213)
(109, 216)
(109, 219)
(109, 225)
(109, 357)
(109, 232)
(109, 239)
(109, 254)
(109, 255)
(110, 387)
(110, 135)
(110, 393)
(110, 398)
(110, 143)
(110, 131)
(110, 281)
(110, 285)
(110, 287)
(110, 165)
(110, 294)
(110, 167)
(110, 168)
(110, 171)
(110, 174)
(110, 311)
(110, 185)
(110, 226)
(110, 230)
(110, 237)
(110, 238)
(110, 111)
(110, 242)
(110, 116)
(110, 126)
(111, 130)
(111, 342)
(111, 391)
(111, 140)
(111, 283)
(111, 158)
(111, 165)
(111, 167)
(111, 168)
(111, 135)
(111, 174)
(111, 175)
(111, 183)
(111, 185)
(111, 186)
(111, 318)
(111, 117)
(111, 198)
(111, 199)
(111, 330)
(111, 311)
(111, 205)
(111, 334)
(111, 209)
(111, 341)
(111, 214)
(111, 344)
(111, 220)
(111, 226)
(111, 242)
(111, 126)
(111, 121)
(111, 381)
(111, 382)
(112, 171)
(112, 261)
(112, 390)
(112, 392)
(112, 393)
(112, 266)
(112, 141)
(112, 270)
(112, 399)
(112, 145)
(112, 149)
(112, 154)
(112, 287)
(112, 293)
(112, 166)
(112, 296)
(112, 170)
(112, 299)
(112, 303)
(112, 308)
(112, 182)
(112, 116)
(112, 189)
(112, 194)
(112, 195)
(112, 197)
(112, 328)
(112, 331)
(112, 332)
(112, 340)
(112, 350)
(112, 352)
(112, 230)
(112, 362)
(112, 238)
(112, 244)
(112, 119)
(112, 379)
(113, 115)
(113, 268)
(113, 274)
(113, 147)
(113, 284)
(113, 164)
(113, 156)
(113, 178)
(113, 307)
(113, 181)
(113, 326)
(113, 327)
(113, 204)
(113, 336)
(113, 338)
(113, 217)
(113, 346)
(113, 349)
(113, 223)
(113, 231)
(113, 361)
(113, 234)
(113, 241)
(113, 371)
(113, 246)
(113, 375)
(114, 256)
(114, 385)
(114, 258)
(114, 389)
(114, 137)
(114, 270)
(114, 273)
(114, 276)
(114, 277)
(114, 217)
(114, 152)
(114, 291)
(114, 176)
(114, 243)
(114, 308)
(114, 245)
(114, 192)
(114, 322)
(114, 323)
(114, 325)
(114, 211)
(114, 201)
(114, 202)
(114, 206)
(114, 339)
(114, 215)
(114, 345)
(114, 355)
(114, 234)
(114, 363)
(114, 369)
(114, 371)
(114, 373)
(114, 118)
(114, 377)
(114, 127)
(114, 125)
(114, 383)
(115, 256)
(115, 192)
(115, 258)
(115, 389)
(115, 128)
(115, 274)
(115, 276)
(115, 277)
(115, 345)
(115, 152)
(115, 282)
(115, 163)
(115, 164)
(115, 178)
(115, 314)
(115, 320)
(115, 326)
(115, 329)
(115, 202)
(115, 217)
(115, 354)
(115, 355)
(115, 234)
(115, 240)
(115, 241)
(115, 371)
(115, 245)
(116, 257)
(116, 387)
(116, 135)
(116, 392)
(116, 393)
(116, 266)
(116, 397)
(116, 399)
(116, 259)
(116, 281)
(116, 154)
(116, 287)
(116, 292)
(116, 165)
(116, 296)
(116, 171)
(116, 174)
(116, 308)
(116, 194)
(116, 331)
(116, 141)
(116, 340)
(116, 143)
(116, 352)
(116, 131)
(116, 230)
(116, 231)
(116, 364)
(116, 238)
(116, 125)
(116, 242)
(116, 253)
(117, 129)
(117, 130)
(117, 391)
(117, 138)
(117, 140)
(117, 283)
(117, 289)
(117, 167)
(117, 168)
(117, 175)
(117, 183)
(117, 185)
(117, 318)
(117, 198)
(117, 330)
(117, 203)
(117, 205)
(117, 334)
(117, 209)
(117, 341)
(117, 342)
(117, 344)
(117, 226)
(117, 365)
(117, 366)
(117, 248)
(117, 121)
(117, 123)
(117, 381)
(118, 385)
(118, 390)
(118, 392)
(118, 137)
(118, 194)
(118, 270)
(118, 149)
(118, 127)
(118, 153)
(118, 291)
(118, 169)
(118, 176)
(118, 308)
(118, 322)
(118, 325)
(118, 328)
(118, 201)
(118, 339)
(118, 331)
(118, 206)
(118, 141)
(118, 211)
(118, 340)
(118, 215)
(118, 363)
(118, 243)
(118, 373)
(118, 119)
(118, 250)
(118, 379)
(118, 252)
(118, 125)
(118, 383)
(119, 385)
(119, 261)
(119, 390)
(119, 392)
(119, 266)
(119, 141)
(119, 270)
(119, 399)
(119, 149)
(119, 154)
(119, 291)
(119, 166)
(119, 296)
(119, 169)
(119, 170)
(119, 303)
(119, 176)
(119, 308)
(119, 189)
(119, 194)
(119, 325)
(119, 328)
(119, 201)
(119, 331)
(119, 211)
(119, 340)
(119, 271)
(119, 350)
(119, 362)
(119, 243)
(119, 244)
(119, 379)
(119, 252)
(120, 384)
(120, 134)
(120, 264)
(120, 269)
(120, 145)
(120, 151)
(120, 159)
(120, 306)
(120, 316)
(120, 191)
(120, 193)
(120, 195)
(120, 216)
(120, 347)
(120, 360)
(120, 188)
(120, 370)
(120, 380)
(121, 129)
(121, 130)
(121, 391)
(121, 138)
(121, 140)
(121, 150)
(121, 283)
(121, 167)
(121, 168)
(121, 175)
(121, 183)
(121, 185)
(121, 318)
(121, 198)
(121, 199)
(121, 330)
(121, 203)
(121, 205)
(121, 334)
(121, 209)
(121, 341)
(121, 342)
(121, 344)
(121, 226)
(121, 123)
(121, 365)
(121, 248)
(121, 251)
(121, 381)
(121, 126)
(122, 133)
(122, 136)
(122, 265)
(122, 394)
(122, 267)
(122, 269)
(122, 271)
(122, 149)
(122, 280)
(122, 159)
(122, 169)
(122, 300)
(122, 173)
(122, 304)
(122, 306)
(122, 312)
(122, 187)
(122, 189)
(122, 190)
(122, 333)
(122, 335)
(122, 212)
(122, 343)
(122, 250)
(122, 356)
(122, 236)
(122, 376)
(122, 378)
(122, 379)
(122, 252)
(123, 129)
(123, 130)
(123, 138)
(123, 140)
(123, 150)
(123, 283)
(123, 168)
(123, 175)
(123, 183)
(123, 203)
(123, 205)
(123, 209)
(123, 341)
(123, 342)
(123, 344)
(123, 365)
(123, 248)
(123, 251)
(124, 388)
(124, 133)
(124, 137)
(124, 146)
(124, 153)
(124, 155)
(124, 286)
(124, 301)
(124, 179)
(124, 187)
(124, 190)
(124, 322)
(124, 323)
(124, 211)
(124, 215)
(124, 236)
(124, 250)
(124, 252)
(124, 127)
(125, 256)
(125, 385)
(125, 258)
(125, 259)
(125, 257)
(125, 392)
(125, 393)
(125, 266)
(125, 397)
(125, 270)
(125, 131)
(125, 277)
(125, 152)
(125, 291)
(125, 292)
(125, 176)
(125, 178)
(125, 308)
(125, 192)
(125, 194)
(125, 325)
(125, 326)
(125, 217)
(125, 349)
(125, 231)
(125, 234)
(125, 364)
(125, 241)
(125, 243)
(125, 373)
(125, 246)
(125, 253)
(125, 383)
(126, 130)
(126, 387)
(126, 342)
(126, 135)
(126, 268)
(126, 147)
(126, 158)
(126, 167)
(126, 168)
(126, 174)
(126, 175)
(126, 307)
(126, 180)
(126, 309)
(126, 186)
(126, 317)
(126, 318)
(126, 199)
(126, 140)
(126, 205)
(126, 334)
(126, 209)
(126, 338)
(126, 214)
(126, 344)
(126, 220)
(126, 226)
(126, 131)
(126, 231)
(126, 361)
(126, 242)
(126, 375)
(126, 251)
(126, 253)
(126, 382)
(127, 256)
(127, 385)
(127, 258)
(127, 137)
(127, 273)
(127, 276)
(127, 153)
(127, 286)
(127, 291)
(127, 176)
(127, 179)
(127, 202)
(127, 373)
(127, 322)
(127, 323)
(127, 325)
(127, 201)
(127, 339)
(127, 206)
(127, 211)
(127, 215)
(127, 355)
(127, 363)
(127, 369)
(127, 243)
(127, 245)
(127, 377)
(127, 250)
(127, 383)
(128, 192)
(128, 258)
(128, 389)
(128, 274)
(128, 276)
(128, 152)
(128, 282)
(128, 368)
(128, 163)
(128, 164)
(128, 314)
(128, 320)
(128, 329)
(128, 202)
(128, 345)
(128, 348)
(128, 354)
(128, 355)
(128, 234)
(128, 240)
(128, 371)
(128, 245)
(128, 374)
(129, 130)
(129, 391)
(129, 138)
(129, 283)
(129, 175)
(129, 183)
(129, 198)
(129, 203)
(129, 209)
(129, 341)
(129, 365)
(129, 248)
(129, 381)
(130, 391)
(130, 138)
(130, 140)
(130, 150)
(130, 283)
(130, 167)
(130, 168)
(130, 175)
(130, 183)
(130, 185)
(130, 318)
(130, 198)
(130, 199)
(130, 330)
(130, 203)
(130, 205)
(130, 334)
(130, 209)
(130, 341)
(130, 342)
(130, 344)
(130, 226)
(130, 365)
(130, 248)
(130, 251)
(130, 381)
(131, 257)
(131, 387)
(131, 135)
(131, 392)
(131, 393)
(131, 268)
(131, 397)
(131, 143)
(131, 259)
(131, 158)
(131, 292)
(131, 165)
(131, 174)
(131, 307)
(131, 186)
(131, 199)
(131, 334)
(131, 214)
(131, 220)
(131, 349)
(131, 231)
(131, 361)
(131, 364)
(131, 241)
(131, 242)
(131, 147)
(131, 246)
(131, 375)
(131, 253)
(131, 382)
(132, 386)
(132, 260)
(132, 263)
(132, 395)
(132, 396)
(132, 398)
(132, 144)
(132, 278)
(132, 196)
(132, 288)
(132, 162)
(132, 294)
(132, 297)
(132, 298)
(132, 172)
(132, 302)
(132, 305)
(132, 310)
(132, 313)
(132, 315)
(132, 139)
(132, 324)
(132, 200)
(132, 207)
(132, 337)
(132, 210)
(132, 218)
(132, 351)
(132, 224)
(132, 353)
(132, 228)
(132, 229)
(132, 359)
(132, 367)
(132, 372)
(132, 247)
(133, 388)
(133, 136)
(133, 267)
(133, 271)
(133, 146)
(133, 149)
(133, 280)
(133, 153)
(133, 155)
(133, 286)
(133, 169)
(133, 300)
(133, 301)
(133, 179)
(133, 312)
(133, 187)
(133, 190)
(133, 333)
(133, 335)
(133, 173)
(133, 211)
(133, 250)
(133, 356)
(133, 236)
(133, 378)
(133, 379)
(133, 252)
(134, 261)
(134, 262)
(134, 264)
(134, 145)
(134, 151)
(134, 162)
(134, 293)
(134, 166)
(134, 299)
(134, 303)
(134, 177)
(134, 182)
(134, 184)
(134, 313)
(134, 316)
(134, 191)
(134, 193)
(134, 195)
(134, 197)
(134, 200)
(134, 332)
(134, 210)
(134, 218)
(134, 347)
(134, 357)
(134, 358)
(134, 360)
(134, 188)
(134, 235)
(134, 370)
(134, 244)
(134, 247)
(134, 255)
(135, 387)
(135, 393)
(135, 140)
(135, 143)
(135, 281)
(135, 285)
(135, 158)
(135, 287)
(135, 165)
(135, 167)
(135, 168)
(135, 171)
(135, 174)
(135, 311)
(135, 199)
(135, 334)
(135, 214)
(135, 220)
(135, 226)
(135, 230)
(135, 238)
(135, 242)
(135, 253)
(135, 382)
(136, 388)
(136, 265)
(136, 394)
(136, 267)
(136, 173)
(136, 280)
(136, 155)
(136, 157)
(136, 301)
(136, 304)
(136, 312)
(136, 187)
(136, 190)
(136, 321)
(136, 333)
(136, 335)
(136, 212)
(136, 343)
(136, 221)
(136, 222)
(136, 227)
(136, 356)
(136, 233)
(136, 236)
(136, 376)
(136, 249)
(136, 378)
(137, 256)
(137, 385)
(137, 270)
(137, 276)
(137, 153)
(137, 286)
(137, 291)
(137, 176)
(137, 179)
(137, 308)
(137, 373)
(137, 322)
(137, 323)
(137, 325)
(137, 211)
(137, 328)
(137, 201)
(137, 206)
(137, 339)
(137, 215)
(137, 355)
(137, 363)
(137, 369)
(137, 243)
(137, 245)
(137, 377)
(137, 250)
(137, 383)
(138, 283)
(138, 175)
(138, 183)
(138, 203)
(138, 209)
(138, 341)
(138, 344)
(138, 365)
(138, 248)
(139, 386)
(139, 260)
(139, 262)
(139, 264)
(139, 395)
(139, 142)
(139, 272)
(139, 279)
(139, 196)
(139, 160)
(139, 290)
(139, 295)
(139, 298)
(139, 310)
(139, 313)
(139, 324)
(139, 225)
(139, 162)
(139, 208)
(139, 210)
(139, 213)
(139, 216)
(139, 219)
(139, 351)
(139, 224)
(139, 353)
(139, 357)
(139, 232)
(139, 144)
(139, 239)
(139, 247)
(139, 254)
(139, 255)
(140, 342)
(140, 150)
(140, 283)
(140, 158)
(140, 167)
(140, 168)
(140, 174)
(140, 175)
(140, 180)
(140, 183)
(140, 185)
(140, 186)
(140, 318)
(140, 199)
(140, 205)
(140, 334)
(140, 209)
(140, 341)
(140, 214)
(140, 344)
(140, 220)
(140, 226)
(140, 361)
(140, 242)
(140, 251)
(140, 382)
(141, 385)
(141, 259)
(141, 261)
(141, 390)
(141, 257)
(141, 392)
(141, 393)
(141, 266)
(141, 270)
(141, 399)
(141, 145)
(141, 154)
(141, 287)
(141, 291)
(141, 292)
(141, 293)
(141, 166)
(141, 296)
(141, 170)
(141, 303)
(141, 176)
(141, 308)
(141, 194)
(141, 328)
(141, 201)
(141, 331)
(141, 332)
(141, 340)
(141, 350)
(141, 352)
(141, 230)
(141, 362)
(141, 364)
(141, 238)
(141, 244)
(141, 379)
(142, 386)
(142, 260)
(142, 272)
(142, 279)
(142, 160)
(142, 290)
(142, 295)
(142, 310)
(142, 324)
(142, 208)
(142, 213)
(142, 225)
(142, 232)
(142, 239)
(142, 254)
(143, 387)
(143, 393)
(143, 266)
(143, 398)
(143, 399)
(143, 281)
(143, 154)
(143, 285)
(143, 287)
(143, 165)
(143, 294)
(143, 296)
(143, 171)
(143, 182)
(143, 311)
(143, 200)
(143, 332)
(143, 352)
(143, 230)
(143, 238)
(143, 242)
(143, 253)
(144, 386)
(144, 260)
(144, 262)
(144, 263)
(144, 264)
(144, 395)
(144, 396)
(144, 278)
(144, 196)
(144, 290)
(144, 298)
(144, 172)
(144, 302)
(144, 305)
(144, 310)
(144, 313)
(144, 315)
(144, 324)
(144, 225)
(144, 162)
(144, 207)
(144, 208)
(144, 337)
(144, 210)
(144, 218)
(144, 351)
(144, 224)
(144, 353)
(144, 229)
(144, 357)
(144, 358)
(144, 359)
(144, 367)
(144, 247)
(144, 254)
(144, 255)
(145, 384)
(145, 261)
(145, 269)
(145, 149)
(145, 151)
(145, 159)
(145, 293)
(145, 166)
(145, 296)
(145, 170)
(145, 299)
(145, 303)
(145, 177)
(145, 306)
(145, 182)
(145, 184)
(145, 316)
(145, 189)
(145, 193)
(145, 195)
(145, 197)
(145, 331)
(145, 332)
(145, 340)
(145, 347)
(145, 350)
(145, 352)
(145, 358)
(145, 360)
(145, 362)
(145, 235)
(145, 370)
(145, 244)
(145, 379)
(146, 388)
(146, 153)
(146, 155)
(146, 301)
(146, 179)
(146, 286)
(146, 187)
(146, 190)
(146, 323)
(146, 333)
(146, 211)
(146, 215)
(146, 252)
(146, 236)
(146, 250)
(147, 257)
(147, 387)
(147, 268)
(147, 397)
(147, 259)
(147, 284)
(147, 158)
(147, 292)
(147, 156)
(147, 199)
(147, 174)
(147, 178)
(147, 307)
(147, 180)
(147, 309)
(147, 186)
(147, 317)
(147, 181)
(147, 326)
(147, 327)
(147, 204)
(147, 336)
(147, 338)
(147, 214)
(147, 346)
(147, 220)
(147, 349)
(147, 223)
(147, 231)
(147, 361)
(147, 364)
(147, 241)
(147, 246)
(147, 375)
(147, 253)
(147, 382)
(148, 391)
(148, 398)
(148, 275)
(148, 285)
(148, 288)
(148, 289)
(148, 294)
(148, 167)
(148, 297)
(148, 185)
(148, 198)
(148, 161)
(148, 330)
(148, 228)
(148, 229)
(148, 359)
(148, 237)
(148, 366)
(148, 372)
(148, 381)
(149, 261)
(149, 390)
(149, 269)
(149, 270)
(149, 271)
(149, 159)
(149, 169)
(149, 170)
(149, 300)
(149, 173)
(149, 306)
(149, 316)
(149, 189)
(149, 190)
(149, 328)
(149, 201)
(149, 331)
(149, 211)
(149, 340)
(149, 350)
(149, 356)
(149, 362)
(149, 244)
(149, 379)
(149, 252)
(150, 342)
(150, 283)
(150, 175)
(150, 180)
(150, 309)
(150, 183)
(150, 186)
(150, 317)
(150, 318)
(150, 199)
(150, 205)
(150, 334)
(150, 209)
(150, 341)
(150, 214)
(150, 344)
(150, 251)
(150, 382)
(151, 262)
(151, 264)
(151, 162)
(151, 347)
(151, 298)
(151, 299)
(151, 177)
(151, 182)
(151, 184)
(151, 313)
(151, 316)
(151, 191)
(151, 193)
(151, 195)
(151, 197)
(151, 210)
(151, 216)
(151, 218)
(151, 219)
(151, 357)
(151, 358)
(151, 360)
(151, 188)
(151, 235)
(151, 370)
(151, 247)
(151, 380)
(151, 254)
(151, 255)
(152, 256)
(152, 258)
(152, 389)
(152, 397)
(152, 273)
(152, 274)
(152, 276)
(152, 277)
(152, 217)
(152, 282)
(152, 240)
(152, 163)
(152, 178)
(152, 243)
(152, 245)
(152, 192)
(152, 322)
(152, 325)
(152, 202)
(152, 206)
(152, 339)
(152, 345)
(152, 354)
(152, 355)
(152, 234)
(152, 363)
(152, 368)
(152, 241)
(152, 371)
(152, 373)
(152, 377)
(152, 383)
(153, 155)
(153, 301)
(153, 179)
(153, 286)
(153, 187)
(153, 322)
(153, 323)
(153, 201)
(153, 211)
(153, 215)
(153, 252)
(153, 363)
(153, 236)
(153, 339)
(153, 250)
(154, 257)
(154, 387)
(154, 261)
(154, 392)
(154, 393)
(154, 266)
(154, 399)
(154, 259)
(154, 171)
(154, 281)
(154, 287)
(154, 293)
(154, 166)
(154, 296)
(154, 299)
(154, 303)
(154, 182)
(154, 184)
(154, 194)
(154, 197)
(154, 200)
(154, 331)
(154, 332)
(154, 340)
(154, 350)
(154, 352)
(154, 230)
(154, 362)
(154, 235)
(154, 364)
(154, 238)
(154, 244)
(155, 388)
(155, 267)
(155, 157)
(155, 286)
(155, 301)
(155, 179)
(155, 312)
(155, 187)
(155, 190)
(155, 333)
(155, 335)
(155, 221)
(155, 236)
(155, 250)
(155, 252)
(156, 268)
(156, 284)
(156, 164)
(156, 307)
(156, 180)
(156, 181)
(156, 186)
(156, 317)
(156, 309)
(156, 326)
(156, 327)
(156, 204)
(156, 336)
(156, 338)
(156, 214)
(156, 346)
(156, 220)
(156, 349)
(156, 223)
(156, 361)
(156, 246)
(156, 375)
(156, 382)
(157, 388)
(157, 265)
(157, 267)
(157, 173)
(157, 280)
(157, 301)
(157, 312)
(157, 187)
(157, 190)
(157, 333)
(157, 335)
(157, 221)
(157, 222)
(157, 227)
(157, 356)
(157, 233)
(157, 236)
(157, 376)
(157, 378)
(158, 387)
(158, 214)
(158, 268)
(158, 174)
(158, 307)
(158, 180)
(158, 309)
(158, 186)
(158, 317)
(158, 318)
(158, 181)
(158, 326)
(158, 199)
(158, 204)
(158, 205)
(158, 334)
(158, 336)
(158, 338)
(158, 342)
(158, 344)
(158, 220)
(158, 349)
(158, 223)
(158, 231)
(158, 361)
(158, 242)
(158, 246)
(158, 375)
(158, 253)
(158, 382)
(159, 384)
(159, 193)
(159, 394)
(159, 267)
(159, 269)
(159, 271)
(159, 280)
(159, 170)
(159, 300)
(159, 173)
(159, 304)
(159, 306)
(159, 316)
(159, 189)
(159, 190)
(159, 319)
(159, 321)
(159, 212)
(159, 343)
(159, 356)
(159, 249)
(159, 378)
(160, 386)
(160, 260)
(160, 272)
(160, 279)
(160, 290)
(160, 295)
(160, 310)
(160, 324)
(160, 225)
(160, 208)
(160, 213)
(160, 353)
(160, 232)
(160, 239)
(160, 254)
(161, 288)
(161, 289)
(161, 228)
(161, 198)
(161, 391)
(161, 330)
(161, 237)
(161, 366)
(161, 275)
(161, 185)
(161, 381)
(162, 260)
(162, 262)
(162, 263)
(162, 264)
(162, 396)
(162, 272)
(162, 278)
(162, 196)
(162, 219)
(162, 177)
(162, 298)
(162, 305)
(162, 310)
(162, 184)
(162, 313)
(162, 188)
(162, 195)
(162, 324)
(162, 182)
(162, 208)
(162, 210)
(162, 216)
(162, 218)
(162, 347)
(162, 351)
(162, 353)
(162, 357)
(162, 358)
(162, 360)
(162, 235)
(162, 367)
(162, 370)
(162, 247)
(162, 254)
(162, 255)
(163, 258)
(163, 389)
(163, 274)
(163, 276)
(163, 282)
(163, 368)
(163, 314)
(163, 320)
(163, 329)
(163, 202)
(163, 345)
(163, 348)
(163, 354)
(163, 234)
(163, 240)
(163, 371)
(163, 374)
(164, 274)
(164, 284)
(164, 178)
(164, 307)
(164, 181)
(164, 326)
(164, 327)
(164, 204)
(164, 336)
(164, 338)
(164, 346)
(164, 349)
(164, 223)
(165, 387)
(165, 398)
(165, 275)
(165, 281)
(165, 285)
(165, 287)
(165, 294)
(165, 167)
(165, 171)
(165, 174)
(165, 311)
(165, 185)
(165, 330)
(165, 226)
(165, 230)
(165, 237)
(165, 238)
(165, 242)
(166, 171)
(166, 261)
(166, 390)
(166, 393)
(166, 266)
(166, 399)
(166, 287)
(166, 293)
(166, 296)
(166, 170)
(166, 299)
(166, 303)
(166, 177)
(166, 182)
(166, 184)
(166, 316)
(166, 189)
(166, 194)
(166, 195)
(166, 197)
(166, 200)
(166, 331)
(166, 332)
(166, 340)
(166, 347)
(166, 350)
(166, 352)
(166, 230)
(166, 358)
(166, 362)
(166, 235)
(166, 238)
(166, 370)
(166, 244)
(167, 391)
(167, 398)
(167, 275)
(167, 281)
(167, 285)
(167, 294)
(167, 168)
(167, 174)
(167, 175)
(167, 311)
(167, 185)
(167, 198)
(167, 330)
(167, 334)
(167, 226)
(167, 237)
(167, 366)
(167, 242)
(167, 381)
(168, 342)
(168, 391)
(168, 283)
(168, 174)
(168, 175)
(168, 183)
(168, 185)
(168, 186)
(168, 318)
(168, 198)
(168, 199)
(168, 330)
(168, 205)
(168, 334)
(168, 209)
(168, 341)
(168, 214)
(168, 344)
(168, 226)
(168, 242)
(168, 381)
(168, 382)
(169, 385)
(169, 390)
(169, 269)
(169, 270)
(169, 271)
(169, 291)
(169, 170)
(169, 300)
(169, 173)
(169, 176)
(169, 306)
(169, 189)
(169, 190)
(169, 194)
(169, 328)
(169, 201)
(169, 331)
(169, 211)
(169, 340)
(169, 350)
(169, 356)
(169, 362)
(169, 244)
(169, 250)
(169, 379)
(169, 252)
(170, 261)
(170, 390)
(170, 266)
(170, 269)
(170, 399)
(170, 293)
(170, 296)
(170, 299)
(170, 300)
(170, 303)
(170, 306)
(170, 316)
(170, 189)
(170, 194)
(170, 195)
(170, 328)
(170, 331)
(170, 340)
(170, 271)
(170, 350)
(170, 352)
(170, 362)
(170, 244)
(170, 379)
(170, 252)
(171, 387)
(171, 393)
(171, 266)
(171, 396)
(171, 398)
(171, 399)
(171, 278)
(171, 281)
(171, 285)
(171, 287)
(171, 293)
(171, 294)
(171, 296)
(171, 299)
(171, 302)
(171, 303)
(171, 177)
(171, 182)
(171, 311)
(171, 184)
(171, 315)
(171, 197)
(171, 200)
(171, 332)
(171, 218)
(171, 352)
(171, 230)
(171, 358)
(171, 235)
(171, 237)
(171, 238)
(171, 367)
(172, 386)
(172, 260)
(172, 263)
(172, 395)
(172, 396)
(172, 278)
(172, 196)
(172, 288)
(172, 297)
(172, 298)
(172, 302)
(172, 305)
(172, 310)
(172, 315)
(172, 324)
(172, 207)
(172, 337)
(172, 351)
(172, 224)
(172, 353)
(172, 228)
(172, 229)
(172, 359)
(172, 372)
(172, 247)
(173, 388)
(173, 265)
(173, 394)
(173, 267)
(173, 269)
(173, 271)
(173, 280)
(173, 300)
(173, 301)
(173, 304)
(173, 306)
(173, 312)
(173, 187)
(173, 189)
(173, 190)
(173, 319)
(173, 321)
(173, 333)
(173, 335)
(173, 212)
(173, 343)
(173, 221)
(173, 227)
(173, 356)
(173, 236)
(173, 376)
(173, 249)
(173, 378)
(173, 379)
(173, 252)
(174, 387)
(174, 342)
(174, 268)
(174, 307)
(174, 180)
(174, 309)
(174, 186)
(174, 317)
(174, 318)
(174, 181)
(174, 199)
(174, 334)
(174, 338)
(174, 214)
(174, 344)
(174, 220)
(174, 349)
(174, 226)
(174, 231)
(174, 361)
(174, 242)
(174, 246)
(174, 375)
(174, 253)
(174, 382)
(175, 391)
(175, 283)
(175, 183)
(175, 318)
(175, 198)
(175, 199)
(175, 203)
(175, 205)
(175, 334)
(175, 209)
(175, 341)
(175, 342)
(175, 344)
(175, 226)
(175, 365)
(175, 248)
(175, 251)
(175, 381)
(176, 256)
(176, 385)
(176, 390)
(176, 392)
(176, 194)
(176, 270)
(176, 277)
(176, 291)
(176, 308)
(176, 322)
(176, 325)
(176, 211)
(176, 328)
(176, 201)
(176, 331)
(176, 206)
(176, 339)
(176, 340)
(176, 215)
(176, 363)
(176, 243)
(176, 373)
(176, 379)
(176, 383)
(177, 230)
(177, 261)
(177, 262)
(177, 263)
(177, 264)
(177, 396)
(177, 278)
(177, 287)
(177, 293)
(177, 296)
(177, 298)
(177, 299)
(177, 302)
(177, 303)
(177, 182)
(177, 184)
(177, 313)
(177, 315)
(177, 316)
(177, 195)
(177, 197)
(177, 200)
(177, 332)
(177, 210)
(177, 218)
(177, 347)
(177, 351)
(177, 352)
(177, 357)
(177, 358)
(177, 360)
(177, 235)
(177, 367)
(177, 370)
(177, 244)
(177, 247)
(177, 255)
(178, 257)
(178, 389)
(178, 268)
(178, 397)
(178, 274)
(178, 277)
(178, 284)
(178, 292)
(178, 307)
(178, 181)
(178, 192)
(178, 326)
(178, 327)
(178, 204)
(178, 336)
(178, 338)
(178, 217)
(178, 346)
(178, 349)
(178, 223)
(178, 231)
(178, 361)
(178, 234)
(178, 364)
(178, 241)
(178, 371)
(178, 246)
(178, 375)
(178, 253)
(179, 301)
(179, 286)
(179, 187)
(179, 322)
(179, 323)
(179, 211)
(179, 215)
(179, 363)
(179, 369)
(179, 339)
(179, 250)
(180, 342)
(180, 268)
(180, 284)
(180, 199)
(180, 307)
(180, 309)
(180, 186)
(180, 317)
(180, 318)
(180, 181)
(180, 327)
(180, 204)
(180, 205)
(180, 334)
(180, 336)
(180, 338)
(180, 214)
(180, 344)
(180, 346)
(180, 220)
(180, 349)
(180, 231)
(180, 361)
(180, 375)
(180, 251)
(180, 382)
(181, 268)
(181, 284)
(181, 199)
(181, 307)
(181, 309)
(181, 186)
(181, 317)
(181, 326)
(181, 327)
(181, 204)
(181, 336)
(181, 338)
(181, 214)
(181, 346)
(181, 220)
(181, 349)
(181, 223)
(181, 231)
(181, 361)
(181, 241)
(181, 246)
(181, 375)
(181, 382)
(182, 261)
(182, 263)
(182, 396)
(182, 399)
(182, 278)
(182, 281)
(182, 287)
(182, 293)
(182, 294)
(182, 296)
(182, 299)
(182, 302)
(182, 303)
(182, 184)
(182, 313)
(182, 315)
(182, 195)
(182, 197)
(182, 200)
(182, 332)
(182, 210)
(182, 218)
(182, 347)
(182, 350)
(182, 351)
(182, 352)
(182, 230)
(182, 358)
(182, 235)
(182, 238)
(182, 367)
(182, 370)
(182, 247)
(182, 255)
(183, 391)
(183, 283)
(183, 318)
(183, 198)
(183, 203)
(183, 205)
(183, 334)
(183, 209)
(183, 341)
(183, 342)
(183, 344)
(183, 226)
(183, 365)
(183, 248)
(183, 251)
(183, 381)
(184, 261)
(184, 262)
(184, 263)
(184, 396)
(184, 278)
(184, 281)
(184, 287)
(184, 293)
(184, 296)
(184, 298)
(184, 299)
(184, 302)
(184, 303)
(184, 305)
(184, 313)
(184, 315)
(184, 195)
(184, 197)
(184, 200)
(184, 332)
(184, 210)
(184, 218)
(184, 347)
(184, 350)
(184, 351)
(184, 352)
(184, 230)
(184, 358)
(184, 235)
(184, 238)
(184, 367)
(184, 370)
(184, 247)
(184, 255)
(185, 391)
(185, 398)
(185, 275)
(185, 289)
(185, 294)
(185, 285)
(185, 311)
(185, 198)
(185, 330)
(185, 226)
(185, 237)
(185, 366)
(185, 381)
(186, 342)
(186, 268)
(186, 284)
(186, 307)
(186, 309)
(186, 317)
(186, 318)
(186, 199)
(186, 204)
(186, 205)
(186, 334)
(186, 336)
(186, 338)
(186, 214)
(186, 344)
(186, 346)
(186, 220)
(186, 349)
(186, 231)
(186, 361)
(186, 246)
(186, 375)
(186, 251)
(186, 382)
(187, 388)
(187, 267)
(187, 271)
(187, 286)
(187, 301)
(187, 190)
(187, 333)
(187, 335)
(187, 211)
(187, 221)
(187, 356)
(187, 236)
(187, 250)
(187, 252)
(188, 262)
(188, 264)
(188, 272)
(188, 347)
(188, 193)
(188, 216)
(188, 219)
(188, 357)
(188, 360)
(188, 370)
(188, 191)
(188, 380)
(188, 255)
(189, 384)
(189, 261)
(189, 390)
(189, 269)
(189, 271)
(189, 293)
(189, 299)
(189, 300)
(189, 303)
(189, 304)
(189, 306)
(189, 316)
(189, 190)
(189, 331)
(189, 340)
(189, 343)
(189, 350)
(189, 356)
(189, 362)
(189, 244)
(189, 378)
(189, 379)
(189, 252)
(190, 388)
(190, 265)
(190, 394)
(190, 267)
(190, 269)
(190, 271)
(190, 280)
(190, 300)
(190, 301)
(190, 221)
(190, 304)
(190, 306)
(190, 312)
(190, 333)
(190, 335)
(190, 212)
(190, 343)
(190, 250)
(190, 356)
(190, 236)
(190, 376)
(190, 378)
(190, 379)
(190, 252)
(191, 384)
(191, 264)
(191, 316)
(191, 193)
(191, 216)
(191, 347)
(191, 357)
(191, 360)
(191, 370)
(191, 380)
(192, 256)
(192, 385)
(192, 258)
(192, 389)
(192, 397)
(192, 273)
(192, 274)
(192, 276)
(192, 277)
(192, 217)
(192, 282)
(192, 243)
(192, 373)
(192, 322)
(192, 325)
(192, 202)
(192, 206)
(192, 339)
(192, 345)
(192, 354)
(192, 355)
(192, 234)
(192, 363)
(192, 241)
(192, 371)
(192, 245)
(192, 377)
(192, 383)
(193, 384)
(193, 269)
(193, 306)
(193, 316)
(193, 347)
(193, 360)
(193, 370)
(193, 380)
(194, 385)
(194, 259)
(194, 261)
(194, 390)
(194, 257)
(194, 392)
(194, 393)
(194, 266)
(194, 270)
(194, 399)
(194, 287)
(194, 291)
(194, 292)
(194, 293)
(194, 296)
(194, 303)
(194, 308)
(194, 328)
(194, 201)
(194, 331)
(194, 340)
(194, 350)
(194, 352)
(194, 362)
(194, 364)
(194, 243)
(194, 244)
(194, 379)
(195, 261)
(195, 262)
(195, 278)
(195, 293)
(195, 296)
(195, 299)
(195, 303)
(195, 313)
(195, 316)
(195, 197)
(195, 200)
(195, 332)
(195, 210)
(195, 218)
(195, 347)
(195, 350)
(195, 352)
(195, 358)
(195, 230)
(195, 360)
(195, 362)
(195, 235)
(195, 367)
(195, 370)
(195, 244)
(195, 255)
(196, 386)
(196, 260)
(196, 262)
(196, 263)
(196, 395)
(196, 396)
(196, 278)
(196, 290)
(196, 297)
(196, 298)
(196, 302)
(196, 305)
(196, 310)
(196, 313)
(196, 315)
(196, 324)
(196, 225)
(196, 207)
(196, 208)
(196, 337)
(196, 210)
(196, 218)
(196, 351)
(196, 224)
(196, 353)
(196, 229)
(196, 357)
(196, 359)
(196, 367)
(196, 247)
(196, 254)
(196, 255)
(197, 261)
(197, 396)
(197, 399)
(197, 278)
(197, 287)
(197, 293)
(197, 296)
(197, 299)
(197, 303)
(197, 313)
(197, 315)
(197, 316)
(197, 200)
(197, 332)
(197, 210)
(197, 218)
(197, 347)
(197, 350)
(197, 352)
(197, 230)
(197, 358)
(197, 360)
(197, 362)
(197, 235)
(197, 238)
(197, 367)
(197, 370)
(197, 244)
(197, 247)
(198, 391)
(198, 289)
(198, 330)
(198, 203)
(198, 209)
(198, 341)
(198, 226)
(198, 366)
(198, 248)
(198, 381)
(199, 342)
(199, 268)
(199, 283)
(199, 307)
(199, 309)
(199, 317)
(199, 318)
(199, 204)
(199, 205)
(199, 334)
(199, 336)
(199, 209)
(199, 338)
(199, 214)
(199, 344)
(199, 220)
(199, 226)
(199, 231)
(199, 361)
(199, 242)
(199, 375)
(199, 251)
(199, 382)
(200, 263)
(200, 396)
(200, 398)
(200, 278)
(200, 281)
(200, 285)
(200, 287)
(200, 293)
(200, 294)
(200, 296)
(200, 299)
(200, 302)
(200, 303)
(200, 305)
(200, 313)
(200, 315)
(200, 332)
(200, 210)
(200, 218)
(200, 347)
(200, 351)
(200, 352)
(200, 230)
(200, 358)
(200, 235)
(200, 238)
(200, 367)
(200, 370)
(200, 247)
(201, 385)
(201, 390)
(201, 270)
(201, 271)
(201, 291)
(201, 308)
(201, 322)
(201, 325)
(201, 328)
(201, 339)
(201, 331)
(201, 211)
(201, 340)
(201, 215)
(201, 363)
(201, 243)
(201, 373)
(201, 250)
(201, 379)
(201, 252)
(201, 383)
(202, 256)
(202, 258)
(202, 389)
(202, 273)
(202, 274)
(202, 276)
(202, 277)
(202, 217)
(202, 282)
(202, 240)
(202, 243)
(202, 245)
(202, 322)
(202, 325)
(202, 206)
(202, 339)
(202, 345)
(202, 354)
(202, 355)
(202, 234)
(202, 363)
(202, 368)
(202, 369)
(202, 371)
(202, 373)
(202, 377)
(202, 383)
(203, 283)
(203, 209)
(203, 341)
(203, 365)
(203, 248)
(204, 268)
(204, 284)
(204, 307)
(204, 309)
(204, 317)
(204, 326)
(204, 327)
(204, 336)
(204, 338)
(204, 214)
(204, 346)
(204, 220)
(204, 349)
(204, 223)
(204, 231)
(204, 361)
(204, 241)
(204, 246)
(204, 375)
(204, 382)
(205, 342)
(205, 283)
(205, 309)
(205, 317)
(205, 318)
(205, 334)
(205, 209)
(205, 341)
(205, 214)
(205, 344)
(205, 220)
(205, 365)
(205, 251)
(205, 382)
(206, 256)
(206, 385)
(206, 258)
(206, 389)
(206, 273)
(206, 276)
(206, 277)
(206, 217)
(206, 282)
(206, 291)
(206, 243)
(206, 308)
(206, 373)
(206, 322)
(206, 325)
(206, 339)
(206, 215)
(206, 345)
(206, 355)
(206, 234)
(206, 363)
(206, 369)
(206, 371)
(206, 245)
(206, 377)
(206, 383)
(207, 386)
(207, 260)
(207, 263)
(207, 395)
(207, 288)
(207, 297)
(207, 305)
(207, 324)
(207, 337)
(207, 351)
(207, 224)
(207, 353)
(207, 228)
(207, 229)
(207, 359)
(207, 372)
(208, 386)
(208, 260)
(208, 262)
(208, 264)
(208, 272)
(208, 279)
(208, 290)
(208, 295)
(208, 298)
(208, 310)
(208, 324)
(208, 225)
(208, 213)
(208, 216)
(208, 219)
(208, 353)
(208, 357)
(208, 232)
(208, 239)
(208, 254)
(208, 255)
(209, 283)
(209, 318)
(209, 334)
(209, 341)
(209, 342)
(209, 344)
(209, 226)
(209, 365)
(209, 248)
(209, 251)
(210, 260)
(210, 262)
(210, 263)
(210, 264)
(210, 395)
(210, 396)
(210, 278)
(210, 298)
(210, 299)
(210, 302)
(210, 305)
(210, 313)
(210, 315)
(210, 332)
(210, 218)
(210, 347)
(210, 351)
(210, 224)
(210, 353)
(210, 357)
(210, 358)
(210, 360)
(210, 235)
(210, 367)
(210, 370)
(210, 247)
(210, 254)
(210, 255)
(211, 385)
(211, 390)
(211, 270)
(211, 271)
(211, 286)
(211, 291)
(211, 308)
(211, 322)
(211, 323)
(211, 325)
(211, 328)
(211, 339)
(211, 215)
(211, 363)
(211, 243)
(211, 250)
(211, 379)
(211, 252)
(212, 384)
(212, 265)
(212, 394)
(212, 267)
(212, 269)
(212, 280)
(212, 300)
(212, 304)
(212, 306)
(212, 312)
(212, 319)
(212, 321)
(212, 335)
(212, 343)
(212, 227)
(212, 356)
(212, 376)
(212, 249)
(212, 378)
(213, 260)
(213, 264)
(213, 272)
(213, 279)
(213, 290)
(213, 295)
(213, 298)
(213, 310)
(213, 324)
(213, 216)
(213, 219)
(213, 225)
(213, 357)
(213, 232)
(213, 239)
(213, 254)
(214, 387)
(214, 268)
(214, 307)
(214, 309)
(214, 317)
(214, 318)
(214, 334)
(214, 336)
(214, 338)
(214, 342)
(214, 344)
(214, 346)
(214, 220)
(214, 349)
(214, 223)
(214, 231)
(214, 361)
(214, 242)
(214, 246)
(214, 375)
(214, 251)
(214, 253)
(214, 382)
(215, 385)
(215, 273)
(215, 276)
(215, 286)
(215, 373)
(215, 322)
(215, 323)
(215, 325)
(215, 339)
(215, 355)
(215, 363)
(215, 369)
(215, 243)
(215, 245)
(215, 377)
(215, 250)
(215, 383)
(216, 262)
(216, 264)
(216, 272)
(216, 295)
(216, 313)
(216, 219)
(216, 357)
(216, 360)
(216, 380)
(216, 254)
(216, 255)
(217, 256)
(217, 385)
(217, 258)
(217, 389)
(217, 257)
(217, 392)
(217, 397)
(217, 274)
(217, 276)
(217, 277)
(217, 282)
(217, 291)
(217, 292)
(217, 243)
(217, 308)
(217, 245)
(217, 325)
(217, 326)
(217, 339)
(217, 345)
(217, 349)
(217, 223)
(217, 355)
(217, 234)
(217, 364)
(217, 241)
(217, 371)
(217, 373)
(217, 246)
(217, 377)
(217, 383)
(218, 230)
(218, 262)
(218, 263)
(218, 264)
(218, 395)
(218, 396)
(218, 278)
(218, 298)
(218, 299)
(218, 302)
(218, 305)
(218, 313)
(218, 315)
(218, 332)
(218, 347)
(218, 351)
(218, 224)
(218, 353)
(218, 229)
(218, 357)
(218, 358)
(218, 359)
(218, 235)
(218, 367)
(218, 370)
(218, 247)
(218, 255)
(219, 262)
(219, 264)
(219, 272)
(219, 295)
(219, 298)
(219, 310)
(219, 357)
(219, 232)
(219, 254)
(219, 255)
(220, 387)
(220, 268)
(220, 284)
(220, 307)
(220, 309)
(220, 317)
(220, 318)
(220, 326)
(220, 334)
(220, 336)
(220, 338)
(220, 342)
(220, 344)
(220, 346)
(220, 349)
(220, 223)
(220, 231)
(220, 361)
(220, 242)
(220, 246)
(220, 375)
(220, 253)
(220, 382)
(221, 388)
(221, 265)
(221, 267)
(221, 280)
(221, 301)
(221, 312)
(221, 333)
(221, 335)
(221, 222)
(221, 356)
(221, 233)
(221, 236)
(221, 376)
(222, 388)
(222, 265)
(222, 267)
(222, 280)
(222, 312)
(222, 321)
(222, 333)
(222, 335)
(222, 227)
(222, 233)
(222, 376)
(223, 268)
(223, 397)
(223, 274)
(223, 284)
(223, 307)
(223, 309)
(223, 317)
(223, 326)
(223, 327)
(223, 336)
(223, 338)
(223, 346)
(223, 349)
(223, 231)
(223, 361)
(223, 241)
(223, 246)
(223, 375)
(223, 382)
(224, 386)
(224, 260)
(224, 263)
(224, 395)
(224, 396)
(224, 278)
(224, 288)
(224, 294)
(224, 297)
(224, 298)
(224, 302)
(224, 305)
(224, 310)
(224, 313)
(224, 315)
(224, 324)
(224, 337)
(224, 351)
(224, 353)
(224, 228)
(224, 229)
(224, 359)
(224, 367)
(224, 372)
(224, 247)
(225, 386)
(225, 260)
(225, 279)
(225, 290)
(225, 295)
(225, 310)
(225, 324)
(225, 353)
(225, 232)
(225, 272)
(225, 239)
(225, 254)
(226, 387)
(226, 391)
(226, 285)
(226, 311)
(226, 318)
(226, 330)
(226, 334)
(226, 344)
(226, 237)
(226, 242)
(226, 381)
(227, 265)
(227, 394)
(227, 267)
(227, 280)
(227, 304)
(227, 312)
(227, 319)
(227, 321)
(227, 333)
(227, 335)
(227, 343)
(227, 356)
(227, 233)
(227, 376)
(227, 249)
(227, 378)
(228, 395)
(228, 398)
(228, 275)
(228, 285)
(228, 288)
(228, 289)
(228, 294)
(228, 297)
(228, 302)
(228, 305)
(228, 330)
(228, 337)
(228, 229)
(228, 359)
(228, 237)
(228, 372)
(229, 386)
(229, 263)
(229, 395)
(229, 396)
(229, 398)
(229, 275)
(229, 278)
(229, 285)
(229, 288)
(229, 294)
(229, 297)
(229, 302)
(229, 305)
(229, 315)
(229, 337)
(229, 351)
(229, 353)
(229, 359)
(229, 237)
(229, 367)
(229, 372)
(229, 247)
(230, 387)
(230, 261)
(230, 393)
(230, 266)
(230, 396)
(230, 398)
(230, 399)
(230, 278)
(230, 281)
(230, 285)
(230, 287)
(230, 293)
(230, 294)
(230, 296)
(230, 299)
(230, 302)
(230, 303)
(230, 311)
(230, 315)
(230, 332)
(230, 350)
(230, 352)
(230, 358)
(230, 235)
(230, 238)
(230, 367)
(231, 257)
(231, 387)
(231, 392)
(231, 268)
(231, 397)
(231, 259)
(231, 284)
(231, 292)
(231, 307)
(231, 309)
(231, 317)
(231, 326)
(231, 327)
(231, 336)
(231, 338)
(231, 346)
(231, 349)
(231, 361)
(231, 364)
(231, 241)
(231, 242)
(231, 246)
(231, 375)
(231, 253)
(231, 382)
(232, 386)
(232, 260)
(232, 272)
(232, 279)
(232, 290)
(232, 295)
(232, 298)
(232, 310)
(232, 324)
(232, 239)
(232, 254)
(233, 265)
(233, 394)
(233, 280)
(233, 312)
(233, 321)
(233, 333)
(233, 335)
(233, 376)
(233, 249)
(234, 256)
(234, 258)
(234, 389)
(234, 397)
(234, 273)
(234, 274)
(234, 276)
(234, 277)
(234, 282)
(234, 373)
(234, 326)
(234, 345)
(234, 354)
(234, 355)
(234, 240)
(234, 241)
(234, 371)
(234, 245)
(234, 377)
(234, 383)
(235, 261)
(235, 262)
(235, 263)
(235, 396)
(235, 278)
(235, 281)
(235, 287)
(235, 293)
(235, 296)
(235, 299)
(235, 302)
(235, 303)
(235, 313)
(235, 315)
(235, 332)
(235, 347)
(235, 350)
(235, 351)
(235, 352)
(235, 358)
(235, 238)
(235, 367)
(235, 370)
(235, 244)
(235, 247)
(235, 255)
(236, 388)
(236, 265)
(236, 267)
(236, 280)
(236, 301)
(236, 312)
(236, 333)
(236, 335)
(236, 356)
(236, 250)
(236, 252)
(237, 263)
(237, 396)
(237, 398)
(237, 275)
(237, 281)
(237, 288)
(237, 294)
(237, 297)
(237, 302)
(237, 285)
(237, 311)
(237, 315)
(237, 330)
(237, 359)
(237, 372)
(238, 387)
(238, 261)
(238, 393)
(238, 266)
(238, 398)
(238, 399)
(238, 281)
(238, 285)
(238, 287)
(238, 293)
(238, 294)
(238, 296)
(238, 303)
(238, 311)
(238, 315)
(238, 331)
(238, 332)
(238, 350)
(238, 352)
(238, 367)
(238, 242)
(239, 386)
(239, 260)
(239, 272)
(239, 279)
(239, 290)
(239, 295)
(239, 310)
(239, 324)
(239, 353)
(239, 254)
(240, 258)
(240, 389)
(240, 273)
(240, 274)
(240, 276)
(240, 282)
(240, 314)
(240, 320)
(240, 329)
(240, 345)
(240, 348)
(240, 354)
(240, 355)
(240, 368)
(240, 371)
(240, 245)
(240, 374)
(240, 377)
(241, 256)
(241, 257)
(241, 258)
(241, 259)
(241, 389)
(241, 392)
(241, 268)
(241, 397)
(241, 274)
(241, 277)
(241, 284)
(241, 292)
(241, 307)
(241, 326)
(241, 327)
(241, 336)
(241, 338)
(241, 346)
(241, 349)
(241, 361)
(241, 364)
(241, 371)
(241, 246)
(241, 375)
(241, 253)
(241, 383)
(242, 257)
(242, 387)
(242, 393)
(242, 259)
(242, 281)
(242, 287)
(242, 292)
(242, 311)
(242, 334)
(242, 364)
(242, 253)
(242, 382)
(243, 256)
(243, 385)
(243, 258)
(243, 259)
(243, 390)
(243, 257)
(243, 392)
(243, 397)
(243, 270)
(243, 276)
(243, 277)
(243, 291)
(243, 292)
(243, 308)
(243, 245)
(243, 322)
(243, 325)
(243, 328)
(243, 339)
(243, 363)
(243, 364)
(243, 373)
(243, 377)
(243, 383)
(244, 261)
(244, 390)
(244, 269)
(244, 399)
(244, 293)
(244, 296)
(244, 299)
(244, 303)
(244, 306)
(244, 316)
(244, 266)
(244, 328)
(244, 331)
(244, 332)
(244, 340)
(244, 350)
(244, 352)
(244, 362)
(244, 379)
(245, 256)
(245, 258)
(245, 389)
(245, 273)
(245, 274)
(245, 276)
(245, 277)
(245, 282)
(245, 322)
(245, 325)
(245, 339)
(245, 345)
(245, 354)
(245, 355)
(245, 363)
(245, 368)
(245, 369)
(245, 371)
(245, 373)
(245, 377)
(245, 383)
(246, 257)
(246, 259)
(246, 268)
(246, 397)
(246, 284)
(246, 292)
(246, 307)
(246, 309)
(246, 317)
(246, 326)
(246, 327)
(246, 336)
(246, 338)
(246, 346)
(246, 349)
(246, 361)
(246, 364)
(246, 375)
(246, 253)
(246, 382)
(247, 386)
(247, 260)
(247, 262)
(247, 263)
(247, 264)
(247, 395)
(247, 396)
(247, 278)
(247, 297)
(247, 298)
(247, 302)
(247, 305)
(247, 310)
(247, 313)
(247, 315)
(247, 324)
(247, 332)
(247, 347)
(247, 351)
(247, 353)
(247, 357)
(247, 358)
(247, 359)
(247, 367)
(247, 370)
(247, 254)
(247, 255)
(248, 391)
(248, 283)
(248, 341)
(248, 365)
(248, 366)
(248, 381)
(249, 384)
(249, 265)
(249, 394)
(249, 267)
(249, 280)
(249, 304)
(249, 300)
(249, 306)
(249, 312)
(249, 319)
(249, 321)
(249, 335)
(249, 343)
(249, 356)
(249, 376)
(249, 378)
(250, 388)
(250, 271)
(250, 301)
(250, 286)
(250, 322)
(250, 323)
(250, 252)
(251, 283)
(251, 309)
(251, 317)
(251, 318)
(251, 334)
(251, 341)
(251, 342)
(251, 344)
(251, 382)
(252, 390)
(252, 269)
(252, 271)
(252, 300)
(252, 301)
(252, 306)
(252, 267)
(252, 328)
(252, 333)
(252, 356)
(252, 378)
(252, 379)
(253, 257)
(253, 387)
(253, 392)
(253, 393)
(253, 266)
(253, 268)
(253, 397)
(253, 259)
(253, 292)
(253, 307)
(253, 326)
(253, 349)
(253, 361)
(253, 364)
(253, 375)
(253, 382)
(254, 386)
(254, 260)
(254, 262)
(254, 264)
(254, 272)
(254, 279)
(254, 290)
(254, 295)
(254, 298)
(254, 310)
(254, 313)
(254, 324)
(254, 353)
(254, 357)
(254, 255)
(255, 260)
(255, 262)
(255, 264)
(255, 272)
(255, 278)
(255, 298)
(255, 305)
(255, 310)
(255, 313)
(255, 324)
(255, 347)
(255, 351)
(255, 353)
(255, 357)
(255, 358)
(255, 360)
(255, 370)
(256, 385)
(256, 258)
(256, 389)
(256, 397)
(256, 273)
(256, 274)
(256, 276)
(256, 277)
(256, 282)
(256, 291)
(256, 308)
(256, 322)
(256, 325)
(256, 339)
(256, 345)
(256, 355)
(256, 363)
(256, 371)
(256, 373)
(256, 377)
(256, 383)
(257, 385)
(257, 387)
(257, 392)
(257, 393)
(257, 266)
(257, 397)
(257, 270)
(257, 399)
(257, 259)
(257, 277)
(257, 291)
(257, 292)
(257, 308)
(257, 326)
(257, 349)
(257, 364)
(258, 389)
(258, 273)
(258, 274)
(258, 276)
(258, 277)
(258, 282)
(258, 322)
(258, 325)
(258, 339)
(258, 345)
(258, 354)
(258, 355)
(258, 363)
(258, 368)
(258, 371)
(258, 373)
(258, 377)
(258, 383)
(259, 387)
(259, 392)
(259, 393)
(259, 266)
(259, 397)
(259, 270)
(259, 399)
(259, 277)
(259, 292)
(259, 308)
(259, 331)
(259, 291)
(259, 340)
(259, 364)
(260, 386)
(260, 262)
(260, 263)
(260, 264)
(260, 395)
(260, 272)
(260, 279)
(260, 290)
(260, 295)
(260, 298)
(260, 305)
(260, 310)
(260, 313)
(260, 324)
(260, 337)
(260, 351)
(260, 353)
(260, 357)
(261, 390)
(261, 393)
(261, 266)
(261, 269)
(261, 399)
(261, 287)
(261, 293)
(261, 296)
(261, 299)
(261, 303)
(261, 316)
(261, 328)
(261, 331)
(261, 332)
(261, 340)
(261, 350)
(261, 352)
(261, 358)
(261, 362)
(261, 379)
(262, 264)
(262, 272)
(262, 278)
(262, 298)
(262, 305)
(262, 310)
(262, 313)
(262, 324)
(262, 347)
(262, 351)
(262, 353)
(262, 357)
(262, 358)
(262, 360)
(262, 370)
(263, 386)
(263, 395)
(263, 396)
(263, 398)
(263, 278)
(263, 285)
(263, 288)
(263, 294)
(263, 297)
(263, 298)
(263, 302)
(263, 305)
(263, 313)
(263, 315)
(263, 337)
(263, 351)
(263, 353)
(263, 358)
(263, 359)
(263, 367)
(263, 372)
(264, 272)
(264, 295)
(264, 298)
(264, 310)
(264, 313)
(264, 347)
(264, 357)
(264, 358)
(264, 360)
(264, 370)
(265, 388)
(265, 394)
(265, 267)
(265, 280)
(265, 304)
(265, 300)
(265, 312)
(265, 319)
(265, 321)
(265, 333)
(265, 335)
(265, 343)
(265, 356)
(265, 376)
(265, 378)
(266, 387)
(266, 390)
(266, 392)
(266, 393)
(266, 270)
(266, 399)
(266, 287)
(266, 291)
(266, 292)
(266, 293)
(266, 296)
(266, 303)
(266, 308)
(266, 328)
(266, 331)
(266, 332)
(266, 340)
(266, 350)
(266, 352)
(266, 362)
(266, 364)
(267, 388)
(267, 394)
(267, 271)
(267, 280)
(267, 300)
(267, 301)
(267, 304)
(267, 306)
(267, 312)
(267, 321)
(267, 333)
(267, 335)
(267, 343)
(267, 356)
(267, 376)
(267, 378)
(268, 284)
(268, 292)
(268, 307)
(268, 309)
(268, 317)
(268, 326)
(268, 327)
(268, 397)
(268, 336)
(268, 338)
(268, 346)
(268, 349)
(268, 361)
(268, 375)
(268, 382)
(269, 384)
(269, 271)
(269, 300)
(269, 303)
(269, 304)
(269, 306)
(269, 316)
(269, 343)
(269, 350)
(269, 356)
(269, 362)
(269, 378)
(269, 379)
(270, 385)
(270, 390)
(270, 392)
(270, 291)
(270, 308)
(270, 322)
(270, 325)
(270, 328)
(270, 331)
(270, 340)
(270, 350)
(270, 362)
(270, 364)
(270, 373)
(270, 379)
(270, 383)
(271, 390)
(271, 300)
(271, 306)
(271, 328)
(271, 343)
(271, 356)
(271, 362)
(271, 378)
(271, 379)
(272, 279)
(272, 290)
(272, 295)
(272, 298)
(272, 310)
(272, 324)
(272, 357)
(273, 389)
(273, 276)
(273, 282)
(273, 322)
(273, 323)
(273, 339)
(273, 345)
(273, 354)
(273, 355)
(273, 363)
(273, 368)
(273, 369)
(273, 373)
(273, 377)
(274, 389)
(274, 276)
(274, 277)
(274, 282)
(274, 371)
(274, 320)
(274, 326)
(274, 327)
(274, 345)
(274, 354)
(275, 398)
(275, 281)
(275, 288)
(275, 289)
(275, 294)
(275, 297)
(275, 302)
(275, 285)
(275, 311)
(275, 315)
(275, 330)
(275, 359)
(275, 366)
(275, 372)
(275, 381)
(276, 389)
(276, 277)
(276, 282)
(276, 322)
(276, 325)
(276, 339)
(276, 345)
(276, 354)
(276, 355)
(276, 363)
(276, 368)
(276, 369)
(276, 371)
(276, 373)
(276, 377)
(276, 383)
(277, 385)
(277, 389)
(277, 392)
(277, 397)
(277, 282)
(277, 291)
(277, 292)
(277, 308)
(277, 322)
(277, 325)
(277, 326)
(277, 339)
(277, 345)
(277, 355)
(277, 363)
(277, 364)
(277, 371)
(277, 373)
(277, 377)
(277, 383)
(278, 395)
(278, 396)
(278, 398)
(278, 281)
(278, 285)
(278, 287)
(278, 294)
(278, 297)
(278, 298)
(278, 299)
(278, 302)
(278, 305)
(278, 313)
(278, 315)
(278, 332)
(278, 347)
(278, 351)
(278, 353)
(278, 358)
(278, 359)
(278, 367)
(278, 372)
(279, 386)
(279, 324)
(279, 295)
(279, 290)
(279, 310)
(280, 388)
(280, 394)
(280, 304)
(280, 300)
(280, 312)
(280, 319)
(280, 321)
(280, 333)
(280, 335)
(280, 343)
(280, 356)
(280, 376)
(280, 378)
(281, 387)
(281, 393)
(281, 396)
(281, 398)
(281, 399)
(281, 285)
(281, 287)
(281, 294)
(281, 296)
(281, 302)
(281, 311)
(281, 315)
(281, 332)
(281, 352)
(281, 367)
(282, 389)
(282, 314)
(282, 320)
(282, 329)
(282, 345)
(282, 348)
(282, 354)
(282, 355)
(282, 368)
(282, 371)
(282, 374)
(282, 377)
(283, 318)
(283, 334)
(283, 342)
(283, 344)
(283, 365)
(283, 341)
(284, 307)
(284, 309)
(284, 317)
(284, 326)
(284, 327)
(284, 375)
(284, 338)
(284, 346)
(284, 349)
(284, 336)
(284, 361)
(285, 396)
(285, 398)
(285, 287)
(285, 288)
(285, 294)
(285, 297)
(285, 302)
(285, 311)
(285, 315)
(285, 330)
(285, 359)
(285, 367)
(285, 372)
(286, 301)
(286, 322)
(286, 323)
(286, 339)
(286, 363)
(286, 369)
(287, 387)
(287, 393)
(287, 398)
(287, 399)
(287, 293)
(287, 294)
(287, 296)
(287, 299)
(287, 303)
(287, 311)
(287, 315)
(287, 331)
(287, 332)
(287, 340)
(287, 350)
(287, 352)
(287, 367)
(288, 395)
(288, 396)
(288, 398)
(288, 294)
(288, 297)
(288, 302)
(288, 305)
(288, 315)
(288, 330)
(288, 337)
(288, 359)
(288, 372)
(289, 391)
(289, 330)
(289, 366)
(289, 381)
(290, 386)
(290, 295)
(290, 310)
(290, 324)
(290, 353)
(291, 385)
(291, 390)
(291, 392)
(291, 397)
(291, 308)
(291, 322)
(291, 325)
(291, 328)
(291, 331)
(291, 339)
(291, 340)
(291, 363)
(291, 364)
(291, 373)
(291, 379)
(291, 383)
(292, 387)
(292, 392)
(292, 393)
(292, 397)
(292, 399)
(292, 308)
(292, 326)
(292, 349)
(292, 364)
(293, 393)
(293, 399)
(293, 296)
(293, 299)
(293, 303)
(293, 316)
(293, 331)
(293, 332)
(293, 340)
(293, 347)
(293, 350)
(293, 352)
(293, 358)
(293, 362)
(293, 370)
(294, 396)
(294, 398)
(294, 297)
(294, 302)
(294, 305)
(294, 311)
(294, 315)
(294, 330)
(294, 351)
(294, 359)
(294, 367)
(294, 372)
(295, 298)
(295, 310)
(295, 324)
(295, 357)
(296, 390)
(296, 393)
(296, 399)
(296, 299)
(296, 303)
(296, 331)
(296, 332)
(296, 340)
(296, 350)
(296, 352)
(296, 358)
(296, 362)
(297, 395)
(297, 396)
(297, 398)
(297, 302)
(297, 305)
(297, 315)
(297, 337)
(297, 351)
(297, 353)
(297, 359)
(297, 367)
(297, 372)
(298, 386)
(298, 395)
(298, 396)
(298, 305)
(298, 310)
(298, 313)
(298, 324)
(298, 347)
(298, 351)
(298, 353)
(298, 357)
(298, 358)
(298, 367)
(298, 370)
(299, 399)
(299, 303)
(299, 313)
(299, 316)
(299, 331)
(299, 332)
(299, 340)
(299, 347)
(299, 350)
(299, 352)
(299, 358)
(299, 360)
(299, 362)
(299, 367)
(299, 370)
(300, 384)
(300, 394)
(300, 304)
(300, 306)
(300, 312)
(300, 316)
(300, 319)
(300, 343)
(300, 356)
(300, 378)
(300, 379)
(301, 388)
(301, 312)
(301, 333)
(301, 335)
(301, 356)
(302, 395)
(302, 396)
(302, 398)
(302, 305)
(302, 311)
(302, 315)
(302, 332)
(302, 351)
(302, 353)
(302, 358)
(302, 359)
(302, 367)
(302, 372)
(303, 390)
(303, 393)
(303, 399)
(303, 316)
(303, 331)
(303, 332)
(303, 340)
(303, 347)
(303, 350)
(303, 352)
(303, 358)
(303, 362)
(303, 370)
(303, 379)
(304, 384)
(304, 394)
(304, 306)
(304, 312)
(304, 319)
(304, 321)
(304, 335)
(304, 343)
(304, 356)
(304, 376)
(304, 378)
(305, 386)
(305, 395)
(305, 396)
(305, 398)
(305, 313)
(305, 315)
(305, 324)
(305, 337)
(305, 351)
(305, 353)
(305, 358)
(305, 359)
(305, 367)
(305, 372)
(306, 384)
(306, 394)
(306, 316)
(306, 319)
(306, 343)
(306, 356)
(306, 378)
(306, 379)
(307, 397)
(307, 309)
(307, 317)
(307, 326)
(307, 327)
(307, 336)
(307, 338)
(307, 346)
(307, 349)
(307, 361)
(307, 375)
(307, 382)
(308, 385)
(308, 390)
(308, 392)
(308, 393)
(308, 397)
(308, 399)
(308, 322)
(308, 325)
(308, 328)
(308, 331)
(308, 340)
(308, 364)
(308, 373)
(308, 383)
(309, 317)
(309, 318)
(309, 327)
(309, 375)
(309, 334)
(309, 336)
(309, 338)
(309, 342)
(309, 344)
(309, 346)
(309, 349)
(309, 361)
(309, 382)
(310, 386)
(310, 395)
(310, 313)
(310, 324)
(310, 353)
(310, 357)
(311, 387)
(311, 398)
(311, 330)
(312, 388)
(312, 394)
(312, 319)
(312, 321)
(312, 333)
(312, 335)
(312, 343)
(312, 356)
(312, 376)
(312, 378)
(313, 395)
(313, 396)
(313, 315)
(313, 347)
(313, 351)
(313, 353)
(313, 357)
(313, 358)
(313, 360)
(313, 367)
(313, 370)
(314, 320)
(314, 354)
(314, 329)
(314, 368)
(314, 374)
(314, 348)
(315, 395)
(315, 396)
(315, 398)
(315, 332)
(315, 351)
(315, 353)
(315, 358)
(315, 359)
(315, 367)
(315, 372)
(316, 384)
(316, 347)
(316, 350)
(316, 360)
(316, 362)
(316, 370)
(316, 380)
(317, 318)
(317, 326)
(317, 327)
(317, 375)
(317, 334)
(317, 338)
(317, 342)
(317, 344)
(317, 346)
(317, 349)
(317, 336)
(317, 361)
(317, 382)
(318, 375)
(318, 334)
(318, 341)
(318, 342)
(318, 344)
(318, 361)
(318, 382)
(319, 384)
(319, 394)
(319, 321)
(319, 343)
(319, 356)
(319, 376)
(319, 378)
(320, 354)
(320, 329)
(320, 374)
(320, 348)
(321, 394)
(321, 335)
(321, 343)
(321, 356)
(321, 376)
(321, 378)
(322, 385)
(322, 323)
(322, 325)
(322, 339)
(322, 355)
(322, 363)
(322, 369)
(322, 373)
(322, 377)
(322, 383)
(323, 363)
(323, 369)
(323, 339)
(323, 377)
(324, 386)
(324, 395)
(324, 351)
(324, 337)
(324, 353)
(324, 357)
(325, 385)
(325, 392)
(325, 390)
(325, 328)
(325, 339)
(325, 355)
(325, 363)
(325, 373)
(325, 377)
(325, 383)
(326, 397)
(326, 327)
(326, 375)
(326, 338)
(326, 346)
(326, 349)
(326, 336)
(326, 361)
(326, 364)
(326, 371)
(327, 375)
(327, 338)
(327, 346)
(327, 349)
(327, 336)
(327, 361)
(328, 385)
(328, 392)
(328, 399)
(328, 390)
(328, 331)
(328, 340)
(328, 350)
(328, 362)
(328, 379)
(329, 354)
(329, 368)
(329, 374)
(329, 348)
(330, 391)
(330, 398)
(330, 366)
(330, 372)
(330, 381)
(331, 390)
(331, 392)
(331, 393)
(331, 399)
(331, 332)
(331, 340)
(331, 350)
(331, 352)
(331, 362)
(331, 379)
(332, 393)
(332, 396)
(332, 399)
(332, 340)
(332, 347)
(332, 350)
(332, 352)
(332, 358)
(332, 362)
(332, 367)
(332, 370)
(333, 388)
(333, 394)
(333, 335)
(333, 356)
(333, 376)
(333, 378)
(334, 375)
(334, 342)
(334, 344)
(334, 361)
(334, 382)
(335, 388)
(335, 394)
(335, 343)
(335, 356)
(335, 376)
(335, 378)
(336, 375)
(336, 338)
(336, 346)
(336, 349)
(336, 361)
(336, 382)
(337, 386)
(337, 395)
(337, 351)
(337, 353)
(337, 359)
(337, 372)
(338, 375)
(338, 346)
(338, 349)
(338, 382)
(338, 361)
(339, 385)
(339, 389)
(339, 345)
(339, 355)
(339, 363)
(339, 369)
(339, 373)
(339, 377)
(339, 383)
(340, 385)
(340, 390)
(340, 392)
(340, 393)
(340, 399)
(340, 350)
(340, 352)
(340, 362)
(340, 379)
(341, 391)
(341, 342)
(341, 344)
(341, 365)
(341, 381)
(342, 344)
(342, 361)
(342, 375)
(342, 382)
(343, 384)
(343, 394)
(343, 378)
(343, 356)
(343, 376)
(344, 361)
(344, 382)
(345, 389)
(345, 354)
(345, 355)
(345, 368)
(345, 371)
(345, 373)
(345, 377)
(345, 383)
(346, 375)
(346, 349)
(346, 361)
(346, 382)
(347, 357)
(347, 358)
(347, 360)
(347, 367)
(347, 370)
(348, 354)
(348, 368)
(348, 374)
(349, 397)
(349, 375)
(349, 364)
(349, 361)
(349, 382)
(350, 390)
(350, 393)
(350, 399)
(350, 352)
(350, 362)
(350, 379)
(351, 386)
(351, 396)
(351, 398)
(351, 395)
(351, 353)
(351, 358)
(351, 359)
(351, 367)
(351, 372)
(352, 393)
(352, 399)
(352, 358)
(352, 362)
(352, 367)
(353, 386)
(353, 395)
(353, 396)
(353, 359)
(354, 389)
(354, 371)
(354, 355)
(354, 368)
(354, 374)
(354, 377)
(355, 389)
(355, 363)
(355, 368)
(355, 369)
(355, 371)
(355, 373)
(355, 377)
(355, 383)
(356, 388)
(356, 394)
(356, 376)
(356, 378)
(357, 358)
(357, 360)
(357, 370)
(358, 396)
(358, 360)
(358, 367)
(358, 370)
(359, 386)
(359, 395)
(359, 396)
(359, 398)
(359, 367)
(359, 372)
(360, 384)
(360, 370)
(360, 380)
(361, 382)
(361, 375)
(362, 390)
(362, 393)
(362, 399)
(362, 379)
(363, 385)
(363, 369)
(363, 373)
(363, 377)
(363, 383)
(364, 385)
(364, 387)
(364, 392)
(364, 393)
(364, 399)
(364, 397)
(366, 391)
(366, 381)
(367, 395)
(367, 396)
(367, 398)
(368, 389)
(368, 369)
(368, 374)
(368, 377)
(369, 373)
(369, 377)
(370, 380)
(371, 389)
(371, 373)
(371, 377)
(371, 383)
(372, 395)
(372, 396)
(372, 398)
(373, 385)
(373, 389)
(373, 377)
(373, 383)
(375, 382)
(376, 394)
(376, 378)
(377, 389)
(377, 383)
(378, 384)
(378, 394)
(379, 385)
(379, 390)
(380, 384)
(381, 391)
(382, 387)
(383, 385)
(383, 389)
(383, 392)
(383, 397)
(384, 394)
(385, 390)
(385, 392)
(386, 395)
(387, 392)
(387, 393)
(387, 399)
(390, 392)
(390, 399)
(392, 393)
(392, 399)
(392, 397)
(393, 399)
(395, 396)
(396, 398)
