#Nodes
0
1
2
3
4
5
6
7
8
9
10
11
12
13
14
15
16
17
18
19
20
21
22
23
24
25
26
27
28
29
30
31
32
33
34
35
36
37
38
39
40
41
42
43
44
45
46
47
48
49
50
51
52
53
54
55
56
57
58
59
60
61
62
63
64
65
66
67
68
69
70
71
72
73
74
75
76
77
78
79
80
81
82
83
84
85
86
87
88
89
90
91
92
93
94
95
96
97
98
99
100
101
102
103
104
105
106
107
108
109
110
111
112
113
114
115
116
117
118
119
120
121
122
123
124
125
126
127
128
129
130
131
132
133
134
135
136
137
138
139
140
141
142
143
144
145
146
147
148
149
150
151
152
153
154
155
156
157
158
159
160
161
162
163
164
165
166
167
168
169
170
171
172
173
174
175
176
177
178
179
180
181
182
183
184
185
186
187
188
189
190
191
192
193
194
195
196
197
198
199
200
201
202
203
204
205
206
207
208
209
210
211
212
213
214
215
216
217
218
219
220
221
222
223
224
225
226
227
228
229
230
231
232
233
234
235
236
237
238
239
240
241
242
243
244
245
246
247
248
249
#Edges
(0, 132)
(0, 141)
(0, 25)
(0, 32)
(0, 34)
(0, 171)
(0, 178)
(0, 53)
(0, 57)
(0, 59)
(0, 63)
(0, 199)
(0, 72)
(0, 89)
(0, 90)
(0, 220)
(0, 222)
(0, 95)
(0, 97)
(0, 98)
(0, 228)
(0, 101)
(0, 236)
(0, 111)
(1, 2)
(1, 13)
(1, 144)
(1, 149)
(1, 35)
(1, 174)
(1, 179)
(1, 52)
(1, 185)
(1, 60)
(1, 191)
(1, 193)
(1, 200)
(1, 74)
(1, 210)
(1, 85)
(1, 215)
(1, 217)
(1, 100)
(1, 234)
(1, 238)
(1, 239)
(2, 95)
(2, 100)
(2, 197)
(2, 200)
(2, 234)
(2, 203)
(2, 174)
(2, 210)
(2, 179)
(2, 117)
(2, 182)
(2, 62)
(2, 25)
(2, 123)
(2, 60)
(2, 74)
(2, 150)
(2, 101)
(3, 128)
(3, 5)
(3, 135)
(3, 8)
(3, 138)
(3, 140)
(3, 144)
(3, 149)
(3, 30)
(3, 161)
(3, 162)
(3, 35)
(3, 41)
(3, 42)
(3, 172)
(3, 180)
(3, 184)
(3, 187)
(3, 191)
(3, 192)
(3, 74)
(3, 205)
(3, 78)
(3, 81)
(3, 216)
(3, 217)
(3, 218)
(3, 219)
(3, 92)
(3, 223)
(3, 231)
(3, 234)
(3, 239)
(3, 240)
(3, 247)
(3, 127)
(4, 66)
(4, 67)
(4, 38)
(4, 12)
(4, 169)
(4, 44)
(4, 173)
(4, 110)
(4, 50)
(4, 9)
(4, 28)
(5, 128)
(5, 135)
(5, 8)
(5, 138)
(5, 140)
(5, 161)
(5, 42)
(5, 172)
(5, 184)
(5, 187)
(5, 192)
(5, 205)
(5, 78)
(5, 81)
(5, 82)
(5, 218)
(5, 219)
(5, 92)
(5, 223)
(5, 231)
(5, 240)
(5, 247)
(5, 126)
(5, 127)
(6, 235)
(6, 11)
(6, 13)
(6, 146)
(6, 22)
(6, 29)
(6, 46)
(6, 49)
(6, 52)
(6, 181)
(6, 185)
(6, 193)
(6, 201)
(6, 212)
(6, 214)
(6, 215)
(6, 229)
(6, 107)
(6, 109)
(6, 112)
(6, 115)
(6, 244)
(6, 246)
(6, 122)
(6, 125)
(7, 133)
(7, 136)
(7, 142)
(7, 16)
(7, 147)
(7, 148)
(7, 23)
(7, 152)
(7, 154)
(7, 31)
(7, 165)
(7, 47)
(7, 177)
(7, 51)
(7, 55)
(7, 211)
(7, 73)
(7, 202)
(7, 77)
(7, 79)
(7, 208)
(7, 209)
(7, 83)
(7, 84)
(7, 213)
(7, 80)
(7, 102)
(7, 230)
(7, 106)
(7, 113)
(7, 243)
(7, 118)
(7, 20)
(8, 128)
(8, 135)
(8, 138)
(8, 140)
(8, 149)
(8, 161)
(8, 162)
(8, 42)
(8, 172)
(8, 184)
(8, 187)
(8, 192)
(8, 205)
(8, 78)
(8, 81)
(8, 82)
(8, 217)
(8, 218)
(8, 219)
(8, 92)
(8, 223)
(8, 231)
(8, 234)
(8, 239)
(8, 240)
(8, 247)
(8, 126)
(8, 127)
(9, 32)
(9, 129)
(9, 66)
(9, 67)
(9, 12)
(9, 38)
(9, 97)
(9, 169)
(9, 236)
(9, 173)
(9, 110)
(9, 44)
(9, 145)
(9, 50)
(9, 14)
(9, 89)
(9, 28)
(10, 130)
(10, 133)
(10, 152)
(10, 159)
(10, 160)
(10, 166)
(10, 241)
(10, 170)
(10, 43)
(10, 47)
(10, 176)
(10, 178)
(10, 54)
(10, 56)
(10, 189)
(10, 65)
(10, 72)
(10, 204)
(10, 80)
(10, 86)
(10, 90)
(10, 91)
(10, 220)
(10, 98)
(10, 228)
(10, 230)
(10, 39)
(10, 111)
(10, 113)
(10, 114)
(10, 249)
(11, 16)
(11, 147)
(11, 148)
(11, 154)
(11, 157)
(11, 165)
(11, 49)
(11, 177)
(11, 51)
(11, 181)
(11, 73)
(11, 196)
(11, 118)
(11, 201)
(11, 202)
(11, 83)
(11, 214)
(11, 229)
(11, 102)
(11, 106)
(11, 107)
(11, 109)
(11, 211)
(11, 244)
(11, 246)
(12, 32)
(12, 97)
(12, 66)
(12, 67)
(12, 132)
(12, 38)
(12, 134)
(12, 169)
(12, 44)
(12, 173)
(12, 110)
(12, 50)
(12, 53)
(12, 119)
(12, 121)
(12, 158)
(12, 36)
(13, 144)
(13, 146)
(13, 174)
(13, 33)
(13, 35)
(13, 46)
(13, 52)
(13, 181)
(13, 185)
(13, 60)
(13, 191)
(13, 64)
(13, 193)
(13, 196)
(13, 200)
(13, 74)
(13, 210)
(13, 85)
(13, 214)
(13, 215)
(13, 100)
(13, 109)
(13, 238)
(14, 129)
(14, 145)
(14, 28)
(14, 159)
(14, 32)
(14, 34)
(14, 38)
(14, 169)
(14, 44)
(14, 173)
(14, 50)
(14, 63)
(14, 66)
(14, 67)
(14, 68)
(14, 199)
(14, 89)
(14, 90)
(14, 220)
(14, 97)
(14, 236)
(14, 110)
(15, 143)
(15, 19)
(15, 22)
(15, 24)
(15, 153)
(15, 27)
(15, 29)
(15, 167)
(15, 40)
(15, 48)
(15, 188)
(15, 190)
(15, 70)
(15, 76)
(15, 87)
(15, 103)
(15, 232)
(15, 105)
(15, 235)
(15, 108)
(15, 112)
(15, 104)
(15, 242)
(15, 244)
(15, 248)
(15, 122)
(15, 125)
(16, 136)
(16, 142)
(16, 147)
(16, 148)
(16, 152)
(16, 154)
(16, 155)
(16, 165)
(16, 49)
(16, 177)
(16, 51)
(16, 73)
(16, 64)
(16, 83)
(16, 196)
(16, 201)
(16, 202)
(16, 79)
(16, 208)
(16, 211)
(16, 84)
(16, 213)
(16, 214)
(16, 80)
(16, 226)
(16, 229)
(16, 102)
(16, 106)
(16, 113)
(16, 114)
(16, 243)
(16, 118)
(16, 20)
(17, 18)
(17, 195)
(17, 37)
(17, 135)
(17, 41)
(17, 138)
(17, 45)
(17, 175)
(17, 144)
(17, 146)
(17, 131)
(17, 180)
(17, 151)
(17, 216)
(17, 186)
(17, 239)
(17, 156)
(17, 58)
(17, 30)
(18, 131)
(18, 135)
(18, 138)
(18, 144)
(18, 146)
(18, 149)
(18, 151)
(18, 156)
(18, 30)
(18, 162)
(18, 37)
(18, 41)
(18, 45)
(18, 46)
(18, 175)
(18, 180)
(18, 186)
(18, 191)
(18, 195)
(18, 216)
(18, 219)
(18, 58)
(18, 223)
(18, 239)
(19, 107)
(19, 103)
(19, 232)
(19, 235)
(19, 76)
(19, 125)
(19, 48)
(19, 116)
(19, 87)
(19, 248)
(19, 188)
(19, 157)
(20, 142)
(20, 147)
(20, 148)
(20, 23)
(20, 154)
(20, 26)
(20, 31)
(20, 99)
(20, 163)
(20, 177)
(20, 51)
(20, 55)
(20, 83)
(20, 198)
(20, 73)
(20, 207)
(20, 208)
(20, 209)
(20, 211)
(20, 213)
(20, 79)
(20, 221)
(20, 94)
(20, 165)
(20, 227)
(20, 102)
(20, 233)
(20, 106)
(20, 243)
(20, 118)
(21, 131)
(21, 143)
(21, 146)
(21, 22)
(21, 151)
(21, 24)
(21, 27)
(21, 29)
(21, 37)
(21, 40)
(21, 46)
(21, 175)
(21, 186)
(21, 190)
(21, 195)
(21, 70)
(21, 212)
(21, 104)
(21, 105)
(21, 108)
(21, 112)
(21, 115)
(21, 122)
(21, 124)
(22, 235)
(22, 143)
(22, 24)
(22, 27)
(22, 29)
(22, 167)
(22, 40)
(22, 188)
(22, 190)
(22, 70)
(22, 76)
(22, 212)
(22, 87)
(22, 103)
(22, 232)
(22, 105)
(22, 107)
(22, 108)
(22, 112)
(22, 104)
(22, 242)
(22, 115)
(22, 244)
(22, 246)
(22, 122)
(22, 125)
(23, 133)
(23, 139)
(23, 142)
(23, 47)
(23, 31)
(23, 164)
(23, 39)
(23, 43)
(23, 221)
(23, 54)
(23, 183)
(23, 61)
(23, 96)
(23, 194)
(23, 69)
(23, 198)
(23, 75)
(23, 77)
(23, 206)
(23, 208)
(23, 209)
(23, 93)
(23, 94)
(23, 224)
(23, 99)
(23, 230)
(23, 233)
(23, 237)
(23, 243)
(23, 55)
(24, 131)
(24, 153)
(24, 27)
(24, 29)
(24, 37)
(24, 167)
(24, 40)
(24, 186)
(24, 190)
(24, 195)
(24, 70)
(24, 212)
(24, 143)
(24, 104)
(24, 105)
(24, 108)
(24, 112)
(24, 242)
(24, 115)
(24, 122)
(24, 124)
(25, 141)
(25, 150)
(25, 171)
(25, 174)
(25, 72)
(25, 179)
(25, 53)
(25, 57)
(25, 59)
(25, 60)
(25, 63)
(25, 197)
(25, 200)
(25, 74)
(25, 203)
(25, 210)
(25, 222)
(25, 95)
(25, 225)
(25, 100)
(25, 101)
(25, 238)
(25, 245)
(25, 123)
(26, 83)
(26, 163)
(26, 233)
(26, 61)
(26, 207)
(26, 208)
(26, 99)
(26, 227)
(26, 73)
(26, 221)
(26, 31)
(27, 143)
(27, 153)
(27, 29)
(27, 167)
(27, 40)
(27, 48)
(27, 186)
(27, 190)
(27, 195)
(27, 70)
(27, 76)
(27, 212)
(27, 87)
(27, 104)
(27, 105)
(27, 108)
(27, 112)
(27, 242)
(27, 115)
(27, 248)
(27, 122)
(27, 124)
(27, 125)
(28, 32)
(28, 129)
(28, 66)
(28, 67)
(28, 38)
(28, 169)
(28, 236)
(28, 173)
(28, 110)
(28, 44)
(28, 145)
(28, 50)
(29, 143)
(29, 153)
(29, 167)
(29, 40)
(29, 186)
(29, 190)
(29, 195)
(29, 70)
(29, 212)
(29, 87)
(29, 104)
(29, 105)
(29, 235)
(29, 108)
(29, 112)
(29, 242)
(29, 115)
(29, 244)
(29, 246)
(29, 122)
(29, 124)
(29, 125)
(30, 128)
(30, 135)
(30, 138)
(30, 144)
(30, 149)
(30, 151)
(30, 156)
(30, 162)
(30, 37)
(30, 41)
(30, 42)
(30, 172)
(30, 45)
(30, 180)
(30, 58)
(30, 81)
(30, 216)
(30, 217)
(30, 219)
(30, 92)
(30, 223)
(30, 239)
(30, 247)
(31, 142)
(31, 148)
(31, 99)
(31, 165)
(31, 163)
(31, 61)
(31, 198)
(31, 73)
(31, 75)
(31, 207)
(31, 208)
(31, 209)
(31, 83)
(31, 79)
(31, 221)
(31, 94)
(31, 96)
(31, 227)
(31, 102)
(31, 233)
(31, 106)
(31, 243)
(32, 129)
(32, 132)
(32, 134)
(32, 141)
(32, 145)
(32, 158)
(32, 34)
(32, 36)
(32, 38)
(32, 169)
(32, 171)
(32, 44)
(32, 173)
(32, 50)
(32, 53)
(32, 57)
(32, 59)
(32, 63)
(32, 67)
(32, 68)
(32, 199)
(32, 89)
(32, 90)
(32, 220)
(32, 222)
(32, 95)
(32, 97)
(32, 236)
(32, 110)
(32, 119)
(33, 136)
(33, 155)
(33, 177)
(33, 51)
(33, 185)
(33, 60)
(33, 64)
(33, 196)
(33, 200)
(33, 202)
(33, 80)
(33, 210)
(33, 84)
(33, 214)
(33, 91)
(33, 225)
(33, 226)
(33, 100)
(33, 109)
(33, 238)
(33, 111)
(33, 114)
(33, 245)
(34, 129)
(34, 132)
(34, 141)
(34, 145)
(34, 169)
(34, 171)
(34, 173)
(34, 178)
(34, 53)
(34, 57)
(34, 59)
(34, 63)
(34, 67)
(34, 68)
(34, 199)
(34, 72)
(34, 89)
(34, 90)
(34, 220)
(34, 222)
(34, 95)
(34, 97)
(34, 98)
(34, 50)
(34, 228)
(34, 236)
(34, 110)
(35, 144)
(35, 146)
(35, 149)
(35, 156)
(35, 162)
(35, 41)
(35, 174)
(35, 175)
(35, 179)
(35, 52)
(35, 60)
(35, 191)
(35, 193)
(35, 74)
(35, 210)
(35, 85)
(35, 215)
(35, 216)
(35, 217)
(35, 234)
(35, 46)
(35, 239)
(35, 240)
(35, 247)
(35, 127)
(36, 97)
(36, 132)
(36, 134)
(36, 171)
(36, 173)
(36, 110)
(36, 53)
(36, 119)
(36, 88)
(36, 121)
(36, 158)
(36, 95)
(37, 131)
(37, 143)
(37, 151)
(37, 156)
(37, 41)
(37, 45)
(37, 46)
(37, 175)
(37, 180)
(37, 186)
(37, 195)
(37, 70)
(37, 212)
(37, 216)
(37, 58)
(37, 146)
(37, 112)
(37, 124)
(38, 129)
(38, 66)
(38, 67)
(38, 97)
(38, 169)
(38, 236)
(38, 173)
(38, 110)
(38, 44)
(38, 145)
(38, 50)
(38, 89)
(39, 133)
(39, 139)
(39, 152)
(39, 160)
(39, 241)
(39, 43)
(39, 47)
(39, 176)
(39, 54)
(39, 55)
(39, 56)
(39, 189)
(39, 65)
(39, 194)
(39, 69)
(39, 198)
(39, 204)
(39, 77)
(39, 209)
(39, 86)
(39, 93)
(39, 230)
(39, 237)
(39, 113)
(39, 243)
(39, 120)
(39, 249)
(40, 143)
(40, 153)
(40, 167)
(40, 48)
(40, 186)
(40, 188)
(40, 190)
(40, 195)
(40, 70)
(40, 76)
(40, 212)
(40, 87)
(40, 103)
(40, 232)
(40, 105)
(40, 235)
(40, 108)
(40, 112)
(40, 104)
(40, 242)
(40, 115)
(40, 244)
(40, 246)
(40, 248)
(40, 122)
(40, 124)
(40, 125)
(41, 128)
(41, 131)
(41, 135)
(41, 138)
(41, 144)
(41, 146)
(41, 149)
(41, 151)
(41, 156)
(41, 162)
(41, 172)
(41, 45)
(41, 175)
(41, 180)
(41, 58)
(41, 191)
(41, 216)
(41, 217)
(41, 219)
(41, 223)
(41, 239)
(41, 247)
(42, 128)
(42, 135)
(42, 138)
(42, 140)
(42, 161)
(42, 162)
(42, 172)
(42, 180)
(42, 184)
(42, 187)
(42, 192)
(42, 205)
(42, 78)
(42, 81)
(42, 82)
(42, 218)
(42, 219)
(42, 92)
(42, 223)
(42, 231)
(42, 240)
(42, 247)
(42, 126)
(42, 127)
(43, 133)
(43, 139)
(43, 152)
(43, 160)
(43, 241)
(43, 170)
(43, 47)
(43, 176)
(43, 54)
(43, 55)
(43, 56)
(43, 189)
(43, 65)
(43, 194)
(43, 69)
(43, 204)
(43, 77)
(43, 209)
(43, 86)
(43, 93)
(43, 230)
(43, 113)
(43, 243)
(43, 120)
(43, 249)
(44, 129)
(44, 66)
(44, 67)
(44, 97)
(44, 169)
(44, 236)
(44, 173)
(44, 110)
(44, 145)
(44, 50)
(44, 119)
(45, 131)
(45, 135)
(45, 138)
(45, 144)
(45, 149)
(45, 151)
(45, 156)
(45, 162)
(45, 172)
(45, 175)
(45, 180)
(45, 58)
(45, 191)
(45, 216)
(45, 217)
(45, 219)
(45, 223)
(45, 239)
(45, 247)
(46, 144)
(46, 146)
(46, 151)
(46, 156)
(46, 175)
(46, 52)
(46, 181)
(46, 185)
(46, 186)
(46, 191)
(46, 193)
(46, 195)
(46, 70)
(46, 212)
(46, 85)
(46, 215)
(46, 216)
(46, 109)
(46, 112)
(46, 115)
(46, 244)
(46, 246)
(46, 122)
(47, 130)
(47, 133)
(47, 139)
(47, 152)
(47, 160)
(47, 166)
(47, 241)
(47, 170)
(47, 176)
(47, 54)
(47, 55)
(47, 56)
(47, 189)
(47, 65)
(47, 194)
(47, 69)
(47, 204)
(47, 77)
(47, 80)
(47, 209)
(47, 213)
(47, 86)
(47, 91)
(47, 93)
(47, 230)
(47, 113)
(47, 114)
(47, 243)
(47, 120)
(47, 249)
(48, 167)
(48, 232)
(48, 105)
(48, 103)
(48, 76)
(48, 242)
(48, 87)
(48, 248)
(48, 153)
(48, 188)
(48, 190)
(49, 147)
(49, 148)
(49, 154)
(49, 157)
(49, 165)
(49, 177)
(49, 51)
(49, 73)
(49, 196)
(49, 118)
(49, 201)
(49, 202)
(49, 79)
(49, 83)
(49, 214)
(49, 227)
(49, 229)
(49, 102)
(49, 106)
(49, 107)
(49, 109)
(49, 211)
(49, 244)
(49, 246)
(50, 129)
(50, 145)
(50, 169)
(50, 173)
(50, 66)
(50, 67)
(50, 68)
(50, 199)
(50, 89)
(50, 97)
(50, 236)
(50, 110)
(50, 119)
(51, 136)
(51, 142)
(51, 147)
(51, 148)
(51, 152)
(51, 154)
(51, 155)
(51, 165)
(51, 177)
(51, 73)
(51, 64)
(51, 83)
(51, 196)
(51, 201)
(51, 202)
(51, 79)
(51, 80)
(51, 211)
(51, 84)
(51, 213)
(51, 214)
(51, 226)
(51, 229)
(51, 102)
(51, 106)
(51, 113)
(51, 114)
(51, 243)
(51, 118)
(52, 193)
(52, 196)
(52, 246)
(52, 109)
(52, 238)
(52, 175)
(52, 144)
(52, 146)
(52, 115)
(52, 181)
(52, 214)
(52, 215)
(52, 185)
(52, 122)
(52, 85)
(52, 191)
(53, 132)
(53, 134)
(53, 141)
(53, 150)
(53, 158)
(53, 171)
(53, 173)
(53, 57)
(53, 59)
(53, 63)
(53, 199)
(53, 203)
(53, 88)
(53, 222)
(53, 95)
(53, 97)
(53, 101)
(53, 117)
(53, 119)
(53, 121)
(53, 123)
(54, 130)
(54, 133)
(54, 139)
(54, 152)
(54, 160)
(54, 166)
(54, 241)
(54, 170)
(54, 176)
(54, 55)
(54, 56)
(54, 189)
(54, 65)
(54, 194)
(54, 69)
(54, 204)
(54, 77)
(54, 80)
(54, 209)
(54, 86)
(54, 93)
(54, 230)
(54, 113)
(54, 243)
(54, 120)
(54, 249)
(55, 133)
(55, 139)
(55, 142)
(55, 164)
(55, 221)
(55, 183)
(55, 56)
(55, 61)
(55, 194)
(55, 69)
(55, 198)
(55, 75)
(55, 77)
(55, 206)
(55, 208)
(55, 209)
(55, 93)
(55, 94)
(55, 96)
(55, 230)
(55, 233)
(55, 237)
(55, 243)
(55, 120)
(56, 130)
(56, 133)
(56, 139)
(56, 152)
(56, 159)
(56, 160)
(56, 166)
(56, 241)
(56, 170)
(56, 176)
(56, 189)
(56, 65)
(56, 194)
(56, 69)
(56, 204)
(56, 86)
(56, 93)
(56, 230)
(56, 113)
(56, 120)
(56, 249)
(57, 132)
(57, 141)
(57, 171)
(57, 178)
(57, 59)
(57, 63)
(57, 199)
(57, 72)
(57, 100)
(57, 90)
(57, 222)
(57, 95)
(57, 225)
(57, 98)
(57, 228)
(57, 101)
(57, 97)
(57, 111)
(57, 245)
(57, 123)
(58, 131)
(58, 135)
(58, 138)
(58, 144)
(58, 149)
(58, 151)
(58, 156)
(58, 162)
(58, 172)
(58, 175)
(58, 180)
(58, 216)
(58, 219)
(58, 223)
(58, 239)
(58, 247)
(59, 132)
(59, 134)
(59, 141)
(59, 158)
(59, 171)
(59, 178)
(59, 63)
(59, 199)
(59, 72)
(59, 90)
(59, 222)
(59, 95)
(59, 97)
(59, 98)
(59, 228)
(59, 101)
(59, 111)
(59, 119)
(59, 123)
(60, 64)
(60, 225)
(60, 100)
(60, 197)
(60, 200)
(60, 234)
(60, 238)
(60, 174)
(60, 210)
(60, 179)
(60, 245)
(60, 185)
(60, 74)
(60, 85)
(60, 101)
(61, 224)
(61, 96)
(61, 99)
(61, 164)
(61, 198)
(61, 71)
(61, 233)
(61, 75)
(61, 237)
(61, 206)
(61, 77)
(61, 208)
(61, 209)
(61, 243)
(61, 183)
(61, 221)
(61, 94)
(62, 161)
(62, 197)
(62, 168)
(62, 137)
(62, 203)
(62, 140)
(62, 205)
(62, 78)
(62, 240)
(62, 126)
(62, 182)
(62, 88)
(62, 123)
(62, 150)
(62, 117)
(63, 129)
(63, 132)
(63, 134)
(63, 141)
(63, 158)
(63, 171)
(63, 178)
(63, 199)
(63, 72)
(63, 89)
(63, 90)
(63, 220)
(63, 222)
(63, 95)
(63, 97)
(63, 98)
(63, 228)
(63, 101)
(63, 236)
(63, 111)
(63, 119)
(64, 136)
(64, 147)
(64, 155)
(64, 177)
(64, 185)
(64, 196)
(64, 200)
(64, 202)
(64, 80)
(64, 210)
(64, 211)
(64, 84)
(64, 213)
(64, 214)
(64, 91)
(64, 225)
(64, 226)
(64, 100)
(64, 109)
(64, 238)
(64, 111)
(64, 114)
(64, 245)
(65, 130)
(65, 133)
(65, 139)
(65, 152)
(65, 159)
(65, 160)
(65, 166)
(65, 241)
(65, 170)
(65, 176)
(65, 178)
(65, 189)
(65, 204)
(65, 86)
(65, 90)
(65, 91)
(65, 220)
(65, 98)
(65, 228)
(65, 230)
(65, 111)
(65, 113)
(65, 114)
(65, 120)
(65, 249)
(66, 129)
(66, 67)
(66, 169)
(66, 173)
(66, 110)
(66, 145)
(67, 129)
(67, 68)
(67, 97)
(67, 169)
(67, 236)
(67, 173)
(67, 110)
(67, 145)
(67, 89)
(68, 129)
(68, 98)
(68, 166)
(68, 199)
(68, 236)
(68, 145)
(68, 178)
(68, 86)
(68, 89)
(68, 90)
(68, 220)
(68, 189)
(68, 159)
(69, 160)
(69, 194)
(69, 164)
(69, 133)
(69, 139)
(69, 204)
(69, 237)
(69, 77)
(69, 176)
(69, 209)
(69, 183)
(69, 120)
(69, 249)
(69, 93)
(70, 131)
(70, 146)
(70, 153)
(70, 175)
(70, 186)
(70, 190)
(70, 195)
(70, 212)
(70, 143)
(70, 104)
(70, 105)
(70, 108)
(70, 112)
(70, 115)
(70, 244)
(70, 122)
(70, 124)
(70, 125)
(71, 224)
(71, 96)
(71, 164)
(71, 198)
(71, 233)
(71, 75)
(71, 237)
(71, 206)
(71, 77)
(71, 183)
(71, 94)
(72, 130)
(72, 141)
(72, 171)
(72, 178)
(72, 199)
(72, 100)
(72, 90)
(72, 91)
(72, 220)
(72, 222)
(72, 95)
(72, 225)
(72, 98)
(72, 228)
(72, 101)
(72, 111)
(72, 114)
(72, 245)
(73, 142)
(73, 147)
(73, 148)
(73, 154)
(73, 157)
(73, 99)
(73, 163)
(73, 177)
(73, 243)
(73, 201)
(73, 207)
(73, 208)
(73, 83)
(73, 213)
(73, 79)
(73, 221)
(73, 165)
(73, 227)
(73, 229)
(73, 102)
(73, 106)
(73, 211)
(73, 118)
(74, 149)
(74, 150)
(74, 162)
(74, 174)
(74, 179)
(74, 191)
(74, 197)
(74, 200)
(74, 210)
(74, 85)
(74, 217)
(74, 100)
(74, 234)
(74, 240)
(74, 127)
(75, 224)
(75, 96)
(75, 99)
(75, 164)
(75, 198)
(75, 233)
(75, 237)
(75, 206)
(75, 77)
(75, 208)
(75, 209)
(75, 243)
(75, 183)
(75, 221)
(75, 94)
(76, 167)
(76, 232)
(76, 105)
(76, 235)
(76, 242)
(76, 87)
(76, 248)
(76, 153)
(76, 103)
(76, 188)
(76, 125)
(76, 190)
(77, 133)
(77, 139)
(77, 164)
(77, 221)
(77, 183)
(77, 96)
(77, 194)
(77, 198)
(77, 206)
(77, 208)
(77, 209)
(77, 93)
(77, 94)
(77, 224)
(77, 230)
(77, 233)
(77, 237)
(77, 243)
(78, 192)
(78, 161)
(78, 231)
(78, 168)
(78, 128)
(78, 140)
(78, 205)
(78, 240)
(78, 81)
(78, 82)
(78, 184)
(78, 218)
(78, 187)
(78, 92)
(78, 126)
(78, 127)
(79, 136)
(79, 142)
(79, 147)
(79, 148)
(79, 152)
(79, 154)
(79, 155)
(79, 165)
(79, 177)
(79, 243)
(79, 201)
(79, 202)
(79, 80)
(79, 83)
(79, 84)
(79, 213)
(79, 208)
(79, 227)
(79, 102)
(79, 106)
(79, 211)
(79, 118)
(80, 130)
(80, 133)
(80, 136)
(80, 142)
(80, 147)
(80, 148)
(80, 152)
(80, 155)
(80, 177)
(80, 196)
(80, 202)
(80, 211)
(80, 84)
(80, 213)
(80, 91)
(80, 225)
(80, 226)
(80, 102)
(80, 230)
(80, 106)
(80, 111)
(80, 113)
(80, 114)
(80, 243)
(80, 245)
(80, 118)
(81, 128)
(81, 135)
(81, 138)
(81, 140)
(81, 149)
(81, 161)
(81, 162)
(81, 172)
(81, 180)
(81, 184)
(81, 187)
(81, 192)
(81, 205)
(81, 82)
(81, 218)
(81, 219)
(81, 92)
(81, 223)
(81, 231)
(81, 239)
(81, 240)
(81, 247)
(81, 126)
(81, 127)
(82, 192)
(82, 161)
(82, 231)
(82, 128)
(82, 140)
(82, 205)
(82, 184)
(82, 218)
(82, 187)
(82, 92)
(82, 126)
(83, 142)
(83, 147)
(83, 148)
(83, 154)
(83, 157)
(83, 99)
(83, 163)
(83, 201)
(83, 207)
(83, 208)
(83, 211)
(83, 221)
(83, 165)
(83, 227)
(83, 229)
(83, 102)
(83, 106)
(83, 243)
(83, 118)
(84, 130)
(84, 136)
(84, 142)
(84, 147)
(84, 148)
(84, 152)
(84, 154)
(84, 155)
(84, 177)
(84, 196)
(84, 202)
(84, 211)
(84, 213)
(84, 91)
(84, 225)
(84, 226)
(84, 102)
(84, 230)
(84, 106)
(84, 111)
(84, 113)
(84, 114)
(84, 243)
(84, 245)
(84, 118)
(85, 144)
(85, 146)
(85, 149)
(85, 179)
(85, 181)
(85, 185)
(85, 191)
(85, 193)
(85, 200)
(85, 210)
(85, 214)
(85, 215)
(85, 217)
(85, 100)
(85, 234)
(85, 109)
(85, 238)
(85, 174)
(86, 130)
(86, 133)
(86, 139)
(86, 152)
(86, 159)
(86, 160)
(86, 166)
(86, 241)
(86, 170)
(86, 176)
(86, 178)
(86, 189)
(86, 204)
(86, 90)
(86, 91)
(86, 220)
(86, 98)
(86, 228)
(86, 230)
(86, 111)
(86, 113)
(86, 114)
(86, 120)
(86, 249)
(87, 235)
(87, 167)
(87, 157)
(87, 116)
(87, 188)
(87, 190)
(87, 103)
(87, 232)
(87, 105)
(87, 107)
(87, 242)
(87, 244)
(87, 248)
(87, 125)
(88, 132)
(88, 197)
(88, 134)
(88, 137)
(88, 95)
(88, 203)
(88, 117)
(88, 150)
(88, 119)
(88, 121)
(88, 123)
(88, 158)
(88, 182)
(89, 129)
(89, 145)
(89, 159)
(89, 169)
(89, 178)
(89, 199)
(89, 90)
(89, 220)
(89, 97)
(89, 98)
(89, 166)
(89, 236)
(89, 110)
(90, 129)
(90, 130)
(90, 141)
(90, 171)
(90, 178)
(90, 199)
(90, 91)
(90, 220)
(90, 222)
(90, 95)
(90, 97)
(90, 98)
(90, 228)
(90, 236)
(90, 111)
(90, 114)
(91, 130)
(91, 136)
(91, 152)
(91, 155)
(91, 113)
(91, 177)
(91, 178)
(91, 189)
(91, 202)
(91, 98)
(91, 213)
(91, 225)
(91, 226)
(91, 228)
(91, 230)
(91, 111)
(91, 241)
(91, 114)
(91, 245)
(92, 128)
(92, 135)
(92, 138)
(92, 140)
(92, 149)
(92, 161)
(92, 162)
(92, 172)
(92, 180)
(92, 184)
(92, 187)
(92, 192)
(92, 205)
(92, 218)
(92, 219)
(92, 223)
(92, 231)
(92, 239)
(92, 240)
(92, 247)
(92, 126)
(92, 127)
(93, 160)
(93, 194)
(93, 133)
(93, 230)
(93, 170)
(93, 139)
(93, 204)
(93, 176)
(93, 241)
(93, 120)
(93, 249)
(93, 189)
(94, 142)
(94, 164)
(94, 183)
(94, 96)
(94, 198)
(94, 206)
(94, 208)
(94, 209)
(94, 221)
(94, 224)
(94, 99)
(94, 233)
(94, 237)
(94, 243)
(95, 132)
(95, 134)
(95, 141)
(95, 150)
(95, 158)
(95, 171)
(95, 179)
(95, 199)
(95, 203)
(95, 222)
(95, 97)
(95, 101)
(95, 117)
(95, 119)
(95, 121)
(95, 123)
(96, 224)
(96, 99)
(96, 164)
(96, 198)
(96, 233)
(96, 237)
(96, 206)
(96, 208)
(96, 209)
(96, 243)
(96, 183)
(96, 221)
(97, 129)
(97, 132)
(97, 134)
(97, 141)
(97, 158)
(97, 169)
(97, 171)
(97, 173)
(97, 199)
(97, 222)
(97, 236)
(97, 110)
(97, 119)
(97, 121)
(98, 130)
(98, 141)
(98, 152)
(98, 166)
(98, 113)
(98, 178)
(98, 189)
(98, 199)
(98, 220)
(98, 222)
(98, 228)
(98, 236)
(98, 111)
(98, 241)
(98, 114)
(99, 224)
(99, 227)
(99, 163)
(99, 198)
(99, 233)
(99, 206)
(99, 207)
(99, 208)
(99, 209)
(99, 243)
(99, 221)
(100, 155)
(100, 174)
(100, 179)
(100, 196)
(100, 200)
(100, 210)
(100, 185)
(100, 225)
(100, 226)
(100, 101)
(100, 238)
(100, 245)
(101, 132)
(101, 141)
(101, 150)
(101, 171)
(101, 179)
(101, 200)
(101, 203)
(101, 210)
(101, 222)
(101, 117)
(101, 123)
(102, 136)
(102, 142)
(102, 147)
(102, 148)
(102, 154)
(102, 163)
(102, 165)
(102, 177)
(102, 201)
(102, 202)
(102, 208)
(102, 211)
(102, 213)
(102, 227)
(102, 229)
(102, 106)
(102, 243)
(102, 118)
(103, 107)
(103, 167)
(103, 232)
(103, 105)
(103, 235)
(103, 125)
(103, 242)
(103, 116)
(103, 248)
(103, 188)
(103, 157)
(103, 190)
(104, 143)
(104, 153)
(104, 167)
(104, 186)
(104, 190)
(104, 195)
(104, 212)
(104, 105)
(104, 108)
(104, 112)
(104, 242)
(104, 122)
(104, 124)
(104, 125)
(105, 143)
(105, 153)
(105, 167)
(105, 188)
(105, 190)
(105, 232)
(105, 235)
(105, 108)
(105, 112)
(105, 242)
(105, 248)
(105, 122)
(105, 124)
(105, 125)
(106, 136)
(106, 142)
(106, 147)
(106, 148)
(106, 152)
(106, 154)
(106, 155)
(106, 165)
(106, 177)
(106, 201)
(106, 202)
(106, 208)
(106, 211)
(106, 213)
(106, 227)
(106, 229)
(106, 243)
(106, 118)
(107, 148)
(107, 154)
(107, 157)
(107, 165)
(107, 244)
(107, 188)
(107, 246)
(107, 201)
(107, 227)
(107, 229)
(107, 232)
(107, 235)
(107, 116)
(107, 118)
(107, 125)
(108, 195)
(108, 167)
(108, 143)
(108, 112)
(108, 242)
(108, 212)
(108, 153)
(108, 186)
(108, 124)
(108, 122)
(108, 190)
(109, 147)
(109, 154)
(109, 155)
(109, 181)
(109, 185)
(109, 193)
(109, 196)
(109, 118)
(109, 201)
(109, 202)
(109, 214)
(109, 215)
(109, 226)
(109, 229)
(109, 238)
(109, 115)
(109, 244)
(109, 246)
(110, 129)
(110, 132)
(110, 134)
(110, 145)
(110, 158)
(110, 169)
(110, 173)
(110, 236)
(110, 119)
(111, 130)
(111, 136)
(111, 152)
(111, 155)
(111, 241)
(111, 178)
(111, 189)
(111, 199)
(111, 220)
(111, 225)
(111, 226)
(111, 228)
(111, 113)
(111, 114)
(111, 245)
(112, 131)
(112, 146)
(112, 175)
(112, 186)
(112, 190)
(112, 193)
(112, 195)
(112, 212)
(112, 215)
(112, 143)
(112, 115)
(112, 244)
(112, 246)
(112, 122)
(112, 124)
(112, 125)
(113, 130)
(113, 133)
(113, 136)
(113, 142)
(113, 152)
(113, 155)
(113, 160)
(113, 177)
(113, 178)
(113, 189)
(113, 204)
(113, 213)
(113, 228)
(113, 230)
(113, 241)
(113, 114)
(113, 243)
(113, 249)
(114, 130)
(114, 136)
(114, 152)
(114, 155)
(114, 177)
(114, 178)
(114, 196)
(114, 202)
(114, 213)
(114, 225)
(114, 226)
(114, 228)
(114, 230)
(114, 241)
(114, 245)
(115, 143)
(115, 146)
(115, 175)
(115, 181)
(115, 186)
(115, 193)
(115, 195)
(115, 212)
(115, 215)
(115, 235)
(115, 244)
(115, 246)
(115, 122)
(115, 125)
(116, 227)
(116, 229)
(116, 232)
(116, 235)
(116, 125)
(116, 207)
(116, 163)
(116, 188)
(116, 157)
(116, 165)
(117, 132)
(117, 197)
(117, 134)
(117, 137)
(117, 203)
(117, 179)
(117, 150)
(117, 121)
(117, 123)
(117, 158)
(117, 182)
(118, 136)
(118, 142)
(118, 147)
(118, 148)
(118, 154)
(118, 157)
(118, 165)
(118, 177)
(118, 196)
(118, 201)
(118, 202)
(118, 211)
(118, 213)
(118, 214)
(118, 227)
(118, 229)
(118, 246)
(119, 132)
(119, 134)
(119, 169)
(119, 171)
(119, 141)
(119, 173)
(119, 158)
(119, 121)
(119, 222)
(120, 133)
(120, 139)
(120, 160)
(120, 166)
(120, 170)
(120, 176)
(120, 189)
(120, 194)
(120, 204)
(120, 230)
(120, 241)
(120, 249)
(121, 203)
(121, 132)
(121, 134)
(121, 171)
(121, 141)
(121, 173)
(121, 158)
(121, 123)
(121, 222)
(122, 146)
(122, 175)
(122, 181)
(122, 186)
(122, 190)
(122, 193)
(122, 195)
(122, 212)
(122, 215)
(122, 143)
(122, 235)
(122, 244)
(122, 246)
(122, 124)
(122, 125)
(123, 132)
(123, 134)
(123, 137)
(123, 141)
(123, 150)
(123, 158)
(123, 171)
(123, 179)
(123, 182)
(123, 197)
(123, 203)
(123, 210)
(123, 222)
(124, 195)
(124, 143)
(124, 131)
(124, 212)
(124, 151)
(124, 186)
(124, 190)
(125, 167)
(125, 157)
(125, 188)
(125, 190)
(125, 229)
(125, 232)
(125, 235)
(125, 242)
(125, 244)
(125, 246)
(125, 248)
(126, 192)
(126, 161)
(126, 231)
(126, 168)
(126, 128)
(126, 140)
(126, 205)
(126, 240)
(126, 184)
(126, 218)
(126, 187)
(126, 127)
(127, 128)
(127, 135)
(127, 138)
(127, 140)
(127, 149)
(127, 161)
(127, 162)
(127, 172)
(127, 184)
(127, 187)
(127, 191)
(127, 192)
(127, 205)
(127, 216)
(127, 217)
(127, 218)
(127, 219)
(127, 223)
(127, 231)
(127, 234)
(127, 239)
(127, 240)
(127, 247)
(128, 135)
(128, 138)
(128, 140)
(128, 149)
(128, 161)
(128, 162)
(128, 172)
(128, 180)
(128, 184)
(128, 187)
(128, 192)
(128, 205)
(128, 217)
(128, 218)
(128, 219)
(128, 223)
(128, 231)
(128, 239)
(128, 240)
(128, 247)
(129, 145)
(129, 159)
(129, 169)
(129, 173)
(129, 199)
(129, 220)
(129, 236)
(130, 133)
(130, 152)
(130, 160)
(130, 166)
(130, 178)
(130, 189)
(130, 204)
(130, 220)
(130, 228)
(130, 230)
(130, 241)
(130, 249)
(131, 195)
(131, 175)
(131, 146)
(131, 212)
(131, 151)
(131, 186)
(131, 143)
(131, 156)
(132, 134)
(132, 141)
(132, 158)
(132, 171)
(132, 173)
(132, 199)
(132, 203)
(132, 222)
(133, 139)
(133, 152)
(133, 160)
(133, 170)
(133, 176)
(133, 189)
(133, 194)
(133, 204)
(133, 209)
(133, 213)
(133, 230)
(133, 241)
(133, 243)
(133, 249)
(134, 203)
(134, 171)
(134, 141)
(134, 173)
(134, 158)
(134, 222)
(135, 138)
(135, 144)
(135, 149)
(135, 151)
(135, 156)
(135, 162)
(135, 172)
(135, 180)
(135, 216)
(135, 217)
(135, 218)
(135, 219)
(135, 223)
(135, 239)
(135, 247)
(136, 142)
(136, 147)
(136, 148)
(136, 152)
(136, 154)
(136, 155)
(136, 177)
(136, 196)
(136, 202)
(136, 211)
(136, 213)
(136, 214)
(136, 225)
(136, 226)
(136, 230)
(136, 243)
(136, 245)
(137, 197)
(137, 168)
(137, 203)
(137, 182)
(137, 150)
(138, 149)
(138, 156)
(138, 162)
(138, 172)
(138, 180)
(138, 184)
(138, 216)
(138, 218)
(138, 219)
(138, 223)
(138, 239)
(138, 247)
(139, 160)
(139, 166)
(139, 170)
(139, 176)
(139, 189)
(139, 194)
(139, 204)
(139, 209)
(139, 230)
(139, 241)
(139, 249)
(140, 192)
(140, 161)
(140, 231)
(140, 168)
(140, 205)
(140, 240)
(140, 184)
(140, 218)
(140, 187)
(141, 158)
(141, 171)
(141, 199)
(141, 203)
(141, 222)
(141, 228)
(142, 147)
(142, 148)
(142, 152)
(142, 154)
(142, 165)
(142, 177)
(142, 198)
(142, 202)
(142, 208)
(142, 209)
(142, 211)
(142, 213)
(142, 230)
(142, 243)
(143, 153)
(143, 167)
(143, 186)
(143, 190)
(143, 195)
(143, 212)
(143, 242)
(144, 149)
(144, 151)
(144, 156)
(144, 162)
(144, 174)
(144, 175)
(144, 180)
(144, 191)
(144, 193)
(144, 215)
(144, 216)
(144, 217)
(144, 219)
(144, 234)
(144, 146)
(144, 239)
(144, 247)
(145, 169)
(145, 236)
(145, 159)
(146, 151)
(146, 156)
(146, 175)
(146, 181)
(146, 186)
(146, 191)
(146, 193)
(146, 195)
(146, 212)
(146, 215)
(146, 216)
(147, 148)
(147, 152)
(147, 154)
(147, 155)
(147, 165)
(147, 177)
(147, 196)
(147, 201)
(147, 202)
(147, 211)
(147, 213)
(147, 214)
(147, 229)
(147, 243)
(148, 154)
(148, 157)
(148, 163)
(148, 165)
(148, 177)
(148, 201)
(148, 202)
(148, 207)
(148, 208)
(148, 211)
(148, 213)
(148, 227)
(148, 229)
(148, 243)
(149, 156)
(149, 162)
(149, 172)
(149, 174)
(149, 175)
(149, 180)
(149, 191)
(149, 216)
(149, 217)
(149, 219)
(149, 223)
(149, 234)
(149, 239)
(149, 240)
(149, 247)
(150, 197)
(150, 203)
(150, 210)
(150, 179)
(150, 182)
(151, 156)
(151, 175)
(151, 180)
(151, 186)
(151, 195)
(151, 212)
(151, 216)
(151, 239)
(152, 155)
(152, 177)
(152, 178)
(152, 202)
(152, 211)
(152, 213)
(152, 225)
(152, 226)
(152, 228)
(152, 230)
(152, 241)
(152, 243)
(152, 245)
(153, 167)
(153, 242)
(153, 248)
(153, 190)
(154, 157)
(154, 163)
(154, 165)
(154, 177)
(154, 196)
(154, 201)
(154, 202)
(154, 213)
(154, 214)
(154, 227)
(154, 229)
(154, 211)
(154, 246)
(155, 177)
(155, 185)
(155, 196)
(155, 200)
(155, 202)
(155, 211)
(155, 213)
(155, 214)
(155, 225)
(155, 226)
(155, 238)
(155, 245)
(156, 162)
(156, 172)
(156, 175)
(156, 180)
(156, 186)
(156, 191)
(156, 193)
(156, 215)
(156, 216)
(156, 217)
(156, 219)
(156, 223)
(156, 239)
(156, 247)
(157, 235)
(157, 163)
(157, 165)
(157, 188)
(157, 201)
(157, 207)
(157, 227)
(157, 229)
(157, 232)
(157, 244)
(157, 246)
(158, 171)
(158, 173)
(158, 222)
(159, 160)
(159, 166)
(159, 236)
(159, 170)
(159, 204)
(159, 176)
(159, 241)
(159, 249)
(159, 220)
(159, 189)
(160, 166)
(160, 170)
(160, 176)
(160, 189)
(160, 194)
(160, 241)
(160, 204)
(160, 230)
(160, 249)
(161, 168)
(161, 182)
(161, 184)
(161, 187)
(161, 192)
(161, 197)
(161, 205)
(161, 218)
(161, 231)
(161, 234)
(161, 240)
(161, 247)
(162, 172)
(162, 174)
(162, 180)
(162, 191)
(162, 216)
(162, 217)
(162, 218)
(162, 219)
(162, 223)
(162, 234)
(162, 239)
(162, 240)
(162, 247)
(163, 227)
(163, 165)
(163, 207)
(163, 208)
(163, 229)
(164, 224)
(164, 198)
(164, 233)
(164, 237)
(164, 206)
(164, 209)
(164, 183)
(164, 221)
(165, 177)
(165, 201)
(165, 202)
(165, 207)
(165, 208)
(165, 227)
(165, 229)
(165, 211)
(166, 170)
(166, 176)
(166, 178)
(166, 189)
(166, 204)
(166, 220)
(166, 241)
(166, 249)
(167, 188)
(167, 190)
(167, 232)
(167, 235)
(167, 242)
(167, 248)
(168, 197)
(168, 231)
(168, 205)
(168, 240)
(168, 182)
(168, 187)
(169, 236)
(169, 173)
(170, 194)
(170, 204)
(170, 176)
(170, 241)
(170, 249)
(170, 220)
(170, 189)
(171, 173)
(171, 199)
(171, 203)
(171, 222)
(171, 228)
(172, 180)
(172, 184)
(172, 187)
(172, 192)
(172, 216)
(172, 217)
(172, 218)
(172, 219)
(172, 223)
(172, 231)
(172, 239)
(172, 240)
(172, 247)
(173, 236)
(174, 179)
(174, 191)
(174, 197)
(174, 200)
(174, 210)
(174, 217)
(174, 234)
(174, 238)
(174, 239)
(174, 240)
(175, 181)
(175, 186)
(175, 191)
(175, 193)
(175, 195)
(175, 212)
(175, 215)
(175, 216)
(175, 239)
(176, 189)
(176, 194)
(176, 204)
(176, 230)
(176, 241)
(176, 249)
(177, 196)
(177, 201)
(177, 202)
(177, 211)
(177, 213)
(177, 214)
(177, 225)
(177, 226)
(177, 230)
(177, 243)
(177, 245)
(178, 189)
(178, 199)
(178, 220)
(178, 228)
(178, 241)
(179, 197)
(179, 200)
(179, 234)
(179, 203)
(179, 238)
(179, 210)
(180, 216)
(180, 217)
(180, 219)
(180, 223)
(180, 239)
(180, 247)
(181, 193)
(181, 196)
(181, 246)
(181, 201)
(181, 212)
(181, 214)
(181, 215)
(181, 244)
(181, 185)
(182, 197)
(182, 203)
(183, 224)
(183, 194)
(183, 198)
(183, 233)
(183, 237)
(183, 206)
(183, 209)
(183, 221)
(184, 187)
(184, 192)
(184, 205)
(184, 218)
(184, 219)
(184, 223)
(184, 231)
(184, 240)
(184, 247)
(185, 193)
(185, 196)
(185, 200)
(185, 202)
(185, 210)
(185, 214)
(185, 215)
(185, 225)
(185, 226)
(185, 238)
(185, 245)
(186, 193)
(186, 195)
(186, 212)
(187, 192)
(187, 205)
(187, 218)
(187, 231)
(187, 240)
(187, 247)
(188, 232)
(188, 235)
(188, 242)
(188, 244)
(188, 248)
(188, 190)
(189, 204)
(189, 220)
(189, 230)
(189, 241)
(189, 249)
(190, 195)
(190, 212)
(190, 235)
(190, 242)
(190, 244)
(190, 248)
(191, 193)
(191, 215)
(191, 216)
(191, 217)
(191, 234)
(191, 239)
(191, 240)
(191, 247)
(192, 205)
(192, 218)
(192, 219)
(192, 223)
(192, 231)
(192, 240)
(193, 212)
(193, 215)
(193, 244)
(193, 246)
(194, 204)
(194, 209)
(194, 230)
(194, 237)
(194, 241)
(194, 249)
(195, 212)
(196, 200)
(196, 201)
(196, 202)
(196, 211)
(196, 213)
(196, 214)
(196, 225)
(196, 226)
(196, 238)
(196, 245)
(197, 234)
(197, 203)
(197, 205)
(197, 240)
(197, 210)
(198, 206)
(198, 208)
(198, 209)
(198, 221)
(198, 224)
(198, 233)
(198, 237)
(198, 243)
(199, 220)
(199, 222)
(199, 228)
(199, 236)
(200, 225)
(200, 226)
(200, 238)
(200, 210)
(200, 245)
(201, 202)
(201, 214)
(201, 229)
(201, 211)
(201, 244)
(201, 246)
(202, 211)
(202, 213)
(202, 214)
(202, 225)
(202, 226)
(202, 238)
(202, 245)
(203, 210)
(203, 222)
(204, 241)
(204, 230)
(204, 249)
(205, 218)
(205, 231)
(205, 234)
(205, 240)
(205, 247)
(206, 224)
(206, 233)
(206, 237)
(206, 209)
(206, 221)
(207, 227)
(208, 243)
(208, 209)
(208, 213)
(208, 221)
(208, 227)
(208, 233)
(208, 237)
(208, 211)
(209, 221)
(209, 224)
(209, 230)
(209, 233)
(209, 237)
(209, 243)
(210, 225)
(210, 234)
(210, 238)
(210, 245)
(211, 213)
(211, 214)
(211, 229)
(211, 243)
(212, 215)
(212, 244)
(212, 246)
(213, 226)
(213, 230)
(213, 243)
(214, 215)
(214, 225)
(214, 226)
(214, 229)
(214, 238)
(214, 245)
(214, 246)
(215, 244)
(215, 246)
(216, 217)
(216, 219)
(216, 223)
(216, 239)
(216, 247)
(217, 219)
(217, 223)
(217, 234)
(217, 239)
(217, 240)
(217, 247)
(218, 219)
(218, 223)
(218, 231)
(218, 240)
(218, 247)
(219, 223)
(219, 239)
(219, 240)
(219, 247)
(220, 228)
(220, 236)
(220, 241)
(221, 224)
(221, 233)
(221, 237)
(221, 243)
(222, 228)
(223, 239)
(223, 247)
(224, 233)
(224, 237)
(225, 226)
(225, 228)
(225, 238)
(225, 245)
(226, 228)
(226, 238)
(226, 245)
(227, 229)
(228, 245)
(229, 235)
(229, 232)
(229, 244)
(229, 246)
(230, 241)
(230, 243)
(230, 249)
(231, 240)
(232, 235)
(232, 242)
(232, 244)
(232, 246)
(232, 248)
(233, 237)
(233, 243)
(234, 239)
(234, 240)
(234, 247)
(235, 242)
(235, 244)
(235, 246)
(235, 248)
(237, 243)
(238, 245)
(239, 240)
(239, 247)
(240, 247)
(241, 249)
(242, 248)
(244, 246)
