#Nodes
0
1
2
3
4
5
6
7
8
9
10
11
12
13
14
15
16
17
18
19
20
21
22
23
24
25
26
27
28
29
30
31
32
33
34
35
36
37
38
39
40
41
42
43
44
45
46
47
48
49
50
51
52
53
54
55
56
57
58
59
60
61
62
63
64
65
66
67
68
69
70
71
72
73
74
75
76
77
78
79
80
81
82
83
84
85
86
87
88
89
90
91
92
93
94
95
96
97
98
99
100
101
102
103
104
105
106
107
108
109
110
111
112
113
114
115
116
117
118
119
120
121
122
123
124
125
126
127
128
129
130
131
132
133
134
135
136
137
138
139
140
141
142
143
144
145
146
147
148
149
150
151
152
153
154
155
156
157
158
159
160
161
162
163
164
165
166
167
168
169
170
171
172
173
174
175
176
177
178
179
180
181
182
183
184
185
186
187
188
189
190
191
192
193
194
195
196
197
198
199
200
201
202
203
204
205
206
207
208
209
210
211
212
213
214
215
216
217
218
219
220
221
222
223
224
225
226
227
228
229
230
231
232
233
234
235
236
237
238
239
240
241
242
243
244
245
246
247
248
249
250
251
252
253
254
255
256
257
258
259
260
261
262
263
264
265
266
267
268
269
270
271
272
273
274
275
276
277
278
279
280
281
282
283
284
285
286
287
288
289
290
291
292
293
294
295
296
297
298
299
300
301
302
303
304
305
306
307
308
309
310
311
312
313
314
315
316
317
318
319
320
321
322
323
324
325
326
327
328
329
330
331
332
333
334
335
336
337
338
339
340
341
342
343
344
345
346
347
348
349
350
351
352
353
354
355
356
357
358
359
360
361
362
363
364
365
366
367
368
369
370
371
372
373
374
375
376
377
378
379
380
381
382
383
384
385
386
387
388
389
390
391
392
393
394
395
396
397
398
399
#Edges
(0, 129)
(0, 132)
(0, 22)
(0, 81)
(0, 1)
(0, 8)
(0, 44)
(0, 269)
(0, 16)
(0, 273)
(0, 146)
(0, 278)
(0, 152)
(0, 153)
(0, 156)
(0, 36)
(0, 294)
(0, 297)
(0, 42)
(0, 172)
(0, 45)
(0, 305)
(0, 180)
(0, 311)
(0, 322)
(0, 325)
(0, 72)
(0, 204)
(0, 207)
(0, 208)
(0, 209)
(0, 338)
(0, 84)
(0, 342)
(0, 87)
(0, 350)
(0, 99)
(0, 229)
(0, 103)
(0, 361)
(0, 106)
(0, 363)
(0, 237)
(0, 240)
(0, 242)
(0, 244)
(0, 245)
(0, 375)
(0, 248)
(0, 250)
(0, 254)
(1, 132)
(1, 6)
(1, 265)
(1, 16)
(1, 273)
(1, 146)
(1, 20)
(1, 22)
(1, 151)
(1, 24)
(1, 294)
(1, 295)
(1, 297)
(1, 42)
(1, 172)
(1, 45)
(1, 44)
(1, 181)
(1, 311)
(1, 313)
(1, 315)
(1, 245)
(1, 325)
(1, 73)
(1, 205)
(1, 92)
(1, 81)
(1, 340)
(1, 124)
(1, 87)
(1, 220)
(1, 352)
(1, 166)
(1, 361)
(1, 362)
(1, 240)
(1, 242)
(1, 373)
(1, 375)
(1, 250)
(1, 380)
(1, 254)
(2, 261)
(2, 391)
(2, 392)
(2, 393)
(2, 30)
(2, 13)
(2, 397)
(2, 145)
(2, 274)
(2, 21)
(2, 279)
(2, 25)
(2, 155)
(2, 284)
(2, 69)
(2, 159)
(2, 160)
(2, 34)
(2, 28)
(2, 165)
(2, 167)
(2, 41)
(2, 299)
(2, 300)
(2, 301)
(2, 47)
(2, 176)
(2, 307)
(2, 53)
(2, 137)
(2, 187)
(2, 197)
(2, 12)
(2, 330)
(2, 206)
(2, 79)
(2, 210)
(2, 211)
(2, 212)
(2, 213)
(2, 216)
(2, 356)
(2, 360)
(2, 39)
(2, 236)
(2, 246)
(2, 120)
(2, 251)
(2, 253)
(2, 255)
(3, 398)
(3, 15)
(3, 17)
(3, 280)
(3, 285)
(3, 166)
(3, 295)
(3, 169)
(3, 170)
(3, 49)
(3, 51)
(3, 181)
(3, 182)
(3, 184)
(3, 185)
(3, 188)
(3, 192)
(3, 193)
(3, 195)
(3, 54)
(3, 328)
(3, 73)
(3, 202)
(3, 85)
(3, 217)
(3, 92)
(3, 352)
(3, 98)
(3, 124)
(3, 362)
(3, 107)
(3, 105)
(3, 377)
(3, 380)
(4, 130)
(4, 387)
(4, 136)
(4, 139)
(4, 140)
(4, 399)
(4, 272)
(4, 88)
(4, 131)
(4, 276)
(4, 281)
(4, 26)
(4, 286)
(4, 164)
(4, 293)
(4, 38)
(4, 171)
(4, 173)
(4, 302)
(4, 310)
(4, 57)
(4, 186)
(4, 190)
(4, 320)
(4, 194)
(4, 74)
(4, 333)
(4, 82)
(4, 343)
(4, 344)
(4, 89)
(4, 346)
(4, 58)
(4, 224)
(4, 228)
(4, 357)
(4, 235)
(4, 19)
(4, 62)
(4, 118)
(4, 376)
(4, 123)
(4, 127)
(5, 258)
(5, 395)
(5, 396)
(5, 20)
(5, 149)
(5, 282)
(5, 27)
(5, 158)
(5, 35)
(5, 369)
(5, 43)
(5, 304)
(5, 177)
(5, 315)
(5, 65)
(5, 11)
(5, 70)
(5, 200)
(5, 329)
(5, 332)
(5, 78)
(5, 335)
(5, 348)
(5, 93)
(5, 94)
(5, 95)
(5, 101)
(5, 108)
(5, 110)
(5, 76)
(5, 113)
(5, 117)
(5, 126)
(5, 383)
(6, 258)
(6, 259)
(6, 265)
(6, 11)
(6, 396)
(6, 20)
(6, 149)
(6, 22)
(6, 151)
(6, 24)
(6, 282)
(6, 27)
(6, 35)
(6, 166)
(6, 177)
(6, 169)
(6, 44)
(6, 45)
(6, 304)
(6, 200)
(6, 181)
(6, 184)
(6, 313)
(6, 315)
(6, 188)
(6, 192)
(6, 70)
(6, 328)
(6, 332)
(6, 205)
(6, 78)
(6, 335)
(6, 340)
(6, 348)
(6, 93)
(6, 94)
(6, 352)
(6, 98)
(6, 101)
(6, 124)
(6, 362)
(6, 107)
(6, 113)
(6, 373)
(6, 380)
(6, 126)
(6, 383)
(7, 257)
(7, 260)
(7, 390)
(7, 263)
(7, 9)
(7, 266)
(7, 141)
(7, 144)
(7, 147)
(7, 148)
(7, 150)
(7, 283)
(7, 28)
(7, 30)
(7, 163)
(7, 298)
(7, 61)
(7, 303)
(7, 176)
(7, 308)
(7, 56)
(7, 52)
(7, 59)
(7, 316)
(7, 317)
(7, 319)
(7, 374)
(7, 198)
(7, 75)
(7, 13)
(7, 213)
(7, 214)
(7, 345)
(7, 222)
(7, 354)
(7, 227)
(7, 102)
(7, 104)
(7, 109)
(7, 125)
(7, 241)
(7, 371)
(7, 116)
(7, 246)
(7, 249)
(7, 378)
(7, 253)
(8, 129)
(8, 130)
(8, 388)
(8, 139)
(8, 194)
(8, 142)
(8, 274)
(8, 279)
(8, 152)
(8, 153)
(8, 26)
(8, 156)
(8, 286)
(8, 160)
(8, 34)
(8, 294)
(8, 40)
(8, 172)
(8, 173)
(8, 305)
(8, 310)
(8, 311)
(8, 58)
(8, 320)
(8, 322)
(8, 74)
(8, 183)
(8, 333)
(8, 208)
(8, 209)
(8, 338)
(8, 84)
(8, 342)
(8, 88)
(8, 350)
(8, 229)
(8, 361)
(8, 234)
(8, 363)
(8, 82)
(8, 240)
(8, 25)
(8, 245)
(8, 248)
(8, 250)
(8, 38)
(8, 254)
(9, 260)
(9, 390)
(9, 138)
(9, 275)
(9, 148)
(9, 283)
(9, 287)
(9, 163)
(9, 298)
(9, 10)
(9, 52)
(9, 266)
(9, 59)
(9, 61)
(9, 319)
(9, 214)
(9, 345)
(9, 109)
(9, 241)
(9, 371)
(9, 374)
(9, 249)
(9, 378)
(10, 385)
(10, 260)
(10, 390)
(10, 138)
(10, 275)
(10, 148)
(10, 157)
(10, 287)
(10, 32)
(10, 163)
(10, 298)
(10, 48)
(10, 59)
(10, 266)
(10, 214)
(10, 345)
(10, 226)
(10, 355)
(10, 109)
(10, 371)
(10, 116)
(10, 374)
(10, 249)
(10, 378)
(10, 379)
(11, 258)
(11, 265)
(11, 395)
(11, 396)
(11, 16)
(11, 20)
(11, 149)
(11, 22)
(11, 151)
(11, 24)
(11, 282)
(11, 27)
(11, 35)
(11, 166)
(11, 177)
(11, 169)
(11, 44)
(11, 45)
(11, 304)
(11, 200)
(11, 181)
(11, 313)
(11, 315)
(11, 117)
(11, 325)
(11, 70)
(11, 113)
(11, 328)
(11, 329)
(11, 331)
(11, 332)
(11, 205)
(11, 78)
(11, 335)
(11, 340)
(11, 348)
(11, 93)
(11, 94)
(11, 95)
(11, 99)
(11, 101)
(11, 362)
(11, 107)
(11, 108)
(11, 237)
(11, 110)
(11, 76)
(11, 369)
(11, 204)
(11, 373)
(11, 126)
(11, 383)
(12, 387)
(12, 261)
(12, 391)
(12, 392)
(12, 137)
(12, 397)
(12, 143)
(12, 216)
(12, 131)
(12, 276)
(12, 21)
(12, 279)
(12, 284)
(12, 159)
(12, 160)
(12, 34)
(12, 165)
(12, 167)
(12, 41)
(12, 299)
(12, 300)
(12, 47)
(12, 307)
(12, 53)
(12, 55)
(12, 88)
(12, 314)
(12, 187)
(12, 197)
(12, 330)
(12, 203)
(12, 77)
(12, 206)
(12, 79)
(12, 210)
(12, 211)
(12, 212)
(12, 213)
(12, 344)
(12, 346)
(12, 145)
(12, 360)
(12, 233)
(12, 39)
(12, 236)
(12, 112)
(12, 247)
(12, 120)
(12, 251)
(12, 252)
(12, 255)
(13, 261)
(13, 390)
(13, 263)
(13, 392)
(13, 269)
(13, 144)
(13, 274)
(13, 147)
(13, 278)
(13, 25)
(13, 283)
(13, 156)
(13, 150)
(13, 34)
(13, 36)
(13, 165)
(13, 28)
(13, 298)
(13, 300)
(13, 303)
(13, 176)
(13, 180)
(13, 30)
(13, 56)
(13, 52)
(13, 316)
(13, 317)
(13, 69)
(13, 198)
(13, 72)
(13, 330)
(13, 75)
(13, 207)
(13, 141)
(13, 211)
(13, 84)
(13, 213)
(13, 345)
(13, 90)
(13, 222)
(13, 354)
(13, 227)
(13, 103)
(13, 104)
(13, 106)
(13, 363)
(13, 61)
(13, 241)
(13, 246)
(13, 248)
(13, 378)
(13, 253)
(13, 255)
(14, 384)
(14, 128)
(14, 386)
(14, 388)
(14, 81)
(14, 193)
(14, 268)
(14, 270)
(14, 271)
(14, 17)
(14, 146)
(14, 277)
(14, 68)
(14, 154)
(14, 288)
(14, 161)
(14, 162)
(14, 292)
(14, 37)
(14, 295)
(14, 168)
(14, 42)
(14, 18)
(14, 172)
(14, 174)
(14, 305)
(14, 178)
(14, 51)
(14, 183)
(14, 191)
(14, 321)
(14, 67)
(14, 324)
(14, 326)
(14, 33)
(14, 337)
(14, 338)
(14, 217)
(14, 91)
(14, 220)
(14, 223)
(14, 231)
(14, 232)
(14, 361)
(14, 234)
(14, 365)
(14, 239)
(14, 368)
(14, 40)
(14, 372)
(14, 245)
(14, 63)
(14, 382)
(15, 259)
(15, 398)
(15, 280)
(15, 285)
(15, 169)
(15, 170)
(15, 49)
(15, 181)
(15, 182)
(15, 184)
(15, 185)
(15, 188)
(15, 192)
(15, 195)
(15, 54)
(15, 328)
(15, 73)
(15, 85)
(15, 92)
(15, 221)
(15, 352)
(15, 225)
(15, 98)
(15, 105)
(15, 107)
(15, 370)
(15, 377)
(15, 380)
(16, 132)
(16, 265)
(16, 269)
(16, 273)
(16, 20)
(16, 22)
(16, 151)
(16, 24)
(16, 153)
(16, 35)
(16, 36)
(16, 294)
(16, 297)
(16, 42)
(16, 172)
(16, 45)
(16, 44)
(16, 180)
(16, 311)
(16, 313)
(16, 315)
(16, 322)
(16, 325)
(16, 72)
(16, 331)
(16, 204)
(16, 205)
(16, 207)
(16, 87)
(16, 90)
(16, 348)
(16, 94)
(16, 95)
(16, 99)
(16, 103)
(16, 362)
(16, 237)
(16, 240)
(16, 242)
(16, 244)
(16, 373)
(16, 375)
(16, 250)
(16, 254)
(16, 383)
(17, 384)
(17, 398)
(17, 154)
(17, 162)
(17, 295)
(17, 170)
(17, 174)
(17, 178)
(17, 51)
(17, 182)
(17, 185)
(17, 191)
(17, 193)
(17, 324)
(17, 54)
(17, 73)
(17, 202)
(17, 217)
(17, 91)
(17, 220)
(17, 231)
(17, 105)
(17, 239)
(17, 372)
(17, 63)
(18, 384)
(18, 128)
(18, 386)
(18, 388)
(18, 81)
(18, 268)
(18, 270)
(18, 271)
(18, 146)
(18, 277)
(18, 132)
(18, 154)
(18, 288)
(18, 33)
(18, 292)
(18, 295)
(18, 168)
(18, 42)
(18, 172)
(18, 174)
(18, 305)
(18, 51)
(18, 183)
(18, 191)
(18, 321)
(18, 67)
(18, 68)
(18, 326)
(18, 337)
(18, 338)
(18, 217)
(18, 91)
(18, 220)
(18, 350)
(18, 223)
(18, 231)
(18, 232)
(18, 361)
(18, 234)
(18, 365)
(18, 239)
(18, 40)
(18, 245)
(18, 250)
(18, 382)
(19, 130)
(19, 387)
(19, 136)
(19, 139)
(19, 140)
(19, 397)
(19, 142)
(19, 272)
(19, 88)
(19, 131)
(19, 276)
(19, 279)
(19, 281)
(19, 26)
(19, 286)
(19, 290)
(19, 164)
(19, 293)
(19, 38)
(19, 173)
(19, 302)
(19, 47)
(19, 50)
(19, 307)
(19, 310)
(19, 57)
(19, 186)
(19, 190)
(19, 320)
(19, 194)
(19, 74)
(19, 333)
(19, 210)
(19, 343)
(19, 344)
(19, 89)
(19, 346)
(19, 347)
(19, 58)
(19, 224)
(19, 123)
(19, 228)
(19, 360)
(19, 235)
(19, 82)
(19, 62)
(19, 118)
(19, 376)
(19, 251)
(19, 127)
(20, 258)
(20, 265)
(20, 395)
(20, 396)
(20, 149)
(20, 22)
(20, 151)
(20, 24)
(20, 282)
(20, 27)
(20, 35)
(20, 166)
(20, 177)
(20, 297)
(20, 44)
(20, 45)
(20, 304)
(20, 200)
(20, 181)
(20, 313)
(20, 315)
(20, 117)
(20, 325)
(20, 70)
(20, 113)
(20, 328)
(20, 204)
(20, 331)
(20, 332)
(20, 205)
(20, 78)
(20, 335)
(20, 340)
(20, 348)
(20, 93)
(20, 94)
(20, 95)
(20, 99)
(20, 101)
(20, 362)
(20, 107)
(20, 108)
(20, 237)
(20, 110)
(20, 369)
(20, 242)
(20, 373)
(20, 169)
(20, 126)
(20, 383)
(21, 261)
(21, 391)
(21, 393)
(21, 143)
(21, 145)
(21, 283)
(21, 284)
(21, 159)
(21, 155)
(21, 165)
(21, 39)
(21, 41)
(21, 299)
(21, 300)
(21, 301)
(21, 308)
(21, 53)
(21, 137)
(21, 187)
(21, 319)
(21, 197)
(21, 330)
(21, 206)
(21, 79)
(21, 211)
(21, 212)
(21, 213)
(21, 216)
(21, 356)
(21, 236)
(21, 246)
(21, 122)
(21, 253)
(21, 255)
(22, 258)
(22, 132)
(22, 265)
(22, 273)
(22, 151)
(22, 24)
(22, 153)
(22, 35)
(22, 294)
(22, 297)
(22, 42)
(22, 172)
(22, 45)
(22, 44)
(22, 180)
(22, 311)
(22, 313)
(22, 315)
(22, 373)
(22, 322)
(22, 325)
(22, 331)
(22, 204)
(22, 205)
(22, 207)
(22, 81)
(22, 340)
(22, 87)
(22, 348)
(22, 94)
(22, 99)
(22, 166)
(22, 362)
(22, 237)
(22, 240)
(22, 242)
(22, 244)
(22, 245)
(22, 375)
(22, 250)
(22, 124)
(22, 254)
(22, 383)
(23, 134)
(23, 268)
(23, 31)
(23, 289)
(23, 291)
(23, 37)
(23, 296)
(23, 71)
(23, 46)
(23, 179)
(23, 323)
(23, 68)
(23, 161)
(23, 201)
(23, 334)
(23, 80)
(23, 339)
(23, 86)
(23, 215)
(23, 218)
(23, 219)
(23, 353)
(23, 359)
(23, 364)
(23, 365)
(23, 111)
(23, 368)
(23, 114)
(23, 115)
(23, 381)
(24, 258)
(24, 265)
(24, 396)
(24, 149)
(24, 151)
(24, 282)
(24, 27)
(24, 35)
(24, 166)
(24, 297)
(24, 44)
(24, 45)
(24, 304)
(24, 177)
(24, 181)
(24, 313)
(24, 315)
(24, 117)
(24, 325)
(24, 70)
(24, 200)
(24, 332)
(24, 331)
(24, 204)
(24, 205)
(24, 78)
(24, 335)
(24, 340)
(24, 348)
(24, 93)
(24, 94)
(24, 95)
(24, 99)
(24, 101)
(24, 362)
(24, 107)
(24, 108)
(24, 237)
(24, 113)
(24, 242)
(24, 373)
(24, 169)
(24, 124)
(24, 126)
(24, 383)
(25, 263)
(25, 392)
(25, 137)
(25, 269)
(25, 142)
(25, 144)
(25, 145)
(25, 274)
(25, 147)
(25, 278)
(25, 279)
(25, 152)
(25, 153)
(25, 156)
(25, 30)
(25, 69)
(25, 160)
(25, 34)
(25, 165)
(25, 167)
(25, 28)
(25, 176)
(25, 180)
(25, 317)
(25, 197)
(25, 198)
(25, 72)
(25, 330)
(25, 75)
(25, 333)
(25, 207)
(25, 84)
(25, 213)
(25, 342)
(25, 88)
(25, 222)
(25, 354)
(25, 103)
(25, 104)
(25, 106)
(25, 363)
(25, 236)
(25, 248)
(25, 255)
(26, 129)
(26, 130)
(26, 133)
(26, 136)
(26, 139)
(26, 140)
(26, 142)
(26, 272)
(26, 276)
(26, 279)
(26, 281)
(26, 286)
(26, 164)
(26, 38)
(26, 171)
(26, 173)
(26, 302)
(26, 310)
(26, 183)
(26, 57)
(26, 186)
(26, 190)
(26, 320)
(26, 194)
(26, 74)
(26, 333)
(26, 89)
(26, 208)
(26, 209)
(26, 82)
(26, 343)
(26, 88)
(26, 100)
(26, 346)
(26, 58)
(26, 350)
(26, 224)
(26, 228)
(26, 229)
(26, 235)
(26, 238)
(26, 118)
(26, 376)
(26, 127)
(27, 258)
(27, 259)
(27, 395)
(27, 396)
(27, 149)
(27, 151)
(27, 282)
(27, 35)
(27, 166)
(27, 113)
(27, 169)
(27, 304)
(27, 177)
(27, 181)
(27, 313)
(27, 315)
(27, 117)
(27, 70)
(27, 328)
(27, 329)
(27, 332)
(27, 205)
(27, 78)
(27, 335)
(27, 340)
(27, 348)
(27, 93)
(27, 94)
(27, 95)
(27, 101)
(27, 362)
(27, 107)
(27, 108)
(27, 110)
(27, 76)
(27, 369)
(27, 373)
(27, 200)
(27, 126)
(27, 383)
(28, 150)
(28, 263)
(28, 392)
(28, 269)
(28, 144)
(28, 274)
(28, 147)
(28, 278)
(28, 152)
(28, 153)
(28, 156)
(28, 30)
(28, 160)
(28, 34)
(28, 36)
(28, 165)
(28, 303)
(28, 176)
(28, 180)
(28, 52)
(28, 316)
(28, 317)
(28, 69)
(28, 198)
(28, 72)
(28, 330)
(28, 75)
(28, 207)
(28, 141)
(28, 211)
(28, 84)
(28, 213)
(28, 342)
(28, 90)
(28, 222)
(28, 354)
(28, 227)
(28, 103)
(28, 104)
(28, 106)
(28, 363)
(28, 236)
(28, 61)
(28, 241)
(28, 244)
(28, 246)
(28, 248)
(28, 255)
(29, 257)
(29, 262)
(29, 266)
(29, 141)
(29, 109)
(29, 275)
(29, 150)
(29, 158)
(29, 32)
(29, 36)
(29, 390)
(29, 43)
(29, 303)
(29, 48)
(29, 309)
(29, 312)
(29, 116)
(29, 316)
(29, 65)
(29, 75)
(29, 198)
(29, 200)
(29, 329)
(29, 331)
(29, 204)
(29, 56)
(29, 99)
(29, 214)
(29, 345)
(29, 90)
(29, 348)
(29, 94)
(29, 95)
(29, 354)
(29, 227)
(29, 102)
(29, 108)
(29, 237)
(29, 367)
(29, 76)
(29, 244)
(29, 117)
(29, 121)
(29, 125)
(30, 260)
(30, 261)
(30, 390)
(30, 263)
(30, 392)
(30, 393)
(30, 141)
(30, 144)
(30, 274)
(30, 147)
(30, 278)
(30, 283)
(30, 150)
(30, 155)
(30, 165)
(30, 298)
(30, 300)
(30, 303)
(30, 176)
(30, 308)
(30, 56)
(30, 52)
(30, 316)
(30, 317)
(30, 319)
(30, 69)
(30, 198)
(30, 72)
(30, 330)
(30, 75)
(30, 211)
(30, 213)
(30, 345)
(30, 222)
(30, 354)
(30, 227)
(30, 104)
(30, 106)
(30, 61)
(30, 241)
(30, 371)
(30, 246)
(30, 248)
(30, 378)
(30, 253)
(30, 255)
(31, 256)
(31, 128)
(31, 386)
(31, 171)
(31, 133)
(31, 134)
(31, 135)
(31, 80)
(31, 268)
(31, 270)
(31, 271)
(31, 115)
(31, 71)
(31, 67)
(31, 288)
(31, 289)
(31, 291)
(31, 292)
(31, 168)
(31, 199)
(31, 46)
(31, 306)
(31, 179)
(31, 186)
(31, 60)
(31, 64)
(31, 321)
(31, 66)
(31, 323)
(31, 68)
(31, 326)
(31, 327)
(31, 201)
(31, 334)
(31, 336)
(31, 339)
(31, 86)
(31, 215)
(31, 218)
(31, 351)
(31, 353)
(31, 100)
(31, 357)
(31, 358)
(31, 359)
(31, 232)
(31, 161)
(31, 364)
(31, 365)
(31, 238)
(31, 111)
(31, 368)
(31, 114)
(31, 243)
(31, 33)
(31, 381)
(31, 382)
(32, 385)
(32, 262)
(32, 257)
(32, 266)
(32, 275)
(32, 148)
(32, 157)
(32, 287)
(32, 390)
(32, 43)
(32, 303)
(32, 48)
(32, 189)
(32, 309)
(32, 312)
(32, 59)
(32, 138)
(32, 56)
(32, 214)
(32, 121)
(32, 345)
(32, 226)
(32, 355)
(32, 102)
(32, 109)
(32, 367)
(32, 116)
(32, 374)
(32, 249)
(32, 379)
(32, 125)
(33, 256)
(33, 128)
(33, 386)
(33, 171)
(33, 388)
(33, 133)
(33, 268)
(33, 270)
(33, 271)
(33, 272)
(33, 67)
(33, 277)
(33, 115)
(33, 286)
(33, 288)
(33, 161)
(33, 291)
(33, 292)
(33, 168)
(33, 199)
(33, 173)
(33, 46)
(33, 179)
(33, 183)
(33, 186)
(33, 223)
(33, 60)
(33, 190)
(33, 64)
(33, 321)
(33, 66)
(33, 323)
(33, 68)
(33, 326)
(33, 327)
(33, 74)
(33, 80)
(33, 337)
(33, 338)
(33, 164)
(33, 71)
(33, 350)
(33, 351)
(33, 224)
(33, 353)
(33, 100)
(33, 357)
(33, 232)
(33, 234)
(33, 365)
(33, 238)
(33, 368)
(33, 40)
(33, 243)
(33, 382)
(34, 130)
(34, 392)
(34, 137)
(34, 397)
(34, 142)
(34, 144)
(34, 145)
(34, 274)
(34, 278)
(34, 279)
(34, 152)
(34, 153)
(34, 156)
(34, 69)
(34, 160)
(34, 165)
(34, 167)
(34, 47)
(34, 176)
(34, 53)
(34, 317)
(34, 197)
(34, 72)
(34, 330)
(34, 333)
(34, 269)
(34, 120)
(34, 84)
(34, 213)
(34, 342)
(34, 88)
(34, 207)
(34, 229)
(34, 103)
(34, 360)
(34, 106)
(34, 363)
(34, 236)
(34, 104)
(34, 248)
(34, 255)
(35, 258)
(35, 395)
(35, 396)
(35, 149)
(35, 151)
(35, 282)
(35, 158)
(35, 113)
(35, 297)
(35, 43)
(35, 44)
(35, 45)
(35, 304)
(35, 177)
(35, 312)
(35, 313)
(35, 315)
(35, 117)
(35, 325)
(35, 70)
(35, 200)
(35, 329)
(35, 331)
(35, 332)
(35, 205)
(35, 78)
(35, 335)
(35, 340)
(35, 204)
(35, 348)
(35, 93)
(35, 94)
(35, 95)
(35, 99)
(35, 101)
(35, 108)
(35, 237)
(35, 110)
(35, 76)
(35, 369)
(35, 242)
(35, 244)
(35, 373)
(35, 126)
(35, 383)
(36, 257)
(36, 150)
(36, 390)
(36, 263)
(36, 266)
(36, 269)
(36, 144)
(36, 147)
(36, 278)
(36, 56)
(36, 153)
(36, 156)
(36, 69)
(36, 262)
(36, 297)
(36, 303)
(36, 180)
(36, 94)
(36, 312)
(36, 116)
(36, 316)
(36, 317)
(36, 52)
(36, 75)
(36, 325)
(36, 198)
(36, 72)
(36, 331)
(36, 204)
(36, 207)
(36, 141)
(36, 99)
(36, 84)
(36, 214)
(36, 345)
(36, 90)
(36, 222)
(36, 95)
(36, 354)
(36, 227)
(36, 102)
(36, 103)
(36, 104)
(36, 106)
(36, 363)
(36, 237)
(36, 241)
(36, 242)
(36, 244)
(36, 117)
(36, 248)
(36, 125)
(37, 384)
(37, 128)
(37, 386)
(37, 268)
(37, 270)
(37, 68)
(37, 154)
(37, 289)
(37, 168)
(37, 71)
(37, 174)
(37, 178)
(37, 191)
(37, 321)
(37, 67)
(37, 324)
(37, 326)
(37, 161)
(37, 201)
(37, 339)
(37, 91)
(37, 359)
(37, 232)
(37, 231)
(37, 364)
(37, 365)
(37, 239)
(37, 368)
(37, 115)
(37, 372)
(37, 63)
(37, 382)
(38, 130)
(38, 387)
(38, 136)
(38, 139)
(38, 140)
(38, 142)
(38, 272)
(38, 88)
(38, 276)
(38, 279)
(38, 281)
(38, 286)
(38, 164)
(38, 293)
(38, 171)
(38, 173)
(38, 302)
(38, 310)
(38, 183)
(38, 57)
(38, 186)
(38, 190)
(38, 320)
(38, 194)
(38, 74)
(38, 333)
(38, 82)
(38, 343)
(38, 344)
(38, 89)
(38, 346)
(38, 58)
(38, 350)
(38, 224)
(38, 228)
(38, 229)
(38, 235)
(38, 238)
(38, 118)
(38, 376)
(38, 127)
(39, 389)
(39, 391)
(39, 393)
(39, 267)
(39, 143)
(39, 145)
(39, 284)
(39, 261)
(39, 41)
(39, 299)
(39, 300)
(39, 301)
(39, 175)
(39, 53)
(39, 137)
(39, 314)
(39, 187)
(39, 196)
(39, 197)
(39, 330)
(39, 203)
(39, 77)
(39, 206)
(39, 79)
(39, 159)
(39, 212)
(39, 216)
(39, 349)
(39, 356)
(39, 119)
(39, 120)
(39, 122)
(39, 255)
(40, 128)
(40, 129)
(40, 386)
(40, 388)
(40, 81)
(40, 130)
(40, 271)
(40, 146)
(40, 277)
(40, 132)
(40, 286)
(40, 288)
(40, 292)
(40, 295)
(40, 42)
(40, 172)
(40, 173)
(40, 305)
(40, 183)
(40, 321)
(40, 67)
(40, 326)
(40, 74)
(40, 208)
(40, 337)
(40, 338)
(40, 220)
(40, 350)
(40, 223)
(40, 100)
(40, 229)
(40, 209)
(40, 232)
(40, 361)
(40, 234)
(40, 238)
(40, 239)
(40, 245)
(40, 250)
(40, 382)
(41, 261)
(41, 391)
(41, 393)
(41, 397)
(41, 143)
(41, 145)
(41, 155)
(41, 284)
(41, 159)
(41, 165)
(41, 167)
(41, 299)
(41, 300)
(41, 301)
(41, 47)
(41, 175)
(41, 307)
(41, 53)
(41, 137)
(41, 314)
(41, 187)
(41, 197)
(41, 330)
(41, 203)
(41, 77)
(41, 206)
(41, 79)
(41, 210)
(41, 211)
(41, 212)
(41, 213)
(41, 216)
(41, 349)
(41, 356)
(41, 360)
(41, 233)
(41, 236)
(41, 247)
(41, 120)
(41, 55)
(41, 122)
(41, 251)
(41, 255)
(42, 129)
(42, 388)
(42, 81)
(42, 265)
(42, 273)
(42, 146)
(42, 277)
(42, 132)
(42, 288)
(42, 294)
(42, 295)
(42, 172)
(42, 45)
(42, 44)
(42, 305)
(42, 311)
(42, 322)
(42, 208)
(42, 337)
(42, 338)
(42, 87)
(42, 220)
(42, 350)
(42, 223)
(42, 209)
(42, 361)
(42, 362)
(42, 240)
(42, 242)
(42, 245)
(42, 375)
(42, 250)
(42, 124)
(42, 234)
(42, 254)
(43, 257)
(43, 262)
(43, 395)
(43, 158)
(43, 48)
(43, 304)
(43, 309)
(43, 312)
(43, 189)
(43, 65)
(43, 204)
(43, 70)
(43, 200)
(43, 329)
(43, 331)
(43, 332)
(43, 214)
(43, 348)
(43, 94)
(43, 95)
(43, 101)
(43, 102)
(43, 108)
(43, 110)
(43, 367)
(43, 76)
(43, 369)
(43, 116)
(43, 117)
(43, 121)
(43, 125)
(43, 383)
(44, 132)
(44, 265)
(44, 273)
(44, 146)
(44, 151)
(44, 294)
(44, 295)
(44, 297)
(44, 172)
(44, 45)
(44, 181)
(44, 311)
(44, 313)
(44, 315)
(44, 373)
(44, 325)
(44, 73)
(44, 205)
(44, 81)
(44, 340)
(44, 87)
(44, 169)
(44, 92)
(44, 352)
(44, 166)
(44, 124)
(44, 362)
(44, 240)
(44, 242)
(44, 245)
(44, 375)
(44, 250)
(44, 380)
(44, 254)
(44, 383)
(45, 258)
(45, 132)
(45, 265)
(45, 269)
(45, 273)
(45, 151)
(45, 153)
(45, 294)
(45, 297)
(45, 172)
(45, 180)
(45, 311)
(45, 313)
(45, 315)
(45, 322)
(45, 325)
(45, 331)
(45, 204)
(45, 205)
(45, 207)
(45, 81)
(45, 340)
(45, 87)
(45, 348)
(45, 94)
(45, 95)
(45, 99)
(45, 166)
(45, 362)
(45, 237)
(45, 240)
(45, 242)
(45, 244)
(45, 373)
(45, 375)
(45, 250)
(45, 124)
(45, 254)
(45, 383)
(46, 256)
(46, 128)
(46, 386)
(46, 171)
(46, 133)
(46, 134)
(46, 135)
(46, 80)
(46, 268)
(46, 271)
(46, 115)
(46, 71)
(46, 67)
(46, 289)
(46, 291)
(46, 292)
(46, 168)
(46, 199)
(46, 306)
(46, 179)
(46, 186)
(46, 60)
(46, 64)
(46, 321)
(46, 66)
(46, 323)
(46, 68)
(46, 326)
(46, 327)
(46, 334)
(46, 336)
(46, 339)
(46, 86)
(46, 215)
(46, 218)
(46, 351)
(46, 353)
(46, 100)
(46, 357)
(46, 358)
(46, 359)
(46, 232)
(46, 161)
(46, 364)
(46, 365)
(46, 238)
(46, 111)
(46, 368)
(46, 114)
(46, 243)
(46, 381)
(46, 382)
(47, 387)
(47, 392)
(47, 137)
(47, 139)
(47, 397)
(47, 142)
(47, 344)
(47, 131)
(47, 276)
(47, 279)
(47, 159)
(47, 160)
(47, 167)
(47, 299)
(47, 307)
(47, 53)
(47, 310)
(47, 55)
(47, 88)
(47, 314)
(47, 320)
(47, 194)
(47, 197)
(47, 330)
(47, 333)
(47, 77)
(47, 210)
(47, 212)
(47, 216)
(47, 346)
(47, 96)
(47, 145)
(47, 360)
(47, 233)
(47, 236)
(47, 82)
(47, 112)
(47, 247)
(47, 120)
(47, 251)
(47, 252)
(48, 385)
(48, 260)
(48, 262)
(48, 257)
(48, 266)
(48, 275)
(48, 148)
(48, 157)
(48, 287)
(48, 163)
(48, 390)
(48, 303)
(48, 309)
(48, 138)
(48, 312)
(48, 59)
(48, 189)
(48, 56)
(48, 214)
(48, 121)
(48, 345)
(48, 226)
(48, 355)
(48, 102)
(48, 109)
(48, 367)
(48, 116)
(48, 374)
(48, 249)
(48, 379)
(48, 125)
(49, 259)
(49, 398)
(49, 280)
(49, 285)
(49, 170)
(49, 181)
(49, 182)
(49, 184)
(49, 185)
(49, 188)
(49, 192)
(49, 195)
(49, 54)
(49, 328)
(49, 73)
(49, 85)
(49, 92)
(49, 221)
(49, 352)
(49, 225)
(49, 98)
(49, 105)
(49, 107)
(49, 370)
(49, 377)
(50, 387)
(50, 139)
(50, 131)
(50, 276)
(50, 281)
(50, 290)
(50, 293)
(50, 307)
(50, 55)
(50, 57)
(50, 318)
(50, 77)
(50, 210)
(50, 83)
(50, 344)
(50, 346)
(50, 347)
(50, 96)
(50, 97)
(50, 123)
(50, 228)
(50, 230)
(50, 360)
(50, 233)
(50, 366)
(50, 112)
(50, 62)
(50, 118)
(50, 247)
(50, 376)
(50, 251)
(50, 252)
(50, 127)
(51, 384)
(51, 398)
(51, 285)
(51, 162)
(51, 295)
(51, 220)
(51, 170)
(51, 174)
(51, 178)
(51, 182)
(51, 185)
(51, 191)
(51, 193)
(51, 324)
(51, 54)
(51, 73)
(51, 202)
(51, 217)
(51, 92)
(51, 223)
(51, 231)
(51, 105)
(51, 239)
(51, 63)
(52, 257)
(52, 260)
(52, 390)
(52, 263)
(52, 266)
(52, 141)
(52, 144)
(52, 147)
(52, 148)
(52, 150)
(52, 283)
(52, 163)
(52, 165)
(52, 298)
(52, 61)
(52, 303)
(52, 176)
(52, 308)
(52, 56)
(52, 59)
(52, 316)
(52, 317)
(52, 319)
(52, 69)
(52, 198)
(52, 72)
(52, 75)
(52, 213)
(52, 214)
(52, 345)
(52, 90)
(52, 222)
(52, 354)
(52, 227)
(52, 102)
(52, 104)
(52, 106)
(52, 109)
(52, 125)
(52, 241)
(52, 371)
(52, 116)
(52, 246)
(52, 249)
(52, 378)
(52, 253)
(53, 387)
(53, 261)
(53, 391)
(53, 392)
(53, 137)
(53, 397)
(53, 143)
(53, 216)
(53, 131)
(53, 276)
(53, 279)
(53, 284)
(53, 159)
(53, 160)
(53, 165)
(53, 167)
(53, 299)
(53, 300)
(53, 307)
(53, 55)
(53, 88)
(53, 314)
(53, 187)
(53, 197)
(53, 330)
(53, 203)
(53, 77)
(53, 206)
(53, 79)
(53, 210)
(53, 211)
(53, 212)
(53, 213)
(53, 344)
(53, 346)
(53, 145)
(53, 360)
(53, 233)
(53, 236)
(53, 112)
(53, 247)
(53, 120)
(53, 251)
(53, 252)
(53, 255)
(54, 398)
(54, 280)
(54, 285)
(54, 170)
(54, 182)
(54, 184)
(54, 185)
(54, 192)
(54, 193)
(54, 195)
(54, 73)
(54, 202)
(54, 85)
(54, 92)
(54, 352)
(54, 225)
(54, 105)
(54, 377)
(54, 380)
(55, 387)
(55, 137)
(55, 139)
(55, 397)
(55, 143)
(55, 344)
(55, 131)
(55, 276)
(55, 290)
(55, 167)
(55, 307)
(55, 314)
(55, 318)
(55, 197)
(55, 203)
(55, 77)
(55, 210)
(55, 83)
(55, 216)
(55, 346)
(55, 347)
(55, 96)
(55, 97)
(55, 230)
(55, 145)
(55, 360)
(55, 233)
(55, 236)
(55, 366)
(55, 112)
(55, 247)
(55, 120)
(55, 251)
(55, 252)
(55, 127)
(56, 257)
(56, 260)
(56, 262)
(56, 263)
(56, 266)
(56, 141)
(56, 109)
(56, 144)
(56, 275)
(56, 148)
(56, 150)
(56, 390)
(56, 298)
(56, 303)
(56, 176)
(56, 180)
(56, 312)
(56, 116)
(56, 316)
(56, 317)
(56, 75)
(56, 198)
(56, 72)
(56, 331)
(56, 204)
(56, 207)
(56, 214)
(56, 345)
(56, 90)
(56, 222)
(56, 354)
(56, 227)
(56, 102)
(56, 104)
(56, 106)
(56, 237)
(56, 367)
(56, 241)
(56, 147)
(56, 244)
(56, 374)
(56, 121)
(56, 378)
(56, 125)
(57, 387)
(57, 135)
(57, 264)
(57, 394)
(57, 139)
(57, 140)
(57, 399)
(57, 272)
(57, 131)
(57, 276)
(57, 281)
(57, 290)
(57, 164)
(57, 293)
(57, 171)
(57, 302)
(57, 136)
(57, 310)
(57, 186)
(57, 190)
(57, 320)
(57, 194)
(57, 74)
(57, 82)
(57, 343)
(57, 344)
(57, 89)
(57, 346)
(57, 347)
(57, 224)
(57, 228)
(57, 357)
(57, 235)
(57, 62)
(57, 118)
(57, 376)
(57, 123)
(57, 127)
(58, 129)
(58, 130)
(58, 388)
(58, 136)
(58, 139)
(58, 194)
(58, 142)
(58, 272)
(58, 279)
(58, 152)
(58, 281)
(58, 286)
(58, 160)
(58, 164)
(58, 171)
(58, 173)
(58, 305)
(58, 310)
(58, 183)
(58, 190)
(58, 320)
(58, 322)
(58, 74)
(58, 333)
(58, 208)
(58, 209)
(58, 338)
(58, 342)
(58, 88)
(58, 89)
(58, 346)
(58, 350)
(58, 224)
(58, 229)
(58, 82)
(58, 118)
(58, 250)
(59, 385)
(59, 260)
(59, 390)
(59, 257)
(59, 138)
(59, 275)
(59, 148)
(59, 287)
(59, 163)
(59, 298)
(59, 266)
(59, 214)
(59, 345)
(59, 109)
(59, 241)
(59, 371)
(59, 116)
(59, 374)
(59, 249)
(59, 378)
(60, 256)
(60, 171)
(60, 133)
(60, 134)
(60, 135)
(60, 264)
(60, 80)
(60, 394)
(60, 140)
(60, 399)
(60, 272)
(60, 71)
(60, 67)
(60, 289)
(60, 291)
(60, 292)
(60, 199)
(60, 306)
(60, 179)
(60, 186)
(60, 190)
(60, 64)
(60, 66)
(60, 323)
(60, 326)
(60, 327)
(60, 334)
(60, 336)
(60, 115)
(60, 86)
(60, 343)
(60, 164)
(60, 218)
(60, 271)
(60, 351)
(60, 224)
(60, 353)
(60, 100)
(60, 357)
(60, 358)
(60, 232)
(60, 365)
(60, 238)
(60, 111)
(60, 114)
(60, 243)
(60, 381)
(61, 260)
(61, 261)
(61, 390)
(61, 263)
(61, 393)
(61, 144)
(61, 147)
(61, 150)
(61, 283)
(61, 155)
(61, 165)
(61, 298)
(61, 300)
(61, 303)
(61, 176)
(61, 308)
(61, 317)
(61, 319)
(61, 198)
(61, 330)
(61, 75)
(61, 211)
(61, 213)
(61, 345)
(61, 222)
(61, 227)
(61, 356)
(61, 104)
(61, 109)
(61, 241)
(61, 371)
(61, 246)
(61, 378)
(61, 253)
(61, 255)
(62, 131)
(62, 140)
(62, 276)
(62, 281)
(62, 290)
(62, 293)
(62, 302)
(62, 83)
(62, 344)
(62, 347)
(62, 96)
(62, 228)
(62, 235)
(62, 366)
(62, 118)
(62, 376)
(62, 123)
(62, 252)
(62, 127)
(63, 384)
(63, 128)
(63, 68)
(63, 154)
(63, 162)
(63, 168)
(63, 174)
(63, 178)
(63, 191)
(63, 193)
(63, 324)
(63, 201)
(63, 202)
(63, 339)
(63, 270)
(63, 217)
(63, 91)
(63, 220)
(63, 231)
(63, 239)
(63, 372)
(64, 256)
(64, 171)
(64, 133)
(64, 134)
(64, 135)
(64, 264)
(64, 394)
(64, 140)
(64, 399)
(64, 272)
(64, 291)
(64, 164)
(64, 199)
(64, 302)
(64, 306)
(64, 179)
(64, 186)
(64, 190)
(64, 66)
(64, 323)
(64, 326)
(64, 327)
(64, 334)
(64, 336)
(64, 86)
(64, 343)
(64, 100)
(64, 71)
(64, 351)
(64, 224)
(64, 353)
(64, 228)
(64, 357)
(64, 358)
(64, 80)
(64, 235)
(64, 238)
(64, 243)
(65, 258)
(65, 395)
(65, 396)
(65, 149)
(65, 158)
(65, 369)
(65, 304)
(65, 329)
(65, 70)
(65, 200)
(65, 76)
(65, 332)
(65, 335)
(65, 348)
(65, 94)
(65, 95)
(65, 101)
(65, 108)
(65, 110)
(65, 113)
(65, 117)
(65, 121)
(66, 256)
(66, 171)
(66, 133)
(66, 134)
(66, 135)
(66, 264)
(66, 80)
(66, 394)
(66, 215)
(66, 140)
(66, 399)
(66, 272)
(66, 71)
(66, 67)
(66, 289)
(66, 291)
(66, 292)
(66, 199)
(66, 306)
(66, 179)
(66, 186)
(66, 190)
(66, 323)
(66, 326)
(66, 327)
(66, 334)
(66, 336)
(66, 115)
(66, 86)
(66, 343)
(66, 164)
(66, 218)
(66, 271)
(66, 351)
(66, 224)
(66, 353)
(66, 100)
(66, 357)
(66, 358)
(66, 232)
(66, 365)
(66, 238)
(66, 111)
(66, 114)
(66, 243)
(66, 381)
(67, 384)
(67, 256)
(67, 386)
(67, 388)
(67, 133)
(67, 128)
(67, 268)
(67, 270)
(67, 271)
(67, 277)
(67, 154)
(67, 288)
(67, 161)
(67, 291)
(67, 292)
(67, 168)
(67, 171)
(67, 115)
(67, 183)
(67, 223)
(67, 321)
(67, 323)
(67, 68)
(67, 326)
(67, 199)
(67, 80)
(67, 337)
(67, 338)
(67, 339)
(67, 71)
(67, 91)
(67, 351)
(67, 353)
(67, 100)
(67, 359)
(67, 232)
(67, 234)
(67, 365)
(67, 238)
(67, 239)
(67, 368)
(67, 243)
(67, 382)
(68, 384)
(68, 256)
(68, 386)
(68, 128)
(68, 268)
(68, 270)
(68, 271)
(68, 154)
(68, 111)
(68, 288)
(68, 289)
(68, 291)
(68, 292)
(68, 168)
(68, 71)
(68, 174)
(68, 191)
(68, 321)
(68, 323)
(68, 324)
(68, 326)
(68, 161)
(68, 201)
(68, 80)
(68, 339)
(68, 91)
(68, 353)
(68, 359)
(68, 232)
(68, 231)
(68, 364)
(68, 365)
(68, 239)
(68, 368)
(68, 114)
(68, 115)
(68, 372)
(68, 382)
(69, 150)
(69, 263)
(69, 392)
(69, 269)
(69, 142)
(69, 144)
(69, 145)
(69, 274)
(69, 147)
(69, 278)
(69, 279)
(69, 152)
(69, 153)
(69, 156)
(69, 160)
(69, 165)
(69, 167)
(69, 176)
(69, 180)
(69, 316)
(69, 317)
(69, 197)
(69, 198)
(69, 72)
(69, 330)
(69, 75)
(69, 333)
(69, 207)
(69, 141)
(69, 211)
(69, 84)
(69, 213)
(69, 342)
(69, 88)
(69, 90)
(69, 222)
(69, 354)
(69, 227)
(69, 103)
(69, 104)
(69, 106)
(69, 363)
(69, 236)
(69, 241)
(69, 246)
(69, 248)
(69, 255)
(70, 258)
(70, 395)
(70, 396)
(70, 149)
(70, 151)
(70, 282)
(70, 158)
(70, 113)
(70, 304)
(70, 177)
(70, 329)
(70, 313)
(70, 315)
(70, 117)
(70, 200)
(70, 332)
(70, 331)
(70, 204)
(70, 205)
(70, 78)
(70, 335)
(70, 340)
(70, 348)
(70, 93)
(70, 94)
(70, 95)
(70, 99)
(70, 101)
(70, 108)
(70, 110)
(70, 76)
(70, 369)
(70, 373)
(70, 126)
(70, 383)
(71, 256)
(71, 128)
(71, 386)
(71, 115)
(71, 133)
(71, 134)
(71, 80)
(71, 268)
(71, 270)
(71, 271)
(71, 289)
(71, 291)
(71, 296)
(71, 199)
(71, 91)
(71, 179)
(71, 323)
(71, 326)
(71, 327)
(71, 201)
(71, 334)
(71, 336)
(71, 339)
(71, 86)
(71, 215)
(71, 218)
(71, 219)
(71, 351)
(71, 353)
(71, 359)
(71, 232)
(71, 161)
(71, 364)
(71, 365)
(71, 238)
(71, 111)
(71, 368)
(71, 168)
(71, 114)
(71, 243)
(71, 381)
(71, 382)
(72, 257)
(72, 150)
(72, 263)
(72, 266)
(72, 269)
(72, 144)
(72, 274)
(72, 147)
(72, 278)
(72, 153)
(72, 156)
(72, 294)
(72, 297)
(72, 303)
(72, 176)
(72, 180)
(72, 312)
(72, 316)
(72, 317)
(72, 75)
(72, 325)
(72, 198)
(72, 331)
(72, 204)
(72, 207)
(72, 141)
(72, 99)
(72, 84)
(72, 342)
(72, 345)
(72, 90)
(72, 222)
(72, 354)
(72, 227)
(72, 102)
(72, 103)
(72, 104)
(72, 106)
(72, 363)
(72, 237)
(72, 241)
(72, 242)
(72, 244)
(72, 375)
(72, 248)
(72, 125)
(72, 254)
(73, 259)
(73, 265)
(73, 398)
(73, 280)
(73, 285)
(73, 166)
(73, 295)
(73, 169)
(73, 170)
(73, 181)
(73, 182)
(73, 184)
(73, 185)
(73, 188)
(73, 192)
(73, 193)
(73, 328)
(73, 92)
(73, 81)
(73, 85)
(73, 217)
(73, 220)
(73, 352)
(73, 124)
(73, 362)
(73, 107)
(73, 373)
(73, 105)
(73, 377)
(73, 380)
(74, 256)
(74, 129)
(74, 130)
(74, 388)
(74, 133)
(74, 136)
(74, 139)
(74, 140)
(74, 142)
(74, 271)
(74, 272)
(74, 89)
(74, 281)
(74, 286)
(74, 288)
(74, 292)
(74, 171)
(74, 173)
(74, 302)
(74, 305)
(74, 310)
(74, 183)
(74, 186)
(74, 190)
(74, 320)
(74, 194)
(74, 199)
(74, 333)
(74, 208)
(74, 209)
(74, 338)
(74, 88)
(74, 164)
(74, 350)
(74, 229)
(74, 224)
(74, 100)
(74, 357)
(74, 234)
(74, 235)
(74, 82)
(74, 238)
(74, 118)
(74, 376)
(75, 257)
(75, 150)
(75, 262)
(75, 263)
(75, 266)
(75, 269)
(75, 109)
(75, 144)
(75, 274)
(75, 147)
(75, 278)
(75, 153)
(75, 156)
(75, 390)
(75, 297)
(75, 303)
(75, 176)
(75, 180)
(75, 312)
(75, 116)
(75, 316)
(75, 317)
(75, 198)
(75, 331)
(75, 204)
(75, 207)
(75, 141)
(75, 99)
(75, 84)
(75, 214)
(75, 345)
(75, 90)
(75, 222)
(75, 354)
(75, 227)
(75, 102)
(75, 103)
(75, 104)
(75, 106)
(75, 363)
(75, 237)
(75, 241)
(75, 244)
(75, 248)
(75, 378)
(75, 125)
(76, 258)
(76, 395)
(76, 396)
(76, 149)
(76, 158)
(76, 369)
(76, 304)
(76, 177)
(76, 200)
(76, 329)
(76, 332)
(76, 78)
(76, 335)
(76, 348)
(76, 94)
(76, 95)
(76, 101)
(76, 108)
(76, 110)
(76, 113)
(76, 117)
(76, 121)
(76, 126)
(76, 383)
(77, 387)
(77, 389)
(77, 137)
(77, 267)
(77, 397)
(77, 143)
(77, 216)
(77, 131)
(77, 276)
(77, 284)
(77, 290)
(77, 175)
(77, 307)
(77, 314)
(77, 318)
(77, 196)
(77, 203)
(77, 210)
(77, 83)
(77, 341)
(77, 344)
(77, 346)
(77, 347)
(77, 349)
(77, 96)
(77, 97)
(77, 230)
(77, 360)
(77, 233)
(77, 366)
(77, 112)
(77, 247)
(77, 120)
(77, 251)
(77, 252)
(78, 258)
(78, 259)
(78, 395)
(78, 396)
(78, 149)
(78, 151)
(78, 282)
(78, 113)
(78, 169)
(78, 304)
(78, 177)
(78, 181)
(78, 313)
(78, 315)
(78, 188)
(78, 328)
(78, 329)
(78, 332)
(78, 205)
(78, 335)
(78, 340)
(78, 348)
(78, 93)
(78, 94)
(78, 98)
(78, 101)
(78, 107)
(78, 108)
(78, 110)
(78, 369)
(78, 373)
(78, 200)
(78, 126)
(78, 383)
(79, 389)
(79, 391)
(79, 393)
(79, 143)
(79, 145)
(79, 155)
(79, 284)
(79, 261)
(79, 165)
(79, 299)
(79, 300)
(79, 301)
(79, 175)
(79, 137)
(79, 314)
(79, 187)
(79, 330)
(79, 203)
(79, 206)
(79, 159)
(79, 211)
(79, 212)
(79, 216)
(79, 349)
(79, 356)
(79, 246)
(79, 122)
(79, 253)
(79, 255)
(80, 256)
(80, 128)
(80, 386)
(80, 171)
(80, 133)
(80, 134)
(80, 135)
(80, 268)
(80, 270)
(80, 271)
(80, 115)
(80, 288)
(80, 289)
(80, 291)
(80, 292)
(80, 168)
(80, 199)
(80, 306)
(80, 179)
(80, 186)
(80, 321)
(80, 323)
(80, 326)
(80, 327)
(80, 334)
(80, 336)
(80, 339)
(80, 86)
(80, 218)
(80, 351)
(80, 224)
(80, 353)
(80, 100)
(80, 357)
(80, 358)
(80, 359)
(80, 232)
(80, 161)
(80, 365)
(80, 238)
(80, 111)
(80, 368)
(80, 114)
(80, 243)
(80, 382)
(81, 388)
(81, 265)
(81, 273)
(81, 146)
(81, 277)
(81, 132)
(81, 294)
(81, 295)
(81, 92)
(81, 172)
(81, 305)
(81, 311)
(81, 373)
(81, 205)
(81, 337)
(81, 338)
(81, 124)
(81, 87)
(81, 217)
(81, 220)
(81, 223)
(81, 352)
(81, 166)
(81, 361)
(81, 362)
(81, 239)
(81, 240)
(81, 245)
(81, 375)
(81, 250)
(81, 191)
(81, 380)
(81, 234)
(81, 254)
(82, 129)
(82, 130)
(82, 387)
(82, 136)
(82, 139)
(82, 140)
(82, 142)
(82, 272)
(82, 88)
(82, 131)
(82, 276)
(82, 279)
(82, 152)
(82, 281)
(82, 286)
(82, 160)
(82, 164)
(82, 167)
(82, 173)
(82, 302)
(82, 307)
(82, 310)
(82, 190)
(82, 320)
(82, 194)
(82, 333)
(82, 208)
(82, 209)
(82, 210)
(82, 344)
(82, 89)
(82, 346)
(82, 350)
(82, 224)
(82, 228)
(82, 229)
(82, 360)
(82, 235)
(82, 118)
(82, 376)
(82, 251)
(82, 127)
(83, 387)
(83, 267)
(83, 131)
(83, 276)
(83, 290)
(83, 307)
(83, 314)
(83, 318)
(83, 196)
(83, 203)
(83, 210)
(83, 341)
(83, 344)
(83, 347)
(83, 96)
(83, 97)
(83, 251)
(83, 230)
(83, 233)
(83, 366)
(83, 112)
(83, 247)
(83, 123)
(83, 252)
(84, 129)
(84, 130)
(84, 150)
(84, 263)
(84, 392)
(84, 269)
(84, 142)
(84, 144)
(84, 274)
(84, 278)
(84, 279)
(84, 152)
(84, 153)
(84, 156)
(84, 160)
(84, 294)
(84, 297)
(84, 180)
(84, 311)
(84, 316)
(84, 317)
(84, 322)
(84, 325)
(84, 198)
(84, 333)
(84, 207)
(84, 208)
(84, 209)
(84, 342)
(84, 88)
(84, 90)
(84, 354)
(84, 229)
(84, 103)
(84, 104)
(84, 106)
(84, 363)
(84, 141)
(84, 240)
(84, 242)
(84, 244)
(84, 375)
(84, 248)
(84, 254)
(85, 259)
(85, 280)
(85, 285)
(85, 169)
(85, 181)
(85, 184)
(85, 185)
(85, 188)
(85, 192)
(85, 195)
(85, 328)
(85, 92)
(85, 221)
(85, 352)
(85, 225)
(85, 98)
(85, 105)
(85, 107)
(85, 370)
(85, 377)
(85, 380)
(86, 256)
(86, 115)
(86, 133)
(86, 134)
(86, 135)
(86, 264)
(86, 394)
(86, 399)
(86, 289)
(86, 291)
(86, 296)
(86, 199)
(86, 306)
(86, 179)
(86, 323)
(86, 327)
(86, 334)
(86, 336)
(86, 215)
(86, 218)
(86, 219)
(86, 351)
(86, 353)
(86, 357)
(86, 358)
(86, 238)
(86, 111)
(86, 114)
(86, 243)
(86, 381)
(87, 129)
(87, 132)
(87, 388)
(87, 265)
(87, 273)
(87, 146)
(87, 277)
(87, 153)
(87, 294)
(87, 295)
(87, 297)
(87, 172)
(87, 305)
(87, 311)
(87, 373)
(87, 322)
(87, 325)
(87, 205)
(87, 208)
(87, 337)
(87, 338)
(87, 223)
(87, 166)
(87, 209)
(87, 361)
(87, 362)
(87, 240)
(87, 242)
(87, 245)
(87, 375)
(87, 250)
(87, 124)
(87, 234)
(87, 254)
(88, 129)
(88, 130)
(88, 387)
(88, 392)
(88, 137)
(88, 139)
(88, 397)
(88, 142)
(88, 145)
(88, 274)
(88, 131)
(88, 276)
(88, 279)
(88, 152)
(88, 156)
(88, 286)
(88, 160)
(88, 167)
(88, 173)
(88, 136)
(88, 307)
(88, 310)
(88, 320)
(88, 194)
(88, 197)
(88, 333)
(88, 208)
(88, 209)
(88, 210)
(88, 342)
(88, 344)
(88, 89)
(88, 346)
(88, 229)
(88, 360)
(88, 363)
(88, 236)
(88, 118)
(88, 120)
(88, 251)
(89, 130)
(89, 387)
(89, 133)
(89, 136)
(89, 139)
(89, 140)
(89, 142)
(89, 399)
(89, 272)
(89, 276)
(89, 281)
(89, 286)
(89, 164)
(89, 293)
(89, 171)
(89, 173)
(89, 302)
(89, 310)
(89, 186)
(89, 190)
(89, 320)
(89, 194)
(89, 333)
(89, 343)
(89, 344)
(89, 100)
(89, 346)
(89, 229)
(89, 224)
(89, 228)
(89, 357)
(89, 235)
(89, 238)
(89, 118)
(89, 376)
(89, 123)
(89, 127)
(90, 257)
(90, 214)
(90, 390)
(90, 263)
(90, 266)
(90, 269)
(90, 144)
(90, 274)
(90, 147)
(90, 278)
(90, 153)
(90, 156)
(90, 150)
(90, 262)
(90, 297)
(90, 303)
(90, 180)
(90, 94)
(90, 312)
(90, 116)
(90, 316)
(90, 317)
(90, 325)
(90, 198)
(90, 331)
(90, 204)
(90, 207)
(90, 141)
(90, 99)
(90, 342)
(90, 345)
(90, 222)
(90, 95)
(90, 354)
(90, 227)
(90, 102)
(90, 103)
(90, 104)
(90, 106)
(90, 363)
(90, 237)
(90, 241)
(90, 242)
(90, 244)
(90, 117)
(90, 248)
(90, 125)
(91, 384)
(91, 128)
(91, 386)
(91, 268)
(91, 270)
(91, 271)
(91, 154)
(91, 288)
(91, 289)
(91, 162)
(91, 168)
(91, 174)
(91, 178)
(91, 191)
(91, 321)
(91, 324)
(91, 326)
(91, 161)
(91, 201)
(91, 339)
(91, 217)
(91, 359)
(91, 232)
(91, 231)
(91, 364)
(91, 365)
(91, 239)
(91, 368)
(91, 115)
(91, 372)
(91, 382)
(92, 259)
(92, 265)
(92, 398)
(92, 280)
(92, 285)
(92, 166)
(92, 295)
(92, 169)
(92, 170)
(92, 181)
(92, 182)
(92, 184)
(92, 313)
(92, 188)
(92, 192)
(92, 328)
(92, 205)
(92, 185)
(92, 217)
(92, 220)
(92, 352)
(92, 98)
(92, 124)
(92, 362)
(92, 107)
(92, 373)
(92, 105)
(92, 377)
(92, 380)
(93, 258)
(93, 259)
(93, 395)
(93, 396)
(93, 149)
(93, 151)
(93, 282)
(93, 166)
(93, 177)
(93, 169)
(93, 304)
(93, 200)
(93, 181)
(93, 184)
(93, 313)
(93, 315)
(93, 188)
(93, 192)
(93, 113)
(93, 328)
(93, 332)
(93, 205)
(93, 335)
(93, 340)
(93, 348)
(93, 98)
(93, 101)
(93, 362)
(93, 107)
(93, 108)
(93, 110)
(93, 369)
(93, 373)
(93, 126)
(93, 383)
(94, 258)
(94, 395)
(94, 396)
(94, 149)
(94, 151)
(94, 158)
(94, 113)
(94, 297)
(94, 304)
(94, 177)
(94, 180)
(94, 312)
(94, 313)
(94, 315)
(94, 117)
(94, 325)
(94, 200)
(94, 329)
(94, 331)
(94, 332)
(94, 205)
(94, 335)
(94, 340)
(94, 204)
(94, 348)
(94, 95)
(94, 99)
(94, 101)
(94, 108)
(94, 237)
(94, 110)
(94, 369)
(94, 242)
(94, 244)
(94, 373)
(94, 121)
(94, 383)
(95, 258)
(95, 262)
(95, 395)
(95, 396)
(95, 149)
(95, 151)
(95, 158)
(95, 113)
(95, 297)
(95, 304)
(95, 312)
(95, 315)
(95, 325)
(95, 200)
(95, 329)
(95, 331)
(95, 332)
(95, 335)
(95, 204)
(95, 348)
(95, 99)
(95, 101)
(95, 102)
(95, 108)
(95, 237)
(95, 110)
(95, 369)
(95, 244)
(95, 117)
(95, 121)
(95, 125)
(95, 383)
(96, 387)
(96, 267)
(96, 397)
(96, 344)
(96, 131)
(96, 276)
(96, 290)
(96, 293)
(96, 307)
(96, 314)
(96, 318)
(96, 196)
(96, 203)
(96, 210)
(96, 341)
(96, 216)
(96, 346)
(96, 347)
(96, 97)
(96, 123)
(96, 230)
(96, 360)
(96, 233)
(96, 366)
(96, 112)
(96, 247)
(96, 120)
(96, 251)
(96, 252)
(96, 127)
(97, 387)
(97, 389)
(97, 119)
(97, 267)
(97, 143)
(97, 344)
(97, 131)
(97, 276)
(97, 290)
(97, 175)
(97, 307)
(97, 314)
(97, 318)
(97, 196)
(97, 203)
(97, 210)
(97, 341)
(97, 216)
(97, 347)
(97, 349)
(97, 230)
(97, 360)
(97, 233)
(97, 366)
(97, 112)
(97, 247)
(97, 251)
(97, 252)
(98, 259)
(98, 280)
(98, 282)
(98, 285)
(98, 166)
(98, 169)
(98, 177)
(98, 181)
(98, 184)
(98, 313)
(98, 188)
(98, 192)
(98, 195)
(98, 328)
(98, 340)
(98, 221)
(98, 352)
(98, 225)
(98, 107)
(98, 370)
(98, 377)
(98, 380)
(98, 126)
(99, 258)
(99, 269)
(99, 141)
(99, 150)
(99, 151)
(99, 153)
(99, 294)
(99, 297)
(99, 304)
(99, 180)
(99, 312)
(99, 315)
(99, 316)
(99, 325)
(99, 200)
(99, 331)
(99, 204)
(99, 205)
(99, 207)
(99, 348)
(99, 354)
(99, 101)
(99, 103)
(99, 108)
(99, 237)
(99, 240)
(99, 113)
(99, 242)
(99, 244)
(99, 117)
(99, 375)
(99, 125)
(99, 254)
(99, 383)
(100, 256)
(100, 128)
(100, 386)
(100, 171)
(100, 388)
(100, 133)
(100, 134)
(100, 135)
(100, 136)
(100, 140)
(100, 271)
(100, 272)
(100, 115)
(100, 286)
(100, 288)
(100, 291)
(100, 292)
(100, 199)
(100, 173)
(100, 179)
(100, 183)
(100, 186)
(100, 190)
(100, 321)
(100, 323)
(100, 326)
(100, 327)
(100, 336)
(100, 337)
(100, 338)
(100, 343)
(100, 164)
(100, 350)
(100, 351)
(100, 224)
(100, 353)
(100, 357)
(100, 232)
(100, 234)
(100, 365)
(100, 238)
(100, 368)
(100, 243)
(100, 382)
(101, 258)
(101, 395)
(101, 396)
(101, 149)
(101, 151)
(101, 282)
(101, 158)
(101, 113)
(101, 304)
(101, 177)
(101, 329)
(101, 313)
(101, 315)
(101, 117)
(101, 200)
(101, 332)
(101, 331)
(101, 204)
(101, 205)
(101, 335)
(101, 340)
(101, 348)
(101, 108)
(101, 110)
(101, 369)
(101, 373)
(101, 121)
(101, 126)
(101, 383)
(102, 257)
(102, 260)
(102, 262)
(102, 263)
(102, 266)
(102, 141)
(102, 109)
(102, 144)
(102, 275)
(102, 148)
(102, 150)
(102, 390)
(102, 303)
(102, 180)
(102, 309)
(102, 312)
(102, 116)
(102, 316)
(102, 198)
(102, 331)
(102, 204)
(102, 214)
(102, 345)
(102, 222)
(102, 354)
(102, 227)
(102, 104)
(102, 237)
(102, 367)
(102, 241)
(102, 147)
(102, 244)
(102, 117)
(102, 374)
(102, 121)
(102, 125)
(103, 150)
(103, 263)
(103, 392)
(103, 269)
(103, 144)
(103, 274)
(103, 147)
(103, 278)
(103, 152)
(103, 153)
(103, 156)
(103, 294)
(103, 297)
(103, 303)
(103, 176)
(103, 180)
(103, 311)
(103, 316)
(103, 317)
(103, 322)
(103, 325)
(103, 198)
(103, 331)
(103, 204)
(103, 207)
(103, 208)
(103, 141)
(103, 342)
(103, 222)
(103, 354)
(103, 227)
(103, 104)
(103, 106)
(103, 363)
(103, 237)
(103, 240)
(103, 241)
(103, 242)
(103, 244)
(103, 375)
(103, 248)
(103, 254)
(104, 257)
(104, 150)
(104, 390)
(104, 263)
(104, 392)
(104, 266)
(104, 269)
(104, 109)
(104, 144)
(104, 274)
(104, 147)
(104, 278)
(104, 153)
(104, 283)
(104, 156)
(104, 303)
(104, 176)
(104, 180)
(104, 312)
(104, 116)
(104, 316)
(104, 317)
(104, 198)
(104, 331)
(104, 204)
(104, 207)
(104, 141)
(104, 213)
(104, 214)
(104, 345)
(104, 222)
(104, 354)
(104, 227)
(104, 106)
(104, 363)
(104, 237)
(104, 241)
(104, 244)
(104, 248)
(104, 378)
(104, 125)
(105, 398)
(105, 280)
(105, 285)
(105, 166)
(105, 170)
(105, 181)
(105, 182)
(105, 184)
(105, 185)
(105, 192)
(105, 193)
(105, 195)
(105, 202)
(105, 352)
(105, 225)
(105, 377)
(105, 380)
(106, 150)
(106, 263)
(106, 392)
(106, 269)
(106, 144)
(106, 274)
(106, 147)
(106, 278)
(106, 152)
(106, 153)
(106, 156)
(106, 160)
(106, 165)
(106, 297)
(106, 303)
(106, 176)
(106, 180)
(106, 316)
(106, 317)
(106, 322)
(106, 198)
(106, 207)
(106, 141)
(106, 213)
(106, 342)
(106, 222)
(106, 354)
(106, 227)
(106, 363)
(106, 237)
(106, 241)
(106, 244)
(106, 248)
(107, 258)
(107, 259)
(107, 265)
(107, 396)
(107, 149)
(107, 282)
(107, 285)
(107, 166)
(107, 169)
(107, 177)
(107, 181)
(107, 184)
(107, 313)
(107, 315)
(107, 188)
(107, 192)
(107, 328)
(107, 205)
(107, 340)
(107, 221)
(107, 352)
(107, 124)
(107, 362)
(107, 113)
(107, 373)
(107, 377)
(107, 380)
(107, 126)
(108, 258)
(108, 395)
(108, 396)
(108, 149)
(108, 151)
(108, 282)
(108, 158)
(108, 113)
(108, 304)
(108, 177)
(108, 329)
(108, 312)
(108, 315)
(108, 200)
(108, 204)
(108, 331)
(108, 332)
(108, 335)
(108, 348)
(108, 110)
(108, 369)
(108, 117)
(108, 121)
(108, 126)
(108, 383)
(109, 385)
(109, 260)
(109, 262)
(109, 263)
(109, 266)
(109, 141)
(109, 275)
(109, 148)
(109, 150)
(109, 287)
(109, 163)
(109, 390)
(109, 298)
(109, 257)
(109, 303)
(109, 309)
(109, 312)
(109, 316)
(109, 138)
(109, 147)
(109, 198)
(109, 214)
(109, 345)
(109, 222)
(109, 354)
(109, 227)
(109, 367)
(109, 241)
(109, 371)
(109, 116)
(109, 374)
(109, 249)
(109, 378)
(109, 125)
(110, 258)
(110, 396)
(110, 149)
(110, 282)
(110, 158)
(110, 369)
(110, 304)
(110, 177)
(110, 315)
(110, 395)
(110, 200)
(110, 329)
(110, 332)
(110, 335)
(110, 348)
(110, 113)
(110, 117)
(110, 126)
(110, 383)
(111, 256)
(111, 115)
(111, 134)
(111, 268)
(111, 289)
(111, 291)
(111, 296)
(111, 199)
(111, 179)
(111, 323)
(111, 326)
(111, 327)
(111, 201)
(111, 334)
(111, 336)
(111, 339)
(111, 215)
(111, 218)
(111, 219)
(111, 351)
(111, 353)
(111, 359)
(111, 232)
(111, 161)
(111, 364)
(111, 365)
(111, 368)
(111, 168)
(111, 114)
(111, 243)
(111, 381)
(111, 382)
(112, 387)
(112, 267)
(112, 397)
(112, 143)
(112, 344)
(112, 131)
(112, 276)
(112, 290)
(112, 175)
(112, 307)
(112, 314)
(112, 318)
(112, 196)
(112, 203)
(112, 210)
(112, 341)
(112, 216)
(112, 346)
(112, 347)
(112, 349)
(112, 123)
(112, 230)
(112, 360)
(112, 233)
(112, 366)
(112, 247)
(112, 120)
(112, 251)
(112, 252)
(113, 258)
(113, 395)
(113, 396)
(113, 149)
(113, 151)
(113, 282)
(113, 158)
(113, 169)
(113, 304)
(113, 177)
(113, 313)
(113, 315)
(113, 117)
(113, 200)
(113, 329)
(113, 332)
(113, 205)
(113, 335)
(113, 340)
(113, 348)
(113, 369)
(113, 373)
(113, 126)
(113, 383)
(114, 115)
(114, 134)
(114, 268)
(114, 289)
(114, 291)
(114, 296)
(114, 179)
(114, 323)
(114, 161)
(114, 201)
(114, 334)
(114, 339)
(114, 215)
(114, 218)
(114, 219)
(114, 351)
(114, 353)
(114, 359)
(114, 364)
(114, 365)
(114, 368)
(114, 243)
(114, 381)
(115, 256)
(115, 128)
(115, 386)
(115, 133)
(115, 134)
(115, 268)
(115, 270)
(115, 271)
(115, 154)
(115, 289)
(115, 291)
(115, 292)
(115, 296)
(115, 179)
(115, 321)
(115, 323)
(115, 324)
(115, 326)
(115, 199)
(115, 201)
(115, 334)
(115, 339)
(115, 215)
(115, 218)
(115, 219)
(115, 351)
(115, 353)
(115, 359)
(115, 232)
(115, 161)
(115, 364)
(115, 365)
(115, 238)
(115, 368)
(115, 168)
(115, 243)
(115, 372)
(115, 382)
(116, 257)
(116, 260)
(116, 262)
(116, 263)
(116, 266)
(116, 141)
(116, 275)
(116, 148)
(116, 150)
(116, 287)
(116, 390)
(116, 303)
(116, 309)
(116, 312)
(116, 316)
(116, 198)
(116, 214)
(116, 121)
(116, 345)
(116, 222)
(116, 354)
(116, 227)
(116, 367)
(116, 241)
(116, 147)
(116, 374)
(116, 249)
(116, 378)
(116, 125)
(117, 257)
(117, 258)
(117, 262)
(117, 395)
(117, 396)
(117, 149)
(117, 151)
(117, 158)
(117, 304)
(117, 312)
(117, 315)
(117, 325)
(117, 200)
(117, 329)
(117, 331)
(117, 332)
(117, 335)
(117, 204)
(117, 348)
(117, 237)
(117, 367)
(117, 369)
(117, 244)
(117, 121)
(117, 125)
(117, 383)
(118, 387)
(118, 136)
(118, 139)
(118, 140)
(118, 272)
(118, 131)
(118, 276)
(118, 279)
(118, 281)
(118, 286)
(118, 290)
(118, 164)
(118, 293)
(118, 171)
(118, 173)
(118, 302)
(118, 307)
(118, 310)
(118, 186)
(118, 190)
(118, 320)
(118, 194)
(118, 333)
(118, 210)
(118, 343)
(118, 344)
(118, 346)
(118, 347)
(118, 224)
(118, 123)
(118, 228)
(118, 360)
(118, 235)
(118, 376)
(118, 251)
(118, 127)
(119, 203)
(119, 196)
(119, 389)
(119, 230)
(119, 391)
(119, 122)
(119, 267)
(119, 175)
(119, 341)
(119, 314)
(119, 143)
(119, 284)
(119, 349)
(119, 318)
(120, 387)
(120, 261)
(120, 392)
(120, 137)
(120, 139)
(120, 397)
(120, 143)
(120, 216)
(120, 131)
(120, 276)
(120, 279)
(120, 284)
(120, 159)
(120, 160)
(120, 165)
(120, 167)
(120, 299)
(120, 307)
(120, 314)
(120, 187)
(120, 197)
(120, 330)
(120, 333)
(120, 210)
(120, 212)
(120, 344)
(120, 346)
(120, 145)
(120, 360)
(120, 233)
(120, 236)
(120, 247)
(120, 251)
(120, 252)
(120, 255)
(121, 257)
(121, 262)
(121, 266)
(121, 275)
(121, 158)
(121, 309)
(121, 189)
(121, 200)
(121, 329)
(121, 331)
(121, 204)
(121, 312)
(121, 214)
(121, 348)
(121, 367)
(121, 369)
(121, 125)
(122, 389)
(122, 391)
(122, 267)
(122, 143)
(122, 284)
(122, 159)
(122, 299)
(122, 301)
(122, 175)
(122, 314)
(122, 187)
(122, 318)
(122, 196)
(122, 203)
(122, 206)
(122, 212)
(122, 341)
(122, 216)
(122, 349)
(122, 230)
(123, 131)
(123, 140)
(123, 276)
(123, 281)
(123, 290)
(123, 293)
(123, 302)
(123, 344)
(123, 347)
(123, 228)
(123, 233)
(123, 235)
(123, 366)
(123, 376)
(123, 252)
(123, 127)
(124, 132)
(124, 265)
(124, 273)
(124, 146)
(124, 285)
(124, 166)
(124, 295)
(124, 169)
(124, 172)
(124, 181)
(124, 184)
(124, 313)
(124, 315)
(124, 192)
(124, 328)
(124, 205)
(124, 340)
(124, 220)
(124, 352)
(124, 362)
(124, 373)
(124, 380)
(125, 257)
(125, 262)
(125, 263)
(125, 266)
(125, 141)
(125, 144)
(125, 275)
(125, 148)
(125, 150)
(125, 390)
(125, 303)
(125, 180)
(125, 309)
(125, 312)
(125, 316)
(125, 198)
(125, 331)
(125, 204)
(125, 207)
(125, 214)
(125, 345)
(125, 222)
(125, 354)
(125, 227)
(125, 237)
(125, 367)
(125, 241)
(125, 147)
(125, 244)
(125, 374)
(126, 258)
(126, 259)
(126, 395)
(126, 396)
(126, 149)
(126, 151)
(126, 282)
(126, 169)
(126, 304)
(126, 177)
(126, 181)
(126, 313)
(126, 315)
(126, 188)
(126, 328)
(126, 332)
(126, 205)
(126, 335)
(126, 340)
(126, 348)
(126, 369)
(126, 373)
(126, 200)
(126, 383)
(127, 387)
(127, 136)
(127, 139)
(127, 140)
(127, 272)
(127, 131)
(127, 276)
(127, 281)
(127, 290)
(127, 164)
(127, 293)
(127, 302)
(127, 307)
(127, 310)
(127, 190)
(127, 194)
(127, 210)
(127, 343)
(127, 344)
(127, 346)
(127, 347)
(127, 228)
(127, 360)
(127, 233)
(127, 235)
(127, 366)
(127, 247)
(127, 376)
(127, 251)
(127, 252)
(128, 384)
(128, 256)
(128, 386)
(128, 268)
(128, 270)
(128, 271)
(128, 277)
(128, 154)
(128, 288)
(128, 161)
(128, 162)
(128, 291)
(128, 292)
(128, 168)
(128, 174)
(128, 191)
(128, 321)
(128, 323)
(128, 324)
(128, 326)
(128, 201)
(128, 337)
(128, 339)
(128, 217)
(128, 220)
(128, 223)
(128, 353)
(128, 359)
(128, 232)
(128, 234)
(128, 231)
(128, 365)
(128, 239)
(128, 368)
(128, 372)
(128, 382)
(129, 132)
(129, 388)
(129, 130)
(129, 142)
(129, 273)
(129, 146)
(129, 277)
(129, 152)
(129, 153)
(129, 156)
(129, 286)
(129, 160)
(129, 294)
(129, 172)
(129, 173)
(129, 305)
(129, 311)
(129, 320)
(129, 322)
(129, 183)
(129, 333)
(129, 208)
(129, 337)
(129, 338)
(129, 342)
(129, 350)
(129, 229)
(129, 209)
(129, 361)
(129, 234)
(129, 363)
(129, 240)
(129, 242)
(129, 245)
(129, 375)
(129, 250)
(129, 254)
(130, 388)
(130, 136)
(130, 139)
(130, 194)
(130, 142)
(130, 272)
(130, 279)
(130, 152)
(130, 153)
(130, 156)
(130, 286)
(130, 160)
(130, 173)
(130, 305)
(130, 310)
(130, 311)
(130, 320)
(130, 322)
(130, 183)
(130, 333)
(130, 208)
(130, 209)
(130, 338)
(130, 342)
(130, 350)
(130, 224)
(130, 229)
(130, 361)
(130, 234)
(130, 363)
(130, 250)
(131, 387)
(131, 137)
(131, 139)
(131, 397)
(131, 216)
(131, 276)
(131, 279)
(131, 281)
(131, 290)
(131, 293)
(131, 167)
(131, 307)
(131, 310)
(131, 314)
(131, 194)
(131, 197)
(131, 210)
(131, 344)
(131, 346)
(131, 347)
(131, 360)
(131, 233)
(131, 366)
(131, 247)
(131, 376)
(131, 251)
(131, 252)
(132, 388)
(132, 265)
(132, 273)
(132, 146)
(132, 277)
(132, 153)
(132, 294)
(132, 295)
(132, 297)
(132, 172)
(132, 305)
(132, 311)
(132, 373)
(132, 322)
(132, 325)
(132, 205)
(132, 208)
(132, 337)
(132, 338)
(132, 220)
(132, 223)
(132, 166)
(132, 209)
(132, 361)
(132, 362)
(132, 240)
(132, 242)
(132, 245)
(132, 375)
(132, 250)
(132, 234)
(132, 254)
(133, 256)
(133, 386)
(133, 171)
(133, 134)
(133, 135)
(133, 264)
(133, 394)
(133, 140)
(133, 399)
(133, 272)
(133, 288)
(133, 291)
(133, 292)
(133, 199)
(133, 302)
(133, 136)
(133, 306)
(133, 179)
(133, 183)
(133, 186)
(133, 190)
(133, 321)
(133, 323)
(133, 326)
(133, 327)
(133, 334)
(133, 336)
(133, 343)
(133, 164)
(133, 271)
(133, 351)
(133, 224)
(133, 353)
(133, 357)
(133, 358)
(133, 232)
(133, 365)
(133, 238)
(133, 243)
(133, 382)
(134, 256)
(134, 171)
(134, 135)
(134, 264)
(134, 394)
(134, 215)
(134, 399)
(134, 289)
(134, 291)
(134, 296)
(134, 199)
(134, 306)
(134, 179)
(134, 186)
(134, 323)
(134, 326)
(134, 327)
(134, 334)
(134, 336)
(134, 343)
(134, 218)
(134, 219)
(134, 351)
(134, 353)
(134, 357)
(134, 358)
(134, 238)
(134, 243)
(134, 381)
(135, 256)
(135, 171)
(135, 264)
(135, 394)
(135, 140)
(135, 399)
(135, 272)
(135, 291)
(135, 164)
(135, 199)
(135, 302)
(135, 136)
(135, 306)
(135, 179)
(135, 186)
(135, 190)
(135, 323)
(135, 327)
(135, 334)
(135, 336)
(135, 343)
(135, 351)
(135, 224)
(135, 353)
(135, 228)
(135, 357)
(135, 358)
(135, 235)
(135, 238)
(135, 243)
(136, 264)
(136, 139)
(136, 140)
(136, 142)
(136, 399)
(136, 272)
(136, 276)
(136, 281)
(136, 286)
(136, 164)
(136, 293)
(136, 171)
(136, 173)
(136, 302)
(136, 310)
(136, 186)
(136, 190)
(136, 320)
(136, 194)
(136, 333)
(136, 343)
(136, 344)
(136, 346)
(136, 357)
(136, 224)
(136, 228)
(136, 229)
(136, 235)
(136, 238)
(136, 376)
(137, 387)
(137, 261)
(137, 391)
(137, 392)
(137, 397)
(137, 143)
(137, 216)
(137, 276)
(137, 279)
(137, 284)
(137, 159)
(137, 160)
(137, 165)
(137, 167)
(137, 299)
(137, 300)
(137, 307)
(137, 314)
(137, 187)
(137, 197)
(137, 330)
(137, 333)
(137, 206)
(137, 210)
(137, 211)
(137, 212)
(137, 213)
(137, 344)
(137, 346)
(137, 145)
(137, 360)
(137, 233)
(137, 236)
(137, 247)
(137, 251)
(137, 255)
(138, 385)
(138, 226)
(138, 355)
(138, 214)
(138, 367)
(138, 157)
(138, 275)
(138, 148)
(138, 309)
(138, 374)
(138, 249)
(138, 163)
(138, 379)
(138, 189)
(138, 287)
(139, 387)
(139, 397)
(139, 142)
(139, 272)
(139, 276)
(139, 279)
(139, 281)
(139, 286)
(139, 160)
(139, 164)
(139, 293)
(139, 167)
(139, 173)
(139, 302)
(139, 307)
(139, 310)
(139, 190)
(139, 320)
(139, 194)
(139, 197)
(139, 333)
(139, 210)
(139, 344)
(139, 346)
(139, 347)
(139, 224)
(139, 228)
(139, 229)
(139, 360)
(139, 233)
(139, 235)
(139, 236)
(139, 247)
(139, 376)
(139, 251)
(140, 256)
(140, 171)
(140, 264)
(140, 394)
(140, 399)
(140, 272)
(140, 281)
(140, 286)
(140, 164)
(140, 293)
(140, 199)
(140, 173)
(140, 302)
(140, 306)
(140, 179)
(140, 310)
(140, 186)
(140, 190)
(140, 320)
(140, 194)
(140, 327)
(140, 336)
(140, 343)
(140, 351)
(140, 224)
(140, 228)
(140, 357)
(140, 358)
(140, 235)
(140, 238)
(140, 243)
(140, 376)
(141, 257)
(141, 150)
(141, 390)
(141, 263)
(141, 266)
(141, 269)
(141, 144)
(141, 147)
(141, 278)
(141, 262)
(141, 297)
(141, 303)
(141, 176)
(141, 180)
(141, 312)
(141, 316)
(141, 317)
(141, 325)
(141, 198)
(141, 331)
(141, 204)
(141, 207)
(141, 214)
(141, 345)
(141, 222)
(141, 354)
(141, 227)
(141, 363)
(141, 237)
(141, 241)
(141, 244)
(141, 248)
(142, 387)
(142, 392)
(142, 397)
(142, 274)
(142, 279)
(142, 152)
(142, 153)
(142, 156)
(142, 286)
(142, 160)
(142, 167)
(142, 173)
(142, 307)
(142, 310)
(142, 320)
(142, 322)
(142, 197)
(142, 194)
(142, 333)
(142, 208)
(142, 209)
(142, 342)
(142, 346)
(142, 350)
(142, 229)
(142, 360)
(142, 363)
(142, 236)
(142, 248)
(142, 251)
(143, 389)
(143, 391)
(143, 267)
(143, 145)
(143, 284)
(143, 159)
(143, 299)
(143, 301)
(143, 175)
(143, 314)
(143, 187)
(143, 318)
(143, 196)
(143, 203)
(143, 206)
(143, 212)
(143, 341)
(143, 216)
(143, 349)
(143, 230)
(143, 233)
(143, 247)
(144, 257)
(144, 150)
(144, 263)
(144, 392)
(144, 269)
(144, 274)
(144, 147)
(144, 278)
(144, 153)
(144, 156)
(144, 165)
(144, 303)
(144, 176)
(144, 180)
(144, 316)
(144, 317)
(144, 198)
(144, 207)
(144, 213)
(144, 342)
(144, 345)
(144, 222)
(144, 354)
(144, 227)
(144, 363)
(144, 237)
(144, 241)
(144, 244)
(144, 248)
(145, 387)
(145, 261)
(145, 391)
(145, 392)
(145, 397)
(145, 274)
(145, 279)
(145, 284)
(145, 159)
(145, 160)
(145, 165)
(145, 167)
(145, 299)
(145, 300)
(145, 307)
(145, 314)
(145, 187)
(145, 197)
(145, 330)
(145, 333)
(145, 206)
(145, 210)
(145, 211)
(145, 212)
(145, 213)
(145, 216)
(145, 346)
(145, 360)
(145, 233)
(145, 236)
(145, 247)
(145, 251)
(145, 255)
(146, 384)
(146, 388)
(146, 265)
(146, 273)
(146, 277)
(146, 288)
(146, 294)
(146, 295)
(146, 172)
(146, 305)
(146, 311)
(146, 191)
(146, 321)
(146, 322)
(146, 183)
(146, 208)
(146, 337)
(146, 338)
(146, 217)
(146, 220)
(146, 350)
(146, 223)
(146, 209)
(146, 361)
(146, 234)
(146, 239)
(146, 240)
(146, 245)
(146, 375)
(146, 250)
(146, 254)
(147, 257)
(147, 260)
(147, 150)
(147, 262)
(147, 263)
(147, 266)
(147, 269)
(147, 278)
(147, 283)
(147, 390)
(147, 298)
(147, 303)
(147, 176)
(147, 180)
(147, 312)
(147, 316)
(147, 317)
(147, 198)
(147, 207)
(147, 213)
(147, 214)
(147, 345)
(147, 222)
(147, 354)
(147, 227)
(147, 241)
(147, 244)
(147, 246)
(147, 248)
(147, 378)
(148, 385)
(148, 260)
(148, 262)
(148, 257)
(148, 266)
(148, 275)
(148, 157)
(148, 287)
(148, 163)
(148, 390)
(148, 298)
(148, 303)
(148, 309)
(148, 189)
(148, 214)
(148, 345)
(148, 226)
(148, 355)
(148, 367)
(148, 241)
(148, 371)
(148, 374)
(148, 249)
(148, 378)
(148, 379)
(149, 258)
(149, 259)
(149, 395)
(149, 396)
(149, 151)
(149, 282)
(149, 158)
(149, 169)
(149, 304)
(149, 177)
(149, 313)
(149, 315)
(149, 328)
(149, 329)
(149, 332)
(149, 205)
(149, 335)
(149, 340)
(149, 348)
(149, 369)
(149, 373)
(149, 200)
(149, 383)
(150, 257)
(150, 260)
(150, 262)
(150, 263)
(150, 266)
(150, 269)
(150, 278)
(150, 390)
(150, 303)
(150, 176)
(150, 180)
(150, 312)
(150, 316)
(150, 317)
(150, 198)
(150, 331)
(150, 204)
(150, 207)
(150, 214)
(150, 345)
(150, 222)
(150, 354)
(150, 227)
(150, 237)
(150, 241)
(150, 244)
(150, 248)
(150, 378)
(151, 258)
(151, 265)
(151, 395)
(151, 396)
(151, 282)
(151, 166)
(151, 297)
(151, 304)
(151, 177)
(151, 312)
(151, 313)
(151, 315)
(151, 325)
(151, 200)
(151, 204)
(151, 331)
(151, 332)
(151, 205)
(151, 335)
(151, 340)
(151, 348)
(151, 362)
(151, 237)
(151, 242)
(151, 244)
(151, 373)
(151, 375)
(151, 383)
(152, 388)
(152, 392)
(152, 269)
(152, 274)
(152, 278)
(152, 279)
(152, 153)
(152, 156)
(152, 286)
(152, 160)
(152, 294)
(152, 173)
(152, 305)
(152, 180)
(152, 311)
(152, 320)
(152, 322)
(152, 333)
(152, 207)
(152, 208)
(152, 209)
(152, 338)
(152, 342)
(152, 350)
(152, 229)
(152, 361)
(152, 363)
(152, 240)
(152, 242)
(152, 375)
(152, 248)
(152, 250)
(152, 254)
(153, 269)
(153, 273)
(153, 274)
(153, 278)
(153, 156)
(153, 160)
(153, 294)
(153, 297)
(153, 305)
(153, 180)
(153, 311)
(153, 322)
(153, 325)
(153, 333)
(153, 207)
(153, 208)
(153, 209)
(153, 342)
(153, 354)
(153, 229)
(153, 363)
(153, 237)
(153, 240)
(153, 242)
(153, 244)
(153, 375)
(153, 248)
(153, 250)
(153, 254)
(154, 384)
(154, 386)
(154, 193)
(154, 268)
(154, 270)
(154, 271)
(154, 161)
(154, 162)
(154, 168)
(154, 174)
(154, 178)
(154, 191)
(154, 321)
(154, 324)
(154, 326)
(154, 201)
(154, 339)
(154, 217)
(154, 359)
(154, 232)
(154, 231)
(154, 364)
(154, 365)
(154, 239)
(154, 368)
(154, 372)
(154, 382)
(155, 261)
(155, 393)
(155, 283)
(155, 159)
(155, 165)
(155, 298)
(155, 299)
(155, 300)
(155, 301)
(155, 176)
(155, 308)
(155, 187)
(155, 319)
(155, 330)
(155, 206)
(155, 211)
(155, 212)
(155, 213)
(155, 356)
(155, 246)
(155, 253)
(155, 255)
(156, 263)
(156, 392)
(156, 269)
(156, 274)
(156, 278)
(156, 279)
(156, 160)
(156, 294)
(156, 167)
(156, 180)
(156, 311)
(156, 317)
(156, 322)
(156, 197)
(156, 333)
(156, 207)
(156, 208)
(156, 209)
(156, 342)
(156, 354)
(156, 229)
(156, 363)
(156, 236)
(156, 240)
(156, 244)
(156, 248)
(156, 254)
(157, 385)
(157, 226)
(157, 355)
(157, 367)
(157, 275)
(157, 309)
(157, 374)
(157, 379)
(157, 189)
(157, 287)
(158, 258)
(158, 262)
(158, 395)
(158, 396)
(158, 304)
(158, 309)
(158, 329)
(158, 200)
(158, 332)
(158, 335)
(158, 348)
(158, 367)
(158, 369)
(158, 383)
(159, 261)
(159, 391)
(159, 393)
(159, 397)
(159, 284)
(159, 165)
(159, 299)
(159, 300)
(159, 301)
(159, 175)
(159, 314)
(159, 187)
(159, 197)
(159, 330)
(159, 203)
(159, 206)
(159, 211)
(159, 212)
(159, 213)
(159, 216)
(159, 349)
(159, 356)
(159, 236)
(159, 246)
(159, 253)
(159, 255)
(160, 387)
(160, 392)
(160, 397)
(160, 274)
(160, 278)
(160, 279)
(160, 286)
(160, 167)
(160, 173)
(160, 307)
(160, 310)
(160, 320)
(160, 322)
(160, 197)
(160, 194)
(160, 333)
(160, 208)
(160, 209)
(160, 210)
(160, 342)
(160, 346)
(160, 229)
(160, 360)
(160, 363)
(160, 236)
(160, 248)
(160, 251)
(161, 384)
(161, 256)
(161, 386)
(161, 268)
(161, 270)
(161, 271)
(161, 288)
(161, 289)
(161, 291)
(161, 292)
(161, 168)
(161, 174)
(161, 321)
(161, 323)
(161, 324)
(161, 326)
(161, 201)
(161, 339)
(161, 218)
(161, 353)
(161, 359)
(161, 232)
(161, 231)
(161, 364)
(161, 365)
(161, 239)
(161, 368)
(161, 372)
(161, 382)
(162, 384)
(162, 270)
(162, 295)
(162, 170)
(162, 174)
(162, 178)
(162, 398)
(162, 193)
(162, 324)
(162, 182)
(162, 202)
(162, 217)
(162, 220)
(162, 231)
(162, 239)
(162, 372)
(162, 191)
(163, 385)
(163, 260)
(163, 390)
(163, 275)
(163, 287)
(163, 298)
(163, 266)
(163, 214)
(163, 345)
(163, 371)
(163, 374)
(163, 249)
(163, 378)
(164, 256)
(164, 171)
(164, 264)
(164, 394)
(164, 399)
(164, 272)
(164, 281)
(164, 286)
(164, 293)
(164, 199)
(164, 173)
(164, 302)
(164, 310)
(164, 183)
(164, 186)
(164, 190)
(164, 320)
(164, 194)
(164, 327)
(164, 336)
(164, 343)
(164, 351)
(164, 224)
(164, 228)
(164, 357)
(164, 358)
(164, 235)
(164, 238)
(164, 243)
(164, 376)
(165, 261)
(165, 392)
(165, 393)
(165, 274)
(165, 283)
(165, 167)
(165, 299)
(165, 300)
(165, 301)
(165, 176)
(165, 308)
(165, 317)
(165, 319)
(165, 197)
(165, 330)
(165, 206)
(165, 211)
(165, 212)
(165, 213)
(165, 222)
(165, 356)
(165, 236)
(165, 246)
(165, 253)
(165, 255)
(166, 259)
(166, 265)
(166, 273)
(166, 285)
(166, 295)
(166, 169)
(166, 181)
(166, 184)
(166, 313)
(166, 315)
(166, 188)
(166, 192)
(166, 328)
(166, 205)
(166, 340)
(166, 185)
(166, 352)
(166, 362)
(166, 373)
(166, 377)
(166, 380)
(167, 387)
(167, 392)
(167, 397)
(167, 344)
(167, 274)
(167, 276)
(167, 279)
(167, 299)
(167, 307)
(167, 320)
(167, 194)
(167, 197)
(167, 330)
(167, 333)
(167, 210)
(167, 212)
(167, 213)
(167, 216)
(167, 346)
(167, 360)
(167, 233)
(167, 236)
(167, 247)
(167, 251)
(167, 255)
(168, 384)
(168, 256)
(168, 386)
(168, 268)
(168, 270)
(168, 271)
(168, 288)
(168, 289)
(168, 291)
(168, 292)
(168, 174)
(168, 191)
(168, 321)
(168, 323)
(168, 324)
(168, 326)
(168, 201)
(168, 339)
(168, 353)
(168, 359)
(168, 232)
(168, 231)
(168, 364)
(168, 365)
(168, 239)
(168, 368)
(168, 372)
(168, 382)
(169, 258)
(169, 259)
(169, 265)
(169, 396)
(169, 282)
(169, 285)
(169, 177)
(169, 181)
(169, 184)
(169, 313)
(169, 315)
(169, 188)
(169, 192)
(169, 328)
(169, 205)
(169, 340)
(169, 185)
(169, 221)
(169, 352)
(169, 362)
(169, 373)
(169, 377)
(169, 380)
(170, 352)
(170, 193)
(170, 195)
(170, 202)
(170, 398)
(170, 178)
(170, 182)
(170, 185)
(170, 280)
(170, 377)
(170, 285)
(171, 256)
(171, 264)
(171, 394)
(171, 399)
(171, 272)
(171, 281)
(171, 286)
(171, 291)
(171, 292)
(171, 199)
(171, 173)
(171, 302)
(171, 306)
(171, 179)
(171, 310)
(171, 183)
(171, 186)
(171, 190)
(171, 194)
(171, 323)
(171, 326)
(171, 327)
(171, 336)
(171, 343)
(171, 271)
(171, 351)
(171, 224)
(171, 353)
(171, 228)
(171, 357)
(171, 358)
(171, 232)
(171, 235)
(171, 238)
(171, 243)
(171, 376)
(172, 388)
(172, 265)
(172, 273)
(172, 277)
(172, 288)
(172, 294)
(172, 295)
(172, 305)
(172, 311)
(172, 322)
(172, 183)
(172, 208)
(172, 337)
(172, 338)
(172, 220)
(172, 350)
(172, 223)
(172, 209)
(172, 361)
(172, 234)
(172, 240)
(172, 242)
(172, 245)
(172, 375)
(172, 250)
(172, 254)
(173, 388)
(173, 194)
(173, 272)
(173, 279)
(173, 281)
(173, 286)
(173, 292)
(173, 305)
(173, 310)
(173, 183)
(173, 186)
(173, 190)
(173, 320)
(173, 322)
(173, 333)
(173, 208)
(173, 209)
(173, 338)
(173, 350)
(173, 224)
(173, 229)
(173, 361)
(173, 234)
(173, 238)
(173, 250)
(174, 384)
(174, 386)
(174, 193)
(174, 268)
(174, 270)
(174, 277)
(174, 288)
(174, 295)
(174, 178)
(174, 191)
(174, 321)
(174, 324)
(174, 202)
(174, 337)
(174, 339)
(174, 217)
(174, 220)
(174, 223)
(174, 231)
(174, 239)
(174, 368)
(174, 372)
(174, 382)
(175, 389)
(175, 391)
(175, 267)
(175, 284)
(175, 299)
(175, 314)
(175, 187)
(175, 318)
(175, 196)
(175, 203)
(175, 206)
(175, 341)
(175, 216)
(175, 349)
(175, 230)
(176, 260)
(176, 261)
(176, 390)
(176, 263)
(176, 392)
(176, 393)
(176, 274)
(176, 278)
(176, 283)
(176, 298)
(176, 300)
(176, 303)
(176, 308)
(176, 316)
(176, 317)
(176, 319)
(176, 198)
(176, 330)
(176, 211)
(176, 213)
(176, 345)
(176, 222)
(176, 354)
(176, 227)
(176, 241)
(176, 246)
(176, 248)
(176, 378)
(176, 253)
(176, 255)
(177, 258)
(177, 259)
(177, 395)
(177, 396)
(177, 282)
(177, 304)
(177, 200)
(177, 181)
(177, 313)
(177, 315)
(177, 188)
(177, 192)
(177, 328)
(177, 332)
(177, 205)
(177, 335)
(177, 340)
(177, 348)
(177, 369)
(177, 373)
(177, 383)
(178, 384)
(178, 270)
(178, 182)
(178, 193)
(178, 324)
(178, 202)
(178, 217)
(178, 220)
(178, 231)
(178, 239)
(178, 372)
(178, 191)
(179, 256)
(179, 264)
(179, 394)
(179, 215)
(179, 399)
(179, 289)
(179, 291)
(179, 199)
(179, 306)
(179, 186)
(179, 323)
(179, 326)
(179, 327)
(179, 334)
(179, 336)
(179, 343)
(179, 218)
(179, 351)
(179, 353)
(179, 357)
(179, 358)
(179, 232)
(179, 365)
(179, 238)
(179, 243)
(179, 381)
(180, 257)
(180, 263)
(180, 269)
(180, 274)
(180, 278)
(180, 294)
(180, 297)
(180, 303)
(180, 311)
(180, 312)
(180, 316)
(180, 317)
(180, 322)
(180, 325)
(180, 198)
(180, 331)
(180, 204)
(180, 207)
(180, 342)
(180, 222)
(180, 354)
(180, 227)
(180, 363)
(180, 237)
(180, 240)
(180, 241)
(180, 242)
(180, 244)
(180, 375)
(180, 248)
(180, 254)
(181, 258)
(181, 259)
(181, 265)
(181, 396)
(181, 282)
(181, 285)
(181, 184)
(181, 313)
(181, 315)
(181, 188)
(181, 192)
(181, 328)
(181, 205)
(181, 340)
(181, 185)
(181, 221)
(181, 352)
(181, 362)
(181, 373)
(181, 377)
(181, 380)
(182, 398)
(182, 280)
(182, 285)
(182, 184)
(182, 185)
(182, 193)
(182, 195)
(182, 202)
(182, 217)
(182, 352)
(182, 377)
(183, 256)
(183, 386)
(183, 388)
(183, 271)
(183, 272)
(183, 277)
(183, 286)
(183, 288)
(183, 292)
(183, 305)
(183, 186)
(183, 190)
(183, 320)
(183, 321)
(183, 326)
(183, 199)
(183, 208)
(183, 337)
(183, 338)
(183, 350)
(183, 223)
(183, 224)
(183, 229)
(183, 209)
(183, 232)
(183, 361)
(183, 234)
(183, 238)
(183, 245)
(183, 250)
(184, 259)
(184, 280)
(184, 285)
(184, 313)
(184, 188)
(184, 192)
(184, 195)
(184, 328)
(184, 340)
(184, 185)
(184, 221)
(184, 352)
(184, 225)
(184, 362)
(184, 370)
(184, 373)
(184, 377)
(184, 380)
(185, 398)
(185, 280)
(185, 285)
(185, 192)
(185, 193)
(185, 195)
(185, 328)
(185, 202)
(185, 352)
(185, 225)
(185, 377)
(185, 380)
(186, 256)
(186, 264)
(186, 394)
(186, 399)
(186, 272)
(186, 281)
(186, 286)
(186, 291)
(186, 292)
(186, 199)
(186, 302)
(186, 306)
(186, 310)
(186, 190)
(186, 194)
(186, 323)
(186, 326)
(186, 327)
(186, 336)
(186, 343)
(186, 271)
(186, 351)
(186, 224)
(186, 353)
(186, 228)
(186, 357)
(186, 358)
(186, 235)
(186, 238)
(186, 243)
(186, 376)
(187, 389)
(187, 391)
(187, 393)
(187, 267)
(187, 284)
(187, 261)
(187, 299)
(187, 300)
(187, 301)
(187, 314)
(187, 196)
(187, 330)
(187, 203)
(187, 206)
(187, 211)
(187, 212)
(187, 216)
(187, 349)
(187, 356)
(187, 253)
(187, 255)
(188, 259)
(188, 280)
(188, 282)
(188, 285)
(188, 313)
(188, 192)
(188, 195)
(188, 328)
(188, 340)
(188, 221)
(188, 352)
(188, 225)
(188, 370)
(188, 377)
(188, 380)
(189, 385)
(189, 226)
(189, 355)
(189, 262)
(189, 367)
(189, 275)
(189, 309)
(189, 374)
(189, 379)
(190, 256)
(190, 264)
(190, 394)
(190, 399)
(190, 272)
(190, 281)
(190, 286)
(190, 199)
(190, 302)
(190, 306)
(190, 310)
(190, 320)
(190, 194)
(190, 327)
(190, 336)
(190, 343)
(190, 351)
(190, 224)
(190, 353)
(190, 228)
(190, 357)
(190, 358)
(190, 235)
(190, 238)
(190, 243)
(190, 376)
(191, 384)
(191, 386)
(191, 193)
(191, 268)
(191, 277)
(191, 288)
(191, 295)
(191, 321)
(191, 324)
(191, 202)
(191, 337)
(191, 270)
(191, 217)
(191, 220)
(191, 223)
(191, 231)
(191, 239)
(191, 372)
(191, 382)
(192, 259)
(192, 280)
(192, 282)
(192, 285)
(192, 313)
(192, 195)
(192, 328)
(192, 205)
(192, 340)
(192, 221)
(192, 352)
(192, 225)
(192, 362)
(192, 370)
(192, 373)
(192, 377)
(192, 380)
(193, 384)
(193, 398)
(193, 295)
(193, 324)
(193, 202)
(193, 217)
(193, 220)
(193, 231)
(193, 239)
(193, 372)
(194, 387)
(194, 272)
(194, 276)
(194, 279)
(194, 281)
(194, 286)
(194, 293)
(194, 302)
(194, 307)
(194, 310)
(194, 320)
(194, 333)
(194, 210)
(194, 344)
(194, 346)
(194, 350)
(194, 224)
(194, 228)
(194, 229)
(194, 360)
(194, 235)
(194, 376)
(194, 251)
(195, 259)
(195, 398)
(195, 280)
(195, 285)
(195, 328)
(195, 221)
(195, 352)
(195, 225)
(195, 370)
(195, 377)
(196, 389)
(196, 391)
(196, 267)
(196, 284)
(196, 314)
(196, 318)
(196, 203)
(196, 341)
(196, 349)
(196, 230)
(196, 233)
(196, 252)
(196, 247)
(197, 387)
(197, 261)
(197, 392)
(197, 397)
(197, 274)
(197, 279)
(197, 299)
(197, 300)
(197, 307)
(197, 314)
(197, 330)
(197, 333)
(197, 206)
(197, 210)
(197, 211)
(197, 212)
(197, 213)
(197, 216)
(197, 346)
(197, 360)
(197, 233)
(197, 236)
(197, 247)
(197, 251)
(197, 255)
(198, 257)
(198, 260)
(198, 262)
(198, 263)
(198, 266)
(198, 269)
(198, 274)
(198, 278)
(198, 283)
(198, 390)
(198, 298)
(198, 303)
(198, 312)
(198, 316)
(198, 317)
(198, 331)
(198, 204)
(198, 207)
(198, 214)
(198, 345)
(198, 222)
(198, 354)
(198, 227)
(198, 237)
(198, 241)
(198, 244)
(198, 248)
(198, 378)
(199, 256)
(199, 386)
(199, 264)
(199, 394)
(199, 268)
(199, 399)
(199, 272)
(199, 289)
(199, 291)
(199, 292)
(199, 306)
(199, 321)
(199, 323)
(199, 326)
(199, 327)
(199, 334)
(199, 336)
(199, 343)
(199, 218)
(199, 271)
(199, 351)
(199, 224)
(199, 353)
(199, 357)
(199, 358)
(199, 232)
(199, 365)
(199, 238)
(199, 368)
(199, 243)
(199, 382)
(200, 258)
(200, 395)
(200, 396)
(200, 282)
(200, 304)
(200, 329)
(200, 312)
(200, 313)
(200, 315)
(200, 332)
(200, 331)
(200, 204)
(200, 205)
(200, 335)
(200, 340)
(200, 348)
(200, 237)
(200, 369)
(200, 383)
(201, 268)
(201, 270)
(201, 289)
(201, 321)
(201, 324)
(201, 339)
(201, 359)
(201, 232)
(201, 231)
(201, 364)
(201, 365)
(201, 368)
(201, 372)
(201, 382)
(202, 384)
(202, 324)
(202, 231)
(202, 398)
(202, 239)
(202, 217)
(202, 220)
(203, 389)
(203, 391)
(203, 267)
(203, 284)
(203, 299)
(203, 301)
(203, 314)
(203, 318)
(203, 206)
(203, 341)
(203, 216)
(203, 349)
(203, 230)
(203, 233)
(203, 247)
(203, 252)
(204, 257)
(204, 258)
(204, 263)
(204, 269)
(204, 278)
(204, 294)
(204, 297)
(204, 304)
(204, 312)
(204, 316)
(204, 325)
(204, 331)
(204, 205)
(204, 207)
(204, 348)
(204, 354)
(204, 237)
(204, 240)
(204, 242)
(204, 244)
(204, 375)
(204, 254)
(204, 383)
(205, 258)
(205, 259)
(205, 265)
(205, 396)
(205, 273)
(205, 282)
(205, 297)
(205, 304)
(205, 313)
(205, 315)
(205, 325)
(205, 328)
(205, 335)
(205, 340)
(205, 348)
(205, 352)
(205, 362)
(205, 242)
(205, 373)
(205, 375)
(205, 380)
(205, 383)
(206, 261)
(206, 391)
(206, 393)
(206, 284)
(206, 299)
(206, 300)
(206, 301)
(206, 308)
(206, 314)
(206, 330)
(206, 211)
(206, 212)
(206, 213)
(206, 216)
(206, 349)
(206, 356)
(206, 246)
(206, 253)
(206, 255)
(207, 263)
(207, 269)
(207, 274)
(207, 278)
(207, 294)
(207, 297)
(207, 303)
(207, 311)
(207, 312)
(207, 316)
(207, 317)
(207, 322)
(207, 325)
(207, 331)
(207, 342)
(207, 222)
(207, 354)
(207, 227)
(207, 363)
(207, 237)
(207, 240)
(207, 241)
(207, 242)
(207, 244)
(207, 375)
(207, 248)
(207, 254)
(208, 388)
(208, 269)
(208, 273)
(208, 274)
(208, 279)
(208, 286)
(208, 294)
(208, 305)
(208, 311)
(208, 320)
(208, 322)
(208, 333)
(208, 209)
(208, 338)
(208, 342)
(208, 350)
(208, 229)
(208, 361)
(208, 234)
(208, 363)
(208, 240)
(208, 242)
(208, 245)
(208, 375)
(208, 248)
(208, 250)
(208, 254)
(209, 388)
(209, 273)
(209, 277)
(209, 286)
(209, 294)
(209, 305)
(209, 311)
(209, 320)
(209, 322)
(209, 333)
(209, 337)
(209, 338)
(209, 342)
(209, 350)
(209, 229)
(209, 361)
(209, 234)
(209, 363)
(209, 240)
(209, 245)
(209, 375)
(209, 250)
(209, 254)
(210, 387)
(210, 397)
(210, 344)
(210, 276)
(210, 279)
(210, 290)
(210, 299)
(210, 307)
(210, 314)
(210, 333)
(210, 212)
(210, 216)
(210, 346)
(210, 347)
(210, 360)
(210, 233)
(210, 236)
(210, 366)
(210, 247)
(210, 251)
(210, 252)
(211, 261)
(211, 392)
(211, 393)
(211, 283)
(211, 299)
(211, 300)
(211, 301)
(211, 308)
(211, 317)
(211, 319)
(211, 330)
(211, 212)
(211, 213)
(211, 356)
(211, 236)
(211, 246)
(211, 253)
(211, 255)
(212, 261)
(212, 391)
(212, 392)
(212, 393)
(212, 397)
(212, 284)
(212, 299)
(212, 300)
(212, 301)
(212, 307)
(212, 314)
(212, 330)
(212, 213)
(212, 216)
(212, 356)
(212, 236)
(212, 246)
(212, 251)
(212, 253)
(212, 255)
(213, 261)
(213, 263)
(213, 392)
(213, 393)
(213, 274)
(213, 283)
(213, 299)
(213, 300)
(213, 301)
(213, 308)
(213, 317)
(213, 319)
(213, 330)
(213, 222)
(213, 356)
(213, 236)
(213, 241)
(213, 246)
(213, 248)
(213, 253)
(213, 255)
(214, 385)
(214, 260)
(214, 262)
(214, 263)
(214, 266)
(214, 275)
(214, 287)
(214, 390)
(214, 298)
(214, 257)
(214, 303)
(214, 309)
(214, 312)
(214, 316)
(214, 345)
(214, 222)
(214, 354)
(214, 227)
(214, 367)
(214, 241)
(214, 371)
(214, 374)
(214, 249)
(214, 378)
(215, 289)
(215, 323)
(215, 359)
(215, 296)
(215, 364)
(215, 334)
(215, 291)
(215, 218)
(215, 219)
(215, 381)
(216, 387)
(216, 261)
(216, 391)
(216, 392)
(216, 397)
(216, 276)
(216, 279)
(216, 284)
(216, 299)
(216, 307)
(216, 314)
(216, 330)
(216, 344)
(216, 346)
(216, 349)
(216, 360)
(216, 233)
(216, 236)
(216, 247)
(216, 251)
(216, 252)
(216, 255)
(217, 384)
(217, 277)
(217, 285)
(217, 295)
(217, 220)
(217, 324)
(217, 337)
(217, 270)
(217, 223)
(217, 231)
(217, 239)
(218, 256)
(218, 268)
(218, 289)
(218, 291)
(218, 296)
(218, 306)
(218, 323)
(218, 326)
(218, 327)
(218, 334)
(218, 336)
(218, 219)
(218, 351)
(218, 353)
(218, 359)
(218, 364)
(218, 365)
(218, 368)
(218, 243)
(218, 381)
(219, 289)
(219, 296)
(219, 364)
(219, 334)
(219, 381)
(220, 384)
(220, 386)
(220, 265)
(220, 277)
(220, 288)
(220, 295)
(220, 305)
(220, 321)
(220, 337)
(220, 338)
(220, 223)
(220, 231)
(220, 361)
(220, 234)
(220, 239)
(220, 245)
(221, 225)
(221, 259)
(221, 328)
(221, 370)
(221, 280)
(221, 377)
(222, 257)
(222, 260)
(222, 390)
(222, 263)
(222, 266)
(222, 269)
(222, 278)
(222, 283)
(222, 298)
(222, 303)
(222, 312)
(222, 316)
(222, 317)
(222, 345)
(222, 354)
(222, 227)
(222, 241)
(222, 371)
(222, 246)
(222, 248)
(222, 378)
(223, 384)
(223, 386)
(223, 388)
(223, 270)
(223, 271)
(223, 273)
(223, 277)
(223, 288)
(223, 292)
(223, 295)
(223, 305)
(223, 321)
(223, 337)
(223, 338)
(223, 350)
(223, 231)
(223, 232)
(223, 361)
(223, 234)
(223, 239)
(223, 245)
(223, 250)
(224, 256)
(224, 264)
(224, 394)
(224, 399)
(224, 272)
(224, 281)
(224, 286)
(224, 292)
(224, 302)
(224, 310)
(224, 320)
(224, 327)
(224, 343)
(224, 271)
(224, 350)
(224, 351)
(224, 353)
(224, 229)
(224, 228)
(224, 357)
(224, 235)
(224, 238)
(224, 243)
(224, 376)
(225, 259)
(225, 370)
(225, 280)
(225, 377)
(226, 385)
(226, 355)
(226, 367)
(226, 275)
(226, 309)
(226, 374)
(226, 379)
(226, 287)
(227, 257)
(227, 260)
(227, 262)
(227, 263)
(227, 266)
(227, 269)
(227, 278)
(227, 283)
(227, 390)
(227, 298)
(227, 303)
(227, 312)
(227, 316)
(227, 317)
(227, 345)
(227, 354)
(227, 241)
(227, 371)
(227, 244)
(227, 248)
(227, 378)
(228, 264)
(228, 394)
(228, 399)
(228, 272)
(228, 276)
(228, 281)
(228, 290)
(228, 293)
(228, 302)
(228, 310)
(228, 343)
(228, 344)
(228, 357)
(228, 358)
(228, 235)
(228, 376)
(229, 388)
(229, 274)
(229, 279)
(229, 286)
(229, 294)
(229, 305)
(229, 310)
(229, 311)
(229, 320)
(229, 322)
(229, 333)
(229, 338)
(229, 342)
(229, 350)
(229, 361)
(229, 234)
(229, 363)
(229, 240)
(229, 245)
(229, 250)
(229, 254)
(230, 389)
(230, 267)
(230, 284)
(230, 290)
(230, 314)
(230, 318)
(230, 247)
(230, 341)
(230, 347)
(230, 349)
(230, 233)
(230, 366)
(230, 252)
(231, 384)
(231, 386)
(231, 268)
(231, 270)
(231, 321)
(231, 324)
(231, 339)
(231, 359)
(231, 232)
(231, 365)
(231, 239)
(231, 368)
(231, 372)
(231, 382)
(232, 256)
(232, 386)
(232, 268)
(232, 270)
(232, 271)
(232, 288)
(232, 289)
(232, 291)
(232, 292)
(232, 321)
(232, 323)
(232, 326)
(232, 337)
(232, 339)
(232, 351)
(232, 353)
(232, 359)
(232, 234)
(232, 364)
(232, 365)
(232, 238)
(232, 239)
(232, 368)
(232, 243)
(232, 372)
(232, 382)
(233, 387)
(233, 397)
(233, 276)
(233, 290)
(233, 307)
(233, 314)
(233, 318)
(233, 341)
(233, 344)
(233, 346)
(233, 347)
(233, 360)
(233, 366)
(233, 247)
(233, 251)
(233, 252)
(234, 386)
(234, 388)
(234, 271)
(234, 273)
(234, 277)
(234, 286)
(234, 288)
(234, 292)
(234, 295)
(234, 305)
(234, 311)
(234, 321)
(234, 322)
(234, 337)
(234, 338)
(234, 350)
(234, 361)
(234, 239)
(234, 240)
(234, 245)
(234, 250)
(235, 264)
(235, 394)
(235, 399)
(235, 272)
(235, 276)
(235, 281)
(235, 293)
(235, 302)
(235, 310)
(235, 327)
(235, 343)
(235, 357)
(235, 358)
(235, 376)
(236, 387)
(236, 261)
(236, 392)
(236, 397)
(236, 274)
(236, 279)
(236, 299)
(236, 300)
(236, 307)
(236, 330)
(236, 333)
(236, 346)
(236, 360)
(236, 247)
(236, 251)
(236, 255)
(237, 257)
(237, 263)
(237, 269)
(237, 278)
(237, 294)
(237, 297)
(237, 303)
(237, 304)
(237, 312)
(237, 316)
(237, 325)
(237, 331)
(237, 348)
(237, 354)
(237, 240)
(237, 242)
(237, 244)
(237, 375)
(237, 254)
(237, 383)
(238, 256)
(238, 386)
(238, 264)
(238, 394)
(238, 399)
(238, 272)
(238, 286)
(238, 288)
(238, 291)
(238, 292)
(238, 302)
(238, 306)
(238, 321)
(238, 323)
(238, 326)
(238, 327)
(238, 334)
(238, 336)
(238, 343)
(238, 271)
(238, 351)
(238, 353)
(238, 357)
(238, 358)
(238, 365)
(238, 243)
(238, 382)
(239, 384)
(239, 386)
(239, 268)
(239, 271)
(239, 277)
(239, 288)
(239, 295)
(239, 321)
(239, 324)
(239, 337)
(239, 270)
(239, 372)
(239, 382)
(240, 388)
(240, 265)
(240, 269)
(240, 273)
(240, 278)
(240, 294)
(240, 297)
(240, 305)
(240, 311)
(240, 322)
(240, 325)
(240, 338)
(240, 342)
(240, 350)
(240, 361)
(240, 363)
(240, 242)
(240, 244)
(240, 245)
(240, 375)
(240, 248)
(240, 250)
(240, 254)
(241, 257)
(241, 260)
(241, 262)
(241, 263)
(241, 266)
(241, 278)
(241, 283)
(241, 390)
(241, 298)
(241, 303)
(241, 312)
(241, 316)
(241, 317)
(241, 345)
(241, 354)
(241, 371)
(241, 246)
(241, 378)
(242, 265)
(242, 269)
(242, 273)
(242, 278)
(242, 294)
(242, 297)
(242, 311)
(242, 373)
(242, 322)
(242, 325)
(242, 331)
(242, 342)
(242, 362)
(242, 363)
(242, 244)
(242, 245)
(242, 375)
(242, 248)
(242, 250)
(242, 254)
(242, 383)
(243, 256)
(243, 386)
(243, 264)
(243, 394)
(243, 399)
(243, 272)
(243, 289)
(243, 291)
(243, 292)
(243, 306)
(243, 323)
(243, 326)
(243, 327)
(243, 334)
(243, 336)
(243, 343)
(243, 271)
(243, 351)
(243, 353)
(243, 357)
(243, 358)
(243, 365)
(243, 368)
(243, 382)
(244, 257)
(244, 263)
(244, 269)
(244, 278)
(244, 294)
(244, 297)
(244, 303)
(244, 311)
(244, 312)
(244, 316)
(244, 322)
(244, 325)
(244, 331)
(244, 342)
(244, 348)
(244, 354)
(244, 363)
(244, 375)
(244, 248)
(244, 254)
(244, 383)
(245, 388)
(245, 265)
(245, 273)
(245, 277)
(245, 288)
(245, 292)
(245, 294)
(245, 295)
(245, 305)
(245, 311)
(245, 322)
(245, 337)
(245, 338)
(245, 350)
(245, 361)
(245, 375)
(245, 250)
(245, 254)
(246, 261)
(246, 392)
(246, 393)
(246, 283)
(246, 298)
(246, 299)
(246, 300)
(246, 301)
(246, 308)
(246, 317)
(246, 319)
(246, 330)
(246, 356)
(246, 378)
(246, 253)
(246, 255)
(247, 387)
(247, 397)
(247, 276)
(247, 290)
(247, 307)
(247, 314)
(247, 318)
(247, 341)
(247, 344)
(247, 346)
(247, 347)
(247, 360)
(247, 366)
(247, 251)
(247, 252)
(248, 263)
(248, 392)
(248, 269)
(248, 274)
(248, 278)
(248, 294)
(248, 297)
(248, 311)
(248, 316)
(248, 317)
(248, 322)
(248, 325)
(248, 333)
(248, 342)
(248, 354)
(248, 363)
(248, 375)
(248, 254)
(249, 385)
(249, 260)
(249, 390)
(249, 257)
(249, 275)
(249, 287)
(249, 298)
(249, 266)
(249, 345)
(249, 371)
(249, 374)
(249, 378)
(250, 388)
(250, 273)
(250, 277)
(250, 286)
(250, 288)
(250, 294)
(250, 305)
(250, 311)
(250, 322)
(250, 337)
(250, 338)
(250, 342)
(250, 350)
(250, 361)
(250, 375)
(250, 254)
(251, 387)
(251, 397)
(251, 276)
(251, 279)
(251, 290)
(251, 307)
(251, 310)
(251, 314)
(251, 333)
(251, 344)
(251, 346)
(251, 347)
(251, 360)
(251, 366)
(251, 252)
(252, 387)
(252, 397)
(252, 276)
(252, 290)
(252, 293)
(252, 307)
(252, 314)
(252, 341)
(252, 344)
(252, 346)
(252, 347)
(252, 360)
(252, 366)
(252, 318)
(253, 261)
(253, 393)
(253, 283)
(253, 298)
(253, 299)
(253, 300)
(253, 301)
(253, 308)
(253, 319)
(253, 330)
(253, 356)
(253, 378)
(253, 255)
(254, 265)
(254, 269)
(254, 273)
(254, 278)
(254, 294)
(254, 297)
(254, 305)
(254, 311)
(254, 322)
(254, 325)
(254, 338)
(254, 342)
(254, 350)
(254, 361)
(254, 363)
(254, 375)
(255, 261)
(255, 391)
(255, 392)
(255, 393)
(255, 397)
(255, 283)
(255, 299)
(255, 300)
(255, 301)
(255, 308)
(255, 317)
(255, 319)
(255, 330)
(255, 356)
(256, 386)
(256, 268)
(256, 399)
(256, 272)
(256, 288)
(256, 289)
(256, 291)
(256, 292)
(256, 306)
(256, 321)
(256, 323)
(256, 326)
(256, 327)
(256, 334)
(256, 336)
(256, 343)
(256, 271)
(256, 351)
(256, 353)
(256, 357)
(256, 358)
(256, 359)
(256, 365)
(256, 368)
(256, 382)
(257, 260)
(257, 262)
(257, 263)
(257, 266)
(257, 275)
(257, 390)
(257, 303)
(257, 309)
(257, 312)
(257, 316)
(257, 317)
(257, 331)
(257, 345)
(257, 354)
(257, 367)
(257, 374)
(257, 378)
(258, 259)
(258, 395)
(258, 396)
(258, 282)
(258, 304)
(258, 313)
(258, 315)
(258, 328)
(258, 329)
(258, 331)
(258, 332)
(258, 335)
(258, 340)
(258, 348)
(258, 362)
(258, 369)
(258, 373)
(258, 383)
(259, 396)
(259, 282)
(259, 285)
(259, 313)
(259, 315)
(259, 328)
(259, 340)
(259, 352)
(259, 362)
(259, 370)
(259, 373)
(259, 377)
(259, 380)
(260, 390)
(260, 275)
(260, 283)
(260, 287)
(260, 298)
(260, 303)
(260, 266)
(260, 319)
(260, 345)
(260, 371)
(260, 374)
(260, 378)
(261, 391)
(261, 392)
(261, 393)
(261, 283)
(261, 284)
(261, 299)
(261, 300)
(261, 301)
(261, 308)
(261, 319)
(261, 330)
(261, 356)
(262, 390)
(262, 266)
(262, 275)
(262, 303)
(262, 309)
(262, 316)
(262, 331)
(262, 312)
(262, 345)
(262, 367)
(262, 374)
(263, 390)
(263, 266)
(263, 274)
(263, 278)
(263, 283)
(263, 303)
(263, 312)
(263, 316)
(263, 317)
(263, 331)
(263, 269)
(263, 345)
(263, 354)
(263, 363)
(263, 378)
(264, 394)
(264, 399)
(264, 272)
(264, 281)
(264, 302)
(264, 306)
(264, 327)
(264, 334)
(264, 336)
(264, 343)
(264, 351)
(264, 353)
(264, 357)
(264, 358)
(264, 376)
(265, 273)
(265, 285)
(265, 295)
(265, 313)
(265, 315)
(265, 325)
(265, 328)
(265, 340)
(265, 352)
(265, 362)
(265, 373)
(265, 375)
(265, 380)
(266, 390)
(266, 275)
(266, 287)
(266, 298)
(266, 303)
(266, 309)
(266, 312)
(266, 316)
(266, 345)
(266, 354)
(266, 367)
(266, 371)
(266, 374)
(266, 378)
(267, 389)
(267, 391)
(267, 341)
(267, 314)
(267, 284)
(267, 349)
(267, 318)
(268, 384)
(268, 386)
(268, 271)
(268, 288)
(268, 289)
(268, 291)
(268, 292)
(268, 321)
(268, 323)
(268, 324)
(268, 326)
(268, 339)
(268, 270)
(268, 351)
(268, 353)
(268, 359)
(268, 364)
(268, 365)
(268, 368)
(268, 372)
(268, 382)
(269, 274)
(269, 278)
(269, 294)
(269, 297)
(269, 303)
(269, 311)
(269, 312)
(269, 316)
(269, 317)
(269, 322)
(269, 325)
(269, 331)
(269, 342)
(269, 354)
(269, 363)
(269, 375)
(270, 384)
(270, 386)
(270, 271)
(270, 288)
(270, 292)
(270, 321)
(270, 323)
(270, 324)
(270, 326)
(270, 289)
(270, 337)
(270, 339)
(270, 359)
(270, 364)
(270, 365)
(270, 368)
(270, 372)
(270, 382)
(271, 386)
(271, 388)
(271, 277)
(271, 288)
(271, 291)
(271, 292)
(271, 305)
(271, 321)
(271, 323)
(271, 326)
(271, 337)
(271, 338)
(271, 339)
(271, 350)
(271, 351)
(271, 353)
(271, 359)
(271, 365)
(271, 368)
(271, 382)
(272, 394)
(272, 399)
(272, 281)
(272, 286)
(272, 292)
(272, 302)
(272, 310)
(272, 320)
(272, 327)
(272, 336)
(272, 343)
(272, 351)
(272, 353)
(272, 357)
(272, 358)
(272, 376)
(273, 388)
(273, 277)
(273, 294)
(273, 295)
(273, 297)
(273, 305)
(273, 311)
(273, 322)
(273, 325)
(273, 337)
(273, 338)
(273, 361)
(273, 362)
(273, 373)
(273, 375)
(274, 392)
(274, 278)
(274, 279)
(274, 317)
(274, 322)
(274, 330)
(274, 333)
(274, 342)
(274, 354)
(274, 363)
(275, 385)
(275, 390)
(275, 287)
(275, 303)
(275, 309)
(275, 312)
(275, 345)
(275, 355)
(275, 367)
(275, 374)
(275, 379)
(276, 387)
(276, 397)
(276, 279)
(276, 281)
(276, 290)
(276, 293)
(276, 302)
(276, 307)
(276, 310)
(276, 320)
(276, 333)
(276, 344)
(276, 346)
(276, 347)
(276, 360)
(276, 366)
(276, 376)
(277, 384)
(277, 386)
(277, 388)
(277, 288)
(277, 292)
(277, 295)
(277, 305)
(277, 321)
(277, 338)
(277, 350)
(277, 337)
(277, 361)
(278, 392)
(278, 294)
(278, 297)
(278, 303)
(278, 311)
(278, 316)
(278, 317)
(278, 322)
(278, 325)
(278, 342)
(278, 354)
(278, 363)
(278, 375)
(279, 387)
(279, 392)
(279, 397)
(279, 286)
(279, 307)
(279, 310)
(279, 320)
(279, 333)
(279, 342)
(279, 344)
(279, 346)
(279, 360)
(279, 363)
(280, 398)
(280, 285)
(280, 352)
(280, 370)
(280, 377)
(281, 387)
(281, 394)
(281, 399)
(281, 286)
(281, 293)
(281, 302)
(281, 310)
(281, 320)
(281, 343)
(281, 344)
(281, 346)
(281, 357)
(281, 376)
(282, 396)
(282, 304)
(282, 313)
(282, 315)
(282, 395)
(282, 328)
(282, 332)
(282, 335)
(282, 340)
(282, 348)
(282, 369)
(282, 373)
(282, 383)
(283, 390)
(283, 393)
(283, 298)
(283, 300)
(283, 303)
(283, 308)
(283, 319)
(283, 330)
(283, 345)
(283, 356)
(283, 317)
(283, 371)
(283, 378)
(284, 389)
(284, 391)
(284, 299)
(284, 301)
(284, 314)
(284, 318)
(284, 341)
(284, 349)
(284, 356)
(285, 398)
(285, 380)
(285, 295)
(285, 328)
(285, 352)
(285, 362)
(285, 373)
(285, 377)
(286, 388)
(286, 292)
(286, 302)
(286, 305)
(286, 310)
(286, 320)
(286, 322)
(286, 333)
(286, 338)
(286, 350)
(286, 361)
(287, 385)
(287, 390)
(287, 298)
(287, 345)
(287, 355)
(287, 367)
(287, 371)
(287, 374)
(287, 378)
(287, 379)
(288, 384)
(288, 386)
(288, 388)
(288, 292)
(288, 295)
(288, 305)
(288, 321)
(288, 323)
(288, 326)
(288, 337)
(288, 338)
(288, 350)
(288, 353)
(288, 361)
(288, 365)
(288, 368)
(288, 382)
(289, 291)
(289, 296)
(289, 323)
(289, 326)
(289, 334)
(289, 339)
(289, 351)
(289, 353)
(289, 359)
(289, 364)
(289, 365)
(289, 368)
(289, 381)
(289, 382)
(290, 387)
(290, 293)
(290, 344)
(290, 347)
(290, 366)
(290, 376)
(291, 386)
(291, 292)
(291, 306)
(291, 321)
(291, 323)
(291, 326)
(291, 327)
(291, 334)
(291, 336)
(291, 351)
(291, 353)
(291, 357)
(291, 358)
(291, 359)
(291, 364)
(291, 365)
(291, 368)
(291, 381)
(291, 382)
(292, 386)
(292, 388)
(292, 305)
(292, 321)
(292, 323)
(292, 326)
(292, 337)
(292, 338)
(292, 350)
(292, 351)
(292, 353)
(292, 361)
(292, 365)
(292, 368)
(292, 382)
(293, 302)
(293, 310)
(293, 343)
(293, 344)
(293, 347)
(293, 366)
(293, 376)
(294, 388)
(294, 297)
(294, 305)
(294, 311)
(294, 322)
(294, 325)
(294, 338)
(294, 342)
(294, 350)
(294, 361)
(294, 363)
(294, 375)
(295, 384)
(295, 380)
(295, 352)
(295, 337)
(295, 361)
(295, 362)
(296, 364)
(296, 334)
(296, 381)
(297, 311)
(297, 312)
(297, 316)
(297, 322)
(297, 325)
(297, 331)
(297, 342)
(297, 348)
(297, 354)
(297, 363)
(297, 375)
(297, 383)
(298, 390)
(298, 303)
(298, 308)
(298, 319)
(298, 345)
(298, 317)
(298, 371)
(298, 374)
(298, 378)
(299, 391)
(299, 392)
(299, 393)
(299, 397)
(299, 300)
(299, 301)
(299, 314)
(299, 330)
(299, 349)
(299, 356)
(300, 391)
(300, 392)
(300, 393)
(300, 301)
(300, 308)
(300, 319)
(300, 330)
(300, 356)
(301, 391)
(301, 393)
(301, 308)
(301, 319)
(301, 330)
(301, 356)
(302, 394)
(302, 399)
(302, 310)
(302, 320)
(302, 327)
(302, 343)
(302, 357)
(302, 358)
(302, 376)
(303, 390)
(303, 317)
(303, 316)
(303, 331)
(303, 312)
(303, 345)
(303, 354)
(303, 367)
(303, 371)
(303, 378)
(304, 395)
(304, 396)
(304, 313)
(304, 315)
(304, 329)
(304, 331)
(304, 332)
(304, 335)
(304, 340)
(304, 348)
(304, 369)
(304, 373)
(304, 383)
(305, 386)
(305, 388)
(305, 311)
(305, 321)
(305, 322)
(305, 338)
(305, 350)
(305, 337)
(305, 361)
(305, 375)
(306, 394)
(306, 399)
(306, 323)
(306, 327)
(306, 334)
(306, 343)
(306, 351)
(306, 353)
(306, 357)
(306, 358)
(306, 336)
(306, 381)
(307, 387)
(307, 392)
(307, 397)
(307, 310)
(307, 314)
(307, 320)
(307, 333)
(307, 344)
(307, 346)
(307, 347)
(307, 360)
(307, 366)
(308, 393)
(308, 319)
(308, 330)
(308, 356)
(308, 371)
(308, 378)
(309, 385)
(309, 355)
(309, 367)
(309, 374)
(309, 379)
(310, 387)
(310, 320)
(310, 333)
(310, 344)
(310, 346)
(310, 350)
(310, 360)
(310, 376)
(311, 388)
(311, 322)
(311, 325)
(311, 338)
(311, 342)
(311, 350)
(311, 361)
(311, 363)
(311, 375)
(312, 390)
(312, 316)
(312, 325)
(312, 331)
(312, 345)
(312, 348)
(312, 354)
(312, 367)
(312, 383)
(313, 396)
(313, 315)
(313, 328)
(313, 332)
(313, 335)
(313, 340)
(313, 348)
(313, 352)
(313, 362)
(313, 373)
(313, 380)
(313, 383)
(314, 387)
(314, 389)
(314, 391)
(314, 397)
(314, 318)
(314, 341)
(314, 344)
(314, 346)
(314, 347)
(314, 349)
(314, 360)
(314, 366)
(315, 396)
(315, 395)
(315, 328)
(315, 332)
(315, 335)
(315, 340)
(315, 348)
(315, 362)
(315, 369)
(315, 373)
(315, 380)
(315, 383)
(316, 390)
(316, 317)
(316, 331)
(316, 325)
(316, 345)
(316, 354)
(316, 367)
(316, 378)
(317, 390)
(317, 392)
(317, 330)
(317, 342)
(317, 345)
(317, 354)
(317, 363)
(317, 378)
(318, 389)
(318, 341)
(318, 347)
(318, 349)
(318, 366)
(319, 393)
(319, 356)
(319, 371)
(319, 378)
(320, 387)
(320, 333)
(320, 344)
(320, 346)
(320, 350)
(320, 360)
(320, 376)
(321, 384)
(321, 386)
(321, 388)
(321, 323)
(321, 324)
(321, 326)
(321, 337)
(321, 338)
(321, 339)
(321, 351)
(321, 353)
(321, 359)
(321, 361)
(321, 365)
(321, 368)
(321, 372)
(321, 382)
(322, 388)
(322, 325)
(322, 333)
(322, 338)
(322, 342)
(322, 350)
(322, 361)
(322, 363)
(322, 375)
(323, 386)
(323, 326)
(323, 327)
(323, 334)
(323, 336)
(323, 351)
(323, 353)
(323, 357)
(323, 358)
(323, 359)
(323, 365)
(323, 368)
(323, 381)
(323, 382)
(324, 384)
(324, 339)
(324, 359)
(324, 364)
(324, 365)
(324, 368)
(324, 372)
(324, 382)
(325, 331)
(325, 342)
(325, 348)
(325, 354)
(325, 363)
(325, 373)
(325, 375)
(325, 383)
(326, 386)
(326, 327)
(326, 336)
(326, 339)
(326, 351)
(326, 353)
(326, 357)
(326, 359)
(326, 365)
(326, 368)
(326, 382)
(327, 394)
(327, 399)
(327, 334)
(327, 343)
(327, 351)
(327, 353)
(327, 357)
(327, 358)
(327, 336)
(327, 381)
(328, 396)
(328, 340)
(328, 352)
(328, 380)
(328, 362)
(328, 373)
(328, 377)
(329, 396)
(329, 395)
(329, 332)
(329, 335)
(329, 348)
(329, 369)
(329, 383)
(330, 391)
(330, 392)
(330, 393)
(330, 397)
(330, 356)
(331, 348)
(331, 354)
(331, 375)
(331, 383)
(332, 396)
(332, 395)
(332, 335)
(332, 340)
(332, 348)
(332, 369)
(332, 383)
(333, 387)
(333, 392)
(333, 397)
(333, 342)
(333, 344)
(333, 346)
(333, 350)
(333, 360)
(333, 363)
(334, 394)
(334, 399)
(334, 351)
(334, 353)
(334, 357)
(334, 358)
(334, 336)
(334, 381)
(335, 396)
(335, 395)
(335, 340)
(335, 348)
(335, 369)
(335, 383)
(336, 394)
(336, 399)
(336, 343)
(336, 351)
(336, 353)
(336, 357)
(336, 358)
(336, 381)
(337, 384)
(337, 386)
(337, 388)
(337, 338)
(337, 350)
(337, 361)
(337, 382)
(338, 386)
(338, 388)
(338, 350)
(338, 361)
(339, 384)
(339, 386)
(339, 359)
(339, 364)
(339, 365)
(339, 368)
(339, 372)
(339, 382)
(340, 396)
(340, 348)
(340, 352)
(340, 362)
(340, 373)
(340, 380)
(340, 383)
(341, 389)
(341, 349)
(342, 392)
(342, 350)
(342, 354)
(342, 363)
(342, 375)
(343, 394)
(343, 399)
(343, 351)
(343, 353)
(343, 357)
(343, 358)
(343, 376)
(344, 387)
(344, 397)
(344, 346)
(344, 347)
(344, 360)
(344, 366)
(344, 376)
(345, 390)
(345, 354)
(345, 367)
(345, 371)
(345, 374)
(345, 378)
(346, 387)
(346, 397)
(346, 347)
(346, 360)
(346, 366)
(346, 376)
(347, 387)
(347, 397)
(347, 360)
(347, 366)
(347, 376)
(348, 396)
(348, 395)
(348, 369)
(348, 373)
(348, 383)
(349, 389)
(349, 391)
(350, 388)
(350, 361)
(351, 386)
(351, 394)
(351, 399)
(351, 353)
(351, 357)
(351, 358)
(351, 365)
(351, 368)
(351, 382)
(352, 398)
(352, 362)
(352, 373)
(352, 377)
(352, 380)
(353, 386)
(353, 399)
(353, 357)
(353, 358)
(353, 359)
(353, 365)
(353, 368)
(353, 382)
(354, 390)
(354, 363)
(355, 385)
(355, 374)
(355, 379)
(356, 391)
(356, 393)
(357, 394)
(357, 399)
(357, 358)
(357, 376)
(358, 394)
(358, 399)
(359, 386)
(359, 364)
(359, 365)
(359, 368)
(359, 372)
(359, 382)
(360, 387)
(360, 392)
(360, 397)
(360, 366)
(361, 386)
(361, 388)
(361, 375)
(362, 373)
(362, 375)
(362, 380)
(362, 383)
(363, 392)
(363, 375)
(364, 365)
(364, 368)
(364, 372)
(364, 382)
(365, 386)
(365, 368)
(365, 372)
(365, 382)
(366, 387)
(367, 385)
(367, 390)
(367, 374)
(367, 379)
(368, 384)
(368, 386)
(368, 372)
(368, 382)
(369, 395)
(369, 396)
(369, 383)
(370, 377)
(371, 390)
(371, 374)
(371, 378)
(372, 384)
(372, 386)
(372, 382)
(373, 396)
(373, 380)
(373, 383)
(374, 385)
(374, 390)
(374, 378)
(374, 379)
(376, 387)
(376, 394)
(376, 399)
(377, 398)
(377, 380)
(378, 390)
(379, 385)
(382, 384)
(382, 386)
(383, 395)
(383, 396)
(384, 386)
(386, 388)
(387, 397)
(389, 391)
(391, 393)
(392, 397)
(394, 399)
(395, 396)
