#Nodes
0
1
2
3
4
5
6
7
8
9
10
11
12
13
14
15
16
17
18
19
20
21
22
23
24
25
26
27
28
29
30
31
32
33
34
35
36
37
38
39
40
41
42
43
44
45
46
47
48
49
50
51
52
53
54
55
56
57
58
59
60
61
62
63
64
65
66
67
68
69
70
71
72
73
74
75
76
77
78
79
80
81
82
83
84
85
86
87
88
89
90
91
92
93
94
95
96
97
98
99
100
101
102
103
104
105
106
107
108
109
110
111
112
113
114
115
116
117
118
119
120
121
122
123
124
125
126
127
128
129
130
131
132
133
134
135
136
137
138
139
140
141
142
143
144
145
146
147
148
149
150
151
152
153
154
155
156
157
158
159
160
161
162
163
164
165
166
167
168
169
170
171
172
173
174
175
176
177
178
179
180
181
182
183
184
185
186
187
188
189
190
191
192
193
194
195
196
197
198
199
200
201
202
203
204
205
206
207
208
209
210
211
212
213
214
215
216
217
218
219
220
221
222
223
224
225
226
227
228
229
230
231
232
233
234
235
236
237
238
239
240
241
242
243
244
245
246
247
248
249
250
251
252
253
254
255
256
257
258
259
260
261
262
263
264
265
266
267
268
269
270
271
272
273
274
275
276
277
278
279
280
281
282
283
284
285
286
287
288
289
290
291
292
293
294
295
296
297
298
299
300
301
302
303
304
305
306
307
308
309
310
311
312
313
314
315
316
317
318
319
320
321
322
323
324
325
326
327
328
329
330
331
332
333
334
335
336
337
338
339
340
341
342
343
344
345
346
347
348
349
350
351
352
353
354
355
356
357
358
359
360
361
362
363
364
365
366
367
368
369
370
371
372
373
374
375
376
377
378
379
380
381
382
383
384
385
386
387
388
389
390
391
392
393
394
395
396
397
398
399
#Edges
(0, 192)
(0, 261)
(0, 262)
(0, 394)
(0, 395)
(0, 16)
(0, 145)
(0, 345)
(0, 24)
(0, 26)
(0, 283)
(0, 45)
(0, 302)
(0, 48)
(0, 50)
(0, 180)
(0, 53)
(0, 52)
(0, 62)
(0, 320)
(0, 66)
(0, 203)
(0, 76)
(0, 205)
(0, 335)
(0, 80)
(0, 217)
(0, 90)
(0, 348)
(0, 349)
(0, 222)
(0, 353)
(0, 354)
(0, 101)
(0, 234)
(0, 118)
(0, 248)
(0, 379)
(0, 383)
(1, 386)
(1, 259)
(1, 390)
(1, 391)
(1, 264)
(1, 393)
(1, 140)
(1, 397)
(1, 399)
(1, 147)
(1, 21)
(1, 151)
(1, 33)
(1, 164)
(1, 167)
(1, 296)
(1, 169)
(1, 301)
(1, 303)
(1, 9)
(1, 321)
(1, 69)
(1, 199)
(1, 15)
(1, 336)
(1, 337)
(1, 84)
(1, 344)
(1, 91)
(1, 226)
(1, 358)
(1, 104)
(1, 365)
(1, 112)
(1, 114)
(1, 117)
(1, 247)
(1, 382)
(2, 384)
(2, 385)
(2, 171)
(2, 134)
(2, 136)
(2, 265)
(2, 128)
(2, 139)
(2, 268)
(2, 269)
(2, 271)
(2, 273)
(2, 3)
(2, 20)
(2, 149)
(2, 155)
(2, 156)
(2, 291)
(2, 293)
(2, 168)
(2, 298)
(2, 299)
(2, 300)
(2, 305)
(2, 54)
(2, 311)
(2, 184)
(2, 6)
(2, 11)
(2, 196)
(2, 198)
(2, 71)
(2, 200)
(2, 13)
(2, 82)
(2, 211)
(2, 86)
(2, 218)
(2, 122)
(2, 94)
(2, 96)
(2, 232)
(2, 105)
(2, 237)
(2, 110)
(2, 250)
(3, 384)
(3, 128)
(3, 299)
(3, 7)
(3, 392)
(3, 265)
(3, 139)
(3, 12)
(3, 141)
(3, 271)
(3, 239)
(3, 156)
(3, 157)
(3, 286)
(3, 159)
(3, 162)
(3, 27)
(3, 171)
(3, 300)
(3, 54)
(3, 313)
(3, 65)
(3, 214)
(3, 96)
(3, 229)
(3, 105)
(3, 367)
(3, 122)
(4, 130)
(4, 396)
(4, 141)
(4, 278)
(4, 280)
(4, 239)
(4, 284)
(4, 30)
(4, 287)
(4, 288)
(4, 27)
(4, 37)
(4, 28)
(4, 47)
(4, 304)
(4, 177)
(4, 55)
(4, 60)
(4, 189)
(4, 63)
(4, 65)
(4, 325)
(4, 201)
(4, 214)
(4, 229)
(4, 357)
(4, 231)
(4, 12)
(4, 367)
(4, 377)
(4, 251)
(4, 125)
(5, 388)
(5, 8)
(5, 398)
(5, 272)
(5, 88)
(5, 275)
(5, 277)
(5, 150)
(5, 260)
(5, 154)
(5, 285)
(5, 289)
(5, 142)
(5, 183)
(5, 312)
(5, 116)
(5, 95)
(5, 188)
(5, 319)
(5, 67)
(5, 328)
(5, 75)
(5, 79)
(5, 99)
(5, 340)
(5, 213)
(5, 215)
(5, 216)
(5, 89)
(5, 92)
(5, 223)
(5, 355)
(5, 360)
(5, 233)
(5, 46)
(5, 238)
(5, 242)
(5, 83)
(5, 244)
(5, 374)
(5, 119)
(5, 124)
(5, 381)
(6, 384)
(6, 128)
(6, 171)
(6, 7)
(6, 392)
(6, 265)
(6, 139)
(6, 12)
(6, 13)
(6, 270)
(6, 271)
(6, 149)
(6, 25)
(6, 68)
(6, 367)
(6, 156)
(6, 157)
(6, 286)
(6, 287)
(6, 32)
(6, 48)
(6, 162)
(6, 27)
(6, 165)
(6, 168)
(6, 298)
(6, 299)
(6, 45)
(6, 302)
(6, 176)
(6, 94)
(6, 54)
(6, 313)
(6, 187)
(6, 65)
(6, 196)
(6, 325)
(6, 198)
(6, 330)
(6, 331)
(6, 204)
(6, 98)
(6, 85)
(6, 86)
(6, 343)
(6, 217)
(6, 90)
(6, 220)
(6, 222)
(6, 354)
(6, 227)
(6, 106)
(6, 109)
(6, 239)
(6, 240)
(6, 122)
(6, 253)
(7, 384)
(7, 130)
(7, 171)
(7, 392)
(7, 139)
(7, 396)
(7, 141)
(7, 271)
(7, 239)
(7, 156)
(7, 157)
(7, 286)
(7, 287)
(7, 288)
(7, 162)
(7, 27)
(7, 28)
(7, 299)
(7, 300)
(7, 176)
(7, 177)
(7, 313)
(7, 159)
(7, 65)
(7, 68)
(7, 325)
(7, 12)
(7, 214)
(7, 343)
(7, 220)
(7, 229)
(7, 231)
(7, 105)
(7, 367)
(7, 122)
(8, 256)
(8, 258)
(8, 388)
(8, 398)
(8, 272)
(8, 145)
(8, 277)
(8, 150)
(8, 260)
(8, 154)
(8, 285)
(8, 289)
(8, 34)
(8, 40)
(8, 92)
(8, 170)
(8, 46)
(8, 183)
(8, 312)
(8, 116)
(8, 95)
(8, 188)
(8, 319)
(8, 66)
(8, 323)
(8, 118)
(8, 328)
(8, 75)
(8, 205)
(8, 79)
(8, 340)
(8, 142)
(8, 215)
(8, 216)
(8, 89)
(8, 346)
(8, 348)
(8, 349)
(8, 223)
(8, 355)
(8, 360)
(8, 241)
(8, 242)
(8, 243)
(8, 244)
(8, 374)
(8, 120)
(8, 124)
(8, 381)
(9, 192)
(9, 386)
(9, 259)
(9, 261)
(9, 390)
(9, 391)
(9, 264)
(9, 393)
(9, 394)
(9, 140)
(9, 15)
(9, 151)
(9, 26)
(9, 33)
(9, 164)
(9, 296)
(9, 301)
(9, 303)
(9, 178)
(9, 315)
(9, 318)
(9, 117)
(9, 320)
(9, 199)
(9, 74)
(9, 335)
(9, 336)
(9, 84)
(9, 345)
(9, 353)
(9, 226)
(9, 358)
(9, 80)
(9, 364)
(9, 114)
(9, 373)
(9, 247)
(10, 257)
(10, 387)
(10, 137)
(10, 266)
(10, 144)
(10, 17)
(10, 19)
(10, 148)
(10, 152)
(10, 290)
(10, 163)
(10, 38)
(10, 295)
(10, 42)
(10, 49)
(10, 306)
(10, 179)
(10, 73)
(10, 59)
(10, 190)
(10, 193)
(10, 195)
(10, 197)
(10, 329)
(10, 206)
(10, 207)
(10, 339)
(10, 212)
(10, 341)
(10, 342)
(10, 228)
(10, 356)
(10, 361)
(10, 113)
(10, 371)
(10, 380)
(11, 385)
(11, 389)
(11, 134)
(11, 136)
(11, 268)
(11, 269)
(11, 273)
(11, 20)
(11, 155)
(11, 291)
(11, 293)
(11, 294)
(11, 71)
(11, 311)
(11, 184)
(11, 57)
(11, 347)
(11, 327)
(11, 200)
(11, 332)
(11, 208)
(11, 81)
(11, 82)
(11, 211)
(11, 219)
(11, 93)
(11, 230)
(11, 103)
(11, 232)
(11, 237)
(11, 110)
(11, 111)
(11, 370)
(11, 250)
(11, 123)
(12, 130)
(12, 171)
(12, 392)
(12, 396)
(12, 141)
(12, 271)
(12, 25)
(12, 239)
(12, 28)
(12, 157)
(12, 286)
(12, 287)
(12, 288)
(12, 176)
(12, 162)
(12, 27)
(12, 299)
(12, 300)
(12, 47)
(12, 304)
(12, 177)
(12, 30)
(12, 313)
(12, 187)
(12, 60)
(12, 63)
(12, 65)
(12, 68)
(12, 325)
(12, 32)
(12, 214)
(12, 343)
(12, 220)
(12, 159)
(12, 227)
(12, 229)
(12, 231)
(12, 367)
(12, 377)
(12, 122)
(13, 384)
(13, 385)
(13, 171)
(13, 134)
(13, 136)
(13, 265)
(13, 128)
(13, 139)
(13, 94)
(13, 269)
(13, 270)
(13, 45)
(13, 273)
(13, 20)
(13, 149)
(13, 156)
(13, 291)
(13, 293)
(13, 168)
(13, 298)
(13, 299)
(13, 173)
(13, 305)
(13, 308)
(13, 309)
(13, 54)
(13, 311)
(13, 181)
(13, 322)
(13, 196)
(13, 198)
(13, 327)
(13, 200)
(13, 330)
(13, 331)
(13, 204)
(13, 77)
(13, 82)
(13, 211)
(13, 85)
(13, 86)
(13, 217)
(13, 218)
(13, 122)
(13, 222)
(13, 165)
(13, 96)
(13, 98)
(13, 232)
(13, 237)
(13, 240)
(13, 373)
(13, 250)
(13, 123)
(13, 253)
(13, 255)
(14, 129)
(14, 131)
(14, 138)
(14, 267)
(14, 146)
(14, 276)
(14, 22)
(14, 279)
(14, 281)
(14, 29)
(14, 34)
(14, 35)
(14, 292)
(14, 39)
(14, 18)
(14, 44)
(14, 50)
(14, 70)
(14, 72)
(14, 202)
(14, 333)
(14, 209)
(14, 351)
(14, 225)
(14, 100)
(14, 102)
(14, 359)
(14, 362)
(14, 107)
(14, 108)
(14, 274)
(14, 368)
(14, 369)
(14, 372)
(14, 245)
(14, 376)
(14, 252)
(14, 126)
(15, 386)
(15, 132)
(15, 390)
(15, 393)
(15, 140)
(15, 397)
(15, 147)
(15, 151)
(15, 33)
(15, 164)
(15, 38)
(15, 296)
(15, 297)
(15, 42)
(15, 43)
(15, 306)
(15, 178)
(15, 315)
(15, 190)
(15, 117)
(15, 321)
(15, 199)
(15, 339)
(15, 84)
(15, 342)
(15, 91)
(15, 226)
(15, 59)
(15, 358)
(15, 361)
(15, 363)
(15, 365)
(15, 112)
(15, 114)
(15, 318)
(15, 247)
(16, 192)
(16, 258)
(16, 260)
(16, 262)
(16, 394)
(16, 395)
(16, 66)
(16, 145)
(16, 150)
(16, 24)
(16, 26)
(16, 283)
(16, 34)
(16, 170)
(16, 50)
(16, 180)
(16, 183)
(16, 52)
(16, 317)
(16, 62)
(16, 320)
(16, 194)
(16, 203)
(16, 76)
(16, 205)
(16, 333)
(16, 80)
(16, 338)
(16, 346)
(16, 335)
(16, 348)
(16, 349)
(16, 95)
(16, 353)
(16, 101)
(16, 107)
(16, 241)
(16, 115)
(16, 118)
(16, 248)
(16, 379)
(16, 383)
(17, 257)
(17, 386)
(17, 387)
(17, 135)
(17, 137)
(17, 266)
(17, 397)
(17, 144)
(17, 19)
(17, 148)
(17, 151)
(17, 152)
(17, 282)
(17, 290)
(17, 163)
(17, 164)
(17, 38)
(17, 296)
(17, 42)
(17, 43)
(17, 178)
(17, 175)
(17, 49)
(17, 306)
(17, 179)
(17, 73)
(17, 59)
(17, 318)
(17, 64)
(17, 193)
(17, 195)
(17, 197)
(17, 329)
(17, 206)
(17, 339)
(17, 212)
(17, 341)
(17, 342)
(17, 228)
(17, 91)
(17, 350)
(17, 356)
(17, 361)
(17, 363)
(17, 371)
(17, 190)
(17, 380)
(18, 129)
(18, 138)
(18, 267)
(18, 146)
(18, 276)
(18, 22)
(18, 279)
(18, 29)
(18, 35)
(18, 292)
(18, 39)
(18, 44)
(18, 72)
(18, 202)
(18, 351)
(18, 225)
(18, 102)
(18, 359)
(18, 362)
(18, 274)
(18, 368)
(18, 372)
(18, 245)
(18, 376)
(18, 378)
(18, 252)
(18, 126)
(19, 257)
(19, 387)
(19, 137)
(19, 266)
(19, 144)
(19, 152)
(19, 290)
(19, 163)
(19, 295)
(19, 297)
(19, 49)
(19, 306)
(19, 179)
(19, 73)
(19, 56)
(19, 59)
(19, 195)
(19, 329)
(19, 206)
(19, 207)
(19, 210)
(19, 341)
(19, 342)
(19, 350)
(19, 361)
(19, 363)
(19, 113)
(19, 371)
(20, 384)
(20, 385)
(20, 134)
(20, 136)
(20, 265)
(20, 128)
(20, 139)
(20, 268)
(20, 269)
(20, 273)
(20, 149)
(20, 155)
(20, 156)
(20, 291)
(20, 293)
(20, 294)
(20, 168)
(20, 298)
(20, 171)
(20, 93)
(20, 305)
(20, 308)
(20, 309)
(20, 54)
(20, 311)
(20, 184)
(20, 181)
(20, 198)
(20, 71)
(20, 196)
(20, 326)
(20, 327)
(20, 200)
(20, 77)
(20, 82)
(20, 211)
(20, 86)
(20, 218)
(20, 122)
(20, 94)
(20, 96)
(20, 230)
(20, 232)
(20, 237)
(20, 110)
(20, 111)
(20, 240)
(20, 370)
(20, 250)
(20, 123)
(20, 253)
(20, 255)
(21, 264)
(21, 399)
(21, 147)
(21, 158)
(21, 167)
(21, 169)
(21, 301)
(21, 316)
(21, 321)
(21, 199)
(21, 337)
(21, 84)
(21, 344)
(21, 226)
(21, 104)
(21, 235)
(21, 365)
(21, 112)
(21, 114)
(21, 41)
(21, 382)
(22, 129)
(22, 126)
(22, 131)
(22, 260)
(22, 133)
(22, 138)
(22, 276)
(22, 281)
(22, 29)
(22, 34)
(22, 35)
(22, 292)
(22, 44)
(22, 174)
(22, 182)
(22, 183)
(22, 312)
(22, 70)
(22, 72)
(22, 202)
(22, 333)
(22, 79)
(22, 99)
(22, 215)
(22, 88)
(22, 351)
(22, 355)
(22, 100)
(22, 359)
(22, 233)
(22, 362)
(22, 107)
(22, 83)
(22, 372)
(22, 245)
(22, 375)
(22, 376)
(22, 121)
(22, 252)
(22, 254)
(23, 256)
(23, 263)
(23, 142)
(23, 143)
(23, 148)
(23, 277)
(23, 89)
(23, 282)
(23, 31)
(23, 160)
(23, 40)
(23, 170)
(23, 172)
(23, 175)
(23, 310)
(23, 186)
(23, 319)
(23, 64)
(23, 224)
(23, 323)
(23, 197)
(23, 75)
(23, 58)
(23, 212)
(23, 216)
(23, 228)
(23, 92)
(23, 314)
(23, 352)
(23, 97)
(23, 356)
(23, 124)
(23, 366)
(23, 243)
(23, 120)
(23, 249)
(23, 380)
(23, 381)
(23, 127)
(24, 261)
(24, 262)
(24, 394)
(24, 395)
(24, 270)
(24, 345)
(24, 25)
(24, 98)
(24, 26)
(24, 36)
(24, 165)
(24, 45)
(24, 302)
(24, 48)
(24, 50)
(24, 180)
(24, 53)
(24, 52)
(24, 62)
(24, 192)
(24, 203)
(24, 331)
(24, 205)
(24, 335)
(24, 209)
(24, 85)
(24, 217)
(24, 90)
(24, 349)
(24, 222)
(24, 353)
(24, 354)
(24, 100)
(24, 101)
(24, 234)
(24, 108)
(24, 109)
(24, 248)
(24, 379)
(24, 106)
(24, 383)
(25, 392)
(25, 270)
(25, 279)
(25, 153)
(25, 239)
(25, 52)
(25, 157)
(25, 286)
(25, 287)
(25, 32)
(25, 48)
(25, 162)
(25, 27)
(25, 36)
(25, 165)
(25, 45)
(25, 302)
(25, 176)
(25, 50)
(25, 51)
(25, 180)
(25, 313)
(25, 187)
(25, 65)
(25, 68)
(25, 325)
(25, 331)
(25, 209)
(25, 343)
(25, 90)
(25, 220)
(25, 354)
(25, 227)
(25, 106)
(25, 108)
(25, 109)
(25, 367)
(25, 368)
(25, 369)
(25, 246)
(25, 377)
(25, 122)
(26, 192)
(26, 259)
(26, 261)
(26, 262)
(26, 391)
(26, 393)
(26, 394)
(26, 395)
(26, 66)
(26, 145)
(26, 283)
(26, 33)
(26, 173)
(26, 302)
(26, 303)
(26, 180)
(26, 53)
(26, 52)
(26, 317)
(26, 62)
(26, 320)
(26, 194)
(26, 203)
(26, 76)
(26, 205)
(26, 335)
(26, 336)
(26, 338)
(26, 85)
(26, 345)
(26, 346)
(26, 348)
(26, 353)
(26, 101)
(26, 80)
(26, 234)
(26, 364)
(26, 115)
(26, 118)
(26, 248)
(26, 379)
(26, 383)
(27, 130)
(27, 392)
(27, 396)
(27, 141)
(27, 271)
(27, 153)
(27, 239)
(27, 28)
(27, 157)
(27, 286)
(27, 287)
(27, 288)
(27, 176)
(27, 162)
(27, 299)
(27, 159)
(27, 47)
(27, 304)
(27, 177)
(27, 51)
(27, 30)
(27, 313)
(27, 187)
(27, 60)
(27, 63)
(27, 65)
(27, 68)
(27, 325)
(27, 32)
(27, 214)
(27, 343)
(27, 220)
(27, 227)
(27, 229)
(27, 231)
(27, 367)
(27, 246)
(27, 377)
(27, 122)
(27, 251)
(28, 130)
(28, 396)
(28, 141)
(28, 278)
(28, 280)
(28, 239)
(28, 284)
(28, 30)
(28, 287)
(28, 288)
(28, 37)
(28, 47)
(28, 304)
(28, 177)
(28, 55)
(28, 187)
(28, 60)
(28, 189)
(28, 63)
(28, 65)
(28, 68)
(28, 325)
(28, 201)
(28, 214)
(28, 343)
(28, 229)
(28, 357)
(28, 231)
(28, 367)
(28, 377)
(28, 251)
(28, 125)
(29, 129)
(29, 131)
(29, 133)
(29, 138)
(29, 274)
(29, 276)
(29, 281)
(29, 34)
(29, 35)
(29, 292)
(29, 39)
(29, 44)
(29, 174)
(29, 182)
(29, 312)
(29, 70)
(29, 72)
(29, 126)
(29, 83)
(29, 215)
(29, 351)
(29, 99)
(29, 359)
(29, 233)
(29, 362)
(29, 372)
(29, 245)
(29, 375)
(29, 376)
(29, 121)
(29, 252)
(29, 254)
(30, 130)
(30, 267)
(30, 396)
(30, 141)
(30, 278)
(30, 280)
(30, 284)
(30, 287)
(30, 288)
(30, 37)
(30, 47)
(30, 304)
(30, 177)
(30, 51)
(30, 55)
(30, 187)
(30, 60)
(30, 189)
(30, 63)
(30, 65)
(30, 325)
(30, 201)
(30, 214)
(30, 343)
(30, 229)
(30, 357)
(30, 231)
(30, 367)
(30, 377)
(30, 378)
(30, 251)
(30, 125)
(31, 387)
(31, 193)
(31, 137)
(31, 142)
(31, 143)
(31, 144)
(31, 323)
(31, 148)
(31, 277)
(31, 282)
(31, 160)
(31, 290)
(31, 163)
(31, 40)
(31, 135)
(31, 172)
(31, 175)
(31, 371)
(31, 310)
(31, 73)
(31, 314)
(31, 64)
(31, 224)
(31, 195)
(31, 197)
(31, 329)
(31, 58)
(31, 212)
(31, 341)
(31, 228)
(31, 186)
(31, 352)
(31, 97)
(31, 356)
(31, 366)
(31, 243)
(31, 120)
(31, 249)
(31, 380)
(31, 127)
(32, 128)
(32, 68)
(32, 171)
(32, 392)
(32, 265)
(32, 270)
(32, 271)
(32, 153)
(32, 367)
(32, 157)
(32, 286)
(32, 287)
(32, 48)
(32, 162)
(32, 36)
(32, 165)
(32, 168)
(32, 299)
(32, 45)
(32, 302)
(32, 176)
(32, 51)
(32, 52)
(32, 94)
(32, 313)
(32, 187)
(32, 65)
(32, 196)
(32, 325)
(32, 331)
(32, 86)
(32, 343)
(32, 217)
(32, 90)
(32, 220)
(32, 222)
(32, 354)
(32, 227)
(32, 229)
(32, 106)
(32, 108)
(32, 109)
(32, 239)
(32, 246)
(32, 122)
(33, 192)
(33, 386)
(33, 259)
(33, 261)
(33, 390)
(33, 391)
(33, 393)
(33, 140)
(33, 397)
(33, 43)
(33, 151)
(33, 164)
(33, 38)
(33, 296)
(33, 42)
(33, 135)
(33, 303)
(33, 178)
(33, 315)
(33, 317)
(33, 318)
(33, 117)
(33, 320)
(33, 194)
(33, 76)
(33, 335)
(33, 336)
(33, 338)
(33, 339)
(33, 345)
(33, 91)
(33, 353)
(33, 226)
(33, 101)
(33, 358)
(33, 80)
(33, 364)
(33, 114)
(33, 115)
(33, 190)
(33, 247)
(33, 248)
(33, 249)
(34, 258)
(34, 131)
(34, 260)
(34, 133)
(34, 272)
(34, 150)
(34, 281)
(34, 289)
(34, 46)
(34, 50)
(34, 180)
(34, 183)
(34, 312)
(34, 95)
(34, 62)
(34, 66)
(34, 70)
(34, 72)
(34, 202)
(34, 333)
(34, 205)
(34, 99)
(34, 215)
(34, 79)
(34, 348)
(34, 349)
(34, 351)
(34, 355)
(34, 100)
(34, 359)
(34, 233)
(34, 362)
(34, 107)
(34, 242)
(34, 245)
(34, 376)
(34, 121)
(34, 379)
(34, 252)
(34, 126)
(35, 129)
(35, 131)
(35, 133)
(35, 138)
(35, 146)
(35, 276)
(35, 279)
(35, 281)
(35, 292)
(35, 39)
(35, 44)
(35, 182)
(35, 70)
(35, 72)
(35, 202)
(35, 351)
(35, 102)
(35, 359)
(35, 362)
(35, 274)
(35, 372)
(35, 245)
(35, 376)
(35, 121)
(35, 252)
(35, 126)
(36, 392)
(36, 52)
(36, 270)
(36, 279)
(36, 153)
(36, 284)
(36, 157)
(36, 286)
(36, 287)
(36, 48)
(36, 176)
(36, 50)
(36, 51)
(36, 180)
(36, 313)
(36, 187)
(36, 62)
(36, 68)
(36, 325)
(36, 202)
(36, 209)
(36, 343)
(36, 90)
(36, 220)
(36, 225)
(36, 354)
(36, 227)
(36, 100)
(36, 362)
(36, 108)
(36, 109)
(36, 239)
(36, 368)
(36, 369)
(36, 246)
(36, 106)
(37, 130)
(37, 396)
(37, 141)
(37, 278)
(37, 280)
(37, 284)
(37, 288)
(37, 47)
(37, 304)
(37, 177)
(37, 55)
(37, 60)
(37, 189)
(37, 63)
(37, 201)
(37, 214)
(37, 357)
(37, 231)
(37, 377)
(37, 378)
(37, 251)
(37, 125)
(38, 386)
(38, 387)
(38, 132)
(38, 390)
(38, 135)
(38, 137)
(38, 266)
(38, 140)
(38, 397)
(38, 144)
(38, 148)
(38, 151)
(38, 152)
(38, 282)
(38, 290)
(38, 163)
(38, 164)
(38, 296)
(38, 42)
(38, 43)
(38, 178)
(38, 306)
(38, 73)
(38, 58)
(38, 315)
(38, 318)
(38, 117)
(38, 64)
(38, 193)
(38, 195)
(38, 197)
(38, 329)
(38, 206)
(38, 339)
(38, 212)
(38, 341)
(38, 342)
(38, 91)
(38, 59)
(38, 356)
(38, 358)
(38, 361)
(38, 363)
(38, 371)
(38, 190)
(38, 249)
(38, 380)
(39, 129)
(39, 131)
(39, 138)
(39, 267)
(39, 146)
(39, 276)
(39, 279)
(39, 292)
(39, 44)
(39, 72)
(39, 202)
(39, 333)
(39, 209)
(39, 351)
(39, 225)
(39, 100)
(39, 102)
(39, 359)
(39, 362)
(39, 108)
(39, 274)
(39, 368)
(39, 369)
(39, 372)
(39, 245)
(39, 376)
(39, 378)
(39, 252)
(39, 126)
(40, 256)
(40, 388)
(40, 263)
(40, 395)
(40, 66)
(40, 142)
(40, 143)
(40, 145)
(40, 148)
(40, 277)
(40, 150)
(40, 89)
(40, 282)
(40, 283)
(40, 154)
(40, 160)
(40, 92)
(40, 193)
(40, 172)
(40, 46)
(40, 175)
(40, 115)
(40, 310)
(40, 314)
(40, 317)
(40, 319)
(40, 64)
(40, 224)
(40, 194)
(40, 323)
(40, 75)
(40, 76)
(40, 338)
(40, 58)
(40, 340)
(40, 216)
(40, 228)
(40, 346)
(40, 348)
(40, 186)
(40, 352)
(40, 97)
(40, 356)
(40, 366)
(40, 241)
(40, 242)
(40, 243)
(40, 116)
(40, 212)
(40, 118)
(40, 170)
(40, 120)
(40, 249)
(40, 124)
(40, 381)
(40, 127)
(41, 57)
(41, 399)
(41, 158)
(41, 347)
(41, 294)
(41, 167)
(41, 169)
(41, 301)
(41, 93)
(41, 307)
(41, 309)
(41, 185)
(41, 316)
(41, 61)
(41, 324)
(41, 69)
(41, 326)
(41, 327)
(41, 334)
(41, 208)
(41, 337)
(41, 78)
(41, 87)
(41, 344)
(41, 219)
(41, 221)
(41, 230)
(41, 81)
(41, 104)
(41, 235)
(41, 111)
(41, 123)
(41, 382)
(42, 386)
(42, 387)
(42, 132)
(42, 390)
(42, 193)
(42, 393)
(42, 266)
(42, 140)
(42, 397)
(42, 144)
(42, 43)
(42, 148)
(42, 151)
(42, 152)
(42, 164)
(42, 296)
(42, 297)
(42, 135)
(42, 178)
(42, 306)
(42, 179)
(42, 137)
(42, 315)
(42, 318)
(42, 117)
(42, 321)
(42, 195)
(42, 73)
(42, 339)
(42, 212)
(42, 341)
(42, 342)
(42, 91)
(42, 350)
(42, 59)
(42, 358)
(42, 361)
(42, 363)
(42, 371)
(42, 190)
(43, 386)
(43, 387)
(43, 132)
(43, 390)
(43, 193)
(43, 393)
(43, 266)
(43, 140)
(43, 397)
(43, 144)
(43, 151)
(43, 152)
(43, 164)
(43, 296)
(43, 297)
(43, 135)
(43, 178)
(43, 306)
(43, 179)
(43, 137)
(43, 315)
(43, 318)
(43, 117)
(43, 321)
(43, 195)
(43, 339)
(43, 341)
(43, 342)
(43, 91)
(43, 350)
(43, 59)
(43, 358)
(43, 361)
(43, 363)
(43, 190)
(44, 129)
(44, 131)
(44, 133)
(44, 138)
(44, 274)
(44, 276)
(44, 281)
(44, 292)
(44, 174)
(44, 182)
(44, 312)
(44, 70)
(44, 72)
(44, 202)
(44, 215)
(44, 351)
(44, 102)
(44, 359)
(44, 362)
(44, 372)
(44, 245)
(44, 376)
(44, 121)
(44, 252)
(44, 126)
(45, 128)
(45, 261)
(45, 262)
(45, 392)
(45, 265)
(45, 394)
(45, 270)
(45, 149)
(45, 217)
(45, 90)
(45, 165)
(45, 168)
(45, 298)
(45, 173)
(45, 302)
(45, 48)
(45, 305)
(45, 308)
(45, 94)
(45, 52)
(45, 74)
(45, 53)
(45, 322)
(45, 203)
(45, 196)
(45, 198)
(45, 330)
(45, 331)
(45, 204)
(45, 98)
(45, 77)
(45, 336)
(45, 85)
(45, 86)
(45, 345)
(45, 218)
(45, 220)
(45, 222)
(45, 353)
(45, 354)
(45, 227)
(45, 234)
(45, 364)
(45, 109)
(45, 240)
(45, 106)
(45, 373)
(45, 122)
(45, 253)
(46, 256)
(46, 258)
(46, 388)
(46, 398)
(46, 272)
(46, 88)
(46, 275)
(46, 277)
(46, 150)
(46, 260)
(46, 154)
(46, 285)
(46, 289)
(46, 92)
(46, 170)
(46, 142)
(46, 183)
(46, 312)
(46, 116)
(46, 95)
(46, 188)
(46, 319)
(46, 66)
(46, 328)
(46, 75)
(46, 79)
(46, 99)
(46, 340)
(46, 213)
(46, 215)
(46, 216)
(46, 89)
(46, 348)
(46, 349)
(46, 223)
(46, 355)
(46, 360)
(46, 233)
(46, 238)
(46, 241)
(46, 242)
(46, 83)
(46, 244)
(46, 374)
(46, 119)
(46, 124)
(46, 381)
(47, 130)
(47, 267)
(47, 396)
(47, 141)
(47, 278)
(47, 280)
(47, 153)
(47, 239)
(47, 284)
(47, 287)
(47, 288)
(47, 304)
(47, 177)
(47, 51)
(47, 55)
(47, 187)
(47, 60)
(47, 189)
(47, 63)
(47, 65)
(47, 68)
(47, 325)
(47, 201)
(47, 214)
(47, 343)
(47, 229)
(47, 357)
(47, 231)
(47, 367)
(47, 369)
(47, 246)
(47, 377)
(47, 378)
(47, 251)
(47, 125)
(48, 262)
(48, 392)
(48, 394)
(48, 270)
(48, 153)
(48, 157)
(48, 286)
(48, 52)
(48, 165)
(48, 173)
(48, 302)
(48, 176)
(48, 50)
(48, 51)
(48, 180)
(48, 53)
(48, 313)
(48, 187)
(48, 62)
(48, 203)
(48, 68)
(48, 330)
(48, 331)
(48, 98)
(48, 209)
(48, 85)
(48, 343)
(48, 217)
(48, 90)
(48, 220)
(48, 222)
(48, 354)
(48, 227)
(48, 234)
(48, 108)
(48, 109)
(48, 246)
(48, 122)
(48, 106)
(48, 383)
(49, 257)
(49, 387)
(49, 137)
(49, 266)
(49, 144)
(49, 152)
(49, 290)
(49, 163)
(49, 295)
(49, 297)
(49, 306)
(49, 179)
(49, 73)
(49, 56)
(49, 59)
(49, 195)
(49, 329)
(49, 206)
(49, 207)
(49, 210)
(49, 341)
(49, 342)
(49, 350)
(49, 361)
(49, 363)
(49, 113)
(49, 371)
(49, 380)
(50, 258)
(50, 131)
(50, 260)
(50, 262)
(50, 279)
(50, 153)
(50, 51)
(50, 180)
(50, 52)
(50, 62)
(50, 70)
(50, 202)
(50, 333)
(50, 205)
(50, 209)
(50, 90)
(50, 349)
(50, 354)
(50, 227)
(50, 100)
(50, 362)
(50, 107)
(50, 108)
(50, 368)
(50, 369)
(50, 246)
(50, 379)
(50, 252)
(50, 126)
(50, 383)
(51, 267)
(51, 396)
(51, 279)
(51, 153)
(51, 284)
(51, 157)
(51, 286)
(51, 287)
(51, 176)
(51, 313)
(51, 187)
(51, 65)
(51, 68)
(51, 325)
(51, 201)
(51, 209)
(51, 343)
(51, 90)
(51, 220)
(51, 225)
(51, 227)
(51, 362)
(51, 108)
(51, 109)
(51, 239)
(51, 368)
(51, 369)
(51, 246)
(51, 377)
(51, 378)
(52, 261)
(52, 262)
(52, 394)
(52, 270)
(52, 217)
(52, 165)
(52, 173)
(52, 302)
(52, 180)
(52, 53)
(52, 62)
(52, 192)
(52, 322)
(52, 203)
(52, 330)
(52, 331)
(52, 204)
(52, 98)
(52, 335)
(52, 336)
(52, 85)
(52, 345)
(52, 90)
(52, 222)
(52, 353)
(52, 354)
(52, 227)
(52, 101)
(52, 234)
(52, 364)
(52, 109)
(52, 240)
(52, 248)
(52, 379)
(52, 106)
(52, 383)
(53, 259)
(53, 261)
(53, 262)
(53, 391)
(53, 394)
(53, 270)
(53, 217)
(53, 165)
(53, 173)
(53, 302)
(53, 303)
(53, 305)
(53, 308)
(53, 94)
(53, 74)
(53, 192)
(53, 322)
(53, 203)
(53, 69)
(53, 198)
(53, 77)
(53, 330)
(53, 331)
(53, 204)
(53, 98)
(53, 335)
(53, 336)
(53, 85)
(53, 86)
(53, 345)
(53, 222)
(53, 353)
(53, 354)
(53, 101)
(53, 234)
(53, 364)
(53, 109)
(53, 240)
(53, 106)
(53, 373)
(53, 253)
(53, 383)
(54, 384)
(54, 385)
(54, 171)
(54, 134)
(54, 136)
(54, 265)
(54, 128)
(54, 139)
(54, 269)
(54, 271)
(54, 273)
(54, 149)
(54, 155)
(54, 156)
(54, 291)
(54, 293)
(54, 168)
(54, 298)
(54, 299)
(54, 300)
(54, 305)
(54, 311)
(54, 184)
(54, 71)
(54, 196)
(54, 198)
(54, 327)
(54, 200)
(54, 82)
(54, 211)
(54, 86)
(54, 218)
(54, 122)
(54, 94)
(54, 96)
(54, 232)
(54, 105)
(54, 237)
(54, 110)
(54, 240)
(54, 250)
(54, 253)
(54, 255)
(55, 130)
(55, 357)
(55, 201)
(55, 125)
(55, 304)
(55, 177)
(55, 278)
(55, 280)
(55, 251)
(55, 60)
(55, 189)
(55, 63)
(56, 257)
(56, 132)
(56, 295)
(56, 297)
(56, 266)
(56, 363)
(56, 210)
(56, 206)
(56, 207)
(56, 113)
(56, 306)
(56, 179)
(56, 342)
(56, 152)
(56, 59)
(56, 350)
(57, 389)
(57, 158)
(57, 347)
(57, 293)
(57, 294)
(57, 221)
(57, 307)
(57, 309)
(57, 311)
(57, 185)
(57, 316)
(57, 61)
(57, 324)
(57, 332)
(57, 334)
(57, 208)
(57, 81)
(57, 78)
(57, 87)
(57, 219)
(57, 93)
(57, 230)
(57, 103)
(57, 110)
(57, 111)
(57, 370)
(58, 256)
(58, 64)
(58, 263)
(58, 137)
(58, 395)
(58, 142)
(58, 143)
(58, 144)
(58, 145)
(58, 148)
(58, 282)
(58, 283)
(58, 160)
(58, 193)
(58, 135)
(58, 172)
(58, 175)
(58, 178)
(58, 115)
(58, 310)
(58, 314)
(58, 315)
(58, 317)
(58, 318)
(58, 320)
(58, 224)
(58, 194)
(58, 323)
(58, 197)
(58, 73)
(58, 76)
(58, 338)
(58, 212)
(58, 341)
(58, 228)
(58, 346)
(58, 348)
(58, 186)
(58, 352)
(58, 97)
(58, 356)
(58, 361)
(58, 366)
(58, 241)
(58, 243)
(58, 190)
(58, 118)
(58, 120)
(58, 249)
(58, 380)
(58, 170)
(58, 127)
(59, 257)
(59, 386)
(59, 387)
(59, 132)
(59, 135)
(59, 137)
(59, 266)
(59, 397)
(59, 144)
(59, 151)
(59, 152)
(59, 290)
(59, 164)
(59, 295)
(59, 296)
(59, 297)
(59, 178)
(59, 306)
(59, 179)
(59, 73)
(59, 318)
(59, 117)
(59, 321)
(59, 195)
(59, 329)
(59, 206)
(59, 207)
(59, 210)
(59, 339)
(59, 341)
(59, 342)
(59, 91)
(59, 350)
(59, 361)
(59, 363)
(59, 113)
(59, 371)
(59, 190)
(60, 130)
(60, 396)
(60, 141)
(60, 278)
(60, 280)
(60, 284)
(60, 287)
(60, 288)
(60, 304)
(60, 177)
(60, 189)
(60, 63)
(60, 65)
(60, 325)
(60, 201)
(60, 214)
(60, 229)
(60, 357)
(60, 231)
(60, 367)
(60, 377)
(60, 378)
(60, 251)
(60, 125)
(61, 389)
(61, 81)
(61, 158)
(61, 347)
(61, 293)
(61, 294)
(61, 169)
(61, 93)
(61, 307)
(61, 309)
(61, 311)
(61, 185)
(61, 316)
(61, 324)
(61, 326)
(61, 327)
(61, 332)
(61, 334)
(61, 208)
(61, 337)
(61, 78)
(61, 87)
(61, 344)
(61, 219)
(61, 221)
(61, 230)
(61, 103)
(61, 235)
(61, 237)
(61, 111)
(61, 123)
(62, 258)
(62, 131)
(62, 260)
(62, 262)
(62, 302)
(62, 180)
(62, 202)
(62, 203)
(62, 333)
(62, 205)
(62, 209)
(62, 90)
(62, 349)
(62, 354)
(62, 100)
(62, 101)
(62, 362)
(62, 107)
(62, 108)
(62, 248)
(62, 379)
(62, 126)
(62, 383)
(63, 130)
(63, 396)
(63, 141)
(63, 278)
(63, 280)
(63, 284)
(63, 287)
(63, 288)
(63, 304)
(63, 177)
(63, 189)
(63, 65)
(63, 325)
(63, 201)
(63, 214)
(63, 229)
(63, 357)
(63, 231)
(63, 367)
(63, 377)
(63, 251)
(63, 125)
(64, 256)
(64, 387)
(64, 263)
(64, 137)
(64, 142)
(64, 143)
(64, 144)
(64, 195)
(64, 148)
(64, 152)
(64, 282)
(64, 160)
(64, 290)
(64, 163)
(64, 193)
(64, 135)
(64, 172)
(64, 175)
(64, 371)
(64, 310)
(64, 73)
(64, 314)
(64, 317)
(64, 190)
(64, 224)
(64, 194)
(64, 323)
(64, 197)
(64, 329)
(64, 115)
(64, 338)
(64, 212)
(64, 341)
(64, 228)
(64, 186)
(64, 352)
(64, 97)
(64, 356)
(64, 361)
(64, 366)
(64, 243)
(64, 120)
(64, 249)
(64, 380)
(64, 170)
(64, 127)
(65, 130)
(65, 392)
(65, 396)
(65, 141)
(65, 271)
(65, 153)
(65, 239)
(65, 157)
(65, 286)
(65, 287)
(65, 288)
(65, 176)
(65, 162)
(65, 299)
(65, 159)
(65, 304)
(65, 177)
(65, 313)
(65, 187)
(65, 68)
(65, 325)
(65, 201)
(65, 214)
(65, 343)
(65, 220)
(65, 227)
(65, 229)
(65, 231)
(65, 367)
(65, 246)
(65, 377)
(65, 122)
(65, 251)
(66, 256)
(66, 192)
(66, 258)
(66, 388)
(66, 263)
(66, 395)
(66, 142)
(66, 143)
(66, 272)
(66, 145)
(66, 150)
(66, 260)
(66, 154)
(66, 283)
(66, 92)
(66, 170)
(66, 115)
(66, 183)
(66, 317)
(66, 320)
(66, 194)
(66, 323)
(66, 76)
(66, 205)
(66, 79)
(66, 120)
(66, 338)
(66, 340)
(66, 346)
(66, 348)
(66, 349)
(66, 95)
(66, 101)
(66, 107)
(66, 241)
(66, 242)
(66, 243)
(66, 116)
(66, 118)
(66, 248)
(66, 249)
(66, 379)
(66, 383)
(67, 398)
(67, 275)
(67, 285)
(67, 289)
(67, 166)
(67, 188)
(67, 191)
(67, 161)
(67, 328)
(67, 375)
(67, 83)
(67, 213)
(67, 88)
(67, 223)
(67, 360)
(67, 233)
(67, 236)
(67, 238)
(67, 244)
(67, 374)
(67, 119)
(67, 254)
(68, 171)
(68, 392)
(68, 265)
(68, 396)
(68, 141)
(68, 270)
(68, 271)
(68, 153)
(68, 239)
(68, 157)
(68, 286)
(68, 287)
(68, 288)
(68, 176)
(68, 162)
(68, 299)
(68, 159)
(68, 304)
(68, 313)
(68, 187)
(68, 325)
(68, 331)
(68, 214)
(68, 343)
(68, 90)
(68, 220)
(68, 227)
(68, 229)
(68, 106)
(68, 108)
(68, 109)
(68, 367)
(68, 369)
(68, 246)
(68, 377)
(68, 122)
(69, 261)
(69, 264)
(69, 173)
(69, 149)
(69, 198)
(69, 301)
(69, 93)
(69, 305)
(69, 308)
(69, 309)
(69, 311)
(69, 74)
(69, 181)
(69, 322)
(69, 324)
(69, 326)
(69, 327)
(69, 330)
(69, 204)
(69, 98)
(69, 334)
(69, 77)
(69, 336)
(69, 337)
(69, 85)
(69, 87)
(69, 344)
(69, 345)
(69, 218)
(69, 221)
(69, 94)
(69, 226)
(69, 230)
(69, 104)
(69, 364)
(69, 237)
(69, 240)
(69, 114)
(69, 373)
(69, 247)
(69, 123)
(69, 253)
(69, 382)
(69, 255)
(70, 129)
(70, 258)
(70, 131)
(70, 260)
(70, 133)
(70, 138)
(70, 272)
(70, 150)
(70, 281)
(70, 289)
(70, 292)
(70, 174)
(70, 182)
(70, 183)
(70, 312)
(70, 95)
(70, 72)
(70, 202)
(70, 333)
(70, 205)
(70, 99)
(70, 215)
(70, 79)
(70, 349)
(70, 351)
(70, 355)
(70, 100)
(70, 359)
(70, 233)
(70, 362)
(70, 107)
(70, 242)
(70, 83)
(70, 372)
(70, 245)
(70, 376)
(70, 121)
(70, 379)
(70, 252)
(70, 126)
(71, 384)
(71, 385)
(71, 134)
(71, 136)
(71, 139)
(71, 268)
(71, 269)
(71, 273)
(71, 155)
(71, 156)
(71, 291)
(71, 293)
(71, 298)
(71, 171)
(71, 300)
(71, 184)
(71, 200)
(71, 82)
(71, 211)
(71, 96)
(71, 232)
(71, 105)
(71, 110)
(71, 370)
(71, 250)
(72, 129)
(72, 131)
(72, 133)
(72, 138)
(72, 274)
(72, 276)
(72, 281)
(72, 292)
(72, 174)
(72, 182)
(72, 312)
(72, 202)
(72, 333)
(72, 215)
(72, 351)
(72, 100)
(72, 102)
(72, 359)
(72, 362)
(72, 107)
(72, 372)
(72, 245)
(72, 376)
(72, 121)
(72, 252)
(72, 126)
(73, 257)
(73, 387)
(73, 135)
(73, 137)
(73, 266)
(73, 144)
(73, 148)
(73, 152)
(73, 282)
(73, 290)
(73, 163)
(73, 172)
(73, 175)
(73, 306)
(73, 310)
(73, 186)
(73, 190)
(73, 193)
(73, 195)
(73, 197)
(73, 329)
(73, 206)
(73, 339)
(73, 212)
(73, 341)
(73, 228)
(73, 97)
(73, 356)
(73, 361)
(73, 366)
(73, 371)
(73, 380)
(74, 259)
(74, 261)
(74, 391)
(74, 264)
(74, 394)
(74, 94)
(74, 173)
(74, 149)
(74, 217)
(74, 198)
(74, 301)
(74, 302)
(74, 303)
(74, 305)
(74, 308)
(74, 309)
(74, 181)
(74, 322)
(74, 326)
(74, 327)
(74, 330)
(74, 203)
(74, 204)
(74, 77)
(74, 336)
(74, 337)
(74, 85)
(74, 86)
(74, 87)
(74, 345)
(74, 218)
(74, 222)
(74, 165)
(74, 353)
(74, 98)
(74, 234)
(74, 364)
(74, 240)
(74, 114)
(74, 373)
(74, 247)
(74, 123)
(74, 253)
(74, 255)
(75, 256)
(75, 388)
(75, 398)
(75, 272)
(75, 277)
(75, 150)
(75, 154)
(75, 160)
(75, 289)
(75, 170)
(75, 172)
(75, 142)
(75, 116)
(75, 314)
(75, 188)
(75, 319)
(75, 224)
(75, 323)
(75, 328)
(75, 340)
(75, 213)
(75, 216)
(75, 89)
(75, 346)
(75, 92)
(75, 95)
(75, 352)
(75, 360)
(75, 241)
(75, 242)
(75, 243)
(75, 244)
(75, 374)
(75, 120)
(75, 124)
(75, 381)
(75, 127)
(76, 256)
(76, 192)
(76, 135)
(76, 259)
(76, 262)
(76, 391)
(76, 393)
(76, 395)
(76, 143)
(76, 145)
(76, 282)
(76, 283)
(76, 390)
(76, 170)
(76, 263)
(76, 303)
(76, 178)
(76, 186)
(76, 315)
(76, 317)
(76, 320)
(76, 194)
(76, 323)
(76, 203)
(76, 205)
(76, 335)
(76, 80)
(76, 120)
(76, 338)
(76, 346)
(76, 348)
(76, 353)
(76, 101)
(76, 241)
(76, 115)
(76, 118)
(76, 248)
(76, 249)
(76, 379)
(76, 383)
(77, 385)
(77, 261)
(77, 264)
(77, 94)
(77, 173)
(77, 273)
(77, 149)
(77, 217)
(77, 196)
(77, 291)
(77, 293)
(77, 168)
(77, 298)
(77, 301)
(77, 93)
(77, 305)
(77, 308)
(77, 309)
(77, 311)
(77, 181)
(77, 198)
(77, 322)
(77, 324)
(77, 326)
(77, 327)
(77, 330)
(77, 331)
(77, 204)
(77, 334)
(77, 336)
(77, 337)
(77, 85)
(77, 86)
(77, 87)
(77, 345)
(77, 218)
(77, 221)
(77, 222)
(77, 165)
(77, 98)
(77, 230)
(77, 234)
(77, 364)
(77, 237)
(77, 240)
(77, 373)
(77, 136)
(77, 123)
(77, 253)
(77, 255)
(78, 389)
(78, 158)
(78, 347)
(78, 294)
(78, 169)
(78, 221)
(78, 307)
(78, 309)
(78, 185)
(78, 316)
(78, 324)
(78, 326)
(78, 332)
(78, 334)
(78, 208)
(78, 81)
(78, 87)
(78, 344)
(78, 219)
(78, 93)
(78, 230)
(78, 103)
(78, 235)
(78, 111)
(79, 258)
(79, 131)
(79, 388)
(79, 133)
(79, 272)
(79, 145)
(79, 150)
(79, 281)
(79, 260)
(79, 154)
(79, 285)
(79, 289)
(79, 95)
(79, 174)
(79, 183)
(79, 312)
(79, 351)
(79, 188)
(79, 202)
(79, 205)
(79, 333)
(79, 99)
(79, 215)
(79, 88)
(79, 348)
(79, 349)
(79, 223)
(79, 355)
(79, 100)
(79, 233)
(79, 107)
(79, 242)
(79, 83)
(79, 116)
(79, 245)
(79, 374)
(79, 376)
(79, 121)
(79, 379)
(79, 126)
(80, 192)
(80, 259)
(80, 261)
(80, 262)
(80, 391)
(80, 393)
(80, 394)
(80, 395)
(80, 140)
(80, 143)
(80, 145)
(80, 283)
(80, 390)
(80, 263)
(80, 303)
(80, 178)
(80, 315)
(80, 317)
(80, 318)
(80, 320)
(80, 194)
(80, 203)
(80, 335)
(80, 336)
(80, 338)
(80, 345)
(80, 346)
(80, 353)
(80, 101)
(80, 358)
(80, 234)
(80, 364)
(80, 115)
(80, 117)
(80, 118)
(80, 247)
(80, 248)
(80, 249)
(80, 383)
(81, 389)
(81, 158)
(81, 347)
(81, 293)
(81, 294)
(81, 93)
(81, 307)
(81, 309)
(81, 311)
(81, 184)
(81, 185)
(81, 316)
(81, 324)
(81, 326)
(81, 332)
(81, 334)
(81, 208)
(81, 82)
(81, 87)
(81, 219)
(81, 221)
(81, 230)
(81, 103)
(81, 110)
(81, 111)
(81, 370)
(82, 385)
(82, 134)
(82, 136)
(82, 139)
(82, 268)
(82, 269)
(82, 273)
(82, 149)
(82, 155)
(82, 291)
(82, 293)
(82, 294)
(82, 298)
(82, 93)
(82, 305)
(82, 309)
(82, 219)
(82, 311)
(82, 184)
(82, 326)
(82, 327)
(82, 200)
(82, 332)
(82, 334)
(82, 208)
(82, 211)
(82, 86)
(82, 87)
(82, 218)
(82, 347)
(82, 221)
(82, 230)
(82, 103)
(82, 232)
(82, 237)
(82, 110)
(82, 111)
(82, 370)
(82, 250)
(82, 123)
(82, 255)
(83, 388)
(83, 133)
(83, 398)
(83, 272)
(83, 275)
(83, 281)
(83, 285)
(83, 289)
(83, 166)
(83, 174)
(83, 182)
(83, 183)
(83, 312)
(83, 351)
(83, 188)
(83, 191)
(83, 161)
(83, 328)
(83, 119)
(83, 99)
(83, 213)
(83, 215)
(83, 88)
(83, 223)
(83, 355)
(83, 360)
(83, 233)
(83, 236)
(83, 238)
(83, 242)
(83, 244)
(83, 245)
(83, 374)
(83, 375)
(83, 121)
(83, 254)
(84, 264)
(84, 140)
(84, 399)
(84, 147)
(84, 167)
(84, 169)
(84, 301)
(84, 321)
(84, 199)
(84, 337)
(84, 344)
(84, 91)
(84, 226)
(84, 358)
(84, 104)
(84, 235)
(84, 365)
(84, 112)
(84, 114)
(84, 117)
(84, 247)
(84, 382)
(85, 261)
(85, 262)
(85, 391)
(85, 394)
(85, 94)
(85, 270)
(85, 149)
(85, 217)
(85, 165)
(85, 168)
(85, 173)
(85, 302)
(85, 303)
(85, 305)
(85, 308)
(85, 181)
(85, 322)
(85, 203)
(85, 196)
(85, 198)
(85, 327)
(85, 330)
(85, 331)
(85, 204)
(85, 98)
(85, 335)
(85, 336)
(85, 86)
(85, 345)
(85, 218)
(85, 222)
(85, 353)
(85, 354)
(85, 234)
(85, 364)
(85, 109)
(85, 240)
(85, 106)
(85, 373)
(85, 253)
(85, 255)
(86, 384)
(86, 385)
(86, 171)
(86, 134)
(86, 136)
(86, 265)
(86, 128)
(86, 139)
(86, 94)
(86, 270)
(86, 109)
(86, 273)
(86, 149)
(86, 156)
(86, 291)
(86, 293)
(86, 168)
(86, 298)
(86, 299)
(86, 173)
(86, 305)
(86, 308)
(86, 181)
(86, 311)
(86, 322)
(86, 196)
(86, 198)
(86, 327)
(86, 200)
(86, 330)
(86, 331)
(86, 204)
(86, 211)
(86, 217)
(86, 218)
(86, 122)
(86, 222)
(86, 165)
(86, 98)
(86, 106)
(86, 237)
(86, 240)
(86, 373)
(86, 250)
(86, 123)
(86, 253)
(86, 255)
(87, 385)
(87, 264)
(87, 399)
(87, 158)
(87, 219)
(87, 293)
(87, 294)
(87, 169)
(87, 301)
(87, 93)
(87, 305)
(87, 307)
(87, 308)
(87, 309)
(87, 311)
(87, 185)
(87, 316)
(87, 181)
(87, 198)
(87, 324)
(87, 326)
(87, 327)
(87, 334)
(87, 208)
(87, 337)
(87, 344)
(87, 218)
(87, 347)
(87, 221)
(87, 230)
(87, 104)
(87, 235)
(87, 237)
(87, 111)
(87, 136)
(87, 123)
(87, 382)
(87, 255)
(88, 388)
(88, 133)
(88, 398)
(88, 272)
(88, 275)
(88, 281)
(88, 285)
(88, 289)
(88, 166)
(88, 174)
(88, 182)
(88, 183)
(88, 312)
(88, 188)
(88, 191)
(88, 161)
(88, 328)
(88, 119)
(88, 99)
(88, 213)
(88, 215)
(88, 223)
(88, 355)
(88, 360)
(88, 233)
(88, 236)
(88, 238)
(88, 242)
(88, 244)
(88, 374)
(88, 375)
(88, 121)
(88, 254)
(89, 256)
(89, 388)
(89, 398)
(89, 272)
(89, 277)
(89, 154)
(89, 160)
(89, 170)
(89, 172)
(89, 142)
(89, 116)
(89, 314)
(89, 319)
(89, 224)
(89, 323)
(89, 328)
(89, 340)
(89, 213)
(89, 216)
(89, 92)
(89, 352)
(89, 97)
(89, 360)
(89, 366)
(89, 241)
(89, 242)
(89, 243)
(89, 244)
(89, 374)
(89, 124)
(89, 381)
(89, 127)
(90, 262)
(90, 392)
(90, 270)
(90, 279)
(90, 153)
(90, 157)
(90, 286)
(90, 287)
(90, 165)
(90, 302)
(90, 176)
(90, 180)
(90, 313)
(90, 187)
(90, 331)
(90, 209)
(90, 343)
(90, 217)
(90, 220)
(90, 354)
(90, 227)
(90, 100)
(90, 106)
(90, 108)
(90, 109)
(90, 368)
(90, 369)
(90, 246)
(91, 386)
(91, 132)
(91, 390)
(91, 393)
(91, 140)
(91, 397)
(91, 147)
(91, 151)
(91, 164)
(91, 296)
(91, 297)
(91, 306)
(91, 178)
(91, 315)
(91, 190)
(91, 117)
(91, 321)
(91, 199)
(91, 210)
(91, 339)
(91, 342)
(91, 350)
(91, 226)
(91, 358)
(91, 361)
(91, 363)
(91, 365)
(91, 318)
(92, 256)
(92, 388)
(92, 263)
(92, 398)
(92, 143)
(92, 272)
(92, 145)
(92, 277)
(92, 150)
(92, 154)
(92, 160)
(92, 289)
(92, 170)
(92, 172)
(92, 116)
(92, 314)
(92, 188)
(92, 319)
(92, 224)
(92, 323)
(92, 118)
(92, 328)
(92, 340)
(92, 142)
(92, 216)
(92, 346)
(92, 348)
(92, 186)
(92, 95)
(92, 352)
(92, 97)
(92, 360)
(92, 366)
(92, 241)
(92, 242)
(92, 243)
(92, 244)
(92, 374)
(92, 120)
(92, 124)
(92, 381)
(92, 127)
(93, 385)
(93, 136)
(93, 269)
(93, 273)
(93, 149)
(93, 158)
(93, 291)
(93, 293)
(93, 294)
(93, 305)
(93, 307)
(93, 308)
(93, 309)
(93, 219)
(93, 311)
(93, 184)
(93, 185)
(93, 316)
(93, 181)
(93, 198)
(93, 324)
(93, 326)
(93, 327)
(93, 332)
(93, 334)
(93, 208)
(93, 337)
(93, 344)
(93, 218)
(93, 347)
(93, 221)
(93, 230)
(93, 103)
(93, 232)
(93, 237)
(93, 110)
(93, 111)
(93, 370)
(93, 123)
(93, 255)
(94, 128)
(94, 385)
(94, 261)
(94, 136)
(94, 265)
(94, 139)
(94, 270)
(94, 109)
(94, 273)
(94, 149)
(94, 156)
(94, 291)
(94, 198)
(94, 168)
(94, 298)
(94, 171)
(94, 173)
(94, 302)
(94, 305)
(94, 308)
(94, 181)
(94, 311)
(94, 322)
(94, 196)
(94, 326)
(94, 327)
(94, 200)
(94, 330)
(94, 331)
(94, 204)
(94, 98)
(94, 336)
(94, 211)
(94, 217)
(94, 218)
(94, 122)
(94, 222)
(94, 165)
(94, 354)
(94, 234)
(94, 364)
(94, 237)
(94, 240)
(94, 106)
(94, 373)
(94, 250)
(94, 123)
(94, 253)
(94, 255)
(95, 256)
(95, 258)
(95, 131)
(95, 388)
(95, 133)
(95, 395)
(95, 272)
(95, 145)
(95, 150)
(95, 281)
(95, 260)
(95, 154)
(95, 283)
(95, 285)
(95, 289)
(95, 170)
(95, 183)
(95, 312)
(95, 116)
(95, 188)
(95, 118)
(95, 328)
(95, 333)
(95, 205)
(95, 99)
(95, 340)
(95, 215)
(95, 346)
(95, 348)
(95, 349)
(95, 355)
(95, 100)
(95, 233)
(95, 107)
(95, 241)
(95, 242)
(95, 244)
(95, 374)
(95, 379)
(95, 126)
(96, 384)
(96, 385)
(96, 171)
(96, 134)
(96, 265)
(96, 128)
(96, 139)
(96, 268)
(96, 269)
(96, 271)
(96, 273)
(96, 155)
(96, 156)
(96, 291)
(96, 168)
(96, 298)
(96, 299)
(96, 300)
(96, 196)
(96, 200)
(96, 211)
(96, 122)
(96, 232)
(96, 105)
(96, 250)
(97, 256)
(97, 387)
(97, 263)
(97, 142)
(97, 143)
(97, 144)
(97, 195)
(97, 148)
(97, 277)
(97, 282)
(97, 160)
(97, 290)
(97, 163)
(97, 193)
(97, 135)
(97, 172)
(97, 175)
(97, 371)
(97, 310)
(97, 314)
(97, 317)
(97, 224)
(97, 323)
(97, 197)
(97, 329)
(97, 115)
(97, 212)
(97, 341)
(97, 228)
(97, 186)
(97, 352)
(97, 356)
(97, 366)
(97, 241)
(97, 243)
(97, 120)
(97, 249)
(97, 380)
(97, 170)
(97, 127)
(98, 128)
(98, 261)
(98, 262)
(98, 265)
(98, 394)
(98, 270)
(98, 149)
(98, 217)
(98, 165)
(98, 168)
(98, 298)
(98, 173)
(98, 302)
(98, 305)
(98, 308)
(98, 181)
(98, 322)
(98, 203)
(98, 196)
(98, 198)
(98, 327)
(98, 330)
(98, 331)
(98, 204)
(98, 335)
(98, 336)
(98, 345)
(98, 218)
(98, 222)
(98, 353)
(98, 354)
(98, 234)
(98, 364)
(98, 109)
(98, 240)
(98, 106)
(98, 373)
(98, 122)
(98, 253)
(98, 255)
(99, 258)
(99, 388)
(99, 133)
(99, 398)
(99, 272)
(99, 275)
(99, 281)
(99, 260)
(99, 285)
(99, 289)
(99, 166)
(99, 174)
(99, 182)
(99, 183)
(99, 312)
(99, 223)
(99, 188)
(99, 191)
(99, 161)
(99, 328)
(99, 119)
(99, 215)
(99, 351)
(99, 355)
(99, 360)
(99, 233)
(99, 236)
(99, 242)
(99, 244)
(99, 245)
(99, 374)
(99, 375)
(99, 121)
(99, 254)
(100, 129)
(100, 258)
(100, 131)
(100, 260)
(100, 274)
(100, 279)
(100, 281)
(100, 292)
(100, 180)
(100, 183)
(100, 312)
(100, 202)
(100, 333)
(100, 205)
(100, 209)
(100, 215)
(100, 349)
(100, 351)
(100, 359)
(100, 362)
(100, 107)
(100, 108)
(100, 368)
(100, 369)
(100, 372)
(100, 245)
(100, 376)
(100, 379)
(100, 252)
(100, 126)
(101, 192)
(101, 259)
(101, 261)
(101, 262)
(101, 391)
(101, 394)
(101, 395)
(101, 145)
(101, 283)
(101, 302)
(101, 303)
(101, 180)
(101, 317)
(101, 320)
(101, 194)
(101, 203)
(101, 205)
(101, 335)
(101, 336)
(101, 338)
(101, 345)
(101, 346)
(101, 348)
(101, 349)
(101, 353)
(101, 234)
(101, 364)
(101, 115)
(101, 118)
(101, 248)
(101, 379)
(101, 383)
(102, 129)
(102, 138)
(102, 267)
(102, 276)
(102, 279)
(102, 284)
(102, 292)
(102, 274)
(102, 202)
(102, 209)
(102, 225)
(102, 359)
(102, 362)
(102, 146)
(102, 368)
(102, 369)
(102, 372)
(102, 376)
(102, 378)
(102, 252)
(103, 389)
(103, 134)
(103, 136)
(103, 268)
(103, 269)
(103, 273)
(103, 155)
(103, 291)
(103, 293)
(103, 294)
(103, 307)
(103, 311)
(103, 184)
(103, 185)
(103, 347)
(103, 332)
(103, 334)
(103, 208)
(103, 219)
(103, 230)
(103, 232)
(103, 237)
(103, 110)
(103, 111)
(103, 370)
(103, 250)
(104, 264)
(104, 399)
(104, 158)
(104, 167)
(104, 169)
(104, 301)
(104, 181)
(104, 316)
(104, 324)
(104, 326)
(104, 199)
(104, 337)
(104, 344)
(104, 221)
(104, 226)
(104, 358)
(104, 235)
(104, 365)
(104, 112)
(104, 114)
(104, 247)
(104, 382)
(105, 384)
(105, 128)
(105, 299)
(105, 134)
(105, 265)
(105, 139)
(105, 271)
(105, 156)
(105, 159)
(105, 171)
(105, 300)
(105, 196)
(105, 200)
(105, 211)
(105, 122)
(105, 250)
(106, 128)
(106, 262)
(106, 392)
(106, 265)
(106, 394)
(106, 270)
(106, 153)
(106, 157)
(106, 286)
(106, 287)
(106, 162)
(106, 165)
(106, 168)
(106, 299)
(106, 173)
(106, 302)
(106, 176)
(106, 313)
(106, 187)
(106, 196)
(106, 325)
(106, 330)
(106, 331)
(106, 204)
(106, 343)
(106, 217)
(106, 220)
(106, 222)
(106, 354)
(106, 227)
(106, 234)
(106, 108)
(106, 109)
(106, 239)
(106, 240)
(106, 246)
(106, 122)
(107, 258)
(107, 131)
(107, 260)
(107, 133)
(107, 150)
(107, 279)
(107, 281)
(107, 180)
(107, 183)
(107, 312)
(107, 202)
(107, 333)
(107, 205)
(107, 209)
(107, 215)
(107, 349)
(107, 351)
(107, 362)
(107, 372)
(107, 245)
(107, 376)
(107, 379)
(107, 252)
(107, 126)
(108, 267)
(108, 279)
(108, 153)
(108, 284)
(108, 287)
(108, 176)
(108, 180)
(108, 187)
(108, 202)
(108, 333)
(108, 209)
(108, 343)
(108, 220)
(108, 225)
(108, 354)
(108, 227)
(108, 362)
(108, 109)
(108, 368)
(108, 369)
(108, 246)
(108, 252)
(109, 128)
(109, 262)
(109, 392)
(109, 265)
(109, 394)
(109, 270)
(109, 153)
(109, 157)
(109, 286)
(109, 287)
(109, 162)
(109, 165)
(109, 168)
(109, 173)
(109, 302)
(109, 176)
(109, 180)
(109, 313)
(109, 187)
(109, 196)
(109, 325)
(109, 330)
(109, 331)
(109, 204)
(109, 343)
(109, 217)
(109, 220)
(109, 222)
(109, 354)
(109, 227)
(109, 234)
(109, 239)
(109, 240)
(109, 246)
(109, 122)
(110, 385)
(110, 389)
(110, 134)
(110, 136)
(110, 268)
(110, 269)
(110, 273)
(110, 149)
(110, 155)
(110, 291)
(110, 293)
(110, 294)
(110, 298)
(110, 309)
(110, 311)
(110, 184)
(110, 347)
(110, 327)
(110, 200)
(110, 332)
(110, 334)
(110, 208)
(110, 211)
(110, 219)
(110, 230)
(110, 232)
(110, 237)
(110, 111)
(110, 370)
(110, 250)
(110, 123)
(111, 385)
(111, 389)
(111, 134)
(111, 136)
(111, 268)
(111, 269)
(111, 273)
(111, 155)
(111, 158)
(111, 291)
(111, 293)
(111, 294)
(111, 307)
(111, 309)
(111, 219)
(111, 311)
(111, 184)
(111, 185)
(111, 324)
(111, 326)
(111, 327)
(111, 332)
(111, 334)
(111, 208)
(111, 347)
(111, 221)
(111, 230)
(111, 232)
(111, 237)
(111, 370)
(111, 250)
(111, 123)
(112, 321)
(112, 226)
(112, 199)
(112, 264)
(112, 169)
(112, 235)
(112, 365)
(112, 399)
(112, 337)
(112, 114)
(112, 147)
(112, 301)
(112, 344)
(112, 167)
(112, 382)
(112, 117)
(113, 257)
(113, 132)
(113, 295)
(113, 297)
(113, 266)
(113, 363)
(113, 210)
(113, 206)
(113, 207)
(113, 306)
(113, 179)
(113, 342)
(113, 152)
(113, 350)
(114, 259)
(114, 261)
(114, 390)
(114, 391)
(114, 264)
(114, 393)
(114, 140)
(114, 399)
(114, 167)
(114, 169)
(114, 301)
(114, 303)
(114, 181)
(114, 117)
(114, 324)
(114, 326)
(114, 199)
(114, 336)
(114, 337)
(114, 344)
(114, 226)
(114, 358)
(114, 364)
(114, 365)
(114, 373)
(114, 247)
(114, 382)
(115, 256)
(115, 192)
(115, 263)
(115, 395)
(115, 142)
(115, 143)
(115, 145)
(115, 148)
(115, 150)
(115, 282)
(115, 283)
(115, 170)
(115, 135)
(115, 172)
(115, 178)
(115, 186)
(115, 315)
(115, 317)
(115, 320)
(115, 193)
(115, 194)
(115, 323)
(115, 205)
(115, 335)
(115, 120)
(115, 338)
(115, 212)
(115, 346)
(115, 348)
(115, 353)
(115, 366)
(115, 241)
(115, 243)
(115, 116)
(115, 118)
(115, 248)
(115, 249)
(115, 383)
(116, 256)
(116, 258)
(116, 388)
(116, 263)
(116, 395)
(116, 398)
(116, 143)
(116, 272)
(116, 145)
(116, 277)
(116, 150)
(116, 260)
(116, 154)
(116, 283)
(116, 289)
(116, 170)
(116, 183)
(116, 186)
(116, 188)
(116, 319)
(116, 224)
(116, 194)
(116, 323)
(116, 118)
(116, 328)
(116, 205)
(116, 338)
(116, 340)
(116, 142)
(116, 216)
(116, 346)
(116, 348)
(116, 349)
(116, 352)
(116, 355)
(116, 241)
(116, 242)
(116, 243)
(116, 244)
(116, 374)
(116, 120)
(116, 124)
(116, 381)
(116, 127)
(117, 386)
(117, 259)
(117, 132)
(117, 390)
(117, 391)
(117, 264)
(117, 393)
(117, 140)
(117, 397)
(117, 147)
(117, 151)
(117, 164)
(117, 296)
(117, 301)
(117, 303)
(117, 178)
(117, 315)
(117, 190)
(117, 321)
(117, 199)
(117, 339)
(117, 226)
(117, 358)
(117, 361)
(117, 363)
(117, 318)
(117, 247)
(118, 256)
(118, 192)
(118, 258)
(118, 263)
(118, 395)
(118, 142)
(118, 143)
(118, 145)
(118, 150)
(118, 282)
(118, 283)
(118, 170)
(118, 186)
(118, 317)
(118, 320)
(118, 194)
(118, 323)
(118, 205)
(118, 335)
(118, 120)
(118, 338)
(118, 346)
(118, 348)
(118, 349)
(118, 353)
(118, 241)
(118, 243)
(118, 248)
(118, 249)
(118, 379)
(118, 383)
(119, 388)
(119, 133)
(119, 398)
(119, 272)
(119, 275)
(119, 285)
(119, 289)
(119, 166)
(119, 174)
(119, 182)
(119, 312)
(119, 188)
(119, 191)
(119, 161)
(119, 328)
(119, 213)
(119, 223)
(119, 355)
(119, 360)
(119, 233)
(119, 236)
(119, 238)
(119, 244)
(119, 374)
(119, 375)
(119, 121)
(119, 254)
(120, 256)
(120, 192)
(120, 263)
(120, 395)
(120, 142)
(120, 143)
(120, 145)
(120, 148)
(120, 277)
(120, 150)
(120, 282)
(120, 283)
(120, 154)
(120, 160)
(120, 193)
(120, 135)
(120, 172)
(120, 175)
(120, 310)
(120, 314)
(120, 317)
(120, 319)
(120, 320)
(120, 224)
(120, 194)
(120, 323)
(120, 338)
(120, 212)
(120, 228)
(120, 346)
(120, 348)
(120, 186)
(120, 352)
(120, 356)
(120, 366)
(120, 241)
(120, 243)
(120, 248)
(120, 249)
(120, 124)
(120, 170)
(120, 127)
(121, 129)
(121, 131)
(121, 133)
(121, 138)
(121, 275)
(121, 281)
(121, 285)
(121, 161)
(121, 166)
(121, 174)
(121, 182)
(121, 183)
(121, 312)
(121, 351)
(121, 126)
(121, 215)
(121, 223)
(121, 355)
(121, 359)
(121, 233)
(121, 236)
(121, 372)
(121, 245)
(121, 375)
(121, 376)
(121, 252)
(121, 254)
(122, 384)
(122, 385)
(122, 171)
(122, 392)
(122, 265)
(122, 128)
(122, 139)
(122, 270)
(122, 271)
(122, 149)
(122, 239)
(122, 156)
(122, 157)
(122, 286)
(122, 162)
(122, 165)
(122, 168)
(122, 298)
(122, 299)
(122, 300)
(122, 176)
(122, 313)
(122, 196)
(122, 325)
(122, 198)
(122, 200)
(122, 330)
(122, 331)
(122, 211)
(122, 343)
(122, 217)
(122, 220)
(122, 222)
(122, 354)
(122, 227)
(122, 229)
(122, 367)
(122, 240)
(122, 250)
(122, 253)
(123, 385)
(123, 136)
(123, 269)
(123, 273)
(123, 149)
(123, 158)
(123, 291)
(123, 293)
(123, 294)
(123, 298)
(123, 305)
(123, 307)
(123, 308)
(123, 309)
(123, 219)
(123, 311)
(123, 184)
(123, 181)
(123, 198)
(123, 322)
(123, 324)
(123, 326)
(123, 327)
(123, 200)
(123, 204)
(123, 334)
(123, 337)
(123, 211)
(123, 218)
(123, 347)
(123, 221)
(123, 230)
(123, 232)
(123, 237)
(123, 240)
(123, 373)
(123, 250)
(123, 253)
(123, 255)
(124, 256)
(124, 388)
(124, 398)
(124, 272)
(124, 277)
(124, 154)
(124, 160)
(124, 289)
(124, 170)
(124, 172)
(124, 142)
(124, 314)
(124, 188)
(124, 319)
(124, 224)
(124, 323)
(124, 328)
(124, 340)
(124, 213)
(124, 216)
(124, 352)
(124, 360)
(124, 241)
(124, 242)
(124, 243)
(124, 244)
(124, 374)
(124, 381)
(124, 127)
(125, 130)
(125, 396)
(125, 141)
(125, 278)
(125, 280)
(125, 288)
(125, 284)
(125, 304)
(125, 177)
(125, 189)
(125, 201)
(125, 214)
(125, 357)
(125, 231)
(125, 377)
(125, 251)
(126, 129)
(126, 258)
(126, 131)
(126, 260)
(126, 133)
(126, 138)
(126, 274)
(126, 276)
(126, 279)
(126, 281)
(126, 292)
(126, 180)
(126, 183)
(126, 312)
(126, 202)
(126, 333)
(126, 205)
(126, 209)
(126, 215)
(126, 349)
(126, 351)
(126, 359)
(126, 362)
(126, 368)
(126, 372)
(126, 245)
(126, 376)
(126, 379)
(126, 252)
(127, 256)
(127, 263)
(127, 142)
(127, 143)
(127, 144)
(127, 148)
(127, 277)
(127, 282)
(127, 154)
(127, 160)
(127, 193)
(127, 172)
(127, 175)
(127, 310)
(127, 314)
(127, 319)
(127, 224)
(127, 323)
(127, 197)
(127, 212)
(127, 341)
(127, 228)
(127, 346)
(127, 186)
(127, 352)
(127, 356)
(127, 366)
(127, 241)
(127, 243)
(127, 170)
(127, 249)
(127, 380)
(127, 381)
(128, 384)
(128, 385)
(128, 171)
(128, 134)
(128, 392)
(128, 265)
(128, 139)
(128, 270)
(128, 271)
(128, 273)
(128, 149)
(128, 156)
(128, 157)
(128, 286)
(128, 162)
(128, 291)
(128, 165)
(128, 168)
(128, 298)
(128, 299)
(128, 300)
(128, 305)
(128, 313)
(128, 196)
(128, 198)
(128, 200)
(128, 330)
(128, 331)
(128, 204)
(128, 211)
(128, 217)
(128, 218)
(128, 220)
(128, 222)
(128, 136)
(128, 239)
(128, 240)
(128, 250)
(128, 253)
(129, 131)
(129, 133)
(129, 138)
(129, 267)
(129, 146)
(129, 276)
(129, 279)
(129, 281)
(129, 292)
(129, 202)
(129, 333)
(129, 351)
(129, 225)
(129, 359)
(129, 362)
(129, 274)
(129, 368)
(129, 372)
(129, 245)
(129, 376)
(129, 252)
(130, 396)
(130, 141)
(130, 278)
(130, 280)
(130, 239)
(130, 159)
(130, 288)
(130, 304)
(130, 177)
(130, 287)
(130, 189)
(130, 325)
(130, 201)
(130, 214)
(130, 229)
(130, 357)
(130, 231)
(130, 367)
(130, 377)
(130, 251)
(131, 258)
(131, 260)
(131, 133)
(131, 138)
(131, 150)
(131, 279)
(131, 281)
(131, 292)
(131, 180)
(131, 183)
(131, 312)
(131, 202)
(131, 333)
(131, 205)
(131, 209)
(131, 215)
(131, 349)
(131, 351)
(131, 359)
(131, 362)
(131, 372)
(131, 245)
(131, 376)
(131, 379)
(131, 252)
(132, 386)
(132, 397)
(132, 147)
(132, 151)
(132, 164)
(132, 295)
(132, 296)
(132, 297)
(132, 306)
(132, 179)
(132, 190)
(132, 321)
(132, 210)
(132, 339)
(132, 342)
(132, 350)
(132, 363)
(132, 365)
(133, 258)
(133, 260)
(133, 138)
(133, 272)
(133, 275)
(133, 281)
(133, 285)
(133, 289)
(133, 166)
(133, 174)
(133, 182)
(133, 183)
(133, 312)
(133, 351)
(133, 188)
(133, 161)
(133, 333)
(133, 215)
(133, 223)
(133, 355)
(133, 359)
(133, 233)
(133, 372)
(133, 245)
(133, 374)
(133, 375)
(133, 376)
(133, 252)
(133, 254)
(134, 384)
(134, 385)
(134, 136)
(134, 139)
(134, 268)
(134, 269)
(134, 273)
(134, 149)
(134, 155)
(134, 156)
(134, 291)
(134, 293)
(134, 294)
(134, 298)
(134, 171)
(134, 311)
(134, 184)
(134, 196)
(134, 200)
(134, 211)
(134, 219)
(134, 232)
(134, 237)
(134, 370)
(134, 250)
(135, 386)
(135, 387)
(135, 390)
(135, 263)
(135, 393)
(135, 140)
(135, 143)
(135, 144)
(135, 195)
(135, 148)
(135, 151)
(135, 152)
(135, 282)
(135, 290)
(135, 163)
(135, 164)
(135, 296)
(135, 172)
(135, 178)
(135, 175)
(135, 306)
(135, 243)
(135, 137)
(135, 186)
(135, 315)
(135, 317)
(135, 318)
(135, 193)
(135, 194)
(135, 323)
(135, 197)
(135, 329)
(135, 338)
(135, 339)
(135, 212)
(135, 341)
(135, 228)
(135, 356)
(135, 361)
(135, 366)
(135, 371)
(135, 190)
(135, 249)
(135, 380)
(136, 385)
(136, 265)
(136, 139)
(136, 268)
(136, 269)
(136, 273)
(136, 149)
(136, 155)
(136, 156)
(136, 291)
(136, 293)
(136, 294)
(136, 168)
(136, 298)
(136, 305)
(136, 308)
(136, 309)
(136, 219)
(136, 311)
(136, 184)
(136, 181)
(136, 198)
(136, 196)
(136, 326)
(136, 327)
(136, 200)
(136, 334)
(136, 211)
(136, 218)
(136, 347)
(136, 221)
(136, 230)
(136, 232)
(136, 237)
(136, 240)
(136, 370)
(136, 250)
(136, 253)
(136, 255)
(137, 257)
(137, 386)
(137, 387)
(137, 266)
(137, 397)
(137, 144)
(137, 148)
(137, 151)
(137, 152)
(137, 282)
(137, 290)
(137, 163)
(137, 164)
(137, 296)
(137, 178)
(137, 175)
(137, 306)
(137, 179)
(137, 318)
(137, 193)
(137, 195)
(137, 197)
(137, 329)
(137, 206)
(137, 339)
(137, 212)
(137, 341)
(137, 342)
(137, 228)
(137, 356)
(137, 361)
(137, 363)
(137, 371)
(137, 190)
(137, 380)
(138, 276)
(138, 281)
(138, 292)
(138, 174)
(138, 182)
(138, 312)
(138, 202)
(138, 333)
(138, 215)
(138, 351)
(138, 359)
(138, 362)
(138, 274)
(138, 372)
(138, 245)
(138, 376)
(138, 252)
(139, 384)
(139, 385)
(139, 265)
(139, 269)
(139, 271)
(139, 273)
(139, 171)
(139, 155)
(139, 156)
(139, 162)
(139, 291)
(139, 168)
(139, 298)
(139, 299)
(139, 300)
(139, 196)
(139, 200)
(139, 211)
(139, 250)
(139, 149)
(140, 192)
(140, 386)
(140, 259)
(140, 261)
(140, 390)
(140, 391)
(140, 264)
(140, 393)
(140, 397)
(140, 151)
(140, 164)
(140, 296)
(140, 301)
(140, 303)
(140, 178)
(140, 315)
(140, 318)
(140, 320)
(140, 199)
(140, 336)
(140, 339)
(140, 345)
(140, 226)
(140, 358)
(140, 364)
(140, 190)
(140, 247)
(141, 396)
(141, 271)
(141, 278)
(141, 239)
(141, 157)
(141, 286)
(141, 287)
(141, 288)
(141, 162)
(141, 299)
(141, 304)
(141, 177)
(141, 313)
(141, 159)
(141, 189)
(141, 325)
(141, 201)
(141, 214)
(141, 343)
(141, 229)
(141, 357)
(141, 231)
(141, 367)
(141, 377)
(141, 251)
(142, 256)
(142, 388)
(142, 263)
(142, 143)
(142, 272)
(142, 145)
(142, 277)
(142, 282)
(142, 154)
(142, 160)
(142, 170)
(142, 172)
(142, 175)
(142, 310)
(142, 314)
(142, 319)
(142, 224)
(142, 194)
(142, 323)
(142, 328)
(142, 340)
(142, 216)
(142, 346)
(142, 348)
(142, 186)
(142, 352)
(142, 228)
(142, 366)
(142, 241)
(142, 242)
(142, 243)
(142, 244)
(142, 249)
(142, 381)
(143, 256)
(143, 192)
(143, 263)
(143, 395)
(143, 145)
(143, 148)
(143, 282)
(143, 283)
(143, 160)
(143, 193)
(143, 172)
(143, 175)
(143, 314)
(143, 315)
(143, 317)
(143, 320)
(143, 224)
(143, 194)
(143, 323)
(143, 338)
(143, 212)
(143, 228)
(143, 346)
(143, 348)
(143, 186)
(143, 352)
(143, 356)
(143, 366)
(143, 241)
(143, 243)
(143, 248)
(143, 249)
(143, 170)
(144, 387)
(144, 266)
(144, 195)
(144, 148)
(144, 151)
(144, 152)
(144, 282)
(144, 290)
(144, 163)
(144, 164)
(144, 296)
(144, 172)
(144, 178)
(144, 175)
(144, 306)
(144, 310)
(144, 186)
(144, 315)
(144, 318)
(144, 193)
(144, 323)
(144, 197)
(144, 329)
(144, 206)
(144, 339)
(144, 212)
(144, 341)
(144, 228)
(144, 356)
(144, 361)
(144, 366)
(144, 371)
(144, 190)
(144, 249)
(144, 380)
(145, 256)
(145, 192)
(145, 258)
(145, 260)
(145, 263)
(145, 395)
(145, 150)
(145, 154)
(145, 283)
(145, 170)
(145, 183)
(145, 317)
(145, 320)
(145, 194)
(145, 323)
(145, 205)
(145, 335)
(145, 338)
(145, 346)
(145, 348)
(145, 349)
(145, 353)
(145, 241)
(145, 242)
(145, 243)
(145, 248)
(145, 249)
(145, 379)
(145, 383)
(146, 225)
(146, 292)
(146, 252)
(146, 267)
(146, 368)
(146, 274)
(146, 372)
(146, 279)
(146, 280)
(146, 276)
(146, 378)
(146, 284)
(147, 321)
(147, 386)
(147, 199)
(147, 297)
(147, 363)
(147, 365)
(147, 226)
(147, 397)
(147, 399)
(147, 167)
(147, 382)
(148, 256)
(148, 387)
(148, 263)
(148, 266)
(148, 195)
(148, 152)
(148, 282)
(148, 160)
(148, 290)
(148, 163)
(148, 296)
(148, 193)
(148, 172)
(148, 178)
(148, 175)
(148, 306)
(148, 243)
(148, 310)
(148, 314)
(148, 315)
(148, 317)
(148, 318)
(148, 224)
(148, 194)
(148, 323)
(148, 197)
(148, 329)
(148, 338)
(148, 339)
(148, 212)
(148, 341)
(148, 228)
(148, 186)
(148, 352)
(148, 356)
(148, 361)
(148, 366)
(148, 371)
(148, 190)
(148, 249)
(148, 380)
(149, 384)
(149, 385)
(149, 265)
(149, 269)
(149, 273)
(149, 156)
(149, 291)
(149, 293)
(149, 168)
(149, 298)
(149, 171)
(149, 173)
(149, 305)
(149, 308)
(149, 309)
(149, 311)
(149, 184)
(149, 181)
(149, 198)
(149, 322)
(149, 196)
(149, 326)
(149, 327)
(149, 200)
(149, 330)
(149, 331)
(149, 204)
(149, 211)
(149, 217)
(149, 218)
(149, 222)
(149, 165)
(149, 230)
(149, 232)
(149, 237)
(149, 240)
(149, 373)
(149, 250)
(149, 253)
(149, 255)
(150, 256)
(150, 258)
(150, 388)
(150, 395)
(150, 272)
(150, 281)
(150, 260)
(150, 154)
(150, 283)
(150, 289)
(150, 170)
(150, 183)
(150, 312)
(150, 188)
(150, 194)
(150, 333)
(150, 205)
(150, 338)
(150, 340)
(150, 215)
(150, 346)
(150, 348)
(150, 349)
(150, 355)
(150, 241)
(150, 242)
(150, 248)
(150, 379)
(150, 383)
(151, 386)
(151, 387)
(151, 390)
(151, 193)
(151, 393)
(151, 397)
(151, 152)
(151, 164)
(151, 296)
(151, 306)
(151, 178)
(151, 315)
(151, 190)
(151, 321)
(151, 339)
(151, 341)
(151, 342)
(151, 226)
(151, 358)
(151, 361)
(151, 363)
(151, 318)
(151, 247)
(152, 257)
(152, 386)
(152, 387)
(152, 266)
(152, 397)
(152, 282)
(152, 290)
(152, 163)
(152, 164)
(152, 296)
(152, 178)
(152, 306)
(152, 179)
(152, 318)
(152, 193)
(152, 195)
(152, 197)
(152, 329)
(152, 206)
(152, 339)
(152, 212)
(152, 341)
(152, 342)
(152, 350)
(152, 356)
(152, 361)
(152, 363)
(152, 371)
(152, 190)
(152, 380)
(153, 392)
(153, 267)
(153, 396)
(153, 279)
(153, 239)
(153, 284)
(153, 157)
(153, 286)
(153, 287)
(153, 176)
(153, 313)
(153, 187)
(153, 325)
(153, 201)
(153, 209)
(153, 343)
(153, 220)
(153, 225)
(153, 227)
(153, 367)
(153, 368)
(153, 369)
(153, 246)
(153, 377)
(154, 256)
(154, 258)
(154, 388)
(154, 398)
(154, 272)
(154, 277)
(154, 260)
(154, 285)
(154, 289)
(154, 170)
(154, 183)
(154, 188)
(154, 319)
(154, 224)
(154, 323)
(154, 328)
(154, 340)
(154, 213)
(154, 216)
(154, 346)
(154, 348)
(154, 223)
(154, 352)
(154, 355)
(154, 360)
(154, 241)
(154, 242)
(154, 243)
(154, 244)
(154, 374)
(154, 381)
(155, 385)
(155, 268)
(155, 269)
(155, 273)
(155, 291)
(155, 293)
(155, 294)
(155, 311)
(155, 184)
(155, 347)
(155, 200)
(155, 332)
(155, 208)
(155, 211)
(155, 219)
(155, 232)
(155, 237)
(155, 370)
(155, 250)
(156, 384)
(156, 385)
(156, 392)
(156, 265)
(156, 271)
(156, 273)
(156, 171)
(156, 157)
(156, 162)
(156, 291)
(156, 168)
(156, 298)
(156, 299)
(156, 300)
(156, 313)
(156, 196)
(156, 200)
(156, 211)
(156, 220)
(156, 250)
(157, 171)
(157, 392)
(157, 265)
(157, 396)
(157, 270)
(157, 271)
(157, 239)
(157, 286)
(157, 287)
(157, 288)
(157, 162)
(157, 168)
(157, 299)
(157, 300)
(157, 176)
(157, 313)
(157, 187)
(157, 196)
(157, 325)
(157, 331)
(157, 214)
(157, 343)
(157, 220)
(157, 159)
(157, 227)
(157, 229)
(157, 367)
(157, 246)
(157, 377)
(158, 399)
(158, 294)
(158, 167)
(158, 169)
(158, 301)
(158, 307)
(158, 309)
(158, 316)
(158, 324)
(158, 326)
(158, 334)
(158, 337)
(158, 185)
(158, 344)
(158, 347)
(158, 221)
(158, 230)
(158, 235)
(158, 382)
(159, 299)
(159, 396)
(159, 271)
(159, 286)
(159, 288)
(159, 162)
(159, 171)
(159, 300)
(159, 177)
(159, 313)
(159, 325)
(159, 239)
(159, 214)
(159, 229)
(159, 231)
(159, 367)
(160, 256)
(160, 263)
(160, 277)
(160, 282)
(160, 163)
(160, 170)
(160, 172)
(160, 175)
(160, 310)
(160, 186)
(160, 319)
(160, 224)
(160, 323)
(160, 197)
(160, 212)
(160, 228)
(160, 314)
(160, 352)
(160, 356)
(160, 366)
(160, 243)
(160, 380)
(161, 275)
(161, 285)
(161, 166)
(161, 174)
(161, 182)
(161, 188)
(161, 191)
(161, 375)
(161, 223)
(161, 355)
(161, 360)
(161, 233)
(161, 236)
(161, 238)
(161, 374)
(161, 254)
(162, 384)
(162, 171)
(162, 392)
(162, 265)
(162, 396)
(162, 270)
(162, 271)
(162, 239)
(162, 286)
(162, 287)
(162, 288)
(162, 168)
(162, 299)
(162, 300)
(162, 176)
(162, 313)
(162, 187)
(162, 196)
(162, 325)
(162, 214)
(162, 343)
(162, 220)
(162, 227)
(162, 229)
(162, 367)
(162, 377)
(163, 257)
(163, 387)
(163, 266)
(163, 282)
(163, 290)
(163, 172)
(163, 175)
(163, 306)
(163, 310)
(163, 314)
(163, 190)
(163, 193)
(163, 195)
(163, 197)
(163, 329)
(163, 206)
(163, 212)
(163, 341)
(163, 228)
(163, 186)
(163, 356)
(163, 361)
(163, 366)
(163, 371)
(163, 380)
(164, 386)
(164, 387)
(164, 390)
(164, 193)
(164, 393)
(164, 397)
(164, 259)
(164, 296)
(164, 178)
(164, 303)
(164, 306)
(164, 315)
(164, 190)
(164, 321)
(164, 339)
(164, 341)
(164, 342)
(164, 226)
(164, 358)
(164, 361)
(164, 363)
(164, 318)
(164, 247)
(165, 261)
(165, 262)
(165, 392)
(165, 265)
(165, 394)
(165, 270)
(165, 217)
(165, 168)
(165, 298)
(165, 173)
(165, 302)
(165, 305)
(165, 308)
(165, 322)
(165, 203)
(165, 196)
(165, 198)
(165, 330)
(165, 331)
(165, 204)
(165, 336)
(165, 345)
(165, 218)
(165, 220)
(165, 222)
(165, 353)
(165, 354)
(165, 227)
(165, 234)
(165, 364)
(165, 240)
(165, 373)
(165, 253)
(166, 398)
(166, 275)
(166, 285)
(166, 289)
(166, 174)
(166, 182)
(166, 188)
(166, 191)
(166, 328)
(166, 213)
(166, 223)
(166, 355)
(166, 360)
(166, 233)
(166, 236)
(166, 238)
(166, 374)
(166, 375)
(166, 254)
(167, 264)
(167, 399)
(167, 169)
(167, 301)
(167, 316)
(167, 321)
(167, 324)
(167, 199)
(167, 337)
(167, 344)
(167, 226)
(167, 235)
(167, 365)
(167, 382)
(168, 384)
(168, 385)
(168, 171)
(168, 392)
(168, 265)
(168, 270)
(168, 271)
(168, 273)
(168, 286)
(168, 291)
(168, 298)
(168, 299)
(168, 300)
(168, 173)
(168, 305)
(168, 308)
(168, 313)
(168, 322)
(168, 196)
(168, 198)
(168, 327)
(168, 200)
(168, 330)
(168, 331)
(168, 204)
(168, 211)
(168, 217)
(168, 218)
(168, 220)
(168, 222)
(168, 237)
(168, 240)
(168, 250)
(168, 253)
(168, 255)
(169, 264)
(169, 399)
(169, 301)
(169, 307)
(169, 185)
(169, 316)
(169, 324)
(169, 199)
(169, 337)
(169, 344)
(169, 221)
(169, 226)
(169, 235)
(169, 365)
(169, 382)
(170, 256)
(170, 258)
(170, 388)
(170, 263)
(170, 395)
(170, 272)
(170, 277)
(170, 282)
(170, 283)
(170, 172)
(170, 175)
(170, 186)
(170, 317)
(170, 319)
(170, 224)
(170, 194)
(170, 323)
(170, 205)
(170, 338)
(170, 340)
(170, 346)
(170, 348)
(170, 349)
(170, 352)
(170, 366)
(170, 241)
(170, 242)
(170, 243)
(170, 249)
(170, 381)
(171, 384)
(171, 385)
(171, 392)
(171, 265)
(171, 271)
(171, 273)
(171, 239)
(171, 286)
(171, 291)
(171, 298)
(171, 299)
(171, 300)
(171, 313)
(171, 196)
(171, 200)
(171, 211)
(171, 220)
(171, 229)
(171, 367)
(171, 250)
(172, 256)
(172, 263)
(172, 277)
(172, 282)
(172, 193)
(172, 175)
(172, 371)
(172, 310)
(172, 314)
(172, 317)
(172, 319)
(172, 224)
(172, 194)
(172, 323)
(172, 197)
(172, 338)
(172, 212)
(172, 341)
(172, 228)
(172, 346)
(172, 186)
(172, 352)
(172, 356)
(172, 366)
(172, 241)
(172, 243)
(172, 249)
(172, 380)
(173, 259)
(173, 261)
(173, 262)
(173, 391)
(173, 394)
(173, 270)
(173, 217)
(173, 302)
(173, 303)
(173, 305)
(173, 308)
(173, 181)
(173, 322)
(173, 203)
(173, 198)
(173, 327)
(173, 330)
(173, 331)
(173, 204)
(173, 335)
(173, 336)
(173, 345)
(173, 218)
(173, 222)
(173, 353)
(173, 354)
(173, 234)
(173, 364)
(173, 240)
(173, 373)
(173, 247)
(173, 253)
(173, 255)
(174, 275)
(174, 281)
(174, 289)
(174, 285)
(174, 182)
(174, 312)
(174, 351)
(174, 188)
(174, 191)
(174, 215)
(174, 223)
(174, 355)
(174, 359)
(174, 233)
(174, 236)
(174, 245)
(174, 374)
(174, 375)
(174, 376)
(174, 254)
(175, 256)
(175, 387)
(175, 263)
(175, 195)
(175, 277)
(175, 282)
(175, 290)
(175, 193)
(175, 371)
(175, 310)
(175, 314)
(175, 224)
(175, 323)
(175, 197)
(175, 329)
(175, 212)
(175, 341)
(175, 228)
(175, 186)
(175, 352)
(175, 356)
(175, 361)
(175, 366)
(175, 243)
(175, 249)
(175, 380)
(176, 392)
(176, 396)
(176, 270)
(176, 271)
(176, 239)
(176, 286)
(176, 287)
(176, 288)
(176, 299)
(176, 313)
(176, 187)
(176, 325)
(176, 331)
(176, 209)
(176, 214)
(176, 343)
(176, 220)
(176, 354)
(176, 227)
(176, 229)
(176, 367)
(176, 369)
(176, 246)
(176, 377)
(177, 396)
(177, 239)
(177, 278)
(177, 280)
(177, 284)
(177, 287)
(177, 288)
(177, 304)
(177, 189)
(177, 325)
(177, 201)
(177, 214)
(177, 229)
(177, 357)
(177, 231)
(177, 367)
(177, 377)
(177, 251)
(178, 386)
(178, 259)
(178, 390)
(178, 263)
(178, 393)
(178, 397)
(178, 282)
(178, 296)
(178, 391)
(178, 303)
(178, 306)
(178, 315)
(178, 317)
(178, 318)
(178, 320)
(178, 193)
(178, 338)
(178, 339)
(178, 212)
(178, 341)
(178, 358)
(178, 361)
(178, 363)
(178, 190)
(178, 247)
(178, 249)
(179, 257)
(179, 387)
(179, 266)
(179, 397)
(179, 290)
(179, 295)
(179, 297)
(179, 306)
(179, 195)
(179, 329)
(179, 206)
(179, 207)
(179, 210)
(179, 339)
(179, 342)
(179, 350)
(179, 361)
(179, 363)
(180, 258)
(180, 262)
(180, 394)
(180, 395)
(180, 302)
(180, 202)
(180, 203)
(180, 205)
(180, 333)
(180, 209)
(180, 335)
(180, 349)
(180, 353)
(180, 354)
(180, 362)
(180, 248)
(180, 379)
(180, 383)
(181, 385)
(181, 261)
(181, 264)
(181, 273)
(181, 291)
(181, 293)
(181, 298)
(181, 301)
(181, 305)
(181, 308)
(181, 309)
(181, 311)
(181, 198)
(181, 322)
(181, 324)
(181, 326)
(181, 327)
(181, 330)
(181, 204)
(181, 334)
(181, 336)
(181, 337)
(181, 218)
(181, 221)
(181, 222)
(181, 230)
(181, 364)
(181, 237)
(181, 240)
(181, 373)
(181, 253)
(181, 255)
(182, 275)
(182, 281)
(182, 285)
(182, 312)
(182, 351)
(182, 215)
(182, 223)
(182, 355)
(182, 359)
(182, 233)
(182, 236)
(182, 245)
(182, 375)
(182, 376)
(182, 254)
(183, 258)
(183, 388)
(183, 272)
(183, 281)
(183, 260)
(183, 285)
(183, 289)
(183, 312)
(183, 223)
(183, 188)
(183, 328)
(183, 202)
(183, 333)
(183, 205)
(183, 340)
(183, 215)
(183, 348)
(183, 349)
(183, 351)
(183, 355)
(183, 233)
(183, 241)
(183, 242)
(183, 244)
(183, 245)
(183, 374)
(183, 376)
(183, 379)
(184, 385)
(184, 268)
(184, 269)
(184, 273)
(184, 291)
(184, 293)
(184, 294)
(184, 298)
(184, 309)
(184, 311)
(184, 347)
(184, 327)
(184, 200)
(184, 332)
(184, 334)
(184, 208)
(184, 211)
(184, 219)
(184, 230)
(184, 232)
(184, 237)
(184, 370)
(184, 250)
(185, 389)
(185, 347)
(185, 294)
(185, 307)
(185, 309)
(185, 316)
(185, 324)
(185, 326)
(185, 332)
(185, 334)
(185, 208)
(185, 344)
(185, 219)
(185, 221)
(185, 230)
(185, 235)
(186, 256)
(186, 263)
(186, 277)
(186, 282)
(186, 193)
(186, 371)
(186, 310)
(186, 314)
(186, 317)
(186, 224)
(186, 194)
(186, 323)
(186, 197)
(186, 338)
(186, 212)
(186, 341)
(186, 228)
(186, 346)
(186, 352)
(186, 356)
(186, 361)
(186, 366)
(186, 241)
(186, 243)
(186, 249)
(186, 380)
(187, 392)
(187, 396)
(187, 270)
(187, 239)
(187, 284)
(187, 286)
(187, 287)
(187, 288)
(187, 313)
(187, 325)
(187, 201)
(187, 209)
(187, 214)
(187, 343)
(187, 220)
(187, 354)
(187, 227)
(187, 229)
(187, 367)
(187, 368)
(187, 369)
(187, 246)
(187, 377)
(188, 258)
(188, 388)
(188, 398)
(188, 272)
(188, 275)
(188, 281)
(188, 260)
(188, 285)
(188, 289)
(188, 312)
(188, 319)
(188, 328)
(188, 340)
(188, 213)
(188, 215)
(188, 216)
(188, 223)
(188, 355)
(188, 360)
(188, 233)
(188, 236)
(188, 238)
(188, 242)
(188, 244)
(188, 374)
(188, 375)
(188, 191)
(188, 381)
(188, 254)
(189, 396)
(189, 278)
(189, 280)
(189, 288)
(189, 304)
(189, 201)
(189, 214)
(189, 357)
(189, 231)
(189, 377)
(189, 251)
(190, 386)
(190, 387)
(190, 390)
(190, 266)
(190, 397)
(190, 282)
(190, 290)
(190, 296)
(190, 306)
(190, 315)
(190, 318)
(190, 193)
(190, 195)
(190, 197)
(190, 329)
(190, 206)
(190, 339)
(190, 212)
(190, 341)
(190, 342)
(190, 356)
(190, 358)
(190, 361)
(190, 363)
(190, 371)
(190, 249)
(190, 380)
(191, 398)
(191, 275)
(191, 285)
(191, 289)
(191, 328)
(191, 213)
(191, 223)
(191, 355)
(191, 360)
(191, 233)
(191, 236)
(191, 238)
(191, 244)
(191, 374)
(191, 375)
(191, 254)
(192, 259)
(192, 261)
(192, 262)
(192, 391)
(192, 393)
(192, 394)
(192, 395)
(192, 283)
(192, 390)
(192, 263)
(192, 303)
(192, 315)
(192, 317)
(192, 320)
(192, 194)
(192, 203)
(192, 205)
(192, 335)
(192, 336)
(192, 338)
(192, 345)
(192, 346)
(192, 348)
(192, 353)
(192, 234)
(192, 364)
(192, 248)
(192, 249)
(192, 379)
(192, 383)
(193, 387)
(193, 390)
(193, 263)
(193, 266)
(193, 195)
(193, 282)
(193, 290)
(193, 296)
(193, 306)
(193, 243)
(193, 310)
(193, 315)
(193, 317)
(193, 318)
(193, 194)
(193, 323)
(193, 197)
(193, 329)
(193, 338)
(193, 339)
(193, 212)
(193, 341)
(193, 228)
(193, 352)
(193, 356)
(193, 361)
(193, 366)
(193, 371)
(193, 249)
(193, 380)
(194, 256)
(194, 263)
(194, 395)
(194, 282)
(194, 283)
(194, 315)
(194, 317)
(194, 320)
(194, 323)
(194, 205)
(194, 335)
(194, 338)
(194, 212)
(194, 346)
(194, 348)
(194, 349)
(194, 353)
(194, 366)
(194, 241)
(194, 243)
(194, 248)
(194, 249)
(194, 383)
(195, 257)
(195, 387)
(195, 282)
(195, 290)
(195, 306)
(195, 310)
(195, 266)
(195, 197)
(195, 329)
(195, 206)
(195, 339)
(195, 212)
(195, 341)
(195, 228)
(195, 356)
(195, 361)
(195, 366)
(195, 371)
(195, 380)
(196, 384)
(196, 385)
(196, 392)
(196, 265)
(196, 270)
(196, 271)
(196, 273)
(196, 291)
(196, 298)
(196, 299)
(196, 300)
(196, 305)
(196, 308)
(196, 311)
(196, 313)
(196, 322)
(196, 198)
(196, 327)
(196, 200)
(196, 330)
(196, 331)
(196, 204)
(196, 211)
(196, 217)
(196, 218)
(196, 220)
(196, 222)
(196, 237)
(196, 240)
(196, 250)
(196, 253)
(196, 255)
(197, 387)
(197, 266)
(197, 282)
(197, 290)
(197, 306)
(197, 371)
(197, 310)
(197, 314)
(197, 224)
(197, 323)
(197, 329)
(197, 212)
(197, 341)
(197, 228)
(197, 352)
(197, 356)
(197, 361)
(197, 366)
(197, 243)
(197, 249)
(197, 380)
(198, 385)
(198, 261)
(198, 265)
(198, 273)
(198, 291)
(198, 293)
(198, 298)
(198, 305)
(198, 308)
(198, 309)
(198, 311)
(198, 322)
(198, 326)
(198, 327)
(198, 200)
(198, 330)
(198, 331)
(198, 204)
(198, 336)
(198, 211)
(198, 217)
(198, 218)
(198, 222)
(198, 230)
(198, 234)
(198, 364)
(198, 237)
(198, 240)
(198, 373)
(198, 250)
(198, 253)
(198, 255)
(199, 386)
(199, 264)
(199, 393)
(199, 397)
(199, 399)
(199, 301)
(199, 321)
(199, 337)
(199, 344)
(199, 226)
(199, 358)
(199, 235)
(199, 365)
(199, 247)
(199, 382)
(200, 384)
(200, 385)
(200, 265)
(200, 268)
(200, 269)
(200, 273)
(200, 291)
(200, 293)
(200, 294)
(200, 298)
(200, 300)
(200, 305)
(200, 311)
(200, 327)
(200, 211)
(200, 218)
(200, 232)
(200, 237)
(200, 370)
(200, 250)
(200, 253)
(200, 255)
(201, 267)
(201, 396)
(201, 278)
(201, 280)
(201, 287)
(201, 288)
(201, 284)
(201, 304)
(201, 325)
(201, 225)
(201, 357)
(201, 231)
(201, 369)
(201, 377)
(201, 378)
(201, 251)
(202, 258)
(202, 260)
(202, 274)
(202, 276)
(202, 279)
(202, 281)
(202, 292)
(202, 312)
(202, 333)
(202, 205)
(202, 209)
(202, 215)
(202, 349)
(202, 351)
(202, 225)
(202, 359)
(202, 362)
(202, 368)
(202, 369)
(202, 372)
(202, 245)
(202, 376)
(202, 379)
(202, 252)
(203, 259)
(203, 261)
(203, 262)
(203, 391)
(203, 394)
(203, 395)
(203, 217)
(203, 283)
(203, 302)
(203, 303)
(203, 320)
(203, 322)
(203, 330)
(203, 331)
(203, 204)
(203, 335)
(203, 336)
(203, 345)
(203, 222)
(203, 353)
(203, 354)
(203, 234)
(203, 364)
(203, 373)
(203, 248)
(203, 379)
(203, 383)
(204, 385)
(204, 261)
(204, 265)
(204, 394)
(204, 270)
(204, 217)
(204, 298)
(204, 302)
(204, 305)
(204, 308)
(204, 322)
(204, 326)
(204, 327)
(204, 330)
(204, 331)
(204, 336)
(204, 345)
(204, 218)
(204, 222)
(204, 354)
(204, 234)
(204, 364)
(204, 240)
(204, 373)
(204, 253)
(204, 255)
(205, 258)
(205, 260)
(205, 262)
(205, 395)
(205, 283)
(205, 312)
(205, 333)
(205, 338)
(205, 215)
(205, 346)
(205, 348)
(205, 349)
(205, 241)
(205, 242)
(205, 248)
(205, 379)
(205, 383)
(206, 257)
(206, 387)
(206, 266)
(206, 290)
(206, 295)
(206, 297)
(206, 306)
(206, 329)
(206, 207)
(206, 210)
(206, 341)
(206, 342)
(206, 350)
(206, 361)
(206, 363)
(206, 371)
(206, 380)
(207, 257)
(207, 295)
(207, 297)
(207, 266)
(207, 210)
(207, 306)
(207, 342)
(207, 350)
(208, 389)
(208, 268)
(208, 269)
(208, 273)
(208, 347)
(208, 293)
(208, 294)
(208, 307)
(208, 309)
(208, 311)
(208, 332)
(208, 334)
(208, 219)
(208, 221)
(208, 230)
(208, 232)
(208, 237)
(208, 370)
(209, 267)
(209, 274)
(209, 279)
(209, 292)
(209, 333)
(209, 343)
(209, 225)
(209, 227)
(209, 362)
(209, 368)
(209, 369)
(209, 246)
(209, 252)
(210, 321)
(210, 295)
(210, 297)
(210, 363)
(210, 257)
(210, 397)
(210, 306)
(210, 342)
(210, 350)
(211, 384)
(211, 385)
(211, 265)
(211, 268)
(211, 269)
(211, 273)
(211, 291)
(211, 293)
(211, 298)
(211, 299)
(211, 300)
(211, 305)
(211, 311)
(211, 327)
(211, 218)
(211, 232)
(211, 237)
(211, 250)
(211, 255)
(212, 256)
(212, 387)
(212, 263)
(212, 266)
(212, 282)
(212, 290)
(212, 296)
(212, 243)
(212, 310)
(212, 314)
(212, 315)
(212, 317)
(212, 318)
(212, 224)
(212, 323)
(212, 329)
(212, 338)
(212, 339)
(212, 341)
(212, 228)
(212, 352)
(212, 356)
(212, 361)
(212, 366)
(212, 371)
(212, 249)
(212, 380)
(213, 388)
(213, 398)
(213, 272)
(213, 275)
(213, 285)
(213, 289)
(213, 319)
(213, 328)
(213, 340)
(213, 216)
(213, 223)
(213, 355)
(213, 360)
(213, 233)
(213, 236)
(213, 238)
(213, 242)
(213, 244)
(213, 374)
(213, 381)
(214, 392)
(214, 396)
(214, 271)
(214, 239)
(214, 286)
(214, 287)
(214, 288)
(214, 299)
(214, 300)
(214, 304)
(214, 313)
(214, 325)
(214, 343)
(214, 220)
(214, 229)
(214, 357)
(214, 231)
(214, 367)
(214, 377)
(214, 251)
(215, 258)
(215, 388)
(215, 272)
(215, 281)
(215, 260)
(215, 285)
(215, 289)
(215, 312)
(215, 351)
(215, 333)
(215, 349)
(215, 223)
(215, 355)
(215, 359)
(215, 233)
(215, 362)
(215, 242)
(215, 245)
(215, 374)
(215, 376)
(215, 379)
(216, 388)
(216, 398)
(216, 272)
(216, 277)
(216, 285)
(216, 289)
(216, 319)
(216, 224)
(216, 328)
(216, 340)
(216, 223)
(216, 352)
(216, 360)
(216, 238)
(216, 242)
(216, 244)
(216, 374)
(216, 381)
(217, 261)
(217, 262)
(217, 392)
(217, 265)
(217, 394)
(217, 270)
(217, 302)
(217, 305)
(217, 308)
(217, 322)
(217, 330)
(217, 331)
(217, 335)
(217, 336)
(217, 345)
(217, 218)
(217, 222)
(217, 353)
(217, 354)
(217, 227)
(217, 234)
(217, 364)
(217, 240)
(217, 373)
(217, 253)
(218, 385)
(218, 265)
(218, 269)
(218, 273)
(218, 291)
(218, 293)
(218, 294)
(218, 298)
(218, 305)
(218, 308)
(218, 309)
(218, 311)
(218, 322)
(218, 324)
(218, 326)
(218, 327)
(218, 330)
(218, 334)
(218, 221)
(218, 222)
(218, 230)
(218, 237)
(218, 240)
(218, 373)
(218, 250)
(218, 253)
(218, 255)
(219, 389)
(219, 268)
(219, 269)
(219, 273)
(219, 291)
(219, 293)
(219, 294)
(219, 307)
(219, 309)
(219, 311)
(219, 324)
(219, 332)
(219, 334)
(219, 347)
(219, 221)
(219, 230)
(219, 232)
(219, 237)
(219, 370)
(220, 392)
(220, 265)
(220, 396)
(220, 270)
(220, 271)
(220, 239)
(220, 286)
(220, 287)
(220, 288)
(220, 299)
(220, 313)
(220, 325)
(220, 331)
(220, 343)
(220, 354)
(220, 227)
(220, 229)
(220, 367)
(220, 246)
(220, 377)
(221, 399)
(221, 293)
(221, 294)
(221, 301)
(221, 305)
(221, 307)
(221, 309)
(221, 311)
(221, 316)
(221, 324)
(221, 326)
(221, 327)
(221, 334)
(221, 337)
(221, 344)
(221, 347)
(221, 230)
(221, 235)
(221, 237)
(221, 382)
(221, 255)
(222, 261)
(222, 262)
(222, 265)
(222, 394)
(222, 270)
(222, 298)
(222, 302)
(222, 305)
(222, 308)
(222, 322)
(222, 330)
(222, 331)
(222, 335)
(222, 336)
(222, 345)
(222, 353)
(222, 354)
(222, 234)
(222, 364)
(222, 240)
(222, 373)
(222, 253)
(222, 255)
(223, 388)
(223, 398)
(223, 272)
(223, 275)
(223, 285)
(223, 289)
(223, 312)
(223, 328)
(223, 340)
(223, 355)
(223, 360)
(223, 233)
(223, 236)
(223, 238)
(223, 242)
(223, 244)
(223, 374)
(223, 375)
(223, 381)
(223, 254)
(224, 256)
(224, 263)
(224, 277)
(224, 282)
(224, 310)
(224, 314)
(224, 319)
(224, 323)
(224, 340)
(224, 228)
(224, 346)
(224, 352)
(224, 356)
(224, 366)
(224, 241)
(224, 243)
(224, 249)
(224, 380)
(224, 381)
(225, 267)
(225, 276)
(225, 279)
(225, 280)
(225, 284)
(225, 292)
(225, 362)
(225, 274)
(225, 368)
(225, 369)
(225, 372)
(225, 246)
(225, 378)
(225, 252)
(226, 386)
(226, 259)
(226, 390)
(226, 391)
(226, 264)
(226, 393)
(226, 397)
(226, 296)
(226, 301)
(226, 303)
(226, 321)
(226, 337)
(226, 344)
(226, 399)
(226, 358)
(226, 365)
(226, 247)
(226, 382)
(227, 392)
(227, 270)
(227, 239)
(227, 286)
(227, 287)
(227, 302)
(227, 313)
(227, 325)
(227, 396)
(227, 331)
(227, 343)
(227, 354)
(227, 229)
(227, 367)
(227, 368)
(227, 369)
(227, 246)
(227, 377)
(228, 387)
(228, 263)
(228, 277)
(228, 282)
(228, 290)
(228, 371)
(228, 310)
(228, 314)
(228, 323)
(228, 329)
(228, 341)
(228, 352)
(228, 356)
(228, 361)
(228, 366)
(228, 243)
(228, 249)
(228, 380)
(229, 392)
(229, 396)
(229, 239)
(229, 286)
(229, 287)
(229, 288)
(229, 299)
(229, 300)
(229, 304)
(229, 313)
(229, 325)
(229, 343)
(229, 271)
(229, 231)
(229, 367)
(229, 377)
(230, 385)
(230, 269)
(230, 273)
(230, 291)
(230, 293)
(230, 294)
(230, 305)
(230, 307)
(230, 308)
(230, 309)
(230, 311)
(230, 316)
(230, 324)
(230, 326)
(230, 327)
(230, 332)
(230, 334)
(230, 337)
(230, 344)
(230, 347)
(230, 232)
(230, 237)
(230, 370)
(230, 255)
(231, 239)
(231, 278)
(231, 280)
(231, 287)
(231, 288)
(231, 304)
(231, 325)
(231, 396)
(231, 357)
(231, 367)
(231, 377)
(231, 251)
(232, 385)
(232, 268)
(232, 269)
(232, 273)
(232, 291)
(232, 293)
(232, 294)
(232, 298)
(232, 309)
(232, 311)
(232, 327)
(232, 332)
(232, 347)
(232, 237)
(232, 370)
(232, 250)
(233, 388)
(233, 398)
(233, 272)
(233, 275)
(233, 281)
(233, 260)
(233, 285)
(233, 289)
(233, 312)
(233, 328)
(233, 351)
(233, 355)
(233, 360)
(233, 236)
(233, 238)
(233, 242)
(233, 244)
(233, 245)
(233, 374)
(233, 375)
(233, 254)
(234, 259)
(234, 261)
(234, 262)
(234, 391)
(234, 394)
(234, 270)
(234, 302)
(234, 303)
(234, 308)
(234, 320)
(234, 322)
(234, 330)
(234, 331)
(234, 335)
(234, 336)
(234, 345)
(234, 353)
(234, 354)
(234, 364)
(234, 240)
(234, 373)
(234, 248)
(234, 253)
(234, 383)
(235, 264)
(235, 399)
(235, 301)
(235, 307)
(235, 316)
(235, 324)
(235, 337)
(235, 334)
(235, 344)
(235, 365)
(235, 382)
(236, 398)
(236, 275)
(236, 285)
(236, 289)
(236, 355)
(236, 360)
(236, 238)
(236, 374)
(236, 375)
(236, 254)
(237, 385)
(237, 268)
(237, 269)
(237, 273)
(237, 291)
(237, 293)
(237, 294)
(237, 298)
(237, 305)
(237, 308)
(237, 309)
(237, 311)
(237, 324)
(237, 326)
(237, 327)
(237, 334)
(237, 347)
(237, 240)
(237, 370)
(237, 250)
(237, 253)
(237, 255)
(238, 388)
(238, 398)
(238, 275)
(238, 285)
(238, 289)
(238, 328)
(238, 340)
(238, 355)
(238, 360)
(238, 244)
(238, 374)
(238, 381)
(239, 392)
(239, 265)
(239, 396)
(239, 270)
(239, 271)
(239, 286)
(239, 287)
(239, 288)
(239, 299)
(239, 300)
(239, 304)
(239, 313)
(239, 325)
(239, 343)
(239, 367)
(239, 246)
(239, 377)
(240, 385)
(240, 261)
(240, 265)
(240, 394)
(240, 270)
(240, 298)
(240, 302)
(240, 305)
(240, 308)
(240, 309)
(240, 311)
(240, 322)
(240, 326)
(240, 327)
(240, 330)
(240, 331)
(240, 336)
(240, 345)
(240, 354)
(240, 364)
(240, 373)
(240, 253)
(240, 255)
(241, 256)
(241, 258)
(241, 388)
(241, 263)
(241, 395)
(241, 272)
(241, 277)
(241, 260)
(241, 282)
(241, 283)
(241, 317)
(241, 319)
(241, 320)
(241, 323)
(241, 338)
(241, 340)
(241, 346)
(241, 348)
(241, 349)
(241, 352)
(241, 366)
(241, 242)
(241, 243)
(241, 248)
(241, 249)
(241, 381)
(242, 256)
(242, 258)
(242, 388)
(242, 398)
(242, 272)
(242, 277)
(242, 260)
(242, 285)
(242, 289)
(242, 312)
(242, 319)
(242, 328)
(242, 340)
(242, 346)
(242, 348)
(242, 349)
(242, 355)
(242, 360)
(242, 244)
(242, 374)
(242, 381)
(243, 256)
(243, 263)
(243, 277)
(243, 282)
(243, 310)
(243, 314)
(243, 317)
(243, 319)
(243, 323)
(243, 338)
(243, 340)
(243, 346)
(243, 348)
(243, 352)
(243, 356)
(243, 366)
(243, 249)
(243, 380)
(243, 381)
(244, 388)
(244, 398)
(244, 272)
(244, 275)
(244, 277)
(244, 285)
(244, 289)
(244, 319)
(244, 328)
(244, 340)
(244, 355)
(244, 360)
(244, 374)
(244, 381)
(245, 260)
(245, 276)
(245, 281)
(245, 292)
(245, 312)
(245, 333)
(245, 351)
(245, 355)
(245, 359)
(245, 362)
(245, 274)
(245, 372)
(245, 376)
(245, 252)
(245, 254)
(246, 392)
(246, 267)
(246, 396)
(246, 270)
(246, 279)
(246, 284)
(246, 286)
(246, 287)
(246, 313)
(246, 325)
(246, 343)
(246, 354)
(246, 367)
(246, 368)
(246, 369)
(246, 377)
(247, 386)
(247, 259)
(247, 261)
(247, 390)
(247, 391)
(247, 264)
(247, 393)
(247, 296)
(247, 301)
(247, 303)
(247, 315)
(247, 318)
(247, 320)
(247, 322)
(247, 335)
(247, 336)
(247, 337)
(247, 345)
(247, 353)
(247, 358)
(247, 364)
(247, 373)
(247, 382)
(248, 259)
(248, 261)
(248, 262)
(248, 263)
(248, 394)
(248, 395)
(248, 283)
(248, 391)
(248, 302)
(248, 303)
(248, 317)
(248, 320)
(248, 335)
(248, 338)
(248, 345)
(248, 346)
(248, 348)
(248, 349)
(248, 353)
(248, 249)
(248, 379)
(248, 383)
(249, 256)
(249, 390)
(249, 263)
(249, 395)
(249, 282)
(249, 283)
(249, 315)
(249, 317)
(249, 318)
(249, 320)
(249, 323)
(249, 338)
(249, 341)
(249, 346)
(249, 348)
(249, 352)
(249, 356)
(249, 361)
(249, 366)
(250, 384)
(250, 385)
(250, 265)
(250, 268)
(250, 269)
(250, 273)
(250, 291)
(250, 293)
(250, 294)
(250, 298)
(250, 305)
(250, 311)
(250, 327)
(250, 370)
(250, 255)
(251, 396)
(251, 278)
(251, 280)
(251, 288)
(251, 284)
(251, 304)
(251, 357)
(251, 377)
(251, 378)
(252, 267)
(252, 276)
(252, 279)
(252, 281)
(252, 292)
(252, 333)
(252, 351)
(252, 359)
(252, 362)
(252, 274)
(252, 368)
(252, 369)
(252, 372)
(252, 376)
(253, 385)
(253, 261)
(253, 265)
(253, 394)
(253, 270)
(253, 273)
(253, 291)
(253, 298)
(253, 302)
(253, 305)
(253, 308)
(253, 309)
(253, 311)
(253, 322)
(253, 326)
(253, 327)
(253, 330)
(253, 331)
(253, 336)
(253, 345)
(253, 354)
(253, 364)
(253, 373)
(253, 255)
(254, 275)
(254, 281)
(254, 289)
(254, 285)
(254, 312)
(254, 351)
(254, 355)
(254, 374)
(254, 375)
(255, 385)
(255, 273)
(255, 291)
(255, 293)
(255, 294)
(255, 298)
(255, 305)
(255, 308)
(255, 309)
(255, 311)
(255, 322)
(255, 324)
(255, 326)
(255, 327)
(255, 330)
(255, 334)
(255, 336)
(255, 337)
(255, 373)
(256, 388)
(256, 263)
(256, 395)
(256, 272)
(256, 277)
(256, 282)
(256, 283)
(256, 314)
(256, 317)
(256, 319)
(256, 323)
(256, 338)
(256, 340)
(256, 346)
(256, 348)
(256, 349)
(256, 352)
(256, 366)
(256, 381)
(257, 387)
(257, 266)
(257, 290)
(257, 295)
(257, 297)
(257, 306)
(257, 329)
(257, 342)
(257, 350)
(257, 371)
(258, 388)
(258, 395)
(258, 281)
(258, 260)
(258, 283)
(258, 289)
(258, 312)
(258, 333)
(258, 346)
(258, 348)
(258, 349)
(258, 351)
(258, 272)
(258, 355)
(258, 379)
(259, 261)
(259, 390)
(259, 391)
(259, 264)
(259, 393)
(259, 394)
(259, 296)
(259, 301)
(259, 303)
(259, 315)
(259, 317)
(259, 318)
(259, 320)
(259, 335)
(259, 336)
(259, 345)
(259, 353)
(259, 358)
(259, 364)
(259, 373)
(260, 388)
(260, 281)
(260, 289)
(260, 312)
(260, 333)
(260, 348)
(260, 349)
(260, 351)
(260, 272)
(260, 355)
(260, 374)
(260, 379)
(261, 262)
(261, 391)
(261, 393)
(261, 394)
(261, 302)
(261, 303)
(261, 308)
(261, 320)
(261, 322)
(261, 330)
(261, 335)
(261, 336)
(261, 345)
(261, 353)
(261, 354)
(261, 364)
(261, 373)
(261, 383)
(262, 394)
(262, 395)
(262, 270)
(262, 283)
(262, 302)
(262, 320)
(262, 330)
(262, 331)
(262, 335)
(262, 336)
(262, 345)
(262, 353)
(262, 354)
(262, 364)
(262, 379)
(262, 383)
(263, 395)
(263, 282)
(263, 283)
(263, 314)
(263, 315)
(263, 317)
(263, 318)
(263, 320)
(263, 323)
(263, 338)
(263, 341)
(263, 346)
(263, 348)
(263, 352)
(263, 356)
(263, 366)
(264, 391)
(264, 393)
(264, 399)
(264, 301)
(264, 303)
(264, 308)
(264, 309)
(264, 324)
(264, 326)
(264, 336)
(264, 337)
(264, 344)
(264, 358)
(264, 364)
(264, 373)
(264, 382)
(265, 384)
(265, 385)
(265, 392)
(265, 270)
(265, 271)
(265, 273)
(265, 286)
(265, 291)
(265, 298)
(265, 299)
(265, 300)
(265, 305)
(265, 313)
(265, 330)
(265, 331)
(266, 387)
(266, 290)
(266, 295)
(266, 306)
(266, 329)
(266, 339)
(266, 341)
(266, 342)
(266, 350)
(266, 356)
(266, 361)
(266, 363)
(266, 371)
(266, 380)
(267, 276)
(267, 279)
(267, 280)
(267, 284)
(267, 292)
(267, 362)
(267, 274)
(267, 368)
(267, 369)
(267, 378)
(268, 385)
(268, 269)
(268, 273)
(268, 291)
(268, 293)
(268, 294)
(268, 311)
(268, 332)
(268, 347)
(268, 370)
(269, 385)
(269, 273)
(269, 291)
(269, 293)
(269, 294)
(269, 298)
(269, 309)
(269, 311)
(269, 327)
(269, 332)
(269, 347)
(269, 370)
(270, 392)
(270, 394)
(270, 286)
(270, 287)
(270, 299)
(270, 302)
(270, 313)
(270, 322)
(270, 330)
(270, 331)
(270, 343)
(270, 354)
(271, 384)
(271, 392)
(271, 396)
(271, 286)
(271, 287)
(271, 288)
(271, 299)
(271, 300)
(271, 313)
(271, 325)
(271, 343)
(271, 367)
(272, 388)
(272, 398)
(272, 275)
(272, 281)
(272, 285)
(272, 289)
(272, 312)
(272, 319)
(272, 328)
(272, 340)
(272, 348)
(272, 349)
(272, 355)
(272, 360)
(272, 374)
(272, 381)
(273, 384)
(273, 385)
(273, 291)
(273, 293)
(273, 294)
(273, 298)
(273, 305)
(273, 309)
(273, 311)
(273, 326)
(273, 327)
(273, 347)
(273, 370)
(274, 276)
(274, 279)
(274, 292)
(274, 351)
(274, 359)
(274, 362)
(274, 368)
(274, 369)
(274, 372)
(274, 376)
(274, 378)
(275, 388)
(275, 398)
(275, 285)
(275, 289)
(275, 312)
(275, 328)
(275, 375)
(275, 355)
(275, 360)
(275, 374)
(276, 279)
(276, 292)
(276, 351)
(276, 359)
(276, 362)
(276, 368)
(276, 372)
(276, 376)
(277, 388)
(277, 398)
(277, 310)
(277, 314)
(277, 319)
(277, 323)
(277, 328)
(277, 340)
(277, 352)
(277, 366)
(277, 381)
(278, 396)
(278, 280)
(278, 288)
(278, 304)
(278, 357)
(278, 377)
(279, 284)
(279, 292)
(279, 333)
(279, 362)
(279, 368)
(279, 369)
(279, 372)
(279, 376)
(279, 378)
(280, 396)
(280, 284)
(280, 304)
(280, 357)
(280, 377)
(280, 378)
(281, 289)
(281, 292)
(281, 285)
(281, 312)
(281, 333)
(281, 349)
(281, 351)
(281, 355)
(281, 359)
(281, 362)
(281, 372)
(281, 376)
(282, 387)
(282, 290)
(282, 310)
(282, 314)
(282, 315)
(282, 317)
(282, 318)
(282, 323)
(282, 329)
(282, 338)
(282, 341)
(282, 346)
(282, 352)
(282, 356)
(282, 361)
(282, 366)
(282, 371)
(282, 380)
(283, 395)
(283, 317)
(283, 320)
(283, 323)
(283, 335)
(283, 338)
(283, 346)
(283, 348)
(283, 349)
(283, 353)
(283, 379)
(283, 383)
(284, 396)
(284, 287)
(284, 304)
(284, 343)
(284, 357)
(284, 368)
(284, 369)
(284, 377)
(284, 378)
(285, 388)
(285, 398)
(285, 289)
(285, 312)
(285, 328)
(285, 375)
(285, 340)
(285, 355)
(285, 360)
(285, 374)
(285, 381)
(286, 392)
(286, 287)
(286, 288)
(286, 299)
(286, 313)
(286, 325)
(286, 396)
(286, 331)
(286, 343)
(286, 354)
(286, 367)
(286, 377)
(287, 392)
(287, 288)
(287, 299)
(287, 304)
(287, 313)
(287, 325)
(287, 396)
(287, 343)
(287, 367)
(287, 368)
(287, 369)
(287, 377)
(288, 392)
(288, 299)
(288, 304)
(288, 313)
(288, 325)
(288, 396)
(288, 343)
(288, 357)
(288, 367)
(288, 377)
(289, 388)
(289, 398)
(289, 312)
(289, 319)
(289, 328)
(289, 340)
(289, 355)
(289, 360)
(289, 374)
(289, 375)
(289, 381)
(290, 387)
(290, 306)
(290, 310)
(290, 329)
(290, 339)
(290, 341)
(290, 356)
(290, 361)
(290, 371)
(290, 380)
(291, 384)
(291, 385)
(291, 293)
(291, 294)
(291, 298)
(291, 305)
(291, 309)
(291, 311)
(291, 327)
(291, 370)
(292, 333)
(292, 351)
(292, 359)
(292, 362)
(292, 368)
(292, 372)
(292, 376)
(293, 385)
(293, 294)
(293, 298)
(293, 305)
(293, 309)
(293, 311)
(293, 324)
(293, 326)
(293, 327)
(293, 332)
(293, 334)
(293, 347)
(293, 370)
(294, 385)
(294, 389)
(294, 307)
(294, 309)
(294, 311)
(294, 324)
(294, 326)
(294, 327)
(294, 332)
(294, 334)
(294, 347)
(294, 370)
(295, 297)
(295, 363)
(295, 306)
(295, 342)
(295, 350)
(296, 386)
(296, 387)
(296, 390)
(296, 393)
(296, 397)
(296, 306)
(296, 315)
(296, 318)
(296, 321)
(296, 339)
(296, 341)
(296, 342)
(296, 358)
(296, 361)
(296, 363)
(297, 386)
(297, 397)
(297, 306)
(297, 321)
(297, 339)
(297, 342)
(297, 350)
(297, 363)
(298, 384)
(298, 385)
(298, 299)
(298, 305)
(298, 308)
(298, 309)
(298, 311)
(298, 322)
(298, 327)
(298, 330)
(298, 331)
(298, 373)
(299, 384)
(299, 392)
(299, 300)
(299, 313)
(299, 325)
(299, 343)
(299, 367)
(300, 384)
(300, 392)
(300, 313)
(300, 367)
(301, 391)
(301, 393)
(301, 399)
(301, 303)
(301, 308)
(301, 309)
(301, 324)
(301, 326)
(301, 336)
(301, 337)
(301, 344)
(301, 358)
(301, 364)
(301, 365)
(301, 373)
(301, 382)
(302, 394)
(302, 322)
(302, 330)
(302, 331)
(302, 335)
(302, 336)
(302, 345)
(302, 353)
(302, 354)
(302, 364)
(302, 373)
(302, 383)
(303, 390)
(303, 391)
(303, 393)
(303, 394)
(303, 315)
(303, 317)
(303, 318)
(303, 320)
(303, 322)
(303, 335)
(303, 336)
(303, 345)
(303, 353)
(303, 358)
(303, 364)
(303, 373)
(304, 325)
(304, 396)
(304, 343)
(304, 357)
(304, 367)
(304, 377)
(305, 385)
(305, 308)
(305, 311)
(305, 309)
(305, 322)
(305, 324)
(305, 326)
(305, 327)
(305, 330)
(305, 331)
(305, 334)
(305, 336)
(305, 373)
(306, 386)
(306, 387)
(306, 397)
(306, 318)
(306, 329)
(306, 339)
(306, 341)
(306, 342)
(306, 350)
(306, 361)
(306, 363)
(306, 371)
(306, 380)
(307, 389)
(307, 309)
(307, 311)
(307, 316)
(307, 324)
(307, 326)
(307, 332)
(307, 334)
(307, 344)
(307, 347)
(308, 385)
(308, 394)
(308, 311)
(308, 330)
(308, 309)
(308, 322)
(308, 324)
(308, 326)
(308, 327)
(308, 331)
(308, 336)
(308, 337)
(308, 345)
(308, 364)
(308, 373)
(309, 385)
(309, 311)
(309, 316)
(309, 322)
(309, 324)
(309, 326)
(309, 327)
(309, 337)
(309, 334)
(309, 344)
(309, 347)
(309, 373)
(310, 387)
(310, 314)
(310, 323)
(310, 329)
(310, 341)
(310, 352)
(310, 356)
(310, 366)
(310, 371)
(310, 380)
(311, 385)
(311, 324)
(311, 326)
(311, 327)
(311, 332)
(311, 334)
(311, 347)
(311, 370)
(312, 388)
(312, 351)
(312, 328)
(312, 333)
(312, 349)
(312, 355)
(312, 359)
(312, 374)
(312, 376)
(313, 392)
(313, 325)
(313, 396)
(313, 331)
(313, 343)
(313, 367)
(313, 377)
(314, 319)
(314, 323)
(314, 352)
(314, 356)
(314, 380)
(314, 366)
(315, 386)
(315, 390)
(315, 391)
(315, 393)
(315, 397)
(315, 317)
(315, 318)
(315, 320)
(315, 338)
(315, 339)
(315, 341)
(315, 358)
(315, 361)
(316, 399)
(316, 324)
(316, 326)
(316, 334)
(316, 344)
(316, 337)
(316, 382)
(317, 390)
(317, 391)
(317, 393)
(317, 395)
(317, 318)
(317, 320)
(317, 323)
(317, 335)
(317, 338)
(317, 346)
(317, 348)
(317, 353)
(317, 366)
(317, 383)
(318, 386)
(318, 387)
(318, 390)
(318, 391)
(318, 393)
(318, 397)
(318, 320)
(318, 338)
(318, 339)
(318, 341)
(318, 358)
(318, 361)
(318, 363)
(319, 388)
(319, 323)
(319, 328)
(319, 340)
(319, 398)
(319, 352)
(319, 360)
(319, 374)
(319, 381)
(320, 390)
(320, 391)
(320, 393)
(320, 394)
(320, 395)
(320, 335)
(320, 336)
(320, 338)
(320, 345)
(320, 346)
(320, 348)
(320, 353)
(320, 364)
(320, 383)
(321, 386)
(321, 397)
(321, 339)
(321, 342)
(321, 350)
(321, 358)
(321, 363)
(321, 365)
(321, 382)
(322, 385)
(322, 391)
(322, 394)
(322, 330)
(322, 326)
(322, 327)
(322, 331)
(322, 336)
(322, 345)
(322, 353)
(322, 354)
(322, 364)
(322, 373)
(323, 338)
(323, 341)
(323, 346)
(323, 348)
(323, 352)
(323, 356)
(323, 366)
(323, 380)
(324, 399)
(324, 326)
(324, 327)
(324, 334)
(324, 337)
(324, 344)
(324, 347)
(324, 382)
(325, 392)
(325, 396)
(325, 343)
(325, 367)
(325, 369)
(325, 377)
(326, 385)
(326, 327)
(326, 334)
(326, 344)
(326, 337)
(326, 373)
(326, 382)
(327, 385)
(327, 330)
(327, 334)
(327, 337)
(327, 373)
(328, 388)
(328, 340)
(328, 398)
(328, 355)
(328, 360)
(328, 374)
(328, 381)
(329, 387)
(329, 339)
(329, 341)
(329, 356)
(329, 361)
(329, 371)
(329, 380)
(330, 385)
(330, 394)
(330, 331)
(330, 335)
(330, 336)
(330, 345)
(330, 353)
(330, 354)
(330, 364)
(330, 373)
(331, 392)
(331, 394)
(331, 343)
(331, 354)
(331, 373)
(332, 389)
(332, 347)
(332, 334)
(332, 370)
(333, 351)
(333, 349)
(333, 359)
(333, 362)
(333, 368)
(333, 372)
(333, 376)
(333, 379)
(334, 337)
(334, 344)
(334, 347)
(335, 391)
(335, 393)
(335, 394)
(335, 395)
(335, 336)
(335, 338)
(335, 345)
(335, 348)
(335, 353)
(335, 354)
(335, 364)
(335, 379)
(335, 383)
(336, 391)
(336, 393)
(336, 394)
(336, 345)
(336, 353)
(336, 358)
(336, 364)
(336, 373)
(337, 399)
(337, 344)
(337, 373)
(337, 382)
(338, 395)
(338, 346)
(338, 348)
(338, 353)
(338, 366)
(338, 383)
(339, 386)
(339, 387)
(339, 390)
(339, 393)
(339, 397)
(339, 341)
(339, 342)
(339, 350)
(339, 358)
(339, 361)
(339, 363)
(339, 371)
(340, 388)
(340, 398)
(340, 346)
(340, 352)
(340, 355)
(340, 360)
(340, 374)
(340, 381)
(341, 387)
(341, 356)
(341, 361)
(341, 366)
(341, 371)
(341, 380)
(342, 386)
(342, 387)
(342, 397)
(342, 350)
(342, 361)
(342, 363)
(343, 392)
(343, 396)
(343, 354)
(343, 367)
(343, 368)
(343, 369)
(343, 377)
(344, 399)
(344, 382)
(345, 391)
(345, 393)
(345, 394)
(345, 353)
(345, 354)
(345, 364)
(345, 373)
(345, 383)
(346, 395)
(346, 348)
(346, 349)
(346, 352)
(346, 366)
(346, 379)
(346, 383)
(347, 389)
(347, 370)
(348, 388)
(348, 395)
(348, 349)
(348, 379)
(348, 383)
(349, 388)
(349, 395)
(349, 379)
(349, 383)
(350, 386)
(350, 397)
(350, 363)
(351, 355)
(351, 359)
(351, 362)
(351, 372)
(351, 376)
(352, 356)
(352, 380)
(352, 366)
(352, 381)
(353, 391)
(353, 393)
(353, 394)
(353, 395)
(353, 354)
(353, 364)
(353, 373)
(353, 379)
(353, 383)
(354, 392)
(354, 394)
(354, 383)
(355, 388)
(355, 398)
(355, 375)
(355, 360)
(355, 374)
(355, 381)
(356, 387)
(356, 361)
(356, 366)
(356, 371)
(356, 380)
(357, 396)
(357, 377)
(357, 378)
(358, 386)
(358, 390)
(358, 391)
(358, 393)
(358, 397)
(358, 363)
(358, 364)
(358, 382)
(359, 362)
(359, 372)
(359, 376)
(360, 388)
(360, 398)
(360, 374)
(360, 381)
(361, 386)
(361, 387)
(361, 390)
(361, 397)
(361, 363)
(361, 371)
(361, 380)
(362, 368)
(362, 369)
(362, 372)
(362, 376)
(363, 386)
(363, 387)
(363, 390)
(363, 397)
(364, 391)
(364, 393)
(364, 394)
(364, 373)
(365, 397)
(365, 399)
(365, 382)
(366, 387)
(366, 371)
(366, 380)
(367, 392)
(367, 396)
(367, 377)
(368, 369)
(368, 372)
(368, 378)
(369, 377)
(369, 378)
(370, 389)
(371, 387)
(371, 380)
(372, 376)
(373, 391)
(373, 394)
(374, 388)
(374, 398)
(374, 375)
(374, 381)
(377, 396)
(377, 378)
(379, 395)
(379, 383)
(380, 387)
(381, 388)
(381, 398)
(382, 399)
(383, 391)
(383, 394)
(383, 395)
(384, 385)
(384, 392)
(386, 390)
(386, 393)
(386, 397)
(388, 398)
(390, 391)
(390, 393)
(390, 397)
(391, 393)
(391, 394)
(392, 396)
(393, 397)
