#Nodes
0
1
2
3
4
5
6
7
8
9
10
11
12
13
14
15
16
17
18
19
20
21
22
23
24
25
26
27
28
29
30
31
32
33
34
35
36
37
38
39
40
41
42
43
44
45
46
47
48
49
50
51
52
53
54
55
56
57
58
59
60
61
62
63
64
65
66
67
68
69
70
71
72
73
74
75
76
77
78
79
80
81
82
83
84
85
86
87
88
89
90
91
92
93
94
95
96
97
98
99
#Edges
(0, 98)
(0, 99)
(0, 38)
(0, 12)
(0, 81)
(0, 84)
(0, 86)
(0, 20)
(0, 60)
(0, 61)
(1, 65)
(1, 66)
(1, 35)
(1, 71)
(1, 41)
(1, 75)
(1, 34)
(1, 16)
(1, 83)
(1, 52)
(1, 53)
(1, 55)
(1, 90)
(1, 29)
(1, 30)
(1, 95)
(2, 7)
(2, 28)
(2, 10)
(2, 43)
(2, 45)
(2, 13)
(2, 50)
(2, 54)
(2, 23)
(2, 92)
(2, 93)
(2, 63)
(3, 32)
(3, 97)
(3, 36)
(3, 77)
(3, 19)
(3, 4)
(4, 32)
(4, 16)
(4, 34)
(4, 67)
(4, 36)
(4, 5)
(4, 39)
(4, 30)
(4, 77)
(4, 48)
(4, 52)
(4, 53)
(4, 29)
(4, 62)
(5, 96)
(5, 16)
(5, 34)
(5, 67)
(5, 71)
(5, 30)
(5, 75)
(5, 78)
(5, 48)
(5, 51)
(5, 52)
(5, 53)
(5, 56)
(5, 39)
(5, 90)
(5, 62)
(6, 69)
(6, 49)
(6, 28)
(6, 10)
(6, 43)
(6, 13)
(6, 15)
(6, 81)
(6, 85)
(6, 7)
(6, 57)
(6, 60)
(7, 69)
(7, 28)
(7, 43)
(7, 13)
(7, 15)
(7, 81)
(7, 57)
(7, 60)
(8, 80)
(8, 24)
(8, 74)
(8, 27)
(8, 76)
(9, 42)
(9, 47)
(9, 19)
(9, 21)
(9, 23)
(9, 25)
(9, 79)
(10, 28)
(10, 43)
(10, 45)
(10, 13)
(10, 50)
(10, 54)
(10, 23)
(10, 92)
(10, 93)
(10, 63)
(11, 32)
(11, 97)
(11, 65)
(11, 77)
(11, 50)
(11, 83)
(11, 55)
(11, 58)
(11, 29)
(11, 95)
(12, 33)
(12, 98)
(12, 99)
(12, 38)
(12, 81)
(12, 84)
(12, 86)
(12, 20)
(12, 60)
(12, 61)
(13, 69)
(13, 28)
(13, 43)
(13, 45)
(13, 15)
(13, 54)
(13, 57)
(13, 92)
(13, 93)
(14, 40)
(14, 82)
(14, 26)
(14, 69)
(14, 37)
(15, 69)
(15, 49)
(15, 28)
(15, 43)
(15, 81)
(15, 84)
(15, 57)
(15, 60)
(16, 34)
(16, 67)
(16, 36)
(16, 71)
(16, 30)
(16, 75)
(16, 48)
(16, 52)
(16, 53)
(16, 39)
(16, 90)
(16, 29)
(16, 62)
(17, 91)
(17, 68)
(17, 72)
(17, 46)
(17, 18)
(17, 22)
(17, 59)
(18, 64)
(18, 59)
(18, 72)
(18, 24)
(18, 89)
(18, 91)
(18, 94)
(19, 47)
(20, 99)
(20, 38)
(20, 86)
(20, 61)
(21, 42)
(21, 45)
(21, 47)
(21, 23)
(21, 25)
(21, 79)
(21, 93)
(21, 63)
(22, 66)
(22, 59)
(22, 68)
(22, 72)
(22, 41)
(22, 46)
(22, 35)
(22, 88)
(22, 91)
(22, 31)
(23, 42)
(23, 45)
(23, 47)
(23, 54)
(23, 25)
(23, 79)
(23, 92)
(23, 93)
(23, 63)
(24, 64)
(24, 73)
(24, 44)
(24, 87)
(24, 89)
(24, 94)
(25, 42)
(25, 45)
(25, 47)
(25, 79)
(25, 63)
(26, 33)
(26, 37)
(26, 70)
(26, 40)
(26, 81)
(26, 82)
(27, 80)
(27, 74)
(27, 76)
(28, 43)
(28, 49)
(28, 50)
(28, 85)
(28, 57)
(28, 92)
(29, 32)
(29, 65)
(29, 34)
(29, 83)
(29, 53)
(29, 55)
(29, 90)
(29, 58)
(29, 62)
(29, 95)
(30, 96)
(30, 34)
(30, 67)
(30, 71)
(30, 75)
(30, 78)
(30, 48)
(30, 52)
(30, 53)
(30, 39)
(30, 90)
(30, 62)
(31, 66)
(31, 35)
(31, 71)
(31, 75)
(31, 34)
(31, 88)
(31, 90)
(32, 97)
(32, 77)
(32, 62)
(33, 37)
(33, 70)
(33, 40)
(33, 82)
(34, 66)
(34, 67)
(34, 71)
(34, 75)
(34, 78)
(34, 48)
(34, 52)
(34, 53)
(34, 39)
(34, 90)
(34, 62)
(35, 65)
(35, 66)
(35, 68)
(35, 71)
(35, 72)
(35, 41)
(35, 46)
(35, 88)
(35, 90)
(35, 91)
(36, 67)
(36, 39)
(36, 77)
(36, 48)
(36, 53)
(36, 62)
(37, 70)
(37, 40)
(37, 81)
(37, 82)
(38, 98)
(38, 99)
(38, 44)
(38, 86)
(38, 87)
(38, 61)
(39, 67)
(39, 75)
(39, 78)
(39, 48)
(39, 52)
(39, 53)
(39, 62)
(40, 69)
(40, 81)
(40, 82)
(41, 65)
(41, 66)
(41, 68)
(41, 71)
(41, 46)
(41, 83)
(41, 55)
(41, 88)
(41, 90)
(41, 91)
(41, 95)
(42, 47)
(42, 79)
(43, 69)
(43, 45)
(43, 50)
(43, 85)
(43, 54)
(43, 57)
(43, 92)
(43, 93)
(44, 64)
(44, 98)
(44, 73)
(44, 86)
(44, 87)
(44, 89)
(44, 61)
(44, 94)
(45, 54)
(45, 92)
(45, 93)
(45, 63)
(46, 66)
(46, 59)
(46, 68)
(46, 72)
(46, 88)
(46, 91)
(47, 63)
(48, 67)
(48, 77)
(48, 78)
(48, 52)
(48, 53)
(48, 62)
(49, 98)
(49, 84)
(49, 85)
(49, 57)
(49, 60)
(50, 85)
(50, 58)
(50, 92)
(50, 63)
(51, 96)
(51, 56)
(51, 75)
(51, 78)
(52, 67)
(52, 71)
(52, 75)
(52, 78)
(52, 53)
(52, 90)
(52, 62)
(53, 67)
(53, 71)
(53, 75)
(53, 78)
(53, 90)
(53, 62)
(54, 93)
(55, 65)
(55, 83)
(55, 58)
(55, 95)
(56, 96)
(56, 75)
(56, 78)
(57, 69)
(57, 81)
(57, 84)
(57, 85)
(57, 60)
(58, 65)
(58, 83)
(58, 85)
(58, 95)
(59, 68)
(59, 72)
(59, 91)
(60, 98)
(60, 81)
(60, 84)
(60, 85)
(61, 98)
(61, 99)
(61, 73)
(61, 84)
(61, 86)
(61, 87)
(62, 67)
(62, 75)
(62, 77)
(62, 90)
(63, 97)
(63, 92)
(63, 93)
(64, 98)
(64, 73)
(64, 87)
(64, 89)
(64, 94)
(65, 83)
(65, 90)
(65, 95)
(66, 68)
(66, 71)
(66, 75)
(66, 88)
(66, 90)
(67, 96)
(67, 75)
(67, 78)
(67, 90)
(68, 72)
(68, 88)
(68, 91)
(69, 81)
(70, 82)
(71, 75)
(71, 88)
(71, 90)
(72, 91)
(73, 98)
(73, 87)
(73, 89)
(73, 94)
(74, 80)
(74, 76)
(75, 96)
(75, 78)
(75, 90)
(76, 80)
(77, 97)
(78, 96)
(81, 82)
(81, 84)
(83, 90)
(83, 95)
(84, 98)
(84, 86)
(86, 98)
(86, 99)
(87, 98)
(87, 89)
(87, 94)
(88, 90)
(88, 91)
(89, 94)
(92, 93)
(94, 98)
