#Nodes
0
1
2
3
4
5
6
7
8
9
10
11
12
13
14
15
16
17
18
19
20
21
22
23
24
25
26
27
28
29
30
31
32
33
34
35
36
37
38
39
40
41
42
43
44
45
46
47
48
49
50
51
52
53
54
55
56
57
58
59
60
61
62
63
64
65
66
67
68
69
70
71
72
73
74
75
76
77
78
79
80
81
82
83
84
85
86
87
88
89
90
91
92
93
94
95
96
97
98
99
100
101
102
103
104
105
106
107
108
109
110
111
112
113
114
115
116
117
118
119
120
121
122
123
124
125
126
127
128
129
130
131
132
133
134
135
136
137
138
139
140
141
142
143
144
145
146
147
148
149
150
151
152
153
154
155
156
157
158
159
160
161
162
163
164
165
166
167
168
169
170
171
172
173
174
175
176
177
178
179
180
181
182
183
184
185
186
187
188
189
190
191
192
193
194
195
196
197
198
199
200
201
202
203
204
205
206
207
208
209
210
211
212
213
214
215
216
217
218
219
220
221
222
223
224
225
226
227
228
229
230
231
232
233
234
235
236
237
238
239
240
241
242
243
244
245
246
247
248
249
#Edges
(0, 128)
(0, 5)
(0, 134)
(0, 8)
(0, 13)
(0, 144)
(0, 17)
(0, 19)
(0, 151)
(0, 152)
(0, 159)
(0, 160)
(0, 33)
(0, 170)
(0, 173)
(0, 221)
(0, 57)
(0, 58)
(0, 61)
(0, 68)
(0, 200)
(0, 80)
(0, 93)
(0, 94)
(0, 224)
(0, 226)
(0, 101)
(0, 239)
(0, 244)
(0, 123)
(0, 125)
(1, 64)
(1, 65)
(1, 18)
(1, 118)
(1, 28)
(1, 247)
(1, 76)
(1, 141)
(1, 174)
(1, 109)
(1, 82)
(1, 52)
(1, 117)
(1, 246)
(1, 183)
(1, 185)
(1, 91)
(1, 220)
(1, 189)
(1, 126)
(1, 21)
(2, 130)
(2, 34)
(2, 102)
(2, 31)
(2, 105)
(2, 202)
(2, 43)
(2, 77)
(2, 78)
(2, 208)
(2, 145)
(2, 122)
(2, 187)
(2, 127)
(3, 131)
(3, 138)
(3, 142)
(3, 146)
(3, 30)
(3, 32)
(3, 35)
(3, 164)
(3, 113)
(3, 169)
(3, 172)
(3, 49)
(3, 51)
(3, 73)
(3, 10)
(3, 62)
(3, 69)
(3, 71)
(3, 201)
(3, 203)
(3, 205)
(3, 209)
(3, 84)
(3, 216)
(3, 219)
(3, 97)
(3, 99)
(3, 100)
(3, 103)
(3, 233)
(3, 234)
(3, 236)
(3, 112)
(3, 241)
(4, 64)
(4, 162)
(4, 229)
(4, 168)
(4, 9)
(4, 207)
(4, 104)
(4, 210)
(4, 180)
(4, 55)
(4, 212)
(5, 134)
(5, 135)
(5, 13)
(5, 152)
(5, 18)
(5, 151)
(5, 24)
(5, 33)
(5, 170)
(5, 179)
(5, 57)
(5, 63)
(5, 68)
(5, 221)
(5, 94)
(5, 224)
(5, 101)
(5, 17)
(5, 111)
(5, 243)
(5, 244)
(5, 117)
(5, 123)
(5, 126)
(6, 12)
(6, 142)
(6, 143)
(6, 20)
(6, 56)
(6, 154)
(6, 163)
(6, 165)
(6, 171)
(6, 44)
(6, 176)
(6, 178)
(6, 184)
(6, 59)
(6, 60)
(6, 74)
(6, 196)
(6, 198)
(6, 202)
(6, 77)
(6, 209)
(6, 213)
(6, 88)
(6, 217)
(6, 218)
(6, 15)
(6, 228)
(6, 81)
(6, 232)
(6, 235)
(6, 248)
(6, 121)
(6, 124)
(6, 85)
(7, 100)
(7, 194)
(7, 35)
(7, 164)
(7, 197)
(7, 231)
(7, 40)
(7, 234)
(7, 71)
(7, 45)
(7, 206)
(7, 241)
(7, 10)
(7, 148)
(7, 116)
(7, 90)
(7, 188)
(7, 157)
(8, 128)
(8, 134)
(8, 143)
(8, 144)
(8, 17)
(8, 19)
(8, 151)
(8, 152)
(8, 159)
(8, 163)
(8, 170)
(8, 173)
(8, 57)
(8, 58)
(8, 61)
(8, 67)
(8, 80)
(8, 88)
(8, 221)
(8, 226)
(8, 244)
(8, 123)
(8, 125)
(9, 28)
(9, 52)
(9, 161)
(9, 162)
(9, 168)
(9, 180)
(9, 183)
(9, 185)
(9, 189)
(9, 190)
(9, 64)
(9, 55)
(9, 76)
(9, 207)
(9, 210)
(9, 83)
(9, 212)
(9, 229)
(9, 104)
(9, 107)
(9, 110)
(9, 115)
(10, 139)
(10, 148)
(10, 157)
(10, 30)
(10, 35)
(10, 164)
(10, 40)
(10, 169)
(10, 172)
(10, 45)
(10, 194)
(10, 197)
(10, 71)
(10, 203)
(10, 206)
(10, 84)
(10, 90)
(10, 222)
(10, 100)
(10, 231)
(10, 233)
(10, 234)
(10, 241)
(11, 131)
(11, 12)
(11, 88)
(11, 147)
(11, 27)
(11, 32)
(11, 163)
(11, 165)
(11, 173)
(11, 46)
(11, 54)
(11, 56)
(11, 61)
(11, 196)
(11, 73)
(11, 74)
(11, 98)
(11, 209)
(11, 216)
(11, 219)
(11, 221)
(11, 224)
(11, 97)
(11, 226)
(11, 230)
(11, 235)
(11, 242)
(11, 249)
(12, 131)
(12, 142)
(12, 20)
(12, 22)
(12, 154)
(12, 30)
(12, 32)
(12, 163)
(12, 165)
(12, 44)
(12, 49)
(12, 56)
(12, 60)
(12, 192)
(12, 196)
(12, 69)
(12, 73)
(12, 74)
(12, 205)
(12, 209)
(12, 213)
(12, 249)
(12, 216)
(12, 217)
(12, 219)
(12, 97)
(12, 103)
(12, 235)
(12, 112)
(12, 113)
(12, 242)
(12, 121)
(13, 134)
(13, 135)
(13, 24)
(13, 151)
(13, 152)
(13, 160)
(13, 33)
(13, 170)
(13, 179)
(13, 57)
(13, 61)
(13, 63)
(13, 221)
(13, 94)
(13, 224)
(13, 101)
(13, 17)
(13, 111)
(13, 243)
(13, 244)
(13, 117)
(13, 123)
(13, 125)
(13, 126)
(14, 132)
(14, 135)
(14, 16)
(14, 147)
(14, 23)
(14, 24)
(14, 153)
(14, 27)
(14, 156)
(14, 36)
(14, 39)
(14, 46)
(14, 175)
(14, 179)
(14, 190)
(14, 63)
(14, 195)
(14, 211)
(14, 215)
(14, 89)
(14, 224)
(14, 98)
(14, 227)
(14, 230)
(14, 107)
(14, 111)
(14, 243)
(14, 119)
(14, 191)
(15, 130)
(15, 143)
(15, 145)
(15, 20)
(15, 26)
(15, 34)
(15, 163)
(15, 165)
(15, 171)
(15, 44)
(15, 176)
(15, 178)
(15, 184)
(15, 59)
(15, 60)
(15, 74)
(15, 67)
(15, 198)
(15, 202)
(15, 77)
(15, 56)
(15, 85)
(15, 88)
(15, 218)
(15, 228)
(15, 102)
(15, 232)
(15, 124)
(16, 132)
(16, 147)
(16, 23)
(16, 24)
(16, 153)
(16, 27)
(16, 156)
(16, 39)
(16, 46)
(16, 175)
(16, 181)
(16, 54)
(16, 63)
(16, 96)
(16, 194)
(16, 195)
(16, 211)
(16, 215)
(16, 89)
(16, 90)
(16, 224)
(16, 98)
(16, 227)
(16, 230)
(16, 111)
(16, 119)
(16, 191)
(17, 128)
(17, 134)
(17, 144)
(17, 19)
(17, 151)
(17, 152)
(17, 159)
(17, 160)
(17, 33)
(17, 41)
(17, 170)
(17, 221)
(17, 57)
(17, 58)
(17, 61)
(17, 66)
(17, 68)
(17, 200)
(17, 80)
(17, 93)
(17, 94)
(17, 101)
(17, 239)
(17, 244)
(17, 120)
(17, 123)
(17, 125)
(18, 135)
(18, 141)
(18, 21)
(18, 158)
(18, 33)
(18, 174)
(18, 48)
(18, 179)
(18, 52)
(18, 182)
(18, 65)
(18, 68)
(18, 118)
(18, 82)
(18, 91)
(18, 220)
(18, 94)
(18, 223)
(18, 101)
(18, 109)
(18, 243)
(18, 117)
(18, 246)
(18, 247)
(18, 126)
(19, 128)
(19, 134)
(19, 144)
(19, 151)
(19, 152)
(19, 159)
(19, 160)
(19, 167)
(19, 41)
(19, 170)
(19, 177)
(19, 57)
(19, 58)
(19, 66)
(19, 68)
(19, 200)
(19, 80)
(19, 93)
(19, 239)
(19, 244)
(19, 245)
(19, 120)
(19, 123)
(19, 125)
(20, 142)
(20, 143)
(20, 56)
(20, 154)
(20, 163)
(20, 165)
(20, 44)
(20, 176)
(20, 178)
(20, 184)
(20, 59)
(20, 60)
(20, 74)
(20, 196)
(20, 198)
(20, 202)
(20, 77)
(20, 209)
(20, 213)
(20, 88)
(20, 217)
(20, 218)
(20, 228)
(20, 81)
(20, 232)
(20, 235)
(20, 248)
(20, 121)
(20, 124)
(21, 135)
(21, 141)
(21, 28)
(21, 52)
(21, 161)
(21, 162)
(21, 243)
(21, 174)
(21, 179)
(21, 180)
(21, 183)
(21, 185)
(21, 189)
(21, 190)
(21, 64)
(21, 65)
(21, 246)
(21, 33)
(21, 76)
(21, 82)
(21, 91)
(21, 220)
(21, 94)
(21, 109)
(21, 115)
(21, 117)
(21, 118)
(21, 247)
(21, 126)
(22, 209)
(22, 142)
(22, 149)
(22, 154)
(22, 37)
(22, 38)
(22, 44)
(22, 49)
(22, 56)
(22, 60)
(22, 192)
(22, 193)
(22, 69)
(22, 205)
(22, 81)
(22, 213)
(22, 217)
(22, 103)
(22, 112)
(22, 248)
(22, 121)
(23, 132)
(23, 137)
(23, 25)
(23, 24)
(23, 153)
(23, 27)
(23, 156)
(23, 29)
(23, 36)
(23, 39)
(23, 46)
(23, 175)
(23, 181)
(23, 63)
(23, 194)
(23, 195)
(23, 211)
(23, 215)
(23, 89)
(23, 90)
(23, 96)
(23, 227)
(23, 106)
(23, 107)
(23, 110)
(23, 114)
(23, 119)
(23, 191)
(24, 132)
(24, 135)
(24, 147)
(24, 153)
(24, 27)
(24, 156)
(24, 39)
(24, 46)
(24, 175)
(24, 179)
(24, 190)
(24, 63)
(24, 195)
(24, 211)
(24, 215)
(24, 89)
(24, 94)
(24, 224)
(24, 227)
(24, 107)
(24, 111)
(24, 243)
(24, 117)
(24, 119)
(24, 191)
(25, 96)
(25, 36)
(25, 70)
(25, 39)
(25, 137)
(25, 106)
(25, 110)
(25, 114)
(25, 83)
(25, 181)
(25, 150)
(25, 87)
(25, 155)
(25, 188)
(25, 29)
(25, 191)
(26, 130)
(26, 140)
(26, 145)
(26, 34)
(26, 171)
(26, 176)
(26, 178)
(26, 184)
(26, 187)
(26, 67)
(26, 198)
(26, 199)
(26, 72)
(26, 202)
(26, 204)
(26, 77)
(26, 78)
(26, 79)
(26, 85)
(26, 214)
(26, 218)
(26, 225)
(26, 59)
(26, 228)
(26, 102)
(26, 232)
(26, 237)
(26, 238)
(26, 240)
(26, 122)
(26, 124)
(26, 127)
(27, 131)
(27, 132)
(27, 147)
(27, 153)
(27, 156)
(27, 39)
(27, 46)
(27, 175)
(27, 54)
(27, 63)
(27, 194)
(27, 195)
(27, 211)
(27, 215)
(27, 224)
(27, 98)
(27, 227)
(27, 230)
(27, 111)
(27, 242)
(27, 119)
(27, 249)
(28, 135)
(28, 141)
(28, 52)
(28, 161)
(28, 162)
(28, 174)
(28, 243)
(28, 180)
(28, 183)
(28, 185)
(28, 189)
(28, 190)
(28, 63)
(28, 64)
(28, 65)
(28, 246)
(28, 55)
(28, 76)
(28, 207)
(28, 82)
(28, 89)
(28, 220)
(28, 107)
(28, 109)
(28, 115)
(28, 117)
(28, 118)
(29, 137)
(29, 150)
(29, 155)
(29, 161)
(29, 36)
(29, 39)
(29, 168)
(29, 181)
(29, 190)
(29, 191)
(29, 70)
(29, 210)
(29, 83)
(29, 87)
(29, 89)
(29, 96)
(29, 106)
(29, 107)
(29, 110)
(29, 114)
(29, 115)
(30, 131)
(30, 142)
(30, 32)
(30, 35)
(30, 164)
(30, 113)
(30, 169)
(30, 172)
(30, 49)
(30, 54)
(30, 62)
(30, 71)
(30, 73)
(30, 203)
(30, 205)
(30, 209)
(30, 216)
(30, 90)
(30, 219)
(30, 97)
(30, 99)
(30, 103)
(30, 233)
(30, 234)
(30, 236)
(30, 112)
(30, 241)
(31, 176)
(31, 130)
(31, 59)
(31, 102)
(31, 198)
(31, 105)
(31, 202)
(31, 43)
(31, 77)
(31, 78)
(31, 208)
(31, 145)
(31, 37)
(31, 149)
(31, 34)
(31, 184)
(31, 218)
(31, 187)
(31, 122)
(31, 127)
(32, 131)
(32, 142)
(32, 147)
(32, 153)
(32, 164)
(32, 241)
(32, 169)
(32, 172)
(32, 49)
(32, 54)
(32, 71)
(32, 73)
(32, 203)
(32, 205)
(32, 209)
(32, 216)
(32, 90)
(32, 219)
(32, 97)
(32, 98)
(32, 230)
(32, 103)
(32, 233)
(32, 235)
(32, 236)
(32, 112)
(32, 113)
(32, 242)
(32, 249)
(33, 134)
(33, 135)
(33, 141)
(33, 151)
(33, 152)
(33, 111)
(33, 160)
(33, 170)
(33, 174)
(33, 179)
(33, 182)
(33, 57)
(33, 65)
(33, 68)
(33, 220)
(33, 93)
(33, 94)
(33, 223)
(33, 101)
(33, 239)
(33, 243)
(33, 117)
(33, 246)
(33, 126)
(34, 130)
(34, 43)
(34, 140)
(34, 145)
(34, 149)
(34, 171)
(34, 176)
(34, 178)
(34, 184)
(34, 187)
(34, 198)
(34, 202)
(34, 77)
(34, 78)
(34, 208)
(34, 85)
(34, 218)
(34, 225)
(34, 59)
(34, 228)
(34, 102)
(34, 105)
(34, 237)
(34, 122)
(34, 124)
(34, 127)
(35, 133)
(35, 139)
(35, 146)
(35, 148)
(35, 164)
(35, 113)
(35, 40)
(35, 169)
(35, 172)
(35, 45)
(35, 51)
(35, 62)
(35, 197)
(35, 71)
(35, 203)
(35, 206)
(35, 84)
(35, 86)
(35, 90)
(35, 222)
(35, 99)
(35, 100)
(35, 231)
(35, 233)
(35, 234)
(35, 236)
(35, 241)
(36, 132)
(36, 137)
(36, 87)
(36, 150)
(36, 155)
(36, 156)
(36, 39)
(36, 175)
(36, 115)
(36, 181)
(36, 191)
(36, 195)
(36, 70)
(36, 83)
(36, 215)
(36, 89)
(36, 96)
(36, 227)
(36, 106)
(36, 107)
(36, 110)
(36, 114)
(36, 211)
(36, 119)
(37, 192)
(37, 193)
(37, 38)
(37, 105)
(37, 43)
(37, 44)
(37, 77)
(37, 81)
(37, 213)
(37, 121)
(37, 248)
(37, 217)
(37, 154)
(37, 59)
(37, 60)
(37, 149)
(38, 192)
(38, 193)
(38, 49)
(38, 69)
(38, 103)
(38, 44)
(38, 205)
(38, 142)
(38, 112)
(38, 81)
(38, 213)
(38, 121)
(38, 248)
(38, 217)
(38, 154)
(38, 60)
(38, 149)
(39, 132)
(39, 137)
(39, 153)
(39, 156)
(39, 46)
(39, 175)
(39, 181)
(39, 63)
(39, 194)
(39, 195)
(39, 211)
(39, 215)
(39, 89)
(39, 90)
(39, 96)
(39, 227)
(39, 106)
(39, 107)
(39, 110)
(39, 114)
(39, 83)
(39, 119)
(39, 191)
(40, 84)
(40, 71)
(40, 164)
(40, 197)
(40, 231)
(40, 234)
(40, 139)
(40, 45)
(40, 206)
(40, 241)
(40, 148)
(40, 86)
(40, 100)
(40, 90)
(40, 157)
(40, 222)
(40, 133)
(41, 160)
(41, 128)
(41, 66)
(41, 134)
(41, 167)
(41, 200)
(41, 80)
(41, 93)
(41, 239)
(41, 144)
(41, 177)
(41, 58)
(41, 245)
(41, 152)
(41, 120)
(41, 136)
(41, 125)
(41, 159)
(42, 128)
(42, 67)
(42, 199)
(42, 136)
(42, 140)
(42, 171)
(42, 204)
(42, 237)
(42, 238)
(42, 79)
(42, 240)
(42, 177)
(42, 85)
(42, 214)
(42, 72)
(42, 186)
(42, 167)
(43, 145)
(43, 149)
(43, 176)
(43, 184)
(43, 59)
(43, 198)
(43, 202)
(43, 77)
(43, 78)
(43, 208)
(43, 81)
(43, 213)
(43, 217)
(43, 218)
(43, 187)
(43, 228)
(43, 105)
(43, 248)
(43, 121)
(43, 122)
(43, 127)
(44, 142)
(44, 154)
(44, 163)
(44, 165)
(44, 49)
(44, 178)
(44, 56)
(44, 59)
(44, 60)
(44, 193)
(44, 196)
(44, 69)
(44, 198)
(44, 74)
(44, 81)
(44, 213)
(44, 217)
(44, 218)
(44, 219)
(44, 228)
(44, 209)
(44, 232)
(44, 235)
(44, 248)
(44, 121)
(45, 100)
(45, 194)
(45, 164)
(45, 197)
(45, 231)
(45, 234)
(45, 71)
(45, 206)
(45, 148)
(45, 181)
(45, 116)
(45, 90)
(45, 188)
(45, 157)
(46, 132)
(46, 135)
(46, 147)
(46, 153)
(46, 156)
(46, 175)
(46, 179)
(46, 54)
(46, 63)
(46, 195)
(46, 211)
(46, 215)
(46, 89)
(46, 224)
(46, 98)
(46, 227)
(46, 230)
(46, 111)
(46, 242)
(46, 243)
(46, 119)
(46, 249)
(47, 129)
(47, 66)
(47, 166)
(47, 200)
(47, 75)
(47, 108)
(47, 50)
(47, 53)
(47, 120)
(47, 95)
(48, 66)
(48, 68)
(48, 75)
(48, 239)
(48, 50)
(48, 53)
(48, 182)
(48, 247)
(48, 91)
(48, 92)
(48, 158)
(48, 223)
(49, 131)
(49, 138)
(49, 142)
(49, 154)
(49, 172)
(49, 73)
(49, 56)
(49, 60)
(49, 62)
(49, 192)
(49, 193)
(49, 69)
(49, 201)
(49, 74)
(49, 203)
(49, 205)
(49, 209)
(49, 213)
(49, 216)
(49, 217)
(49, 219)
(49, 97)
(49, 99)
(49, 103)
(49, 233)
(49, 235)
(49, 236)
(49, 112)
(49, 113)
(49, 121)
(50, 129)
(50, 66)
(50, 68)
(50, 166)
(50, 200)
(50, 75)
(50, 108)
(50, 239)
(50, 53)
(50, 182)
(50, 95)
(50, 92)
(50, 158)
(50, 223)
(51, 99)
(51, 100)
(51, 133)
(51, 201)
(51, 138)
(51, 203)
(51, 236)
(51, 205)
(51, 112)
(51, 146)
(51, 84)
(51, 62)
(51, 86)
(51, 169)
(51, 222)
(52, 135)
(52, 141)
(52, 161)
(52, 162)
(52, 243)
(52, 174)
(52, 179)
(52, 180)
(52, 183)
(52, 185)
(52, 189)
(52, 190)
(52, 63)
(52, 64)
(52, 65)
(52, 246)
(52, 76)
(52, 207)
(52, 82)
(52, 89)
(52, 220)
(52, 107)
(52, 109)
(52, 115)
(52, 117)
(52, 118)
(52, 247)
(52, 126)
(53, 160)
(53, 66)
(53, 68)
(53, 200)
(53, 75)
(53, 108)
(53, 239)
(53, 182)
(53, 95)
(53, 92)
(53, 93)
(53, 158)
(53, 223)
(54, 131)
(54, 132)
(54, 147)
(54, 153)
(54, 156)
(54, 164)
(54, 113)
(54, 169)
(54, 172)
(54, 194)
(54, 195)
(54, 73)
(54, 211)
(54, 215)
(54, 216)
(54, 90)
(54, 219)
(54, 97)
(54, 98)
(54, 227)
(54, 230)
(54, 233)
(54, 235)
(54, 241)
(54, 242)
(54, 119)
(54, 249)
(55, 161)
(55, 162)
(55, 180)
(55, 229)
(55, 168)
(55, 87)
(55, 76)
(55, 110)
(55, 207)
(55, 104)
(55, 210)
(55, 115)
(55, 212)
(55, 150)
(55, 183)
(55, 83)
(55, 185)
(55, 155)
(56, 142)
(56, 143)
(56, 154)
(56, 163)
(56, 165)
(56, 178)
(56, 60)
(56, 196)
(56, 69)
(56, 73)
(56, 74)
(56, 81)
(56, 213)
(56, 249)
(56, 88)
(56, 217)
(56, 219)
(56, 97)
(56, 228)
(56, 209)
(56, 232)
(56, 235)
(56, 242)
(56, 248)
(56, 121)
(57, 134)
(57, 144)
(57, 151)
(57, 152)
(57, 159)
(57, 160)
(57, 170)
(57, 221)
(57, 58)
(57, 66)
(57, 68)
(57, 200)
(57, 75)
(57, 80)
(57, 93)
(57, 94)
(57, 223)
(57, 101)
(57, 239)
(57, 244)
(57, 123)
(57, 125)
(57, 126)
(58, 128)
(58, 134)
(58, 143)
(58, 144)
(58, 151)
(58, 152)
(58, 159)
(58, 160)
(58, 167)
(58, 170)
(58, 186)
(58, 61)
(58, 67)
(58, 204)
(58, 80)
(58, 88)
(58, 221)
(58, 226)
(58, 244)
(58, 120)
(58, 123)
(58, 125)
(59, 130)
(59, 145)
(59, 149)
(59, 171)
(59, 176)
(59, 178)
(59, 184)
(59, 187)
(59, 60)
(59, 198)
(59, 202)
(59, 77)
(59, 78)
(59, 81)
(59, 213)
(59, 217)
(59, 218)
(59, 228)
(59, 102)
(59, 232)
(59, 105)
(59, 248)
(59, 122)
(59, 127)
(59, 124)
(59, 85)
(60, 142)
(60, 154)
(60, 163)
(60, 165)
(60, 178)
(60, 192)
(60, 193)
(60, 196)
(60, 69)
(60, 198)
(60, 74)
(60, 81)
(60, 213)
(60, 217)
(60, 218)
(60, 219)
(60, 228)
(60, 209)
(60, 232)
(60, 235)
(60, 248)
(60, 121)
(61, 128)
(61, 134)
(61, 143)
(61, 151)
(61, 152)
(61, 159)
(61, 163)
(61, 165)
(61, 170)
(61, 173)
(61, 67)
(61, 196)
(61, 80)
(61, 88)
(61, 221)
(61, 224)
(61, 226)
(61, 242)
(61, 244)
(61, 249)
(61, 123)
(61, 125)
(62, 138)
(62, 146)
(62, 164)
(62, 169)
(62, 172)
(62, 192)
(62, 69)
(62, 201)
(62, 203)
(62, 205)
(62, 84)
(62, 222)
(62, 97)
(62, 99)
(62, 100)
(62, 103)
(62, 233)
(62, 234)
(62, 236)
(62, 112)
(62, 113)
(63, 132)
(63, 135)
(63, 156)
(63, 243)
(63, 174)
(63, 175)
(63, 179)
(63, 189)
(63, 190)
(63, 195)
(63, 76)
(63, 215)
(63, 89)
(63, 94)
(63, 224)
(63, 227)
(63, 101)
(63, 107)
(63, 111)
(63, 115)
(63, 117)
(63, 119)
(63, 126)
(64, 141)
(64, 161)
(64, 162)
(64, 174)
(64, 180)
(64, 183)
(64, 185)
(64, 189)
(64, 65)
(64, 246)
(64, 76)
(64, 207)
(64, 82)
(64, 220)
(64, 109)
(64, 115)
(64, 118)
(64, 247)
(65, 135)
(65, 141)
(65, 174)
(65, 183)
(65, 185)
(65, 189)
(65, 190)
(65, 246)
(65, 76)
(65, 82)
(65, 91)
(65, 220)
(65, 94)
(65, 223)
(65, 109)
(65, 243)
(65, 117)
(65, 118)
(65, 247)
(65, 126)
(66, 134)
(66, 144)
(66, 152)
(66, 158)
(66, 159)
(66, 160)
(66, 170)
(66, 182)
(66, 223)
(66, 68)
(66, 200)
(66, 75)
(66, 92)
(66, 93)
(66, 95)
(66, 108)
(66, 239)
(66, 120)
(66, 125)
(67, 128)
(67, 140)
(67, 143)
(67, 163)
(67, 165)
(67, 171)
(67, 178)
(67, 186)
(67, 199)
(67, 72)
(67, 204)
(67, 79)
(67, 80)
(67, 85)
(67, 214)
(67, 88)
(67, 226)
(67, 228)
(67, 232)
(67, 237)
(67, 238)
(67, 240)
(67, 124)
(68, 134)
(68, 144)
(68, 151)
(68, 152)
(68, 158)
(68, 159)
(68, 160)
(68, 170)
(68, 182)
(68, 200)
(68, 75)
(68, 92)
(68, 93)
(68, 94)
(68, 223)
(68, 101)
(68, 239)
(68, 125)
(68, 126)
(69, 138)
(69, 142)
(69, 154)
(69, 172)
(69, 192)
(69, 193)
(69, 201)
(69, 205)
(69, 209)
(69, 213)
(69, 216)
(69, 217)
(69, 219)
(69, 97)
(69, 99)
(69, 103)
(69, 236)
(69, 112)
(69, 113)
(69, 121)
(70, 96)
(70, 168)
(70, 137)
(70, 106)
(70, 114)
(70, 110)
(70, 210)
(70, 83)
(70, 150)
(70, 87)
(70, 155)
(70, 191)
(71, 148)
(71, 157)
(71, 164)
(71, 113)
(71, 169)
(71, 172)
(71, 194)
(71, 197)
(71, 203)
(71, 206)
(71, 84)
(71, 90)
(71, 100)
(71, 231)
(71, 233)
(71, 234)
(71, 241)
(72, 225)
(72, 130)
(72, 102)
(72, 199)
(72, 136)
(72, 140)
(72, 171)
(72, 204)
(72, 237)
(72, 238)
(72, 79)
(72, 240)
(72, 177)
(72, 178)
(72, 85)
(72, 214)
(72, 186)
(72, 124)
(73, 131)
(73, 142)
(73, 147)
(73, 153)
(73, 164)
(73, 241)
(73, 169)
(73, 172)
(73, 196)
(73, 74)
(73, 203)
(73, 209)
(73, 216)
(73, 219)
(73, 97)
(73, 98)
(73, 230)
(73, 103)
(73, 233)
(73, 235)
(73, 112)
(73, 113)
(73, 242)
(73, 249)
(74, 142)
(74, 143)
(74, 88)
(74, 154)
(74, 163)
(74, 165)
(74, 173)
(74, 178)
(74, 196)
(74, 81)
(74, 213)
(74, 249)
(74, 216)
(74, 217)
(74, 219)
(74, 97)
(74, 228)
(74, 209)
(74, 232)
(74, 235)
(74, 242)
(74, 121)
(75, 160)
(75, 200)
(75, 108)
(75, 239)
(75, 182)
(75, 95)
(75, 92)
(75, 93)
(75, 158)
(75, 223)
(76, 135)
(76, 141)
(76, 161)
(76, 162)
(76, 174)
(76, 243)
(76, 180)
(76, 183)
(76, 185)
(76, 189)
(76, 190)
(76, 207)
(76, 82)
(76, 83)
(76, 89)
(76, 220)
(76, 107)
(76, 109)
(76, 110)
(76, 115)
(76, 117)
(76, 246)
(77, 130)
(77, 145)
(77, 149)
(77, 171)
(77, 176)
(77, 178)
(77, 184)
(77, 187)
(77, 198)
(77, 202)
(77, 78)
(77, 208)
(77, 81)
(77, 213)
(77, 217)
(77, 218)
(77, 225)
(77, 228)
(77, 102)
(77, 232)
(77, 105)
(77, 248)
(77, 122)
(77, 124)
(77, 85)
(77, 127)
(78, 130)
(78, 140)
(78, 145)
(78, 149)
(78, 171)
(78, 176)
(78, 178)
(78, 184)
(78, 187)
(78, 198)
(78, 202)
(78, 208)
(78, 85)
(78, 218)
(78, 225)
(78, 228)
(78, 102)
(78, 105)
(78, 237)
(78, 122)
(78, 124)
(78, 127)
(79, 225)
(79, 199)
(79, 136)
(79, 140)
(79, 171)
(79, 204)
(79, 237)
(79, 238)
(79, 240)
(79, 177)
(79, 85)
(79, 214)
(79, 186)
(80, 128)
(80, 134)
(80, 143)
(80, 144)
(80, 151)
(80, 152)
(80, 159)
(80, 160)
(80, 170)
(80, 221)
(80, 88)
(80, 93)
(80, 226)
(80, 244)
(80, 123)
(80, 125)
(81, 142)
(81, 149)
(81, 154)
(81, 176)
(81, 184)
(81, 192)
(81, 193)
(81, 198)
(81, 202)
(81, 213)
(81, 217)
(81, 218)
(81, 228)
(81, 232)
(81, 105)
(81, 248)
(81, 121)
(82, 141)
(82, 162)
(82, 174)
(82, 183)
(82, 185)
(82, 189)
(82, 246)
(82, 91)
(82, 220)
(82, 109)
(82, 117)
(82, 118)
(82, 247)
(82, 126)
(83, 150)
(83, 155)
(83, 161)
(83, 168)
(83, 137)
(83, 190)
(83, 191)
(83, 183)
(83, 207)
(83, 210)
(83, 212)
(83, 87)
(83, 89)
(83, 96)
(83, 106)
(83, 107)
(83, 110)
(83, 114)
(83, 115)
(84, 133)
(84, 139)
(84, 146)
(84, 164)
(84, 169)
(84, 172)
(84, 138)
(84, 201)
(84, 203)
(84, 205)
(84, 86)
(84, 222)
(84, 99)
(84, 100)
(84, 231)
(84, 233)
(84, 234)
(84, 236)
(84, 112)
(84, 113)
(85, 130)
(85, 140)
(85, 143)
(85, 145)
(85, 171)
(85, 176)
(85, 178)
(85, 184)
(85, 186)
(85, 187)
(85, 198)
(85, 199)
(85, 202)
(85, 204)
(85, 214)
(85, 218)
(85, 225)
(85, 228)
(85, 102)
(85, 232)
(85, 237)
(85, 238)
(85, 240)
(85, 124)
(86, 100)
(86, 133)
(86, 231)
(86, 139)
(86, 146)
(86, 222)
(87, 229)
(87, 168)
(87, 106)
(87, 114)
(87, 110)
(87, 104)
(87, 210)
(87, 212)
(87, 150)
(87, 155)
(88, 128)
(88, 163)
(88, 165)
(88, 171)
(88, 173)
(88, 178)
(88, 196)
(88, 143)
(88, 221)
(88, 226)
(88, 228)
(88, 232)
(88, 235)
(88, 242)
(88, 249)
(88, 123)
(89, 132)
(89, 135)
(89, 156)
(89, 161)
(89, 243)
(89, 174)
(89, 175)
(89, 179)
(89, 183)
(89, 185)
(89, 189)
(89, 190)
(89, 191)
(89, 195)
(89, 215)
(89, 227)
(89, 106)
(89, 107)
(89, 110)
(89, 111)
(89, 114)
(89, 115)
(89, 119)
(90, 132)
(90, 137)
(90, 148)
(90, 153)
(90, 156)
(90, 157)
(90, 164)
(90, 169)
(90, 181)
(90, 188)
(90, 194)
(90, 195)
(90, 197)
(90, 206)
(90, 211)
(90, 215)
(90, 96)
(90, 231)
(90, 233)
(90, 234)
(90, 241)
(90, 116)
(91, 246)
(91, 92)
(91, 141)
(91, 174)
(91, 109)
(91, 182)
(91, 247)
(91, 220)
(91, 118)
(91, 158)
(91, 223)
(92, 200)
(92, 108)
(92, 239)
(92, 182)
(92, 93)
(92, 158)
(92, 223)
(93, 134)
(93, 144)
(93, 151)
(93, 152)
(93, 158)
(93, 159)
(93, 160)
(93, 170)
(93, 182)
(93, 200)
(93, 223)
(93, 101)
(93, 239)
(93, 120)
(93, 125)
(94, 134)
(94, 135)
(94, 151)
(94, 152)
(94, 111)
(94, 170)
(94, 174)
(94, 179)
(94, 141)
(94, 220)
(94, 224)
(94, 101)
(94, 239)
(94, 243)
(94, 244)
(94, 117)
(94, 246)
(94, 126)
(95, 129)
(95, 166)
(95, 200)
(95, 108)
(95, 120)
(96, 132)
(96, 137)
(96, 148)
(96, 150)
(96, 156)
(96, 157)
(96, 181)
(96, 188)
(96, 191)
(96, 194)
(96, 195)
(96, 211)
(96, 215)
(96, 227)
(96, 106)
(96, 110)
(96, 114)
(96, 116)
(97, 142)
(97, 131)
(97, 154)
(97, 164)
(97, 241)
(97, 169)
(97, 172)
(97, 203)
(97, 205)
(97, 209)
(97, 216)
(97, 219)
(97, 99)
(97, 103)
(97, 233)
(97, 235)
(97, 236)
(97, 112)
(97, 113)
(97, 249)
(98, 131)
(98, 132)
(98, 147)
(98, 153)
(98, 173)
(98, 175)
(98, 196)
(98, 211)
(98, 215)
(98, 216)
(98, 219)
(98, 221)
(98, 224)
(98, 226)
(98, 227)
(98, 230)
(98, 235)
(98, 242)
(98, 119)
(98, 249)
(99, 138)
(99, 146)
(99, 164)
(99, 169)
(99, 172)
(99, 201)
(99, 203)
(99, 205)
(99, 222)
(99, 100)
(99, 103)
(99, 233)
(99, 234)
(99, 236)
(99, 112)
(99, 113)
(100, 133)
(100, 139)
(100, 146)
(100, 164)
(100, 169)
(100, 172)
(100, 197)
(100, 203)
(100, 206)
(100, 222)
(100, 231)
(100, 233)
(100, 234)
(100, 236)
(100, 241)
(101, 134)
(101, 135)
(101, 151)
(101, 152)
(101, 111)
(101, 159)
(101, 160)
(101, 170)
(101, 179)
(101, 221)
(101, 224)
(101, 239)
(101, 243)
(101, 244)
(101, 117)
(101, 123)
(101, 125)
(101, 126)
(102, 130)
(102, 140)
(102, 145)
(102, 171)
(102, 176)
(102, 178)
(102, 184)
(102, 187)
(102, 198)
(102, 199)
(102, 202)
(102, 208)
(102, 214)
(102, 218)
(102, 225)
(102, 228)
(102, 105)
(102, 237)
(102, 238)
(102, 240)
(102, 122)
(102, 124)
(102, 127)
(103, 138)
(103, 142)
(103, 154)
(103, 169)
(103, 172)
(103, 192)
(103, 193)
(103, 201)
(103, 203)
(103, 205)
(103, 209)
(103, 216)
(103, 219)
(103, 233)
(103, 236)
(103, 112)
(103, 113)
(103, 121)
(104, 162)
(104, 229)
(104, 168)
(104, 207)
(104, 210)
(104, 180)
(104, 212)
(105, 130)
(105, 145)
(105, 149)
(105, 176)
(105, 184)
(105, 198)
(105, 202)
(105, 208)
(105, 218)
(105, 187)
(105, 248)
(105, 122)
(105, 127)
(106, 137)
(106, 107)
(106, 110)
(106, 114)
(106, 181)
(106, 150)
(106, 155)
(106, 191)
(107, 135)
(107, 161)
(107, 243)
(107, 174)
(107, 175)
(107, 179)
(107, 183)
(107, 185)
(107, 189)
(107, 190)
(107, 191)
(107, 207)
(107, 227)
(107, 110)
(107, 111)
(107, 114)
(107, 115)
(107, 119)
(108, 129)
(108, 166)
(108, 200)
(108, 158)
(109, 141)
(109, 162)
(109, 174)
(109, 180)
(109, 183)
(109, 185)
(109, 189)
(109, 190)
(109, 246)
(109, 220)
(109, 117)
(109, 118)
(109, 247)
(109, 126)
(110, 137)
(110, 150)
(110, 155)
(110, 161)
(110, 168)
(110, 190)
(110, 191)
(110, 207)
(110, 210)
(110, 212)
(110, 114)
(110, 115)
(111, 132)
(111, 135)
(111, 147)
(111, 151)
(111, 174)
(111, 175)
(111, 179)
(111, 190)
(111, 215)
(111, 221)
(111, 224)
(111, 227)
(111, 243)
(111, 244)
(111, 117)
(111, 119)
(111, 126)
(112, 138)
(112, 142)
(112, 154)
(112, 169)
(112, 172)
(112, 192)
(112, 193)
(112, 201)
(112, 203)
(112, 205)
(112, 209)
(112, 216)
(112, 219)
(112, 233)
(112, 236)
(112, 113)
(113, 138)
(113, 142)
(113, 131)
(113, 164)
(113, 169)
(113, 172)
(113, 201)
(113, 203)
(113, 205)
(113, 209)
(113, 216)
(113, 219)
(113, 233)
(113, 234)
(113, 236)
(113, 241)
(114, 137)
(114, 150)
(114, 155)
(114, 161)
(114, 168)
(114, 181)
(114, 191)
(114, 210)
(114, 115)
(115, 135)
(115, 150)
(115, 161)
(115, 162)
(115, 168)
(115, 174)
(115, 180)
(115, 185)
(115, 189)
(115, 190)
(115, 183)
(115, 207)
(115, 210)
(115, 243)
(116, 194)
(116, 197)
(116, 137)
(116, 206)
(116, 148)
(116, 181)
(116, 188)
(116, 157)
(116, 191)
(117, 135)
(117, 141)
(117, 151)
(117, 174)
(117, 179)
(117, 189)
(117, 190)
(117, 220)
(117, 243)
(117, 246)
(117, 247)
(117, 126)
(118, 162)
(118, 141)
(118, 174)
(118, 246)
(118, 247)
(118, 185)
(118, 220)
(119, 132)
(119, 135)
(119, 147)
(119, 153)
(119, 156)
(119, 175)
(119, 179)
(119, 181)
(119, 190)
(119, 191)
(119, 195)
(119, 211)
(119, 215)
(119, 224)
(119, 227)
(119, 230)
(119, 243)
(120, 160)
(120, 128)
(120, 167)
(120, 200)
(120, 239)
(120, 144)
(120, 177)
(120, 245)
(120, 136)
(120, 125)
(120, 159)
(121, 142)
(121, 149)
(121, 154)
(121, 192)
(121, 193)
(121, 205)
(121, 209)
(121, 213)
(121, 217)
(121, 248)
(122, 130)
(122, 145)
(122, 176)
(122, 184)
(122, 198)
(122, 202)
(122, 208)
(122, 218)
(122, 225)
(122, 187)
(122, 124)
(122, 127)
(123, 128)
(123, 134)
(123, 143)
(123, 144)
(123, 151)
(123, 152)
(123, 159)
(123, 160)
(123, 170)
(123, 173)
(123, 221)
(123, 226)
(123, 244)
(123, 125)
(124, 130)
(124, 140)
(124, 143)
(124, 145)
(124, 171)
(124, 176)
(124, 178)
(124, 184)
(124, 187)
(124, 198)
(124, 199)
(124, 202)
(124, 204)
(124, 214)
(124, 218)
(124, 225)
(124, 228)
(124, 232)
(124, 237)
(124, 238)
(124, 240)
(125, 128)
(125, 134)
(125, 144)
(125, 151)
(125, 152)
(125, 159)
(125, 160)
(125, 170)
(125, 200)
(125, 221)
(125, 226)
(125, 239)
(125, 244)
(126, 135)
(126, 141)
(126, 151)
(126, 170)
(126, 174)
(126, 179)
(126, 189)
(126, 190)
(126, 220)
(126, 223)
(126, 243)
(126, 246)
(127, 130)
(127, 145)
(127, 149)
(127, 176)
(127, 184)
(127, 198)
(127, 202)
(127, 208)
(127, 218)
(127, 225)
(127, 187)
(128, 134)
(128, 136)
(128, 143)
(128, 144)
(128, 152)
(128, 159)
(128, 167)
(128, 170)
(128, 177)
(128, 204)
(128, 186)
(128, 226)
(128, 244)
(129, 166)
(130, 140)
(130, 145)
(130, 171)
(130, 176)
(130, 178)
(130, 184)
(130, 187)
(130, 198)
(130, 199)
(130, 202)
(130, 208)
(130, 214)
(130, 218)
(130, 225)
(130, 228)
(130, 237)
(130, 238)
(130, 240)
(131, 142)
(131, 147)
(131, 153)
(131, 164)
(131, 169)
(131, 172)
(131, 196)
(131, 203)
(131, 209)
(131, 216)
(131, 219)
(131, 230)
(131, 233)
(131, 235)
(131, 241)
(131, 242)
(131, 249)
(132, 137)
(132, 147)
(132, 153)
(132, 156)
(132, 175)
(132, 181)
(132, 191)
(132, 194)
(132, 195)
(132, 211)
(132, 215)
(132, 224)
(132, 227)
(132, 230)
(133, 231)
(133, 234)
(133, 139)
(133, 146)
(133, 222)
(134, 144)
(134, 151)
(134, 152)
(134, 159)
(134, 160)
(134, 170)
(134, 200)
(134, 221)
(134, 226)
(134, 239)
(134, 244)
(135, 175)
(135, 179)
(135, 183)
(135, 185)
(135, 189)
(135, 190)
(135, 141)
(135, 220)
(135, 224)
(135, 227)
(135, 174)
(135, 243)
(135, 246)
(136, 199)
(136, 167)
(136, 204)
(136, 238)
(136, 177)
(136, 245)
(136, 186)
(137, 148)
(137, 150)
(137, 156)
(137, 157)
(137, 181)
(137, 188)
(137, 191)
(137, 194)
(137, 195)
(137, 211)
(138, 192)
(138, 193)
(138, 201)
(138, 203)
(138, 236)
(138, 205)
(138, 146)
(139, 231)
(139, 234)
(139, 146)
(139, 222)
(140, 145)
(140, 171)
(140, 176)
(140, 178)
(140, 184)
(140, 186)
(140, 187)
(140, 198)
(140, 199)
(140, 202)
(140, 204)
(140, 214)
(140, 218)
(140, 225)
(140, 228)
(140, 237)
(140, 238)
(140, 240)
(141, 174)
(141, 179)
(141, 183)
(141, 185)
(141, 189)
(141, 190)
(141, 220)
(141, 223)
(141, 243)
(141, 246)
(141, 247)
(142, 154)
(142, 172)
(142, 192)
(142, 193)
(142, 205)
(142, 209)
(142, 213)
(142, 216)
(142, 217)
(142, 219)
(142, 233)
(142, 235)
(143, 163)
(143, 165)
(143, 171)
(143, 173)
(143, 178)
(143, 196)
(143, 204)
(143, 226)
(143, 228)
(143, 232)
(144, 151)
(144, 152)
(144, 159)
(144, 160)
(144, 167)
(144, 170)
(144, 177)
(144, 200)
(144, 239)
(144, 244)
(144, 245)
(145, 171)
(145, 176)
(145, 178)
(145, 184)
(145, 198)
(145, 202)
(145, 208)
(145, 214)
(145, 218)
(145, 225)
(145, 187)
(145, 228)
(145, 232)
(145, 237)
(145, 240)
(146, 201)
(146, 234)
(146, 203)
(146, 236)
(146, 222)
(147, 153)
(147, 156)
(147, 173)
(147, 175)
(147, 195)
(147, 196)
(147, 211)
(147, 215)
(147, 221)
(147, 224)
(147, 227)
(147, 230)
(147, 242)
(147, 249)
(148, 153)
(148, 156)
(148, 157)
(148, 164)
(148, 181)
(148, 188)
(148, 194)
(148, 195)
(148, 197)
(148, 206)
(148, 211)
(148, 231)
(148, 234)
(148, 241)
(149, 176)
(149, 184)
(149, 198)
(149, 202)
(149, 208)
(149, 213)
(149, 217)
(149, 218)
(149, 248)
(150, 161)
(150, 168)
(150, 210)
(150, 212)
(150, 155)
(150, 191)
(151, 152)
(151, 159)
(151, 160)
(151, 170)
(151, 179)
(151, 221)
(151, 224)
(151, 226)
(151, 239)
(151, 243)
(151, 244)
(152, 159)
(152, 160)
(152, 170)
(152, 200)
(152, 221)
(152, 226)
(152, 239)
(152, 244)
(153, 156)
(153, 175)
(153, 181)
(153, 194)
(153, 195)
(153, 197)
(153, 206)
(153, 211)
(153, 215)
(153, 227)
(153, 230)
(153, 241)
(154, 192)
(154, 193)
(154, 205)
(154, 213)
(154, 216)
(154, 217)
(154, 219)
(154, 209)
(154, 248)
(155, 229)
(155, 168)
(155, 210)
(155, 212)
(156, 175)
(156, 181)
(156, 194)
(156, 195)
(156, 206)
(156, 211)
(156, 215)
(156, 227)
(156, 230)
(156, 191)
(157, 194)
(157, 197)
(157, 231)
(157, 206)
(157, 211)
(157, 181)
(157, 188)
(158, 160)
(158, 200)
(158, 239)
(158, 182)
(158, 223)
(159, 160)
(159, 170)
(159, 200)
(159, 239)
(159, 244)
(160, 170)
(160, 182)
(160, 200)
(160, 223)
(160, 239)
(160, 244)
(161, 162)
(161, 168)
(161, 174)
(161, 180)
(161, 185)
(161, 189)
(161, 190)
(161, 183)
(161, 207)
(161, 210)
(161, 212)
(161, 229)
(162, 168)
(162, 180)
(162, 185)
(162, 189)
(162, 183)
(162, 207)
(162, 212)
(162, 229)
(162, 210)
(163, 165)
(163, 173)
(163, 178)
(163, 196)
(163, 209)
(163, 221)
(163, 226)
(163, 228)
(163, 232)
(163, 235)
(163, 242)
(163, 249)
(164, 169)
(164, 172)
(164, 194)
(164, 197)
(164, 203)
(164, 206)
(164, 216)
(164, 231)
(164, 233)
(164, 234)
(164, 236)
(164, 241)
(165, 173)
(165, 178)
(165, 196)
(165, 209)
(165, 219)
(165, 226)
(165, 228)
(165, 232)
(165, 235)
(165, 242)
(165, 249)
(167, 204)
(167, 177)
(167, 245)
(167, 186)
(168, 229)
(168, 207)
(168, 210)
(168, 180)
(168, 183)
(168, 212)
(169, 172)
(169, 197)
(169, 201)
(169, 203)
(169, 205)
(169, 206)
(169, 216)
(169, 219)
(169, 222)
(169, 231)
(169, 233)
(169, 234)
(169, 236)
(169, 241)
(170, 221)
(170, 200)
(170, 239)
(170, 244)
(171, 176)
(171, 178)
(171, 184)
(171, 186)
(171, 187)
(171, 198)
(171, 199)
(171, 202)
(171, 204)
(171, 214)
(171, 218)
(171, 225)
(171, 228)
(171, 232)
(171, 237)
(171, 238)
(171, 240)
(172, 201)
(172, 203)
(172, 205)
(172, 209)
(172, 216)
(172, 219)
(172, 233)
(172, 234)
(172, 236)
(172, 241)
(173, 224)
(173, 226)
(173, 196)
(173, 230)
(173, 235)
(173, 242)
(173, 244)
(173, 249)
(173, 221)
(174, 179)
(174, 183)
(174, 185)
(174, 189)
(174, 190)
(174, 220)
(174, 243)
(174, 246)
(174, 247)
(175, 179)
(175, 190)
(175, 195)
(175, 211)
(175, 215)
(175, 224)
(175, 227)
(175, 230)
(175, 243)
(175, 191)
(176, 178)
(176, 184)
(176, 198)
(176, 202)
(176, 208)
(176, 218)
(176, 225)
(176, 187)
(176, 228)
(176, 232)
(176, 237)
(177, 204)
(177, 245)
(177, 186)
(178, 198)
(178, 202)
(178, 204)
(178, 184)
(178, 218)
(178, 187)
(178, 228)
(178, 232)
(178, 237)
(178, 240)
(179, 189)
(179, 190)
(179, 220)
(179, 224)
(179, 227)
(179, 243)
(180, 229)
(180, 207)
(180, 210)
(180, 212)
(180, 183)
(180, 185)
(180, 189)
(181, 188)
(181, 191)
(181, 194)
(181, 195)
(181, 197)
(181, 206)
(181, 211)
(181, 215)
(181, 227)
(182, 200)
(182, 239)
(182, 223)
(183, 210)
(183, 185)
(183, 189)
(183, 190)
(183, 207)
(183, 220)
(183, 246)
(184, 198)
(184, 202)
(184, 208)
(184, 218)
(184, 225)
(184, 187)
(184, 228)
(184, 232)
(184, 237)
(185, 189)
(185, 190)
(185, 246)
(185, 207)
(185, 220)
(185, 229)
(185, 210)
(186, 199)
(186, 204)
(186, 237)
(186, 238)
(186, 240)
(186, 214)
(187, 198)
(187, 202)
(187, 208)
(187, 218)
(187, 225)
(187, 228)
(187, 237)
(188, 194)
(188, 197)
(188, 206)
(189, 243)
(189, 190)
(189, 207)
(189, 220)
(189, 246)
(190, 243)
(190, 207)
(190, 220)
(190, 246)
(191, 194)
(191, 195)
(191, 211)
(191, 215)
(191, 227)
(192, 209)
(192, 193)
(192, 201)
(192, 205)
(192, 213)
(192, 217)
(192, 248)
(193, 205)
(193, 209)
(193, 213)
(193, 248)
(193, 217)
(194, 195)
(194, 197)
(194, 206)
(194, 211)
(194, 215)
(194, 227)
(194, 241)
(195, 197)
(195, 206)
(195, 211)
(195, 215)
(195, 227)
(195, 230)
(196, 209)
(196, 219)
(196, 221)
(196, 226)
(196, 230)
(196, 232)
(196, 235)
(196, 242)
(196, 249)
(197, 206)
(197, 211)
(197, 231)
(197, 233)
(197, 234)
(197, 241)
(198, 202)
(198, 208)
(198, 213)
(198, 217)
(198, 218)
(198, 225)
(198, 228)
(198, 232)
(198, 237)
(198, 248)
(199, 225)
(199, 204)
(199, 237)
(199, 238)
(199, 240)
(199, 214)
(200, 223)
(200, 239)
(201, 203)
(201, 236)
(201, 205)
(201, 222)
(202, 208)
(202, 218)
(202, 225)
(202, 228)
(202, 232)
(202, 237)
(202, 248)
(203, 205)
(203, 216)
(203, 222)
(203, 233)
(203, 234)
(203, 236)
(203, 241)
(204, 214)
(204, 237)
(204, 238)
(204, 240)
(205, 209)
(205, 216)
(205, 219)
(205, 233)
(205, 236)
(206, 211)
(206, 231)
(206, 233)
(206, 234)
(206, 241)
(207, 210)
(207, 212)
(207, 229)
(209, 213)
(209, 216)
(209, 217)
(209, 219)
(209, 235)
(209, 242)
(209, 249)
(210, 212)
(210, 229)
(211, 215)
(211, 227)
(211, 230)
(211, 241)
(212, 229)
(213, 217)
(213, 218)
(213, 228)
(213, 232)
(213, 248)
(214, 225)
(214, 237)
(214, 238)
(214, 240)
(215, 224)
(215, 227)
(215, 230)
(216, 219)
(216, 230)
(216, 233)
(216, 235)
(216, 236)
(216, 241)
(216, 242)
(216, 249)
(217, 218)
(217, 228)
(217, 232)
(217, 248)
(218, 225)
(218, 228)
(218, 232)
(218, 237)
(218, 248)
(219, 230)
(219, 233)
(219, 235)
(219, 242)
(219, 249)
(220, 246)
(220, 243)
(220, 247)
(221, 224)
(221, 226)
(221, 230)
(221, 242)
(221, 244)
(221, 249)
(222, 231)
(222, 234)
(222, 236)
(223, 239)
(223, 247)
(224, 226)
(224, 227)
(224, 230)
(224, 242)
(224, 243)
(224, 244)
(224, 249)
(225, 237)
(225, 238)
(225, 240)
(226, 235)
(226, 242)
(226, 244)
(226, 249)
(227, 230)
(227, 243)
(228, 232)
(230, 235)
(230, 242)
(230, 249)
(231, 234)
(231, 241)
(232, 235)
(233, 241)
(233, 234)
(233, 236)
(234, 241)
(234, 236)
(235, 242)
(235, 249)
(236, 241)
(237, 238)
(237, 240)
(238, 240)
(242, 249)
(243, 246)
(246, 247)
