#Nodes
0
1
2
3
4
5
6
7
8
9
10
11
12
13
14
15
16
17
18
19
20
21
22
23
24
25
26
27
28
29
30
31
32
33
34
35
36
37
38
39
40
41
42
43
44
45
46
47
48
49
50
51
52
53
54
55
56
57
58
59
60
61
62
63
64
65
66
67
68
69
70
71
72
73
74
75
76
77
78
79
80
81
82
83
84
85
86
87
88
89
90
91
92
93
94
95
96
97
98
99
#Edges
(0, 2)
(0, 3)
(0, 37)
(0, 6)
(0, 14)
(0, 21)
(0, 92)
(1, 96)
(1, 97)
(1, 98)
(1, 27)
(1, 70)
(1, 32)
(1, 75)
(1, 13)
(1, 81)
(1, 82)
(1, 24)
(1, 91)
(2, 3)
(2, 68)
(2, 37)
(2, 7)
(2, 41)
(2, 14)
(2, 21)
(3, 68)
(3, 37)
(3, 41)
(3, 14)
(3, 21)
(4, 19)
(4, 99)
(4, 17)
(4, 28)
(4, 44)
(4, 46)
(4, 79)
(4, 49)
(4, 35)
(4, 54)
(4, 23)
(4, 88)
(4, 47)
(4, 60)
(5, 33)
(5, 34)
(5, 39)
(5, 12)
(5, 18)
(5, 83)
(5, 25)
(6, 37)
(6, 74)
(6, 20)
(6, 21)
(6, 92)
(7, 56)
(7, 40)
(7, 58)
(7, 36)
(8, 97)
(8, 38)
(8, 70)
(8, 71)
(8, 9)
(8, 43)
(8, 81)
(8, 82)
(8, 85)
(8, 57)
(8, 90)
(8, 30)
(9, 71)
(9, 78)
(9, 85)
(9, 57)
(9, 90)
(9, 30)
(10, 34)
(10, 69)
(10, 73)
(10, 74)
(10, 55)
(10, 76)
(10, 80)
(10, 20)
(10, 53)
(10, 22)
(10, 87)
(10, 92)
(10, 42)
(11, 96)
(11, 32)
(11, 38)
(11, 72)
(11, 81)
(11, 82)
(11, 19)
(11, 84)
(11, 86)
(11, 23)
(11, 91)
(11, 30)
(11, 63)
(12, 34)
(12, 83)
(13, 96)
(13, 97)
(13, 98)
(13, 70)
(13, 32)
(13, 75)
(13, 81)
(13, 82)
(13, 24)
(13, 27)
(14, 37)
(14, 41)
(14, 21)
(15, 64)
(15, 41)
(15, 42)
(15, 93)
(15, 48)
(15, 50)
(15, 87)
(15, 61)
(15, 62)
(16, 65)
(16, 98)
(16, 59)
(16, 24)
(16, 26)
(16, 27)
(16, 29)
(17, 99)
(17, 44)
(17, 77)
(17, 79)
(17, 49)
(17, 89)
(17, 31)
(17, 94)
(17, 95)
(18, 33)
(18, 66)
(18, 71)
(18, 43)
(18, 45)
(18, 78)
(18, 83)
(18, 39)
(19, 64)
(19, 54)
(19, 46)
(19, 47)
(19, 48)
(19, 84)
(19, 86)
(19, 23)
(19, 88)
(19, 91)
(19, 28)
(19, 63)
(20, 69)
(20, 73)
(20, 74)
(20, 55)
(20, 76)
(20, 80)
(20, 53)
(20, 22)
(20, 87)
(20, 92)
(21, 37)
(22, 34)
(22, 69)
(22, 73)
(22, 42)
(22, 87)
(22, 76)
(22, 80)
(22, 53)
(22, 55)
(23, 32)
(23, 27)
(23, 79)
(23, 47)
(23, 91)
(23, 29)
(23, 63)
(24, 32)
(24, 98)
(24, 70)
(24, 75)
(24, 26)
(24, 27)
(24, 29)
(25, 34)
(25, 39)
(25, 42)
(25, 52)
(25, 62)
(26, 65)
(26, 98)
(26, 59)
(26, 29)
(27, 96)
(27, 97)
(27, 98)
(27, 70)
(27, 32)
(27, 75)
(27, 81)
(27, 82)
(27, 91)
(27, 29)
(28, 64)
(28, 67)
(28, 44)
(28, 46)
(28, 47)
(28, 48)
(28, 99)
(28, 54)
(28, 88)
(28, 60)
(28, 61)
(29, 65)
(29, 98)
(29, 79)
(30, 96)
(30, 97)
(30, 33)
(30, 38)
(30, 71)
(30, 72)
(30, 43)
(30, 81)
(30, 82)
(30, 85)
(31, 49)
(31, 77)
(31, 79)
(32, 96)
(32, 97)
(32, 98)
(32, 38)
(32, 70)
(32, 75)
(32, 81)
(32, 82)
(32, 91)
(32, 63)
(33, 38)
(33, 39)
(33, 72)
(33, 43)
(33, 81)
(33, 84)
(33, 85)
(33, 86)
(33, 52)
(34, 42)
(34, 55)
(34, 62)
(34, 69)
(35, 99)
(35, 44)
(35, 47)
(35, 49)
(35, 89)
(35, 60)
(35, 94)
(35, 95)
(36, 56)
(36, 40)
(36, 58)
(36, 51)
(37, 41)
(37, 50)
(37, 92)
(38, 96)
(38, 97)
(38, 39)
(38, 72)
(38, 43)
(38, 81)
(38, 82)
(38, 84)
(38, 85)
(38, 86)
(38, 91)
(38, 63)
(39, 72)
(39, 43)
(39, 52)
(39, 86)
(39, 84)
(39, 62)
(40, 56)
(40, 58)
(40, 51)
(41, 67)
(41, 68)
(41, 61)
(41, 48)
(41, 50)
(41, 93)
(42, 69)
(42, 87)
(42, 52)
(42, 53)
(42, 55)
(42, 93)
(42, 62)
(43, 96)
(43, 66)
(43, 71)
(43, 72)
(43, 81)
(43, 82)
(43, 85)
(44, 99)
(44, 79)
(44, 49)
(44, 54)
(44, 88)
(44, 89)
(44, 47)
(44, 94)
(44, 95)
(45, 66)
(45, 71)
(45, 78)
(45, 83)
(45, 57)
(46, 64)
(46, 67)
(46, 54)
(46, 47)
(46, 48)
(46, 84)
(46, 86)
(46, 88)
(46, 60)
(46, 61)
(46, 63)
(47, 64)
(47, 99)
(47, 79)
(47, 49)
(47, 54)
(47, 88)
(47, 60)
(48, 64)
(48, 67)
(48, 68)
(48, 61)
(48, 50)
(48, 54)
(48, 88)
(48, 60)
(48, 93)
(49, 99)
(49, 77)
(49, 79)
(49, 89)
(49, 94)
(49, 95)
(50, 64)
(50, 67)
(50, 68)
(50, 61)
(50, 93)
(51, 56)
(51, 58)
(52, 72)
(52, 84)
(52, 86)
(52, 62)
(53, 69)
(53, 73)
(53, 74)
(53, 55)
(53, 76)
(53, 80)
(53, 87)
(53, 92)
(54, 64)
(54, 67)
(54, 99)
(54, 88)
(54, 60)
(54, 61)
(55, 69)
(55, 73)
(55, 76)
(55, 80)
(55, 87)
(56, 58)
(57, 66)
(57, 71)
(57, 78)
(57, 85)
(57, 90)
(59, 65)
(60, 64)
(60, 67)
(60, 68)
(60, 99)
(60, 88)
(60, 61)
(61, 64)
(61, 67)
(61, 68)
(61, 88)
(61, 93)
(62, 93)
(63, 96)
(63, 72)
(63, 81)
(63, 84)
(63, 86)
(63, 91)
(64, 67)
(64, 68)
(64, 88)
(64, 93)
(66, 71)
(66, 78)
(66, 83)
(66, 85)
(67, 68)
(67, 88)
(67, 93)
(68, 93)
(69, 73)
(69, 76)
(69, 80)
(69, 87)
(70, 96)
(70, 97)
(70, 98)
(70, 75)
(70, 81)
(70, 82)
(71, 78)
(71, 83)
(71, 85)
(71, 90)
(72, 96)
(72, 81)
(72, 82)
(72, 84)
(72, 85)
(72, 86)
(72, 91)
(73, 76)
(73, 80)
(74, 76)
(74, 80)
(74, 87)
(74, 92)
(75, 96)
(75, 97)
(75, 98)
(75, 82)
(75, 91)
(76, 80)
(76, 87)
(77, 94)
(77, 79)
(78, 83)
(79, 99)
(80, 87)
(81, 96)
(81, 97)
(81, 82)
(81, 84)
(81, 85)
(81, 86)
(81, 91)
(82, 96)
(82, 97)
(82, 85)
(82, 91)
(84, 86)
(84, 91)
(85, 96)
(85, 97)
(85, 90)
(86, 91)
(87, 92)
(88, 99)
(89, 99)
(89, 94)
(89, 95)
(90, 97)
(91, 96)
(94, 99)
(94, 95)
(95, 99)
(96, 97)
