#Nodes
0
1
2
3
4
5
6
7
8
9
10
11
12
13
14
15
16
17
18
19
20
21
22
23
24
25
26
27
28
29
30
31
32
33
34
35
36
37
38
39
40
41
42
43
44
45
46
47
48
49
50
51
52
53
54
55
56
57
58
59
60
61
62
63
64
65
66
67
68
69
70
71
72
73
74
75
76
77
78
79
80
81
82
83
84
85
86
87
88
89
90
91
92
93
94
95
96
97
98
99
100
101
102
103
104
105
106
107
108
109
110
111
112
113
114
115
116
117
118
119
120
121
122
123
124
125
126
127
128
129
130
131
132
133
134
135
136
137
138
139
140
141
142
143
144
145
146
147
148
149
150
151
152
153
154
155
156
157
158
159
160
161
162
163
164
165
166
167
168
169
170
171
172
173
174
175
176
177
178
179
180
181
182
183
184
185
186
187
188
189
190
191
192
193
194
195
196
197
198
199
200
201
202
203
204
205
206
207
208
209
210
211
212
213
214
215
216
217
218
219
220
221
222
223
224
225
226
227
228
229
230
231
232
233
234
235
236
237
238
239
240
241
242
243
244
245
246
247
248
249
#Edges
(0, 4)
(0, 9)
(0, 10)
(0, 12)
(0, 142)
(0, 143)
(0, 18)
(0, 149)
(0, 24)
(0, 154)
(0, 26)
(0, 166)
(0, 41)
(0, 175)
(0, 48)
(0, 177)
(0, 58)
(0, 62)
(0, 191)
(0, 193)
(0, 194)
(0, 71)
(0, 75)
(0, 76)
(0, 209)
(0, 210)
(0, 215)
(0, 216)
(0, 90)
(0, 222)
(0, 97)
(0, 100)
(0, 231)
(0, 106)
(0, 239)
(0, 240)
(0, 113)
(0, 121)
(1, 132)
(1, 6)
(1, 10)
(1, 13)
(1, 16)
(1, 18)
(1, 20)
(1, 152)
(1, 25)
(1, 27)
(1, 156)
(1, 163)
(1, 36)
(1, 40)
(1, 28)
(1, 173)
(1, 49)
(1, 179)
(1, 182)
(1, 60)
(1, 191)
(1, 204)
(1, 75)
(1, 76)
(1, 77)
(1, 79)
(1, 82)
(1, 217)
(1, 224)
(1, 109)
(1, 111)
(2, 214)
(2, 139)
(2, 14)
(2, 17)
(2, 22)
(2, 159)
(2, 34)
(2, 39)
(2, 42)
(2, 172)
(2, 176)
(2, 52)
(2, 181)
(2, 54)
(2, 183)
(2, 56)
(2, 61)
(2, 69)
(2, 72)
(2, 73)
(2, 203)
(2, 83)
(2, 213)
(2, 86)
(2, 219)
(2, 228)
(2, 230)
(2, 235)
(2, 237)
(2, 238)
(2, 127)
(3, 64)
(3, 98)
(3, 115)
(3, 165)
(3, 134)
(3, 103)
(3, 169)
(3, 78)
(3, 99)
(3, 81)
(3, 146)
(3, 243)
(3, 180)
(3, 246)
(3, 87)
(3, 184)
(3, 186)
(3, 59)
(3, 188)
(3, 125)
(3, 223)
(4, 129)
(4, 7)
(4, 142)
(4, 143)
(4, 145)
(4, 149)
(4, 23)
(4, 24)
(4, 154)
(4, 155)
(4, 29)
(4, 37)
(4, 166)
(4, 168)
(4, 41)
(4, 170)
(4, 71)
(4, 175)
(4, 48)
(4, 57)
(4, 62)
(4, 194)
(4, 97)
(4, 208)
(4, 210)
(4, 84)
(4, 222)
(4, 225)
(4, 100)
(4, 229)
(4, 102)
(4, 105)
(4, 106)
(4, 110)
(4, 239)
(4, 113)
(4, 119)
(4, 122)
(4, 21)
(5, 193)
(5, 130)
(5, 35)
(5, 161)
(5, 136)
(5, 137)
(5, 138)
(5, 141)
(5, 77)
(5, 104)
(5, 148)
(5, 245)
(5, 150)
(5, 55)
(5, 20)
(5, 218)
(5, 28)
(5, 190)
(6, 128)
(6, 132)
(6, 13)
(6, 16)
(6, 152)
(6, 25)
(6, 27)
(6, 156)
(6, 163)
(6, 36)
(6, 40)
(6, 173)
(6, 49)
(6, 179)
(6, 60)
(6, 191)
(6, 204)
(6, 75)
(6, 76)
(6, 79)
(6, 82)
(6, 217)
(6, 224)
(6, 111)
(7, 143)
(7, 145)
(7, 18)
(7, 149)
(7, 23)
(7, 24)
(7, 37)
(7, 41)
(7, 170)
(7, 175)
(7, 243)
(7, 71)
(7, 201)
(7, 75)
(7, 76)
(7, 206)
(7, 207)
(7, 208)
(7, 210)
(7, 84)
(7, 88)
(7, 89)
(7, 91)
(7, 225)
(7, 105)
(7, 110)
(7, 239)
(7, 115)
(7, 248)
(7, 125)
(7, 126)
(8, 96)
(8, 80)
(8, 195)
(8, 101)
(8, 65)
(8, 199)
(8, 200)
(8, 138)
(8, 135)
(8, 141)
(8, 45)
(8, 112)
(8, 136)
(8, 19)
(8, 212)
(8, 151)
(8, 92)
(8, 190)
(9, 12)
(9, 142)
(9, 15)
(9, 154)
(9, 26)
(9, 164)
(9, 166)
(9, 168)
(9, 41)
(9, 221)
(9, 48)
(9, 58)
(9, 62)
(9, 63)
(9, 194)
(9, 196)
(9, 215)
(9, 216)
(9, 90)
(9, 93)
(9, 222)
(9, 97)
(9, 100)
(9, 231)
(9, 233)
(9, 106)
(9, 240)
(9, 113)
(9, 121)
(10, 143)
(10, 16)
(10, 18)
(10, 20)
(10, 154)
(10, 27)
(10, 28)
(10, 26)
(10, 177)
(10, 156)
(10, 48)
(10, 49)
(10, 55)
(10, 58)
(10, 191)
(10, 193)
(10, 194)
(10, 71)
(10, 75)
(10, 76)
(10, 77)
(10, 209)
(10, 104)
(10, 239)
(10, 240)
(10, 245)
(10, 121)
(11, 131)
(11, 139)
(11, 13)
(11, 14)
(11, 25)
(11, 153)
(11, 160)
(11, 162)
(11, 198)
(11, 171)
(11, 44)
(11, 46)
(11, 51)
(11, 185)
(11, 60)
(11, 192)
(11, 32)
(11, 66)
(11, 70)
(11, 34)
(11, 79)
(11, 82)
(11, 211)
(11, 86)
(11, 94)
(11, 234)
(11, 108)
(11, 114)
(11, 249)
(11, 123)
(12, 47)
(12, 142)
(12, 26)
(12, 24)
(12, 154)
(12, 155)
(12, 29)
(12, 164)
(12, 166)
(12, 168)
(12, 41)
(12, 221)
(12, 57)
(12, 58)
(12, 62)
(12, 194)
(12, 196)
(12, 210)
(12, 215)
(12, 216)
(12, 90)
(12, 93)
(12, 222)
(12, 97)
(12, 100)
(12, 231)
(12, 106)
(12, 240)
(12, 113)
(12, 121)
(12, 122)
(13, 51)
(13, 131)
(13, 132)
(13, 16)
(13, 152)
(13, 25)
(13, 27)
(13, 156)
(13, 30)
(13, 163)
(13, 36)
(13, 44)
(13, 173)
(13, 178)
(13, 179)
(13, 182)
(13, 185)
(13, 187)
(13, 60)
(13, 192)
(13, 70)
(13, 204)
(13, 79)
(13, 82)
(13, 217)
(13, 95)
(13, 224)
(13, 232)
(13, 234)
(13, 108)
(13, 109)
(13, 111)
(13, 242)
(13, 249)
(14, 131)
(14, 139)
(14, 43)
(14, 22)
(14, 153)
(14, 160)
(14, 162)
(14, 39)
(14, 42)
(14, 171)
(14, 172)
(14, 46)
(14, 181)
(14, 54)
(14, 183)
(14, 56)
(14, 189)
(14, 32)
(14, 66)
(14, 198)
(14, 73)
(14, 34)
(14, 211)
(14, 86)
(14, 94)
(14, 228)
(14, 230)
(14, 17)
(14, 234)
(14, 235)
(14, 237)
(14, 238)
(14, 61)
(14, 114)
(14, 116)
(14, 247)
(14, 123)
(15, 164)
(15, 231)
(15, 233)
(15, 93)
(15, 215)
(15, 216)
(15, 90)
(15, 124)
(15, 221)
(15, 63)
(16, 132)
(16, 20)
(16, 150)
(16, 152)
(16, 27)
(16, 156)
(16, 161)
(16, 163)
(16, 36)
(16, 49)
(16, 28)
(16, 173)
(16, 177)
(16, 179)
(16, 182)
(16, 60)
(16, 191)
(16, 193)
(16, 75)
(16, 204)
(16, 77)
(16, 209)
(16, 217)
(16, 218)
(16, 95)
(16, 224)
(16, 232)
(16, 109)
(16, 111)
(16, 104)
(16, 242)
(17, 86)
(17, 139)
(17, 22)
(17, 159)
(17, 160)
(17, 34)
(17, 165)
(17, 39)
(17, 172)
(17, 46)
(17, 52)
(17, 54)
(17, 183)
(17, 31)
(17, 61)
(17, 64)
(17, 32)
(17, 67)
(17, 198)
(17, 72)
(17, 74)
(17, 211)
(17, 214)
(17, 87)
(17, 228)
(17, 230)
(17, 237)
(17, 114)
(17, 127)
(18, 143)
(18, 145)
(18, 149)
(18, 23)
(18, 154)
(18, 27)
(18, 156)
(18, 26)
(18, 49)
(18, 41)
(18, 175)
(18, 48)
(18, 177)
(18, 58)
(18, 191)
(18, 194)
(18, 71)
(18, 75)
(18, 76)
(18, 208)
(18, 209)
(18, 210)
(18, 91)
(18, 222)
(18, 225)
(18, 100)
(18, 110)
(18, 239)
(18, 240)
(18, 113)
(18, 248)
(18, 121)
(19, 130)
(19, 135)
(19, 138)
(19, 141)
(19, 150)
(19, 151)
(19, 35)
(19, 45)
(19, 136)
(19, 50)
(19, 190)
(19, 65)
(19, 195)
(19, 199)
(19, 200)
(19, 80)
(19, 212)
(19, 218)
(19, 92)
(19, 96)
(19, 112)
(20, 141)
(20, 148)
(20, 150)
(20, 27)
(20, 28)
(20, 161)
(20, 35)
(20, 156)
(20, 173)
(20, 177)
(20, 50)
(20, 182)
(20, 55)
(20, 193)
(20, 77)
(20, 209)
(20, 218)
(20, 95)
(20, 232)
(20, 109)
(20, 104)
(20, 242)
(20, 245)
(21, 129)
(21, 142)
(21, 149)
(21, 23)
(21, 24)
(21, 155)
(21, 29)
(21, 37)
(21, 166)
(21, 168)
(21, 41)
(21, 170)
(21, 57)
(21, 62)
(21, 196)
(21, 210)
(21, 84)
(21, 222)
(21, 97)
(21, 229)
(21, 102)
(21, 105)
(21, 106)
(21, 113)
(21, 119)
(21, 122)
(22, 86)
(22, 139)
(22, 159)
(22, 160)
(22, 34)
(22, 39)
(22, 172)
(22, 46)
(22, 52)
(22, 54)
(22, 183)
(22, 31)
(22, 61)
(22, 64)
(22, 32)
(22, 67)
(22, 198)
(22, 72)
(22, 73)
(22, 74)
(22, 203)
(22, 211)
(22, 214)
(22, 87)
(22, 228)
(22, 230)
(22, 237)
(22, 114)
(22, 127)
(23, 142)
(23, 143)
(23, 145)
(23, 149)
(23, 24)
(23, 29)
(23, 37)
(23, 41)
(23, 170)
(23, 175)
(23, 243)
(23, 57)
(23, 71)
(23, 201)
(23, 76)
(23, 206)
(23, 207)
(23, 208)
(23, 210)
(23, 84)
(23, 88)
(23, 89)
(23, 91)
(23, 225)
(23, 229)
(23, 102)
(23, 105)
(23, 106)
(23, 110)
(23, 239)
(23, 113)
(23, 115)
(23, 119)
(23, 248)
(23, 126)
(24, 129)
(24, 142)
(24, 143)
(24, 145)
(24, 26)
(24, 149)
(24, 154)
(24, 155)
(24, 29)
(24, 37)
(24, 166)
(24, 168)
(24, 41)
(24, 170)
(24, 71)
(24, 175)
(24, 57)
(24, 62)
(24, 194)
(24, 196)
(24, 97)
(24, 210)
(24, 84)
(24, 222)
(24, 225)
(24, 100)
(24, 229)
(24, 102)
(24, 105)
(24, 106)
(24, 110)
(24, 239)
(24, 113)
(24, 119)
(24, 122)
(25, 128)
(25, 131)
(25, 132)
(25, 152)
(25, 156)
(25, 31)
(25, 32)
(25, 163)
(25, 36)
(25, 40)
(25, 44)
(25, 46)
(25, 49)
(25, 179)
(25, 60)
(25, 198)
(25, 204)
(25, 79)
(25, 82)
(25, 211)
(25, 217)
(25, 224)
(25, 108)
(25, 111)
(26, 142)
(26, 143)
(26, 154)
(26, 166)
(26, 41)
(26, 48)
(26, 177)
(26, 55)
(26, 58)
(26, 62)
(26, 193)
(26, 194)
(26, 71)
(26, 209)
(26, 210)
(26, 215)
(26, 216)
(26, 90)
(26, 221)
(26, 222)
(26, 97)
(26, 100)
(26, 231)
(26, 233)
(26, 106)
(26, 239)
(26, 240)
(26, 113)
(26, 121)
(27, 132)
(27, 152)
(27, 156)
(27, 161)
(27, 163)
(27, 36)
(27, 49)
(27, 28)
(27, 173)
(27, 177)
(27, 179)
(27, 182)
(27, 60)
(27, 191)
(27, 193)
(27, 75)
(27, 204)
(27, 77)
(27, 209)
(27, 217)
(27, 218)
(27, 95)
(27, 224)
(27, 232)
(27, 109)
(27, 111)
(27, 104)
(28, 132)
(28, 148)
(28, 150)
(28, 156)
(28, 161)
(28, 163)
(28, 36)
(28, 49)
(28, 173)
(28, 177)
(28, 182)
(28, 55)
(28, 191)
(28, 193)
(28, 77)
(28, 209)
(28, 218)
(28, 95)
(28, 224)
(28, 232)
(28, 109)
(28, 104)
(28, 242)
(28, 245)
(29, 129)
(29, 142)
(29, 149)
(29, 155)
(29, 37)
(29, 166)
(29, 168)
(29, 41)
(29, 170)
(29, 57)
(29, 62)
(29, 196)
(29, 210)
(29, 84)
(29, 222)
(29, 97)
(29, 229)
(29, 102)
(29, 105)
(29, 106)
(29, 113)
(29, 119)
(29, 122)
(30, 51)
(30, 132)
(30, 138)
(30, 141)
(30, 150)
(30, 151)
(30, 161)
(30, 163)
(30, 38)
(30, 173)
(30, 178)
(30, 179)
(30, 182)
(30, 185)
(30, 187)
(30, 60)
(30, 192)
(30, 77)
(30, 79)
(30, 212)
(30, 85)
(30, 218)
(30, 92)
(30, 95)
(30, 224)
(30, 50)
(30, 232)
(30, 109)
(30, 242)
(30, 249)
(31, 128)
(31, 32)
(31, 165)
(31, 39)
(31, 40)
(31, 46)
(31, 52)
(31, 186)
(31, 64)
(31, 67)
(31, 198)
(31, 74)
(31, 82)
(31, 211)
(31, 87)
(31, 228)
(31, 230)
(31, 237)
(31, 127)
(32, 131)
(32, 139)
(32, 153)
(32, 160)
(32, 162)
(32, 70)
(32, 39)
(32, 171)
(32, 44)
(32, 46)
(32, 66)
(32, 198)
(32, 74)
(32, 34)
(32, 82)
(32, 211)
(32, 86)
(32, 87)
(32, 94)
(32, 228)
(32, 230)
(32, 234)
(32, 108)
(32, 237)
(32, 114)
(32, 123)
(33, 226)
(33, 227)
(33, 68)
(33, 197)
(33, 81)
(33, 167)
(33, 140)
(33, 202)
(33, 107)
(33, 236)
(33, 205)
(33, 144)
(33, 241)
(33, 147)
(33, 117)
(33, 118)
(33, 120)
(33, 220)
(33, 157)
(33, 158)
(33, 53)
(34, 131)
(34, 44)
(34, 139)
(34, 43)
(34, 153)
(34, 160)
(34, 162)
(34, 39)
(34, 42)
(34, 171)
(34, 172)
(34, 46)
(34, 181)
(34, 54)
(34, 183)
(34, 189)
(34, 66)
(34, 198)
(34, 73)
(34, 211)
(34, 86)
(34, 94)
(34, 228)
(34, 230)
(34, 234)
(34, 237)
(34, 238)
(34, 61)
(34, 114)
(34, 116)
(34, 247)
(34, 123)
(35, 130)
(35, 136)
(35, 137)
(35, 138)
(35, 141)
(35, 148)
(35, 150)
(35, 161)
(35, 50)
(35, 190)
(35, 77)
(35, 80)
(35, 212)
(35, 218)
(35, 95)
(35, 232)
(35, 109)
(35, 104)
(35, 242)
(35, 245)
(36, 128)
(36, 132)
(36, 152)
(36, 156)
(36, 163)
(36, 40)
(36, 173)
(36, 49)
(36, 179)
(36, 182)
(36, 60)
(36, 191)
(36, 204)
(36, 75)
(36, 76)
(36, 79)
(36, 82)
(36, 217)
(36, 224)
(36, 109)
(36, 111)
(37, 129)
(37, 133)
(37, 142)
(37, 145)
(37, 149)
(37, 155)
(37, 168)
(37, 41)
(37, 170)
(37, 175)
(37, 57)
(37, 62)
(37, 97)
(37, 210)
(37, 84)
(37, 89)
(37, 222)
(37, 225)
(37, 229)
(37, 102)
(37, 105)
(37, 106)
(37, 110)
(37, 113)
(37, 119)
(37, 122)
(38, 192)
(38, 70)
(38, 178)
(38, 51)
(38, 244)
(38, 85)
(38, 185)
(38, 249)
(38, 187)
(39, 86)
(39, 139)
(39, 159)
(39, 160)
(39, 172)
(39, 46)
(39, 52)
(39, 54)
(39, 183)
(39, 61)
(39, 64)
(39, 67)
(39, 198)
(39, 72)
(39, 73)
(39, 74)
(39, 203)
(39, 211)
(39, 214)
(39, 87)
(39, 228)
(39, 230)
(39, 237)
(39, 114)
(39, 127)
(40, 128)
(40, 132)
(40, 49)
(40, 76)
(40, 75)
(40, 204)
(40, 111)
(40, 152)
(40, 82)
(40, 248)
(40, 217)
(40, 91)
(40, 156)
(40, 191)
(41, 142)
(41, 143)
(41, 149)
(41, 154)
(41, 155)
(41, 166)
(41, 168)
(41, 71)
(41, 175)
(41, 48)
(41, 57)
(41, 58)
(41, 62)
(41, 194)
(41, 97)
(41, 208)
(41, 210)
(41, 84)
(41, 215)
(41, 216)
(41, 90)
(41, 222)
(41, 225)
(41, 100)
(41, 229)
(41, 231)
(41, 106)
(41, 110)
(41, 239)
(41, 240)
(41, 113)
(41, 121)
(41, 122)
(42, 139)
(42, 43)
(42, 172)
(42, 176)
(42, 181)
(42, 54)
(42, 183)
(42, 56)
(42, 189)
(42, 69)
(42, 73)
(42, 83)
(42, 213)
(42, 86)
(42, 219)
(42, 94)
(42, 230)
(42, 235)
(42, 238)
(42, 116)
(42, 247)
(43, 160)
(43, 116)
(43, 162)
(43, 171)
(43, 69)
(43, 235)
(43, 66)
(43, 238)
(43, 176)
(43, 139)
(43, 181)
(43, 86)
(43, 247)
(43, 56)
(43, 153)
(43, 123)
(43, 189)
(43, 94)
(44, 51)
(44, 131)
(44, 132)
(44, 139)
(44, 152)
(44, 153)
(44, 160)
(44, 162)
(44, 163)
(44, 171)
(44, 46)
(44, 179)
(44, 185)
(44, 187)
(44, 60)
(44, 192)
(44, 66)
(44, 70)
(44, 204)
(44, 79)
(44, 82)
(44, 211)
(44, 85)
(44, 86)
(44, 224)
(44, 234)
(44, 108)
(44, 114)
(44, 249)
(44, 123)
(45, 96)
(45, 80)
(45, 195)
(45, 101)
(45, 65)
(45, 199)
(45, 200)
(45, 138)
(45, 135)
(45, 112)
(45, 212)
(45, 151)
(45, 92)
(46, 131)
(46, 139)
(46, 153)
(46, 160)
(46, 162)
(46, 171)
(46, 54)
(46, 66)
(46, 67)
(46, 198)
(46, 74)
(46, 82)
(46, 211)
(46, 86)
(46, 87)
(46, 94)
(46, 228)
(46, 230)
(46, 234)
(46, 108)
(46, 237)
(46, 114)
(46, 123)
(47, 97)
(47, 196)
(47, 166)
(47, 93)
(47, 90)
(47, 215)
(47, 216)
(47, 122)
(47, 124)
(47, 221)
(47, 62)
(48, 142)
(48, 143)
(48, 149)
(48, 154)
(48, 49)
(48, 175)
(48, 177)
(48, 58)
(48, 191)
(48, 193)
(48, 194)
(48, 71)
(48, 75)
(48, 76)
(48, 208)
(48, 209)
(48, 210)
(48, 222)
(48, 225)
(48, 100)
(48, 231)
(48, 110)
(48, 239)
(48, 240)
(48, 113)
(48, 121)
(49, 128)
(49, 132)
(49, 143)
(49, 152)
(49, 239)
(49, 156)
(49, 163)
(49, 173)
(49, 191)
(49, 71)
(49, 204)
(49, 75)
(49, 76)
(49, 82)
(49, 217)
(49, 91)
(49, 224)
(49, 111)
(49, 248)
(50, 136)
(50, 138)
(50, 141)
(50, 150)
(50, 151)
(50, 161)
(50, 173)
(50, 178)
(50, 179)
(50, 182)
(50, 187)
(50, 192)
(50, 195)
(50, 200)
(50, 77)
(50, 80)
(50, 212)
(50, 218)
(50, 92)
(50, 95)
(50, 232)
(50, 109)
(50, 112)
(50, 104)
(50, 242)
(51, 131)
(51, 132)
(51, 153)
(51, 162)
(51, 163)
(51, 171)
(51, 178)
(51, 179)
(51, 182)
(51, 185)
(51, 187)
(51, 60)
(51, 192)
(51, 66)
(51, 70)
(51, 79)
(51, 82)
(51, 85)
(51, 224)
(51, 234)
(51, 108)
(51, 244)
(51, 249)
(51, 123)
(52, 134)
(52, 146)
(52, 159)
(52, 165)
(52, 172)
(52, 174)
(52, 183)
(52, 61)
(52, 64)
(52, 67)
(52, 198)
(52, 72)
(52, 74)
(52, 203)
(52, 214)
(52, 87)
(52, 223)
(52, 98)
(52, 228)
(52, 230)
(52, 237)
(52, 246)
(52, 127)
(53, 140)
(53, 144)
(53, 147)
(53, 157)
(53, 158)
(53, 167)
(53, 169)
(53, 184)
(53, 68)
(53, 197)
(53, 202)
(53, 205)
(53, 78)
(53, 81)
(53, 99)
(53, 220)
(53, 226)
(53, 227)
(53, 107)
(53, 236)
(53, 241)
(53, 117)
(53, 118)
(53, 120)
(54, 139)
(54, 159)
(54, 160)
(54, 172)
(54, 176)
(54, 181)
(54, 183)
(54, 56)
(54, 189)
(54, 69)
(54, 73)
(54, 203)
(54, 213)
(54, 86)
(54, 219)
(54, 94)
(54, 228)
(54, 230)
(54, 235)
(54, 237)
(54, 238)
(54, 61)
(54, 114)
(54, 116)
(54, 247)
(55, 193)
(55, 164)
(55, 209)
(55, 104)
(55, 233)
(55, 77)
(55, 240)
(55, 177)
(55, 148)
(55, 245)
(55, 137)
(55, 121)
(55, 58)
(56, 139)
(56, 69)
(56, 73)
(56, 235)
(56, 172)
(56, 238)
(56, 176)
(56, 183)
(56, 83)
(56, 116)
(56, 213)
(56, 247)
(56, 219)
(56, 189)
(56, 94)
(56, 181)
(57, 129)
(57, 142)
(57, 149)
(57, 154)
(57, 155)
(57, 166)
(57, 168)
(57, 170)
(57, 175)
(57, 62)
(57, 194)
(57, 196)
(57, 210)
(57, 84)
(57, 221)
(57, 222)
(57, 97)
(57, 100)
(57, 229)
(57, 102)
(57, 105)
(57, 106)
(57, 113)
(57, 119)
(57, 122)
(58, 143)
(58, 154)
(58, 177)
(58, 62)
(58, 191)
(58, 193)
(58, 194)
(58, 71)
(58, 209)
(58, 210)
(58, 215)
(58, 216)
(58, 90)
(58, 222)
(58, 100)
(58, 231)
(58, 233)
(58, 239)
(58, 240)
(58, 113)
(58, 121)
(59, 134)
(59, 144)
(59, 147)
(59, 165)
(59, 169)
(59, 243)
(59, 180)
(59, 184)
(59, 186)
(59, 188)
(59, 197)
(59, 201)
(59, 205)
(59, 206)
(59, 207)
(59, 81)
(59, 78)
(59, 88)
(59, 220)
(59, 99)
(59, 103)
(59, 107)
(59, 115)
(59, 125)
(59, 126)
(60, 131)
(60, 132)
(60, 152)
(60, 156)
(60, 163)
(60, 173)
(60, 178)
(60, 179)
(60, 182)
(60, 185)
(60, 187)
(60, 192)
(60, 70)
(60, 204)
(60, 79)
(60, 82)
(60, 217)
(60, 95)
(60, 224)
(60, 232)
(60, 234)
(60, 108)
(60, 109)
(60, 111)
(60, 242)
(60, 249)
(61, 159)
(61, 172)
(61, 174)
(61, 176)
(61, 183)
(61, 67)
(61, 72)
(61, 73)
(61, 203)
(61, 213)
(61, 214)
(61, 219)
(61, 228)
(61, 230)
(61, 237)
(61, 127)
(62, 142)
(62, 154)
(62, 155)
(62, 166)
(62, 168)
(62, 221)
(62, 194)
(62, 196)
(62, 210)
(62, 215)
(62, 216)
(62, 90)
(62, 93)
(62, 222)
(62, 97)
(62, 100)
(62, 231)
(62, 106)
(62, 240)
(62, 113)
(62, 121)
(62, 122)
(63, 164)
(63, 233)
(63, 215)
(63, 216)
(63, 90)
(63, 124)
(63, 93)
(64, 134)
(64, 146)
(64, 165)
(64, 174)
(64, 186)
(64, 159)
(64, 67)
(64, 72)
(64, 74)
(64, 214)
(64, 87)
(64, 223)
(64, 98)
(64, 228)
(64, 103)
(64, 237)
(64, 246)
(64, 127)
(65, 96)
(65, 80)
(65, 195)
(65, 101)
(65, 199)
(65, 200)
(65, 138)
(65, 135)
(65, 112)
(65, 212)
(65, 151)
(65, 92)
(66, 131)
(66, 139)
(66, 153)
(66, 160)
(66, 162)
(66, 70)
(66, 171)
(66, 181)
(66, 189)
(66, 198)
(66, 211)
(66, 86)
(66, 94)
(66, 230)
(66, 234)
(66, 108)
(66, 238)
(66, 114)
(66, 116)
(66, 247)
(66, 123)
(67, 134)
(67, 165)
(67, 174)
(67, 183)
(67, 186)
(67, 159)
(67, 198)
(67, 72)
(67, 74)
(67, 211)
(67, 214)
(67, 87)
(67, 223)
(67, 98)
(67, 228)
(67, 230)
(67, 237)
(67, 246)
(67, 127)
(68, 140)
(68, 144)
(68, 147)
(68, 157)
(68, 158)
(68, 167)
(68, 169)
(68, 184)
(68, 188)
(68, 197)
(68, 201)
(68, 202)
(68, 205)
(68, 78)
(68, 207)
(68, 81)
(68, 99)
(68, 88)
(68, 220)
(68, 226)
(68, 227)
(68, 107)
(68, 236)
(68, 241)
(68, 117)
(68, 118)
(68, 120)
(69, 235)
(69, 73)
(69, 203)
(69, 172)
(69, 238)
(69, 176)
(69, 83)
(69, 116)
(69, 213)
(69, 247)
(69, 219)
(69, 189)
(69, 181)
(70, 131)
(70, 153)
(70, 162)
(70, 171)
(70, 179)
(70, 185)
(70, 187)
(70, 192)
(70, 160)
(70, 79)
(70, 85)
(70, 94)
(70, 224)
(70, 234)
(70, 108)
(70, 114)
(70, 244)
(70, 249)
(70, 123)
(71, 142)
(71, 143)
(71, 145)
(71, 149)
(71, 154)
(71, 175)
(71, 177)
(71, 191)
(71, 194)
(71, 75)
(71, 76)
(71, 208)
(71, 210)
(71, 91)
(71, 222)
(71, 225)
(71, 100)
(71, 110)
(71, 239)
(71, 240)
(71, 113)
(71, 248)
(71, 121)
(72, 134)
(72, 146)
(72, 159)
(72, 172)
(72, 174)
(72, 183)
(72, 74)
(72, 203)
(72, 214)
(72, 223)
(72, 98)
(72, 228)
(72, 230)
(72, 237)
(72, 246)
(72, 127)
(73, 139)
(73, 159)
(73, 172)
(73, 176)
(73, 181)
(73, 183)
(73, 189)
(73, 203)
(73, 83)
(73, 213)
(73, 219)
(73, 228)
(73, 230)
(73, 235)
(73, 238)
(73, 116)
(73, 247)
(74, 128)
(74, 165)
(74, 186)
(74, 159)
(74, 198)
(74, 211)
(74, 214)
(74, 87)
(74, 228)
(74, 230)
(74, 237)
(74, 127)
(75, 128)
(75, 143)
(75, 152)
(75, 239)
(75, 156)
(75, 175)
(75, 191)
(75, 204)
(75, 76)
(75, 206)
(75, 208)
(75, 217)
(75, 91)
(75, 225)
(75, 110)
(75, 111)
(75, 248)
(76, 128)
(76, 143)
(76, 145)
(76, 149)
(76, 152)
(76, 239)
(76, 156)
(76, 175)
(76, 191)
(76, 206)
(76, 208)
(76, 210)
(76, 217)
(76, 91)
(76, 225)
(76, 110)
(76, 111)
(76, 243)
(76, 248)
(77, 132)
(77, 138)
(77, 141)
(77, 148)
(77, 150)
(77, 156)
(77, 161)
(77, 163)
(77, 173)
(77, 177)
(77, 179)
(77, 182)
(77, 193)
(77, 209)
(77, 212)
(77, 218)
(77, 95)
(77, 224)
(77, 232)
(77, 109)
(77, 104)
(77, 242)
(77, 245)
(78, 144)
(78, 147)
(78, 167)
(78, 169)
(78, 180)
(78, 184)
(78, 188)
(78, 197)
(78, 202)
(78, 205)
(78, 81)
(78, 220)
(78, 99)
(78, 103)
(78, 107)
(78, 236)
(78, 241)
(78, 115)
(79, 131)
(79, 132)
(79, 152)
(79, 153)
(79, 162)
(79, 163)
(79, 173)
(79, 178)
(79, 179)
(79, 182)
(79, 185)
(79, 187)
(79, 192)
(79, 204)
(79, 82)
(79, 85)
(79, 217)
(79, 224)
(79, 234)
(79, 108)
(79, 109)
(79, 111)
(79, 249)
(80, 130)
(80, 135)
(80, 138)
(80, 141)
(80, 150)
(80, 151)
(80, 136)
(80, 190)
(80, 195)
(80, 199)
(80, 200)
(80, 212)
(80, 92)
(80, 96)
(80, 101)
(80, 112)
(81, 144)
(81, 147)
(81, 167)
(81, 169)
(81, 180)
(81, 184)
(81, 188)
(81, 197)
(81, 201)
(81, 202)
(81, 205)
(81, 207)
(81, 99)
(81, 88)
(81, 220)
(81, 226)
(81, 227)
(81, 103)
(81, 107)
(81, 236)
(81, 241)
(81, 115)
(81, 117)
(81, 126)
(82, 128)
(82, 131)
(82, 132)
(82, 152)
(82, 156)
(82, 160)
(82, 162)
(82, 163)
(82, 179)
(82, 185)
(82, 198)
(82, 204)
(82, 211)
(82, 217)
(82, 224)
(82, 234)
(82, 108)
(82, 111)
(82, 114)
(83, 203)
(83, 235)
(83, 172)
(83, 238)
(83, 176)
(83, 181)
(83, 219)
(83, 213)
(84, 129)
(84, 133)
(84, 142)
(84, 145)
(84, 149)
(84, 155)
(84, 168)
(84, 170)
(84, 175)
(84, 208)
(84, 210)
(84, 89)
(84, 225)
(84, 229)
(84, 102)
(84, 105)
(84, 106)
(84, 110)
(84, 113)
(84, 119)
(85, 192)
(85, 123)
(85, 234)
(85, 171)
(85, 108)
(85, 178)
(85, 244)
(85, 185)
(85, 153)
(85, 249)
(85, 187)
(86, 131)
(86, 139)
(86, 153)
(86, 160)
(86, 162)
(86, 171)
(86, 181)
(86, 183)
(86, 189)
(86, 198)
(86, 211)
(86, 94)
(86, 228)
(86, 230)
(86, 234)
(86, 237)
(86, 238)
(86, 114)
(86, 116)
(86, 247)
(86, 123)
(87, 128)
(87, 228)
(87, 165)
(87, 198)
(87, 237)
(87, 211)
(87, 214)
(87, 186)
(87, 134)
(87, 127)
(88, 133)
(88, 140)
(88, 144)
(88, 145)
(88, 147)
(88, 158)
(88, 169)
(88, 170)
(88, 115)
(88, 188)
(88, 197)
(88, 201)
(88, 202)
(88, 205)
(88, 206)
(88, 207)
(88, 208)
(88, 99)
(88, 89)
(88, 91)
(88, 220)
(88, 225)
(88, 226)
(88, 227)
(88, 105)
(88, 107)
(88, 110)
(88, 243)
(88, 248)
(88, 125)
(88, 126)
(89, 129)
(89, 133)
(89, 140)
(89, 145)
(89, 149)
(89, 158)
(89, 170)
(89, 197)
(89, 201)
(89, 205)
(89, 207)
(89, 220)
(89, 225)
(89, 227)
(89, 229)
(89, 102)
(89, 105)
(89, 107)
(89, 110)
(89, 115)
(89, 119)
(89, 126)
(90, 142)
(90, 154)
(90, 164)
(90, 166)
(90, 168)
(90, 221)
(90, 194)
(90, 196)
(90, 215)
(90, 216)
(90, 93)
(90, 222)
(90, 97)
(90, 100)
(90, 231)
(90, 233)
(90, 106)
(90, 240)
(90, 113)
(90, 121)
(91, 128)
(91, 143)
(91, 145)
(91, 149)
(91, 175)
(91, 243)
(91, 191)
(91, 201)
(91, 206)
(91, 207)
(91, 208)
(91, 210)
(91, 225)
(91, 105)
(91, 110)
(91, 239)
(91, 115)
(91, 248)
(91, 125)
(91, 126)
(92, 135)
(92, 138)
(92, 141)
(92, 150)
(92, 151)
(92, 136)
(92, 178)
(92, 195)
(92, 199)
(92, 200)
(92, 212)
(92, 95)
(92, 96)
(92, 101)
(92, 232)
(92, 112)
(92, 242)
(93, 164)
(93, 166)
(93, 231)
(93, 215)
(93, 216)
(93, 124)
(93, 221)
(94, 131)
(94, 153)
(94, 160)
(94, 162)
(94, 171)
(94, 181)
(94, 189)
(94, 139)
(94, 230)
(94, 234)
(94, 235)
(94, 238)
(94, 114)
(94, 116)
(94, 247)
(94, 123)
(95, 132)
(95, 138)
(95, 141)
(95, 150)
(95, 151)
(95, 161)
(95, 163)
(95, 173)
(95, 178)
(95, 179)
(95, 182)
(95, 187)
(95, 192)
(95, 212)
(95, 218)
(95, 224)
(95, 232)
(95, 109)
(95, 104)
(95, 242)
(96, 195)
(96, 101)
(96, 199)
(96, 200)
(96, 138)
(96, 135)
(96, 141)
(96, 112)
(96, 136)
(96, 212)
(96, 151)
(96, 190)
(97, 142)
(97, 154)
(97, 155)
(97, 166)
(97, 168)
(97, 194)
(97, 196)
(97, 210)
(97, 215)
(97, 216)
(97, 221)
(97, 222)
(97, 100)
(97, 229)
(97, 231)
(97, 106)
(97, 113)
(97, 119)
(97, 122)
(98, 165)
(98, 246)
(98, 134)
(98, 103)
(98, 174)
(98, 146)
(98, 180)
(98, 214)
(98, 184)
(98, 186)
(98, 127)
(98, 188)
(98, 223)
(99, 134)
(99, 144)
(99, 146)
(99, 147)
(99, 169)
(99, 243)
(99, 180)
(99, 184)
(99, 186)
(99, 188)
(99, 197)
(99, 201)
(99, 205)
(99, 207)
(99, 220)
(99, 103)
(99, 107)
(99, 236)
(99, 241)
(99, 115)
(99, 125)
(99, 126)
(100, 142)
(100, 143)
(100, 154)
(100, 164)
(100, 166)
(100, 168)
(100, 177)
(100, 194)
(100, 209)
(100, 210)
(100, 215)
(100, 216)
(100, 221)
(100, 222)
(100, 231)
(100, 106)
(100, 239)
(100, 240)
(100, 113)
(100, 121)
(101, 195)
(101, 135)
(101, 200)
(101, 199)
(101, 112)
(101, 151)
(102, 129)
(102, 133)
(102, 140)
(102, 142)
(102, 145)
(102, 149)
(102, 155)
(102, 168)
(102, 170)
(102, 210)
(102, 229)
(102, 105)
(102, 106)
(102, 110)
(102, 119)
(103, 134)
(103, 144)
(103, 146)
(103, 165)
(103, 169)
(103, 243)
(103, 180)
(103, 184)
(103, 186)
(103, 188)
(103, 201)
(103, 207)
(103, 220)
(103, 107)
(103, 115)
(103, 246)
(103, 125)
(103, 126)
(104, 130)
(104, 137)
(104, 138)
(104, 141)
(104, 148)
(104, 150)
(104, 156)
(104, 161)
(104, 173)
(104, 177)
(104, 182)
(104, 193)
(104, 209)
(104, 212)
(104, 218)
(104, 232)
(104, 109)
(104, 242)
(104, 245)
(105, 129)
(105, 133)
(105, 140)
(105, 142)
(105, 145)
(105, 149)
(105, 170)
(105, 175)
(105, 197)
(105, 201)
(105, 206)
(105, 207)
(105, 208)
(105, 210)
(105, 225)
(105, 229)
(105, 110)
(105, 115)
(105, 119)
(105, 126)
(106, 129)
(106, 142)
(106, 149)
(106, 154)
(106, 155)
(106, 166)
(106, 168)
(106, 170)
(106, 194)
(106, 196)
(106, 210)
(106, 216)
(106, 221)
(106, 222)
(106, 229)
(106, 231)
(106, 113)
(106, 119)
(106, 122)
(107, 140)
(107, 144)
(107, 147)
(107, 158)
(107, 167)
(107, 169)
(107, 184)
(107, 188)
(107, 197)
(107, 201)
(107, 202)
(107, 205)
(107, 207)
(107, 220)
(107, 226)
(107, 227)
(107, 236)
(107, 241)
(107, 115)
(107, 117)
(107, 118)
(107, 125)
(107, 126)
(108, 131)
(108, 132)
(108, 153)
(108, 162)
(108, 163)
(108, 171)
(108, 179)
(108, 182)
(108, 185)
(108, 187)
(108, 192)
(108, 160)
(108, 224)
(108, 234)
(108, 114)
(108, 249)
(108, 123)
(109, 132)
(109, 138)
(109, 141)
(109, 148)
(109, 150)
(109, 156)
(109, 161)
(109, 163)
(109, 173)
(109, 178)
(109, 179)
(109, 182)
(109, 187)
(109, 192)
(109, 204)
(109, 212)
(109, 218)
(109, 224)
(109, 232)
(109, 242)
(110, 142)
(110, 143)
(110, 145)
(110, 149)
(110, 170)
(110, 175)
(110, 243)
(110, 201)
(110, 206)
(110, 207)
(110, 208)
(110, 210)
(110, 225)
(110, 239)
(110, 113)
(110, 115)
(110, 248)
(110, 126)
(111, 128)
(111, 132)
(111, 152)
(111, 156)
(111, 163)
(111, 173)
(111, 179)
(111, 182)
(111, 191)
(111, 204)
(111, 217)
(111, 224)
(112, 195)
(112, 199)
(112, 200)
(112, 138)
(112, 135)
(112, 141)
(112, 178)
(112, 212)
(112, 151)
(113, 142)
(113, 143)
(113, 149)
(113, 154)
(113, 155)
(113, 166)
(113, 168)
(113, 175)
(113, 194)
(113, 196)
(113, 210)
(113, 215)
(113, 216)
(113, 221)
(113, 222)
(113, 229)
(113, 231)
(113, 239)
(113, 240)
(113, 119)
(113, 121)
(113, 122)
(114, 131)
(114, 139)
(114, 153)
(114, 160)
(114, 162)
(114, 171)
(114, 198)
(114, 211)
(114, 228)
(114, 230)
(114, 234)
(114, 237)
(114, 116)
(114, 247)
(114, 123)
(115, 140)
(115, 144)
(115, 145)
(115, 147)
(115, 169)
(115, 188)
(115, 197)
(115, 201)
(115, 202)
(115, 205)
(115, 206)
(115, 207)
(115, 208)
(115, 220)
(115, 225)
(115, 227)
(115, 243)
(115, 248)
(115, 125)
(115, 126)
(116, 139)
(116, 153)
(116, 160)
(116, 162)
(116, 171)
(116, 176)
(116, 181)
(116, 189)
(116, 230)
(116, 235)
(116, 238)
(116, 247)
(116, 123)
(117, 226)
(117, 227)
(117, 167)
(117, 140)
(117, 202)
(117, 236)
(117, 205)
(117, 144)
(117, 241)
(117, 147)
(117, 118)
(117, 120)
(117, 220)
(117, 157)
(117, 158)
(118, 226)
(118, 227)
(118, 167)
(118, 140)
(118, 202)
(118, 236)
(118, 205)
(118, 144)
(118, 241)
(118, 147)
(118, 120)
(118, 220)
(118, 157)
(118, 158)
(119, 129)
(119, 133)
(119, 142)
(119, 149)
(119, 155)
(119, 168)
(119, 170)
(119, 210)
(119, 229)
(119, 122)
(120, 226)
(120, 227)
(120, 167)
(120, 202)
(120, 236)
(120, 241)
(120, 147)
(120, 157)
(121, 143)
(121, 154)
(121, 164)
(121, 177)
(121, 193)
(121, 194)
(121, 209)
(121, 215)
(121, 216)
(121, 222)
(121, 231)
(121, 233)
(121, 239)
(121, 240)
(121, 245)
(122, 129)
(122, 142)
(122, 155)
(122, 166)
(122, 168)
(122, 196)
(122, 221)
(122, 222)
(122, 229)
(123, 131)
(123, 153)
(123, 160)
(123, 162)
(123, 171)
(123, 181)
(123, 185)
(123, 189)
(123, 139)
(123, 234)
(123, 247)
(123, 249)
(124, 221)
(125, 144)
(125, 145)
(125, 165)
(125, 169)
(125, 186)
(125, 188)
(125, 197)
(125, 201)
(125, 205)
(125, 206)
(125, 207)
(125, 208)
(125, 220)
(125, 243)
(125, 248)
(125, 126)
(126, 133)
(126, 140)
(126, 144)
(126, 145)
(126, 147)
(126, 158)
(126, 169)
(126, 170)
(126, 188)
(126, 197)
(126, 201)
(126, 202)
(126, 205)
(126, 206)
(126, 207)
(126, 208)
(126, 220)
(126, 225)
(126, 227)
(126, 243)
(126, 248)
(127, 134)
(127, 146)
(127, 172)
(127, 174)
(127, 183)
(127, 159)
(127, 203)
(127, 214)
(127, 223)
(127, 228)
(127, 230)
(127, 237)
(127, 246)
(128, 165)
(128, 198)
(128, 204)
(128, 152)
(128, 243)
(128, 248)
(128, 217)
(128, 211)
(129, 229)
(129, 168)
(129, 170)
(129, 142)
(129, 149)
(129, 155)
(129, 133)
(130, 161)
(130, 136)
(130, 137)
(130, 138)
(130, 141)
(130, 148)
(130, 245)
(130, 150)
(130, 218)
(130, 190)
(131, 139)
(131, 153)
(131, 160)
(131, 162)
(131, 171)
(131, 185)
(131, 198)
(131, 211)
(131, 230)
(131, 234)
(131, 249)
(132, 152)
(132, 163)
(132, 156)
(132, 173)
(132, 179)
(132, 182)
(132, 185)
(132, 187)
(132, 191)
(132, 192)
(132, 204)
(132, 217)
(132, 224)
(132, 232)
(132, 242)
(133, 227)
(133, 229)
(133, 201)
(133, 170)
(133, 140)
(133, 205)
(133, 207)
(133, 220)
(133, 158)
(133, 197)
(134, 165)
(134, 246)
(134, 174)
(134, 146)
(134, 180)
(134, 214)
(134, 184)
(134, 186)
(134, 188)
(134, 223)
(135, 195)
(135, 199)
(135, 200)
(135, 138)
(135, 141)
(135, 136)
(135, 151)
(136, 161)
(136, 199)
(136, 138)
(136, 141)
(136, 212)
(136, 150)
(136, 151)
(136, 148)
(136, 218)
(136, 190)
(137, 193)
(137, 233)
(137, 148)
(137, 245)
(138, 141)
(138, 148)
(138, 150)
(138, 151)
(138, 161)
(138, 178)
(138, 190)
(138, 195)
(138, 199)
(138, 200)
(138, 212)
(138, 218)
(138, 232)
(138, 242)
(139, 153)
(139, 160)
(139, 162)
(139, 171)
(139, 172)
(139, 181)
(139, 183)
(139, 189)
(139, 198)
(139, 211)
(139, 228)
(139, 230)
(139, 234)
(139, 235)
(139, 238)
(139, 247)
(140, 144)
(140, 147)
(140, 158)
(140, 170)
(140, 197)
(140, 201)
(140, 202)
(140, 205)
(140, 207)
(140, 220)
(140, 226)
(140, 227)
(141, 150)
(141, 151)
(141, 161)
(141, 178)
(141, 190)
(141, 195)
(141, 199)
(141, 212)
(141, 218)
(141, 232)
(141, 242)
(141, 148)
(142, 143)
(142, 149)
(142, 154)
(142, 155)
(142, 166)
(142, 168)
(142, 170)
(142, 175)
(142, 194)
(142, 196)
(142, 210)
(142, 216)
(142, 221)
(142, 222)
(142, 225)
(142, 229)
(142, 231)
(142, 239)
(143, 145)
(143, 149)
(143, 154)
(143, 175)
(143, 177)
(143, 191)
(143, 194)
(143, 206)
(143, 208)
(143, 210)
(143, 222)
(143, 225)
(143, 239)
(143, 240)
(143, 248)
(144, 147)
(144, 158)
(144, 167)
(144, 169)
(144, 180)
(144, 184)
(144, 188)
(144, 197)
(144, 201)
(144, 202)
(144, 205)
(144, 207)
(144, 220)
(144, 226)
(144, 227)
(144, 236)
(144, 241)
(145, 149)
(145, 170)
(145, 175)
(145, 201)
(145, 206)
(145, 207)
(145, 208)
(145, 210)
(145, 225)
(145, 239)
(145, 243)
(145, 248)
(146, 246)
(146, 174)
(146, 180)
(146, 214)
(146, 184)
(146, 186)
(146, 188)
(146, 223)
(147, 157)
(147, 158)
(147, 167)
(147, 169)
(147, 180)
(147, 184)
(147, 188)
(147, 197)
(147, 201)
(147, 202)
(147, 205)
(147, 207)
(147, 220)
(147, 226)
(147, 227)
(147, 236)
(147, 241)
(148, 193)
(148, 161)
(148, 232)
(148, 209)
(148, 245)
(148, 150)
(148, 218)
(148, 190)
(149, 168)
(149, 170)
(149, 175)
(149, 206)
(149, 208)
(149, 210)
(149, 222)
(149, 225)
(149, 229)
(149, 239)
(149, 248)
(150, 151)
(150, 161)
(150, 173)
(150, 178)
(150, 182)
(150, 190)
(150, 212)
(150, 218)
(150, 232)
(150, 242)
(151, 161)
(151, 178)
(151, 195)
(151, 199)
(151, 200)
(151, 212)
(151, 232)
(151, 242)
(152, 156)
(152, 163)
(152, 173)
(152, 179)
(152, 182)
(152, 191)
(152, 204)
(152, 217)
(152, 224)
(153, 160)
(153, 162)
(153, 171)
(153, 185)
(153, 192)
(153, 211)
(153, 234)
(153, 247)
(153, 249)
(154, 164)
(154, 166)
(154, 168)
(154, 177)
(154, 194)
(154, 209)
(154, 210)
(154, 215)
(154, 216)
(154, 221)
(154, 222)
(154, 231)
(154, 239)
(154, 240)
(155, 166)
(155, 168)
(155, 196)
(155, 210)
(155, 221)
(155, 222)
(155, 229)
(156, 161)
(156, 163)
(156, 173)
(156, 177)
(156, 179)
(156, 182)
(156, 191)
(156, 204)
(156, 209)
(156, 217)
(156, 224)
(157, 226)
(157, 227)
(157, 167)
(157, 202)
(157, 236)
(157, 241)
(158, 170)
(158, 197)
(158, 201)
(158, 202)
(158, 205)
(158, 220)
(158, 226)
(158, 227)
(158, 241)
(159, 172)
(159, 174)
(159, 183)
(159, 203)
(159, 214)
(159, 223)
(159, 228)
(159, 230)
(159, 237)
(160, 162)
(160, 171)
(160, 198)
(160, 211)
(160, 228)
(160, 230)
(160, 234)
(160, 237)
(160, 247)
(161, 163)
(161, 173)
(161, 178)
(161, 179)
(161, 182)
(161, 193)
(161, 212)
(161, 218)
(161, 232)
(161, 242)
(161, 245)
(162, 171)
(162, 185)
(162, 198)
(162, 211)
(162, 230)
(162, 234)
(162, 247)
(162, 249)
(163, 173)
(163, 178)
(163, 179)
(163, 182)
(163, 185)
(163, 187)
(163, 192)
(163, 204)
(163, 217)
(163, 224)
(163, 232)
(163, 242)
(163, 249)
(164, 231)
(164, 233)
(164, 240)
(164, 215)
(164, 216)
(164, 221)
(165, 198)
(165, 169)
(165, 237)
(165, 243)
(165, 186)
(165, 188)
(166, 168)
(166, 194)
(166, 196)
(166, 210)
(166, 215)
(166, 216)
(166, 221)
(166, 222)
(166, 231)
(167, 226)
(167, 202)
(167, 236)
(167, 205)
(167, 241)
(167, 184)
(168, 194)
(168, 196)
(168, 210)
(168, 215)
(168, 216)
(168, 221)
(168, 222)
(168, 229)
(168, 231)
(169, 180)
(169, 184)
(169, 186)
(169, 188)
(169, 197)
(169, 201)
(169, 202)
(169, 205)
(169, 206)
(169, 207)
(169, 220)
(169, 236)
(169, 241)
(169, 243)
(170, 175)
(170, 197)
(170, 201)
(170, 207)
(170, 208)
(170, 210)
(170, 225)
(170, 229)
(171, 185)
(171, 189)
(171, 234)
(171, 247)
(171, 249)
(172, 176)
(172, 183)
(172, 203)
(172, 213)
(172, 214)
(172, 219)
(172, 228)
(172, 230)
(172, 235)
(172, 237)
(172, 238)
(173, 178)
(173, 179)
(173, 182)
(173, 185)
(173, 187)
(173, 191)
(173, 192)
(173, 204)
(173, 217)
(173, 218)
(173, 224)
(173, 232)
(173, 242)
(174, 228)
(174, 246)
(174, 237)
(174, 214)
(174, 223)
(175, 206)
(175, 208)
(175, 210)
(175, 222)
(175, 225)
(175, 239)
(175, 243)
(175, 248)
(176, 235)
(176, 203)
(176, 238)
(176, 183)
(176, 213)
(176, 247)
(176, 219)
(176, 189)
(176, 181)
(177, 191)
(177, 193)
(177, 194)
(177, 209)
(177, 222)
(177, 231)
(177, 233)
(177, 239)
(177, 240)
(177, 245)
(178, 179)
(178, 182)
(178, 185)
(178, 187)
(178, 192)
(178, 195)
(178, 200)
(178, 212)
(178, 224)
(178, 232)
(178, 242)
(178, 249)
(179, 182)
(179, 185)
(179, 187)
(179, 192)
(179, 204)
(179, 217)
(179, 224)
(179, 232)
(179, 242)
(179, 249)
(180, 236)
(180, 246)
(180, 184)
(180, 186)
(180, 188)
(180, 223)
(181, 189)
(181, 219)
(181, 235)
(181, 238)
(181, 247)
(182, 185)
(182, 187)
(182, 192)
(182, 204)
(182, 212)
(182, 217)
(182, 218)
(182, 224)
(182, 232)
(182, 242)
(182, 249)
(183, 203)
(183, 213)
(183, 214)
(183, 219)
(183, 228)
(183, 230)
(183, 235)
(183, 237)
(183, 238)
(184, 188)
(184, 205)
(184, 220)
(184, 236)
(184, 241)
(185, 187)
(185, 192)
(185, 204)
(185, 224)
(185, 234)
(185, 249)
(186, 243)
(186, 246)
(186, 223)
(186, 188)
(187, 192)
(187, 212)
(187, 224)
(187, 232)
(187, 234)
(187, 242)
(187, 244)
(187, 249)
(188, 197)
(188, 201)
(188, 205)
(188, 207)
(188, 220)
(188, 236)
(188, 241)
(188, 243)
(189, 235)
(189, 238)
(189, 247)
(190, 218)
(191, 204)
(191, 209)
(191, 217)
(191, 239)
(192, 204)
(192, 224)
(192, 232)
(192, 234)
(192, 242)
(192, 249)
(193, 209)
(193, 218)
(193, 233)
(193, 240)
(193, 245)
(194, 209)
(194, 210)
(194, 215)
(194, 216)
(194, 221)
(194, 222)
(194, 231)
(194, 239)
(194, 240)
(195, 199)
(195, 200)
(195, 212)
(196, 231)
(196, 215)
(196, 216)
(196, 221)
(197, 201)
(197, 202)
(197, 205)
(197, 206)
(197, 207)
(197, 220)
(197, 226)
(197, 227)
(197, 236)
(197, 241)
(197, 243)
(198, 211)
(198, 228)
(198, 230)
(198, 237)
(199, 200)
(199, 212)
(200, 212)
(201, 202)
(201, 205)
(201, 206)
(201, 207)
(201, 208)
(201, 220)
(201, 225)
(201, 226)
(201, 227)
(201, 243)
(201, 248)
(202, 205)
(202, 207)
(202, 220)
(202, 226)
(202, 227)
(202, 236)
(202, 241)
(203, 228)
(203, 214)
(203, 213)
(203, 219)
(204, 217)
(204, 224)
(205, 207)
(205, 220)
(205, 226)
(205, 227)
(205, 236)
(205, 241)
(206, 207)
(206, 208)
(206, 225)
(206, 243)
(206, 248)
(207, 243)
(207, 208)
(207, 220)
(207, 225)
(207, 227)
(207, 248)
(208, 210)
(208, 225)
(208, 239)
(208, 243)
(208, 248)
(209, 233)
(209, 240)
(209, 245)
(210, 222)
(210, 225)
(210, 229)
(210, 231)
(210, 239)
(210, 240)
(211, 228)
(211, 230)
(211, 234)
(211, 237)
(212, 218)
(212, 232)
(212, 242)
(213, 235)
(213, 238)
(213, 219)
(214, 223)
(214, 228)
(214, 230)
(214, 237)
(214, 246)
(215, 216)
(215, 222)
(215, 231)
(215, 233)
(215, 240)
(215, 221)
(216, 222)
(216, 231)
(216, 240)
(216, 221)
(217, 224)
(218, 232)
(218, 242)
(218, 245)
(219, 235)
(219, 238)
(220, 226)
(220, 227)
(220, 236)
(220, 241)
(221, 222)
(221, 231)
(222, 231)
(222, 239)
(222, 240)
(223, 246)
(224, 232)
(224, 242)
(224, 249)
(225, 239)
(225, 243)
(225, 248)
(226, 227)
(226, 236)
(226, 241)
(227, 236)
(227, 241)
(228, 230)
(228, 237)
(230, 237)
(230, 238)
(230, 247)
(231, 233)
(231, 240)
(232, 242)
(233, 240)
(233, 245)
(234, 249)
(235, 238)
(235, 247)
(236, 241)
(238, 247)
(239, 240)
(239, 248)
(240, 245)
(243, 248)
(244, 249)
