#Nodes
0
1
2
3
4
5
6
7
8
9
10
11
12
13
14
15
16
17
18
19
20
21
22
23
24
25
26
27
28
29
30
31
32
33
34
35
36
37
38
39
40
41
42
43
44
45
46
47
48
49
50
51
52
53
54
55
56
57
58
59
60
61
62
63
64
65
66
67
68
69
70
71
72
73
74
75
76
77
78
79
80
81
82
83
84
85
86
87
88
89
90
91
92
93
94
95
96
97
98
99
100
101
102
103
104
105
106
107
108
109
110
111
112
113
114
115
116
117
118
119
120
121
122
123
124
125
126
127
128
129
130
131
132
133
134
135
136
137
138
139
140
141
142
143
144
145
146
147
148
149
150
151
152
153
154
155
156
157
158
159
160
161
162
163
164
165
166
167
168
169
170
171
172
173
174
175
176
177
178
179
180
181
182
183
184
185
186
187
188
189
190
191
192
193
194
195
196
197
198
199
200
201
202
203
204
205
206
207
208
209
210
211
212
213
214
215
216
217
218
219
220
221
222
223
224
225
226
227
228
229
230
231
232
233
234
235
236
237
238
239
240
241
242
243
244
245
246
247
248
249
#Edges
(0, 134)
(0, 8)
(0, 138)
(0, 145)
(0, 147)
(0, 26)
(0, 27)
(0, 156)
(0, 30)
(0, 160)
(0, 34)
(0, 165)
(0, 44)
(0, 46)
(0, 58)
(0, 188)
(0, 10)
(0, 192)
(0, 69)
(0, 206)
(0, 211)
(0, 92)
(0, 222)
(0, 226)
(0, 104)
(0, 110)
(0, 117)
(0, 119)
(0, 124)
(1, 96)
(1, 33)
(1, 2)
(1, 38)
(1, 231)
(1, 40)
(1, 169)
(1, 107)
(1, 120)
(1, 82)
(1, 183)
(1, 137)
(1, 153)
(1, 186)
(1, 103)
(1, 62)
(1, 63)
(2, 136)
(2, 137)
(2, 153)
(2, 103)
(2, 33)
(2, 37)
(2, 38)
(2, 40)
(2, 169)
(2, 53)
(2, 183)
(2, 59)
(2, 189)
(2, 63)
(2, 72)
(2, 205)
(2, 79)
(2, 82)
(2, 99)
(2, 231)
(2, 107)
(2, 120)
(3, 131)
(3, 132)
(3, 7)
(3, 25)
(3, 158)
(3, 163)
(3, 181)
(3, 56)
(3, 190)
(3, 191)
(3, 64)
(3, 195)
(3, 74)
(3, 207)
(3, 212)
(3, 86)
(3, 217)
(3, 90)
(3, 232)
(3, 233)
(3, 238)
(3, 113)
(4, 131)
(4, 13)
(4, 142)
(4, 17)
(4, 146)
(4, 150)
(4, 35)
(4, 164)
(4, 175)
(4, 177)
(4, 64)
(4, 65)
(4, 198)
(4, 199)
(4, 74)
(4, 208)
(4, 212)
(4, 86)
(4, 88)
(4, 90)
(4, 221)
(4, 101)
(4, 237)
(4, 238)
(4, 113)
(5, 128)
(5, 28)
(5, 10)
(5, 16)
(5, 18)
(5, 154)
(5, 156)
(5, 160)
(5, 41)
(5, 172)
(5, 49)
(5, 243)
(5, 54)
(5, 55)
(5, 185)
(5, 187)
(5, 32)
(5, 67)
(5, 77)
(5, 206)
(5, 80)
(5, 211)
(5, 85)
(5, 78)
(5, 224)
(5, 236)
(5, 111)
(5, 112)
(5, 115)
(5, 244)
(5, 117)
(5, 246)
(5, 247)
(5, 121)
(5, 124)
(5, 126)
(5, 127)
(6, 128)
(6, 51)
(6, 135)
(6, 11)
(6, 141)
(6, 142)
(6, 16)
(6, 155)
(6, 28)
(6, 31)
(6, 41)
(6, 173)
(6, 50)
(6, 115)
(6, 55)
(6, 184)
(6, 194)
(6, 75)
(6, 203)
(6, 204)
(6, 78)
(6, 13)
(6, 208)
(6, 84)
(6, 85)
(6, 214)
(6, 215)
(6, 88)
(6, 90)
(6, 223)
(6, 80)
(6, 236)
(6, 241)
(6, 243)
(6, 246)
(6, 248)
(6, 249)
(7, 131)
(7, 132)
(7, 86)
(7, 11)
(7, 22)
(7, 217)
(7, 25)
(7, 155)
(7, 158)
(7, 31)
(7, 163)
(7, 241)
(7, 182)
(7, 56)
(7, 190)
(7, 191)
(7, 64)
(7, 195)
(7, 73)
(7, 184)
(7, 214)
(7, 89)
(7, 90)
(7, 232)
(7, 39)
(7, 108)
(7, 113)
(8, 134)
(8, 138)
(8, 145)
(8, 26)
(8, 27)
(8, 30)
(8, 160)
(8, 34)
(8, 44)
(8, 46)
(8, 58)
(8, 188)
(8, 10)
(8, 192)
(8, 69)
(8, 206)
(8, 83)
(8, 92)
(8, 222)
(8, 226)
(8, 104)
(8, 110)
(8, 119)
(9, 130)
(9, 60)
(9, 144)
(9, 145)
(9, 147)
(9, 23)
(9, 68)
(9, 160)
(9, 161)
(9, 165)
(9, 168)
(9, 172)
(9, 47)
(9, 48)
(9, 49)
(9, 94)
(9, 187)
(9, 188)
(9, 66)
(9, 67)
(9, 196)
(9, 69)
(9, 119)
(9, 77)
(9, 206)
(9, 81)
(9, 210)
(9, 211)
(9, 216)
(9, 91)
(9, 222)
(9, 230)
(9, 105)
(9, 234)
(9, 235)
(9, 112)
(9, 117)
(9, 247)
(9, 121)
(9, 124)
(9, 127)
(10, 134)
(10, 138)
(10, 18)
(10, 147)
(10, 154)
(10, 156)
(10, 160)
(10, 161)
(10, 165)
(10, 172)
(10, 47)
(10, 185)
(10, 58)
(10, 187)
(10, 188)
(10, 67)
(10, 69)
(10, 247)
(10, 77)
(10, 206)
(10, 209)
(10, 211)
(10, 92)
(10, 224)
(10, 226)
(10, 104)
(10, 110)
(10, 111)
(10, 117)
(10, 119)
(10, 124)
(10, 126)
(10, 127)
(11, 132)
(11, 86)
(11, 135)
(11, 141)
(11, 22)
(11, 25)
(11, 155)
(11, 158)
(11, 31)
(11, 163)
(11, 37)
(11, 113)
(11, 173)
(11, 51)
(11, 182)
(11, 184)
(11, 64)
(11, 194)
(11, 195)
(11, 73)
(11, 203)
(11, 208)
(11, 56)
(11, 75)
(11, 214)
(11, 89)
(11, 90)
(11, 93)
(11, 232)
(11, 39)
(11, 108)
(11, 241)
(11, 116)
(12, 136)
(12, 19)
(12, 20)
(12, 153)
(12, 157)
(12, 159)
(12, 36)
(12, 38)
(12, 40)
(12, 171)
(12, 186)
(12, 189)
(12, 197)
(12, 70)
(12, 200)
(12, 201)
(12, 76)
(12, 213)
(12, 219)
(12, 220)
(12, 95)
(12, 227)
(12, 100)
(12, 239)
(12, 114)
(12, 245)
(12, 122)
(13, 128)
(13, 142)
(13, 17)
(13, 146)
(13, 150)
(13, 28)
(13, 35)
(13, 164)
(13, 175)
(13, 177)
(13, 50)
(13, 179)
(13, 55)
(13, 64)
(13, 65)
(13, 198)
(13, 199)
(13, 74)
(13, 75)
(13, 208)
(13, 85)
(13, 88)
(13, 90)
(13, 221)
(13, 101)
(13, 236)
(13, 237)
(13, 113)
(13, 244)
(13, 248)
(13, 249)
(14, 21)
(14, 118)
(14, 166)
(14, 29)
(15, 135)
(15, 141)
(15, 19)
(15, 149)
(15, 31)
(15, 173)
(15, 76)
(15, 184)
(15, 223)
(15, 194)
(15, 70)
(15, 201)
(15, 203)
(15, 204)
(15, 78)
(15, 80)
(15, 84)
(15, 214)
(15, 215)
(15, 93)
(15, 95)
(15, 99)
(15, 100)
(15, 239)
(15, 112)
(15, 114)
(15, 243)
(15, 116)
(15, 245)
(15, 121)
(16, 128)
(16, 135)
(16, 140)
(16, 18)
(16, 154)
(16, 28)
(16, 32)
(16, 243)
(16, 41)
(16, 173)
(16, 50)
(16, 179)
(16, 54)
(16, 55)
(16, 185)
(16, 75)
(16, 77)
(16, 78)
(16, 80)
(16, 211)
(16, 85)
(16, 215)
(16, 88)
(16, 223)
(16, 224)
(16, 236)
(16, 111)
(16, 112)
(16, 115)
(16, 244)
(16, 246)
(16, 247)
(16, 248)
(16, 249)
(16, 126)
(16, 127)
(17, 65)
(17, 35)
(17, 164)
(17, 101)
(17, 198)
(17, 199)
(17, 74)
(17, 237)
(17, 142)
(17, 175)
(17, 208)
(17, 177)
(17, 146)
(17, 179)
(17, 85)
(17, 150)
(17, 248)
(17, 88)
(17, 221)
(18, 128)
(18, 115)
(18, 28)
(18, 140)
(18, 154)
(18, 156)
(18, 160)
(18, 41)
(18, 172)
(18, 49)
(18, 179)
(18, 54)
(18, 55)
(18, 185)
(18, 32)
(18, 67)
(18, 77)
(18, 206)
(18, 80)
(18, 211)
(18, 85)
(18, 78)
(18, 224)
(18, 226)
(18, 236)
(18, 111)
(18, 112)
(18, 243)
(18, 244)
(18, 117)
(18, 246)
(18, 247)
(18, 248)
(18, 124)
(18, 126)
(18, 127)
(19, 133)
(19, 139)
(19, 24)
(19, 20)
(19, 149)
(19, 23)
(19, 152)
(19, 157)
(19, 159)
(19, 36)
(19, 167)
(19, 171)
(19, 70)
(19, 200)
(19, 201)
(19, 202)
(19, 76)
(19, 219)
(19, 220)
(19, 95)
(19, 227)
(19, 100)
(19, 105)
(19, 235)
(19, 239)
(19, 114)
(19, 245)
(19, 121)
(19, 122)
(20, 133)
(20, 139)
(20, 24)
(20, 152)
(20, 157)
(20, 159)
(20, 36)
(20, 167)
(20, 171)
(20, 186)
(20, 197)
(20, 70)
(20, 200)
(20, 201)
(20, 202)
(20, 213)
(20, 219)
(20, 220)
(20, 95)
(20, 227)
(20, 105)
(20, 235)
(20, 239)
(20, 114)
(20, 245)
(20, 122)
(20, 125)
(21, 129)
(21, 98)
(21, 229)
(21, 166)
(21, 104)
(21, 109)
(21, 29)
(21, 209)
(21, 242)
(21, 118)
(21, 218)
(21, 58)
(21, 134)
(22, 132)
(22, 141)
(22, 25)
(22, 155)
(22, 158)
(22, 31)
(22, 163)
(22, 37)
(22, 39)
(22, 182)
(22, 56)
(22, 195)
(22, 73)
(22, 203)
(22, 205)
(22, 184)
(22, 214)
(22, 89)
(22, 93)
(22, 232)
(22, 108)
(22, 241)
(23, 130)
(23, 43)
(23, 139)
(23, 144)
(23, 148)
(23, 151)
(23, 152)
(23, 157)
(23, 159)
(23, 36)
(23, 167)
(23, 171)
(23, 48)
(23, 180)
(23, 57)
(23, 60)
(23, 61)
(23, 193)
(23, 66)
(23, 68)
(23, 200)
(23, 201)
(23, 202)
(23, 81)
(23, 210)
(23, 87)
(23, 216)
(23, 91)
(23, 94)
(23, 97)
(23, 227)
(23, 105)
(23, 234)
(23, 235)
(23, 240)
(23, 245)
(23, 125)
(24, 133)
(24, 139)
(24, 148)
(24, 157)
(24, 159)
(24, 167)
(24, 171)
(24, 61)
(24, 193)
(24, 197)
(24, 200)
(24, 202)
(24, 213)
(24, 87)
(24, 219)
(24, 220)
(24, 97)
(24, 227)
(24, 123)
(24, 125)
(25, 131)
(25, 132)
(25, 142)
(25, 217)
(25, 155)
(25, 158)
(25, 163)
(25, 241)
(25, 181)
(25, 182)
(25, 56)
(25, 190)
(25, 191)
(25, 64)
(25, 195)
(25, 74)
(25, 207)
(25, 208)
(25, 212)
(25, 86)
(25, 89)
(25, 90)
(25, 232)
(25, 233)
(25, 39)
(25, 238)
(25, 113)
(26, 192)
(26, 226)
(26, 69)
(26, 92)
(26, 138)
(26, 44)
(26, 34)
(26, 110)
(26, 30)
(26, 46)
(26, 119)
(26, 58)
(26, 27)
(26, 188)
(26, 222)
(27, 30)
(27, 34)
(27, 196)
(27, 69)
(27, 168)
(27, 92)
(27, 170)
(27, 44)
(27, 174)
(27, 145)
(27, 83)
(27, 52)
(27, 46)
(27, 119)
(27, 188)
(27, 138)
(27, 222)
(28, 128)
(28, 51)
(28, 135)
(28, 154)
(28, 32)
(28, 243)
(28, 41)
(28, 173)
(28, 50)
(28, 179)
(28, 54)
(28, 55)
(28, 185)
(28, 194)
(28, 75)
(28, 204)
(28, 78)
(28, 208)
(28, 84)
(28, 85)
(28, 215)
(28, 88)
(28, 223)
(28, 224)
(28, 80)
(28, 236)
(28, 111)
(28, 115)
(28, 244)
(28, 246)
(28, 248)
(28, 249)
(29, 118)
(29, 166)
(30, 192)
(30, 34)
(30, 69)
(30, 92)
(30, 170)
(30, 44)
(30, 110)
(30, 145)
(30, 83)
(30, 52)
(30, 46)
(30, 119)
(30, 188)
(30, 138)
(30, 222)
(31, 135)
(31, 141)
(31, 155)
(31, 158)
(31, 39)
(31, 41)
(31, 173)
(31, 50)
(31, 51)
(31, 182)
(31, 184)
(31, 194)
(31, 75)
(31, 76)
(31, 203)
(31, 204)
(31, 208)
(31, 84)
(31, 214)
(31, 215)
(31, 89)
(31, 90)
(31, 93)
(31, 223)
(31, 100)
(31, 232)
(31, 241)
(31, 116)
(31, 249)
(32, 128)
(32, 129)
(32, 140)
(32, 146)
(32, 35)
(32, 41)
(32, 71)
(32, 177)
(32, 179)
(32, 54)
(32, 55)
(32, 185)
(32, 198)
(32, 199)
(32, 85)
(32, 88)
(32, 221)
(32, 224)
(32, 98)
(32, 228)
(32, 101)
(32, 236)
(32, 109)
(32, 111)
(32, 115)
(32, 244)
(32, 246)
(32, 248)
(32, 126)
(33, 96)
(33, 231)
(33, 40)
(33, 169)
(33, 107)
(33, 82)
(33, 62)
(33, 183)
(33, 120)
(33, 153)
(33, 137)
(33, 63)
(34, 83)
(34, 196)
(34, 69)
(34, 168)
(34, 92)
(34, 170)
(34, 44)
(34, 46)
(34, 145)
(34, 147)
(34, 52)
(34, 119)
(34, 188)
(34, 138)
(34, 222)
(35, 128)
(35, 140)
(35, 146)
(35, 150)
(35, 71)
(35, 175)
(35, 177)
(35, 179)
(35, 54)
(35, 65)
(35, 198)
(35, 199)
(35, 85)
(35, 88)
(35, 221)
(35, 228)
(35, 101)
(35, 237)
(35, 244)
(35, 248)
(36, 139)
(36, 144)
(36, 148)
(36, 149)
(36, 151)
(36, 152)
(36, 157)
(36, 159)
(36, 167)
(36, 171)
(36, 49)
(36, 193)
(36, 68)
(36, 70)
(36, 200)
(36, 201)
(36, 202)
(36, 81)
(36, 210)
(36, 91)
(36, 220)
(36, 94)
(36, 95)
(36, 227)
(36, 105)
(36, 235)
(36, 239)
(36, 114)
(36, 245)
(36, 121)
(37, 136)
(37, 141)
(37, 153)
(37, 39)
(37, 53)
(37, 184)
(37, 59)
(37, 189)
(37, 72)
(37, 203)
(37, 205)
(37, 79)
(37, 214)
(37, 93)
(37, 99)
(37, 100)
(37, 103)
(37, 108)
(37, 116)
(37, 120)
(38, 136)
(38, 153)
(38, 40)
(38, 53)
(38, 183)
(38, 186)
(38, 59)
(38, 189)
(38, 63)
(38, 197)
(38, 205)
(38, 79)
(38, 213)
(38, 220)
(38, 95)
(38, 99)
(38, 100)
(38, 103)
(38, 107)
(38, 120)
(38, 122)
(39, 132)
(39, 86)
(39, 141)
(39, 217)
(39, 155)
(39, 158)
(39, 163)
(39, 241)
(39, 182)
(39, 56)
(39, 191)
(39, 195)
(39, 73)
(39, 203)
(39, 184)
(39, 214)
(39, 89)
(39, 90)
(39, 232)
(39, 108)
(39, 113)
(40, 197)
(40, 136)
(40, 137)
(40, 122)
(40, 107)
(40, 79)
(40, 82)
(40, 213)
(40, 183)
(40, 153)
(40, 186)
(40, 53)
(40, 220)
(40, 189)
(40, 63)
(41, 128)
(41, 51)
(41, 135)
(41, 154)
(41, 243)
(41, 173)
(41, 50)
(41, 179)
(41, 54)
(41, 55)
(41, 185)
(41, 194)
(41, 75)
(41, 204)
(41, 78)
(41, 208)
(41, 84)
(41, 85)
(41, 215)
(41, 88)
(41, 223)
(41, 224)
(41, 80)
(41, 236)
(41, 111)
(41, 112)
(41, 115)
(41, 244)
(41, 246)
(41, 248)
(41, 249)
(42, 129)
(42, 98)
(42, 228)
(42, 229)
(42, 71)
(42, 140)
(42, 109)
(42, 242)
(42, 218)
(43, 130)
(43, 139)
(43, 144)
(43, 148)
(43, 151)
(43, 152)
(43, 157)
(43, 159)
(43, 48)
(43, 167)
(43, 176)
(43, 180)
(43, 57)
(43, 60)
(43, 61)
(43, 193)
(43, 68)
(43, 200)
(43, 202)
(43, 210)
(43, 87)
(43, 216)
(43, 91)
(43, 94)
(43, 97)
(43, 105)
(43, 234)
(43, 235)
(43, 240)
(43, 106)
(43, 125)
(44, 192)
(44, 69)
(44, 168)
(44, 92)
(44, 170)
(44, 46)
(44, 145)
(44, 83)
(44, 52)
(44, 119)
(44, 188)
(44, 138)
(44, 222)
(45, 225)
(45, 162)
(45, 102)
(45, 106)
(45, 174)
(45, 143)
(45, 176)
(45, 178)
(46, 138)
(46, 145)
(46, 162)
(46, 168)
(46, 170)
(46, 174)
(46, 52)
(46, 188)
(46, 196)
(46, 69)
(46, 83)
(46, 92)
(46, 222)
(46, 234)
(46, 119)
(47, 130)
(47, 145)
(47, 147)
(47, 68)
(47, 154)
(47, 160)
(47, 161)
(47, 165)
(47, 168)
(47, 172)
(47, 48)
(47, 49)
(47, 94)
(47, 187)
(47, 60)
(47, 66)
(47, 67)
(47, 196)
(47, 69)
(47, 119)
(47, 77)
(47, 206)
(47, 81)
(47, 210)
(47, 211)
(47, 91)
(47, 222)
(47, 230)
(47, 105)
(47, 234)
(47, 235)
(47, 112)
(47, 117)
(47, 247)
(47, 121)
(47, 124)
(47, 127)
(48, 130)
(48, 143)
(48, 144)
(48, 145)
(48, 147)
(48, 148)
(48, 151)
(48, 68)
(48, 52)
(48, 161)
(48, 162)
(48, 165)
(48, 168)
(48, 170)
(48, 174)
(48, 180)
(48, 57)
(48, 60)
(48, 61)
(48, 193)
(48, 66)
(48, 196)
(48, 81)
(48, 210)
(48, 83)
(48, 216)
(48, 91)
(48, 94)
(48, 230)
(48, 105)
(48, 234)
(48, 240)
(48, 106)
(49, 147)
(49, 149)
(49, 152)
(49, 154)
(49, 160)
(49, 161)
(49, 165)
(49, 172)
(49, 185)
(49, 187)
(49, 60)
(49, 117)
(49, 66)
(49, 67)
(49, 68)
(49, 201)
(49, 77)
(49, 206)
(49, 80)
(49, 81)
(49, 210)
(49, 211)
(49, 84)
(49, 78)
(49, 94)
(49, 223)
(49, 224)
(49, 230)
(49, 105)
(49, 235)
(49, 111)
(49, 112)
(49, 243)
(49, 245)
(49, 246)
(49, 247)
(49, 121)
(49, 124)
(49, 127)
(50, 128)
(50, 51)
(50, 135)
(50, 142)
(50, 243)
(50, 173)
(50, 179)
(50, 55)
(50, 194)
(50, 75)
(50, 204)
(50, 78)
(50, 208)
(50, 85)
(50, 215)
(50, 88)
(50, 90)
(50, 221)
(50, 223)
(50, 80)
(50, 236)
(50, 111)
(50, 241)
(50, 115)
(50, 244)
(50, 246)
(50, 248)
(50, 249)
(51, 135)
(51, 141)
(51, 142)
(51, 155)
(51, 173)
(51, 115)
(51, 55)
(51, 184)
(51, 64)
(51, 194)
(51, 75)
(51, 203)
(51, 204)
(51, 78)
(51, 208)
(51, 84)
(51, 214)
(51, 215)
(51, 90)
(51, 223)
(51, 232)
(51, 236)
(51, 241)
(51, 243)
(51, 116)
(51, 246)
(51, 248)
(51, 249)
(52, 162)
(52, 196)
(52, 69)
(52, 168)
(52, 234)
(52, 174)
(52, 145)
(52, 83)
(52, 106)
(52, 119)
(52, 188)
(52, 170)
(52, 222)
(53, 99)
(53, 103)
(53, 136)
(53, 137)
(53, 107)
(53, 205)
(53, 63)
(53, 93)
(53, 72)
(53, 116)
(53, 59)
(53, 183)
(53, 120)
(53, 153)
(53, 79)
(53, 189)
(53, 95)
(54, 128)
(54, 129)
(54, 140)
(54, 156)
(54, 71)
(54, 179)
(54, 55)
(54, 185)
(54, 199)
(54, 211)
(54, 85)
(54, 218)
(54, 224)
(54, 98)
(54, 228)
(54, 236)
(54, 109)
(54, 111)
(54, 242)
(54, 115)
(54, 244)
(54, 246)
(54, 248)
(54, 126)
(55, 128)
(55, 115)
(55, 135)
(55, 140)
(55, 142)
(55, 146)
(55, 173)
(55, 179)
(55, 185)
(55, 194)
(55, 198)
(55, 75)
(55, 78)
(55, 208)
(55, 85)
(55, 215)
(55, 88)
(55, 221)
(55, 223)
(55, 224)
(55, 80)
(55, 236)
(55, 111)
(55, 243)
(55, 244)
(55, 246)
(55, 248)
(55, 249)
(55, 126)
(56, 132)
(56, 131)
(56, 217)
(56, 155)
(56, 158)
(56, 163)
(56, 241)
(56, 182)
(56, 190)
(56, 191)
(56, 64)
(56, 195)
(56, 73)
(56, 207)
(56, 86)
(56, 89)
(56, 90)
(56, 232)
(56, 233)
(56, 113)
(57, 130)
(57, 144)
(57, 148)
(57, 151)
(57, 152)
(57, 157)
(57, 167)
(57, 176)
(57, 180)
(57, 61)
(57, 193)
(57, 202)
(57, 87)
(57, 216)
(57, 91)
(57, 97)
(57, 102)
(57, 105)
(57, 234)
(57, 240)
(57, 106)
(57, 125)
(58, 192)
(58, 160)
(58, 226)
(58, 134)
(58, 166)
(58, 104)
(58, 92)
(58, 138)
(58, 206)
(58, 209)
(58, 242)
(58, 110)
(58, 218)
(58, 156)
(59, 99)
(59, 103)
(59, 136)
(59, 169)
(59, 107)
(59, 205)
(59, 93)
(59, 72)
(59, 137)
(59, 120)
(59, 153)
(59, 79)
(59, 189)
(60, 130)
(60, 144)
(60, 145)
(60, 147)
(60, 151)
(60, 152)
(60, 68)
(60, 161)
(60, 162)
(60, 165)
(60, 168)
(60, 172)
(60, 180)
(60, 94)
(60, 187)
(60, 193)
(60, 66)
(60, 67)
(60, 196)
(60, 69)
(60, 81)
(60, 210)
(60, 216)
(60, 91)
(60, 222)
(60, 230)
(60, 105)
(60, 234)
(60, 235)
(60, 240)
(60, 117)
(60, 119)
(60, 121)
(60, 124)
(60, 106)
(61, 130)
(61, 133)
(61, 139)
(61, 144)
(61, 148)
(61, 151)
(61, 152)
(61, 157)
(61, 159)
(61, 167)
(61, 176)
(61, 180)
(61, 193)
(61, 200)
(61, 202)
(61, 87)
(61, 216)
(61, 91)
(61, 97)
(61, 102)
(61, 105)
(61, 240)
(61, 123)
(61, 125)
(62, 96)
(62, 231)
(62, 137)
(62, 183)
(62, 82)
(62, 169)
(62, 63)
(63, 136)
(63, 137)
(63, 153)
(63, 103)
(63, 169)
(63, 183)
(63, 186)
(63, 189)
(63, 197)
(63, 79)
(63, 82)
(63, 213)
(63, 96)
(63, 231)
(63, 107)
(63, 120)
(63, 122)
(64, 131)
(64, 132)
(64, 142)
(64, 150)
(64, 155)
(64, 158)
(64, 163)
(64, 164)
(64, 113)
(64, 175)
(64, 181)
(64, 182)
(64, 190)
(64, 191)
(64, 65)
(64, 195)
(64, 74)
(64, 208)
(64, 212)
(64, 86)
(64, 88)
(64, 217)
(64, 90)
(64, 232)
(64, 233)
(64, 238)
(64, 241)
(64, 249)
(65, 142)
(65, 146)
(65, 150)
(65, 164)
(65, 175)
(65, 177)
(65, 179)
(65, 198)
(65, 199)
(65, 74)
(65, 208)
(65, 85)
(65, 88)
(65, 221)
(65, 101)
(65, 237)
(65, 248)
(65, 249)
(66, 130)
(66, 144)
(66, 145)
(66, 147)
(66, 151)
(66, 152)
(66, 68)
(66, 154)
(66, 160)
(66, 161)
(66, 165)
(66, 168)
(66, 172)
(66, 94)
(66, 187)
(66, 67)
(66, 196)
(66, 69)
(66, 119)
(66, 77)
(66, 206)
(66, 81)
(66, 210)
(66, 216)
(66, 91)
(66, 222)
(66, 230)
(66, 105)
(66, 234)
(66, 235)
(66, 112)
(66, 117)
(66, 247)
(66, 121)
(66, 124)
(66, 127)
(67, 147)
(67, 149)
(67, 154)
(67, 156)
(67, 160)
(67, 161)
(67, 165)
(67, 172)
(67, 115)
(67, 185)
(67, 187)
(67, 117)
(67, 68)
(67, 201)
(67, 77)
(67, 206)
(67, 80)
(67, 81)
(67, 210)
(67, 211)
(67, 78)
(67, 94)
(67, 223)
(67, 224)
(67, 230)
(67, 235)
(67, 111)
(67, 112)
(67, 243)
(67, 245)
(67, 246)
(67, 247)
(67, 121)
(67, 124)
(67, 127)
(68, 130)
(68, 144)
(68, 145)
(68, 147)
(68, 148)
(68, 151)
(68, 152)
(68, 161)
(68, 165)
(68, 167)
(68, 168)
(68, 112)
(68, 172)
(68, 187)
(68, 117)
(68, 193)
(68, 196)
(68, 69)
(68, 201)
(68, 77)
(68, 81)
(68, 210)
(68, 216)
(68, 91)
(68, 94)
(68, 230)
(68, 105)
(68, 234)
(68, 235)
(68, 240)
(68, 245)
(68, 247)
(68, 121)
(68, 124)
(68, 127)
(69, 138)
(69, 145)
(69, 147)
(69, 156)
(69, 160)
(69, 161)
(69, 165)
(69, 168)
(69, 170)
(69, 172)
(69, 187)
(69, 188)
(69, 196)
(69, 119)
(69, 77)
(69, 206)
(69, 81)
(69, 210)
(69, 211)
(69, 92)
(69, 222)
(69, 226)
(69, 230)
(69, 234)
(69, 110)
(69, 83)
(69, 117)
(69, 247)
(69, 124)
(70, 149)
(70, 152)
(70, 157)
(70, 159)
(70, 167)
(70, 171)
(70, 223)
(70, 200)
(70, 201)
(70, 202)
(70, 76)
(70, 84)
(70, 220)
(70, 95)
(70, 227)
(70, 100)
(70, 105)
(70, 235)
(70, 239)
(70, 114)
(70, 245)
(70, 121)
(71, 129)
(71, 98)
(71, 228)
(71, 229)
(71, 199)
(71, 177)
(71, 140)
(71, 109)
(71, 209)
(71, 242)
(71, 179)
(71, 244)
(71, 85)
(71, 218)
(71, 126)
(72, 99)
(72, 103)
(72, 107)
(72, 108)
(72, 205)
(72, 79)
(72, 120)
(73, 195)
(73, 132)
(73, 232)
(73, 108)
(73, 182)
(73, 89)
(73, 217)
(73, 155)
(73, 158)
(74, 131)
(74, 132)
(74, 142)
(74, 150)
(74, 155)
(74, 158)
(74, 163)
(74, 164)
(74, 175)
(74, 181)
(74, 190)
(74, 191)
(74, 195)
(74, 207)
(74, 208)
(74, 212)
(74, 86)
(74, 88)
(74, 90)
(74, 232)
(74, 233)
(74, 237)
(74, 238)
(74, 113)
(75, 128)
(75, 135)
(75, 141)
(75, 142)
(75, 173)
(75, 243)
(75, 184)
(75, 194)
(75, 203)
(75, 204)
(75, 78)
(75, 208)
(75, 84)
(75, 85)
(75, 214)
(75, 215)
(75, 88)
(75, 90)
(75, 223)
(75, 80)
(75, 236)
(75, 241)
(75, 115)
(75, 246)
(75, 248)
(75, 249)
(76, 135)
(76, 141)
(76, 149)
(76, 173)
(76, 184)
(76, 223)
(76, 194)
(76, 201)
(76, 203)
(76, 204)
(76, 78)
(76, 80)
(76, 84)
(76, 214)
(76, 215)
(76, 93)
(76, 95)
(76, 99)
(76, 100)
(76, 239)
(76, 114)
(76, 243)
(76, 116)
(76, 245)
(76, 121)
(77, 147)
(77, 154)
(77, 156)
(77, 160)
(77, 161)
(77, 165)
(77, 172)
(77, 115)
(77, 185)
(77, 187)
(77, 119)
(77, 206)
(77, 80)
(77, 81)
(77, 210)
(77, 211)
(77, 78)
(77, 94)
(77, 224)
(77, 226)
(77, 230)
(77, 111)
(77, 112)
(77, 243)
(77, 117)
(77, 246)
(77, 247)
(77, 121)
(77, 124)
(77, 126)
(77, 127)
(78, 128)
(78, 135)
(78, 149)
(78, 154)
(78, 172)
(78, 173)
(78, 243)
(78, 249)
(78, 194)
(78, 201)
(78, 204)
(78, 80)
(78, 84)
(78, 215)
(78, 223)
(78, 224)
(78, 100)
(78, 236)
(78, 111)
(78, 112)
(78, 115)
(78, 245)
(78, 246)
(78, 247)
(78, 121)
(78, 127)
(79, 99)
(79, 100)
(79, 103)
(79, 136)
(79, 107)
(79, 141)
(79, 93)
(79, 205)
(79, 116)
(79, 120)
(79, 153)
(79, 189)
(79, 95)
(80, 128)
(80, 135)
(80, 149)
(80, 154)
(80, 172)
(80, 173)
(80, 115)
(80, 185)
(80, 187)
(80, 201)
(80, 204)
(80, 81)
(80, 211)
(80, 84)
(80, 215)
(80, 223)
(80, 224)
(80, 236)
(80, 111)
(80, 112)
(80, 243)
(80, 245)
(80, 246)
(80, 247)
(80, 121)
(80, 126)
(80, 127)
(81, 130)
(81, 144)
(81, 147)
(81, 149)
(81, 152)
(81, 154)
(81, 160)
(81, 161)
(81, 165)
(81, 167)
(81, 172)
(81, 187)
(81, 117)
(81, 196)
(81, 201)
(81, 206)
(81, 210)
(81, 211)
(81, 91)
(81, 94)
(81, 230)
(81, 105)
(81, 234)
(81, 235)
(81, 112)
(81, 245)
(81, 247)
(81, 121)
(81, 124)
(81, 127)
(82, 96)
(82, 107)
(82, 231)
(82, 137)
(82, 183)
(82, 169)
(82, 120)
(83, 162)
(83, 196)
(83, 168)
(83, 234)
(83, 174)
(83, 145)
(83, 138)
(83, 119)
(83, 188)
(83, 170)
(83, 222)
(84, 135)
(84, 141)
(84, 149)
(84, 173)
(84, 243)
(84, 184)
(84, 95)
(84, 194)
(84, 201)
(84, 203)
(84, 204)
(84, 214)
(84, 215)
(84, 223)
(84, 100)
(84, 239)
(84, 112)
(84, 114)
(84, 115)
(84, 116)
(84, 245)
(84, 246)
(84, 121)
(85, 128)
(85, 140)
(85, 146)
(85, 177)
(85, 179)
(85, 185)
(85, 198)
(85, 199)
(85, 208)
(85, 215)
(85, 88)
(85, 221)
(85, 224)
(85, 228)
(85, 101)
(85, 236)
(85, 237)
(85, 111)
(85, 115)
(85, 244)
(85, 246)
(85, 248)
(85, 249)
(85, 126)
(86, 131)
(86, 132)
(86, 142)
(86, 150)
(86, 89)
(86, 155)
(86, 158)
(86, 163)
(86, 241)
(86, 181)
(86, 182)
(86, 190)
(86, 191)
(86, 195)
(86, 207)
(86, 208)
(86, 212)
(86, 217)
(86, 90)
(86, 232)
(86, 233)
(86, 238)
(86, 113)
(87, 193)
(87, 139)
(87, 102)
(87, 97)
(87, 200)
(87, 202)
(87, 176)
(87, 125)
(87, 240)
(87, 144)
(87, 180)
(87, 151)
(87, 216)
(87, 148)
(87, 123)
(87, 157)
(88, 128)
(88, 135)
(88, 140)
(88, 142)
(88, 146)
(88, 150)
(88, 164)
(88, 175)
(88, 177)
(88, 179)
(88, 198)
(88, 199)
(88, 208)
(88, 215)
(88, 90)
(88, 221)
(88, 101)
(88, 236)
(88, 237)
(88, 115)
(88, 244)
(88, 248)
(88, 249)
(89, 132)
(89, 155)
(89, 158)
(89, 163)
(89, 241)
(89, 182)
(89, 184)
(89, 191)
(89, 195)
(89, 214)
(89, 217)
(89, 90)
(89, 232)
(89, 108)
(89, 113)
(90, 132)
(90, 135)
(90, 142)
(90, 131)
(90, 150)
(90, 155)
(90, 158)
(90, 163)
(90, 241)
(90, 175)
(90, 182)
(90, 190)
(90, 191)
(90, 194)
(90, 195)
(90, 208)
(90, 232)
(90, 238)
(90, 113)
(90, 249)
(91, 130)
(91, 144)
(91, 148)
(91, 151)
(91, 152)
(91, 157)
(91, 159)
(91, 161)
(91, 167)
(91, 171)
(91, 180)
(91, 193)
(91, 196)
(91, 201)
(91, 202)
(91, 210)
(91, 216)
(91, 94)
(91, 97)
(91, 230)
(91, 105)
(91, 234)
(91, 235)
(91, 240)
(91, 245)
(91, 106)
(92, 134)
(92, 138)
(92, 145)
(92, 147)
(92, 156)
(92, 160)
(92, 165)
(92, 188)
(92, 192)
(92, 206)
(92, 211)
(92, 222)
(92, 226)
(92, 104)
(92, 110)
(92, 117)
(92, 119)
(92, 124)
(93, 136)
(93, 141)
(93, 173)
(93, 184)
(93, 189)
(93, 203)
(93, 204)
(93, 205)
(93, 214)
(93, 95)
(93, 99)
(93, 100)
(93, 103)
(93, 108)
(93, 116)
(94, 130)
(94, 144)
(94, 147)
(94, 149)
(94, 151)
(94, 152)
(94, 154)
(94, 161)
(94, 165)
(94, 167)
(94, 172)
(94, 187)
(94, 117)
(94, 193)
(94, 196)
(94, 201)
(94, 210)
(94, 216)
(94, 230)
(94, 105)
(94, 234)
(94, 235)
(94, 112)
(94, 245)
(94, 247)
(94, 121)
(94, 124)
(94, 127)
(95, 136)
(95, 141)
(95, 149)
(95, 153)
(95, 171)
(95, 173)
(95, 189)
(95, 201)
(95, 203)
(95, 204)
(95, 205)
(95, 223)
(95, 99)
(95, 100)
(95, 239)
(95, 114)
(95, 116)
(95, 245)
(96, 107)
(96, 231)
(96, 137)
(96, 183)
(96, 169)
(97, 130)
(97, 133)
(97, 139)
(97, 144)
(97, 148)
(97, 151)
(97, 152)
(97, 157)
(97, 159)
(97, 167)
(97, 171)
(97, 176)
(97, 180)
(97, 193)
(97, 200)
(97, 202)
(97, 216)
(97, 219)
(97, 227)
(97, 105)
(97, 235)
(97, 240)
(97, 123)
(97, 125)
(98, 129)
(98, 228)
(98, 229)
(98, 166)
(98, 104)
(98, 140)
(98, 109)
(98, 209)
(98, 242)
(98, 218)
(98, 134)
(99, 136)
(99, 141)
(99, 153)
(99, 184)
(99, 189)
(99, 203)
(99, 205)
(99, 214)
(99, 100)
(99, 103)
(99, 107)
(99, 116)
(99, 120)
(100, 136)
(100, 141)
(100, 149)
(100, 173)
(100, 184)
(100, 189)
(100, 201)
(100, 203)
(100, 204)
(100, 205)
(100, 214)
(100, 223)
(100, 239)
(100, 114)
(100, 243)
(100, 116)
(100, 245)
(101, 140)
(101, 142)
(101, 146)
(101, 150)
(101, 164)
(101, 175)
(101, 177)
(101, 179)
(101, 198)
(101, 199)
(101, 208)
(101, 221)
(101, 228)
(101, 237)
(101, 244)
(101, 248)
(102, 225)
(102, 176)
(102, 143)
(102, 240)
(102, 178)
(102, 180)
(103, 136)
(103, 169)
(103, 107)
(103, 205)
(103, 120)
(103, 183)
(103, 137)
(103, 153)
(103, 189)
(104, 129)
(104, 134)
(104, 138)
(104, 156)
(104, 160)
(104, 166)
(104, 185)
(104, 192)
(104, 206)
(104, 209)
(104, 211)
(104, 218)
(104, 226)
(104, 109)
(104, 110)
(104, 242)
(104, 124)
(104, 126)
(105, 130)
(105, 139)
(105, 144)
(105, 148)
(105, 149)
(105, 151)
(105, 152)
(105, 157)
(105, 159)
(105, 167)
(105, 171)
(105, 180)
(105, 193)
(105, 200)
(105, 201)
(105, 202)
(105, 210)
(105, 216)
(105, 227)
(105, 235)
(105, 239)
(105, 240)
(105, 114)
(105, 245)
(105, 121)
(105, 125)
(106, 176)
(106, 162)
(106, 196)
(106, 168)
(106, 234)
(106, 130)
(106, 174)
(106, 143)
(106, 240)
(106, 178)
(106, 180)
(106, 151)
(106, 216)
(106, 170)
(107, 136)
(107, 137)
(107, 153)
(107, 169)
(107, 183)
(107, 189)
(107, 231)
(107, 120)
(108, 182)
(108, 203)
(108, 205)
(108, 141)
(108, 241)
(108, 214)
(108, 184)
(108, 155)
(108, 158)
(109, 129)
(109, 228)
(109, 229)
(109, 134)
(109, 140)
(109, 209)
(109, 242)
(109, 179)
(109, 244)
(109, 218)
(109, 126)
(110, 134)
(110, 138)
(110, 147)
(110, 156)
(110, 160)
(110, 185)
(110, 188)
(110, 192)
(110, 206)
(110, 209)
(110, 211)
(110, 226)
(110, 242)
(110, 117)
(110, 119)
(110, 124)
(110, 126)
(111, 128)
(111, 115)
(111, 154)
(111, 156)
(111, 160)
(111, 172)
(111, 179)
(111, 185)
(111, 187)
(111, 206)
(111, 211)
(111, 215)
(111, 223)
(111, 224)
(111, 236)
(111, 112)
(111, 243)
(111, 244)
(111, 117)
(111, 246)
(111, 247)
(111, 248)
(111, 121)
(111, 124)
(111, 126)
(111, 127)
(112, 147)
(112, 149)
(112, 154)
(112, 161)
(112, 165)
(112, 172)
(112, 115)
(112, 185)
(112, 187)
(112, 117)
(112, 201)
(112, 204)
(112, 206)
(112, 210)
(112, 211)
(112, 223)
(112, 224)
(112, 230)
(112, 235)
(112, 243)
(112, 245)
(112, 246)
(112, 247)
(112, 121)
(112, 124)
(112, 127)
(113, 132)
(113, 142)
(113, 131)
(113, 150)
(113, 155)
(113, 158)
(113, 163)
(113, 175)
(113, 181)
(113, 182)
(113, 190)
(113, 191)
(113, 195)
(113, 207)
(113, 208)
(113, 212)
(113, 217)
(113, 232)
(113, 233)
(113, 238)
(113, 241)
(114, 136)
(114, 149)
(114, 152)
(114, 157)
(114, 159)
(114, 167)
(114, 171)
(114, 200)
(114, 201)
(114, 202)
(114, 220)
(114, 227)
(114, 235)
(114, 239)
(114, 245)
(114, 121)
(114, 122)
(115, 128)
(115, 135)
(115, 140)
(115, 154)
(115, 172)
(115, 173)
(115, 179)
(115, 185)
(115, 194)
(115, 204)
(115, 215)
(115, 223)
(115, 224)
(115, 236)
(115, 243)
(115, 244)
(115, 246)
(115, 247)
(115, 248)
(115, 249)
(115, 126)
(115, 127)
(116, 136)
(116, 141)
(116, 173)
(116, 184)
(116, 189)
(116, 194)
(116, 203)
(116, 204)
(116, 205)
(116, 214)
(116, 223)
(116, 239)
(117, 138)
(117, 145)
(117, 147)
(117, 154)
(117, 156)
(117, 160)
(117, 161)
(117, 165)
(117, 172)
(117, 185)
(117, 187)
(117, 188)
(117, 196)
(117, 119)
(117, 206)
(117, 210)
(117, 211)
(117, 222)
(117, 224)
(117, 226)
(117, 230)
(117, 234)
(117, 247)
(117, 121)
(117, 124)
(117, 127)
(118, 166)
(119, 138)
(119, 145)
(119, 147)
(119, 156)
(119, 160)
(119, 161)
(119, 165)
(119, 168)
(119, 170)
(119, 187)
(119, 188)
(119, 196)
(119, 206)
(119, 210)
(119, 211)
(119, 222)
(119, 226)
(119, 230)
(119, 234)
(119, 124)
(120, 136)
(120, 169)
(120, 205)
(120, 183)
(120, 137)
(120, 153)
(120, 189)
(121, 149)
(121, 152)
(121, 154)
(121, 161)
(121, 165)
(121, 167)
(121, 172)
(121, 187)
(121, 201)
(121, 210)
(121, 223)
(121, 230)
(121, 235)
(121, 239)
(121, 243)
(121, 245)
(121, 246)
(121, 247)
(121, 124)
(121, 127)
(122, 227)
(122, 197)
(122, 136)
(122, 171)
(122, 213)
(122, 183)
(122, 153)
(122, 186)
(122, 219)
(122, 220)
(122, 189)
(123, 227)
(123, 133)
(123, 200)
(123, 202)
(123, 139)
(123, 125)
(123, 148)
(123, 219)
(123, 157)
(124, 138)
(124, 145)
(124, 147)
(124, 154)
(124, 156)
(124, 160)
(124, 161)
(124, 165)
(124, 172)
(124, 185)
(124, 187)
(124, 188)
(124, 206)
(124, 210)
(124, 211)
(124, 222)
(124, 224)
(124, 226)
(124, 230)
(124, 247)
(124, 126)
(124, 127)
(125, 133)
(125, 139)
(125, 144)
(125, 152)
(125, 148)
(125, 151)
(125, 157)
(125, 159)
(125, 167)
(125, 171)
(125, 193)
(125, 200)
(125, 202)
(125, 219)
(125, 220)
(125, 227)
(125, 240)
(126, 128)
(126, 129)
(126, 140)
(126, 154)
(126, 156)
(126, 160)
(126, 179)
(126, 185)
(126, 206)
(126, 211)
(126, 224)
(126, 226)
(126, 236)
(126, 242)
(126, 244)
(126, 246)
(126, 247)
(126, 127)
(127, 147)
(127, 149)
(127, 154)
(127, 156)
(127, 160)
(127, 161)
(127, 165)
(127, 172)
(127, 185)
(127, 187)
(127, 201)
(127, 206)
(127, 210)
(127, 211)
(127, 223)
(127, 224)
(127, 230)
(127, 243)
(127, 245)
(127, 246)
(127, 247)
(128, 135)
(128, 140)
(128, 146)
(128, 154)
(128, 179)
(128, 185)
(128, 198)
(128, 199)
(128, 208)
(128, 215)
(128, 221)
(128, 224)
(128, 236)
(128, 243)
(128, 244)
(128, 246)
(128, 248)
(128, 249)
(129, 226)
(129, 228)
(129, 229)
(129, 134)
(129, 140)
(129, 209)
(129, 242)
(129, 179)
(129, 244)
(129, 185)
(129, 218)
(129, 156)
(130, 144)
(130, 147)
(130, 148)
(130, 151)
(130, 152)
(130, 161)
(130, 162)
(130, 165)
(130, 167)
(130, 168)
(130, 180)
(130, 187)
(130, 193)
(130, 196)
(130, 202)
(130, 210)
(130, 216)
(130, 230)
(130, 234)
(130, 235)
(130, 240)
(131, 132)
(131, 142)
(131, 150)
(131, 155)
(131, 158)
(131, 163)
(131, 164)
(131, 175)
(131, 181)
(131, 190)
(131, 191)
(131, 195)
(131, 207)
(131, 212)
(131, 217)
(131, 232)
(131, 233)
(131, 238)
(132, 142)
(132, 155)
(132, 158)
(132, 163)
(132, 182)
(132, 190)
(132, 191)
(132, 195)
(132, 208)
(132, 217)
(132, 232)
(132, 233)
(132, 238)
(132, 241)
(133, 193)
(133, 227)
(133, 197)
(133, 167)
(133, 200)
(133, 202)
(133, 171)
(133, 148)
(133, 213)
(133, 139)
(133, 219)
(133, 220)
(133, 157)
(133, 159)
(134, 192)
(134, 226)
(134, 166)
(134, 138)
(134, 209)
(134, 242)
(134, 218)
(134, 156)
(135, 141)
(135, 142)
(135, 155)
(135, 173)
(135, 184)
(135, 194)
(135, 203)
(135, 204)
(135, 208)
(135, 214)
(135, 215)
(135, 223)
(135, 236)
(135, 241)
(135, 243)
(135, 246)
(135, 248)
(135, 249)
(136, 153)
(136, 183)
(136, 186)
(136, 189)
(136, 197)
(136, 205)
(136, 213)
(136, 220)
(136, 239)
(137, 231)
(137, 169)
(137, 183)
(137, 153)
(138, 145)
(138, 147)
(138, 156)
(138, 160)
(138, 165)
(138, 188)
(138, 192)
(138, 206)
(138, 211)
(138, 222)
(138, 226)
(139, 144)
(139, 152)
(139, 148)
(139, 151)
(139, 157)
(139, 159)
(139, 167)
(139, 171)
(139, 193)
(139, 200)
(139, 202)
(139, 219)
(139, 220)
(139, 227)
(139, 240)
(140, 177)
(140, 179)
(140, 185)
(140, 198)
(140, 199)
(140, 218)
(140, 221)
(140, 224)
(140, 228)
(140, 229)
(140, 236)
(140, 146)
(140, 242)
(140, 244)
(140, 248)
(141, 155)
(141, 173)
(141, 184)
(141, 194)
(141, 203)
(141, 204)
(141, 205)
(141, 214)
(141, 215)
(141, 223)
(141, 241)
(142, 146)
(142, 150)
(142, 155)
(142, 163)
(142, 164)
(142, 175)
(142, 191)
(142, 194)
(142, 198)
(142, 208)
(142, 215)
(142, 221)
(142, 232)
(142, 236)
(142, 237)
(142, 238)
(142, 241)
(142, 248)
(142, 249)
(143, 225)
(143, 162)
(143, 168)
(143, 170)
(143, 174)
(143, 176)
(143, 178)
(143, 180)
(143, 216)
(144, 148)
(144, 151)
(144, 152)
(144, 157)
(144, 159)
(144, 167)
(144, 171)
(144, 180)
(144, 193)
(144, 200)
(144, 201)
(144, 202)
(144, 210)
(144, 216)
(144, 234)
(144, 235)
(144, 240)
(144, 245)
(145, 147)
(145, 160)
(145, 161)
(145, 162)
(145, 165)
(145, 168)
(145, 170)
(145, 174)
(145, 187)
(145, 188)
(145, 196)
(145, 210)
(145, 222)
(145, 230)
(145, 234)
(146, 150)
(146, 164)
(146, 175)
(146, 177)
(146, 179)
(146, 198)
(146, 199)
(146, 208)
(146, 221)
(146, 228)
(146, 237)
(146, 244)
(146, 248)
(146, 249)
(147, 154)
(147, 156)
(147, 160)
(147, 161)
(147, 165)
(147, 168)
(147, 172)
(147, 187)
(147, 188)
(147, 196)
(147, 206)
(147, 210)
(147, 211)
(147, 222)
(147, 230)
(147, 234)
(147, 247)
(148, 171)
(148, 151)
(148, 152)
(148, 157)
(148, 159)
(148, 176)
(148, 167)
(148, 180)
(148, 193)
(148, 200)
(148, 202)
(148, 216)
(148, 227)
(148, 235)
(148, 240)
(149, 152)
(149, 154)
(149, 167)
(149, 171)
(149, 172)
(149, 173)
(149, 201)
(149, 204)
(149, 223)
(149, 235)
(149, 239)
(149, 243)
(149, 245)
(149, 247)
(150, 164)
(150, 175)
(150, 177)
(150, 181)
(150, 198)
(150, 199)
(150, 208)
(150, 212)
(150, 221)
(150, 237)
(150, 238)
(151, 152)
(151, 157)
(151, 159)
(151, 176)
(151, 167)
(151, 171)
(151, 180)
(151, 193)
(151, 200)
(151, 202)
(151, 210)
(151, 216)
(151, 234)
(151, 235)
(151, 240)
(152, 171)
(152, 157)
(152, 159)
(152, 167)
(152, 180)
(152, 193)
(152, 200)
(152, 201)
(152, 202)
(152, 210)
(152, 216)
(152, 220)
(152, 227)
(152, 235)
(152, 239)
(152, 240)
(152, 245)
(153, 183)
(153, 186)
(153, 189)
(153, 197)
(153, 205)
(153, 213)
(154, 160)
(154, 161)
(154, 165)
(154, 172)
(154, 185)
(154, 187)
(154, 206)
(154, 156)
(154, 211)
(154, 223)
(154, 224)
(154, 236)
(154, 243)
(154, 246)
(154, 247)
(155, 158)
(155, 163)
(155, 182)
(155, 184)
(155, 190)
(155, 191)
(155, 194)
(155, 195)
(155, 203)
(155, 208)
(155, 214)
(155, 217)
(155, 232)
(155, 241)
(156, 160)
(156, 161)
(156, 165)
(156, 172)
(156, 185)
(156, 187)
(156, 206)
(156, 209)
(156, 211)
(156, 224)
(156, 226)
(156, 242)
(156, 247)
(157, 171)
(157, 159)
(157, 167)
(157, 180)
(157, 193)
(157, 200)
(157, 201)
(157, 202)
(157, 219)
(157, 220)
(157, 227)
(157, 235)
(157, 240)
(157, 245)
(158, 217)
(158, 163)
(158, 182)
(158, 184)
(158, 190)
(158, 191)
(158, 195)
(158, 232)
(158, 241)
(159, 171)
(159, 167)
(159, 193)
(159, 200)
(159, 201)
(159, 202)
(159, 219)
(159, 220)
(159, 227)
(159, 235)
(159, 239)
(159, 240)
(159, 245)
(160, 161)
(160, 165)
(160, 172)
(160, 185)
(160, 187)
(160, 188)
(160, 206)
(160, 211)
(160, 222)
(160, 224)
(160, 226)
(160, 230)
(160, 247)
(161, 165)
(161, 168)
(161, 172)
(161, 187)
(161, 196)
(161, 206)
(161, 210)
(161, 211)
(161, 222)
(161, 230)
(161, 188)
(161, 234)
(161, 247)
(162, 196)
(162, 168)
(162, 234)
(162, 174)
(162, 240)
(162, 178)
(162, 180)
(162, 216)
(162, 170)
(162, 222)
(163, 181)
(163, 182)
(163, 190)
(163, 191)
(163, 195)
(163, 207)
(163, 208)
(163, 212)
(163, 217)
(163, 232)
(163, 233)
(163, 238)
(163, 241)
(164, 198)
(164, 199)
(164, 237)
(164, 238)
(164, 175)
(164, 177)
(164, 212)
(164, 181)
(164, 221)
(165, 168)
(165, 172)
(165, 187)
(165, 196)
(165, 206)
(165, 210)
(165, 211)
(165, 222)
(165, 230)
(165, 188)
(165, 234)
(165, 247)
(166, 192)
(166, 209)
(166, 242)
(166, 218)
(167, 171)
(167, 180)
(167, 193)
(167, 200)
(167, 201)
(167, 202)
(167, 210)
(167, 216)
(167, 220)
(167, 227)
(167, 235)
(167, 239)
(167, 240)
(167, 245)
(168, 170)
(168, 174)
(168, 196)
(168, 210)
(168, 216)
(168, 222)
(168, 230)
(168, 188)
(168, 234)
(169, 231)
(169, 183)
(170, 196)
(170, 234)
(170, 174)
(170, 188)
(170, 222)
(171, 219)
(171, 193)
(171, 200)
(171, 201)
(171, 202)
(171, 220)
(171, 227)
(171, 235)
(171, 239)
(171, 245)
(172, 185)
(172, 187)
(172, 201)
(172, 206)
(172, 210)
(172, 211)
(172, 224)
(172, 230)
(172, 235)
(172, 243)
(172, 245)
(172, 246)
(172, 247)
(173, 184)
(173, 194)
(173, 203)
(173, 204)
(173, 208)
(173, 214)
(173, 215)
(173, 223)
(173, 236)
(173, 241)
(173, 243)
(173, 246)
(173, 249)
(174, 196)
(174, 234)
(174, 178)
(174, 216)
(174, 222)
(175, 177)
(175, 198)
(175, 199)
(175, 208)
(175, 212)
(175, 221)
(175, 237)
(175, 238)
(176, 225)
(176, 240)
(176, 178)
(176, 180)
(176, 216)
(177, 179)
(177, 198)
(177, 199)
(177, 221)
(177, 228)
(177, 237)
(177, 244)
(177, 248)
(178, 225)
(179, 185)
(179, 198)
(179, 199)
(179, 221)
(179, 224)
(179, 228)
(179, 236)
(179, 237)
(179, 244)
(179, 246)
(179, 248)
(179, 249)
(180, 193)
(180, 202)
(180, 216)
(180, 234)
(180, 240)
(181, 233)
(181, 238)
(181, 207)
(181, 212)
(181, 217)
(181, 190)
(181, 191)
(182, 217)
(182, 184)
(182, 190)
(182, 191)
(182, 195)
(182, 203)
(182, 214)
(182, 232)
(182, 241)
(183, 186)
(183, 189)
(183, 197)
(183, 213)
(183, 231)
(184, 194)
(184, 204)
(184, 203)
(184, 205)
(184, 214)
(184, 215)
(184, 241)
(185, 187)
(185, 206)
(185, 211)
(185, 224)
(185, 226)
(185, 236)
(185, 244)
(185, 246)
(185, 247)
(186, 227)
(186, 197)
(186, 213)
(186, 219)
(186, 220)
(186, 189)
(187, 196)
(187, 206)
(187, 210)
(187, 211)
(187, 224)
(187, 230)
(187, 234)
(187, 247)
(188, 192)
(188, 196)
(188, 206)
(188, 222)
(188, 226)
(188, 230)
(189, 197)
(189, 205)
(189, 213)
(190, 191)
(190, 195)
(190, 207)
(190, 212)
(190, 217)
(190, 232)
(190, 233)
(190, 238)
(191, 217)
(191, 195)
(191, 241)
(191, 207)
(191, 212)
(191, 232)
(191, 233)
(191, 238)
(192, 226)
(192, 209)
(193, 200)
(193, 202)
(193, 210)
(193, 216)
(193, 227)
(193, 235)
(193, 240)
(193, 245)
(194, 203)
(194, 204)
(194, 208)
(194, 214)
(194, 215)
(194, 223)
(194, 232)
(194, 236)
(194, 241)
(194, 243)
(194, 246)
(194, 248)
(194, 249)
(195, 241)
(195, 207)
(195, 217)
(195, 232)
(195, 233)
(196, 222)
(196, 210)
(196, 216)
(196, 230)
(196, 234)
(197, 227)
(197, 213)
(197, 219)
(197, 220)
(198, 199)
(198, 208)
(198, 221)
(198, 228)
(198, 237)
(198, 244)
(198, 248)
(198, 249)
(199, 221)
(199, 228)
(199, 237)
(199, 244)
(199, 248)
(200, 202)
(200, 213)
(200, 219)
(200, 220)
(200, 227)
(200, 235)
(201, 202)
(201, 210)
(201, 223)
(201, 235)
(201, 239)
(201, 243)
(201, 245)
(202, 219)
(202, 216)
(202, 220)
(202, 227)
(202, 235)
(202, 240)
(202, 245)
(203, 223)
(203, 204)
(203, 205)
(203, 214)
(203, 215)
(203, 241)
(204, 223)
(204, 214)
(204, 215)
(204, 239)
(204, 243)
(204, 246)
(205, 214)
(206, 211)
(206, 224)
(206, 226)
(206, 230)
(206, 247)
(207, 233)
(207, 238)
(207, 212)
(207, 217)
(208, 215)
(208, 221)
(208, 232)
(208, 236)
(208, 237)
(208, 241)
(208, 248)
(208, 249)
(209, 226)
(209, 229)
(209, 242)
(209, 218)
(210, 216)
(210, 230)
(210, 234)
(210, 235)
(210, 245)
(210, 247)
(211, 224)
(211, 226)
(211, 230)
(211, 247)
(212, 233)
(212, 238)
(213, 227)
(213, 219)
(213, 220)
(214, 215)
(214, 223)
(214, 241)
(215, 223)
(215, 236)
(215, 241)
(215, 243)
(215, 246)
(215, 248)
(215, 249)
(216, 230)
(216, 234)
(216, 235)
(216, 240)
(217, 232)
(217, 233)
(218, 226)
(218, 228)
(218, 229)
(218, 242)
(219, 227)
(219, 220)
(220, 227)
(220, 239)
(221, 228)
(221, 236)
(221, 237)
(221, 244)
(221, 248)
(221, 249)
(222, 230)
(222, 234)
(223, 236)
(223, 239)
(223, 243)
(223, 245)
(223, 246)
(224, 236)
(224, 243)
(224, 244)
(224, 246)
(224, 247)
(224, 248)
(226, 242)
(227, 235)
(228, 229)
(228, 242)
(228, 244)
(229, 242)
(230, 247)
(230, 234)
(232, 241)
(232, 233)
(232, 238)
(233, 238)
(234, 240)
(235, 240)
(235, 239)
(235, 245)
(236, 243)
(236, 244)
(236, 246)
(236, 248)
(236, 249)
(237, 248)
(239, 245)
(241, 249)
(243, 245)
(243, 246)
(243, 247)
(243, 249)
(244, 246)
(244, 248)
(244, 249)
(246, 247)
(246, 248)
(246, 249)
(248, 249)
