#Nodes
0
1
2
3
4
5
6
7
8
9
10
11
12
13
14
15
16
17
18
19
20
21
22
23
24
25
26
27
28
29
30
31
32
33
34
35
36
37
38
39
40
41
42
43
44
45
46
47
48
49
50
51
52
53
54
55
56
57
58
59
60
61
62
63
64
65
66
67
68
69
70
71
72
73
74
75
76
77
78
79
80
81
82
83
84
85
86
87
88
89
90
91
92
93
94
95
96
97
98
99
#Edges
(0, 3)
(0, 6)
(0, 10)
(0, 46)
(0, 49)
(0, 21)
(0, 90)
(0, 26)
(0, 62)
(1, 97)
(1, 42)
(1, 46)
(1, 47)
(1, 48)
(1, 20)
(1, 26)
(1, 92)
(2, 72)
(2, 73)
(2, 74)
(2, 78)
(2, 40)
(2, 83)
(2, 53)
(2, 25)
(2, 88)
(2, 57)
(2, 63)
(3, 34)
(3, 37)
(3, 6)
(3, 8)
(3, 75)
(3, 62)
(3, 5)
(4, 35)
(4, 70)
(4, 55)
(4, 29)
(4, 79)
(4, 16)
(4, 87)
(4, 56)
(4, 23)
(4, 59)
(4, 60)
(4, 61)
(5, 34)
(5, 37)
(5, 40)
(5, 75)
(5, 8)
(5, 51)
(5, 84)
(6, 65)
(6, 10)
(6, 13)
(6, 46)
(6, 49)
(6, 21)
(6, 26)
(7, 64)
(7, 99)
(7, 95)
(7, 58)
(7, 91)
(7, 30)
(7, 31)
(8, 72)
(8, 75)
(8, 77)
(8, 40)
(8, 50)
(8, 53)
(8, 57)
(8, 90)
(8, 62)
(9, 98)
(9, 49)
(9, 23)
(9, 29)
(9, 79)
(9, 16)
(9, 81)
(9, 55)
(9, 24)
(9, 60)
(9, 61)
(10, 98)
(10, 49)
(10, 13)
(10, 81)
(10, 21)
(10, 86)
(10, 90)
(10, 62)
(11, 96)
(11, 68)
(11, 43)
(11, 14)
(11, 85)
(11, 22)
(11, 55)
(11, 24)
(11, 89)
(12, 32)
(12, 66)
(12, 36)
(12, 44)
(12, 47)
(12, 28)
(12, 93)
(13, 65)
(13, 98)
(13, 14)
(13, 76)
(13, 18)
(13, 46)
(13, 49)
(13, 82)
(13, 20)
(13, 21)
(13, 24)
(13, 26)
(14, 98)
(14, 68)
(14, 39)
(14, 76)
(14, 17)
(14, 18)
(14, 85)
(14, 24)
(15, 33)
(15, 68)
(15, 43)
(15, 17)
(15, 19)
(15, 85)
(15, 22)
(16, 35)
(16, 70)
(16, 55)
(16, 29)
(16, 79)
(16, 81)
(16, 87)
(16, 23)
(16, 59)
(16, 60)
(16, 61)
(17, 33)
(17, 68)
(17, 39)
(17, 71)
(17, 76)
(17, 18)
(17, 19)
(17, 85)
(18, 65)
(18, 98)
(18, 71)
(18, 39)
(18, 76)
(18, 82)
(18, 85)
(18, 24)
(19, 33)
(19, 85)
(19, 39)
(20, 65)
(20, 42)
(20, 76)
(20, 46)
(20, 82)
(20, 26)
(21, 98)
(21, 49)
(21, 81)
(21, 86)
(21, 90)
(21, 62)
(22, 43)
(22, 68)
(22, 85)
(22, 89)
(23, 35)
(23, 70)
(23, 55)
(23, 29)
(23, 79)
(23, 81)
(23, 87)
(23, 60)
(23, 61)
(24, 98)
(24, 76)
(24, 49)
(24, 55)
(25, 72)
(25, 73)
(25, 74)
(25, 78)
(25, 40)
(25, 83)
(25, 53)
(25, 88)
(25, 57)
(26, 65)
(26, 42)
(26, 46)
(26, 82)
(26, 92)
(27, 69)
(27, 40)
(27, 74)
(27, 78)
(27, 51)
(27, 88)
(27, 63)
(28, 36)
(28, 44)
(28, 93)
(28, 47)
(29, 35)
(29, 70)
(29, 55)
(29, 79)
(29, 54)
(29, 87)
(29, 56)
(29, 59)
(29, 60)
(29, 61)
(30, 64)
(30, 35)
(30, 99)
(30, 54)
(30, 70)
(30, 38)
(30, 31)
(30, 77)
(30, 45)
(30, 50)
(30, 67)
(30, 86)
(30, 91)
(30, 94)
(30, 95)
(31, 64)
(31, 99)
(31, 54)
(31, 38)
(31, 77)
(31, 50)
(31, 62)
(31, 86)
(31, 58)
(31, 91)
(31, 94)
(31, 95)
(32, 66)
(32, 36)
(32, 44)
(32, 47)
(32, 93)
(33, 68)
(33, 85)
(34, 97)
(34, 37)
(34, 41)
(34, 80)
(34, 51)
(34, 84)
(34, 52)
(34, 92)
(35, 64)
(35, 67)
(35, 38)
(35, 70)
(35, 45)
(35, 79)
(35, 54)
(35, 87)
(35, 60)
(35, 94)
(36, 66)
(36, 44)
(36, 47)
(36, 93)
(37, 97)
(37, 48)
(37, 41)
(37, 80)
(37, 51)
(37, 84)
(37, 52)
(37, 92)
(38, 64)
(38, 67)
(38, 70)
(38, 45)
(38, 79)
(38, 54)
(38, 87)
(38, 91)
(38, 94)
(38, 95)
(39, 71)
(39, 76)
(39, 82)
(39, 85)
(40, 72)
(40, 74)
(40, 75)
(40, 78)
(40, 53)
(40, 88)
(40, 57)
(41, 97)
(41, 48)
(41, 80)
(41, 51)
(41, 84)
(41, 52)
(42, 65)
(42, 46)
(42, 82)
(42, 92)
(43, 89)
(43, 68)
(44, 47)
(44, 93)
(45, 64)
(45, 67)
(45, 70)
(45, 54)
(45, 91)
(45, 94)
(46, 65)
(46, 92)
(47, 97)
(47, 66)
(47, 48)
(47, 92)
(47, 93)
(48, 97)
(48, 80)
(48, 52)
(48, 92)
(49, 65)
(49, 98)
(49, 81)
(50, 99)
(50, 75)
(50, 77)
(50, 81)
(50, 53)
(50, 86)
(50, 90)
(50, 62)
(50, 95)
(51, 69)
(51, 80)
(51, 84)
(52, 97)
(52, 80)
(52, 84)
(52, 92)
(53, 99)
(53, 72)
(53, 73)
(53, 74)
(53, 75)
(53, 77)
(53, 88)
(53, 57)
(53, 58)
(53, 62)
(54, 64)
(54, 67)
(54, 70)
(54, 79)
(54, 87)
(54, 91)
(54, 60)
(54, 94)
(55, 96)
(55, 56)
(55, 89)
(55, 60)
(55, 61)
(56, 96)
(56, 89)
(56, 59)
(56, 60)
(56, 61)
(57, 72)
(57, 73)
(57, 74)
(57, 75)
(57, 77)
(57, 78)
(57, 83)
(57, 88)
(58, 99)
(58, 73)
(58, 77)
(58, 83)
(58, 91)
(58, 95)
(59, 79)
(59, 87)
(59, 60)
(59, 61)
(60, 67)
(60, 70)
(60, 79)
(60, 87)
(60, 61)
(60, 94)
(61, 96)
(61, 70)
(61, 79)
(61, 87)
(62, 75)
(62, 77)
(62, 81)
(62, 86)
(62, 90)
(63, 69)
(63, 74)
(63, 78)
(63, 88)
(64, 67)
(64, 70)
(64, 99)
(64, 91)
(64, 94)
(64, 95)
(65, 98)
(65, 76)
(65, 82)
(66, 93)
(67, 70)
(67, 79)
(67, 94)
(67, 87)
(67, 91)
(68, 85)
(68, 89)
(69, 78)
(70, 87)
(70, 79)
(70, 94)
(71, 82)
(71, 76)
(72, 73)
(72, 74)
(72, 75)
(72, 77)
(72, 78)
(72, 83)
(72, 88)
(73, 74)
(73, 83)
(73, 88)
(74, 78)
(74, 83)
(74, 88)
(75, 77)
(75, 90)
(76, 98)
(76, 82)
(77, 99)
(77, 86)
(77, 90)
(77, 95)
(78, 88)
(79, 87)
(79, 94)
(80, 97)
(80, 84)
(80, 92)
(81, 86)
(81, 90)
(83, 88)
(84, 97)
(86, 90)
(87, 94)
(89, 96)
(91, 99)
(91, 94)
(91, 95)
(92, 97)
(95, 99)
