#Nodes
0
1
2
3
4
5
6
7
8
9
10
11
12
13
14
15
16
17
18
19
20
21
22
23
24
25
26
27
28
29
30
31
32
33
34
35
36
37
38
39
40
41
42
43
44
45
46
47
48
49
50
51
52
53
54
55
56
57
58
59
60
61
62
63
64
65
66
67
68
69
70
71
72
73
74
75
76
77
78
79
80
81
82
83
84
85
86
87
88
89
90
91
92
93
94
95
96
97
98
99
#Edges
(0, 64)
(0, 65)
(0, 98)
(0, 35)
(0, 40)
(0, 75)
(0, 12)
(0, 13)
(0, 46)
(0, 48)
(0, 81)
(0, 54)
(0, 55)
(0, 23)
(0, 58)
(0, 61)
(0, 62)
(1, 36)
(1, 69)
(1, 7)
(1, 72)
(1, 45)
(1, 79)
(1, 51)
(1, 88)
(1, 58)
(1, 93)
(1, 31)
(2, 34)
(2, 91)
(2, 4)
(2, 15)
(2, 21)
(2, 57)
(2, 27)
(2, 28)
(3, 67)
(3, 70)
(3, 73)
(3, 19)
(3, 84)
(3, 60)
(3, 30)
(4, 67)
(4, 73)
(4, 15)
(4, 91)
(4, 21)
(4, 57)
(4, 27)
(4, 28)
(5, 48)
(5, 33)
(5, 40)
(5, 14)
(5, 29)
(5, 80)
(5, 82)
(5, 51)
(5, 86)
(5, 55)
(5, 88)
(5, 90)
(5, 59)
(5, 93)
(6, 32)
(6, 39)
(6, 8)
(6, 41)
(6, 42)
(6, 19)
(6, 94)
(7, 36)
(7, 69)
(7, 72)
(7, 45)
(7, 79)
(7, 51)
(7, 88)
(7, 93)
(7, 31)
(8, 32)
(8, 39)
(8, 42)
(8, 19)
(8, 20)
(8, 94)
(9, 32)
(9, 98)
(9, 71)
(9, 41)
(9, 42)
(9, 44)
(9, 56)
(9, 92)
(9, 94)
(10, 96)
(10, 97)
(10, 68)
(10, 38)
(10, 11)
(10, 25)
(11, 96)
(11, 97)
(11, 68)
(11, 38)
(11, 13)
(11, 54)
(11, 24)
(11, 25)
(12, 64)
(12, 69)
(12, 72)
(12, 74)
(12, 23)
(12, 13)
(12, 48)
(12, 40)
(12, 54)
(12, 55)
(12, 58)
(12, 62)
(12, 63)
(13, 98)
(13, 35)
(13, 71)
(13, 75)
(13, 44)
(13, 46)
(13, 54)
(13, 23)
(13, 24)
(13, 92)
(13, 61)
(13, 62)
(14, 80)
(14, 82)
(14, 51)
(14, 86)
(14, 88)
(14, 90)
(14, 29)
(15, 67)
(15, 73)
(15, 91)
(15, 21)
(15, 57)
(15, 27)
(15, 28)
(16, 50)
(16, 76)
(16, 37)
(16, 78)
(17, 66)
(17, 37)
(17, 43)
(17, 76)
(17, 34)
(17, 50)
(17, 85)
(17, 22)
(17, 18)
(17, 59)
(18, 66)
(18, 43)
(18, 76)
(18, 34)
(18, 81)
(18, 85)
(18, 22)
(18, 59)
(18, 53)
(19, 32)
(19, 67)
(19, 70)
(19, 39)
(19, 42)
(19, 99)
(19, 84)
(19, 20)
(19, 60)
(20, 32)
(20, 67)
(20, 39)
(20, 42)
(20, 99)
(20, 84)
(20, 52)
(20, 91)
(20, 94)
(20, 95)
(21, 34)
(21, 99)
(21, 43)
(21, 27)
(21, 57)
(21, 91)
(21, 28)
(22, 66)
(22, 37)
(22, 76)
(22, 34)
(22, 50)
(22, 85)
(22, 59)
(23, 64)
(23, 98)
(23, 35)
(23, 75)
(23, 46)
(23, 54)
(23, 24)
(23, 92)
(23, 61)
(23, 62)
(24, 96)
(24, 97)
(24, 98)
(24, 35)
(24, 75)
(24, 77)
(24, 46)
(24, 54)
(24, 92)
(25, 96)
(25, 97)
(25, 68)
(25, 38)
(25, 74)
(25, 63)
(26, 89)
(26, 83)
(26, 77)
(26, 47)
(26, 49)
(27, 67)
(27, 70)
(27, 73)
(27, 99)
(27, 84)
(27, 57)
(27, 91)
(27, 28)
(27, 30)
(28, 34)
(28, 57)
(28, 91)
(29, 33)
(29, 80)
(29, 82)
(29, 51)
(29, 86)
(29, 90)
(29, 59)
(30, 70)
(30, 73)
(30, 67)
(30, 84)
(30, 60)
(31, 36)
(31, 69)
(31, 72)
(31, 45)
(31, 79)
(31, 87)
(31, 93)
(32, 39)
(32, 41)
(32, 42)
(32, 94)
(33, 64)
(33, 65)
(33, 69)
(33, 51)
(33, 48)
(33, 72)
(33, 80)
(33, 40)
(33, 82)
(33, 58)
(33, 55)
(33, 88)
(33, 90)
(33, 59)
(33, 93)
(33, 62)
(34, 66)
(34, 43)
(34, 76)
(34, 85)
(34, 57)
(34, 53)
(35, 98)
(35, 71)
(35, 75)
(35, 44)
(35, 46)
(35, 52)
(35, 54)
(35, 92)
(35, 61)
(35, 62)
(36, 69)
(36, 72)
(36, 45)
(36, 79)
(36, 87)
(36, 58)
(36, 93)
(37, 66)
(37, 76)
(37, 78)
(37, 50)
(38, 96)
(38, 97)
(38, 68)
(38, 74)
(38, 63)
(39, 67)
(39, 42)
(39, 99)
(39, 84)
(39, 94)
(40, 64)
(40, 65)
(40, 69)
(40, 51)
(40, 72)
(40, 61)
(40, 48)
(40, 81)
(40, 58)
(40, 55)
(40, 90)
(40, 93)
(40, 62)
(41, 56)
(41, 89)
(41, 94)
(42, 94)
(43, 99)
(43, 52)
(43, 53)
(43, 57)
(43, 95)
(43, 85)
(44, 98)
(44, 71)
(44, 75)
(44, 46)
(44, 52)
(44, 53)
(44, 92)
(44, 94)
(44, 95)
(45, 64)
(45, 69)
(45, 72)
(45, 79)
(45, 87)
(45, 88)
(45, 58)
(45, 93)
(46, 98)
(46, 71)
(46, 75)
(46, 52)
(46, 54)
(46, 92)
(46, 61)
(46, 62)
(47, 89)
(47, 83)
(47, 49)
(48, 64)
(48, 65)
(48, 69)
(48, 72)
(48, 81)
(48, 58)
(48, 54)
(48, 55)
(48, 90)
(48, 61)
(48, 62)
(49, 89)
(49, 83)
(50, 66)
(50, 76)
(50, 78)
(50, 59)
(51, 69)
(51, 72)
(51, 80)
(51, 82)
(51, 58)
(51, 86)
(51, 55)
(51, 88)
(51, 90)
(51, 93)
(52, 98)
(52, 99)
(52, 71)
(52, 53)
(52, 61)
(52, 95)
(53, 65)
(53, 99)
(53, 71)
(53, 81)
(53, 85)
(53, 61)
(53, 95)
(54, 64)
(54, 98)
(54, 75)
(54, 58)
(54, 61)
(54, 62)
(55, 64)
(55, 65)
(55, 69)
(55, 72)
(55, 61)
(55, 81)
(55, 82)
(55, 58)
(55, 90)
(55, 93)
(55, 62)
(56, 77)
(56, 89)
(56, 92)
(56, 94)
(57, 99)
(57, 91)
(58, 64)
(58, 69)
(58, 72)
(58, 93)
(58, 62)
(58, 63)
(59, 66)
(59, 82)
(59, 85)
(59, 86)
(59, 90)
(60, 84)
(60, 70)
(61, 65)
(61, 98)
(61, 75)
(61, 81)
(61, 62)
(62, 64)
(62, 65)
(62, 72)
(62, 81)
(63, 64)
(63, 68)
(63, 69)
(63, 72)
(63, 74)
(64, 65)
(64, 69)
(64, 72)
(64, 93)
(65, 81)
(65, 85)
(66, 76)
(66, 85)
(67, 70)
(67, 73)
(67, 99)
(67, 84)
(67, 91)
(68, 96)
(68, 97)
(68, 74)
(69, 72)
(69, 79)
(69, 88)
(69, 93)
(70, 73)
(70, 84)
(71, 98)
(71, 75)
(71, 92)
(71, 94)
(71, 95)
(72, 79)
(72, 93)
(73, 84)
(74, 87)
(75, 98)
(75, 92)
(77, 89)
(77, 92)
(79, 87)
(79, 88)
(79, 93)
(80, 82)
(80, 86)
(80, 88)
(80, 90)
(81, 85)
(82, 86)
(82, 90)
(84, 91)
(86, 88)
(86, 90)
(88, 90)
(88, 93)
(90, 93)
(91, 99)
(92, 98)
(95, 98)
(95, 99)
(96, 97)
