#Nodes
0
1
2
3
4
5
6
7
8
9
10
11
12
13
14
15
16
17
18
19
20
21
22
23
24
25
26
27
28
29
30
31
32
33
34
35
36
37
38
39
40
41
42
43
44
45
46
47
48
49
50
51
52
53
54
55
56
57
58
59
60
61
62
63
64
65
66
67
68
69
70
71
72
73
74
75
76
77
78
79
80
81
82
83
84
85
86
87
88
89
90
91
92
93
94
95
96
97
98
99
#Edges
(0, 66)
(0, 36)
(0, 6)
(0, 28)
(0, 44)
(0, 78)
(0, 29)
(0, 18)
(0, 51)
(0, 87)
(0, 92)
(0, 93)
(0, 94)
(1, 5)
(1, 7)
(1, 12)
(1, 78)
(1, 29)
(1, 16)
(1, 52)
(1, 57)
(1, 58)
(1, 91)
(1, 61)
(1, 31)
(2, 96)
(2, 65)
(2, 35)
(2, 32)
(2, 37)
(2, 38)
(2, 49)
(2, 64)
(2, 75)
(2, 15)
(2, 48)
(2, 81)
(2, 82)
(2, 3)
(2, 21)
(2, 8)
(2, 56)
(2, 88)
(2, 63)
(3, 96)
(3, 64)
(3, 35)
(3, 37)
(3, 38)
(3, 71)
(3, 8)
(3, 14)
(3, 47)
(3, 82)
(3, 83)
(3, 21)
(3, 56)
(3, 63)
(4, 33)
(4, 34)
(4, 69)
(4, 42)
(4, 20)
(4, 30)
(4, 55)
(4, 62)
(5, 98)
(5, 99)
(5, 7)
(5, 18)
(5, 12)
(5, 66)
(5, 78)
(5, 16)
(5, 49)
(5, 50)
(5, 52)
(5, 57)
(5, 89)
(5, 58)
(5, 29)
(5, 94)
(5, 31)
(6, 36)
(6, 70)
(6, 44)
(6, 45)
(6, 51)
(6, 85)
(6, 87)
(6, 92)
(7, 16)
(7, 41)
(7, 80)
(7, 49)
(7, 52)
(7, 25)
(7, 88)
(7, 57)
(7, 91)
(7, 61)
(7, 31)
(8, 96)
(8, 64)
(8, 98)
(8, 35)
(8, 37)
(8, 16)
(8, 32)
(8, 41)
(8, 75)
(8, 15)
(8, 80)
(8, 49)
(8, 82)
(8, 21)
(8, 57)
(8, 88)
(8, 89)
(8, 63)
(9, 68)
(9, 72)
(9, 41)
(9, 81)
(9, 19)
(9, 53)
(9, 26)
(10, 73)
(10, 91)
(10, 61)
(10, 86)
(10, 25)
(11, 64)
(11, 33)
(11, 67)
(11, 47)
(11, 99)
(11, 20)
(11, 89)
(12, 98)
(12, 67)
(12, 18)
(12, 66)
(12, 78)
(12, 49)
(12, 50)
(12, 99)
(12, 52)
(12, 57)
(12, 89)
(12, 58)
(12, 29)
(12, 94)
(13, 40)
(13, 76)
(13, 79)
(13, 85)
(13, 59)
(13, 92)
(14, 96)
(14, 64)
(14, 69)
(14, 38)
(14, 71)
(14, 42)
(14, 47)
(14, 82)
(14, 83)
(14, 20)
(14, 89)
(14, 37)
(14, 63)
(15, 65)
(15, 35)
(15, 75)
(15, 48)
(15, 81)
(15, 82)
(15, 53)
(15, 56)
(15, 88)
(15, 21)
(16, 32)
(16, 98)
(16, 41)
(16, 75)
(16, 80)
(16, 49)
(16, 88)
(16, 57)
(16, 31)
(16, 63)
(17, 39)
(17, 74)
(17, 45)
(17, 46)
(17, 84)
(17, 22)
(17, 24)
(17, 28)
(17, 95)
(18, 66)
(18, 36)
(18, 44)
(18, 78)
(18, 29)
(18, 50)
(18, 51)
(18, 52)
(18, 58)
(18, 93)
(18, 94)
(19, 68)
(19, 72)
(19, 41)
(19, 43)
(19, 53)
(19, 26)
(20, 64)
(20, 33)
(20, 34)
(20, 67)
(20, 69)
(20, 38)
(20, 71)
(20, 42)
(20, 47)
(20, 30)
(20, 55)
(20, 89)
(20, 62)
(21, 32)
(21, 65)
(21, 35)
(21, 75)
(21, 48)
(21, 81)
(21, 82)
(21, 53)
(21, 56)
(21, 88)
(22, 46)
(22, 84)
(22, 54)
(22, 24)
(22, 95)
(23, 24)
(23, 33)
(23, 74)
(23, 34)
(23, 30)
(24, 39)
(24, 74)
(24, 46)
(24, 84)
(24, 54)
(24, 95)
(25, 72)
(25, 43)
(25, 80)
(25, 86)
(25, 91)
(25, 61)
(25, 31)
(26, 68)
(26, 72)
(26, 41)
(26, 43)
(26, 53)
(27, 71)
(27, 42)
(27, 77)
(27, 83)
(27, 90)
(27, 60)
(28, 70)
(28, 39)
(28, 44)
(28, 45)
(28, 46)
(28, 51)
(28, 84)
(28, 87)
(28, 93)
(28, 95)
(29, 66)
(29, 78)
(29, 50)
(29, 52)
(29, 57)
(29, 58)
(29, 94)
(29, 31)
(30, 33)
(30, 34)
(30, 62)
(31, 80)
(31, 52)
(31, 57)
(31, 91)
(31, 61)
(32, 96)
(32, 64)
(32, 98)
(32, 35)
(32, 37)
(32, 41)
(32, 75)
(32, 80)
(32, 49)
(32, 57)
(32, 88)
(32, 89)
(32, 63)
(33, 34)
(33, 74)
(33, 62)
(34, 62)
(35, 65)
(35, 75)
(35, 48)
(35, 81)
(35, 82)
(35, 53)
(35, 56)
(35, 88)
(36, 66)
(36, 44)
(36, 51)
(36, 85)
(36, 87)
(36, 92)
(37, 96)
(37, 64)
(37, 38)
(37, 71)
(37, 47)
(37, 82)
(37, 83)
(37, 89)
(37, 63)
(38, 96)
(38, 64)
(38, 71)
(38, 42)
(38, 47)
(38, 82)
(38, 83)
(38, 89)
(38, 63)
(39, 70)
(39, 74)
(39, 44)
(39, 45)
(39, 46)
(39, 51)
(39, 84)
(39, 93)
(39, 95)
(40, 97)
(40, 76)
(40, 79)
(40, 85)
(40, 59)
(41, 49)
(41, 72)
(41, 75)
(41, 80)
(41, 81)
(41, 53)
(41, 88)
(42, 69)
(42, 71)
(42, 83)
(42, 55)
(42, 60)
(42, 62)
(43, 68)
(43, 72)
(43, 86)
(43, 61)
(44, 66)
(44, 70)
(44, 45)
(44, 51)
(44, 84)
(44, 87)
(44, 92)
(45, 70)
(45, 46)
(45, 51)
(45, 84)
(45, 87)
(45, 95)
(46, 74)
(46, 84)
(46, 93)
(46, 95)
(47, 96)
(47, 64)
(47, 98)
(47, 99)
(47, 71)
(47, 67)
(47, 89)
(47, 63)
(48, 65)
(48, 75)
(48, 81)
(48, 82)
(48, 53)
(48, 56)
(48, 88)
(49, 96)
(49, 64)
(49, 98)
(49, 75)
(49, 80)
(49, 57)
(49, 88)
(49, 89)
(49, 63)
(50, 98)
(50, 67)
(50, 66)
(50, 78)
(50, 99)
(50, 52)
(50, 57)
(50, 89)
(50, 58)
(50, 94)
(51, 66)
(51, 70)
(51, 87)
(51, 92)
(51, 93)
(52, 66)
(52, 78)
(52, 57)
(52, 58)
(52, 91)
(53, 65)
(53, 72)
(53, 75)
(53, 81)
(53, 88)
(55, 69)
(55, 71)
(55, 62)
(56, 65)
(56, 82)
(56, 90)
(57, 98)
(57, 78)
(57, 80)
(57, 89)
(57, 58)
(57, 63)
(58, 98)
(58, 99)
(58, 66)
(58, 78)
(58, 67)
(58, 89)
(58, 93)
(58, 94)
(59, 97)
(59, 73)
(59, 76)
(59, 85)
(60, 71)
(60, 77)
(60, 83)
(60, 90)
(61, 80)
(61, 91)
(62, 69)
(62, 71)
(63, 96)
(63, 64)
(63, 98)
(63, 75)
(63, 82)
(63, 89)
(64, 96)
(64, 98)
(64, 99)
(64, 67)
(64, 89)
(65, 75)
(65, 81)
(65, 82)
(65, 88)
(66, 78)
(66, 93)
(66, 94)
(67, 98)
(67, 99)
(67, 89)
(67, 94)
(68, 72)
(69, 71)
(69, 83)
(70, 87)
(70, 95)
(71, 96)
(71, 82)
(71, 83)
(72, 80)
(72, 81)
(72, 88)
(73, 91)
(74, 84)
(74, 93)
(75, 96)
(75, 80)
(75, 81)
(75, 82)
(75, 88)
(76, 79)
(76, 85)
(76, 92)
(77, 90)
(78, 98)
(78, 99)
(78, 94)
(79, 97)
(79, 85)
(80, 88)
(81, 88)
(82, 96)
(82, 83)
(83, 90)
(84, 93)
(84, 95)
(85, 92)
(87, 92)
(89, 96)
(89, 98)
(89, 99)
(93, 99)
(93, 94)
(94, 99)
(96, 98)
(98, 99)
