#Nodes
0
1
2
3
4
5
6
7
8
9
10
11
12
13
14
15
16
17
18
19
20
21
22
23
24
25
26
27
28
29
30
31
32
33
34
35
36
37
38
39
40
41
42
43
44
45
46
47
48
49
50
51
52
53
54
55
56
57
58
59
60
61
62
63
64
65
66
67
68
69
70
71
72
73
74
75
76
77
78
79
80
81
82
83
84
85
86
87
88
89
90
91
92
93
94
95
96
97
98
99
100
101
102
103
104
105
106
107
108
109
110
111
112
113
114
115
116
117
118
119
120
121
122
123
124
125
126
127
128
129
130
131
132
133
134
135
136
137
138
139
140
141
142
143
144
145
146
147
148
149
150
151
152
153
154
155
156
157
158
159
160
161
162
163
164
165
166
167
168
169
170
171
172
173
174
175
176
177
178
179
180
181
182
183
184
185
186
187
188
189
190
191
192
193
194
195
196
197
198
199
200
201
202
203
204
205
206
207
208
209
210
211
212
213
214
215
216
217
218
219
220
221
222
223
224
225
226
227
228
229
230
231
232
233
234
235
236
237
238
239
240
241
242
243
244
245
246
247
248
249
250
251
252
253
254
255
256
257
258
259
260
261
262
263
264
265
266
267
268
269
270
271
272
273
274
275
276
277
278
279
280
281
282
283
284
285
286
287
288
289
290
291
292
293
294
295
296
297
298
299
300
301
302
303
304
305
306
307
308
309
310
311
312
313
314
315
316
317
318
319
320
321
322
323
324
325
326
327
328
329
330
331
332
333
334
335
336
337
338
339
340
341
342
343
344
345
346
347
348
349
350
351
352
353
354
355
356
357
358
359
360
361
362
363
364
365
366
367
368
369
370
371
372
373
374
375
376
377
378
379
380
381
382
383
384
385
386
387
388
389
390
391
392
393
394
395
396
397
398
399
#Edges
(0, 1)
(0, 2)
(0, 261)
(0, 262)
(0, 193)
(0, 265)
(0, 269)
(0, 270)
(0, 273)
(0, 153)
(0, 159)
(0, 161)
(0, 163)
(0, 70)
(0, 170)
(0, 177)
(0, 306)
(0, 185)
(0, 316)
(0, 321)
(0, 322)
(0, 196)
(0, 198)
(0, 71)
(0, 77)
(0, 78)
(0, 335)
(0, 336)
(0, 218)
(0, 349)
(0, 350)
(0, 226)
(0, 104)
(0, 361)
(0, 362)
(0, 110)
(0, 242)
(0, 127)
(1, 261)
(1, 262)
(1, 193)
(1, 265)
(1, 397)
(1, 270)
(1, 16)
(1, 273)
(1, 67)
(1, 279)
(1, 153)
(1, 284)
(1, 159)
(1, 161)
(1, 163)
(1, 134)
(1, 296)
(1, 41)
(1, 170)
(1, 135)
(1, 173)
(1, 177)
(1, 306)
(1, 309)
(1, 183)
(1, 70)
(1, 317)
(1, 321)
(1, 322)
(1, 323)
(1, 198)
(1, 71)
(1, 79)
(1, 77)
(1, 206)
(1, 269)
(1, 336)
(1, 337)
(1, 210)
(1, 335)
(1, 350)
(1, 226)
(1, 356)
(1, 101)
(1, 230)
(1, 104)
(1, 361)
(1, 365)
(1, 110)
(1, 248)
(1, 252)
(1, 253)
(2, 128)
(2, 386)
(2, 6)
(2, 193)
(2, 136)
(2, 265)
(2, 269)
(2, 270)
(2, 144)
(2, 19)
(2, 157)
(2, 159)
(2, 161)
(2, 35)
(2, 326)
(2, 112)
(2, 170)
(2, 177)
(2, 137)
(2, 185)
(2, 70)
(2, 321)
(2, 322)
(2, 196)
(2, 198)
(2, 328)
(2, 77)
(2, 78)
(2, 336)
(2, 219)
(2, 349)
(2, 226)
(2, 357)
(2, 231)
(2, 194)
(2, 362)
(2, 103)
(2, 111)
(2, 368)
(2, 242)
(2, 374)
(2, 127)
(3, 389)
(3, 138)
(3, 139)
(3, 12)
(3, 28)
(3, 30)
(3, 43)
(3, 49)
(3, 308)
(3, 200)
(3, 81)
(3, 213)
(3, 214)
(3, 347)
(3, 348)
(3, 224)
(3, 98)
(3, 109)
(3, 370)
(3, 117)
(3, 250)
(3, 123)
(4, 271)
(4, 145)
(4, 21)
(4, 285)
(4, 286)
(4, 31)
(4, 34)
(4, 291)
(4, 36)
(4, 166)
(4, 297)
(4, 50)
(4, 307)
(4, 63)
(4, 75)
(4, 331)
(4, 100)
(4, 229)
(4, 237)
(4, 366)
(4, 240)
(4, 120)
(4, 378)
(4, 124)
(4, 381)
(5, 385)
(5, 131)
(5, 263)
(5, 8)
(5, 267)
(5, 15)
(5, 17)
(5, 154)
(5, 283)
(5, 26)
(5, 160)
(5, 33)
(5, 290)
(5, 174)
(5, 303)
(5, 305)
(5, 312)
(5, 319)
(5, 65)
(5, 66)
(5, 330)
(5, 162)
(5, 207)
(5, 84)
(5, 216)
(5, 345)
(5, 91)
(5, 93)
(5, 352)
(5, 97)
(5, 359)
(5, 107)
(5, 108)
(5, 367)
(5, 246)
(5, 247)
(5, 380)
(5, 126)
(5, 383)
(6, 128)
(6, 386)
(6, 321)
(6, 136)
(6, 265)
(6, 10)
(6, 258)
(6, 14)
(6, 144)
(6, 19)
(6, 157)
(6, 35)
(6, 36)
(6, 165)
(6, 166)
(6, 39)
(6, 297)
(6, 42)
(6, 51)
(6, 61)
(6, 62)
(6, 64)
(6, 193)
(6, 194)
(6, 203)
(6, 196)
(6, 197)
(6, 326)
(6, 329)
(6, 331)
(6, 269)
(6, 336)
(6, 141)
(6, 88)
(6, 226)
(6, 100)
(6, 235)
(6, 111)
(6, 368)
(6, 371)
(6, 116)
(6, 122)
(6, 381)
(6, 127)
(7, 390)
(7, 391)
(7, 392)
(7, 9)
(7, 11)
(7, 150)
(7, 280)
(7, 47)
(7, 156)
(7, 292)
(7, 38)
(7, 296)
(7, 175)
(7, 180)
(7, 57)
(7, 182)
(7, 55)
(7, 313)
(7, 320)
(7, 195)
(7, 225)
(7, 73)
(7, 202)
(7, 209)
(7, 82)
(7, 341)
(7, 342)
(7, 249)
(7, 217)
(7, 346)
(7, 222)
(7, 353)
(7, 101)
(7, 358)
(7, 232)
(7, 238)
(7, 114)
(7, 245)
(7, 377)
(7, 252)
(7, 253)
(8, 385)
(8, 131)
(8, 263)
(8, 264)
(8, 267)
(8, 15)
(8, 272)
(8, 17)
(8, 274)
(8, 23)
(8, 154)
(8, 283)
(8, 26)
(8, 33)
(8, 290)
(8, 174)
(8, 303)
(8, 305)
(8, 312)
(8, 315)
(8, 188)
(8, 319)
(8, 65)
(8, 66)
(8, 325)
(8, 330)
(8, 162)
(8, 207)
(8, 345)
(8, 91)
(8, 93)
(8, 352)
(8, 97)
(8, 99)
(8, 359)
(8, 108)
(8, 367)
(8, 115)
(8, 246)
(8, 247)
(8, 380)
(8, 126)
(9, 390)
(9, 392)
(9, 399)
(9, 280)
(9, 156)
(9, 38)
(9, 167)
(9, 175)
(9, 180)
(9, 182)
(9, 184)
(9, 313)
(9, 320)
(9, 195)
(9, 73)
(9, 209)
(9, 82)
(9, 341)
(9, 342)
(9, 377)
(9, 217)
(9, 346)
(9, 222)
(9, 225)
(9, 238)
(9, 369)
(9, 245)
(9, 118)
(9, 249)
(9, 251)
(10, 128)
(10, 51)
(10, 258)
(10, 136)
(10, 141)
(10, 14)
(10, 271)
(10, 19)
(10, 157)
(10, 31)
(10, 368)
(10, 34)
(10, 35)
(10, 36)
(10, 165)
(10, 166)
(10, 39)
(10, 297)
(10, 307)
(10, 311)
(10, 61)
(10, 62)
(10, 63)
(10, 194)
(10, 331)
(10, 197)
(10, 326)
(10, 329)
(10, 203)
(10, 75)
(10, 88)
(10, 122)
(10, 100)
(10, 229)
(10, 111)
(10, 240)
(10, 116)
(10, 378)
(10, 379)
(10, 381)
(11, 261)
(11, 391)
(11, 392)
(11, 16)
(11, 150)
(11, 280)
(11, 47)
(11, 163)
(11, 292)
(11, 38)
(11, 296)
(11, 135)
(11, 175)
(11, 180)
(11, 182)
(11, 55)
(11, 57)
(11, 195)
(11, 73)
(11, 202)
(11, 206)
(11, 335)
(11, 82)
(11, 342)
(11, 346)
(11, 79)
(11, 92)
(11, 101)
(11, 353)
(11, 356)
(11, 230)
(11, 358)
(11, 232)
(11, 361)
(11, 365)
(11, 238)
(11, 104)
(11, 114)
(11, 377)
(11, 252)
(11, 253)
(12, 224)
(12, 98)
(12, 139)
(12, 132)
(12, 171)
(12, 236)
(12, 43)
(12, 81)
(12, 53)
(12, 214)
(12, 250)
(12, 123)
(12, 348)
(12, 29)
(13, 259)
(13, 388)
(13, 390)
(13, 135)
(13, 392)
(13, 215)
(13, 396)
(13, 399)
(13, 18)
(13, 20)
(13, 277)
(13, 25)
(13, 27)
(13, 287)
(13, 32)
(13, 292)
(13, 38)
(13, 241)
(13, 169)
(13, 302)
(13, 304)
(13, 52)
(13, 310)
(13, 55)
(13, 184)
(13, 313)
(13, 314)
(13, 83)
(13, 68)
(13, 182)
(13, 113)
(13, 73)
(13, 334)
(13, 80)
(13, 209)
(13, 338)
(13, 211)
(13, 212)
(13, 85)
(13, 249)
(13, 344)
(13, 95)
(13, 96)
(13, 225)
(13, 228)
(13, 104)
(13, 234)
(13, 167)
(13, 238)
(13, 369)
(13, 243)
(13, 244)
(13, 373)
(13, 118)
(13, 375)
(13, 376)
(13, 377)
(13, 251)
(13, 255)
(14, 128)
(14, 386)
(14, 136)
(14, 265)
(14, 258)
(14, 144)
(14, 19)
(14, 157)
(14, 31)
(14, 35)
(14, 36)
(14, 165)
(14, 166)
(14, 39)
(14, 297)
(14, 42)
(14, 299)
(14, 51)
(14, 311)
(14, 116)
(14, 61)
(14, 62)
(14, 64)
(14, 193)
(14, 194)
(14, 203)
(14, 196)
(14, 197)
(14, 326)
(14, 329)
(14, 331)
(14, 269)
(14, 141)
(14, 75)
(14, 88)
(14, 363)
(14, 111)
(14, 368)
(14, 372)
(14, 122)
(14, 379)
(15, 263)
(15, 267)
(15, 17)
(15, 147)
(15, 154)
(15, 283)
(15, 33)
(15, 162)
(15, 174)
(15, 303)
(15, 305)
(15, 312)
(15, 319)
(15, 65)
(15, 66)
(15, 330)
(15, 345)
(15, 91)
(15, 99)
(15, 359)
(15, 106)
(15, 364)
(15, 380)
(15, 126)
(16, 261)
(16, 262)
(16, 391)
(16, 270)
(16, 273)
(16, 150)
(16, 153)
(16, 284)
(16, 161)
(16, 163)
(16, 134)
(16, 296)
(16, 135)
(16, 177)
(16, 306)
(16, 309)
(16, 183)
(16, 57)
(16, 70)
(16, 317)
(16, 322)
(16, 67)
(16, 198)
(16, 71)
(16, 77)
(16, 206)
(16, 335)
(16, 210)
(16, 79)
(16, 92)
(16, 350)
(16, 356)
(16, 101)
(16, 230)
(16, 104)
(16, 361)
(16, 365)
(16, 248)
(16, 252)
(16, 253)
(17, 385)
(17, 131)
(17, 260)
(17, 263)
(17, 142)
(17, 46)
(17, 278)
(17, 282)
(17, 283)
(17, 26)
(17, 160)
(17, 33)
(17, 290)
(17, 172)
(17, 174)
(17, 303)
(17, 305)
(17, 312)
(17, 187)
(17, 319)
(17, 65)
(17, 66)
(17, 330)
(17, 162)
(17, 207)
(17, 84)
(17, 216)
(17, 345)
(17, 91)
(17, 93)
(17, 352)
(17, 97)
(17, 359)
(17, 107)
(17, 108)
(17, 367)
(17, 246)
(17, 247)
(17, 121)
(17, 126)
(17, 383)
(18, 259)
(18, 388)
(18, 394)
(18, 87)
(18, 396)
(18, 398)
(18, 399)
(18, 20)
(18, 277)
(18, 152)
(18, 25)
(18, 27)
(18, 287)
(18, 288)
(18, 289)
(18, 164)
(18, 241)
(18, 169)
(18, 48)
(18, 302)
(18, 304)
(18, 49)
(18, 52)
(18, 181)
(18, 310)
(18, 201)
(18, 56)
(18, 314)
(18, 59)
(18, 190)
(18, 32)
(18, 83)
(18, 68)
(18, 199)
(18, 200)
(18, 268)
(18, 113)
(18, 76)
(18, 333)
(18, 334)
(18, 80)
(18, 338)
(18, 227)
(18, 212)
(18, 85)
(18, 215)
(18, 344)
(18, 347)
(18, 95)
(18, 96)
(18, 355)
(18, 228)
(18, 234)
(18, 167)
(18, 369)
(18, 243)
(18, 244)
(18, 373)
(18, 375)
(18, 376)
(18, 249)
(18, 125)
(18, 254)
(18, 255)
(19, 128)
(19, 386)
(19, 193)
(19, 136)
(19, 265)
(19, 258)
(19, 144)
(19, 157)
(19, 35)
(19, 36)
(19, 165)
(19, 166)
(19, 39)
(19, 297)
(19, 42)
(19, 299)
(19, 51)
(19, 311)
(19, 116)
(19, 61)
(19, 62)
(19, 64)
(19, 321)
(19, 194)
(19, 203)
(19, 196)
(19, 197)
(19, 326)
(19, 329)
(19, 331)
(19, 269)
(19, 141)
(19, 88)
(19, 363)
(19, 111)
(19, 368)
(19, 372)
(19, 122)
(19, 379)
(19, 127)
(20, 390)
(20, 394)
(20, 399)
(20, 277)
(20, 25)
(20, 287)
(20, 167)
(20, 169)
(20, 304)
(20, 49)
(20, 184)
(20, 313)
(20, 68)
(20, 113)
(20, 201)
(20, 76)
(20, 209)
(20, 338)
(20, 212)
(20, 215)
(20, 347)
(20, 95)
(20, 96)
(20, 225)
(20, 227)
(20, 228)
(20, 234)
(20, 369)
(20, 244)
(20, 117)
(20, 118)
(20, 249)
(20, 251)
(21, 258)
(21, 133)
(21, 397)
(21, 271)
(21, 145)
(21, 279)
(21, 285)
(21, 286)
(21, 34)
(21, 291)
(21, 36)
(21, 166)
(21, 40)
(21, 297)
(21, 44)
(21, 50)
(21, 307)
(21, 61)
(21, 63)
(21, 75)
(21, 331)
(21, 204)
(21, 141)
(21, 88)
(21, 100)
(21, 229)
(21, 235)
(21, 237)
(21, 366)
(21, 240)
(21, 371)
(21, 41)
(21, 120)
(21, 378)
(21, 124)
(21, 381)
(22, 384)
(22, 129)
(22, 43)
(22, 389)
(22, 138)
(22, 139)
(22, 140)
(22, 398)
(22, 143)
(22, 24)
(22, 149)
(22, 152)
(22, 27)
(22, 30)
(22, 288)
(22, 289)
(22, 48)
(22, 382)
(22, 199)
(22, 176)
(22, 308)
(22, 181)
(22, 56)
(22, 315)
(22, 188)
(22, 189)
(22, 190)
(22, 53)
(22, 324)
(22, 325)
(22, 327)
(22, 333)
(22, 339)
(22, 213)
(22, 87)
(22, 89)
(22, 220)
(22, 221)
(22, 59)
(22, 106)
(22, 236)
(22, 109)
(22, 370)
(22, 83)
(22, 373)
(22, 250)
(22, 254)
(23, 385)
(23, 264)
(23, 137)
(23, 266)
(23, 395)
(23, 143)
(23, 272)
(23, 274)
(23, 276)
(23, 151)
(23, 24)
(23, 154)
(23, 367)
(23, 26)
(23, 91)
(23, 37)
(23, 103)
(23, 172)
(23, 46)
(23, 305)
(23, 315)
(23, 188)
(23, 189)
(23, 192)
(23, 374)
(23, 328)
(23, 330)
(23, 205)
(23, 78)
(23, 207)
(23, 208)
(23, 339)
(23, 340)
(23, 89)
(23, 219)
(23, 97)
(23, 99)
(23, 357)
(23, 231)
(23, 233)
(23, 107)
(23, 108)
(23, 239)
(23, 112)
(23, 115)
(23, 246)
(23, 148)
(23, 382)
(24, 384)
(24, 129)
(24, 268)
(24, 143)
(24, 272)
(24, 274)
(24, 148)
(24, 149)
(24, 154)
(24, 30)
(24, 33)
(24, 99)
(24, 199)
(24, 301)
(24, 176)
(24, 56)
(24, 315)
(24, 188)
(24, 189)
(24, 190)
(24, 325)
(24, 327)
(24, 205)
(24, 333)
(24, 339)
(24, 87)
(24, 89)
(24, 220)
(24, 221)
(24, 355)
(24, 106)
(24, 239)
(24, 115)
(24, 382)
(24, 246)
(24, 254)
(25, 388)
(25, 390)
(25, 394)
(25, 87)
(25, 398)
(25, 399)
(25, 277)
(25, 152)
(25, 27)
(25, 287)
(25, 288)
(25, 289)
(25, 241)
(25, 169)
(25, 302)
(25, 304)
(25, 49)
(25, 181)
(25, 310)
(25, 184)
(25, 314)
(25, 59)
(25, 190)
(25, 117)
(25, 32)
(25, 68)
(25, 113)
(25, 200)
(25, 201)
(25, 76)
(25, 338)
(25, 83)
(25, 212)
(25, 48)
(25, 215)
(25, 347)
(25, 95)
(25, 96)
(25, 227)
(25, 228)
(25, 234)
(25, 167)
(25, 369)
(25, 370)
(25, 243)
(25, 244)
(25, 373)
(25, 118)
(25, 375)
(25, 249)
(25, 251)
(25, 255)
(26, 256)
(26, 385)
(26, 387)
(26, 263)
(26, 264)
(26, 172)
(26, 266)
(26, 395)
(26, 239)
(26, 272)
(26, 274)
(26, 276)
(26, 278)
(26, 151)
(26, 283)
(26, 290)
(26, 103)
(26, 257)
(26, 46)
(26, 305)
(26, 186)
(26, 315)
(26, 192)
(26, 66)
(26, 246)
(26, 328)
(26, 330)
(26, 207)
(26, 208)
(26, 340)
(26, 86)
(26, 345)
(26, 91)
(26, 93)
(26, 97)
(26, 99)
(26, 231)
(26, 233)
(26, 107)
(26, 108)
(26, 367)
(26, 115)
(26, 374)
(26, 247)
(26, 148)
(26, 126)
(27, 384)
(27, 149)
(27, 388)
(27, 87)
(27, 268)
(27, 398)
(27, 277)
(27, 152)
(27, 287)
(27, 288)
(27, 289)
(27, 164)
(27, 294)
(27, 113)
(27, 169)
(27, 48)
(27, 199)
(27, 301)
(27, 302)
(27, 304)
(27, 181)
(27, 56)
(27, 314)
(27, 59)
(27, 316)
(27, 190)
(27, 32)
(27, 68)
(27, 327)
(27, 333)
(27, 205)
(27, 80)
(27, 254)
(27, 338)
(27, 83)
(27, 212)
(27, 85)
(27, 215)
(27, 344)
(27, 89)
(27, 221)
(27, 355)
(27, 228)
(27, 234)
(27, 241)
(27, 243)
(27, 373)
(27, 375)
(27, 376)
(27, 125)
(27, 382)
(27, 255)
(28, 389)
(28, 394)
(28, 139)
(28, 398)
(28, 152)
(28, 30)
(28, 288)
(28, 289)
(28, 48)
(28, 49)
(28, 308)
(28, 181)
(28, 59)
(28, 138)
(28, 190)
(28, 200)
(28, 201)
(28, 76)
(28, 213)
(28, 347)
(28, 227)
(28, 109)
(28, 370)
(28, 117)
(28, 123)
(28, 254)
(29, 224)
(29, 98)
(29, 139)
(29, 132)
(29, 171)
(29, 236)
(29, 43)
(29, 81)
(29, 53)
(29, 214)
(29, 250)
(29, 348)
(30, 384)
(30, 129)
(30, 43)
(30, 389)
(30, 138)
(30, 139)
(30, 140)
(30, 398)
(30, 143)
(30, 149)
(30, 152)
(30, 288)
(30, 289)
(30, 48)
(30, 199)
(30, 176)
(30, 49)
(30, 308)
(30, 181)
(30, 59)
(30, 190)
(30, 53)
(30, 324)
(30, 325)
(30, 327)
(30, 200)
(30, 333)
(30, 81)
(30, 213)
(30, 87)
(30, 347)
(30, 220)
(30, 221)
(30, 224)
(30, 236)
(30, 109)
(30, 370)
(30, 250)
(30, 123)
(30, 254)
(31, 141)
(31, 271)
(31, 36)
(31, 165)
(31, 166)
(31, 39)
(31, 297)
(31, 307)
(31, 311)
(31, 61)
(31, 63)
(31, 331)
(31, 329)
(31, 203)
(31, 75)
(31, 88)
(31, 378)
(31, 100)
(31, 229)
(31, 366)
(31, 240)
(31, 116)
(31, 122)
(31, 379)
(32, 149)
(32, 259)
(32, 388)
(32, 87)
(32, 268)
(32, 398)
(32, 277)
(32, 152)
(32, 287)
(32, 288)
(32, 289)
(32, 164)
(32, 294)
(32, 241)
(32, 169)
(32, 48)
(32, 199)
(32, 301)
(32, 302)
(32, 304)
(32, 52)
(32, 181)
(32, 310)
(32, 56)
(32, 314)
(32, 59)
(32, 316)
(32, 190)
(32, 68)
(32, 327)
(32, 113)
(32, 333)
(32, 334)
(32, 80)
(32, 338)
(32, 83)
(32, 212)
(32, 85)
(32, 215)
(32, 344)
(32, 218)
(32, 349)
(32, 95)
(32, 96)
(32, 355)
(32, 228)
(32, 234)
(32, 369)
(32, 243)
(32, 244)
(32, 373)
(32, 375)
(32, 376)
(32, 125)
(32, 254)
(32, 255)
(33, 129)
(33, 263)
(33, 267)
(33, 140)
(33, 143)
(33, 272)
(33, 274)
(33, 147)
(33, 154)
(33, 283)
(33, 162)
(33, 174)
(33, 176)
(33, 305)
(33, 312)
(33, 315)
(33, 188)
(33, 189)
(33, 319)
(33, 65)
(33, 66)
(33, 324)
(33, 325)
(33, 330)
(33, 339)
(33, 345)
(33, 91)
(33, 97)
(33, 99)
(33, 106)
(33, 364)
(33, 115)
(33, 126)
(33, 246)
(33, 380)
(33, 382)
(34, 51)
(34, 258)
(34, 133)
(34, 397)
(34, 271)
(34, 145)
(34, 279)
(34, 285)
(34, 286)
(34, 291)
(34, 36)
(34, 166)
(34, 40)
(34, 297)
(34, 44)
(34, 173)
(34, 50)
(34, 307)
(34, 61)
(34, 63)
(34, 323)
(34, 326)
(34, 331)
(34, 204)
(34, 141)
(34, 337)
(34, 75)
(34, 88)
(34, 100)
(34, 229)
(34, 235)
(34, 237)
(34, 366)
(34, 240)
(34, 371)
(34, 41)
(34, 120)
(34, 378)
(34, 124)
(34, 381)
(35, 128)
(35, 386)
(35, 193)
(35, 136)
(35, 265)
(35, 258)
(35, 270)
(35, 144)
(35, 157)
(35, 159)
(35, 36)
(35, 165)
(35, 166)
(35, 39)
(35, 297)
(35, 42)
(35, 51)
(35, 185)
(35, 61)
(35, 62)
(35, 64)
(35, 321)
(35, 194)
(35, 196)
(35, 197)
(35, 326)
(35, 331)
(35, 269)
(35, 336)
(35, 141)
(35, 88)
(35, 226)
(35, 357)
(35, 235)
(35, 111)
(35, 368)
(35, 116)
(35, 127)
(36, 128)
(36, 51)
(36, 258)
(36, 397)
(36, 271)
(36, 141)
(36, 145)
(36, 285)
(36, 286)
(36, 368)
(36, 291)
(36, 165)
(36, 166)
(36, 39)
(36, 40)
(36, 297)
(36, 44)
(36, 157)
(36, 50)
(36, 307)
(36, 61)
(36, 63)
(36, 193)
(36, 194)
(36, 75)
(36, 197)
(36, 326)
(36, 331)
(36, 269)
(36, 88)
(36, 100)
(36, 229)
(36, 235)
(36, 237)
(36, 366)
(36, 111)
(36, 240)
(36, 371)
(36, 120)
(36, 378)
(36, 124)
(36, 381)
(37, 137)
(37, 268)
(37, 272)
(37, 274)
(37, 148)
(37, 164)
(37, 294)
(37, 170)
(37, 301)
(37, 302)
(37, 56)
(37, 185)
(37, 316)
(37, 189)
(37, 328)
(37, 205)
(37, 78)
(37, 80)
(37, 340)
(37, 85)
(37, 87)
(37, 344)
(37, 89)
(37, 218)
(37, 219)
(37, 349)
(37, 355)
(37, 357)
(37, 231)
(37, 362)
(37, 110)
(37, 239)
(37, 112)
(37, 241)
(37, 242)
(37, 115)
(37, 373)
(37, 374)
(37, 375)
(37, 376)
(37, 125)
(37, 382)
(38, 259)
(38, 388)
(38, 261)
(38, 390)
(38, 391)
(38, 392)
(38, 396)
(38, 277)
(38, 150)
(38, 280)
(38, 47)
(38, 52)
(38, 163)
(38, 292)
(38, 167)
(38, 296)
(38, 135)
(38, 175)
(38, 304)
(38, 180)
(38, 57)
(38, 310)
(38, 55)
(38, 184)
(38, 313)
(38, 314)
(38, 195)
(38, 182)
(38, 225)
(38, 73)
(38, 202)
(38, 334)
(38, 209)
(38, 82)
(38, 211)
(38, 342)
(38, 249)
(38, 217)
(38, 346)
(38, 95)
(38, 353)
(38, 228)
(38, 101)
(38, 104)
(38, 365)
(38, 238)
(38, 369)
(38, 243)
(38, 244)
(38, 118)
(38, 377)
(38, 251)
(38, 252)
(38, 253)
(38, 255)
(39, 136)
(39, 141)
(39, 165)
(39, 166)
(39, 297)
(39, 42)
(39, 307)
(39, 311)
(39, 116)
(39, 61)
(39, 62)
(39, 64)
(39, 194)
(39, 331)
(39, 197)
(39, 329)
(39, 203)
(39, 75)
(39, 88)
(39, 90)
(39, 378)
(39, 229)
(39, 368)
(39, 372)
(39, 122)
(39, 379)
(40, 258)
(40, 133)
(40, 262)
(40, 397)
(40, 145)
(40, 67)
(40, 279)
(40, 120)
(40, 285)
(40, 286)
(40, 291)
(40, 326)
(40, 166)
(40, 297)
(40, 44)
(40, 173)
(40, 50)
(40, 51)
(40, 134)
(40, 63)
(40, 323)
(40, 198)
(40, 71)
(40, 331)
(40, 204)
(40, 77)
(40, 337)
(40, 210)
(40, 88)
(40, 350)
(40, 100)
(40, 235)
(40, 237)
(40, 371)
(40, 41)
(40, 248)
(40, 124)
(40, 381)
(41, 258)
(41, 133)
(41, 262)
(41, 397)
(41, 270)
(41, 273)
(41, 67)
(41, 279)
(41, 284)
(41, 285)
(41, 286)
(41, 291)
(41, 134)
(41, 44)
(41, 173)
(41, 306)
(41, 309)
(41, 183)
(41, 317)
(41, 323)
(41, 198)
(41, 71)
(41, 204)
(41, 77)
(41, 337)
(41, 210)
(41, 350)
(41, 50)
(41, 100)
(41, 145)
(41, 235)
(41, 237)
(41, 371)
(41, 248)
(41, 124)
(41, 381)
(42, 64)
(42, 386)
(42, 136)
(42, 393)
(42, 144)
(42, 293)
(42, 299)
(42, 45)
(42, 54)
(42, 311)
(42, 116)
(42, 58)
(42, 318)
(42, 192)
(42, 194)
(42, 197)
(42, 329)
(42, 203)
(42, 90)
(42, 165)
(42, 102)
(42, 360)
(42, 105)
(42, 363)
(42, 111)
(42, 368)
(42, 372)
(42, 62)
(42, 122)
(42, 379)
(43, 129)
(43, 132)
(43, 364)
(43, 138)
(43, 139)
(43, 140)
(43, 147)
(43, 171)
(43, 53)
(43, 324)
(43, 81)
(43, 213)
(43, 214)
(43, 348)
(43, 221)
(43, 224)
(43, 98)
(43, 106)
(43, 236)
(43, 109)
(43, 250)
(43, 123)
(44, 258)
(44, 133)
(44, 262)
(44, 397)
(44, 270)
(44, 145)
(44, 67)
(44, 279)
(44, 120)
(44, 285)
(44, 286)
(44, 291)
(44, 198)
(44, 166)
(44, 297)
(44, 173)
(44, 50)
(44, 51)
(44, 61)
(44, 134)
(44, 63)
(44, 193)
(44, 323)
(44, 326)
(44, 71)
(44, 331)
(44, 204)
(44, 77)
(44, 269)
(44, 337)
(44, 210)
(44, 88)
(44, 350)
(44, 100)
(44, 235)
(44, 237)
(44, 371)
(44, 248)
(44, 124)
(44, 381)
(45, 256)
(45, 257)
(45, 386)
(45, 387)
(45, 264)
(45, 393)
(45, 266)
(45, 395)
(45, 130)
(45, 144)
(45, 107)
(45, 276)
(45, 278)
(45, 151)
(45, 155)
(45, 293)
(45, 64)
(45, 299)
(45, 300)
(45, 46)
(45, 178)
(45, 172)
(45, 54)
(45, 186)
(45, 318)
(45, 192)
(45, 72)
(45, 208)
(45, 58)
(45, 340)
(45, 86)
(45, 105)
(45, 90)
(45, 93)
(45, 351)
(45, 102)
(45, 103)
(45, 233)
(45, 363)
(45, 372)
(45, 62)
(45, 119)
(46, 256)
(46, 385)
(46, 130)
(46, 387)
(46, 260)
(46, 257)
(46, 264)
(46, 393)
(46, 266)
(46, 395)
(46, 272)
(46, 276)
(46, 278)
(46, 151)
(46, 283)
(46, 290)
(46, 293)
(46, 103)
(46, 172)
(46, 305)
(46, 178)
(46, 54)
(46, 186)
(46, 187)
(46, 192)
(46, 246)
(46, 328)
(46, 207)
(46, 208)
(46, 340)
(46, 86)
(46, 216)
(46, 91)
(46, 93)
(46, 351)
(46, 97)
(46, 231)
(46, 233)
(46, 107)
(46, 108)
(46, 367)
(46, 115)
(46, 374)
(46, 247)
(46, 72)
(46, 383)
(47, 261)
(47, 390)
(47, 391)
(47, 392)
(47, 396)
(47, 150)
(47, 280)
(47, 163)
(47, 292)
(47, 167)
(47, 296)
(47, 135)
(47, 175)
(47, 180)
(47, 57)
(47, 310)
(47, 55)
(47, 313)
(47, 195)
(47, 182)
(47, 73)
(47, 202)
(47, 334)
(47, 79)
(47, 209)
(47, 82)
(47, 211)
(47, 342)
(47, 249)
(47, 217)
(47, 346)
(47, 92)
(47, 353)
(47, 356)
(47, 101)
(47, 358)
(47, 232)
(47, 365)
(47, 238)
(47, 104)
(47, 114)
(47, 245)
(47, 377)
(47, 252)
(47, 253)
(48, 384)
(48, 389)
(48, 394)
(48, 139)
(48, 398)
(48, 149)
(48, 152)
(48, 287)
(48, 288)
(48, 289)
(48, 169)
(48, 199)
(48, 302)
(48, 49)
(48, 308)
(48, 181)
(48, 56)
(48, 59)
(48, 138)
(48, 190)
(48, 117)
(48, 327)
(48, 200)
(48, 201)
(48, 76)
(48, 333)
(48, 338)
(48, 83)
(48, 212)
(48, 213)
(48, 87)
(48, 347)
(48, 220)
(48, 221)
(48, 227)
(48, 234)
(48, 109)
(48, 113)
(48, 370)
(48, 373)
(48, 250)
(48, 123)
(48, 254)
(49, 389)
(49, 394)
(49, 139)
(49, 398)
(49, 152)
(49, 287)
(49, 288)
(49, 289)
(49, 169)
(49, 308)
(49, 181)
(49, 59)
(49, 138)
(49, 190)
(49, 68)
(49, 199)
(49, 200)
(49, 201)
(49, 76)
(49, 338)
(49, 83)
(49, 212)
(49, 213)
(49, 215)
(49, 347)
(49, 96)
(49, 227)
(49, 234)
(49, 109)
(49, 113)
(49, 370)
(49, 117)
(49, 123)
(49, 254)
(50, 51)
(50, 258)
(50, 133)
(50, 397)
(50, 271)
(50, 145)
(50, 279)
(50, 285)
(50, 286)
(50, 291)
(50, 166)
(50, 297)
(50, 173)
(50, 307)
(50, 61)
(50, 63)
(50, 323)
(50, 326)
(50, 331)
(50, 204)
(50, 141)
(50, 337)
(50, 75)
(50, 88)
(50, 100)
(50, 229)
(50, 235)
(50, 237)
(50, 366)
(50, 240)
(50, 371)
(50, 120)
(50, 378)
(50, 124)
(50, 381)
(51, 128)
(51, 258)
(51, 133)
(51, 262)
(51, 193)
(51, 136)
(51, 265)
(51, 397)
(51, 270)
(51, 141)
(51, 145)
(51, 279)
(51, 285)
(51, 240)
(51, 291)
(51, 198)
(51, 166)
(51, 297)
(51, 173)
(51, 157)
(51, 61)
(51, 63)
(51, 321)
(51, 194)
(51, 323)
(51, 196)
(51, 197)
(51, 326)
(51, 71)
(51, 331)
(51, 204)
(51, 77)
(51, 269)
(51, 336)
(51, 337)
(51, 210)
(51, 88)
(51, 350)
(51, 165)
(51, 226)
(51, 100)
(51, 229)
(51, 235)
(51, 111)
(51, 368)
(51, 371)
(51, 124)
(51, 381)
(51, 127)
(52, 259)
(52, 388)
(52, 261)
(52, 135)
(52, 392)
(52, 396)
(52, 277)
(52, 150)
(52, 153)
(52, 110)
(52, 163)
(52, 292)
(52, 294)
(52, 241)
(52, 170)
(52, 302)
(52, 304)
(52, 310)
(52, 55)
(52, 314)
(52, 316)
(52, 322)
(52, 68)
(52, 70)
(52, 268)
(52, 334)
(52, 80)
(52, 209)
(52, 338)
(52, 211)
(52, 85)
(52, 344)
(52, 164)
(52, 218)
(52, 349)
(52, 95)
(52, 228)
(52, 101)
(52, 104)
(52, 361)
(52, 234)
(52, 167)
(52, 365)
(52, 238)
(52, 125)
(52, 369)
(52, 243)
(52, 244)
(52, 373)
(52, 375)
(52, 376)
(52, 249)
(52, 253)
(52, 255)
(53, 384)
(53, 129)
(53, 132)
(53, 364)
(53, 139)
(53, 147)
(53, 348)
(53, 171)
(53, 176)
(53, 324)
(53, 140)
(53, 81)
(53, 213)
(53, 214)
(53, 220)
(53, 221)
(53, 224)
(53, 98)
(53, 106)
(53, 236)
(53, 250)
(54, 256)
(54, 257)
(54, 386)
(54, 387)
(54, 64)
(54, 393)
(54, 266)
(54, 395)
(54, 130)
(54, 144)
(54, 107)
(54, 276)
(54, 278)
(54, 151)
(54, 155)
(54, 293)
(54, 299)
(54, 300)
(54, 178)
(54, 172)
(54, 186)
(54, 318)
(54, 192)
(54, 72)
(54, 332)
(54, 208)
(54, 58)
(54, 86)
(54, 105)
(54, 90)
(54, 93)
(54, 351)
(54, 102)
(54, 103)
(54, 360)
(54, 233)
(54, 363)
(54, 372)
(54, 62)
(54, 119)
(55, 259)
(55, 388)
(55, 261)
(55, 390)
(55, 391)
(55, 392)
(55, 215)
(55, 396)
(55, 277)
(55, 150)
(55, 153)
(55, 110)
(55, 163)
(55, 292)
(55, 167)
(55, 296)
(55, 135)
(55, 304)
(55, 180)
(55, 57)
(55, 310)
(55, 184)
(55, 313)
(55, 314)
(55, 322)
(55, 195)
(55, 68)
(55, 182)
(55, 73)
(55, 202)
(55, 334)
(55, 80)
(55, 209)
(55, 211)
(55, 249)
(55, 95)
(55, 96)
(55, 225)
(55, 228)
(55, 101)
(55, 104)
(55, 361)
(55, 234)
(55, 365)
(55, 238)
(55, 369)
(55, 243)
(55, 244)
(55, 118)
(55, 377)
(55, 252)
(55, 253)
(55, 255)
(56, 384)
(56, 388)
(56, 137)
(56, 268)
(56, 398)
(56, 143)
(56, 274)
(56, 148)
(56, 149)
(56, 152)
(56, 289)
(56, 164)
(56, 294)
(56, 199)
(56, 301)
(56, 302)
(56, 221)
(56, 181)
(56, 314)
(56, 59)
(56, 316)
(56, 189)
(56, 190)
(56, 327)
(56, 333)
(56, 205)
(56, 80)
(56, 254)
(56, 338)
(56, 339)
(56, 212)
(56, 85)
(56, 87)
(56, 344)
(56, 89)
(56, 218)
(56, 220)
(56, 349)
(56, 355)
(56, 228)
(56, 188)
(56, 239)
(56, 241)
(56, 83)
(56, 373)
(56, 375)
(56, 376)
(56, 125)
(56, 382)
(57, 259)
(57, 261)
(57, 391)
(57, 392)
(57, 396)
(57, 150)
(57, 280)
(57, 163)
(57, 292)
(57, 296)
(57, 135)
(57, 175)
(57, 180)
(57, 310)
(57, 195)
(57, 182)
(57, 73)
(57, 202)
(57, 334)
(57, 335)
(57, 82)
(57, 211)
(57, 206)
(57, 346)
(57, 79)
(57, 92)
(57, 101)
(57, 353)
(57, 356)
(57, 230)
(57, 358)
(57, 232)
(57, 361)
(57, 365)
(57, 238)
(57, 104)
(57, 377)
(57, 252)
(57, 253)
(58, 256)
(58, 257)
(58, 64)
(58, 393)
(58, 151)
(58, 155)
(58, 293)
(58, 299)
(58, 300)
(58, 186)
(58, 318)
(58, 192)
(58, 72)
(58, 332)
(58, 208)
(58, 86)
(58, 90)
(58, 351)
(58, 102)
(58, 360)
(58, 105)
(58, 363)
(58, 372)
(58, 62)
(58, 119)
(58, 122)
(58, 379)
(59, 384)
(59, 389)
(59, 138)
(59, 139)
(59, 398)
(59, 149)
(59, 152)
(59, 287)
(59, 288)
(59, 289)
(59, 169)
(59, 199)
(59, 302)
(59, 176)
(59, 308)
(59, 181)
(59, 190)
(59, 117)
(59, 327)
(59, 200)
(59, 76)
(59, 333)
(59, 338)
(59, 83)
(59, 212)
(59, 213)
(59, 87)
(59, 347)
(59, 220)
(59, 221)
(59, 227)
(59, 109)
(59, 370)
(59, 373)
(59, 250)
(59, 123)
(59, 254)
(60, 130)
(60, 260)
(60, 393)
(60, 142)
(60, 146)
(60, 275)
(60, 281)
(60, 155)
(60, 158)
(60, 293)
(60, 168)
(60, 298)
(60, 300)
(60, 178)
(60, 179)
(60, 186)
(60, 187)
(60, 318)
(60, 191)
(60, 69)
(60, 72)
(60, 74)
(60, 332)
(60, 86)
(60, 223)
(60, 354)
(60, 105)
(60, 119)
(60, 121)
(60, 351)
(61, 128)
(61, 258)
(61, 136)
(61, 265)
(61, 269)
(61, 271)
(61, 145)
(61, 285)
(61, 368)
(61, 291)
(61, 165)
(61, 166)
(61, 297)
(61, 157)
(61, 307)
(61, 63)
(61, 193)
(61, 194)
(61, 203)
(61, 196)
(61, 197)
(61, 326)
(61, 329)
(61, 331)
(61, 141)
(61, 75)
(61, 88)
(61, 122)
(61, 100)
(61, 229)
(61, 235)
(61, 111)
(61, 240)
(61, 371)
(61, 116)
(61, 378)
(61, 124)
(61, 381)
(62, 386)
(62, 136)
(62, 393)
(62, 144)
(62, 293)
(62, 299)
(62, 311)
(62, 116)
(62, 318)
(62, 64)
(62, 194)
(62, 197)
(62, 329)
(62, 203)
(62, 90)
(62, 165)
(62, 102)
(62, 360)
(62, 105)
(62, 363)
(62, 111)
(62, 368)
(62, 372)
(62, 122)
(62, 379)
(63, 258)
(63, 133)
(63, 397)
(63, 271)
(63, 145)
(63, 285)
(63, 286)
(63, 291)
(63, 166)
(63, 297)
(63, 307)
(63, 75)
(63, 326)
(63, 331)
(63, 141)
(63, 88)
(63, 100)
(63, 229)
(63, 235)
(63, 237)
(63, 366)
(63, 240)
(63, 371)
(63, 120)
(63, 378)
(63, 124)
(63, 381)
(64, 386)
(64, 136)
(64, 393)
(64, 144)
(64, 293)
(64, 299)
(64, 311)
(64, 116)
(64, 318)
(64, 192)
(64, 194)
(64, 197)
(64, 329)
(64, 203)
(64, 90)
(64, 165)
(64, 102)
(64, 360)
(64, 105)
(64, 363)
(64, 368)
(64, 372)
(64, 122)
(64, 379)
(65, 129)
(65, 263)
(65, 267)
(65, 140)
(65, 147)
(65, 154)
(65, 283)
(65, 162)
(65, 174)
(65, 303)
(65, 305)
(65, 312)
(65, 315)
(65, 319)
(65, 66)
(65, 324)
(65, 325)
(65, 330)
(65, 345)
(65, 91)
(65, 99)
(65, 106)
(65, 364)
(65, 380)
(65, 126)
(66, 385)
(66, 131)
(66, 263)
(66, 267)
(66, 272)
(66, 154)
(66, 283)
(66, 290)
(66, 174)
(66, 303)
(66, 305)
(66, 312)
(66, 315)
(66, 319)
(66, 330)
(66, 162)
(66, 207)
(66, 345)
(66, 91)
(66, 352)
(66, 97)
(66, 99)
(66, 359)
(66, 108)
(66, 367)
(66, 246)
(66, 247)
(66, 380)
(66, 126)
(67, 133)
(67, 262)
(67, 397)
(67, 273)
(67, 279)
(67, 284)
(67, 134)
(67, 173)
(67, 306)
(67, 309)
(67, 183)
(67, 317)
(67, 323)
(67, 198)
(67, 71)
(67, 204)
(67, 206)
(67, 79)
(67, 337)
(67, 210)
(67, 92)
(67, 350)
(67, 356)
(67, 230)
(67, 248)
(68, 259)
(68, 388)
(68, 390)
(68, 394)
(68, 396)
(68, 398)
(68, 399)
(68, 277)
(68, 152)
(68, 287)
(68, 288)
(68, 289)
(68, 167)
(68, 169)
(68, 302)
(68, 304)
(68, 181)
(68, 310)
(68, 184)
(68, 313)
(68, 314)
(68, 113)
(68, 201)
(68, 76)
(68, 334)
(68, 209)
(68, 338)
(68, 83)
(68, 212)
(68, 215)
(68, 347)
(68, 95)
(68, 96)
(68, 225)
(68, 227)
(68, 228)
(68, 234)
(68, 238)
(68, 369)
(68, 243)
(68, 244)
(68, 373)
(68, 118)
(68, 375)
(68, 249)
(68, 251)
(68, 255)
(69, 257)
(69, 130)
(69, 387)
(69, 260)
(69, 172)
(69, 142)
(69, 146)
(69, 275)
(69, 278)
(69, 281)
(69, 282)
(69, 155)
(69, 158)
(69, 160)
(69, 290)
(69, 295)
(69, 168)
(69, 298)
(69, 300)
(69, 178)
(69, 351)
(69, 179)
(69, 186)
(69, 187)
(69, 191)
(69, 72)
(69, 74)
(69, 119)
(69, 332)
(69, 84)
(69, 86)
(69, 343)
(69, 216)
(69, 93)
(69, 94)
(69, 223)
(69, 352)
(69, 354)
(69, 131)
(69, 107)
(69, 247)
(69, 121)
(69, 383)
(70, 261)
(70, 262)
(70, 193)
(70, 265)
(70, 269)
(70, 270)
(70, 273)
(70, 153)
(70, 159)
(70, 161)
(70, 163)
(70, 170)
(70, 135)
(70, 177)
(70, 306)
(70, 309)
(70, 185)
(70, 316)
(70, 321)
(70, 322)
(70, 196)
(70, 198)
(70, 71)
(70, 77)
(70, 78)
(70, 335)
(70, 336)
(70, 211)
(70, 218)
(70, 349)
(70, 80)
(70, 226)
(70, 356)
(70, 104)
(70, 361)
(70, 362)
(70, 365)
(70, 110)
(70, 242)
(70, 376)
(70, 253)
(70, 127)
(71, 258)
(71, 133)
(71, 262)
(71, 265)
(71, 269)
(71, 270)
(71, 273)
(71, 279)
(71, 284)
(71, 285)
(71, 159)
(71, 161)
(71, 198)
(71, 173)
(71, 177)
(71, 306)
(71, 309)
(71, 183)
(71, 317)
(71, 134)
(71, 193)
(71, 323)
(71, 326)
(71, 79)
(71, 204)
(71, 77)
(71, 206)
(71, 397)
(71, 337)
(71, 210)
(71, 335)
(71, 350)
(71, 356)
(71, 230)
(71, 361)
(71, 235)
(71, 371)
(71, 248)
(71, 124)
(72, 256)
(72, 257)
(72, 130)
(72, 387)
(72, 260)
(72, 393)
(72, 142)
(72, 146)
(72, 275)
(72, 276)
(72, 278)
(72, 151)
(72, 281)
(72, 282)
(72, 155)
(72, 158)
(72, 290)
(72, 293)
(72, 300)
(72, 178)
(72, 172)
(72, 186)
(72, 351)
(72, 318)
(72, 191)
(72, 192)
(72, 119)
(72, 332)
(72, 208)
(72, 86)
(72, 105)
(72, 216)
(72, 93)
(72, 223)
(72, 354)
(72, 187)
(72, 102)
(72, 233)
(72, 107)
(72, 247)
(72, 121)
(72, 383)
(73, 390)
(73, 391)
(73, 392)
(73, 396)
(73, 150)
(73, 280)
(73, 156)
(73, 292)
(73, 167)
(73, 296)
(73, 135)
(73, 175)
(73, 180)
(73, 310)
(73, 184)
(73, 313)
(73, 195)
(73, 182)
(73, 225)
(73, 202)
(73, 334)
(73, 209)
(73, 82)
(73, 342)
(73, 377)
(73, 217)
(73, 346)
(73, 222)
(73, 353)
(73, 101)
(73, 358)
(73, 232)
(73, 238)
(73, 369)
(73, 114)
(73, 243)
(73, 244)
(73, 245)
(73, 118)
(73, 249)
(73, 251)
(73, 252)
(73, 253)
(74, 354)
(74, 155)
(74, 179)
(74, 130)
(74, 295)
(74, 168)
(74, 298)
(74, 146)
(74, 142)
(74, 178)
(74, 275)
(74, 121)
(74, 94)
(74, 343)
(74, 281)
(74, 282)
(74, 191)
(74, 158)
(74, 223)
(75, 258)
(75, 141)
(75, 271)
(75, 285)
(75, 291)
(75, 165)
(75, 166)
(75, 297)
(75, 307)
(75, 311)
(75, 203)
(75, 329)
(75, 331)
(75, 88)
(75, 100)
(75, 229)
(75, 366)
(75, 240)
(75, 116)
(75, 378)
(75, 381)
(76, 389)
(76, 394)
(76, 398)
(76, 399)
(76, 152)
(76, 287)
(76, 288)
(76, 289)
(76, 169)
(76, 308)
(76, 181)
(76, 138)
(76, 200)
(76, 201)
(76, 338)
(76, 83)
(76, 212)
(76, 215)
(76, 347)
(76, 95)
(76, 96)
(76, 227)
(76, 234)
(76, 113)
(76, 370)
(76, 117)
(77, 128)
(77, 258)
(77, 133)
(77, 262)
(77, 193)
(77, 265)
(77, 397)
(77, 270)
(77, 273)
(77, 269)
(77, 279)
(77, 153)
(77, 157)
(77, 159)
(77, 161)
(77, 198)
(77, 170)
(77, 173)
(77, 177)
(77, 306)
(77, 309)
(77, 183)
(77, 317)
(77, 134)
(77, 321)
(77, 322)
(77, 323)
(77, 196)
(77, 326)
(77, 204)
(77, 335)
(77, 336)
(77, 337)
(77, 210)
(77, 350)
(77, 226)
(77, 356)
(77, 361)
(77, 235)
(77, 111)
(77, 371)
(77, 248)
(77, 127)
(78, 137)
(78, 266)
(78, 395)
(78, 268)
(78, 144)
(78, 148)
(78, 159)
(78, 164)
(78, 294)
(78, 170)
(78, 301)
(78, 177)
(78, 185)
(78, 316)
(78, 321)
(78, 196)
(78, 328)
(78, 205)
(78, 336)
(78, 340)
(78, 85)
(78, 218)
(78, 219)
(78, 349)
(78, 226)
(78, 357)
(78, 231)
(78, 362)
(78, 103)
(78, 110)
(78, 239)
(78, 112)
(78, 242)
(78, 115)
(78, 374)
(78, 376)
(78, 125)
(78, 127)
(79, 261)
(79, 262)
(79, 391)
(79, 392)
(79, 273)
(79, 150)
(79, 153)
(79, 284)
(79, 161)
(79, 163)
(79, 292)
(79, 134)
(79, 296)
(79, 135)
(79, 306)
(79, 309)
(79, 183)
(79, 317)
(79, 202)
(79, 206)
(79, 335)
(79, 92)
(79, 356)
(79, 101)
(79, 230)
(79, 232)
(79, 361)
(79, 365)
(79, 104)
(79, 252)
(79, 253)
(80, 259)
(80, 388)
(80, 135)
(80, 268)
(80, 277)
(80, 153)
(80, 163)
(80, 164)
(80, 294)
(80, 169)
(80, 170)
(80, 301)
(80, 302)
(80, 304)
(80, 310)
(80, 314)
(80, 316)
(80, 322)
(80, 396)
(80, 83)
(80, 334)
(80, 338)
(80, 211)
(80, 212)
(80, 85)
(80, 87)
(80, 344)
(80, 218)
(80, 349)
(80, 355)
(80, 228)
(80, 362)
(80, 110)
(80, 241)
(80, 243)
(80, 244)
(80, 373)
(80, 375)
(80, 376)
(80, 125)
(80, 255)
(81, 224)
(81, 98)
(81, 139)
(81, 132)
(81, 389)
(81, 138)
(81, 171)
(81, 236)
(81, 109)
(81, 213)
(81, 214)
(81, 250)
(81, 123)
(81, 348)
(82, 390)
(82, 391)
(82, 392)
(82, 280)
(82, 156)
(82, 292)
(82, 175)
(82, 180)
(82, 182)
(82, 184)
(82, 313)
(82, 320)
(82, 195)
(82, 225)
(82, 202)
(82, 209)
(82, 341)
(82, 342)
(82, 217)
(82, 346)
(82, 222)
(82, 353)
(82, 358)
(82, 232)
(82, 238)
(82, 114)
(82, 245)
(82, 377)
(83, 149)
(83, 388)
(83, 394)
(83, 87)
(83, 268)
(83, 398)
(83, 277)
(83, 152)
(83, 287)
(83, 288)
(83, 289)
(83, 164)
(83, 241)
(83, 169)
(83, 199)
(83, 301)
(83, 302)
(83, 304)
(83, 308)
(83, 181)
(83, 314)
(83, 190)
(83, 117)
(83, 327)
(83, 200)
(83, 201)
(83, 113)
(83, 333)
(83, 338)
(83, 227)
(83, 212)
(83, 85)
(83, 215)
(83, 344)
(83, 347)
(83, 95)
(83, 96)
(83, 355)
(83, 228)
(83, 234)
(83, 369)
(83, 370)
(83, 243)
(83, 244)
(83, 373)
(83, 375)
(83, 376)
(83, 125)
(83, 254)
(83, 255)
(84, 385)
(84, 130)
(84, 131)
(84, 260)
(84, 263)
(84, 142)
(84, 275)
(84, 278)
(84, 281)
(84, 282)
(84, 283)
(84, 158)
(84, 160)
(84, 290)
(84, 295)
(84, 168)
(84, 303)
(84, 305)
(84, 178)
(84, 179)
(84, 312)
(84, 187)
(84, 191)
(84, 343)
(84, 216)
(84, 345)
(84, 91)
(84, 93)
(84, 94)
(84, 352)
(84, 354)
(84, 359)
(84, 107)
(84, 367)
(84, 247)
(84, 121)
(84, 383)
(85, 259)
(85, 388)
(85, 137)
(85, 268)
(85, 148)
(85, 149)
(85, 164)
(85, 294)
(85, 170)
(85, 301)
(85, 302)
(85, 314)
(85, 316)
(85, 322)
(85, 327)
(85, 333)
(85, 334)
(85, 205)
(85, 338)
(85, 211)
(85, 212)
(85, 87)
(85, 344)
(85, 89)
(85, 218)
(85, 349)
(85, 355)
(85, 228)
(85, 362)
(85, 110)
(85, 239)
(85, 241)
(85, 243)
(85, 373)
(85, 375)
(85, 376)
(85, 125)
(85, 255)
(86, 256)
(86, 385)
(86, 130)
(86, 387)
(86, 260)
(86, 257)
(86, 264)
(86, 393)
(86, 266)
(86, 395)
(86, 142)
(86, 276)
(86, 278)
(86, 151)
(86, 155)
(86, 158)
(86, 290)
(86, 293)
(86, 300)
(86, 305)
(86, 178)
(86, 172)
(86, 186)
(86, 187)
(86, 191)
(86, 192)
(86, 119)
(86, 207)
(86, 208)
(86, 340)
(86, 105)
(86, 216)
(86, 91)
(86, 93)
(86, 351)
(86, 97)
(86, 354)
(86, 102)
(86, 103)
(86, 233)
(86, 107)
(86, 108)
(86, 367)
(86, 247)
(86, 121)
(86, 383)
(87, 384)
(87, 268)
(87, 398)
(87, 143)
(87, 274)
(87, 149)
(87, 152)
(87, 287)
(87, 288)
(87, 289)
(87, 164)
(87, 294)
(87, 169)
(87, 199)
(87, 301)
(87, 302)
(87, 176)
(87, 181)
(87, 314)
(87, 316)
(87, 189)
(87, 190)
(87, 327)
(87, 333)
(87, 205)
(87, 254)
(87, 338)
(87, 339)
(87, 212)
(87, 213)
(87, 344)
(87, 89)
(87, 220)
(87, 221)
(87, 355)
(87, 228)
(87, 188)
(87, 239)
(87, 241)
(87, 373)
(87, 375)
(87, 376)
(87, 125)
(87, 382)
(88, 128)
(88, 258)
(88, 136)
(88, 265)
(88, 397)
(88, 271)
(88, 141)
(88, 145)
(88, 285)
(88, 368)
(88, 291)
(88, 165)
(88, 166)
(88, 297)
(88, 157)
(88, 307)
(88, 193)
(88, 194)
(88, 323)
(88, 197)
(88, 326)
(88, 331)
(88, 269)
(88, 100)
(88, 229)
(88, 235)
(88, 237)
(88, 366)
(88, 111)
(88, 240)
(88, 371)
(88, 116)
(88, 378)
(88, 124)
(88, 381)
(89, 384)
(89, 129)
(89, 137)
(89, 268)
(89, 143)
(89, 272)
(89, 274)
(89, 148)
(89, 149)
(89, 154)
(89, 99)
(89, 294)
(89, 199)
(89, 301)
(89, 176)
(89, 315)
(89, 188)
(89, 189)
(89, 190)
(89, 325)
(89, 327)
(89, 205)
(89, 333)
(89, 339)
(89, 382)
(89, 344)
(89, 220)
(89, 221)
(89, 355)
(89, 239)
(89, 241)
(89, 115)
(89, 373)
(89, 246)
(89, 125)
(89, 254)
(90, 136)
(90, 393)
(90, 293)
(90, 299)
(90, 311)
(90, 116)
(90, 318)
(90, 197)
(90, 329)
(90, 203)
(90, 332)
(90, 165)
(90, 102)
(90, 360)
(90, 105)
(90, 363)
(90, 372)
(90, 119)
(90, 122)
(90, 379)
(91, 385)
(91, 387)
(91, 260)
(91, 263)
(91, 264)
(91, 172)
(91, 272)
(91, 131)
(91, 278)
(91, 151)
(91, 282)
(91, 283)
(91, 160)
(91, 290)
(91, 257)
(91, 303)
(91, 305)
(91, 312)
(91, 186)
(91, 187)
(91, 330)
(91, 162)
(91, 207)
(91, 208)
(91, 216)
(91, 345)
(91, 93)
(91, 352)
(91, 97)
(91, 99)
(91, 359)
(91, 233)
(91, 107)
(91, 108)
(91, 367)
(91, 115)
(91, 246)
(91, 247)
(91, 126)
(91, 383)
(92, 261)
(92, 391)
(92, 392)
(92, 273)
(92, 150)
(92, 284)
(92, 163)
(92, 292)
(92, 296)
(92, 135)
(92, 306)
(92, 309)
(92, 183)
(92, 317)
(92, 202)
(92, 206)
(92, 335)
(92, 353)
(92, 356)
(92, 101)
(92, 230)
(92, 232)
(92, 361)
(92, 365)
(92, 104)
(92, 252)
(92, 253)
(93, 256)
(93, 385)
(93, 130)
(93, 387)
(93, 260)
(93, 257)
(93, 264)
(93, 395)
(93, 142)
(93, 275)
(93, 276)
(93, 278)
(93, 151)
(93, 282)
(93, 283)
(93, 158)
(93, 160)
(93, 290)
(93, 155)
(93, 263)
(93, 172)
(93, 305)
(93, 178)
(93, 186)
(93, 187)
(93, 191)
(93, 192)
(93, 207)
(93, 208)
(93, 340)
(93, 216)
(93, 345)
(93, 351)
(93, 352)
(93, 97)
(93, 131)
(93, 359)
(93, 233)
(93, 107)
(93, 108)
(93, 367)
(93, 246)
(93, 247)
(93, 121)
(93, 383)
(94, 130)
(94, 260)
(94, 142)
(94, 146)
(94, 275)
(94, 281)
(94, 282)
(94, 158)
(94, 160)
(94, 295)
(94, 168)
(94, 298)
(94, 178)
(94, 179)
(94, 187)
(94, 191)
(94, 343)
(94, 216)
(94, 223)
(94, 354)
(94, 121)
(94, 383)
(95, 259)
(95, 388)
(95, 390)
(95, 394)
(95, 215)
(95, 396)
(95, 399)
(95, 277)
(95, 152)
(95, 287)
(95, 167)
(95, 169)
(95, 302)
(95, 304)
(95, 310)
(95, 184)
(95, 313)
(95, 314)
(95, 113)
(95, 201)
(95, 334)
(95, 209)
(95, 338)
(95, 212)
(95, 377)
(95, 96)
(95, 225)
(95, 227)
(95, 228)
(95, 234)
(95, 238)
(95, 369)
(95, 243)
(95, 244)
(95, 118)
(95, 249)
(95, 251)
(95, 255)
(96, 259)
(96, 388)
(96, 390)
(96, 394)
(96, 396)
(96, 398)
(96, 399)
(96, 277)
(96, 152)
(96, 287)
(96, 288)
(96, 289)
(96, 167)
(96, 169)
(96, 302)
(96, 304)
(96, 181)
(96, 310)
(96, 184)
(96, 313)
(96, 314)
(96, 113)
(96, 201)
(96, 334)
(96, 209)
(96, 338)
(96, 212)
(96, 215)
(96, 347)
(96, 225)
(96, 227)
(96, 228)
(96, 234)
(96, 238)
(96, 369)
(96, 243)
(96, 244)
(96, 373)
(96, 118)
(96, 249)
(96, 251)
(96, 255)
(97, 256)
(97, 385)
(97, 387)
(97, 263)
(97, 264)
(97, 172)
(97, 266)
(97, 395)
(97, 239)
(97, 272)
(97, 274)
(97, 276)
(97, 278)
(97, 151)
(97, 154)
(97, 283)
(97, 290)
(97, 103)
(97, 257)
(97, 305)
(97, 315)
(97, 189)
(97, 192)
(97, 246)
(97, 328)
(97, 330)
(97, 205)
(97, 207)
(97, 208)
(97, 340)
(97, 345)
(97, 99)
(97, 231)
(97, 233)
(97, 107)
(97, 108)
(97, 367)
(97, 115)
(97, 374)
(97, 247)
(97, 148)
(97, 126)
(98, 224)
(98, 139)
(98, 324)
(98, 171)
(98, 236)
(98, 109)
(98, 214)
(98, 132)
(98, 250)
(98, 123)
(98, 348)
(99, 384)
(99, 129)
(99, 267)
(99, 140)
(99, 143)
(99, 272)
(99, 274)
(99, 149)
(99, 154)
(99, 283)
(99, 174)
(99, 176)
(99, 305)
(99, 315)
(99, 188)
(99, 189)
(99, 319)
(99, 325)
(99, 327)
(99, 330)
(99, 205)
(99, 207)
(99, 339)
(99, 220)
(99, 106)
(99, 108)
(99, 239)
(99, 115)
(99, 126)
(99, 246)
(99, 380)
(99, 382)
(100, 128)
(100, 258)
(100, 133)
(100, 397)
(100, 271)
(100, 141)
(100, 145)
(100, 279)
(100, 285)
(100, 286)
(100, 291)
(100, 166)
(100, 297)
(100, 173)
(100, 157)
(100, 307)
(100, 194)
(100, 323)
(100, 326)
(100, 331)
(100, 204)
(100, 269)
(100, 337)
(100, 229)
(100, 235)
(100, 237)
(100, 366)
(100, 240)
(100, 371)
(100, 120)
(100, 378)
(100, 124)
(100, 381)
(101, 259)
(101, 261)
(101, 391)
(101, 392)
(101, 396)
(101, 273)
(101, 150)
(101, 153)
(101, 163)
(101, 292)
(101, 296)
(101, 135)
(101, 306)
(101, 309)
(101, 310)
(101, 183)
(101, 317)
(101, 322)
(101, 195)
(101, 182)
(101, 202)
(101, 334)
(101, 335)
(101, 211)
(101, 206)
(101, 353)
(101, 356)
(101, 230)
(101, 232)
(101, 361)
(101, 365)
(101, 238)
(101, 104)
(101, 252)
(101, 253)
(102, 256)
(102, 257)
(102, 386)
(102, 387)
(102, 136)
(102, 393)
(102, 266)
(102, 144)
(102, 276)
(102, 151)
(102, 155)
(102, 293)
(102, 299)
(102, 172)
(102, 300)
(102, 186)
(102, 318)
(102, 192)
(102, 332)
(102, 208)
(102, 105)
(102, 351)
(102, 103)
(102, 360)
(102, 233)
(102, 363)
(102, 372)
(102, 119)
(102, 122)
(103, 256)
(103, 257)
(103, 386)
(103, 387)
(103, 264)
(103, 137)
(103, 266)
(103, 395)
(103, 144)
(103, 276)
(103, 151)
(103, 299)
(103, 172)
(103, 185)
(103, 192)
(103, 246)
(103, 328)
(103, 207)
(103, 208)
(103, 340)
(103, 219)
(103, 357)
(103, 231)
(103, 233)
(103, 363)
(103, 108)
(103, 112)
(103, 242)
(103, 115)
(103, 374)
(103, 148)
(104, 259)
(104, 388)
(104, 261)
(104, 391)
(104, 392)
(104, 396)
(104, 273)
(104, 110)
(104, 150)
(104, 153)
(104, 161)
(104, 163)
(104, 292)
(104, 296)
(104, 170)
(104, 135)
(104, 177)
(104, 306)
(104, 309)
(104, 310)
(104, 314)
(104, 322)
(104, 334)
(104, 335)
(104, 211)
(104, 206)
(104, 218)
(104, 356)
(104, 361)
(104, 365)
(104, 238)
(104, 243)
(104, 252)
(104, 253)
(104, 255)
(105, 256)
(105, 257)
(105, 393)
(105, 155)
(105, 293)
(105, 299)
(105, 300)
(105, 318)
(105, 192)
(105, 332)
(105, 186)
(105, 351)
(105, 360)
(105, 363)
(105, 372)
(105, 119)
(105, 122)
(106, 384)
(106, 129)
(106, 132)
(106, 364)
(106, 267)
(106, 140)
(106, 143)
(106, 274)
(106, 147)
(106, 154)
(106, 171)
(106, 174)
(106, 176)
(106, 315)
(106, 188)
(106, 319)
(106, 324)
(106, 325)
(106, 330)
(106, 339)
(106, 220)
(106, 221)
(106, 224)
(106, 236)
(106, 250)
(106, 380)
(106, 382)
(107, 256)
(107, 385)
(107, 130)
(107, 387)
(107, 260)
(107, 263)
(107, 264)
(107, 393)
(107, 266)
(107, 395)
(107, 142)
(107, 275)
(107, 276)
(107, 278)
(107, 151)
(107, 282)
(107, 283)
(107, 158)
(107, 160)
(107, 290)
(107, 155)
(107, 257)
(107, 305)
(107, 178)
(107, 172)
(107, 186)
(107, 187)
(107, 191)
(107, 192)
(107, 207)
(107, 208)
(107, 340)
(107, 216)
(107, 345)
(107, 351)
(107, 352)
(107, 131)
(107, 359)
(107, 233)
(107, 108)
(107, 367)
(107, 246)
(107, 247)
(107, 121)
(107, 383)
(108, 256)
(108, 385)
(108, 387)
(108, 260)
(108, 263)
(108, 264)
(108, 172)
(108, 266)
(108, 395)
(108, 239)
(108, 272)
(108, 274)
(108, 276)
(108, 278)
(108, 151)
(108, 283)
(108, 290)
(108, 257)
(108, 305)
(108, 186)
(108, 315)
(108, 192)
(108, 246)
(108, 328)
(108, 330)
(108, 207)
(108, 208)
(108, 340)
(108, 345)
(108, 359)
(108, 233)
(108, 231)
(108, 367)
(108, 115)
(108, 374)
(108, 247)
(108, 126)
(109, 389)
(109, 138)
(109, 139)
(109, 398)
(109, 288)
(109, 308)
(109, 181)
(109, 190)
(109, 200)
(109, 213)
(109, 347)
(109, 348)
(109, 227)
(109, 370)
(109, 117)
(109, 250)
(109, 123)
(109, 254)
(110, 259)
(110, 388)
(110, 261)
(110, 135)
(110, 396)
(110, 153)
(110, 159)
(110, 161)
(110, 163)
(110, 164)
(110, 294)
(110, 170)
(110, 301)
(110, 302)
(110, 177)
(110, 310)
(110, 185)
(110, 314)
(110, 316)
(110, 322)
(110, 268)
(110, 334)
(110, 335)
(110, 336)
(110, 211)
(110, 344)
(110, 218)
(110, 349)
(110, 226)
(110, 361)
(110, 362)
(110, 365)
(110, 125)
(110, 241)
(110, 242)
(110, 243)
(110, 375)
(110, 376)
(110, 253)
(110, 255)
(111, 128)
(111, 386)
(111, 193)
(111, 136)
(111, 265)
(111, 258)
(111, 270)
(111, 144)
(111, 157)
(111, 159)
(111, 326)
(111, 166)
(111, 297)
(111, 185)
(111, 321)
(111, 194)
(111, 196)
(111, 197)
(111, 198)
(111, 331)
(111, 269)
(111, 336)
(111, 141)
(111, 165)
(111, 226)
(111, 235)
(111, 368)
(111, 116)
(111, 381)
(111, 127)
(112, 386)
(112, 264)
(112, 137)
(112, 266)
(112, 395)
(112, 144)
(112, 276)
(112, 159)
(112, 294)
(112, 185)
(112, 192)
(112, 321)
(112, 196)
(112, 328)
(112, 336)
(112, 340)
(112, 219)
(112, 349)
(112, 226)
(112, 357)
(112, 231)
(112, 362)
(112, 239)
(112, 242)
(112, 115)
(112, 374)
(112, 148)
(112, 127)
(113, 388)
(113, 390)
(113, 394)
(113, 398)
(113, 399)
(113, 277)
(113, 152)
(113, 287)
(113, 288)
(113, 289)
(113, 167)
(113, 169)
(113, 302)
(113, 304)
(113, 181)
(113, 310)
(113, 184)
(113, 314)
(113, 117)
(113, 200)
(113, 201)
(113, 209)
(113, 338)
(113, 212)
(113, 215)
(113, 347)
(113, 225)
(113, 227)
(113, 228)
(113, 234)
(113, 369)
(113, 370)
(113, 243)
(113, 244)
(113, 373)
(113, 118)
(113, 249)
(113, 251)
(113, 255)
(114, 391)
(114, 280)
(114, 156)
(114, 175)
(114, 180)
(114, 182)
(114, 320)
(114, 195)
(114, 202)
(114, 341)
(114, 342)
(114, 217)
(114, 346)
(114, 222)
(114, 353)
(114, 358)
(114, 232)
(114, 245)
(115, 385)
(115, 264)
(115, 137)
(115, 266)
(115, 395)
(115, 143)
(115, 272)
(115, 274)
(115, 276)
(115, 154)
(115, 367)
(115, 305)
(115, 315)
(115, 188)
(115, 189)
(115, 325)
(115, 328)
(115, 330)
(115, 205)
(115, 207)
(115, 339)
(115, 340)
(115, 219)
(115, 374)
(115, 231)
(115, 233)
(115, 239)
(115, 246)
(115, 148)
(115, 382)
(116, 386)
(116, 136)
(116, 141)
(116, 165)
(116, 166)
(116, 297)
(116, 299)
(116, 311)
(116, 194)
(116, 203)
(116, 197)
(116, 329)
(116, 331)
(116, 363)
(116, 368)
(116, 372)
(116, 122)
(116, 379)
(117, 389)
(117, 394)
(117, 139)
(117, 398)
(117, 152)
(117, 287)
(117, 288)
(117, 289)
(117, 169)
(117, 308)
(117, 181)
(117, 138)
(117, 190)
(117, 200)
(117, 201)
(117, 338)
(117, 212)
(117, 215)
(117, 347)
(117, 227)
(117, 370)
(117, 123)
(117, 254)
(118, 388)
(118, 390)
(118, 394)
(118, 215)
(118, 396)
(118, 399)
(118, 277)
(118, 287)
(118, 167)
(118, 169)
(118, 304)
(118, 310)
(118, 184)
(118, 313)
(118, 182)
(118, 201)
(118, 209)
(118, 212)
(118, 377)
(118, 217)
(118, 225)
(118, 228)
(118, 234)
(118, 238)
(118, 369)
(118, 243)
(118, 244)
(118, 249)
(118, 251)
(118, 255)
(119, 256)
(119, 257)
(119, 130)
(119, 387)
(119, 260)
(119, 393)
(119, 146)
(119, 278)
(119, 151)
(119, 281)
(119, 155)
(119, 158)
(119, 293)
(119, 298)
(119, 299)
(119, 300)
(119, 178)
(119, 172)
(119, 186)
(119, 351)
(119, 318)
(119, 191)
(119, 192)
(119, 332)
(119, 208)
(119, 223)
(119, 354)
(119, 187)
(119, 360)
(119, 363)
(119, 372)
(120, 258)
(120, 133)
(120, 397)
(120, 271)
(120, 145)
(120, 285)
(120, 286)
(120, 291)
(120, 297)
(120, 307)
(120, 204)
(120, 229)
(120, 235)
(120, 237)
(120, 366)
(120, 240)
(120, 371)
(120, 378)
(120, 124)
(120, 381)
(121, 130)
(121, 387)
(121, 260)
(121, 142)
(121, 146)
(121, 275)
(121, 278)
(121, 281)
(121, 282)
(121, 155)
(121, 158)
(121, 160)
(121, 290)
(121, 295)
(121, 168)
(121, 298)
(121, 172)
(121, 178)
(121, 351)
(121, 179)
(121, 186)
(121, 187)
(121, 191)
(121, 343)
(121, 216)
(121, 223)
(121, 352)
(121, 354)
(121, 131)
(121, 359)
(121, 367)
(121, 247)
(121, 383)
(122, 386)
(122, 136)
(122, 141)
(122, 165)
(122, 299)
(122, 311)
(122, 194)
(122, 197)
(122, 329)
(122, 203)
(122, 360)
(122, 363)
(122, 368)
(122, 372)
(122, 379)
(123, 389)
(123, 138)
(123, 139)
(123, 288)
(123, 308)
(123, 181)
(123, 200)
(123, 213)
(123, 214)
(123, 347)
(123, 348)
(123, 224)
(123, 227)
(123, 370)
(123, 250)
(123, 254)
(124, 258)
(124, 133)
(124, 262)
(124, 397)
(124, 271)
(124, 141)
(124, 145)
(124, 279)
(124, 285)
(124, 286)
(124, 291)
(124, 166)
(124, 297)
(124, 173)
(124, 157)
(124, 307)
(124, 323)
(124, 326)
(124, 331)
(124, 204)
(124, 269)
(124, 337)
(124, 210)
(124, 350)
(124, 229)
(124, 235)
(124, 237)
(124, 366)
(124, 240)
(124, 371)
(124, 378)
(124, 381)
(125, 259)
(125, 388)
(125, 137)
(125, 268)
(125, 148)
(125, 149)
(125, 164)
(125, 294)
(125, 170)
(125, 301)
(125, 302)
(125, 314)
(125, 316)
(125, 189)
(125, 322)
(125, 327)
(125, 333)
(125, 205)
(125, 338)
(125, 344)
(125, 218)
(125, 349)
(125, 355)
(125, 228)
(125, 362)
(125, 239)
(125, 241)
(125, 242)
(125, 373)
(125, 375)
(125, 376)
(126, 385)
(126, 131)
(126, 263)
(126, 267)
(126, 272)
(126, 154)
(126, 283)
(126, 290)
(126, 174)
(126, 303)
(126, 305)
(126, 312)
(126, 315)
(126, 319)
(126, 330)
(126, 162)
(126, 207)
(126, 345)
(126, 352)
(126, 359)
(126, 367)
(126, 246)
(126, 247)
(126, 380)
(127, 128)
(127, 386)
(127, 193)
(127, 136)
(127, 265)
(127, 269)
(127, 270)
(127, 144)
(127, 157)
(127, 159)
(127, 161)
(127, 326)
(127, 170)
(127, 177)
(127, 185)
(127, 321)
(127, 194)
(127, 196)
(127, 198)
(127, 328)
(127, 336)
(127, 219)
(127, 226)
(127, 357)
(127, 231)
(127, 362)
(127, 368)
(127, 242)
(128, 386)
(128, 193)
(128, 136)
(128, 265)
(128, 258)
(128, 270)
(128, 144)
(128, 285)
(128, 159)
(128, 291)
(128, 326)
(128, 166)
(128, 297)
(128, 157)
(128, 321)
(128, 194)
(128, 196)
(128, 197)
(128, 198)
(128, 331)
(128, 269)
(128, 336)
(128, 141)
(128, 350)
(128, 165)
(128, 226)
(128, 235)
(128, 368)
(128, 371)
(128, 381)
(129, 384)
(129, 171)
(129, 364)
(129, 267)
(129, 140)
(129, 143)
(129, 274)
(129, 147)
(129, 149)
(129, 154)
(129, 199)
(129, 174)
(129, 176)
(129, 315)
(129, 188)
(129, 189)
(129, 319)
(129, 324)
(129, 325)
(129, 327)
(129, 330)
(129, 333)
(129, 339)
(129, 213)
(129, 220)
(129, 221)
(129, 236)
(129, 250)
(129, 380)
(129, 382)
(130, 256)
(130, 385)
(130, 387)
(130, 260)
(130, 172)
(130, 257)
(130, 393)
(130, 142)
(130, 146)
(130, 275)
(130, 278)
(130, 151)
(130, 281)
(130, 282)
(130, 155)
(130, 158)
(130, 160)
(130, 290)
(130, 293)
(130, 295)
(130, 168)
(130, 298)
(130, 300)
(130, 178)
(130, 179)
(130, 186)
(130, 223)
(130, 191)
(130, 332)
(130, 208)
(130, 343)
(130, 216)
(130, 351)
(130, 354)
(130, 187)
(130, 131)
(130, 233)
(130, 367)
(130, 247)
(130, 383)
(131, 385)
(131, 260)
(131, 263)
(131, 142)
(131, 275)
(131, 278)
(131, 282)
(131, 283)
(131, 160)
(131, 290)
(131, 295)
(131, 303)
(131, 305)
(131, 312)
(131, 187)
(131, 191)
(131, 162)
(131, 343)
(131, 216)
(131, 345)
(131, 352)
(131, 359)
(131, 367)
(131, 247)
(131, 383)
(132, 224)
(132, 139)
(132, 324)
(132, 236)
(132, 171)
(132, 364)
(132, 140)
(132, 147)
(132, 214)
(132, 250)
(132, 348)
(133, 258)
(133, 262)
(133, 397)
(133, 145)
(133, 279)
(133, 285)
(133, 286)
(133, 291)
(133, 326)
(133, 173)
(133, 309)
(133, 183)
(133, 134)
(133, 323)
(133, 198)
(133, 204)
(133, 337)
(133, 210)
(133, 350)
(133, 235)
(133, 237)
(133, 371)
(133, 248)
(133, 381)
(134, 262)
(134, 397)
(134, 273)
(134, 279)
(134, 284)
(134, 173)
(134, 306)
(134, 309)
(134, 183)
(134, 317)
(134, 323)
(134, 198)
(134, 204)
(134, 206)
(134, 337)
(134, 210)
(134, 350)
(134, 356)
(134, 230)
(134, 248)
(135, 259)
(135, 388)
(135, 261)
(135, 391)
(135, 392)
(135, 396)
(135, 273)
(135, 150)
(135, 153)
(135, 161)
(135, 163)
(135, 292)
(135, 167)
(135, 296)
(135, 170)
(135, 306)
(135, 310)
(135, 314)
(135, 322)
(135, 182)
(135, 202)
(135, 334)
(135, 335)
(135, 211)
(135, 206)
(135, 218)
(135, 356)
(135, 361)
(135, 365)
(135, 238)
(135, 243)
(135, 252)
(135, 253)
(135, 255)
(136, 386)
(136, 193)
(136, 265)
(136, 269)
(136, 144)
(136, 157)
(136, 165)
(136, 166)
(136, 299)
(136, 311)
(136, 321)
(136, 194)
(136, 196)
(136, 197)
(136, 326)
(136, 329)
(136, 203)
(136, 141)
(136, 357)
(136, 363)
(136, 368)
(136, 372)
(136, 379)
(137, 264)
(137, 266)
(137, 395)
(137, 268)
(137, 272)
(137, 274)
(137, 148)
(137, 164)
(137, 294)
(137, 301)
(137, 185)
(137, 316)
(137, 189)
(137, 328)
(137, 205)
(137, 207)
(137, 339)
(137, 340)
(137, 344)
(137, 218)
(137, 219)
(137, 349)
(137, 355)
(137, 357)
(137, 231)
(137, 362)
(137, 239)
(137, 241)
(137, 242)
(137, 374)
(137, 376)
(137, 382)
(138, 384)
(138, 389)
(138, 139)
(138, 398)
(138, 152)
(138, 288)
(138, 289)
(138, 308)
(138, 181)
(138, 190)
(138, 199)
(138, 200)
(138, 213)
(138, 347)
(138, 348)
(138, 221)
(138, 227)
(138, 370)
(138, 250)
(138, 254)
(139, 389)
(139, 288)
(139, 308)
(139, 200)
(139, 213)
(139, 214)
(139, 347)
(139, 348)
(139, 221)
(139, 224)
(139, 236)
(139, 370)
(139, 250)
(139, 254)
(140, 384)
(140, 364)
(140, 267)
(140, 143)
(140, 147)
(140, 154)
(140, 171)
(140, 174)
(140, 176)
(140, 315)
(140, 188)
(140, 319)
(140, 324)
(140, 325)
(140, 213)
(140, 220)
(140, 221)
(140, 224)
(140, 236)
(140, 250)
(140, 380)
(141, 258)
(141, 265)
(141, 269)
(141, 271)
(141, 145)
(141, 285)
(141, 368)
(141, 291)
(141, 165)
(141, 166)
(141, 297)
(141, 157)
(141, 307)
(141, 311)
(141, 193)
(141, 194)
(141, 203)
(141, 197)
(141, 326)
(141, 329)
(141, 331)
(141, 229)
(141, 235)
(141, 240)
(141, 371)
(141, 378)
(141, 381)
(142, 385)
(142, 387)
(142, 260)
(142, 257)
(142, 172)
(142, 146)
(142, 275)
(142, 278)
(142, 281)
(142, 282)
(142, 155)
(142, 158)
(142, 160)
(142, 290)
(142, 295)
(142, 168)
(142, 298)
(142, 300)
(142, 178)
(142, 179)
(142, 186)
(142, 351)
(142, 191)
(142, 343)
(142, 216)
(142, 223)
(142, 352)
(142, 354)
(142, 187)
(142, 359)
(142, 367)
(142, 247)
(142, 383)
(143, 384)
(143, 267)
(143, 268)
(143, 272)
(143, 274)
(143, 149)
(143, 154)
(143, 199)
(143, 301)
(143, 176)
(143, 315)
(143, 188)
(143, 189)
(143, 190)
(143, 324)
(143, 325)
(143, 327)
(143, 333)
(143, 205)
(143, 339)
(143, 213)
(143, 220)
(143, 221)
(143, 355)
(143, 239)
(143, 382)
(143, 380)
(143, 254)
(144, 386)
(144, 265)
(144, 266)
(144, 395)
(144, 276)
(144, 157)
(144, 299)
(144, 185)
(144, 192)
(144, 321)
(144, 194)
(144, 196)
(144, 197)
(144, 328)
(144, 336)
(144, 340)
(144, 219)
(144, 226)
(144, 357)
(144, 231)
(144, 233)
(144, 363)
(144, 368)
(144, 242)
(144, 372)
(144, 374)
(145, 258)
(145, 397)
(145, 271)
(145, 279)
(145, 285)
(145, 286)
(145, 291)
(145, 166)
(145, 297)
(145, 173)
(145, 307)
(145, 323)
(145, 326)
(145, 331)
(145, 204)
(145, 337)
(145, 210)
(145, 350)
(145, 229)
(145, 235)
(145, 237)
(145, 366)
(145, 240)
(145, 371)
(145, 378)
(145, 381)
(146, 260)
(146, 275)
(146, 281)
(146, 282)
(146, 155)
(146, 158)
(146, 295)
(146, 168)
(146, 298)
(146, 300)
(146, 178)
(146, 179)
(146, 187)
(146, 191)
(146, 332)
(146, 343)
(146, 223)
(146, 354)
(146, 351)
(146, 383)
(147, 364)
(147, 267)
(147, 154)
(147, 171)
(147, 174)
(147, 176)
(147, 319)
(147, 324)
(147, 325)
(147, 224)
(147, 236)
(147, 250)
(147, 380)
(148, 264)
(148, 266)
(148, 395)
(148, 268)
(148, 272)
(148, 274)
(148, 164)
(148, 294)
(148, 301)
(148, 185)
(148, 316)
(148, 189)
(148, 374)
(148, 328)
(148, 205)
(148, 207)
(148, 339)
(148, 340)
(148, 344)
(148, 219)
(148, 349)
(148, 355)
(148, 357)
(148, 231)
(148, 362)
(148, 239)
(148, 241)
(148, 242)
(148, 246)
(148, 376)
(148, 382)
(149, 384)
(149, 268)
(149, 398)
(149, 274)
(149, 152)
(149, 154)
(149, 289)
(149, 199)
(149, 301)
(149, 302)
(149, 176)
(149, 181)
(149, 315)
(149, 188)
(149, 189)
(149, 190)
(149, 325)
(149, 327)
(149, 333)
(149, 205)
(149, 339)
(149, 382)
(149, 344)
(149, 220)
(149, 221)
(149, 355)
(149, 239)
(149, 241)
(149, 373)
(149, 375)
(149, 250)
(149, 254)
(149, 213)
(150, 259)
(150, 261)
(150, 391)
(150, 392)
(150, 396)
(150, 273)
(150, 280)
(150, 153)
(150, 163)
(150, 292)
(150, 296)
(150, 306)
(150, 180)
(150, 309)
(150, 310)
(150, 195)
(150, 182)
(150, 202)
(150, 334)
(150, 335)
(150, 211)
(150, 206)
(150, 346)
(150, 353)
(150, 356)
(150, 230)
(150, 232)
(150, 361)
(150, 365)
(150, 238)
(150, 377)
(150, 252)
(150, 253)
(151, 256)
(151, 385)
(151, 387)
(151, 260)
(151, 257)
(151, 264)
(151, 393)
(151, 266)
(151, 395)
(151, 276)
(151, 278)
(151, 155)
(151, 290)
(151, 293)
(151, 299)
(151, 172)
(151, 305)
(151, 178)
(151, 186)
(151, 187)
(151, 192)
(151, 246)
(151, 328)
(151, 207)
(151, 208)
(151, 340)
(151, 351)
(151, 233)
(151, 363)
(151, 367)
(151, 374)
(151, 247)
(151, 383)
(152, 384)
(152, 389)
(152, 394)
(152, 268)
(152, 398)
(152, 277)
(152, 287)
(152, 288)
(152, 289)
(152, 169)
(152, 199)
(152, 302)
(152, 304)
(152, 308)
(152, 181)
(152, 190)
(152, 327)
(152, 200)
(152, 201)
(152, 333)
(152, 338)
(152, 227)
(152, 212)
(152, 213)
(152, 215)
(152, 344)
(152, 347)
(152, 221)
(152, 355)
(152, 228)
(152, 234)
(152, 241)
(152, 370)
(152, 373)
(152, 375)
(152, 254)
(153, 259)
(153, 261)
(153, 270)
(153, 273)
(153, 159)
(153, 161)
(153, 163)
(153, 296)
(153, 170)
(153, 177)
(153, 306)
(153, 309)
(153, 314)
(153, 316)
(153, 322)
(153, 198)
(153, 334)
(153, 335)
(153, 336)
(153, 211)
(153, 218)
(153, 349)
(153, 226)
(153, 356)
(153, 361)
(153, 362)
(153, 365)
(153, 376)
(153, 252)
(153, 253)
(154, 384)
(154, 263)
(154, 267)
(154, 272)
(154, 274)
(154, 283)
(154, 162)
(154, 174)
(154, 176)
(154, 305)
(154, 315)
(154, 188)
(154, 189)
(154, 319)
(154, 324)
(154, 325)
(154, 330)
(154, 205)
(154, 339)
(154, 345)
(154, 220)
(154, 364)
(154, 246)
(154, 380)
(154, 382)
(155, 256)
(155, 257)
(155, 387)
(155, 260)
(155, 172)
(155, 393)
(155, 275)
(155, 278)
(155, 281)
(155, 282)
(155, 158)
(155, 293)
(155, 168)
(155, 298)
(155, 300)
(155, 178)
(155, 351)
(155, 179)
(155, 186)
(155, 187)
(155, 318)
(155, 191)
(155, 332)
(155, 208)
(155, 223)
(155, 354)
(155, 383)
(156, 390)
(156, 280)
(156, 175)
(156, 180)
(156, 182)
(156, 184)
(156, 313)
(156, 320)
(156, 195)
(156, 225)
(156, 202)
(156, 209)
(156, 341)
(156, 342)
(156, 217)
(156, 346)
(156, 222)
(156, 353)
(156, 358)
(156, 245)
(156, 377)
(157, 386)
(157, 193)
(157, 265)
(157, 258)
(157, 270)
(157, 285)
(157, 159)
(157, 291)
(157, 326)
(157, 166)
(157, 297)
(157, 321)
(157, 194)
(157, 196)
(157, 197)
(157, 198)
(157, 331)
(157, 269)
(157, 336)
(157, 350)
(157, 165)
(157, 226)
(157, 235)
(157, 368)
(157, 371)
(157, 381)
(158, 256)
(158, 257)
(158, 387)
(158, 260)
(158, 172)
(158, 393)
(158, 275)
(158, 278)
(158, 281)
(158, 282)
(158, 160)
(158, 290)
(158, 293)
(158, 295)
(158, 168)
(158, 298)
(158, 300)
(158, 178)
(158, 179)
(158, 186)
(158, 351)
(158, 191)
(158, 332)
(158, 343)
(158, 216)
(158, 223)
(158, 354)
(158, 187)
(158, 247)
(158, 383)
(159, 261)
(159, 262)
(159, 193)
(159, 265)
(159, 269)
(159, 270)
(159, 273)
(159, 161)
(159, 326)
(159, 170)
(159, 177)
(159, 306)
(159, 185)
(159, 321)
(159, 322)
(159, 196)
(159, 198)
(159, 335)
(159, 336)
(159, 218)
(159, 349)
(159, 350)
(159, 226)
(159, 357)
(159, 361)
(159, 362)
(159, 242)
(160, 385)
(160, 260)
(160, 263)
(160, 275)
(160, 278)
(160, 281)
(160, 282)
(160, 290)
(160, 295)
(160, 168)
(160, 303)
(160, 178)
(160, 179)
(160, 312)
(160, 187)
(160, 191)
(160, 343)
(160, 216)
(160, 345)
(160, 352)
(160, 354)
(160, 359)
(160, 367)
(160, 247)
(160, 383)
(161, 261)
(161, 262)
(161, 193)
(161, 265)
(161, 269)
(161, 270)
(161, 273)
(161, 163)
(161, 170)
(161, 173)
(161, 177)
(161, 306)
(161, 309)
(161, 183)
(161, 317)
(161, 321)
(161, 322)
(161, 323)
(161, 196)
(161, 198)
(161, 206)
(161, 335)
(161, 336)
(161, 210)
(161, 218)
(161, 350)
(161, 226)
(161, 356)
(161, 361)
(161, 362)
(161, 365)
(161, 252)
(161, 253)
(162, 385)
(162, 263)
(162, 267)
(162, 283)
(162, 290)
(162, 174)
(162, 303)
(162, 305)
(162, 312)
(162, 319)
(162, 330)
(162, 345)
(162, 352)
(162, 359)
(162, 367)
(162, 380)
(163, 259)
(163, 388)
(163, 261)
(163, 391)
(163, 392)
(163, 396)
(163, 273)
(163, 292)
(163, 296)
(163, 170)
(163, 177)
(163, 306)
(163, 309)
(163, 310)
(163, 314)
(163, 322)
(163, 334)
(163, 335)
(163, 211)
(163, 206)
(163, 218)
(163, 349)
(163, 356)
(163, 361)
(163, 365)
(163, 238)
(163, 243)
(163, 252)
(163, 253)
(163, 255)
(164, 259)
(164, 388)
(164, 268)
(164, 294)
(164, 170)
(164, 301)
(164, 302)
(164, 314)
(164, 316)
(164, 322)
(164, 327)
(164, 333)
(164, 334)
(164, 205)
(164, 338)
(164, 211)
(164, 344)
(164, 218)
(164, 349)
(164, 355)
(164, 228)
(164, 362)
(164, 239)
(164, 241)
(164, 242)
(164, 243)
(164, 373)
(164, 375)
(164, 376)
(164, 255)
(165, 386)
(165, 166)
(165, 297)
(165, 307)
(165, 311)
(165, 194)
(165, 331)
(165, 197)
(165, 326)
(165, 329)
(165, 203)
(165, 229)
(165, 368)
(165, 372)
(165, 378)
(165, 379)
(166, 258)
(166, 265)
(166, 269)
(166, 271)
(166, 285)
(166, 368)
(166, 291)
(166, 297)
(166, 307)
(166, 193)
(166, 194)
(166, 203)
(166, 197)
(166, 326)
(166, 329)
(166, 331)
(166, 229)
(166, 235)
(166, 237)
(166, 366)
(166, 240)
(166, 371)
(166, 378)
(166, 381)
(167, 259)
(167, 388)
(167, 390)
(167, 391)
(167, 392)
(167, 215)
(167, 396)
(167, 399)
(167, 277)
(167, 287)
(167, 292)
(167, 169)
(167, 304)
(167, 180)
(167, 310)
(167, 184)
(167, 313)
(167, 314)
(167, 195)
(167, 182)
(167, 334)
(167, 209)
(167, 338)
(167, 211)
(167, 212)
(167, 377)
(167, 225)
(167, 228)
(167, 234)
(167, 238)
(167, 369)
(167, 243)
(167, 244)
(167, 249)
(167, 251)
(167, 255)
(168, 275)
(168, 281)
(168, 282)
(168, 295)
(168, 298)
(168, 178)
(168, 179)
(168, 187)
(168, 191)
(168, 343)
(168, 223)
(168, 354)
(168, 383)
(169, 259)
(169, 388)
(169, 390)
(169, 394)
(169, 396)
(169, 398)
(169, 399)
(169, 277)
(169, 287)
(169, 288)
(169, 289)
(169, 241)
(169, 302)
(169, 304)
(169, 181)
(169, 310)
(169, 184)
(169, 314)
(169, 190)
(169, 200)
(169, 201)
(169, 334)
(169, 209)
(169, 338)
(169, 212)
(169, 215)
(169, 344)
(169, 347)
(169, 225)
(169, 227)
(169, 228)
(169, 234)
(169, 369)
(169, 370)
(169, 243)
(169, 244)
(169, 373)
(169, 375)
(169, 249)
(169, 251)
(169, 255)
(170, 259)
(170, 261)
(170, 270)
(170, 273)
(170, 294)
(170, 177)
(170, 185)
(170, 316)
(170, 321)
(170, 322)
(170, 196)
(170, 198)
(170, 335)
(170, 336)
(170, 211)
(170, 344)
(170, 218)
(170, 349)
(170, 226)
(170, 361)
(170, 362)
(170, 242)
(170, 376)
(171, 224)
(171, 324)
(171, 236)
(171, 364)
(171, 176)
(171, 214)
(171, 250)
(171, 348)
(172, 256)
(172, 385)
(172, 387)
(172, 260)
(172, 257)
(172, 264)
(172, 393)
(172, 266)
(172, 395)
(172, 276)
(172, 278)
(172, 290)
(172, 293)
(172, 305)
(172, 178)
(172, 186)
(172, 187)
(172, 191)
(172, 192)
(172, 207)
(172, 208)
(172, 340)
(172, 216)
(172, 351)
(172, 233)
(172, 367)
(172, 246)
(172, 247)
(172, 383)
(173, 258)
(173, 262)
(173, 269)
(173, 270)
(173, 273)
(173, 279)
(173, 284)
(173, 285)
(173, 291)
(173, 198)
(173, 306)
(173, 309)
(173, 183)
(173, 317)
(173, 193)
(173, 323)
(173, 326)
(173, 204)
(173, 397)
(173, 337)
(173, 210)
(173, 350)
(173, 235)
(173, 237)
(173, 371)
(173, 248)
(173, 381)
(174, 263)
(174, 267)
(174, 283)
(174, 303)
(174, 312)
(174, 315)
(174, 319)
(174, 324)
(174, 325)
(174, 330)
(174, 345)
(174, 364)
(174, 380)
(175, 391)
(175, 392)
(175, 280)
(175, 292)
(175, 180)
(175, 182)
(175, 313)
(175, 320)
(175, 195)
(175, 202)
(175, 341)
(175, 342)
(175, 217)
(175, 346)
(175, 222)
(175, 353)
(175, 358)
(175, 232)
(175, 238)
(175, 245)
(175, 377)
(176, 384)
(176, 267)
(176, 274)
(176, 199)
(176, 315)
(176, 188)
(176, 189)
(176, 190)
(176, 324)
(176, 325)
(176, 327)
(176, 333)
(176, 205)
(176, 339)
(176, 213)
(176, 220)
(176, 221)
(176, 236)
(176, 382)
(176, 250)
(176, 380)
(176, 254)
(177, 261)
(177, 262)
(177, 193)
(177, 265)
(177, 269)
(177, 270)
(177, 273)
(177, 306)
(177, 309)
(177, 185)
(177, 316)
(177, 321)
(177, 322)
(177, 196)
(177, 198)
(177, 335)
(177, 336)
(177, 218)
(177, 349)
(177, 350)
(177, 226)
(177, 361)
(177, 362)
(177, 242)
(178, 256)
(178, 257)
(178, 387)
(178, 260)
(178, 393)
(178, 275)
(178, 278)
(178, 281)
(178, 282)
(178, 290)
(178, 293)
(178, 295)
(178, 298)
(178, 300)
(178, 179)
(178, 186)
(178, 351)
(178, 191)
(178, 332)
(178, 208)
(178, 343)
(178, 216)
(178, 223)
(178, 354)
(178, 187)
(178, 233)
(178, 247)
(178, 383)
(179, 260)
(179, 275)
(179, 281)
(179, 282)
(179, 295)
(179, 298)
(179, 300)
(179, 187)
(179, 191)
(179, 343)
(179, 223)
(179, 354)
(179, 383)
(180, 390)
(180, 391)
(180, 392)
(180, 280)
(180, 292)
(180, 182)
(180, 184)
(180, 313)
(180, 320)
(180, 195)
(180, 225)
(180, 202)
(180, 209)
(180, 341)
(180, 342)
(180, 249)
(180, 217)
(180, 346)
(180, 222)
(180, 353)
(180, 358)
(180, 232)
(180, 238)
(180, 245)
(180, 377)
(181, 384)
(181, 389)
(181, 394)
(181, 398)
(181, 287)
(181, 288)
(181, 289)
(181, 199)
(181, 302)
(181, 308)
(181, 190)
(181, 327)
(181, 200)
(181, 201)
(181, 333)
(181, 338)
(181, 212)
(181, 213)
(181, 215)
(181, 347)
(181, 221)
(181, 227)
(181, 234)
(181, 370)
(181, 373)
(181, 375)
(181, 254)
(182, 390)
(182, 391)
(182, 392)
(182, 396)
(182, 280)
(182, 292)
(182, 304)
(182, 310)
(182, 184)
(182, 313)
(182, 195)
(182, 225)
(182, 202)
(182, 334)
(182, 209)
(182, 342)
(182, 377)
(182, 217)
(182, 346)
(182, 222)
(182, 353)
(182, 358)
(182, 232)
(182, 238)
(182, 369)
(182, 243)
(182, 244)
(182, 245)
(182, 249)
(182, 251)
(182, 253)
(183, 261)
(183, 262)
(183, 397)
(183, 270)
(183, 273)
(183, 279)
(183, 284)
(183, 296)
(183, 306)
(183, 309)
(183, 317)
(183, 323)
(183, 198)
(183, 204)
(183, 206)
(183, 335)
(183, 337)
(183, 210)
(183, 350)
(183, 356)
(183, 230)
(183, 361)
(183, 365)
(183, 248)
(183, 252)
(183, 253)
(184, 388)
(184, 390)
(184, 392)
(184, 394)
(184, 215)
(184, 396)
(184, 399)
(184, 277)
(184, 292)
(184, 304)
(184, 310)
(184, 313)
(184, 195)
(184, 201)
(184, 334)
(184, 209)
(184, 377)
(184, 217)
(184, 225)
(184, 228)
(184, 234)
(184, 238)
(184, 369)
(184, 243)
(184, 244)
(184, 249)
(184, 251)
(184, 255)
(185, 386)
(185, 193)
(185, 265)
(185, 266)
(185, 269)
(185, 294)
(185, 316)
(185, 321)
(185, 322)
(185, 196)
(185, 328)
(185, 336)
(185, 340)
(185, 218)
(185, 219)
(185, 349)
(185, 226)
(185, 357)
(185, 231)
(185, 362)
(185, 242)
(185, 374)
(186, 256)
(186, 385)
(186, 387)
(186, 260)
(186, 257)
(186, 264)
(186, 393)
(186, 395)
(186, 275)
(186, 276)
(186, 278)
(186, 281)
(186, 282)
(186, 290)
(186, 293)
(186, 300)
(186, 305)
(186, 187)
(186, 191)
(186, 192)
(186, 332)
(186, 207)
(186, 208)
(186, 216)
(186, 351)
(186, 354)
(186, 233)
(186, 367)
(186, 247)
(186, 383)
(187, 256)
(187, 385)
(187, 387)
(187, 260)
(187, 257)
(187, 275)
(187, 278)
(187, 281)
(187, 282)
(187, 290)
(187, 295)
(187, 305)
(187, 351)
(187, 191)
(187, 208)
(187, 343)
(187, 216)
(187, 223)
(187, 352)
(187, 354)
(187, 359)
(187, 367)
(187, 247)
(187, 383)
(188, 384)
(188, 267)
(188, 272)
(188, 274)
(188, 199)
(188, 315)
(188, 189)
(188, 324)
(188, 325)
(188, 327)
(188, 330)
(188, 205)
(188, 333)
(188, 339)
(188, 220)
(188, 221)
(188, 355)
(188, 239)
(188, 246)
(188, 380)
(188, 382)
(189, 384)
(189, 268)
(189, 272)
(189, 274)
(189, 199)
(189, 301)
(189, 315)
(189, 325)
(189, 327)
(189, 330)
(189, 205)
(189, 333)
(189, 339)
(189, 220)
(189, 221)
(189, 355)
(189, 239)
(189, 241)
(189, 246)
(189, 382)
(190, 384)
(190, 389)
(190, 268)
(190, 398)
(190, 287)
(190, 288)
(190, 289)
(190, 227)
(190, 199)
(190, 302)
(190, 308)
(190, 327)
(190, 200)
(190, 333)
(190, 338)
(190, 339)
(190, 212)
(190, 382)
(190, 347)
(190, 220)
(190, 221)
(190, 355)
(190, 241)
(190, 370)
(190, 373)
(190, 375)
(190, 250)
(190, 254)
(190, 213)
(191, 257)
(191, 387)
(191, 260)
(191, 275)
(191, 278)
(191, 281)
(191, 282)
(191, 290)
(191, 295)
(191, 298)
(191, 300)
(191, 351)
(191, 332)
(191, 343)
(191, 216)
(191, 223)
(191, 352)
(191, 354)
(191, 247)
(191, 383)
(192, 256)
(192, 257)
(192, 386)
(192, 387)
(192, 264)
(192, 393)
(192, 266)
(192, 395)
(192, 276)
(192, 278)
(192, 293)
(192, 299)
(192, 328)
(192, 207)
(192, 208)
(192, 340)
(192, 219)
(192, 351)
(192, 357)
(192, 231)
(192, 233)
(192, 363)
(192, 374)
(193, 386)
(193, 262)
(193, 265)
(193, 258)
(193, 270)
(193, 269)
(193, 279)
(193, 326)
(193, 321)
(193, 194)
(193, 323)
(193, 196)
(193, 197)
(193, 198)
(193, 331)
(193, 397)
(193, 336)
(193, 337)
(193, 210)
(193, 350)
(193, 226)
(193, 235)
(193, 368)
(193, 371)
(193, 381)
(194, 386)
(194, 265)
(194, 258)
(194, 297)
(194, 321)
(194, 203)
(194, 196)
(194, 197)
(194, 326)
(194, 329)
(194, 331)
(194, 269)
(194, 336)
(194, 226)
(194, 235)
(194, 368)
(194, 371)
(194, 381)
(195, 390)
(195, 391)
(195, 392)
(195, 396)
(195, 280)
(195, 292)
(195, 296)
(195, 313)
(195, 320)
(195, 225)
(195, 202)
(195, 209)
(195, 341)
(195, 342)
(195, 249)
(195, 217)
(195, 346)
(195, 222)
(195, 353)
(195, 358)
(195, 232)
(195, 238)
(195, 245)
(195, 377)
(195, 252)
(195, 253)
(196, 386)
(196, 265)
(196, 270)
(196, 326)
(196, 321)
(196, 197)
(196, 198)
(196, 269)
(196, 336)
(196, 219)
(196, 226)
(196, 357)
(196, 362)
(196, 368)
(196, 242)
(197, 386)
(197, 265)
(197, 269)
(197, 297)
(197, 299)
(197, 311)
(197, 321)
(197, 203)
(197, 326)
(197, 329)
(197, 331)
(197, 363)
(197, 368)
(197, 372)
(197, 379)
(198, 258)
(198, 262)
(198, 265)
(198, 397)
(198, 270)
(198, 273)
(198, 269)
(198, 279)
(198, 306)
(198, 309)
(198, 317)
(198, 321)
(198, 322)
(198, 323)
(198, 326)
(198, 204)
(198, 335)
(198, 336)
(198, 337)
(198, 210)
(198, 350)
(198, 226)
(198, 356)
(198, 361)
(198, 235)
(198, 371)
(198, 248)
(199, 384)
(199, 389)
(199, 268)
(199, 398)
(199, 287)
(199, 288)
(199, 289)
(199, 302)
(199, 308)
(199, 325)
(199, 327)
(199, 200)
(199, 333)
(199, 205)
(199, 338)
(199, 339)
(199, 212)
(199, 382)
(199, 344)
(199, 347)
(199, 220)
(199, 221)
(199, 355)
(199, 241)
(199, 370)
(199, 373)
(199, 375)
(199, 250)
(199, 254)
(199, 213)
(200, 389)
(200, 394)
(200, 398)
(200, 287)
(200, 288)
(200, 289)
(200, 308)
(200, 201)
(200, 338)
(200, 212)
(200, 213)
(200, 347)
(200, 227)
(200, 370)
(200, 254)
(201, 394)
(201, 398)
(201, 399)
(201, 277)
(201, 287)
(201, 288)
(201, 289)
(201, 304)
(201, 338)
(201, 212)
(201, 215)
(201, 347)
(201, 227)
(201, 228)
(201, 234)
(201, 369)
(201, 370)
(201, 244)
(201, 251)
(202, 391)
(202, 392)
(202, 280)
(202, 292)
(202, 296)
(202, 313)
(202, 341)
(202, 342)
(202, 217)
(202, 346)
(202, 222)
(202, 353)
(202, 358)
(202, 232)
(202, 365)
(202, 238)
(202, 245)
(202, 377)
(202, 252)
(202, 253)
(203, 311)
(203, 329)
(203, 368)
(203, 372)
(203, 379)
(204, 258)
(204, 262)
(204, 397)
(204, 270)
(204, 279)
(204, 285)
(204, 286)
(204, 291)
(204, 306)
(204, 309)
(204, 317)
(204, 323)
(204, 326)
(204, 337)
(204, 210)
(204, 350)
(204, 235)
(204, 237)
(204, 371)
(204, 248)
(204, 381)
(205, 384)
(205, 264)
(205, 268)
(205, 272)
(205, 274)
(205, 294)
(205, 301)
(205, 315)
(205, 325)
(205, 327)
(205, 328)
(205, 333)
(205, 207)
(205, 339)
(205, 340)
(205, 344)
(205, 220)
(205, 355)
(205, 374)
(205, 231)
(205, 239)
(205, 241)
(205, 373)
(205, 246)
(205, 375)
(205, 376)
(205, 382)
(206, 261)
(206, 262)
(206, 273)
(206, 284)
(206, 296)
(206, 306)
(206, 309)
(206, 317)
(206, 335)
(206, 210)
(206, 356)
(206, 230)
(206, 361)
(206, 365)
(206, 248)
(206, 252)
(206, 253)
(207, 256)
(207, 385)
(207, 387)
(207, 257)
(207, 264)
(207, 266)
(207, 395)
(207, 239)
(207, 272)
(207, 274)
(207, 276)
(207, 278)
(207, 283)
(207, 290)
(207, 305)
(207, 315)
(207, 374)
(207, 328)
(207, 330)
(207, 208)
(207, 340)
(207, 231)
(207, 233)
(207, 367)
(207, 246)
(207, 247)
(208, 256)
(208, 385)
(208, 387)
(208, 260)
(208, 257)
(208, 264)
(208, 393)
(208, 266)
(208, 395)
(208, 276)
(208, 278)
(208, 290)
(208, 293)
(208, 299)
(208, 305)
(208, 246)
(208, 328)
(208, 340)
(208, 351)
(208, 231)
(208, 233)
(208, 363)
(208, 367)
(208, 374)
(208, 247)
(209, 259)
(209, 388)
(209, 390)
(209, 391)
(209, 392)
(209, 215)
(209, 396)
(209, 399)
(209, 277)
(209, 292)
(209, 304)
(209, 310)
(209, 313)
(209, 314)
(209, 334)
(209, 211)
(209, 377)
(209, 217)
(209, 346)
(209, 225)
(209, 228)
(209, 234)
(209, 238)
(209, 369)
(209, 243)
(209, 244)
(209, 249)
(209, 251)
(209, 255)
(210, 258)
(210, 262)
(210, 269)
(210, 270)
(210, 273)
(210, 279)
(210, 284)
(210, 285)
(210, 291)
(210, 306)
(210, 309)
(210, 317)
(210, 323)
(210, 326)
(210, 397)
(210, 337)
(210, 350)
(210, 230)
(210, 235)
(210, 237)
(210, 371)
(210, 248)
(210, 381)
(211, 259)
(211, 388)
(211, 261)
(211, 391)
(211, 392)
(211, 396)
(211, 277)
(211, 292)
(211, 296)
(211, 302)
(211, 304)
(211, 310)
(211, 314)
(211, 316)
(211, 322)
(211, 334)
(211, 335)
(211, 344)
(211, 218)
(211, 349)
(211, 228)
(211, 361)
(211, 365)
(211, 238)
(211, 243)
(211, 244)
(211, 375)
(211, 376)
(211, 249)
(211, 252)
(211, 253)
(211, 255)
(212, 259)
(212, 388)
(212, 394)
(212, 398)
(212, 399)
(212, 277)
(212, 287)
(212, 288)
(212, 289)
(212, 241)
(212, 302)
(212, 304)
(212, 308)
(212, 310)
(212, 314)
(212, 334)
(212, 338)
(212, 227)
(212, 215)
(212, 344)
(212, 347)
(212, 355)
(212, 228)
(212, 234)
(212, 369)
(212, 370)
(212, 243)
(212, 244)
(212, 373)
(212, 375)
(212, 249)
(212, 254)
(212, 255)
(213, 384)
(213, 389)
(213, 398)
(213, 288)
(213, 289)
(213, 308)
(213, 327)
(213, 333)
(213, 347)
(213, 220)
(213, 221)
(213, 224)
(213, 236)
(213, 370)
(213, 250)
(213, 254)
(214, 224)
(214, 324)
(214, 236)
(214, 250)
(214, 348)
(215, 259)
(215, 388)
(215, 390)
(215, 394)
(215, 396)
(215, 398)
(215, 399)
(215, 277)
(215, 287)
(215, 288)
(215, 289)
(215, 302)
(215, 304)
(215, 310)
(215, 313)
(215, 314)
(215, 334)
(215, 338)
(215, 347)
(215, 225)
(215, 227)
(215, 228)
(215, 234)
(215, 238)
(215, 369)
(215, 243)
(215, 244)
(215, 373)
(215, 249)
(215, 251)
(215, 255)
(216, 385)
(216, 387)
(216, 260)
(216, 263)
(216, 275)
(216, 278)
(216, 282)
(216, 283)
(216, 290)
(216, 295)
(216, 257)
(216, 303)
(216, 305)
(216, 312)
(216, 343)
(216, 345)
(216, 352)
(216, 354)
(216, 359)
(216, 367)
(216, 247)
(216, 383)
(217, 390)
(217, 391)
(217, 392)
(217, 280)
(217, 292)
(217, 313)
(217, 320)
(217, 225)
(217, 341)
(217, 342)
(217, 377)
(217, 346)
(217, 222)
(217, 353)
(217, 358)
(217, 238)
(217, 245)
(217, 249)
(217, 251)
(218, 259)
(218, 388)
(218, 261)
(218, 396)
(218, 294)
(218, 301)
(218, 302)
(218, 310)
(218, 314)
(218, 316)
(218, 322)
(218, 268)
(218, 334)
(218, 335)
(218, 336)
(218, 344)
(218, 349)
(218, 226)
(218, 355)
(218, 361)
(218, 362)
(218, 241)
(218, 242)
(218, 243)
(218, 375)
(218, 376)
(218, 255)
(219, 386)
(219, 264)
(219, 266)
(219, 395)
(219, 276)
(219, 321)
(219, 328)
(219, 336)
(219, 340)
(219, 226)
(219, 357)
(219, 231)
(219, 233)
(219, 362)
(219, 239)
(219, 242)
(219, 374)
(220, 384)
(220, 274)
(220, 324)
(220, 325)
(220, 327)
(220, 333)
(220, 339)
(220, 221)
(220, 315)
(220, 236)
(220, 382)
(220, 250)
(220, 254)
(221, 384)
(221, 389)
(221, 398)
(221, 274)
(221, 288)
(221, 289)
(221, 308)
(221, 315)
(221, 324)
(221, 325)
(221, 327)
(221, 333)
(221, 339)
(221, 382)
(221, 236)
(221, 370)
(221, 373)
(221, 250)
(221, 254)
(222, 280)
(222, 313)
(222, 320)
(222, 341)
(222, 342)
(222, 346)
(222, 353)
(222, 358)
(222, 245)
(222, 377)
(223, 260)
(223, 275)
(223, 281)
(223, 282)
(223, 295)
(223, 298)
(223, 300)
(223, 332)
(223, 343)
(223, 351)
(223, 354)
(223, 383)
(224, 364)
(224, 324)
(224, 348)
(224, 236)
(224, 250)
(225, 259)
(225, 388)
(225, 390)
(225, 391)
(225, 392)
(225, 396)
(225, 399)
(225, 277)
(225, 292)
(225, 304)
(225, 310)
(225, 313)
(225, 314)
(225, 334)
(225, 377)
(225, 228)
(225, 234)
(225, 238)
(225, 369)
(225, 243)
(225, 244)
(225, 249)
(225, 251)
(225, 255)
(226, 386)
(226, 265)
(226, 270)
(226, 321)
(226, 322)
(226, 326)
(226, 269)
(226, 336)
(226, 349)
(226, 357)
(226, 362)
(226, 368)
(226, 242)
(227, 389)
(227, 394)
(227, 398)
(227, 287)
(227, 288)
(227, 289)
(227, 308)
(227, 338)
(227, 347)
(227, 234)
(227, 370)
(227, 254)
(228, 259)
(228, 388)
(228, 390)
(228, 394)
(228, 396)
(228, 398)
(228, 399)
(228, 277)
(228, 287)
(228, 289)
(228, 241)
(228, 302)
(228, 304)
(228, 310)
(228, 314)
(228, 316)
(228, 268)
(228, 334)
(228, 338)
(228, 344)
(228, 355)
(228, 234)
(228, 238)
(228, 369)
(228, 243)
(228, 244)
(228, 373)
(228, 375)
(228, 376)
(228, 249)
(228, 251)
(228, 255)
(229, 258)
(229, 271)
(229, 285)
(229, 286)
(229, 291)
(229, 297)
(229, 307)
(229, 331)
(229, 235)
(229, 237)
(229, 366)
(229, 240)
(229, 371)
(229, 378)
(229, 381)
(230, 262)
(230, 273)
(230, 284)
(230, 296)
(230, 306)
(230, 309)
(230, 317)
(230, 335)
(230, 356)
(230, 361)
(230, 365)
(230, 248)
(230, 252)
(230, 253)
(231, 264)
(231, 266)
(231, 395)
(231, 272)
(231, 276)
(231, 294)
(231, 301)
(231, 374)
(231, 328)
(231, 340)
(231, 357)
(231, 233)
(231, 362)
(231, 239)
(231, 242)
(231, 246)
(232, 391)
(232, 392)
(232, 280)
(232, 292)
(232, 296)
(232, 341)
(232, 342)
(232, 346)
(232, 353)
(232, 358)
(232, 245)
(232, 252)
(233, 256)
(233, 385)
(233, 387)
(233, 260)
(233, 257)
(233, 264)
(233, 393)
(233, 266)
(233, 395)
(233, 276)
(233, 278)
(233, 290)
(233, 293)
(233, 299)
(233, 305)
(233, 246)
(233, 328)
(233, 340)
(233, 351)
(233, 363)
(233, 367)
(233, 374)
(233, 247)
(234, 259)
(234, 388)
(234, 390)
(234, 394)
(234, 396)
(234, 398)
(234, 399)
(234, 277)
(234, 287)
(234, 288)
(234, 289)
(234, 302)
(234, 304)
(234, 310)
(234, 314)
(234, 334)
(234, 338)
(234, 347)
(234, 238)
(234, 369)
(234, 243)
(234, 244)
(234, 373)
(234, 375)
(234, 249)
(234, 251)
(234, 255)
(235, 258)
(235, 262)
(235, 265)
(235, 397)
(235, 270)
(235, 271)
(235, 279)
(235, 285)
(235, 286)
(235, 291)
(235, 297)
(235, 323)
(235, 326)
(235, 331)
(235, 269)
(235, 337)
(235, 350)
(235, 237)
(235, 366)
(235, 240)
(235, 371)
(235, 378)
(235, 381)
(236, 384)
(236, 324)
(236, 348)
(236, 364)
(236, 250)
(237, 258)
(237, 397)
(237, 271)
(237, 279)
(237, 285)
(237, 286)
(237, 291)
(237, 297)
(237, 323)
(237, 331)
(237, 337)
(237, 366)
(237, 240)
(237, 371)
(237, 378)
(237, 381)
(238, 259)
(238, 388)
(238, 261)
(238, 390)
(238, 391)
(238, 392)
(238, 396)
(238, 399)
(238, 277)
(238, 292)
(238, 304)
(238, 310)
(238, 313)
(238, 314)
(238, 334)
(238, 249)
(238, 346)
(238, 365)
(238, 369)
(238, 243)
(238, 244)
(238, 377)
(238, 251)
(238, 252)
(238, 253)
(238, 255)
(239, 264)
(239, 266)
(239, 395)
(239, 268)
(239, 272)
(239, 274)
(239, 294)
(239, 301)
(239, 315)
(239, 325)
(239, 327)
(239, 328)
(239, 333)
(239, 339)
(239, 340)
(239, 344)
(239, 355)
(239, 374)
(239, 362)
(239, 241)
(239, 242)
(239, 246)
(239, 382)
(240, 258)
(240, 307)
(240, 271)
(240, 285)
(240, 286)
(240, 291)
(240, 297)
(240, 331)
(240, 366)
(240, 371)
(240, 378)
(240, 381)
(241, 259)
(241, 388)
(241, 268)
(241, 398)
(241, 287)
(241, 289)
(241, 294)
(241, 301)
(241, 302)
(241, 314)
(241, 316)
(241, 327)
(241, 333)
(241, 254)
(241, 338)
(241, 344)
(241, 349)
(241, 355)
(241, 243)
(241, 373)
(241, 375)
(241, 376)
(241, 382)
(241, 255)
(242, 386)
(242, 265)
(242, 266)
(242, 395)
(242, 294)
(242, 301)
(242, 316)
(242, 321)
(242, 322)
(242, 328)
(242, 336)
(242, 340)
(242, 349)
(242, 357)
(242, 362)
(242, 374)
(243, 259)
(243, 388)
(243, 390)
(243, 392)
(243, 396)
(243, 399)
(243, 277)
(243, 287)
(243, 292)
(243, 302)
(243, 304)
(243, 310)
(243, 313)
(243, 314)
(243, 316)
(243, 334)
(243, 338)
(243, 249)
(243, 344)
(243, 369)
(243, 244)
(243, 373)
(243, 375)
(243, 376)
(243, 377)
(243, 251)
(243, 255)
(244, 259)
(244, 388)
(244, 390)
(244, 392)
(244, 394)
(244, 396)
(244, 399)
(244, 277)
(244, 287)
(244, 292)
(244, 302)
(244, 304)
(244, 310)
(244, 313)
(244, 314)
(244, 334)
(244, 338)
(244, 249)
(244, 369)
(244, 375)
(244, 377)
(244, 251)
(244, 255)
(245, 280)
(245, 313)
(245, 320)
(245, 341)
(245, 342)
(245, 346)
(245, 353)
(245, 358)
(245, 377)
(246, 385)
(246, 263)
(246, 264)
(246, 266)
(246, 395)
(246, 272)
(246, 274)
(246, 276)
(246, 283)
(246, 290)
(246, 305)
(246, 315)
(246, 325)
(246, 328)
(246, 330)
(246, 339)
(246, 340)
(246, 345)
(246, 367)
(246, 374)
(246, 247)
(246, 382)
(247, 256)
(247, 385)
(247, 387)
(247, 260)
(247, 263)
(247, 264)
(247, 275)
(247, 276)
(247, 278)
(247, 282)
(247, 283)
(247, 290)
(247, 295)
(247, 257)
(247, 303)
(247, 305)
(247, 312)
(247, 330)
(247, 345)
(247, 351)
(247, 352)
(247, 359)
(247, 367)
(247, 383)
(248, 262)
(248, 397)
(248, 273)
(248, 279)
(248, 284)
(248, 306)
(248, 309)
(248, 317)
(248, 323)
(248, 337)
(248, 350)
(248, 356)
(249, 259)
(249, 388)
(249, 390)
(249, 391)
(249, 392)
(249, 396)
(249, 399)
(249, 277)
(249, 287)
(249, 292)
(249, 304)
(249, 310)
(249, 313)
(249, 314)
(249, 334)
(249, 369)
(249, 377)
(249, 251)
(249, 255)
(250, 384)
(250, 389)
(250, 308)
(250, 324)
(250, 348)
(250, 370)
(250, 254)
(251, 390)
(251, 394)
(251, 399)
(251, 277)
(251, 304)
(251, 313)
(251, 369)
(251, 377)
(252, 261)
(252, 391)
(252, 392)
(252, 396)
(252, 273)
(252, 284)
(252, 292)
(252, 296)
(252, 306)
(252, 309)
(252, 317)
(252, 322)
(252, 335)
(252, 356)
(252, 361)
(252, 365)
(252, 253)
(253, 259)
(253, 261)
(253, 391)
(253, 392)
(253, 396)
(253, 273)
(253, 284)
(253, 292)
(253, 296)
(253, 306)
(253, 309)
(253, 310)
(253, 317)
(253, 322)
(253, 334)
(253, 335)
(253, 356)
(253, 361)
(253, 365)
(254, 384)
(254, 389)
(254, 398)
(254, 287)
(254, 288)
(254, 289)
(254, 302)
(254, 308)
(254, 327)
(254, 333)
(254, 338)
(254, 339)
(254, 347)
(254, 355)
(254, 370)
(254, 373)
(254, 382)
(255, 259)
(255, 388)
(255, 390)
(255, 392)
(255, 396)
(255, 399)
(255, 277)
(255, 287)
(255, 292)
(255, 302)
(255, 304)
(255, 310)
(255, 313)
(255, 314)
(255, 316)
(255, 334)
(255, 338)
(255, 344)
(255, 369)
(255, 373)
(255, 375)
(255, 376)
(255, 377)
(256, 385)
(256, 387)
(256, 260)
(256, 257)
(256, 264)
(256, 393)
(256, 266)
(256, 395)
(256, 276)
(256, 278)
(256, 290)
(256, 293)
(256, 299)
(256, 300)
(256, 340)
(256, 351)
(256, 363)
(256, 367)
(256, 383)
(257, 385)
(257, 387)
(257, 260)
(257, 264)
(257, 393)
(257, 266)
(257, 395)
(257, 276)
(257, 278)
(257, 290)
(257, 293)
(257, 299)
(257, 300)
(257, 305)
(257, 340)
(257, 351)
(257, 363)
(257, 367)
(257, 383)
(258, 262)
(258, 265)
(258, 397)
(258, 270)
(258, 271)
(258, 279)
(258, 285)
(258, 286)
(258, 291)
(258, 297)
(258, 307)
(258, 323)
(258, 326)
(258, 331)
(258, 269)
(258, 337)
(258, 350)
(258, 366)
(258, 368)
(258, 371)
(258, 378)
(258, 381)
(259, 388)
(259, 261)
(259, 390)
(259, 392)
(259, 396)
(259, 277)
(259, 292)
(259, 294)
(259, 302)
(259, 304)
(259, 310)
(259, 314)
(259, 316)
(259, 322)
(259, 334)
(259, 338)
(259, 344)
(259, 349)
(259, 361)
(259, 369)
(259, 373)
(259, 375)
(259, 376)
(259, 377)
(260, 385)
(260, 387)
(260, 275)
(260, 278)
(260, 281)
(260, 282)
(260, 283)
(260, 290)
(260, 295)
(260, 305)
(260, 343)
(260, 345)
(260, 351)
(260, 352)
(260, 354)
(260, 359)
(260, 367)
(260, 383)
(261, 391)
(261, 392)
(261, 396)
(261, 273)
(261, 292)
(261, 296)
(261, 306)
(261, 309)
(261, 310)
(261, 314)
(261, 322)
(261, 334)
(261, 335)
(261, 349)
(261, 356)
(261, 361)
(261, 365)
(262, 269)
(262, 270)
(262, 273)
(262, 279)
(262, 284)
(262, 285)
(262, 306)
(262, 309)
(262, 317)
(262, 323)
(262, 326)
(262, 397)
(262, 337)
(262, 335)
(262, 350)
(262, 356)
(262, 371)
(263, 385)
(263, 267)
(263, 283)
(263, 290)
(263, 303)
(263, 305)
(263, 312)
(263, 319)
(263, 330)
(263, 345)
(263, 352)
(263, 359)
(263, 367)
(263, 380)
(263, 383)
(264, 385)
(264, 387)
(264, 266)
(264, 395)
(264, 272)
(264, 274)
(264, 276)
(264, 278)
(264, 290)
(264, 305)
(264, 328)
(264, 330)
(264, 340)
(264, 357)
(264, 367)
(264, 374)
(265, 386)
(265, 269)
(265, 270)
(265, 321)
(265, 326)
(265, 331)
(265, 336)
(265, 350)
(265, 357)
(265, 368)
(266, 386)
(266, 363)
(266, 395)
(266, 272)
(266, 387)
(266, 276)
(266, 299)
(266, 328)
(266, 340)
(266, 357)
(266, 374)
(267, 274)
(267, 283)
(267, 315)
(267, 319)
(267, 324)
(267, 325)
(267, 330)
(267, 339)
(267, 345)
(267, 364)
(267, 380)
(268, 388)
(268, 289)
(268, 294)
(268, 301)
(268, 302)
(268, 314)
(268, 316)
(268, 327)
(268, 333)
(268, 338)
(268, 339)
(268, 344)
(268, 349)
(268, 355)
(268, 362)
(268, 373)
(268, 375)
(268, 376)
(268, 382)
(269, 386)
(269, 397)
(269, 279)
(269, 285)
(269, 291)
(269, 297)
(269, 321)
(269, 323)
(269, 326)
(269, 331)
(269, 336)
(269, 337)
(269, 270)
(269, 350)
(269, 368)
(269, 371)
(269, 381)
(270, 397)
(270, 273)
(270, 279)
(270, 306)
(270, 309)
(270, 321)
(270, 322)
(270, 323)
(270, 326)
(270, 335)
(270, 336)
(270, 337)
(270, 350)
(270, 361)
(271, 285)
(271, 286)
(271, 291)
(271, 297)
(271, 307)
(271, 331)
(271, 366)
(271, 371)
(271, 378)
(271, 381)
(272, 385)
(272, 395)
(272, 274)
(272, 283)
(272, 305)
(272, 315)
(272, 325)
(272, 328)
(272, 330)
(272, 339)
(272, 340)
(272, 367)
(272, 374)
(272, 382)
(273, 279)
(273, 284)
(273, 296)
(273, 306)
(273, 309)
(273, 317)
(273, 322)
(273, 323)
(273, 335)
(273, 337)
(273, 350)
(273, 356)
(273, 361)
(273, 365)
(274, 384)
(274, 301)
(274, 315)
(274, 325)
(274, 327)
(274, 330)
(274, 333)
(274, 339)
(274, 340)
(274, 355)
(274, 380)
(274, 382)
(275, 278)
(275, 281)
(275, 282)
(275, 290)
(275, 295)
(275, 298)
(275, 300)
(275, 343)
(275, 351)
(275, 352)
(275, 354)
(275, 359)
(275, 383)
(276, 385)
(276, 386)
(276, 387)
(276, 393)
(276, 395)
(276, 278)
(276, 293)
(276, 299)
(276, 305)
(276, 328)
(276, 340)
(276, 351)
(276, 357)
(276, 363)
(276, 367)
(276, 374)
(277, 388)
(277, 390)
(277, 392)
(277, 394)
(277, 396)
(277, 399)
(277, 287)
(277, 289)
(277, 292)
(277, 302)
(277, 304)
(277, 310)
(277, 313)
(277, 314)
(277, 334)
(277, 338)
(277, 369)
(277, 373)
(277, 375)
(277, 377)
(278, 385)
(278, 387)
(278, 393)
(278, 395)
(278, 281)
(278, 282)
(278, 283)
(278, 290)
(278, 293)
(278, 295)
(278, 300)
(278, 305)
(278, 351)
(278, 352)
(278, 354)
(278, 359)
(278, 367)
(278, 383)
(279, 397)
(279, 284)
(279, 285)
(279, 291)
(279, 306)
(279, 309)
(279, 317)
(279, 323)
(279, 326)
(279, 337)
(279, 350)
(279, 371)
(279, 381)
(280, 391)
(280, 392)
(280, 292)
(280, 320)
(280, 341)
(280, 342)
(280, 313)
(280, 346)
(280, 353)
(280, 358)
(280, 377)
(281, 282)
(281, 295)
(281, 298)
(281, 300)
(281, 332)
(281, 343)
(281, 351)
(281, 354)
(281, 383)
(282, 385)
(282, 290)
(282, 295)
(282, 303)
(282, 312)
(282, 343)
(282, 352)
(282, 354)
(282, 359)
(282, 367)
(282, 383)
(283, 385)
(283, 290)
(283, 303)
(283, 305)
(283, 312)
(283, 319)
(283, 330)
(283, 345)
(283, 352)
(283, 359)
(283, 367)
(283, 380)
(283, 383)
(284, 296)
(284, 306)
(284, 309)
(284, 317)
(284, 323)
(284, 335)
(284, 337)
(284, 350)
(284, 356)
(284, 365)
(285, 397)
(285, 286)
(285, 291)
(285, 307)
(285, 323)
(285, 326)
(285, 331)
(285, 337)
(285, 350)
(285, 366)
(285, 371)
(285, 297)
(285, 378)
(285, 381)
(286, 397)
(286, 291)
(286, 307)
(286, 331)
(286, 366)
(286, 371)
(286, 297)
(286, 378)
(286, 381)
(287, 388)
(287, 394)
(287, 398)
(287, 399)
(287, 288)
(287, 289)
(287, 302)
(287, 304)
(287, 308)
(287, 310)
(287, 314)
(287, 338)
(287, 344)
(287, 347)
(287, 369)
(287, 370)
(287, 373)
(287, 375)
(288, 384)
(288, 389)
(288, 394)
(288, 398)
(288, 289)
(288, 308)
(288, 333)
(288, 338)
(288, 347)
(288, 370)
(288, 373)
(289, 384)
(289, 389)
(289, 394)
(289, 398)
(289, 302)
(289, 308)
(289, 327)
(289, 333)
(289, 338)
(289, 344)
(289, 347)
(289, 355)
(289, 370)
(289, 373)
(289, 375)
(290, 385)
(290, 387)
(290, 295)
(290, 303)
(290, 305)
(290, 312)
(290, 330)
(290, 345)
(290, 352)
(290, 359)
(290, 367)
(290, 383)
(291, 307)
(291, 397)
(291, 323)
(291, 326)
(291, 331)
(291, 337)
(291, 350)
(291, 366)
(291, 371)
(291, 297)
(291, 378)
(291, 381)
(292, 388)
(292, 390)
(292, 391)
(292, 392)
(292, 396)
(292, 296)
(292, 304)
(292, 310)
(292, 313)
(292, 314)
(292, 334)
(292, 346)
(292, 353)
(292, 356)
(292, 361)
(292, 365)
(292, 369)
(292, 377)
(293, 387)
(293, 393)
(293, 299)
(293, 300)
(293, 332)
(293, 351)
(293, 360)
(293, 363)
(293, 372)
(293, 318)
(294, 388)
(294, 301)
(294, 302)
(294, 314)
(294, 316)
(294, 322)
(294, 327)
(294, 333)
(294, 344)
(294, 349)
(294, 355)
(294, 362)
(294, 373)
(294, 375)
(294, 376)
(295, 298)
(295, 343)
(295, 352)
(295, 354)
(295, 359)
(295, 383)
(296, 391)
(296, 392)
(296, 306)
(296, 309)
(296, 317)
(296, 335)
(296, 353)
(296, 356)
(296, 361)
(296, 365)
(297, 307)
(297, 326)
(297, 331)
(297, 366)
(297, 368)
(297, 371)
(297, 378)
(297, 381)
(298, 300)
(298, 332)
(298, 343)
(298, 354)
(299, 386)
(299, 393)
(299, 311)
(299, 351)
(299, 360)
(299, 363)
(299, 368)
(299, 372)
(299, 318)
(299, 379)
(300, 387)
(300, 393)
(300, 318)
(300, 332)
(300, 351)
(300, 354)
(300, 360)
(301, 302)
(301, 314)
(301, 316)
(301, 327)
(301, 333)
(301, 344)
(301, 349)
(301, 355)
(301, 362)
(301, 339)
(301, 373)
(301, 375)
(301, 376)
(301, 382)
(302, 388)
(302, 396)
(302, 398)
(302, 304)
(302, 310)
(302, 314)
(302, 316)
(302, 327)
(302, 333)
(302, 334)
(302, 338)
(302, 344)
(302, 349)
(302, 355)
(302, 373)
(302, 375)
(302, 376)
(303, 385)
(303, 305)
(303, 312)
(303, 319)
(303, 330)
(303, 345)
(303, 352)
(303, 359)
(303, 367)
(303, 383)
(304, 388)
(304, 390)
(304, 392)
(304, 394)
(304, 396)
(304, 399)
(304, 310)
(304, 313)
(304, 314)
(304, 334)
(304, 338)
(304, 344)
(304, 369)
(304, 373)
(304, 375)
(304, 377)
(305, 385)
(305, 387)
(305, 395)
(305, 312)
(305, 330)
(305, 340)
(305, 345)
(305, 352)
(305, 359)
(305, 367)
(305, 383)
(306, 397)
(306, 309)
(306, 317)
(306, 323)
(306, 337)
(306, 335)
(306, 350)
(306, 356)
(306, 361)
(306, 365)
(307, 331)
(307, 366)
(307, 378)
(307, 381)
(308, 389)
(308, 394)
(308, 398)
(308, 347)
(308, 370)
(309, 397)
(309, 317)
(309, 323)
(309, 337)
(309, 335)
(309, 350)
(309, 356)
(309, 361)
(309, 365)
(310, 388)
(310, 390)
(310, 391)
(310, 392)
(310, 396)
(310, 399)
(310, 313)
(310, 314)
(310, 334)
(310, 338)
(310, 369)
(310, 375)
(310, 376)
(310, 377)
(311, 329)
(311, 360)
(311, 363)
(311, 368)
(311, 372)
(311, 379)
(312, 385)
(312, 319)
(312, 330)
(312, 345)
(312, 352)
(312, 359)
(312, 367)
(312, 380)
(313, 390)
(313, 391)
(313, 392)
(313, 396)
(313, 399)
(313, 342)
(313, 346)
(313, 369)
(313, 377)
(314, 388)
(314, 390)
(314, 392)
(314, 396)
(314, 316)
(314, 322)
(314, 334)
(314, 338)
(314, 344)
(314, 349)
(314, 355)
(314, 369)
(314, 373)
(314, 375)
(314, 376)
(315, 384)
(315, 319)
(315, 325)
(315, 327)
(315, 330)
(315, 333)
(315, 339)
(315, 380)
(315, 382)
(316, 388)
(316, 322)
(316, 334)
(316, 344)
(316, 349)
(316, 355)
(316, 362)
(316, 373)
(316, 375)
(316, 376)
(317, 323)
(317, 335)
(317, 337)
(317, 350)
(317, 356)
(317, 361)
(317, 365)
(318, 393)
(318, 332)
(318, 351)
(318, 360)
(318, 363)
(318, 372)
(318, 379)
(319, 324)
(319, 325)
(319, 330)
(319, 345)
(319, 364)
(319, 380)
(320, 353)
(320, 358)
(320, 341)
(320, 342)
(320, 346)
(321, 386)
(321, 368)
(321, 326)
(321, 336)
(321, 357)
(321, 362)
(322, 396)
(322, 334)
(322, 335)
(322, 344)
(322, 349)
(322, 336)
(322, 356)
(322, 361)
(322, 362)
(322, 365)
(322, 376)
(323, 397)
(323, 326)
(323, 331)
(323, 337)
(323, 350)
(323, 371)
(323, 381)
(324, 384)
(324, 325)
(324, 364)
(324, 380)
(325, 384)
(325, 327)
(325, 330)
(325, 333)
(325, 339)
(325, 380)
(325, 382)
(326, 397)
(326, 331)
(326, 336)
(326, 337)
(326, 350)
(326, 368)
(326, 371)
(326, 381)
(327, 384)
(327, 398)
(327, 333)
(327, 338)
(327, 344)
(327, 355)
(327, 339)
(327, 373)
(327, 375)
(327, 382)
(328, 386)
(328, 395)
(328, 340)
(328, 357)
(328, 362)
(328, 374)
(329, 378)
(329, 368)
(329, 372)
(329, 379)
(330, 385)
(330, 339)
(330, 345)
(330, 359)
(330, 367)
(330, 380)
(331, 397)
(331, 366)
(331, 368)
(331, 371)
(331, 378)
(331, 381)
(332, 393)
(332, 351)
(332, 354)
(332, 360)
(333, 384)
(333, 398)
(333, 338)
(333, 344)
(333, 355)
(333, 339)
(333, 373)
(333, 375)
(333, 376)
(333, 382)
(334, 388)
(334, 390)
(334, 391)
(334, 392)
(334, 396)
(334, 338)
(334, 344)
(334, 349)
(334, 361)
(334, 365)
(334, 369)
(334, 375)
(334, 376)
(334, 377)
(335, 350)
(335, 356)
(335, 361)
(335, 365)
(336, 386)
(336, 368)
(336, 349)
(336, 357)
(336, 362)
(337, 397)
(337, 350)
(337, 371)
(337, 381)
(338, 388)
(338, 394)
(338, 398)
(338, 399)
(338, 344)
(338, 347)
(338, 355)
(338, 369)
(338, 370)
(338, 373)
(338, 375)
(338, 376)
(339, 384)
(339, 355)
(339, 382)
(340, 385)
(340, 387)
(340, 395)
(340, 357)
(340, 367)
(340, 374)
(341, 353)
(341, 358)
(341, 342)
(341, 346)
(342, 391)
(342, 392)
(342, 346)
(342, 353)
(342, 358)
(342, 377)
(343, 352)
(343, 354)
(343, 383)
(344, 388)
(344, 349)
(344, 355)
(344, 362)
(344, 373)
(344, 375)
(344, 376)
(345, 385)
(345, 352)
(345, 359)
(345, 367)
(345, 380)
(345, 383)
(346, 390)
(346, 391)
(346, 392)
(346, 353)
(346, 358)
(346, 377)
(347, 389)
(347, 394)
(347, 398)
(347, 370)
(348, 389)
(349, 388)
(349, 355)
(349, 361)
(349, 362)
(349, 373)
(349, 375)
(349, 376)
(350, 397)
(350, 371)
(350, 381)
(351, 387)
(351, 393)
(351, 354)
(351, 363)
(351, 383)
(352, 385)
(352, 359)
(352, 367)
(352, 383)
(353, 391)
(353, 392)
(353, 358)
(354, 383)
(355, 384)
(355, 388)
(355, 362)
(355, 373)
(355, 375)
(355, 376)
(355, 382)
(356, 391)
(356, 361)
(356, 365)
(357, 395)
(357, 386)
(357, 362)
(357, 374)
(358, 391)
(358, 392)
(358, 377)
(359, 385)
(359, 367)
(359, 383)
(360, 393)
(360, 363)
(360, 372)
(360, 379)
(361, 392)
(361, 396)
(361, 391)
(361, 365)
(362, 374)
(362, 376)
(363, 386)
(363, 393)
(363, 368)
(363, 372)
(363, 379)
(364, 380)
(365, 391)
(365, 392)
(365, 396)
(366, 371)
(366, 378)
(366, 381)
(367, 385)
(367, 387)
(367, 395)
(367, 383)
(368, 386)
(369, 388)
(369, 390)
(369, 392)
(369, 394)
(369, 396)
(369, 399)
(369, 377)
(370, 389)
(370, 394)
(370, 398)
(371, 397)
(371, 378)
(371, 381)
(372, 386)
(372, 393)
(372, 379)
(373, 384)
(373, 388)
(373, 398)
(373, 375)
(373, 376)
(373, 382)
(374, 395)
(375, 388)
(375, 398)
(375, 376)
(376, 388)
(376, 396)
(377, 388)
(377, 390)
(377, 391)
(377, 392)
(377, 396)
(377, 399)
(378, 381)
(381, 397)
(382, 384)
(383, 385)
(383, 387)
(384, 398)
(385, 387)
(385, 395)
(387, 393)
(387, 395)
(388, 390)
(388, 392)
(388, 396)
(388, 399)
(389, 398)
(390, 392)
(390, 396)
(390, 399)
(390, 391)
(391, 392)
(391, 396)
(392, 396)
(394, 398)
(394, 399)
(396, 399)
