#Nodes
0
1
2
3
4
5
6
7
8
9
10
11
12
13
14
15
16
17
18
19
20
21
22
23
24
25
26
27
28
29
30
31
32
33
34
35
36
37
38
39
40
41
42
43
44
45
46
47
48
49
50
51
52
53
54
55
56
57
58
59
60
61
62
63
64
65
66
67
68
69
70
71
72
73
74
75
76
77
78
79
80
81
82
83
84
85
86
87
88
89
90
91
92
93
94
95
96
97
98
99
100
101
102
103
104
105
106
107
108
109
110
111
112
113
114
115
116
117
118
119
120
121
122
123
124
125
126
127
128
129
130
131
132
133
134
135
136
137
138
139
140
141
142
143
144
145
146
147
148
149
150
151
152
153
154
155
156
157
158
159
160
161
162
163
164
165
166
167
168
169
170
171
172
173
174
175
176
177
178
179
180
181
182
183
184
185
186
187
188
189
190
191
192
193
194
195
196
197
198
199
200
201
202
203
204
205
206
207
208
209
210
211
212
213
214
215
216
217
218
219
220
221
222
223
224
225
226
227
228
229
230
231
232
233
234
235
236
237
238
239
240
241
242
243
244
245
246
247
248
249
250
251
252
253
254
255
256
257
258
259
260
261
262
263
264
265
266
267
268
269
270
271
272
273
274
275
276
277
278
279
280
281
282
283
284
285
286
287
288
289
290
291
292
293
294
295
296
297
298
299
300
301
302
303
304
305
306
307
308
309
310
311
312
313
314
315
316
317
318
319
320
321
322
323
324
325
326
327
328
329
330
331
332
333
334
335
336
337
338
339
340
341
342
343
344
345
346
347
348
349
350
351
352
353
354
355
356
357
358
359
360
361
362
363
364
365
366
367
368
369
370
371
372
373
374
375
376
377
378
379
380
381
382
383
384
385
386
387
388
389
390
391
392
393
394
395
396
397
398
399
#Edges
(0, 384)
(0, 385)
(0, 2)
(0, 388)
(0, 134)
(0, 263)
(0, 392)
(0, 128)
(0, 268)
(0, 269)
(0, 270)
(0, 271)
(0, 16)
(0, 273)
(0, 18)
(0, 147)
(0, 260)
(0, 156)
(0, 288)
(0, 292)
(0, 257)
(0, 173)
(0, 175)
(0, 308)
(0, 181)
(0, 310)
(0, 55)
(0, 312)
(0, 57)
(0, 58)
(0, 192)
(0, 96)
(0, 322)
(0, 323)
(0, 66)
(0, 69)
(0, 198)
(0, 328)
(0, 73)
(0, 74)
(0, 203)
(0, 204)
(0, 205)
(0, 209)
(0, 83)
(0, 214)
(0, 164)
(0, 91)
(0, 221)
(0, 222)
(0, 224)
(0, 357)
(0, 17)
(0, 104)
(0, 105)
(0, 367)
(0, 368)
(0, 116)
(0, 375)
(0, 379)
(0, 253)
(1, 256)
(1, 4)
(1, 393)
(1, 237)
(1, 146)
(1, 276)
(1, 280)
(1, 25)
(1, 282)
(1, 283)
(1, 29)
(1, 30)
(1, 287)
(1, 297)
(1, 78)
(1, 46)
(1, 176)
(1, 305)
(1, 307)
(1, 180)
(1, 311)
(1, 60)
(1, 202)
(1, 62)
(1, 191)
(1, 321)
(1, 325)
(1, 199)
(1, 201)
(1, 330)
(1, 331)
(1, 332)
(1, 77)
(1, 334)
(1, 335)
(1, 81)
(1, 213)
(1, 217)
(1, 219)
(1, 93)
(1, 351)
(1, 358)
(1, 233)
(1, 364)
(1, 365)
(1, 366)
(1, 112)
(1, 371)
(1, 118)
(1, 248)
(1, 148)
(1, 250)
(1, 123)
(1, 183)
(2, 128)
(2, 385)
(2, 260)
(2, 134)
(2, 263)
(2, 392)
(2, 66)
(2, 270)
(2, 16)
(2, 273)
(2, 18)
(2, 19)
(2, 20)
(2, 284)
(2, 288)
(2, 290)
(2, 163)
(2, 292)
(2, 165)
(2, 38)
(2, 167)
(2, 257)
(2, 175)
(2, 310)
(2, 55)
(2, 322)
(2, 323)
(2, 69)
(2, 198)
(2, 74)
(2, 206)
(2, 338)
(2, 85)
(2, 88)
(2, 345)
(2, 218)
(2, 348)
(2, 221)
(2, 222)
(2, 353)
(2, 226)
(2, 104)
(2, 361)
(2, 367)
(2, 369)
(2, 242)
(2, 373)
(2, 105)
(2, 253)
(2, 126)
(3, 195)
(3, 100)
(3, 246)
(3, 102)
(3, 137)
(3, 362)
(3, 111)
(3, 285)
(3, 240)
(3, 37)
(3, 341)
(3, 374)
(3, 170)
(3, 153)
(3, 378)
(3, 187)
(3, 124)
(3, 346)
(3, 382)
(3, 53)
(4, 256)
(4, 393)
(4, 237)
(4, 148)
(4, 21)
(4, 157)
(4, 30)
(4, 287)
(4, 176)
(4, 180)
(4, 311)
(4, 191)
(4, 321)
(4, 325)
(4, 201)
(4, 331)
(4, 332)
(4, 334)
(4, 335)
(4, 213)
(4, 217)
(4, 351)
(4, 9)
(4, 358)
(4, 364)
(4, 365)
(4, 366)
(4, 112)
(4, 371)
(4, 250)
(4, 123)
(4, 183)
(5, 385)
(5, 387)
(5, 51)
(5, 136)
(5, 397)
(5, 398)
(5, 173)
(5, 150)
(5, 286)
(5, 161)
(5, 290)
(5, 291)
(5, 294)
(5, 300)
(5, 301)
(5, 302)
(5, 48)
(5, 306)
(5, 179)
(5, 308)
(5, 309)
(5, 57)
(5, 318)
(5, 71)
(5, 328)
(5, 329)
(5, 75)
(5, 98)
(5, 207)
(5, 209)
(5, 84)
(5, 347)
(5, 222)
(5, 354)
(5, 227)
(5, 15)
(5, 360)
(5, 361)
(5, 367)
(5, 242)
(5, 116)
(5, 245)
(5, 379)
(5, 126)
(6, 256)
(6, 387)
(6, 389)
(6, 262)
(6, 136)
(6, 393)
(6, 394)
(6, 267)
(6, 140)
(6, 77)
(6, 399)
(6, 144)
(6, 274)
(6, 148)
(6, 21)
(6, 89)
(6, 280)
(6, 25)
(6, 157)
(6, 158)
(6, 261)
(6, 160)
(6, 291)
(6, 45)
(6, 50)
(6, 179)
(6, 180)
(6, 138)
(6, 185)
(6, 188)
(6, 317)
(6, 318)
(6, 191)
(6, 326)
(6, 329)
(6, 75)
(6, 332)
(6, 98)
(6, 207)
(6, 248)
(6, 84)
(6, 213)
(6, 86)
(6, 217)
(6, 90)
(6, 79)
(6, 92)
(6, 354)
(6, 227)
(6, 358)
(6, 107)
(6, 364)
(6, 366)
(6, 112)
(6, 245)
(6, 118)
(6, 247)
(6, 376)
(6, 63)
(6, 381)
(7, 261)
(7, 81)
(7, 10)
(7, 11)
(7, 12)
(7, 60)
(7, 278)
(7, 152)
(7, 282)
(7, 283)
(7, 158)
(7, 166)
(7, 46)
(7, 303)
(7, 176)
(7, 305)
(7, 307)
(7, 316)
(7, 202)
(7, 62)
(7, 199)
(7, 201)
(7, 330)
(7, 77)
(7, 78)
(7, 337)
(7, 340)
(7, 216)
(7, 219)
(7, 220)
(7, 93)
(7, 223)
(7, 225)
(7, 97)
(7, 233)
(7, 106)
(7, 235)
(7, 364)
(7, 239)
(7, 112)
(7, 115)
(7, 119)
(7, 248)
(7, 380)
(8, 386)
(8, 363)
(8, 132)
(8, 10)
(8, 238)
(8, 151)
(8, 154)
(8, 28)
(8, 289)
(8, 41)
(8, 171)
(8, 47)
(8, 49)
(8, 178)
(8, 54)
(8, 249)
(8, 61)
(8, 190)
(8, 196)
(8, 72)
(8, 76)
(8, 80)
(8, 82)
(8, 343)
(8, 349)
(8, 94)
(8, 228)
(8, 103)
(8, 235)
(8, 109)
(8, 110)
(8, 121)
(8, 149)
(9, 256)
(9, 64)
(9, 133)
(9, 262)
(9, 393)
(9, 267)
(9, 144)
(9, 148)
(9, 21)
(9, 27)
(9, 157)
(9, 287)
(9, 50)
(9, 188)
(9, 191)
(9, 320)
(9, 321)
(9, 324)
(9, 326)
(9, 332)
(9, 335)
(9, 213)
(9, 122)
(9, 351)
(9, 358)
(9, 107)
(9, 366)
(9, 376)
(9, 250)
(9, 125)
(9, 255)
(10, 11)
(10, 12)
(10, 149)
(10, 278)
(10, 151)
(10, 152)
(10, 154)
(10, 47)
(10, 289)
(10, 166)
(10, 295)
(10, 41)
(10, 303)
(10, 49)
(10, 316)
(10, 196)
(10, 337)
(10, 82)
(10, 340)
(10, 249)
(10, 225)
(10, 228)
(10, 106)
(10, 235)
(10, 109)
(10, 238)
(10, 239)
(10, 115)
(10, 119)
(10, 121)
(10, 380)
(11, 261)
(11, 136)
(11, 140)
(11, 278)
(11, 151)
(11, 152)
(11, 282)
(11, 283)
(11, 154)
(11, 158)
(11, 160)
(11, 289)
(11, 35)
(11, 166)
(11, 295)
(11, 46)
(11, 303)
(11, 177)
(11, 316)
(11, 202)
(11, 62)
(11, 196)
(11, 197)
(11, 161)
(11, 12)
(11, 330)
(11, 77)
(11, 337)
(11, 340)
(11, 216)
(11, 219)
(11, 220)
(11, 225)
(11, 98)
(11, 60)
(11, 106)
(11, 235)
(11, 109)
(11, 239)
(11, 115)
(11, 119)
(11, 248)
(11, 121)
(11, 380)
(12, 81)
(12, 60)
(12, 278)
(12, 152)
(12, 282)
(12, 283)
(12, 166)
(12, 297)
(12, 46)
(12, 303)
(12, 176)
(12, 305)
(12, 307)
(12, 316)
(12, 202)
(12, 62)
(12, 199)
(12, 330)
(12, 77)
(12, 78)
(12, 337)
(12, 340)
(12, 216)
(12, 219)
(12, 93)
(12, 223)
(12, 225)
(12, 97)
(12, 233)
(12, 235)
(12, 239)
(12, 119)
(12, 380)
(13, 96)
(13, 129)
(13, 259)
(13, 230)
(13, 265)
(13, 234)
(13, 108)
(13, 174)
(13, 44)
(13, 83)
(13, 244)
(13, 14)
(13, 182)
(13, 281)
(13, 186)
(13, 189)
(14, 129)
(14, 259)
(14, 388)
(14, 265)
(14, 395)
(14, 268)
(14, 269)
(14, 277)
(14, 281)
(14, 156)
(14, 44)
(14, 174)
(14, 52)
(14, 182)
(14, 186)
(14, 189)
(14, 205)
(14, 83)
(14, 214)
(14, 314)
(14, 96)
(14, 230)
(14, 359)
(14, 234)
(14, 108)
(14, 244)
(14, 375)
(15, 385)
(15, 398)
(15, 239)
(15, 28)
(15, 286)
(15, 289)
(15, 290)
(15, 163)
(15, 294)
(15, 295)
(15, 220)
(15, 71)
(15, 300)
(15, 301)
(15, 177)
(15, 306)
(15, 179)
(15, 309)
(15, 196)
(15, 197)
(15, 161)
(15, 329)
(15, 35)
(15, 84)
(15, 347)
(15, 348)
(15, 222)
(15, 98)
(15, 227)
(15, 158)
(15, 101)
(15, 361)
(15, 106)
(15, 167)
(15, 109)
(15, 367)
(15, 369)
(15, 242)
(15, 115)
(15, 372)
(15, 245)
(15, 126)
(16, 384)
(16, 385)
(16, 260)
(16, 134)
(16, 263)
(16, 392)
(16, 128)
(16, 268)
(16, 66)
(16, 270)
(16, 273)
(16, 18)
(16, 147)
(16, 20)
(16, 156)
(16, 288)
(16, 292)
(16, 165)
(16, 38)
(16, 257)
(16, 175)
(16, 310)
(16, 55)
(16, 88)
(16, 58)
(16, 315)
(16, 192)
(16, 322)
(16, 323)
(16, 69)
(16, 198)
(16, 74)
(16, 203)
(16, 205)
(16, 206)
(16, 338)
(16, 83)
(16, 85)
(16, 344)
(16, 345)
(16, 218)
(16, 221)
(16, 350)
(16, 226)
(16, 17)
(16, 104)
(16, 105)
(16, 368)
(16, 369)
(16, 19)
(16, 253)
(17, 384)
(17, 257)
(17, 388)
(17, 263)
(17, 128)
(17, 268)
(17, 66)
(17, 270)
(17, 273)
(17, 18)
(17, 260)
(17, 156)
(17, 288)
(17, 58)
(17, 292)
(17, 165)
(17, 38)
(17, 129)
(17, 174)
(17, 175)
(17, 186)
(17, 315)
(17, 192)
(17, 322)
(17, 323)
(17, 69)
(17, 198)
(17, 74)
(17, 203)
(17, 205)
(17, 206)
(17, 338)
(17, 83)
(17, 344)
(17, 221)
(17, 350)
(17, 96)
(17, 226)
(17, 104)
(17, 253)
(18, 384)
(18, 385)
(18, 260)
(18, 134)
(18, 263)
(18, 392)
(18, 128)
(18, 268)
(18, 66)
(18, 270)
(18, 271)
(18, 273)
(18, 147)
(18, 20)
(18, 156)
(18, 288)
(18, 292)
(18, 165)
(18, 38)
(18, 167)
(18, 257)
(18, 175)
(18, 308)
(18, 310)
(18, 55)
(18, 88)
(18, 58)
(18, 315)
(18, 192)
(18, 322)
(18, 323)
(18, 69)
(18, 198)
(18, 328)
(18, 73)
(18, 74)
(18, 203)
(18, 205)
(18, 206)
(18, 209)
(18, 338)
(18, 85)
(18, 344)
(18, 345)
(18, 91)
(18, 221)
(18, 222)
(18, 224)
(18, 226)
(18, 104)
(18, 105)
(18, 367)
(18, 368)
(18, 369)
(18, 19)
(18, 116)
(18, 253)
(19, 128)
(19, 385)
(19, 260)
(19, 134)
(19, 257)
(19, 392)
(19, 270)
(19, 272)
(19, 273)
(19, 20)
(19, 26)
(19, 284)
(19, 288)
(19, 163)
(19, 292)
(19, 165)
(19, 38)
(19, 167)
(19, 175)
(19, 322)
(19, 323)
(19, 68)
(19, 198)
(19, 74)
(19, 206)
(19, 338)
(19, 85)
(19, 342)
(19, 88)
(19, 345)
(19, 218)
(19, 348)
(19, 221)
(19, 222)
(19, 353)
(19, 226)
(19, 104)
(19, 367)
(19, 369)
(19, 243)
(19, 373)
(19, 253)
(20, 257)
(20, 260)
(20, 134)
(20, 273)
(20, 279)
(20, 26)
(20, 284)
(20, 288)
(20, 292)
(20, 165)
(20, 38)
(20, 167)
(20, 58)
(20, 315)
(20, 36)
(20, 322)
(20, 323)
(20, 74)
(20, 206)
(20, 338)
(20, 85)
(20, 342)
(20, 88)
(20, 345)
(20, 218)
(20, 221)
(20, 353)
(20, 226)
(20, 99)
(20, 104)
(20, 369)
(20, 243)
(20, 373)
(20, 253)
(21, 256)
(21, 64)
(21, 389)
(21, 262)
(21, 393)
(21, 394)
(21, 267)
(21, 399)
(21, 144)
(21, 148)
(21, 280)
(21, 27)
(21, 157)
(21, 287)
(21, 133)
(21, 298)
(21, 45)
(21, 50)
(21, 180)
(21, 138)
(21, 185)
(21, 188)
(21, 317)
(21, 191)
(21, 320)
(21, 324)
(21, 326)
(21, 327)
(21, 332)
(21, 335)
(21, 212)
(21, 213)
(21, 86)
(21, 215)
(21, 217)
(21, 90)
(21, 79)
(21, 92)
(21, 122)
(21, 351)
(21, 356)
(21, 229)
(21, 358)
(21, 107)
(21, 366)
(21, 118)
(21, 376)
(21, 250)
(21, 252)
(21, 125)
(21, 255)
(22, 266)
(22, 139)
(22, 396)
(22, 23)
(22, 24)
(22, 159)
(22, 33)
(22, 162)
(22, 37)
(22, 113)
(22, 296)
(22, 169)
(22, 172)
(22, 114)
(22, 48)
(22, 51)
(22, 184)
(22, 313)
(22, 168)
(22, 319)
(22, 65)
(22, 67)
(22, 70)
(22, 200)
(22, 34)
(22, 336)
(22, 56)
(22, 210)
(22, 339)
(22, 87)
(22, 95)
(22, 59)
(22, 232)
(22, 236)
(22, 241)
(22, 370)
(22, 120)
(22, 127)
(23, 390)
(23, 139)
(23, 396)
(23, 269)
(23, 271)
(23, 145)
(23, 277)
(23, 150)
(23, 159)
(23, 164)
(23, 293)
(23, 113)
(23, 296)
(23, 42)
(23, 172)
(23, 173)
(23, 48)
(23, 51)
(23, 181)
(23, 40)
(23, 312)
(23, 57)
(23, 59)
(23, 232)
(23, 319)
(23, 224)
(23, 67)
(23, 200)
(23, 73)
(23, 204)
(23, 141)
(23, 56)
(23, 210)
(23, 214)
(23, 91)
(23, 95)
(23, 352)
(23, 355)
(23, 357)
(23, 231)
(23, 379)
(23, 236)
(23, 241)
(23, 120)
(23, 251)
(23, 127)
(24, 266)
(24, 141)
(24, 155)
(24, 31)
(24, 33)
(24, 162)
(24, 293)
(24, 241)
(24, 296)
(24, 169)
(24, 304)
(24, 56)
(24, 313)
(24, 168)
(24, 319)
(24, 67)
(24, 336)
(24, 210)
(24, 339)
(24, 87)
(24, 37)
(24, 95)
(24, 236)
(24, 113)
(24, 120)
(24, 378)
(24, 127)
(25, 256)
(25, 261)
(25, 262)
(25, 136)
(25, 393)
(25, 394)
(25, 140)
(25, 237)
(25, 144)
(25, 152)
(25, 148)
(25, 89)
(25, 280)
(25, 282)
(25, 283)
(25, 157)
(25, 158)
(25, 389)
(25, 160)
(25, 45)
(25, 46)
(25, 176)
(25, 305)
(25, 180)
(25, 138)
(25, 202)
(25, 185)
(25, 287)
(25, 317)
(25, 62)
(25, 191)
(25, 326)
(25, 199)
(25, 201)
(25, 330)
(25, 332)
(25, 77)
(25, 335)
(25, 248)
(25, 84)
(25, 213)
(25, 86)
(25, 217)
(25, 93)
(25, 98)
(25, 358)
(25, 81)
(25, 364)
(25, 365)
(25, 366)
(25, 112)
(25, 371)
(25, 118)
(25, 376)
(25, 250)
(25, 123)
(26, 391)
(26, 272)
(26, 279)
(26, 284)
(26, 36)
(26, 165)
(26, 299)
(26, 68)
(26, 275)
(26, 338)
(26, 85)
(26, 342)
(26, 88)
(26, 345)
(26, 218)
(26, 353)
(26, 226)
(26, 99)
(26, 243)
(26, 373)
(27, 64)
(27, 130)
(27, 133)
(27, 262)
(27, 264)
(27, 393)
(27, 394)
(27, 267)
(27, 144)
(27, 157)
(27, 298)
(27, 43)
(27, 50)
(27, 188)
(27, 317)
(27, 63)
(27, 320)
(27, 193)
(27, 324)
(27, 326)
(27, 327)
(27, 332)
(27, 333)
(27, 79)
(27, 212)
(27, 215)
(27, 90)
(27, 92)
(27, 122)
(27, 356)
(27, 229)
(27, 107)
(27, 376)
(27, 250)
(27, 252)
(27, 125)
(27, 255)
(28, 386)
(28, 171)
(28, 132)
(28, 398)
(28, 109)
(28, 272)
(28, 149)
(28, 151)
(28, 68)
(28, 284)
(28, 167)
(28, 289)
(28, 163)
(28, 295)
(28, 41)
(28, 299)
(28, 47)
(28, 178)
(28, 54)
(28, 121)
(28, 61)
(28, 196)
(28, 197)
(28, 71)
(28, 72)
(28, 76)
(28, 80)
(28, 82)
(28, 35)
(28, 343)
(28, 348)
(28, 349)
(28, 94)
(28, 353)
(28, 228)
(28, 101)
(28, 103)
(28, 106)
(28, 363)
(28, 110)
(28, 238)
(28, 242)
(28, 115)
(28, 372)
(28, 373)
(28, 249)
(28, 380)
(29, 311)
(29, 135)
(29, 142)
(29, 365)
(29, 146)
(29, 276)
(29, 283)
(29, 30)
(29, 32)
(29, 297)
(29, 176)
(29, 305)
(29, 307)
(29, 183)
(29, 62)
(29, 321)
(29, 325)
(29, 199)
(29, 201)
(29, 331)
(29, 334)
(29, 335)
(29, 81)
(29, 211)
(29, 78)
(29, 93)
(29, 223)
(29, 233)
(29, 237)
(29, 371)
(29, 123)
(30, 256)
(30, 142)
(30, 237)
(30, 146)
(30, 148)
(30, 287)
(30, 311)
(30, 321)
(30, 325)
(30, 201)
(30, 331)
(30, 334)
(30, 335)
(30, 213)
(30, 351)
(30, 358)
(30, 365)
(30, 371)
(30, 250)
(30, 123)
(30, 183)
(31, 95)
(31, 304)
(31, 67)
(31, 100)
(31, 293)
(31, 33)
(31, 296)
(31, 169)
(31, 266)
(31, 87)
(31, 336)
(31, 168)
(31, 339)
(31, 53)
(31, 137)
(31, 313)
(31, 378)
(31, 155)
(31, 37)
(31, 319)
(32, 135)
(32, 142)
(32, 146)
(32, 276)
(32, 283)
(32, 297)
(32, 176)
(32, 305)
(32, 307)
(32, 183)
(32, 62)
(32, 199)
(32, 201)
(32, 331)
(32, 334)
(32, 81)
(32, 211)
(32, 78)
(32, 216)
(32, 93)
(32, 223)
(32, 97)
(32, 233)
(32, 237)
(33, 137)
(33, 266)
(33, 155)
(33, 162)
(33, 37)
(33, 241)
(33, 296)
(33, 169)
(33, 170)
(33, 304)
(33, 53)
(33, 313)
(33, 168)
(33, 319)
(33, 67)
(33, 336)
(33, 210)
(33, 339)
(33, 87)
(33, 346)
(33, 95)
(33, 100)
(33, 102)
(33, 362)
(33, 111)
(33, 113)
(33, 370)
(33, 378)
(33, 383)
(34, 387)
(34, 264)
(34, 266)
(34, 139)
(34, 396)
(34, 397)
(34, 399)
(34, 274)
(34, 150)
(34, 159)
(34, 162)
(34, 291)
(34, 113)
(34, 43)
(34, 114)
(34, 302)
(34, 48)
(34, 51)
(34, 309)
(34, 184)
(34, 185)
(34, 87)
(34, 59)
(34, 318)
(34, 63)
(34, 65)
(34, 70)
(34, 200)
(34, 75)
(34, 45)
(34, 207)
(34, 212)
(34, 215)
(34, 90)
(34, 79)
(34, 92)
(34, 354)
(34, 227)
(34, 360)
(34, 241)
(34, 370)
(34, 245)
(34, 247)
(34, 381)
(35, 386)
(35, 398)
(35, 149)
(35, 151)
(35, 152)
(35, 286)
(35, 289)
(35, 163)
(35, 294)
(35, 295)
(35, 348)
(35, 71)
(35, 301)
(35, 303)
(35, 177)
(35, 306)
(35, 179)
(35, 158)
(35, 54)
(35, 196)
(35, 197)
(35, 161)
(35, 84)
(35, 220)
(35, 98)
(35, 228)
(35, 101)
(35, 361)
(35, 106)
(35, 235)
(35, 109)
(35, 238)
(35, 239)
(35, 242)
(35, 115)
(35, 372)
(35, 121)
(35, 380)
(35, 126)
(36, 68)
(36, 353)
(36, 99)
(36, 243)
(36, 391)
(36, 299)
(36, 272)
(36, 275)
(36, 39)
(36, 373)
(36, 342)
(36, 279)
(36, 88)
(36, 345)
(36, 218)
(36, 284)
(36, 254)
(36, 85)
(37, 130)
(37, 137)
(37, 266)
(37, 153)
(37, 155)
(37, 285)
(37, 162)
(37, 168)
(37, 169)
(37, 170)
(37, 43)
(37, 304)
(37, 53)
(37, 184)
(37, 313)
(37, 187)
(37, 195)
(37, 374)
(37, 333)
(37, 336)
(37, 339)
(37, 341)
(37, 87)
(37, 346)
(37, 95)
(37, 100)
(37, 102)
(37, 362)
(37, 111)
(37, 240)
(37, 113)
(37, 370)
(37, 246)
(37, 378)
(37, 124)
(37, 382)
(37, 383)
(38, 384)
(38, 257)
(38, 260)
(38, 134)
(38, 263)
(38, 128)
(38, 268)
(38, 66)
(38, 270)
(38, 273)
(38, 288)
(38, 292)
(38, 165)
(38, 175)
(38, 88)
(38, 58)
(38, 315)
(38, 192)
(38, 322)
(38, 323)
(38, 69)
(38, 74)
(38, 205)
(38, 206)
(38, 338)
(38, 85)
(38, 344)
(38, 345)
(38, 218)
(38, 221)
(38, 350)
(38, 226)
(38, 104)
(38, 253)
(39, 131)
(39, 391)
(39, 272)
(39, 275)
(39, 171)
(39, 279)
(39, 299)
(39, 178)
(39, 190)
(39, 68)
(39, 72)
(39, 80)
(39, 342)
(39, 94)
(39, 99)
(39, 103)
(39, 363)
(39, 110)
(39, 243)
(39, 377)
(39, 254)
(40, 258)
(40, 390)
(40, 395)
(40, 396)
(40, 269)
(40, 271)
(40, 145)
(40, 147)
(40, 277)
(40, 150)
(40, 56)
(40, 156)
(40, 164)
(40, 42)
(40, 172)
(40, 173)
(40, 200)
(40, 51)
(40, 308)
(40, 181)
(40, 310)
(40, 312)
(40, 57)
(40, 314)
(40, 59)
(40, 232)
(40, 224)
(40, 194)
(40, 139)
(40, 328)
(40, 73)
(40, 204)
(40, 141)
(40, 209)
(40, 210)
(40, 214)
(40, 91)
(40, 352)
(40, 355)
(40, 357)
(40, 231)
(40, 379)
(40, 236)
(40, 368)
(40, 241)
(40, 116)
(40, 375)
(40, 120)
(40, 251)
(40, 127)
(41, 386)
(41, 363)
(41, 132)
(41, 149)
(41, 151)
(41, 154)
(41, 289)
(41, 295)
(41, 171)
(41, 47)
(41, 49)
(41, 54)
(41, 249)
(41, 316)
(41, 61)
(41, 190)
(41, 196)
(41, 72)
(41, 76)
(41, 82)
(41, 340)
(41, 343)
(41, 349)
(41, 94)
(41, 228)
(41, 101)
(41, 103)
(41, 106)
(41, 235)
(41, 109)
(41, 238)
(41, 239)
(41, 115)
(41, 119)
(41, 121)
(41, 380)
(42, 258)
(42, 388)
(42, 390)
(42, 395)
(42, 396)
(42, 269)
(42, 271)
(42, 145)
(42, 147)
(42, 277)
(42, 156)
(42, 91)
(42, 164)
(42, 172)
(42, 173)
(42, 52)
(42, 181)
(42, 182)
(42, 312)
(42, 57)
(42, 314)
(42, 59)
(42, 224)
(42, 194)
(42, 200)
(42, 73)
(42, 204)
(42, 141)
(42, 208)
(42, 56)
(42, 214)
(42, 143)
(42, 352)
(42, 355)
(42, 357)
(42, 359)
(42, 232)
(42, 231)
(42, 236)
(42, 368)
(42, 117)
(42, 375)
(42, 120)
(42, 251)
(42, 127)
(43, 130)
(43, 133)
(43, 65)
(43, 264)
(43, 266)
(43, 267)
(43, 274)
(43, 90)
(43, 111)
(43, 285)
(43, 162)
(43, 170)
(43, 298)
(43, 114)
(43, 184)
(43, 87)
(43, 188)
(43, 63)
(43, 320)
(43, 193)
(43, 324)
(43, 70)
(43, 327)
(43, 333)
(43, 79)
(43, 212)
(43, 215)
(43, 346)
(43, 92)
(43, 356)
(43, 229)
(43, 124)
(43, 107)
(43, 125)
(43, 370)
(43, 246)
(43, 247)
(43, 383)
(43, 252)
(43, 381)
(43, 255)
(44, 258)
(44, 259)
(44, 388)
(44, 265)
(44, 395)
(44, 143)
(44, 277)
(44, 281)
(44, 174)
(44, 52)
(44, 182)
(44, 186)
(44, 189)
(44, 96)
(44, 194)
(44, 83)
(44, 314)
(44, 352)
(44, 230)
(44, 359)
(44, 234)
(44, 108)
(44, 244)
(44, 375)
(45, 387)
(45, 389)
(45, 262)
(45, 264)
(45, 393)
(45, 394)
(45, 267)
(45, 140)
(45, 397)
(45, 399)
(45, 144)
(45, 274)
(45, 280)
(45, 157)
(45, 160)
(45, 291)
(45, 70)
(45, 302)
(45, 136)
(45, 50)
(45, 179)
(45, 180)
(45, 138)
(45, 184)
(45, 185)
(45, 188)
(45, 317)
(45, 318)
(45, 191)
(45, 320)
(45, 65)
(45, 326)
(45, 329)
(45, 75)
(45, 332)
(45, 207)
(45, 248)
(45, 212)
(45, 86)
(45, 215)
(45, 89)
(45, 90)
(45, 79)
(45, 92)
(45, 354)
(45, 227)
(45, 107)
(45, 366)
(45, 114)
(45, 245)
(45, 118)
(45, 247)
(45, 376)
(45, 84)
(45, 63)
(45, 381)
(46, 256)
(46, 261)
(46, 81)
(46, 135)
(46, 140)
(46, 365)
(46, 152)
(46, 146)
(46, 276)
(46, 278)
(46, 280)
(46, 282)
(46, 283)
(46, 158)
(46, 160)
(46, 166)
(46, 297)
(46, 303)
(46, 176)
(46, 305)
(46, 307)
(46, 180)
(46, 60)
(46, 202)
(46, 62)
(46, 191)
(46, 199)
(46, 201)
(46, 330)
(46, 331)
(46, 77)
(46, 334)
(46, 335)
(46, 337)
(46, 78)
(46, 216)
(46, 217)
(46, 219)
(46, 93)
(46, 223)
(46, 225)
(46, 97)
(46, 233)
(46, 364)
(46, 237)
(46, 366)
(46, 112)
(46, 371)
(46, 118)
(46, 119)
(46, 248)
(46, 148)
(46, 123)
(47, 386)
(47, 363)
(47, 132)
(47, 109)
(47, 272)
(47, 149)
(47, 151)
(47, 154)
(47, 289)
(47, 163)
(47, 295)
(47, 171)
(47, 49)
(47, 178)
(47, 54)
(47, 249)
(47, 61)
(47, 190)
(47, 196)
(47, 72)
(47, 76)
(47, 80)
(47, 82)
(47, 343)
(47, 349)
(47, 94)
(47, 228)
(47, 101)
(47, 103)
(47, 235)
(47, 110)
(47, 238)
(47, 115)
(47, 121)
(47, 380)
(48, 387)
(48, 264)
(48, 139)
(48, 396)
(48, 397)
(48, 399)
(48, 274)
(48, 150)
(48, 159)
(48, 162)
(48, 291)
(48, 113)
(48, 300)
(48, 173)
(48, 302)
(48, 51)
(48, 309)
(48, 184)
(48, 57)
(48, 59)
(48, 318)
(48, 63)
(48, 65)
(48, 70)
(48, 200)
(48, 79)
(48, 75)
(48, 207)
(48, 210)
(48, 87)
(48, 347)
(48, 354)
(48, 227)
(48, 114)
(48, 360)
(48, 241)
(48, 370)
(48, 245)
(48, 247)
(48, 120)
(48, 379)
(48, 381)
(49, 386)
(49, 363)
(49, 132)
(49, 149)
(49, 151)
(49, 154)
(49, 289)
(49, 166)
(49, 295)
(49, 303)
(49, 54)
(49, 121)
(49, 316)
(49, 61)
(49, 190)
(49, 196)
(49, 72)
(49, 82)
(49, 340)
(49, 343)
(49, 349)
(49, 94)
(49, 225)
(49, 228)
(49, 103)
(49, 235)
(49, 109)
(49, 238)
(49, 239)
(49, 115)
(49, 119)
(49, 249)
(49, 380)
(50, 256)
(50, 64)
(50, 389)
(50, 262)
(50, 264)
(50, 393)
(50, 394)
(50, 267)
(50, 399)
(50, 144)
(50, 274)
(50, 148)
(50, 280)
(50, 157)
(50, 287)
(50, 133)
(50, 298)
(50, 180)
(50, 138)
(50, 185)
(50, 188)
(50, 317)
(50, 191)
(50, 320)
(50, 324)
(50, 326)
(50, 327)
(50, 332)
(50, 79)
(50, 212)
(50, 213)
(50, 86)
(50, 215)
(50, 90)
(50, 92)
(50, 122)
(50, 356)
(50, 229)
(50, 358)
(50, 107)
(50, 366)
(50, 118)
(50, 376)
(50, 250)
(50, 63)
(50, 252)
(50, 125)
(50, 255)
(51, 387)
(51, 172)
(51, 139)
(51, 396)
(51, 397)
(51, 271)
(51, 150)
(51, 159)
(51, 291)
(51, 164)
(51, 113)
(51, 300)
(51, 173)
(51, 302)
(51, 200)
(51, 91)
(51, 308)
(51, 309)
(51, 312)
(51, 57)
(51, 59)
(51, 232)
(51, 319)
(51, 181)
(51, 328)
(51, 73)
(51, 75)
(51, 204)
(51, 209)
(51, 210)
(51, 347)
(51, 357)
(51, 360)
(51, 241)
(51, 370)
(51, 116)
(51, 247)
(51, 120)
(51, 114)
(51, 379)
(51, 127)
(52, 258)
(52, 388)
(52, 390)
(52, 395)
(52, 269)
(52, 143)
(52, 145)
(52, 277)
(52, 172)
(52, 181)
(52, 182)
(52, 312)
(52, 314)
(52, 194)
(52, 141)
(52, 208)
(52, 56)
(52, 214)
(52, 352)
(52, 355)
(52, 359)
(52, 232)
(52, 234)
(52, 231)
(52, 236)
(52, 244)
(52, 117)
(52, 375)
(52, 251)
(52, 127)
(53, 137)
(53, 153)
(53, 155)
(53, 285)
(53, 168)
(53, 170)
(53, 304)
(53, 313)
(53, 187)
(53, 195)
(53, 339)
(53, 341)
(53, 346)
(53, 100)
(53, 102)
(53, 362)
(53, 111)
(53, 240)
(53, 374)
(53, 378)
(53, 382)
(54, 386)
(54, 363)
(54, 132)
(54, 398)
(54, 109)
(54, 272)
(54, 171)
(54, 151)
(54, 154)
(54, 289)
(54, 163)
(54, 295)
(54, 299)
(54, 178)
(54, 121)
(54, 61)
(54, 190)
(54, 196)
(54, 197)
(54, 71)
(54, 72)
(54, 76)
(54, 80)
(54, 82)
(54, 343)
(54, 348)
(54, 349)
(54, 94)
(54, 353)
(54, 228)
(54, 101)
(54, 103)
(54, 106)
(54, 235)
(54, 110)
(54, 238)
(54, 239)
(54, 115)
(54, 372)
(54, 249)
(54, 380)
(54, 149)
(55, 128)
(55, 385)
(55, 260)
(55, 134)
(55, 263)
(55, 392)
(55, 268)
(55, 269)
(55, 270)
(55, 271)
(55, 273)
(55, 147)
(55, 175)
(55, 156)
(55, 288)
(55, 290)
(55, 91)
(55, 292)
(55, 300)
(55, 173)
(55, 221)
(55, 308)
(55, 181)
(55, 310)
(55, 312)
(55, 57)
(55, 192)
(55, 322)
(55, 323)
(55, 66)
(55, 69)
(55, 198)
(55, 328)
(55, 73)
(55, 74)
(55, 203)
(55, 204)
(55, 205)
(55, 209)
(55, 214)
(55, 164)
(55, 347)
(55, 257)
(55, 222)
(55, 224)
(55, 357)
(55, 104)
(55, 105)
(55, 367)
(55, 368)
(55, 369)
(55, 116)
(55, 379)
(55, 126)
(56, 258)
(56, 390)
(56, 395)
(56, 396)
(56, 141)
(56, 143)
(56, 145)
(56, 277)
(56, 293)
(56, 296)
(56, 169)
(56, 172)
(56, 181)
(56, 59)
(56, 319)
(56, 194)
(56, 67)
(56, 200)
(56, 208)
(56, 210)
(56, 95)
(56, 352)
(56, 336)
(56, 355)
(56, 231)
(56, 232)
(56, 236)
(56, 113)
(56, 117)
(56, 120)
(56, 251)
(56, 127)
(57, 172)
(57, 139)
(57, 396)
(57, 269)
(57, 271)
(57, 147)
(57, 150)
(57, 156)
(57, 159)
(57, 290)
(57, 91)
(57, 164)
(57, 300)
(57, 173)
(57, 302)
(57, 200)
(57, 308)
(57, 181)
(57, 310)
(57, 312)
(57, 59)
(57, 232)
(57, 198)
(57, 328)
(57, 73)
(57, 204)
(57, 209)
(57, 214)
(57, 347)
(57, 222)
(57, 224)
(57, 357)
(57, 360)
(57, 105)
(57, 368)
(57, 241)
(57, 116)
(57, 120)
(57, 379)
(57, 127)
(58, 384)
(58, 257)
(58, 260)
(58, 134)
(58, 263)
(58, 128)
(58, 268)
(58, 66)
(58, 270)
(58, 273)
(58, 288)
(58, 292)
(58, 165)
(58, 129)
(58, 175)
(58, 88)
(58, 315)
(58, 192)
(58, 322)
(58, 323)
(58, 69)
(58, 198)
(58, 74)
(58, 203)
(58, 205)
(58, 206)
(58, 338)
(58, 83)
(58, 85)
(58, 344)
(58, 345)
(58, 218)
(58, 221)
(58, 350)
(58, 226)
(58, 104)
(58, 253)
(59, 139)
(59, 396)
(59, 269)
(59, 271)
(59, 145)
(59, 150)
(59, 159)
(59, 164)
(59, 293)
(59, 113)
(59, 296)
(59, 172)
(59, 173)
(59, 181)
(59, 312)
(59, 232)
(59, 319)
(59, 67)
(59, 200)
(59, 73)
(59, 204)
(59, 141)
(59, 210)
(59, 214)
(59, 91)
(59, 95)
(59, 379)
(59, 357)
(59, 231)
(59, 360)
(59, 236)
(59, 241)
(59, 120)
(59, 251)
(59, 127)
(60, 261)
(60, 81)
(60, 135)
(60, 146)
(60, 276)
(60, 278)
(60, 152)
(60, 282)
(60, 283)
(60, 166)
(60, 297)
(60, 303)
(60, 176)
(60, 305)
(60, 307)
(60, 316)
(60, 202)
(60, 62)
(60, 199)
(60, 201)
(60, 330)
(60, 77)
(60, 78)
(60, 337)
(60, 211)
(60, 340)
(60, 216)
(60, 219)
(60, 93)
(60, 223)
(60, 225)
(60, 97)
(60, 233)
(60, 364)
(60, 237)
(60, 239)
(60, 112)
(60, 119)
(60, 248)
(61, 386)
(61, 171)
(61, 132)
(61, 109)
(61, 272)
(61, 149)
(61, 151)
(61, 68)
(61, 154)
(61, 363)
(61, 289)
(61, 163)
(61, 295)
(61, 299)
(61, 178)
(61, 121)
(61, 190)
(61, 196)
(61, 72)
(61, 76)
(61, 80)
(61, 82)
(61, 343)
(61, 349)
(61, 94)
(61, 353)
(61, 228)
(61, 101)
(61, 103)
(61, 235)
(61, 110)
(61, 238)
(61, 115)
(61, 372)
(61, 249)
(61, 380)
(62, 256)
(62, 261)
(62, 81)
(62, 135)
(62, 365)
(62, 146)
(62, 276)
(62, 278)
(62, 152)
(62, 282)
(62, 283)
(62, 166)
(62, 297)
(62, 303)
(62, 176)
(62, 305)
(62, 307)
(62, 180)
(62, 316)
(62, 202)
(62, 199)
(62, 201)
(62, 330)
(62, 331)
(62, 77)
(62, 334)
(62, 337)
(62, 211)
(62, 340)
(62, 78)
(62, 216)
(62, 217)
(62, 219)
(62, 93)
(62, 223)
(62, 225)
(62, 97)
(62, 233)
(62, 364)
(62, 237)
(62, 112)
(62, 371)
(62, 119)
(62, 248)
(62, 123)
(63, 130)
(63, 387)
(63, 389)
(63, 262)
(63, 264)
(63, 394)
(63, 267)
(63, 397)
(63, 399)
(63, 144)
(63, 274)
(63, 159)
(63, 162)
(63, 291)
(63, 70)
(63, 298)
(63, 114)
(63, 302)
(63, 138)
(63, 184)
(63, 185)
(63, 188)
(63, 317)
(63, 318)
(63, 320)
(63, 65)
(63, 139)
(63, 326)
(63, 327)
(63, 333)
(63, 207)
(63, 212)
(63, 86)
(63, 215)
(63, 90)
(63, 79)
(63, 92)
(63, 354)
(63, 356)
(63, 107)
(63, 370)
(63, 247)
(63, 376)
(63, 255)
(63, 252)
(63, 381)
(63, 383)
(64, 130)
(64, 133)
(64, 262)
(64, 393)
(64, 394)
(64, 267)
(64, 144)
(64, 157)
(64, 298)
(64, 188)
(64, 317)
(64, 320)
(64, 193)
(64, 324)
(64, 326)
(64, 327)
(64, 332)
(64, 212)
(64, 213)
(64, 215)
(64, 122)
(64, 356)
(64, 229)
(64, 107)
(64, 376)
(64, 250)
(64, 252)
(64, 125)
(64, 255)
(65, 387)
(65, 264)
(65, 394)
(65, 267)
(65, 397)
(65, 399)
(65, 274)
(65, 159)
(65, 162)
(65, 291)
(65, 70)
(65, 113)
(65, 114)
(65, 302)
(65, 87)
(65, 184)
(65, 185)
(65, 266)
(65, 188)
(65, 317)
(65, 318)
(65, 139)
(65, 326)
(65, 327)
(65, 75)
(65, 207)
(65, 212)
(65, 215)
(65, 90)
(65, 79)
(65, 92)
(65, 354)
(65, 356)
(65, 360)
(65, 107)
(65, 241)
(65, 370)
(65, 247)
(65, 252)
(65, 381)
(65, 383)
(66, 384)
(66, 385)
(66, 388)
(66, 134)
(66, 263)
(66, 392)
(66, 128)
(66, 268)
(66, 269)
(66, 270)
(66, 271)
(66, 273)
(66, 147)
(66, 260)
(66, 156)
(66, 288)
(66, 292)
(66, 165)
(66, 257)
(66, 175)
(66, 308)
(66, 222)
(66, 310)
(66, 312)
(66, 315)
(66, 192)
(66, 322)
(66, 323)
(66, 69)
(66, 198)
(66, 328)
(66, 73)
(66, 74)
(66, 203)
(66, 205)
(66, 206)
(66, 209)
(66, 338)
(66, 83)
(66, 85)
(66, 214)
(66, 344)
(66, 91)
(66, 221)
(66, 350)
(66, 224)
(66, 226)
(66, 357)
(66, 104)
(66, 105)
(66, 367)
(66, 368)
(66, 369)
(66, 116)
(66, 253)
(67, 266)
(67, 141)
(67, 145)
(67, 155)
(67, 293)
(67, 241)
(67, 296)
(67, 169)
(67, 172)
(67, 304)
(67, 313)
(67, 319)
(67, 113)
(67, 336)
(67, 210)
(67, 339)
(67, 87)
(67, 95)
(67, 231)
(67, 232)
(67, 236)
(67, 168)
(67, 117)
(67, 120)
(67, 251)
(67, 127)
(68, 386)
(68, 131)
(68, 132)
(68, 391)
(68, 272)
(68, 275)
(68, 171)
(68, 279)
(68, 284)
(68, 163)
(68, 167)
(68, 299)
(68, 178)
(68, 72)
(68, 76)
(68, 80)
(68, 342)
(68, 345)
(68, 94)
(68, 353)
(68, 99)
(68, 101)
(68, 363)
(68, 110)
(68, 243)
(68, 373)
(68, 254)
(69, 384)
(69, 257)
(69, 388)
(69, 134)
(69, 263)
(69, 392)
(69, 128)
(69, 268)
(69, 270)
(69, 273)
(69, 147)
(69, 260)
(69, 156)
(69, 288)
(69, 292)
(69, 165)
(69, 175)
(69, 310)
(69, 88)
(69, 315)
(69, 192)
(69, 322)
(69, 323)
(69, 198)
(69, 74)
(69, 203)
(69, 205)
(69, 206)
(69, 338)
(69, 83)
(69, 85)
(69, 344)
(69, 221)
(69, 350)
(69, 224)
(69, 226)
(69, 104)
(69, 105)
(69, 368)
(69, 253)
(70, 387)
(70, 264)
(70, 394)
(70, 267)
(70, 397)
(70, 399)
(70, 144)
(70, 274)
(70, 159)
(70, 162)
(70, 291)
(70, 113)
(70, 114)
(70, 302)
(70, 87)
(70, 138)
(70, 184)
(70, 185)
(70, 266)
(70, 188)
(70, 317)
(70, 318)
(70, 139)
(70, 326)
(70, 327)
(70, 75)
(70, 207)
(70, 212)
(70, 86)
(70, 215)
(70, 90)
(70, 79)
(70, 92)
(70, 354)
(70, 356)
(70, 360)
(70, 107)
(70, 241)
(70, 370)
(70, 247)
(70, 252)
(70, 381)
(70, 383)
(71, 385)
(71, 398)
(71, 239)
(71, 286)
(71, 289)
(71, 290)
(71, 163)
(71, 294)
(71, 295)
(71, 348)
(71, 301)
(71, 177)
(71, 306)
(71, 179)
(71, 158)
(71, 196)
(71, 197)
(71, 161)
(71, 329)
(71, 84)
(71, 220)
(71, 98)
(71, 228)
(71, 101)
(71, 361)
(71, 106)
(71, 167)
(71, 109)
(71, 367)
(71, 369)
(71, 242)
(71, 115)
(71, 372)
(71, 373)
(71, 380)
(71, 126)
(72, 386)
(72, 171)
(72, 132)
(72, 391)
(72, 109)
(72, 272)
(72, 275)
(72, 149)
(72, 151)
(72, 154)
(72, 289)
(72, 163)
(72, 295)
(72, 299)
(72, 178)
(72, 121)
(72, 190)
(72, 196)
(72, 76)
(72, 80)
(72, 82)
(72, 343)
(72, 349)
(72, 94)
(72, 353)
(72, 228)
(72, 101)
(72, 103)
(72, 363)
(72, 110)
(72, 238)
(72, 131)
(72, 249)
(72, 254)
(73, 128)
(73, 388)
(73, 263)
(73, 392)
(73, 172)
(73, 396)
(73, 269)
(73, 270)
(73, 271)
(73, 147)
(73, 277)
(73, 150)
(73, 156)
(73, 91)
(73, 164)
(73, 300)
(73, 173)
(73, 175)
(73, 200)
(73, 308)
(73, 181)
(73, 310)
(73, 312)
(73, 198)
(73, 328)
(73, 203)
(73, 204)
(73, 209)
(73, 214)
(73, 347)
(73, 221)
(73, 222)
(73, 224)
(73, 357)
(73, 232)
(73, 105)
(73, 368)
(73, 116)
(73, 375)
(73, 379)
(74, 384)
(74, 385)
(74, 260)
(74, 134)
(74, 263)
(74, 392)
(74, 128)
(74, 270)
(74, 273)
(74, 284)
(74, 288)
(74, 292)
(74, 165)
(74, 167)
(74, 257)
(74, 175)
(74, 88)
(74, 315)
(74, 192)
(74, 322)
(74, 323)
(74, 198)
(74, 203)
(74, 205)
(74, 206)
(74, 338)
(74, 85)
(74, 344)
(74, 345)
(74, 218)
(74, 221)
(74, 226)
(74, 104)
(74, 105)
(74, 367)
(74, 369)
(74, 373)
(74, 253)
(75, 387)
(75, 389)
(75, 136)
(75, 394)
(75, 139)
(75, 140)
(75, 397)
(75, 399)
(75, 274)
(75, 150)
(75, 286)
(75, 159)
(75, 160)
(75, 290)
(75, 291)
(75, 294)
(75, 300)
(75, 301)
(75, 302)
(75, 179)
(75, 308)
(75, 309)
(75, 138)
(75, 185)
(75, 317)
(75, 318)
(75, 329)
(75, 79)
(75, 98)
(75, 207)
(75, 84)
(75, 86)
(75, 89)
(75, 90)
(75, 347)
(75, 92)
(75, 354)
(75, 227)
(75, 360)
(75, 114)
(75, 245)
(75, 247)
(75, 379)
(75, 381)
(75, 126)
(76, 386)
(76, 171)
(76, 132)
(76, 109)
(76, 272)
(76, 275)
(76, 149)
(76, 151)
(76, 284)
(76, 167)
(76, 289)
(76, 163)
(76, 295)
(76, 299)
(76, 178)
(76, 121)
(76, 190)
(76, 196)
(76, 80)
(76, 82)
(76, 343)
(76, 348)
(76, 349)
(76, 94)
(76, 353)
(76, 99)
(76, 228)
(76, 101)
(76, 103)
(76, 363)
(76, 110)
(76, 238)
(76, 243)
(76, 372)
(76, 373)
(76, 249)
(76, 254)
(77, 256)
(77, 389)
(77, 136)
(77, 140)
(77, 365)
(77, 152)
(77, 278)
(77, 89)
(77, 280)
(77, 282)
(77, 283)
(77, 158)
(77, 261)
(77, 160)
(77, 161)
(77, 177)
(77, 303)
(77, 176)
(77, 305)
(77, 180)
(77, 202)
(77, 191)
(77, 199)
(77, 201)
(77, 330)
(77, 332)
(77, 337)
(77, 84)
(77, 86)
(77, 217)
(77, 219)
(77, 220)
(77, 93)
(77, 225)
(77, 98)
(77, 81)
(77, 364)
(77, 237)
(77, 366)
(77, 239)
(77, 112)
(77, 371)
(77, 118)
(77, 119)
(77, 248)
(78, 81)
(78, 135)
(78, 142)
(78, 237)
(78, 146)
(78, 276)
(78, 278)
(78, 282)
(78, 283)
(78, 166)
(78, 297)
(78, 176)
(78, 305)
(78, 307)
(78, 316)
(78, 202)
(78, 199)
(78, 201)
(78, 330)
(78, 331)
(78, 334)
(78, 337)
(78, 211)
(78, 216)
(78, 219)
(78, 93)
(78, 223)
(78, 225)
(78, 97)
(78, 233)
(78, 365)
(78, 371)
(78, 119)
(79, 387)
(79, 389)
(79, 262)
(79, 264)
(79, 394)
(79, 267)
(79, 397)
(79, 399)
(79, 144)
(79, 274)
(79, 280)
(79, 157)
(79, 291)
(79, 114)
(79, 302)
(79, 138)
(79, 184)
(79, 185)
(79, 188)
(79, 317)
(79, 318)
(79, 320)
(79, 326)
(79, 327)
(79, 332)
(79, 207)
(79, 212)
(79, 86)
(79, 215)
(79, 89)
(79, 90)
(79, 92)
(79, 354)
(79, 356)
(79, 107)
(79, 370)
(79, 247)
(79, 376)
(79, 252)
(79, 381)
(80, 386)
(80, 131)
(80, 132)
(80, 391)
(80, 272)
(80, 275)
(80, 171)
(80, 299)
(80, 178)
(80, 249)
(80, 190)
(80, 82)
(80, 343)
(80, 349)
(80, 94)
(80, 353)
(80, 99)
(80, 103)
(80, 363)
(80, 110)
(80, 238)
(80, 243)
(80, 377)
(80, 254)
(80, 149)
(81, 256)
(81, 135)
(81, 142)
(81, 365)
(81, 146)
(81, 276)
(81, 278)
(81, 152)
(81, 282)
(81, 283)
(81, 297)
(81, 176)
(81, 305)
(81, 307)
(81, 180)
(81, 202)
(81, 191)
(81, 199)
(81, 201)
(81, 330)
(81, 331)
(81, 334)
(81, 335)
(81, 337)
(81, 211)
(81, 216)
(81, 217)
(81, 219)
(81, 93)
(81, 223)
(81, 225)
(81, 97)
(81, 233)
(81, 364)
(81, 237)
(81, 112)
(81, 371)
(81, 123)
(82, 386)
(82, 363)
(82, 132)
(82, 238)
(82, 151)
(82, 154)
(82, 289)
(82, 171)
(82, 178)
(82, 249)
(82, 190)
(82, 196)
(82, 343)
(82, 349)
(82, 94)
(82, 228)
(82, 103)
(82, 235)
(82, 109)
(82, 110)
(82, 121)
(82, 149)
(83, 384)
(83, 129)
(83, 259)
(83, 388)
(83, 263)
(83, 265)
(83, 268)
(83, 269)
(83, 270)
(83, 271)
(83, 147)
(83, 281)
(83, 156)
(83, 292)
(83, 174)
(83, 182)
(83, 312)
(83, 314)
(83, 189)
(83, 192)
(83, 96)
(83, 203)
(83, 205)
(83, 214)
(83, 186)
(83, 344)
(83, 221)
(83, 350)
(83, 224)
(83, 230)
(83, 359)
(83, 234)
(83, 108)
(83, 368)
(83, 244)
(83, 375)
(84, 387)
(84, 261)
(84, 136)
(84, 394)
(84, 140)
(84, 397)
(84, 398)
(84, 399)
(84, 280)
(84, 286)
(84, 389)
(84, 160)
(84, 161)
(84, 291)
(84, 294)
(84, 92)
(84, 300)
(84, 301)
(84, 302)
(84, 177)
(84, 306)
(84, 179)
(84, 309)
(84, 138)
(84, 185)
(84, 317)
(84, 318)
(84, 197)
(84, 158)
(84, 329)
(84, 98)
(84, 207)
(84, 86)
(84, 89)
(84, 90)
(84, 347)
(84, 220)
(84, 354)
(84, 227)
(84, 106)
(84, 245)
(84, 118)
(84, 248)
(84, 381)
(84, 126)
(85, 384)
(85, 257)
(85, 260)
(85, 134)
(85, 128)
(85, 270)
(85, 273)
(85, 284)
(85, 288)
(85, 292)
(85, 165)
(85, 167)
(85, 175)
(85, 88)
(85, 315)
(85, 192)
(85, 322)
(85, 323)
(85, 206)
(85, 338)
(85, 344)
(85, 345)
(85, 218)
(85, 221)
(85, 226)
(85, 104)
(85, 369)
(85, 373)
(85, 253)
(86, 256)
(86, 387)
(86, 389)
(86, 262)
(86, 264)
(86, 393)
(86, 394)
(86, 267)
(86, 140)
(86, 399)
(86, 144)
(86, 274)
(86, 148)
(86, 89)
(86, 280)
(86, 157)
(86, 158)
(86, 261)
(86, 160)
(86, 291)
(86, 136)
(86, 179)
(86, 180)
(86, 138)
(86, 185)
(86, 188)
(86, 317)
(86, 318)
(86, 191)
(86, 320)
(86, 326)
(86, 329)
(86, 332)
(86, 207)
(86, 248)
(86, 212)
(86, 213)
(86, 215)
(86, 217)
(86, 90)
(86, 92)
(86, 354)
(86, 227)
(86, 358)
(86, 107)
(86, 364)
(86, 366)
(86, 112)
(86, 245)
(86, 118)
(86, 247)
(86, 376)
(86, 250)
(86, 381)
(87, 264)
(87, 266)
(87, 139)
(87, 155)
(87, 159)
(87, 162)
(87, 113)
(87, 296)
(87, 169)
(87, 170)
(87, 114)
(87, 304)
(87, 184)
(87, 313)
(87, 168)
(87, 319)
(87, 336)
(87, 210)
(87, 339)
(87, 346)
(87, 95)
(87, 111)
(87, 241)
(87, 370)
(87, 378)
(87, 383)
(88, 384)
(88, 257)
(88, 260)
(88, 134)
(88, 270)
(88, 273)
(88, 284)
(88, 288)
(88, 292)
(88, 165)
(88, 175)
(88, 315)
(88, 322)
(88, 323)
(88, 206)
(88, 338)
(88, 342)
(88, 344)
(88, 345)
(88, 218)
(88, 221)
(88, 226)
(88, 104)
(88, 373)
(88, 253)
(89, 387)
(89, 261)
(89, 262)
(89, 136)
(89, 394)
(89, 140)
(89, 158)
(89, 399)
(89, 144)
(89, 280)
(89, 286)
(89, 389)
(89, 160)
(89, 161)
(89, 291)
(89, 294)
(89, 92)
(89, 177)
(89, 179)
(89, 180)
(89, 309)
(89, 138)
(89, 185)
(89, 317)
(89, 318)
(89, 326)
(89, 329)
(89, 332)
(89, 98)
(89, 207)
(89, 217)
(89, 90)
(89, 220)
(89, 354)
(89, 227)
(89, 364)
(89, 366)
(89, 112)
(89, 245)
(89, 118)
(89, 248)
(89, 381)
(90, 387)
(90, 389)
(90, 262)
(90, 264)
(90, 393)
(90, 394)
(90, 267)
(90, 397)
(90, 399)
(90, 144)
(90, 274)
(90, 280)
(90, 157)
(90, 160)
(90, 291)
(90, 302)
(90, 136)
(90, 138)
(90, 184)
(90, 185)
(90, 188)
(90, 317)
(90, 318)
(90, 320)
(90, 326)
(90, 327)
(90, 329)
(90, 332)
(90, 207)
(90, 212)
(90, 215)
(90, 92)
(90, 354)
(90, 227)
(90, 356)
(90, 107)
(90, 114)
(90, 245)
(90, 118)
(90, 247)
(90, 376)
(90, 252)
(90, 381)
(91, 128)
(91, 263)
(91, 392)
(91, 172)
(91, 396)
(91, 269)
(91, 270)
(91, 271)
(91, 147)
(91, 150)
(91, 156)
(91, 290)
(91, 164)
(91, 300)
(91, 173)
(91, 175)
(91, 200)
(91, 308)
(91, 181)
(91, 310)
(91, 312)
(91, 198)
(91, 328)
(91, 203)
(91, 204)
(91, 209)
(91, 214)
(91, 347)
(91, 221)
(91, 222)
(91, 224)
(91, 357)
(91, 360)
(91, 105)
(91, 368)
(91, 116)
(91, 379)
(92, 387)
(92, 389)
(92, 262)
(92, 264)
(92, 393)
(92, 394)
(92, 267)
(92, 140)
(92, 397)
(92, 399)
(92, 144)
(92, 274)
(92, 280)
(92, 157)
(92, 160)
(92, 291)
(92, 302)
(92, 136)
(92, 180)
(92, 138)
(92, 184)
(92, 185)
(92, 188)
(92, 317)
(92, 318)
(92, 320)
(92, 326)
(92, 327)
(92, 329)
(92, 332)
(92, 207)
(92, 212)
(92, 215)
(92, 354)
(92, 227)
(92, 356)
(92, 107)
(92, 114)
(92, 245)
(92, 118)
(92, 247)
(92, 376)
(92, 252)
(92, 381)
(93, 256)
(93, 261)
(93, 135)
(93, 140)
(93, 237)
(93, 152)
(93, 146)
(93, 276)
(93, 278)
(93, 280)
(93, 282)
(93, 283)
(93, 287)
(93, 297)
(93, 176)
(93, 305)
(93, 307)
(93, 180)
(93, 202)
(93, 191)
(93, 199)
(93, 201)
(93, 330)
(93, 331)
(93, 332)
(93, 334)
(93, 335)
(93, 337)
(93, 211)
(93, 213)
(93, 216)
(93, 217)
(93, 219)
(93, 223)
(93, 97)
(93, 358)
(93, 233)
(93, 364)
(93, 365)
(93, 366)
(93, 112)
(93, 371)
(93, 118)
(93, 248)
(93, 148)
(93, 123)
(94, 386)
(94, 299)
(94, 132)
(94, 391)
(94, 109)
(94, 272)
(94, 131)
(94, 149)
(94, 151)
(94, 154)
(94, 289)
(94, 163)
(94, 295)
(94, 171)
(94, 178)
(94, 121)
(94, 190)
(94, 196)
(94, 343)
(94, 349)
(94, 228)
(94, 101)
(94, 103)
(94, 363)
(94, 110)
(94, 238)
(94, 249)
(94, 254)
(95, 266)
(95, 139)
(95, 396)
(95, 141)
(95, 155)
(95, 159)
(95, 162)
(95, 293)
(95, 113)
(95, 296)
(95, 169)
(95, 172)
(95, 304)
(95, 313)
(95, 168)
(95, 319)
(95, 200)
(95, 336)
(95, 210)
(95, 339)
(95, 232)
(95, 236)
(95, 241)
(95, 370)
(95, 120)
(95, 127)
(96, 129)
(96, 259)
(96, 388)
(96, 263)
(96, 265)
(96, 268)
(96, 269)
(96, 271)
(96, 147)
(96, 277)
(96, 281)
(96, 156)
(96, 174)
(96, 182)
(96, 312)
(96, 314)
(96, 189)
(96, 192)
(96, 203)
(96, 205)
(96, 214)
(96, 186)
(96, 350)
(96, 224)
(96, 230)
(96, 359)
(96, 234)
(96, 108)
(96, 368)
(96, 244)
(96, 375)
(97, 135)
(97, 146)
(97, 276)
(97, 278)
(97, 152)
(97, 282)
(97, 283)
(97, 166)
(97, 297)
(97, 176)
(97, 305)
(97, 307)
(97, 316)
(97, 202)
(97, 199)
(97, 330)
(97, 337)
(97, 211)
(97, 340)
(97, 216)
(97, 219)
(97, 223)
(97, 225)
(97, 233)
(97, 119)
(98, 261)
(98, 136)
(98, 140)
(98, 398)
(98, 152)
(98, 286)
(98, 160)
(98, 161)
(98, 294)
(98, 295)
(98, 301)
(98, 303)
(98, 177)
(98, 306)
(98, 179)
(98, 309)
(98, 185)
(98, 197)
(98, 158)
(98, 329)
(98, 220)
(98, 354)
(98, 227)
(98, 106)
(98, 239)
(98, 115)
(98, 245)
(98, 248)
(98, 380)
(99, 131)
(99, 391)
(99, 272)
(99, 275)
(99, 279)
(99, 299)
(99, 284)
(99, 171)
(99, 178)
(99, 342)
(99, 345)
(99, 218)
(99, 353)
(99, 110)
(99, 243)
(99, 373)
(99, 254)
(100, 137)
(100, 153)
(100, 155)
(100, 285)
(100, 168)
(100, 170)
(100, 313)
(100, 187)
(100, 195)
(100, 339)
(100, 341)
(100, 346)
(100, 102)
(100, 362)
(100, 111)
(100, 240)
(100, 374)
(100, 378)
(100, 124)
(100, 382)
(101, 386)
(101, 171)
(101, 132)
(101, 398)
(101, 109)
(101, 272)
(101, 149)
(101, 151)
(101, 284)
(101, 167)
(101, 289)
(101, 163)
(101, 295)
(101, 299)
(101, 177)
(101, 306)
(101, 196)
(101, 197)
(101, 348)
(101, 349)
(101, 353)
(101, 228)
(101, 361)
(101, 106)
(101, 363)
(101, 110)
(101, 238)
(101, 242)
(101, 115)
(101, 372)
(101, 373)
(101, 121)
(101, 380)
(102, 137)
(102, 153)
(102, 155)
(102, 285)
(102, 168)
(102, 170)
(102, 313)
(102, 187)
(102, 195)
(102, 341)
(102, 346)
(102, 362)
(102, 111)
(102, 240)
(102, 374)
(102, 378)
(102, 124)
(102, 382)
(103, 386)
(103, 131)
(103, 132)
(103, 391)
(103, 272)
(103, 275)
(103, 171)
(103, 299)
(103, 178)
(103, 249)
(103, 190)
(103, 343)
(103, 349)
(103, 228)
(103, 363)
(103, 110)
(103, 238)
(103, 377)
(103, 254)
(103, 149)
(104, 384)
(104, 385)
(104, 260)
(104, 134)
(104, 263)
(104, 392)
(104, 128)
(104, 268)
(104, 270)
(104, 273)
(104, 147)
(104, 156)
(104, 288)
(104, 292)
(104, 165)
(104, 257)
(104, 175)
(104, 310)
(104, 315)
(104, 192)
(104, 322)
(104, 323)
(104, 198)
(104, 203)
(104, 205)
(104, 206)
(104, 338)
(104, 344)
(104, 345)
(104, 218)
(104, 221)
(104, 350)
(104, 226)
(104, 105)
(104, 367)
(104, 368)
(104, 369)
(104, 253)
(105, 384)
(105, 385)
(105, 260)
(105, 134)
(105, 263)
(105, 392)
(105, 128)
(105, 268)
(105, 269)
(105, 270)
(105, 271)
(105, 273)
(105, 147)
(105, 175)
(105, 156)
(105, 288)
(105, 290)
(105, 292)
(105, 300)
(105, 173)
(105, 221)
(105, 308)
(105, 310)
(105, 312)
(105, 192)
(105, 322)
(105, 323)
(105, 198)
(105, 328)
(105, 203)
(105, 204)
(105, 205)
(105, 209)
(105, 338)
(105, 214)
(105, 164)
(105, 347)
(105, 257)
(105, 222)
(105, 224)
(105, 357)
(105, 367)
(105, 368)
(105, 369)
(105, 116)
(105, 379)
(106, 261)
(106, 136)
(106, 398)
(106, 149)
(106, 151)
(106, 152)
(106, 154)
(106, 286)
(106, 289)
(106, 294)
(106, 295)
(106, 303)
(106, 177)
(106, 306)
(106, 158)
(106, 196)
(106, 197)
(106, 161)
(106, 340)
(106, 220)
(106, 225)
(106, 228)
(106, 361)
(106, 235)
(106, 109)
(106, 238)
(106, 239)
(106, 242)
(106, 115)
(106, 372)
(106, 119)
(106, 121)
(106, 380)
(107, 256)
(107, 389)
(107, 262)
(107, 264)
(107, 393)
(107, 394)
(107, 267)
(107, 399)
(107, 144)
(107, 274)
(107, 148)
(107, 280)
(107, 157)
(107, 133)
(107, 298)
(107, 180)
(107, 138)
(107, 184)
(107, 185)
(107, 188)
(107, 317)
(107, 318)
(107, 191)
(107, 320)
(107, 324)
(107, 326)
(107, 327)
(107, 332)
(107, 207)
(107, 212)
(107, 213)
(107, 215)
(107, 122)
(107, 354)
(107, 356)
(107, 229)
(107, 358)
(107, 366)
(107, 125)
(107, 118)
(107, 247)
(107, 376)
(107, 250)
(107, 252)
(107, 381)
(107, 255)
(108, 129)
(108, 259)
(108, 230)
(108, 265)
(108, 234)
(108, 174)
(108, 244)
(108, 182)
(108, 281)
(108, 186)
(108, 189)
(109, 386)
(109, 363)
(109, 132)
(109, 398)
(109, 149)
(109, 151)
(109, 154)
(109, 161)
(109, 163)
(109, 295)
(109, 303)
(109, 177)
(109, 121)
(109, 196)
(109, 197)
(109, 289)
(109, 340)
(109, 343)
(109, 220)
(109, 349)
(109, 228)
(109, 235)
(109, 110)
(109, 238)
(109, 239)
(109, 115)
(109, 372)
(109, 249)
(109, 380)
(110, 386)
(110, 171)
(110, 132)
(110, 391)
(110, 272)
(110, 275)
(110, 149)
(110, 284)
(110, 167)
(110, 163)
(110, 295)
(110, 299)
(110, 178)
(110, 190)
(110, 131)
(110, 342)
(110, 343)
(110, 348)
(110, 349)
(110, 353)
(110, 228)
(110, 363)
(110, 238)
(110, 243)
(110, 372)
(110, 373)
(110, 249)
(110, 254)
(111, 130)
(111, 137)
(111, 266)
(111, 153)
(111, 155)
(111, 285)
(111, 162)
(111, 168)
(111, 170)
(111, 313)
(111, 187)
(111, 195)
(111, 374)
(111, 333)
(111, 341)
(111, 346)
(111, 362)
(111, 240)
(111, 246)
(111, 378)
(111, 124)
(111, 382)
(111, 383)
(112, 256)
(112, 261)
(112, 262)
(112, 136)
(112, 393)
(112, 138)
(112, 140)
(112, 237)
(112, 144)
(112, 152)
(112, 148)
(112, 280)
(112, 282)
(112, 283)
(112, 157)
(112, 158)
(112, 389)
(112, 160)
(112, 176)
(112, 305)
(112, 180)
(112, 202)
(112, 287)
(112, 317)
(112, 191)
(112, 199)
(112, 201)
(112, 330)
(112, 331)
(112, 332)
(112, 334)
(112, 335)
(112, 248)
(112, 213)
(112, 217)
(112, 219)
(112, 358)
(112, 233)
(112, 364)
(112, 365)
(112, 366)
(112, 371)
(112, 118)
(112, 376)
(112, 250)
(112, 123)
(113, 266)
(113, 139)
(113, 396)
(113, 159)
(113, 162)
(113, 296)
(113, 169)
(113, 172)
(113, 114)
(113, 184)
(113, 313)
(113, 168)
(113, 319)
(113, 200)
(113, 336)
(113, 210)
(113, 339)
(113, 232)
(113, 236)
(113, 241)
(113, 370)
(113, 120)
(113, 127)
(114, 387)
(114, 264)
(114, 394)
(114, 139)
(114, 397)
(114, 399)
(114, 274)
(114, 150)
(114, 159)
(114, 162)
(114, 291)
(114, 302)
(114, 309)
(114, 184)
(114, 185)
(114, 317)
(114, 318)
(114, 326)
(114, 327)
(114, 207)
(114, 212)
(114, 215)
(114, 354)
(114, 227)
(114, 356)
(114, 360)
(114, 241)
(114, 370)
(114, 245)
(114, 247)
(114, 381)
(115, 386)
(115, 261)
(115, 398)
(115, 149)
(115, 151)
(115, 152)
(115, 154)
(115, 158)
(115, 289)
(115, 166)
(115, 295)
(115, 303)
(115, 177)
(115, 306)
(115, 316)
(115, 196)
(115, 197)
(115, 161)
(115, 337)
(115, 340)
(115, 220)
(115, 225)
(115, 228)
(115, 235)
(115, 238)
(115, 239)
(115, 372)
(115, 119)
(115, 121)
(115, 380)
(116, 128)
(116, 385)
(116, 150)
(116, 134)
(116, 263)
(116, 392)
(116, 396)
(116, 269)
(116, 270)
(116, 271)
(116, 147)
(116, 173)
(116, 156)
(116, 290)
(116, 164)
(116, 300)
(116, 301)
(116, 175)
(116, 200)
(116, 308)
(116, 181)
(116, 310)
(116, 312)
(116, 198)
(116, 328)
(116, 203)
(116, 204)
(116, 209)
(116, 214)
(116, 347)
(116, 221)
(116, 222)
(116, 224)
(116, 357)
(116, 360)
(116, 367)
(116, 368)
(116, 379)
(116, 126)
(117, 258)
(117, 390)
(117, 395)
(117, 141)
(117, 143)
(117, 145)
(117, 277)
(117, 293)
(117, 296)
(117, 172)
(117, 314)
(117, 194)
(117, 208)
(117, 210)
(117, 352)
(117, 355)
(117, 231)
(117, 232)
(117, 236)
(117, 120)
(117, 251)
(117, 127)
(118, 256)
(118, 261)
(118, 262)
(118, 136)
(118, 393)
(118, 394)
(118, 140)
(118, 399)
(118, 144)
(118, 148)
(118, 280)
(118, 282)
(118, 283)
(118, 157)
(118, 158)
(118, 389)
(118, 160)
(118, 176)
(118, 180)
(118, 138)
(118, 202)
(118, 185)
(118, 287)
(118, 317)
(118, 191)
(118, 326)
(118, 199)
(118, 201)
(118, 330)
(118, 332)
(118, 335)
(118, 248)
(118, 237)
(118, 213)
(118, 217)
(118, 354)
(118, 358)
(118, 364)
(118, 365)
(118, 366)
(118, 371)
(118, 376)
(118, 250)
(118, 123)
(119, 278)
(119, 151)
(119, 152)
(119, 154)
(119, 282)
(119, 289)
(119, 166)
(119, 303)
(119, 316)
(119, 202)
(119, 196)
(119, 330)
(119, 337)
(119, 340)
(119, 216)
(119, 219)
(119, 223)
(119, 225)
(119, 235)
(119, 239)
(119, 121)
(119, 380)
(120, 139)
(120, 396)
(120, 141)
(120, 145)
(120, 150)
(120, 159)
(120, 164)
(120, 293)
(120, 296)
(120, 172)
(120, 173)
(120, 181)
(120, 312)
(120, 319)
(120, 200)
(120, 204)
(120, 336)
(120, 210)
(120, 379)
(120, 357)
(120, 231)
(120, 232)
(120, 236)
(120, 241)
(120, 370)
(120, 251)
(120, 127)
(121, 386)
(121, 363)
(121, 132)
(121, 149)
(121, 151)
(121, 154)
(121, 289)
(121, 166)
(121, 295)
(121, 303)
(121, 177)
(121, 316)
(121, 196)
(121, 197)
(121, 340)
(121, 343)
(121, 220)
(121, 349)
(121, 225)
(121, 228)
(121, 235)
(121, 238)
(121, 239)
(121, 249)
(121, 380)
(122, 130)
(122, 133)
(122, 267)
(122, 157)
(122, 298)
(122, 188)
(122, 320)
(122, 193)
(122, 324)
(122, 327)
(122, 212)
(122, 215)
(122, 356)
(122, 229)
(122, 376)
(122, 250)
(122, 252)
(122, 125)
(122, 255)
(123, 256)
(123, 393)
(123, 237)
(123, 146)
(123, 148)
(123, 280)
(123, 282)
(123, 283)
(123, 157)
(123, 287)
(123, 176)
(123, 305)
(123, 180)
(123, 311)
(123, 191)
(123, 321)
(123, 325)
(123, 199)
(123, 201)
(123, 202)
(123, 331)
(123, 332)
(123, 334)
(123, 335)
(123, 213)
(123, 217)
(123, 351)
(123, 358)
(123, 233)
(123, 364)
(123, 365)
(123, 366)
(123, 371)
(123, 376)
(123, 250)
(123, 183)
(124, 130)
(124, 133)
(124, 153)
(124, 285)
(124, 170)
(124, 187)
(124, 193)
(124, 195)
(124, 374)
(124, 333)
(124, 341)
(124, 346)
(124, 356)
(124, 229)
(124, 362)
(124, 125)
(124, 240)
(124, 246)
(124, 383)
(124, 252)
(124, 298)
(124, 382)
(124, 255)
(125, 130)
(125, 133)
(125, 267)
(125, 298)
(125, 188)
(125, 320)
(125, 193)
(125, 324)
(125, 327)
(125, 333)
(125, 212)
(125, 356)
(125, 229)
(125, 246)
(125, 383)
(125, 252)
(125, 255)
(126, 385)
(126, 392)
(126, 398)
(126, 286)
(126, 161)
(126, 290)
(126, 294)
(126, 167)
(126, 300)
(126, 301)
(126, 177)
(126, 306)
(126, 179)
(126, 308)
(126, 309)
(126, 197)
(126, 328)
(126, 329)
(126, 209)
(126, 347)
(126, 348)
(126, 222)
(126, 227)
(126, 361)
(126, 367)
(126, 369)
(126, 242)
(126, 372)
(126, 245)
(126, 379)
(127, 258)
(127, 390)
(127, 395)
(127, 396)
(127, 269)
(127, 271)
(127, 145)
(127, 277)
(127, 164)
(127, 293)
(127, 296)
(127, 172)
(127, 181)
(127, 312)
(127, 314)
(127, 319)
(127, 194)
(127, 200)
(127, 204)
(127, 141)
(127, 208)
(127, 210)
(127, 214)
(127, 143)
(127, 352)
(127, 355)
(127, 357)
(127, 231)
(127, 232)
(127, 236)
(127, 241)
(127, 251)
(128, 384)
(128, 385)
(128, 260)
(128, 134)
(128, 263)
(128, 392)
(128, 268)
(128, 270)
(128, 271)
(128, 273)
(128, 147)
(128, 156)
(128, 288)
(128, 290)
(128, 292)
(128, 165)
(128, 167)
(128, 257)
(128, 175)
(128, 308)
(128, 310)
(128, 192)
(128, 322)
(128, 323)
(128, 198)
(128, 328)
(128, 203)
(128, 205)
(128, 206)
(128, 209)
(128, 338)
(128, 221)
(128, 222)
(128, 224)
(128, 226)
(128, 357)
(128, 367)
(128, 368)
(128, 369)
(128, 379)
(128, 253)
(129, 384)
(129, 259)
(129, 388)
(129, 265)
(129, 268)
(129, 281)
(129, 174)
(129, 315)
(129, 189)
(129, 192)
(129, 205)
(129, 344)
(129, 186)
(129, 350)
(129, 230)
(129, 244)
(130, 133)
(130, 264)
(130, 266)
(130, 267)
(130, 153)
(130, 285)
(130, 162)
(130, 298)
(130, 184)
(130, 187)
(130, 188)
(130, 320)
(130, 193)
(130, 195)
(130, 324)
(130, 327)
(130, 333)
(130, 212)
(130, 341)
(130, 215)
(130, 346)
(130, 356)
(130, 229)
(130, 362)
(130, 240)
(130, 246)
(130, 383)
(130, 252)
(130, 170)
(130, 382)
(130, 255)
(131, 299)
(131, 391)
(131, 171)
(131, 363)
(131, 178)
(131, 275)
(131, 190)
(131, 343)
(131, 377)
(131, 349)
(131, 254)
(132, 386)
(132, 171)
(132, 151)
(132, 272)
(132, 149)
(132, 235)
(132, 154)
(132, 289)
(132, 163)
(132, 295)
(132, 299)
(132, 178)
(132, 190)
(132, 196)
(132, 343)
(132, 349)
(132, 353)
(132, 228)
(132, 363)
(132, 238)
(132, 249)
(132, 380)
(133, 267)
(133, 157)
(133, 298)
(133, 188)
(133, 320)
(133, 193)
(133, 324)
(133, 327)
(133, 333)
(133, 212)
(133, 215)
(133, 356)
(133, 229)
(133, 246)
(133, 383)
(133, 252)
(133, 255)
(134, 384)
(134, 385)
(134, 260)
(134, 263)
(134, 392)
(134, 268)
(134, 270)
(134, 273)
(134, 147)
(134, 284)
(134, 288)
(134, 290)
(134, 292)
(134, 165)
(134, 167)
(134, 156)
(134, 257)
(134, 175)
(134, 308)
(134, 310)
(134, 192)
(134, 322)
(134, 323)
(134, 198)
(134, 328)
(134, 203)
(134, 205)
(134, 206)
(134, 209)
(134, 338)
(134, 345)
(134, 218)
(134, 348)
(134, 221)
(134, 222)
(134, 226)
(134, 361)
(134, 367)
(134, 368)
(134, 369)
(134, 373)
(134, 253)
(135, 142)
(135, 146)
(135, 276)
(135, 278)
(135, 283)
(135, 297)
(135, 176)
(135, 305)
(135, 307)
(135, 183)
(135, 202)
(135, 199)
(135, 201)
(135, 330)
(135, 331)
(135, 334)
(135, 211)
(135, 216)
(135, 219)
(135, 223)
(135, 233)
(135, 237)
(136, 389)
(136, 394)
(136, 140)
(136, 398)
(136, 399)
(136, 152)
(136, 280)
(136, 282)
(136, 286)
(136, 261)
(136, 160)
(136, 161)
(136, 294)
(136, 301)
(136, 303)
(136, 177)
(136, 306)
(136, 179)
(136, 180)
(136, 309)
(136, 138)
(136, 185)
(136, 317)
(136, 318)
(136, 197)
(136, 158)
(136, 329)
(136, 207)
(136, 217)
(136, 220)
(136, 354)
(136, 227)
(136, 364)
(136, 239)
(136, 245)
(136, 248)
(137, 153)
(137, 155)
(137, 285)
(137, 168)
(137, 170)
(137, 304)
(137, 313)
(137, 187)
(137, 195)
(137, 339)
(137, 341)
(137, 346)
(137, 362)
(137, 240)
(137, 374)
(137, 378)
(137, 382)
(138, 256)
(138, 387)
(138, 389)
(138, 262)
(138, 264)
(138, 393)
(138, 394)
(138, 267)
(138, 140)
(138, 399)
(138, 144)
(138, 274)
(138, 148)
(138, 280)
(138, 157)
(138, 261)
(138, 160)
(138, 291)
(138, 179)
(138, 180)
(138, 185)
(138, 188)
(138, 317)
(138, 318)
(138, 191)
(138, 320)
(138, 326)
(138, 332)
(138, 207)
(138, 248)
(138, 212)
(138, 213)
(138, 215)
(138, 217)
(138, 354)
(138, 358)
(138, 364)
(138, 366)
(138, 247)
(138, 376)
(138, 250)
(138, 381)
(139, 387)
(139, 264)
(139, 266)
(139, 396)
(139, 397)
(139, 274)
(139, 150)
(139, 159)
(139, 162)
(139, 291)
(139, 296)
(139, 172)
(139, 173)
(139, 302)
(139, 184)
(139, 318)
(139, 319)
(139, 200)
(139, 207)
(139, 210)
(139, 360)
(139, 241)
(139, 370)
(139, 247)
(139, 379)
(139, 381)
(140, 256)
(140, 389)
(140, 262)
(140, 394)
(140, 399)
(140, 144)
(140, 152)
(140, 280)
(140, 282)
(140, 283)
(140, 286)
(140, 261)
(140, 160)
(140, 161)
(140, 294)
(140, 303)
(140, 177)
(140, 179)
(140, 180)
(140, 158)
(140, 202)
(140, 185)
(140, 317)
(140, 191)
(140, 326)
(140, 329)
(140, 330)
(140, 332)
(140, 217)
(140, 220)
(140, 354)
(140, 227)
(140, 364)
(140, 366)
(140, 239)
(140, 245)
(140, 248)
(141, 258)
(141, 390)
(141, 395)
(141, 143)
(141, 145)
(141, 277)
(141, 293)
(141, 296)
(141, 172)
(141, 181)
(141, 319)
(141, 194)
(141, 200)
(141, 208)
(141, 210)
(141, 352)
(141, 336)
(141, 355)
(141, 231)
(141, 232)
(141, 236)
(141, 251)
(142, 325)
(142, 211)
(142, 199)
(142, 297)
(142, 331)
(142, 237)
(142, 334)
(142, 176)
(142, 305)
(142, 146)
(142, 307)
(142, 276)
(142, 233)
(142, 201)
(142, 183)
(143, 258)
(143, 390)
(143, 395)
(143, 269)
(143, 145)
(143, 277)
(143, 293)
(143, 181)
(143, 182)
(143, 314)
(143, 194)
(143, 208)
(143, 352)
(143, 355)
(143, 359)
(143, 232)
(143, 234)
(143, 231)
(143, 236)
(143, 375)
(143, 251)
(144, 256)
(144, 389)
(144, 262)
(144, 264)
(144, 393)
(144, 394)
(144, 267)
(144, 399)
(144, 274)
(144, 148)
(144, 280)
(144, 157)
(144, 287)
(144, 160)
(144, 291)
(144, 180)
(144, 185)
(144, 188)
(144, 317)
(144, 318)
(144, 191)
(144, 320)
(144, 324)
(144, 326)
(144, 327)
(144, 332)
(144, 207)
(144, 212)
(144, 213)
(144, 215)
(144, 217)
(144, 354)
(144, 356)
(144, 358)
(144, 364)
(144, 366)
(144, 247)
(144, 376)
(144, 250)
(144, 252)
(144, 381)
(145, 258)
(145, 390)
(145, 395)
(145, 269)
(145, 277)
(145, 164)
(145, 293)
(145, 296)
(145, 172)
(145, 181)
(145, 312)
(145, 314)
(145, 319)
(145, 194)
(145, 200)
(145, 208)
(145, 210)
(145, 352)
(145, 355)
(145, 359)
(145, 232)
(145, 231)
(145, 236)
(145, 375)
(145, 251)
(146, 365)
(146, 276)
(146, 282)
(146, 283)
(146, 297)
(146, 176)
(146, 305)
(146, 307)
(146, 183)
(146, 202)
(146, 321)
(146, 325)
(146, 199)
(146, 201)
(146, 330)
(146, 331)
(146, 334)
(146, 335)
(146, 211)
(146, 216)
(146, 219)
(146, 223)
(146, 233)
(146, 237)
(146, 371)
(147, 257)
(147, 388)
(147, 263)
(147, 392)
(147, 268)
(147, 269)
(147, 270)
(147, 271)
(147, 273)
(147, 156)
(147, 288)
(147, 292)
(147, 173)
(147, 175)
(147, 308)
(147, 181)
(147, 310)
(147, 312)
(147, 192)
(147, 322)
(147, 323)
(147, 198)
(147, 328)
(147, 203)
(147, 204)
(147, 205)
(147, 209)
(147, 214)
(147, 164)
(147, 221)
(147, 222)
(147, 224)
(147, 357)
(147, 368)
(147, 375)
(147, 379)
(148, 256)
(148, 389)
(148, 262)
(148, 393)
(148, 237)
(148, 280)
(148, 282)
(148, 283)
(148, 157)
(148, 287)
(148, 176)
(148, 180)
(148, 311)
(148, 317)
(148, 191)
(148, 321)
(148, 326)
(148, 199)
(148, 201)
(148, 202)
(148, 331)
(148, 332)
(148, 334)
(148, 335)
(148, 213)
(148, 217)
(148, 351)
(148, 358)
(148, 364)
(148, 365)
(148, 366)
(148, 371)
(148, 376)
(148, 250)
(149, 386)
(149, 171)
(149, 272)
(149, 151)
(149, 154)
(149, 363)
(149, 289)
(149, 163)
(149, 295)
(149, 299)
(149, 178)
(149, 190)
(149, 196)
(149, 343)
(149, 349)
(149, 353)
(149, 228)
(149, 235)
(149, 238)
(149, 372)
(149, 249)
(149, 380)
(150, 387)
(150, 172)
(150, 396)
(150, 397)
(150, 271)
(150, 173)
(150, 159)
(150, 290)
(150, 291)
(150, 164)
(150, 300)
(150, 301)
(150, 302)
(150, 200)
(150, 308)
(150, 309)
(150, 310)
(150, 312)
(150, 181)
(150, 328)
(150, 204)
(150, 209)
(150, 347)
(150, 222)
(150, 227)
(150, 357)
(150, 360)
(150, 241)
(150, 245)
(150, 379)
(151, 386)
(151, 363)
(151, 154)
(151, 289)
(151, 166)
(151, 295)
(151, 303)
(151, 177)
(151, 316)
(151, 196)
(151, 197)
(151, 340)
(151, 343)
(151, 220)
(151, 349)
(151, 225)
(151, 228)
(151, 235)
(151, 238)
(151, 239)
(151, 249)
(151, 380)
(152, 261)
(152, 278)
(152, 282)
(152, 283)
(152, 158)
(152, 160)
(152, 289)
(152, 166)
(152, 295)
(152, 303)
(152, 177)
(152, 316)
(152, 202)
(152, 196)
(152, 197)
(152, 199)
(152, 330)
(152, 337)
(152, 340)
(152, 216)
(152, 219)
(152, 220)
(152, 225)
(152, 161)
(152, 235)
(152, 364)
(152, 239)
(152, 248)
(152, 380)
(153, 285)
(153, 170)
(153, 187)
(153, 193)
(153, 195)
(153, 374)
(153, 333)
(153, 341)
(153, 346)
(153, 362)
(153, 240)
(153, 246)
(153, 378)
(153, 382)
(153, 383)
(154, 386)
(154, 289)
(154, 166)
(154, 295)
(154, 303)
(154, 316)
(154, 196)
(154, 337)
(154, 340)
(154, 343)
(154, 349)
(154, 225)
(154, 228)
(154, 235)
(154, 238)
(154, 239)
(154, 249)
(154, 380)
(155, 266)
(155, 168)
(155, 169)
(155, 170)
(155, 304)
(155, 313)
(155, 336)
(155, 339)
(155, 346)
(155, 362)
(155, 240)
(155, 374)
(155, 378)
(156, 384)
(156, 257)
(156, 388)
(156, 263)
(156, 392)
(156, 268)
(156, 269)
(156, 270)
(156, 271)
(156, 273)
(156, 277)
(156, 288)
(156, 292)
(156, 173)
(156, 175)
(156, 308)
(156, 181)
(156, 310)
(156, 312)
(156, 314)
(156, 192)
(156, 322)
(156, 323)
(156, 198)
(156, 328)
(156, 203)
(156, 204)
(156, 205)
(156, 209)
(156, 214)
(156, 186)
(156, 164)
(156, 221)
(156, 222)
(156, 224)
(156, 357)
(156, 368)
(156, 244)
(156, 375)
(156, 379)
(157, 256)
(157, 389)
(157, 262)
(157, 393)
(157, 394)
(157, 267)
(157, 399)
(157, 280)
(157, 287)
(157, 180)
(157, 185)
(157, 188)
(157, 317)
(157, 191)
(157, 320)
(157, 324)
(157, 326)
(157, 332)
(157, 335)
(157, 212)
(157, 213)
(157, 215)
(157, 217)
(157, 351)
(157, 358)
(157, 364)
(157, 366)
(157, 376)
(157, 250)
(158, 389)
(158, 398)
(158, 280)
(158, 282)
(158, 286)
(158, 261)
(158, 160)
(158, 161)
(158, 294)
(158, 303)
(158, 177)
(158, 306)
(158, 179)
(158, 180)
(158, 185)
(158, 202)
(158, 197)
(158, 329)
(158, 330)
(158, 220)
(158, 227)
(158, 364)
(158, 239)
(158, 245)
(158, 248)
(159, 387)
(159, 264)
(159, 266)
(159, 396)
(159, 397)
(159, 274)
(159, 162)
(159, 291)
(159, 172)
(159, 173)
(159, 302)
(159, 184)
(159, 318)
(159, 319)
(159, 200)
(159, 207)
(159, 210)
(159, 360)
(159, 241)
(159, 370)
(159, 247)
(159, 379)
(159, 381)
(160, 389)
(160, 262)
(160, 394)
(160, 399)
(160, 280)
(160, 282)
(160, 286)
(160, 261)
(160, 161)
(160, 294)
(160, 303)
(160, 177)
(160, 179)
(160, 180)
(160, 309)
(160, 185)
(160, 317)
(160, 318)
(160, 197)
(160, 326)
(160, 329)
(160, 202)
(160, 332)
(160, 207)
(160, 217)
(160, 220)
(160, 354)
(160, 227)
(160, 364)
(160, 366)
(160, 245)
(160, 248)
(161, 261)
(161, 398)
(161, 286)
(161, 289)
(161, 294)
(161, 295)
(161, 301)
(161, 303)
(161, 177)
(161, 306)
(161, 179)
(161, 309)
(161, 196)
(161, 197)
(161, 329)
(161, 220)
(161, 227)
(161, 361)
(161, 239)
(161, 242)
(161, 372)
(161, 245)
(161, 248)
(161, 380)
(162, 264)
(162, 266)
(162, 274)
(162, 168)
(162, 169)
(162, 170)
(162, 184)
(162, 313)
(162, 319)
(162, 327)
(162, 333)
(162, 336)
(162, 210)
(162, 212)
(162, 215)
(162, 346)
(162, 356)
(162, 241)
(162, 370)
(162, 252)
(162, 383)
(163, 385)
(163, 386)
(163, 398)
(163, 272)
(163, 284)
(163, 289)
(163, 295)
(163, 299)
(163, 306)
(163, 196)
(163, 197)
(163, 348)
(163, 353)
(163, 228)
(163, 361)
(163, 167)
(163, 238)
(163, 367)
(163, 369)
(163, 242)
(163, 243)
(163, 372)
(163, 373)
(164, 258)
(164, 388)
(164, 390)
(164, 395)
(164, 396)
(164, 269)
(164, 271)
(164, 277)
(164, 172)
(164, 173)
(164, 200)
(164, 308)
(164, 181)
(164, 310)
(164, 312)
(164, 314)
(164, 224)
(164, 198)
(164, 328)
(164, 203)
(164, 204)
(164, 209)
(164, 214)
(164, 352)
(164, 357)
(164, 231)
(164, 232)
(164, 236)
(164, 368)
(164, 375)
(164, 379)
(165, 384)
(165, 257)
(165, 260)
(165, 263)
(165, 270)
(165, 273)
(165, 284)
(165, 288)
(165, 292)
(165, 175)
(165, 315)
(165, 192)
(165, 322)
(165, 323)
(165, 206)
(165, 338)
(165, 344)
(165, 345)
(165, 218)
(165, 221)
(165, 226)
(165, 369)
(165, 253)
(166, 278)
(166, 303)
(166, 202)
(166, 330)
(166, 337)
(166, 340)
(166, 216)
(166, 219)
(166, 223)
(166, 225)
(166, 316)
(166, 235)
(166, 239)
(166, 380)
(167, 385)
(167, 260)
(167, 392)
(167, 398)
(167, 272)
(167, 273)
(167, 284)
(167, 288)
(167, 290)
(167, 299)
(167, 175)
(167, 306)
(167, 323)
(167, 338)
(167, 345)
(167, 218)
(167, 348)
(167, 222)
(167, 353)
(167, 226)
(167, 361)
(167, 367)
(167, 369)
(167, 242)
(167, 372)
(167, 373)
(168, 266)
(168, 169)
(168, 170)
(168, 304)
(168, 313)
(168, 319)
(168, 336)
(168, 339)
(168, 346)
(168, 362)
(168, 240)
(168, 370)
(168, 374)
(168, 378)
(168, 383)
(169, 266)
(169, 293)
(169, 296)
(169, 304)
(169, 313)
(169, 319)
(169, 336)
(169, 210)
(169, 339)
(169, 346)
(169, 241)
(169, 370)
(169, 378)
(170, 266)
(170, 285)
(170, 313)
(170, 187)
(170, 193)
(170, 195)
(170, 374)
(170, 333)
(170, 341)
(170, 346)
(170, 362)
(170, 240)
(170, 246)
(170, 378)
(170, 252)
(170, 382)
(170, 383)
(171, 386)
(171, 391)
(171, 272)
(171, 275)
(171, 299)
(171, 178)
(171, 249)
(171, 190)
(171, 343)
(171, 349)
(171, 353)
(171, 228)
(171, 363)
(171, 238)
(171, 243)
(171, 377)
(171, 254)
(172, 258)
(172, 390)
(172, 395)
(172, 396)
(172, 269)
(172, 271)
(172, 277)
(172, 293)
(172, 296)
(172, 173)
(172, 181)
(172, 312)
(172, 314)
(172, 232)
(172, 319)
(172, 224)
(172, 194)
(172, 200)
(172, 204)
(172, 208)
(172, 210)
(172, 214)
(172, 352)
(172, 355)
(172, 357)
(172, 231)
(172, 379)
(172, 236)
(172, 241)
(172, 251)
(173, 392)
(173, 396)
(173, 269)
(173, 271)
(173, 290)
(173, 300)
(173, 302)
(173, 200)
(173, 308)
(173, 181)
(173, 310)
(173, 312)
(173, 198)
(173, 328)
(173, 204)
(173, 209)
(173, 214)
(173, 347)
(173, 222)
(173, 224)
(173, 357)
(173, 360)
(173, 368)
(173, 232)
(173, 379)
(174, 384)
(174, 259)
(174, 388)
(174, 265)
(174, 268)
(174, 281)
(174, 182)
(174, 186)
(174, 189)
(174, 205)
(174, 344)
(174, 350)
(174, 230)
(174, 244)
(175, 384)
(175, 385)
(175, 260)
(175, 263)
(175, 392)
(175, 268)
(175, 270)
(175, 271)
(175, 273)
(175, 288)
(175, 290)
(175, 292)
(175, 257)
(175, 308)
(175, 310)
(175, 192)
(175, 322)
(175, 323)
(175, 198)
(175, 328)
(175, 203)
(175, 205)
(175, 206)
(175, 209)
(175, 338)
(175, 221)
(175, 222)
(175, 224)
(175, 226)
(175, 367)
(175, 368)
(175, 369)
(175, 253)
(176, 256)
(176, 237)
(176, 276)
(176, 278)
(176, 282)
(176, 283)
(176, 287)
(176, 297)
(176, 305)
(176, 307)
(176, 180)
(176, 183)
(176, 202)
(176, 191)
(176, 321)
(176, 325)
(176, 199)
(176, 201)
(176, 330)
(176, 331)
(176, 334)
(176, 335)
(176, 337)
(176, 211)
(176, 216)
(176, 217)
(176, 219)
(176, 223)
(176, 358)
(176, 233)
(176, 364)
(176, 365)
(176, 366)
(176, 371)
(176, 248)
(177, 261)
(177, 398)
(177, 286)
(177, 289)
(177, 294)
(177, 295)
(177, 348)
(177, 301)
(177, 303)
(177, 306)
(177, 179)
(177, 196)
(177, 197)
(177, 329)
(177, 220)
(177, 361)
(177, 239)
(177, 242)
(177, 372)
(177, 248)
(177, 380)
(178, 386)
(178, 391)
(178, 272)
(178, 275)
(178, 299)
(178, 249)
(178, 190)
(178, 343)
(178, 349)
(178, 228)
(178, 363)
(178, 238)
(178, 377)
(178, 254)
(179, 387)
(179, 389)
(179, 397)
(179, 398)
(179, 399)
(179, 286)
(179, 261)
(179, 290)
(179, 291)
(179, 294)
(179, 300)
(179, 301)
(179, 302)
(179, 306)
(179, 309)
(179, 185)
(179, 318)
(179, 197)
(179, 329)
(179, 207)
(179, 347)
(179, 220)
(179, 354)
(179, 227)
(179, 360)
(179, 361)
(179, 245)
(179, 248)
(179, 381)
(180, 256)
(180, 261)
(180, 262)
(180, 393)
(180, 394)
(180, 399)
(180, 280)
(180, 282)
(180, 283)
(180, 389)
(180, 202)
(180, 185)
(180, 287)
(180, 317)
(180, 191)
(180, 326)
(180, 199)
(180, 201)
(180, 330)
(180, 332)
(180, 335)
(180, 248)
(180, 237)
(180, 213)
(180, 217)
(180, 358)
(180, 364)
(180, 365)
(180, 366)
(180, 371)
(180, 376)
(180, 250)
(181, 258)
(181, 388)
(181, 390)
(181, 379)
(181, 395)
(181, 396)
(181, 269)
(181, 271)
(181, 277)
(181, 200)
(181, 310)
(181, 312)
(181, 314)
(181, 224)
(181, 194)
(181, 328)
(181, 203)
(181, 204)
(181, 208)
(181, 209)
(181, 214)
(181, 352)
(181, 355)
(181, 357)
(181, 359)
(181, 232)
(181, 231)
(181, 236)
(181, 368)
(181, 375)
(181, 251)
(182, 258)
(182, 259)
(182, 388)
(182, 390)
(182, 265)
(182, 395)
(182, 269)
(182, 277)
(182, 281)
(182, 186)
(182, 189)
(182, 194)
(182, 208)
(182, 214)
(182, 314)
(182, 352)
(182, 230)
(182, 359)
(182, 234)
(182, 244)
(182, 375)
(183, 365)
(183, 276)
(183, 287)
(183, 297)
(183, 305)
(183, 307)
(183, 311)
(183, 321)
(183, 325)
(183, 201)
(183, 331)
(183, 334)
(183, 335)
(183, 211)
(183, 351)
(183, 237)
(183, 371)
(184, 387)
(184, 264)
(184, 394)
(184, 267)
(184, 397)
(184, 399)
(184, 274)
(184, 291)
(184, 298)
(184, 302)
(184, 266)
(184, 188)
(184, 317)
(184, 318)
(184, 326)
(184, 327)
(184, 333)
(184, 207)
(184, 212)
(184, 215)
(184, 354)
(184, 356)
(184, 241)
(184, 370)
(184, 247)
(184, 252)
(184, 381)
(184, 383)
(185, 387)
(185, 389)
(185, 262)
(185, 264)
(185, 393)
(185, 394)
(185, 267)
(185, 397)
(185, 399)
(185, 274)
(185, 280)
(185, 261)
(185, 291)
(185, 302)
(185, 309)
(185, 188)
(185, 317)
(185, 318)
(185, 326)
(185, 329)
(185, 332)
(185, 207)
(185, 248)
(185, 212)
(185, 215)
(185, 354)
(185, 227)
(185, 364)
(185, 366)
(185, 245)
(185, 247)
(185, 376)
(185, 381)
(186, 259)
(186, 388)
(186, 265)
(186, 268)
(186, 269)
(186, 277)
(186, 281)
(186, 314)
(186, 189)
(186, 205)
(186, 230)
(186, 359)
(186, 234)
(186, 244)
(186, 375)
(187, 285)
(187, 193)
(187, 195)
(187, 374)
(187, 333)
(187, 341)
(187, 346)
(187, 362)
(187, 240)
(187, 246)
(187, 382)
(188, 389)
(188, 262)
(188, 264)
(188, 393)
(188, 394)
(188, 267)
(188, 399)
(188, 274)
(188, 280)
(188, 298)
(188, 317)
(188, 318)
(188, 320)
(188, 193)
(188, 324)
(188, 326)
(188, 327)
(188, 332)
(188, 333)
(188, 207)
(188, 212)
(188, 215)
(188, 356)
(188, 229)
(188, 247)
(188, 376)
(188, 250)
(188, 255)
(188, 252)
(188, 381)
(188, 383)
(189, 259)
(189, 230)
(189, 265)
(189, 234)
(189, 244)
(189, 281)
(190, 386)
(190, 249)
(190, 343)
(190, 349)
(190, 228)
(190, 363)
(190, 238)
(190, 377)
(190, 254)
(191, 256)
(191, 389)
(191, 262)
(191, 393)
(191, 394)
(191, 237)
(191, 280)
(191, 282)
(191, 283)
(191, 287)
(191, 305)
(191, 311)
(191, 317)
(191, 321)
(191, 326)
(191, 199)
(191, 201)
(191, 202)
(191, 331)
(191, 332)
(191, 334)
(191, 335)
(191, 248)
(191, 213)
(191, 217)
(191, 351)
(191, 358)
(191, 364)
(191, 365)
(191, 366)
(191, 371)
(191, 376)
(191, 250)
(192, 384)
(192, 257)
(192, 388)
(192, 263)
(192, 392)
(192, 268)
(192, 270)
(192, 271)
(192, 273)
(192, 260)
(192, 288)
(192, 292)
(192, 310)
(192, 315)
(192, 322)
(192, 323)
(192, 198)
(192, 203)
(192, 205)
(192, 206)
(192, 338)
(192, 344)
(192, 221)
(192, 350)
(192, 224)
(192, 226)
(192, 368)
(192, 253)
(193, 267)
(193, 285)
(193, 298)
(193, 320)
(193, 324)
(193, 327)
(193, 333)
(193, 356)
(193, 229)
(193, 252)
(193, 246)
(193, 383)
(193, 382)
(193, 255)
(194, 258)
(194, 390)
(194, 395)
(194, 269)
(194, 277)
(194, 293)
(194, 312)
(194, 314)
(194, 208)
(194, 214)
(194, 352)
(194, 355)
(194, 359)
(194, 232)
(194, 234)
(194, 231)
(194, 236)
(194, 375)
(194, 251)
(195, 285)
(195, 374)
(195, 333)
(195, 341)
(195, 346)
(195, 362)
(195, 240)
(195, 246)
(195, 378)
(195, 382)
(196, 386)
(196, 398)
(196, 289)
(196, 295)
(196, 303)
(196, 306)
(196, 197)
(196, 340)
(196, 220)
(196, 349)
(196, 225)
(196, 228)
(196, 235)
(196, 238)
(196, 239)
(196, 372)
(196, 249)
(196, 380)
(197, 261)
(197, 398)
(197, 286)
(197, 289)
(197, 294)
(197, 295)
(197, 348)
(197, 301)
(197, 303)
(197, 306)
(197, 329)
(197, 220)
(197, 228)
(197, 361)
(197, 239)
(197, 242)
(197, 372)
(197, 380)
(198, 384)
(198, 385)
(198, 260)
(198, 263)
(198, 392)
(198, 268)
(198, 269)
(198, 270)
(198, 271)
(198, 273)
(198, 288)
(198, 290)
(198, 292)
(198, 257)
(198, 308)
(198, 310)
(198, 312)
(198, 322)
(198, 323)
(198, 328)
(198, 203)
(198, 204)
(198, 205)
(198, 209)
(198, 338)
(198, 214)
(198, 221)
(198, 222)
(198, 224)
(198, 226)
(198, 357)
(198, 367)
(198, 368)
(198, 369)
(198, 379)
(198, 253)
(199, 256)
(199, 365)
(199, 276)
(199, 278)
(199, 282)
(199, 283)
(199, 287)
(199, 297)
(199, 305)
(199, 307)
(199, 202)
(199, 201)
(199, 330)
(199, 331)
(199, 334)
(199, 335)
(199, 337)
(199, 211)
(199, 216)
(199, 217)
(199, 219)
(199, 223)
(199, 233)
(199, 364)
(199, 237)
(199, 371)
(200, 396)
(200, 269)
(200, 271)
(200, 319)
(200, 312)
(200, 232)
(200, 296)
(200, 204)
(200, 210)
(200, 214)
(200, 224)
(200, 357)
(200, 231)
(200, 360)
(200, 236)
(200, 241)
(200, 379)
(201, 256)
(201, 237)
(201, 276)
(201, 282)
(201, 283)
(201, 287)
(201, 297)
(201, 305)
(201, 307)
(201, 311)
(201, 202)
(201, 321)
(201, 325)
(201, 330)
(201, 331)
(201, 332)
(201, 334)
(201, 335)
(201, 211)
(201, 213)
(201, 216)
(201, 217)
(201, 219)
(201, 223)
(201, 358)
(201, 233)
(201, 364)
(201, 365)
(201, 366)
(201, 371)
(201, 248)
(202, 256)
(202, 261)
(202, 365)
(202, 276)
(202, 278)
(202, 280)
(202, 282)
(202, 283)
(202, 297)
(202, 303)
(202, 305)
(202, 307)
(202, 330)
(202, 331)
(202, 334)
(202, 335)
(202, 337)
(202, 216)
(202, 217)
(202, 219)
(202, 223)
(202, 225)
(202, 233)
(202, 364)
(202, 237)
(202, 366)
(202, 371)
(202, 248)
(203, 384)
(203, 257)
(203, 388)
(203, 263)
(203, 392)
(203, 268)
(203, 269)
(203, 270)
(203, 271)
(203, 273)
(203, 260)
(203, 288)
(203, 292)
(203, 308)
(203, 222)
(203, 310)
(203, 312)
(203, 322)
(203, 323)
(203, 328)
(203, 205)
(203, 209)
(203, 214)
(203, 344)
(203, 221)
(203, 350)
(203, 224)
(203, 357)
(203, 368)
(203, 375)
(203, 253)
(204, 396)
(204, 269)
(204, 271)
(204, 277)
(204, 308)
(204, 310)
(204, 312)
(204, 314)
(204, 224)
(204, 328)
(204, 209)
(204, 214)
(204, 352)
(204, 357)
(204, 231)
(204, 360)
(204, 236)
(204, 368)
(204, 232)
(204, 375)
(204, 379)
(205, 384)
(205, 257)
(205, 388)
(205, 263)
(205, 268)
(205, 270)
(205, 271)
(205, 273)
(205, 260)
(205, 288)
(205, 292)
(205, 310)
(205, 315)
(205, 322)
(205, 323)
(205, 206)
(205, 214)
(205, 344)
(205, 221)
(205, 350)
(205, 224)
(205, 368)
(205, 244)
(205, 375)
(205, 253)
(206, 384)
(206, 257)
(206, 260)
(206, 263)
(206, 268)
(206, 270)
(206, 273)
(206, 288)
(206, 292)
(206, 315)
(206, 322)
(206, 323)
(206, 338)
(206, 344)
(206, 345)
(206, 218)
(206, 221)
(206, 350)
(206, 226)
(206, 253)
(207, 387)
(207, 389)
(207, 262)
(207, 264)
(207, 394)
(207, 397)
(207, 399)
(207, 274)
(207, 291)
(207, 302)
(207, 309)
(207, 317)
(207, 318)
(207, 326)
(207, 329)
(207, 212)
(207, 215)
(207, 354)
(207, 227)
(207, 360)
(207, 370)
(207, 245)
(207, 247)
(207, 381)
(208, 258)
(208, 390)
(208, 395)
(208, 269)
(208, 277)
(208, 293)
(208, 296)
(208, 314)
(208, 352)
(208, 355)
(208, 359)
(208, 232)
(208, 234)
(208, 231)
(208, 236)
(208, 375)
(208, 251)
(209, 385)
(209, 392)
(209, 396)
(209, 270)
(209, 271)
(209, 288)
(209, 290)
(209, 300)
(209, 301)
(209, 308)
(209, 309)
(209, 310)
(209, 312)
(209, 328)
(209, 214)
(209, 347)
(209, 221)
(209, 222)
(209, 224)
(209, 357)
(209, 360)
(209, 361)
(209, 367)
(209, 368)
(209, 369)
(209, 379)
(210, 266)
(210, 396)
(210, 293)
(210, 296)
(210, 304)
(210, 319)
(210, 336)
(210, 339)
(210, 231)
(210, 232)
(210, 236)
(210, 241)
(210, 370)
(210, 251)
(211, 276)
(211, 283)
(211, 297)
(211, 305)
(211, 307)
(211, 325)
(211, 331)
(211, 334)
(211, 216)
(211, 219)
(211, 223)
(211, 233)
(211, 237)
(212, 387)
(212, 389)
(212, 262)
(212, 264)
(212, 394)
(212, 267)
(212, 397)
(212, 399)
(212, 274)
(212, 291)
(212, 298)
(212, 317)
(212, 318)
(212, 320)
(212, 324)
(212, 326)
(212, 327)
(212, 333)
(212, 215)
(212, 354)
(212, 356)
(212, 229)
(212, 370)
(212, 247)
(212, 376)
(212, 255)
(212, 252)
(212, 381)
(212, 383)
(213, 256)
(213, 389)
(213, 262)
(213, 393)
(213, 394)
(213, 267)
(213, 237)
(213, 280)
(213, 287)
(213, 311)
(213, 317)
(213, 320)
(213, 321)
(213, 326)
(213, 332)
(213, 334)
(213, 335)
(213, 217)
(213, 351)
(213, 358)
(213, 364)
(213, 365)
(213, 366)
(213, 371)
(213, 376)
(213, 250)
(214, 258)
(214, 388)
(214, 390)
(214, 263)
(214, 395)
(214, 396)
(214, 269)
(214, 270)
(214, 271)
(214, 277)
(214, 310)
(214, 312)
(214, 314)
(214, 224)
(214, 328)
(214, 352)
(214, 357)
(214, 359)
(214, 232)
(214, 231)
(214, 236)
(214, 368)
(214, 244)
(214, 375)
(214, 379)
(215, 387)
(215, 389)
(215, 262)
(215, 264)
(215, 394)
(215, 267)
(215, 397)
(215, 399)
(215, 274)
(215, 291)
(215, 298)
(215, 317)
(215, 318)
(215, 320)
(215, 324)
(215, 326)
(215, 327)
(215, 333)
(215, 354)
(215, 356)
(215, 229)
(215, 370)
(215, 247)
(215, 376)
(215, 255)
(215, 252)
(215, 381)
(215, 383)
(216, 276)
(216, 278)
(216, 282)
(216, 283)
(216, 297)
(216, 303)
(216, 305)
(216, 307)
(216, 316)
(216, 330)
(216, 337)
(216, 340)
(216, 219)
(216, 223)
(216, 225)
(216, 233)
(217, 256)
(217, 389)
(217, 262)
(217, 393)
(217, 394)
(217, 237)
(217, 280)
(217, 282)
(217, 283)
(217, 287)
(217, 261)
(217, 305)
(217, 317)
(217, 321)
(217, 326)
(217, 330)
(217, 331)
(217, 332)
(217, 334)
(217, 335)
(217, 248)
(217, 351)
(217, 358)
(217, 364)
(217, 365)
(217, 366)
(217, 371)
(217, 376)
(217, 250)
(218, 257)
(218, 260)
(218, 273)
(218, 279)
(218, 284)
(218, 288)
(218, 292)
(218, 315)
(218, 322)
(218, 323)
(218, 338)
(218, 342)
(218, 345)
(218, 353)
(218, 226)
(218, 369)
(218, 243)
(218, 373)
(218, 253)
(219, 261)
(219, 276)
(219, 278)
(219, 282)
(219, 283)
(219, 297)
(219, 303)
(219, 305)
(219, 307)
(219, 316)
(219, 330)
(219, 337)
(219, 340)
(219, 223)
(219, 225)
(219, 233)
(219, 364)
(219, 237)
(219, 239)
(219, 248)
(220, 261)
(220, 398)
(220, 286)
(220, 289)
(220, 294)
(220, 295)
(220, 301)
(220, 303)
(220, 306)
(220, 329)
(220, 340)
(220, 225)
(220, 361)
(220, 235)
(220, 239)
(220, 242)
(220, 372)
(220, 248)
(220, 380)
(221, 384)
(221, 385)
(221, 260)
(221, 263)
(221, 392)
(221, 268)
(221, 270)
(221, 271)
(221, 273)
(221, 288)
(221, 292)
(221, 257)
(221, 222)
(221, 310)
(221, 315)
(221, 322)
(221, 323)
(221, 328)
(221, 338)
(221, 344)
(221, 350)
(221, 224)
(221, 226)
(221, 367)
(221, 368)
(221, 369)
(221, 253)
(222, 385)
(222, 260)
(222, 263)
(222, 392)
(222, 270)
(222, 271)
(222, 273)
(222, 288)
(222, 290)
(222, 300)
(222, 301)
(222, 306)
(222, 308)
(222, 310)
(222, 322)
(222, 323)
(222, 328)
(222, 347)
(222, 348)
(222, 257)
(222, 357)
(222, 361)
(222, 367)
(222, 368)
(222, 369)
(222, 242)
(222, 379)
(223, 276)
(223, 278)
(223, 316)
(223, 282)
(223, 283)
(223, 297)
(223, 305)
(223, 307)
(223, 330)
(223, 225)
(223, 337)
(223, 233)
(224, 258)
(224, 388)
(224, 263)
(224, 268)
(224, 269)
(224, 270)
(224, 271)
(224, 277)
(224, 308)
(224, 310)
(224, 312)
(224, 314)
(224, 328)
(224, 396)
(224, 352)
(224, 357)
(224, 359)
(224, 232)
(224, 368)
(224, 244)
(224, 375)
(224, 379)
(225, 278)
(225, 282)
(225, 283)
(225, 289)
(225, 303)
(225, 316)
(225, 330)
(225, 337)
(225, 340)
(225, 235)
(225, 239)
(225, 380)
(226, 384)
(226, 385)
(226, 260)
(226, 263)
(226, 392)
(226, 270)
(226, 273)
(226, 284)
(226, 288)
(226, 292)
(226, 257)
(226, 315)
(226, 322)
(226, 323)
(226, 338)
(226, 344)
(226, 345)
(226, 367)
(226, 369)
(226, 373)
(226, 253)
(227, 387)
(227, 389)
(227, 394)
(227, 397)
(227, 398)
(227, 399)
(227, 274)
(227, 286)
(227, 290)
(227, 291)
(227, 294)
(227, 300)
(227, 301)
(227, 302)
(227, 306)
(227, 308)
(227, 309)
(227, 318)
(227, 329)
(227, 347)
(227, 354)
(227, 360)
(227, 245)
(227, 247)
(227, 379)
(227, 381)
(228, 386)
(228, 363)
(228, 272)
(228, 289)
(228, 295)
(228, 343)
(228, 349)
(228, 235)
(228, 238)
(228, 239)
(228, 372)
(228, 249)
(228, 380)
(229, 267)
(229, 285)
(229, 298)
(229, 320)
(229, 324)
(229, 327)
(229, 333)
(229, 356)
(229, 252)
(229, 246)
(229, 383)
(229, 255)
(230, 259)
(230, 388)
(230, 359)
(230, 265)
(230, 234)
(230, 244)
(230, 375)
(230, 281)
(230, 314)
(231, 258)
(231, 390)
(231, 395)
(231, 396)
(231, 269)
(231, 277)
(231, 293)
(231, 296)
(231, 314)
(231, 319)
(231, 312)
(231, 352)
(231, 355)
(231, 359)
(231, 232)
(231, 236)
(231, 251)
(232, 258)
(232, 390)
(232, 395)
(232, 396)
(232, 269)
(232, 271)
(232, 277)
(232, 293)
(232, 296)
(232, 312)
(232, 314)
(232, 319)
(232, 352)
(232, 355)
(232, 357)
(232, 236)
(232, 241)
(232, 251)
(233, 237)
(233, 276)
(233, 278)
(233, 282)
(233, 283)
(233, 297)
(233, 305)
(233, 307)
(233, 330)
(233, 331)
(233, 334)
(233, 337)
(233, 364)
(233, 365)
(233, 371)
(234, 258)
(234, 259)
(234, 388)
(234, 390)
(234, 265)
(234, 395)
(234, 269)
(234, 277)
(234, 281)
(234, 314)
(234, 352)
(234, 359)
(234, 244)
(234, 375)
(235, 386)
(235, 278)
(235, 303)
(235, 289)
(235, 295)
(235, 316)
(235, 337)
(235, 340)
(235, 343)
(235, 349)
(235, 238)
(235, 239)
(235, 249)
(235, 380)
(236, 258)
(236, 390)
(236, 395)
(236, 396)
(236, 269)
(236, 277)
(236, 293)
(236, 296)
(236, 314)
(236, 319)
(236, 312)
(236, 352)
(236, 355)
(236, 251)
(237, 256)
(237, 393)
(237, 276)
(237, 280)
(237, 282)
(237, 283)
(237, 287)
(237, 297)
(237, 305)
(237, 307)
(237, 311)
(237, 321)
(237, 325)
(237, 330)
(237, 331)
(237, 332)
(237, 334)
(237, 335)
(237, 351)
(237, 358)
(237, 364)
(237, 365)
(237, 366)
(237, 371)
(237, 248)
(237, 250)
(238, 386)
(238, 272)
(238, 289)
(238, 295)
(238, 343)
(238, 349)
(238, 363)
(238, 239)
(238, 372)
(238, 249)
(238, 380)
(239, 261)
(239, 398)
(239, 278)
(239, 289)
(239, 295)
(239, 303)
(239, 316)
(239, 330)
(239, 337)
(239, 340)
(239, 248)
(239, 380)
(240, 285)
(240, 313)
(240, 374)
(240, 333)
(240, 341)
(240, 346)
(240, 362)
(240, 246)
(240, 378)
(240, 382)
(241, 387)
(241, 266)
(241, 396)
(241, 397)
(241, 274)
(241, 291)
(241, 296)
(241, 302)
(241, 319)
(241, 336)
(241, 360)
(241, 370)
(241, 247)
(242, 385)
(242, 392)
(242, 398)
(242, 286)
(242, 290)
(242, 294)
(242, 295)
(242, 284)
(242, 300)
(242, 301)
(242, 306)
(242, 348)
(242, 361)
(242, 367)
(242, 369)
(242, 372)
(242, 373)
(243, 391)
(243, 272)
(243, 279)
(243, 284)
(243, 299)
(243, 342)
(243, 345)
(243, 353)
(243, 275)
(243, 373)
(243, 254)
(244, 258)
(244, 259)
(244, 388)
(244, 265)
(244, 395)
(244, 268)
(244, 269)
(244, 277)
(244, 281)
(244, 314)
(244, 359)
(244, 375)
(245, 387)
(245, 389)
(245, 394)
(245, 397)
(245, 398)
(245, 399)
(245, 286)
(245, 261)
(245, 290)
(245, 291)
(245, 294)
(245, 300)
(245, 301)
(245, 302)
(245, 306)
(245, 308)
(245, 309)
(245, 318)
(245, 329)
(245, 347)
(245, 354)
(245, 360)
(245, 361)
(245, 247)
(245, 381)
(246, 285)
(246, 298)
(246, 327)
(246, 333)
(246, 341)
(246, 346)
(246, 356)
(246, 252)
(246, 362)
(246, 374)
(246, 383)
(246, 382)
(246, 255)
(247, 387)
(247, 389)
(247, 264)
(247, 394)
(247, 397)
(247, 399)
(247, 274)
(247, 291)
(247, 302)
(247, 309)
(247, 317)
(247, 318)
(247, 326)
(247, 327)
(247, 329)
(247, 354)
(247, 356)
(247, 360)
(247, 370)
(247, 252)
(247, 381)
(248, 256)
(248, 389)
(248, 280)
(248, 282)
(248, 283)
(248, 261)
(248, 303)
(248, 317)
(248, 329)
(248, 330)
(248, 332)
(248, 354)
(248, 358)
(248, 364)
(248, 365)
(248, 366)
(248, 371)
(249, 386)
(249, 289)
(249, 343)
(249, 349)
(249, 363)
(250, 256)
(250, 389)
(250, 262)
(250, 393)
(250, 267)
(250, 280)
(250, 287)
(250, 311)
(250, 317)
(250, 320)
(250, 321)
(250, 324)
(250, 326)
(250, 332)
(250, 335)
(250, 351)
(250, 358)
(250, 364)
(250, 365)
(250, 366)
(250, 371)
(250, 376)
(251, 258)
(251, 390)
(251, 395)
(251, 277)
(251, 293)
(251, 296)
(251, 314)
(251, 352)
(251, 355)
(251, 359)
(252, 264)
(252, 394)
(252, 267)
(252, 274)
(252, 285)
(252, 298)
(252, 320)
(252, 324)
(252, 326)
(252, 327)
(252, 333)
(252, 356)
(252, 370)
(252, 383)
(252, 381)
(252, 255)
(253, 384)
(253, 257)
(253, 260)
(253, 263)
(253, 392)
(253, 268)
(253, 270)
(253, 273)
(253, 288)
(253, 292)
(253, 315)
(253, 322)
(253, 323)
(253, 338)
(253, 344)
(253, 345)
(253, 350)
(253, 369)
(254, 391)
(254, 272)
(254, 279)
(254, 299)
(254, 342)
(254, 363)
(254, 275)
(254, 377)
(255, 264)
(255, 267)
(255, 285)
(255, 298)
(255, 320)
(255, 324)
(255, 327)
(255, 333)
(255, 356)
(255, 383)
(256, 389)
(256, 262)
(256, 393)
(256, 394)
(256, 280)
(256, 282)
(256, 283)
(256, 287)
(256, 261)
(256, 305)
(256, 311)
(256, 317)
(256, 321)
(256, 326)
(256, 330)
(256, 331)
(256, 332)
(256, 334)
(256, 335)
(256, 351)
(256, 358)
(256, 364)
(256, 365)
(256, 366)
(256, 371)
(256, 376)
(257, 384)
(257, 385)
(257, 260)
(257, 263)
(257, 392)
(257, 268)
(257, 270)
(257, 273)
(257, 288)
(257, 292)
(257, 310)
(257, 315)
(257, 322)
(257, 323)
(257, 338)
(257, 344)
(257, 345)
(257, 350)
(257, 367)
(257, 368)
(257, 369)
(258, 388)
(258, 390)
(258, 395)
(258, 269)
(258, 277)
(258, 293)
(258, 314)
(258, 312)
(258, 352)
(258, 355)
(258, 359)
(258, 375)
(259, 388)
(259, 359)
(259, 265)
(259, 375)
(259, 281)
(259, 314)
(260, 384)
(260, 385)
(260, 263)
(260, 392)
(260, 268)
(260, 270)
(260, 273)
(260, 284)
(260, 288)
(260, 292)
(260, 310)
(260, 315)
(260, 322)
(260, 323)
(260, 338)
(260, 344)
(260, 345)
(260, 367)
(260, 369)
(260, 373)
(261, 389)
(261, 280)
(261, 282)
(261, 283)
(261, 286)
(261, 294)
(261, 303)
(261, 329)
(261, 330)
(261, 364)
(261, 366)
(262, 389)
(262, 264)
(262, 393)
(262, 394)
(262, 267)
(262, 399)
(262, 274)
(262, 280)
(262, 287)
(262, 317)
(262, 318)
(262, 320)
(262, 324)
(262, 326)
(262, 327)
(262, 332)
(262, 354)
(262, 358)
(262, 364)
(262, 366)
(262, 376)
(262, 381)
(263, 384)
(263, 388)
(263, 392)
(263, 268)
(263, 269)
(263, 270)
(263, 271)
(263, 273)
(263, 288)
(263, 292)
(263, 310)
(263, 315)
(263, 322)
(263, 323)
(263, 328)
(263, 338)
(263, 344)
(263, 350)
(263, 368)
(264, 387)
(264, 389)
(264, 394)
(264, 267)
(264, 397)
(264, 399)
(264, 274)
(264, 291)
(264, 298)
(264, 302)
(264, 266)
(264, 317)
(264, 318)
(264, 320)
(264, 326)
(264, 327)
(264, 333)
(264, 354)
(264, 356)
(264, 370)
(264, 381)
(264, 383)
(265, 388)
(265, 359)
(265, 375)
(265, 281)
(265, 314)
(266, 304)
(266, 313)
(266, 319)
(266, 333)
(266, 336)
(266, 339)
(266, 346)
(266, 356)
(266, 362)
(266, 370)
(266, 378)
(266, 383)
(267, 389)
(267, 393)
(267, 394)
(267, 399)
(267, 274)
(267, 280)
(267, 298)
(267, 317)
(267, 320)
(267, 324)
(267, 326)
(267, 327)
(267, 332)
(267, 356)
(267, 358)
(267, 366)
(267, 376)
(267, 381)
(268, 384)
(268, 388)
(268, 270)
(268, 271)
(268, 288)
(268, 292)
(268, 310)
(268, 315)
(268, 322)
(268, 323)
(268, 344)
(268, 350)
(268, 273)
(268, 368)
(268, 375)
(269, 388)
(269, 390)
(269, 395)
(269, 396)
(269, 271)
(269, 277)
(269, 310)
(269, 312)
(269, 314)
(269, 328)
(269, 352)
(269, 355)
(269, 357)
(269, 359)
(269, 368)
(269, 375)
(269, 379)
(270, 384)
(270, 385)
(270, 388)
(270, 392)
(270, 271)
(270, 273)
(270, 288)
(270, 292)
(270, 310)
(270, 315)
(270, 322)
(270, 323)
(270, 328)
(270, 338)
(270, 344)
(270, 350)
(270, 367)
(270, 368)
(270, 369)
(271, 388)
(271, 396)
(271, 277)
(271, 308)
(271, 310)
(271, 312)
(271, 314)
(271, 328)
(271, 352)
(271, 357)
(271, 368)
(271, 375)
(271, 379)
(272, 386)
(272, 391)
(272, 279)
(272, 284)
(272, 299)
(272, 342)
(272, 348)
(272, 349)
(272, 353)
(272, 363)
(272, 275)
(272, 372)
(272, 373)
(273, 384)
(273, 385)
(273, 392)
(273, 288)
(273, 292)
(273, 310)
(273, 315)
(273, 322)
(273, 323)
(273, 338)
(273, 344)
(273, 345)
(273, 367)
(273, 368)
(273, 369)
(274, 387)
(274, 389)
(274, 394)
(274, 397)
(274, 399)
(274, 291)
(274, 302)
(274, 317)
(274, 318)
(274, 320)
(274, 326)
(274, 327)
(274, 354)
(274, 356)
(274, 360)
(274, 370)
(274, 381)
(274, 383)
(275, 391)
(275, 279)
(275, 299)
(275, 342)
(275, 353)
(275, 363)
(275, 377)
(276, 283)
(276, 297)
(276, 305)
(276, 307)
(276, 325)
(276, 330)
(276, 331)
(276, 334)
(277, 388)
(277, 390)
(277, 395)
(277, 314)
(277, 312)
(277, 352)
(277, 355)
(277, 359)
(277, 375)
(278, 282)
(278, 283)
(278, 297)
(278, 303)
(278, 305)
(278, 307)
(278, 316)
(278, 330)
(278, 340)
(278, 337)
(278, 380)
(279, 353)
(279, 391)
(279, 299)
(279, 342)
(279, 345)
(280, 389)
(280, 393)
(280, 394)
(280, 399)
(280, 282)
(280, 287)
(280, 317)
(280, 318)
(280, 320)
(280, 326)
(280, 332)
(280, 335)
(280, 354)
(280, 358)
(280, 364)
(280, 365)
(280, 366)
(280, 371)
(280, 376)
(281, 388)
(281, 350)
(282, 283)
(282, 297)
(282, 303)
(282, 305)
(282, 307)
(282, 330)
(282, 331)
(282, 332)
(282, 334)
(282, 335)
(282, 337)
(282, 358)
(282, 364)
(282, 365)
(282, 366)
(282, 371)
(283, 287)
(283, 297)
(283, 305)
(283, 307)
(283, 330)
(283, 331)
(283, 334)
(283, 335)
(283, 337)
(283, 358)
(283, 364)
(283, 365)
(283, 366)
(283, 371)
(284, 385)
(284, 386)
(284, 392)
(284, 288)
(284, 299)
(284, 338)
(284, 342)
(284, 345)
(284, 348)
(284, 353)
(284, 361)
(284, 367)
(284, 369)
(284, 372)
(284, 373)
(285, 327)
(285, 333)
(285, 341)
(285, 346)
(285, 356)
(285, 362)
(285, 374)
(285, 298)
(285, 382)
(285, 383)
(286, 398)
(286, 290)
(286, 294)
(286, 295)
(286, 300)
(286, 301)
(286, 306)
(286, 309)
(286, 329)
(286, 347)
(286, 348)
(286, 361)
(286, 367)
(286, 372)
(287, 389)
(287, 311)
(287, 393)
(287, 321)
(287, 325)
(287, 331)
(287, 332)
(287, 334)
(287, 335)
(287, 351)
(287, 358)
(287, 364)
(287, 365)
(287, 366)
(287, 371)
(287, 376)
(288, 384)
(288, 385)
(288, 392)
(288, 292)
(288, 308)
(288, 310)
(288, 315)
(288, 322)
(288, 323)
(288, 328)
(288, 338)
(288, 344)
(288, 345)
(288, 367)
(288, 368)
(288, 369)
(288, 373)
(289, 386)
(289, 398)
(289, 303)
(289, 295)
(289, 340)
(289, 349)
(289, 372)
(289, 380)
(290, 385)
(290, 392)
(290, 398)
(290, 294)
(290, 300)
(290, 301)
(290, 306)
(290, 308)
(290, 309)
(290, 310)
(290, 328)
(290, 329)
(290, 347)
(290, 348)
(290, 357)
(290, 360)
(290, 361)
(290, 367)
(290, 369)
(290, 372)
(290, 379)
(291, 387)
(291, 389)
(291, 394)
(291, 397)
(291, 399)
(291, 300)
(291, 302)
(291, 309)
(291, 317)
(291, 318)
(291, 326)
(291, 329)
(291, 347)
(291, 354)
(291, 360)
(291, 370)
(291, 381)
(292, 384)
(292, 385)
(292, 392)
(292, 310)
(292, 315)
(292, 322)
(292, 323)
(292, 338)
(292, 344)
(292, 345)
(292, 350)
(292, 368)
(292, 369)
(293, 390)
(293, 395)
(293, 296)
(293, 304)
(293, 319)
(293, 336)
(293, 339)
(293, 352)
(293, 355)
(294, 398)
(294, 300)
(294, 301)
(294, 306)
(294, 309)
(294, 329)
(294, 347)
(294, 348)
(294, 354)
(294, 360)
(294, 361)
(294, 372)
(295, 386)
(295, 398)
(295, 303)
(295, 306)
(295, 340)
(295, 348)
(295, 349)
(295, 372)
(295, 380)
(296, 390)
(296, 396)
(296, 304)
(296, 319)
(296, 336)
(296, 339)
(296, 355)
(297, 305)
(297, 307)
(297, 325)
(297, 330)
(297, 331)
(297, 334)
(297, 365)
(297, 371)
(298, 320)
(298, 324)
(298, 327)
(298, 333)
(298, 356)
(298, 383)
(299, 386)
(299, 391)
(299, 342)
(299, 353)
(299, 363)
(299, 373)
(300, 385)
(300, 387)
(300, 392)
(300, 397)
(300, 398)
(300, 301)
(300, 302)
(300, 306)
(300, 308)
(300, 309)
(300, 310)
(300, 328)
(300, 329)
(300, 347)
(300, 357)
(300, 360)
(300, 361)
(300, 367)
(300, 379)
(301, 385)
(301, 392)
(301, 398)
(301, 302)
(301, 306)
(301, 308)
(301, 309)
(301, 328)
(301, 329)
(301, 347)
(301, 348)
(301, 360)
(301, 361)
(301, 367)
(301, 369)
(301, 372)
(301, 379)
(302, 387)
(302, 396)
(302, 397)
(302, 399)
(302, 309)
(302, 318)
(302, 329)
(302, 347)
(302, 354)
(302, 360)
(302, 370)
(302, 379)
(302, 381)
(303, 316)
(303, 330)
(303, 337)
(303, 340)
(303, 380)
(304, 336)
(304, 339)
(304, 313)
(304, 378)
(304, 319)
(305, 307)
(305, 325)
(305, 330)
(305, 331)
(305, 334)
(305, 335)
(305, 337)
(305, 364)
(305, 365)
(305, 371)
(306, 385)
(306, 398)
(306, 309)
(306, 329)
(306, 347)
(306, 348)
(306, 361)
(306, 367)
(306, 369)
(306, 372)
(307, 325)
(307, 330)
(307, 331)
(307, 334)
(307, 337)
(307, 365)
(307, 371)
(308, 385)
(308, 392)
(308, 396)
(308, 309)
(308, 310)
(308, 328)
(308, 347)
(308, 357)
(308, 360)
(308, 361)
(308, 367)
(308, 368)
(308, 369)
(308, 379)
(309, 387)
(309, 397)
(309, 398)
(309, 347)
(309, 318)
(309, 328)
(309, 329)
(309, 399)
(309, 354)
(309, 360)
(309, 361)
(309, 379)
(309, 381)
(310, 385)
(310, 392)
(310, 312)
(310, 322)
(310, 323)
(310, 328)
(310, 347)
(310, 357)
(310, 367)
(310, 368)
(310, 369)
(310, 379)
(311, 365)
(311, 321)
(311, 325)
(311, 331)
(311, 334)
(311, 335)
(311, 351)
(311, 358)
(311, 371)
(312, 388)
(312, 390)
(312, 395)
(312, 396)
(312, 314)
(312, 328)
(312, 352)
(312, 357)
(312, 359)
(312, 368)
(312, 375)
(312, 379)
(313, 319)
(313, 336)
(313, 339)
(313, 341)
(313, 346)
(313, 362)
(313, 374)
(313, 378)
(313, 383)
(314, 388)
(314, 390)
(314, 395)
(314, 352)
(314, 355)
(314, 359)
(314, 375)
(315, 384)
(315, 322)
(315, 323)
(315, 338)
(315, 345)
(315, 350)
(315, 344)
(316, 330)
(316, 337)
(316, 340)
(316, 380)
(317, 387)
(317, 389)
(317, 393)
(317, 394)
(317, 397)
(317, 399)
(317, 318)
(317, 320)
(317, 326)
(317, 327)
(317, 332)
(317, 354)
(317, 356)
(317, 358)
(317, 364)
(317, 366)
(317, 376)
(317, 381)
(318, 387)
(318, 389)
(318, 394)
(318, 397)
(318, 399)
(318, 326)
(318, 329)
(318, 354)
(318, 360)
(318, 370)
(318, 381)
(319, 396)
(319, 336)
(319, 339)
(319, 370)
(320, 389)
(320, 393)
(320, 394)
(320, 399)
(320, 324)
(320, 326)
(320, 327)
(320, 332)
(320, 356)
(320, 358)
(320, 366)
(320, 376)
(321, 393)
(321, 325)
(321, 331)
(321, 334)
(321, 335)
(321, 351)
(321, 358)
(321, 365)
(321, 366)
(321, 371)
(322, 384)
(322, 385)
(322, 392)
(322, 323)
(322, 338)
(322, 344)
(322, 345)
(322, 350)
(322, 367)
(322, 368)
(322, 369)
(323, 384)
(323, 385)
(323, 392)
(323, 328)
(323, 338)
(323, 344)
(323, 345)
(323, 367)
(323, 368)
(323, 369)
(324, 326)
(324, 327)
(324, 333)
(324, 356)
(324, 376)
(325, 365)
(325, 331)
(325, 334)
(325, 335)
(325, 351)
(325, 371)
(326, 387)
(326, 389)
(326, 393)
(326, 394)
(326, 397)
(326, 399)
(326, 327)
(326, 332)
(326, 354)
(326, 356)
(326, 358)
(326, 366)
(326, 376)
(326, 381)
(327, 394)
(327, 399)
(327, 370)
(327, 333)
(327, 356)
(327, 376)
(327, 381)
(327, 383)
(328, 385)
(328, 392)
(328, 396)
(328, 347)
(328, 357)
(328, 360)
(328, 367)
(328, 368)
(328, 369)
(328, 379)
(329, 387)
(329, 389)
(329, 397)
(329, 398)
(329, 347)
(329, 399)
(329, 354)
(329, 360)
(329, 361)
(329, 381)
(330, 340)
(330, 337)
(330, 364)
(330, 365)
(330, 371)
(331, 335)
(331, 334)
(331, 351)
(331, 365)
(331, 371)
(332, 389)
(332, 393)
(332, 394)
(332, 399)
(332, 335)
(332, 351)
(332, 358)
(332, 364)
(332, 365)
(332, 366)
(332, 371)
(332, 376)
(333, 341)
(333, 346)
(333, 356)
(333, 362)
(333, 374)
(333, 382)
(333, 383)
(334, 335)
(334, 351)
(334, 358)
(334, 364)
(334, 365)
(334, 366)
(334, 371)
(335, 393)
(335, 351)
(335, 358)
(335, 364)
(335, 365)
(335, 366)
(335, 371)
(335, 376)
(336, 339)
(336, 378)
(337, 340)
(337, 380)
(338, 384)
(338, 385)
(338, 392)
(338, 344)
(338, 345)
(338, 367)
(338, 369)
(338, 373)
(339, 378)
(340, 380)
(341, 374)
(341, 346)
(341, 362)
(341, 378)
(341, 382)
(341, 383)
(342, 353)
(342, 391)
(342, 373)
(342, 345)
(343, 386)
(343, 349)
(343, 363)
(344, 384)
(344, 350)
(345, 353)
(345, 369)
(345, 373)
(346, 362)
(346, 374)
(346, 378)
(346, 382)
(346, 383)
(347, 385)
(347, 387)
(347, 392)
(347, 396)
(347, 397)
(347, 357)
(347, 360)
(347, 361)
(347, 367)
(347, 379)
(348, 385)
(348, 386)
(348, 392)
(348, 398)
(348, 353)
(348, 361)
(348, 367)
(348, 369)
(348, 372)
(348, 373)
(349, 386)
(349, 363)
(350, 384)
(351, 393)
(351, 358)
(351, 365)
(351, 366)
(351, 371)
(352, 388)
(352, 390)
(352, 395)
(352, 355)
(352, 359)
(352, 375)
(353, 386)
(353, 391)
(353, 369)
(353, 372)
(353, 373)
(354, 387)
(354, 389)
(354, 394)
(354, 397)
(354, 399)
(354, 360)
(354, 376)
(354, 381)
(355, 390)
(355, 395)
(355, 359)
(355, 375)
(356, 394)
(356, 370)
(356, 381)
(356, 383)
(357, 392)
(357, 396)
(357, 360)
(357, 368)
(357, 379)
(358, 389)
(358, 393)
(358, 394)
(358, 364)
(358, 365)
(358, 366)
(358, 371)
(358, 376)
(359, 388)
(359, 390)
(359, 395)
(359, 375)
(360, 387)
(360, 396)
(360, 397)
(360, 399)
(360, 379)
(360, 381)
(361, 385)
(361, 392)
(361, 398)
(361, 367)
(361, 369)
(361, 372)
(361, 373)
(362, 374)
(362, 378)
(362, 382)
(362, 383)
(363, 386)
(363, 391)
(363, 377)
(364, 389)
(364, 393)
(364, 365)
(364, 366)
(364, 371)
(364, 376)
(365, 393)
(365, 366)
(365, 371)
(366, 389)
(366, 393)
(366, 394)
(366, 371)
(366, 376)
(367, 385)
(367, 392)
(367, 398)
(367, 372)
(367, 369)
(367, 373)
(368, 388)
(368, 392)
(368, 375)
(368, 379)
(369, 385)
(369, 392)
(369, 398)
(369, 372)
(369, 373)
(370, 387)
(370, 397)
(370, 381)
(370, 383)
(371, 393)
(372, 385)
(372, 386)
(372, 398)
(372, 373)
(372, 380)
(373, 385)
(373, 386)
(373, 392)
(374, 378)
(374, 382)
(375, 388)
(375, 390)
(375, 395)
(376, 389)
(376, 393)
(376, 394)
(376, 399)
(377, 391)
(378, 382)
(379, 392)
(379, 396)
(379, 397)
(380, 386)
(381, 387)
(381, 389)
(381, 394)
(381, 397)
(381, 399)
(382, 383)
(385, 392)
(385, 398)
(387, 394)
(387, 397)
(387, 399)
(388, 395)
(389, 393)
(389, 394)
(389, 399)
(390, 395)
(393, 394)
(394, 397)
(394, 399)
(396, 397)
(397, 399)
