#Nodes
0
1
2
3
4
5
6
7
8
9
10
11
12
13
14
15
16
17
18
19
20
21
22
23
24
25
26
27
28
29
30
31
32
33
34
35
36
37
38
39
40
41
42
43
44
45
46
47
48
49
50
51
52
53
54
55
56
57
58
59
60
61
62
63
64
65
66
67
68
69
70
71
72
73
74
75
76
77
78
79
80
81
82
83
84
85
86
87
88
89
90
91
92
93
94
95
96
97
98
99
100
101
102
103
104
105
106
107
108
109
110
111
112
113
114
115
116
117
118
119
120
121
122
123
124
125
126
127
128
129
130
131
132
133
134
135
136
137
138
139
140
141
142
143
144
145
146
147
148
149
150
151
152
153
154
155
156
157
158
159
160
161
162
163
164
165
166
167
168
169
170
171
172
173
174
175
176
177
178
179
180
181
182
183
184
185
186
187
188
189
190
191
192
193
194
195
196
197
198
199
200
201
202
203
204
205
206
207
208
209
210
211
212
213
214
215
216
217
218
219
220
221
222
223
224
225
226
227
228
229
230
231
232
233
234
235
236
237
238
239
240
241
242
243
244
245
246
247
248
249
250
251
252
253
254
255
256
257
258
259
260
261
262
263
264
265
266
267
268
269
270
271
272
273
274
275
276
277
278
279
280
281
282
283
284
285
286
287
288
289
290
291
292
293
294
295
296
297
298
299
300
301
302
303
304
305
306
307
308
309
310
311
312
313
314
315
316
317
318
319
320
321
322
323
324
325
326
327
328
329
330
331
332
333
334
335
336
337
338
339
340
341
342
343
344
345
346
347
348
349
350
351
352
353
354
355
356
357
358
359
360
361
362
363
364
365
366
367
368
369
370
371
372
373
374
375
376
377
378
379
380
381
382
383
384
385
386
387
388
389
390
391
392
393
394
395
396
397
398
399
#Edges
(0, 288)
(0, 176)
(0, 258)
(0, 261)
(0, 102)
(0, 39)
(0, 360)
(0, 348)
(0, 364)
(0, 366)
(0, 207)
(0, 336)
(0, 44)
(0, 105)
(0, 344)
(0, 26)
(0, 380)
(0, 285)
(0, 190)
(0, 319)
(1, 18)
(1, 149)
(1, 150)
(1, 29)
(1, 31)
(1, 160)
(1, 240)
(1, 290)
(1, 292)
(1, 167)
(1, 40)
(1, 305)
(1, 75)
(1, 335)
(1, 209)
(1, 341)
(1, 86)
(1, 216)
(1, 217)
(1, 91)
(1, 353)
(1, 110)
(1, 112)
(1, 243)
(1, 244)
(1, 379)
(1, 252)
(1, 21)
(2, 386)
(2, 43)
(2, 391)
(2, 392)
(2, 393)
(2, 152)
(2, 3)
(2, 279)
(2, 280)
(2, 26)
(2, 285)
(2, 163)
(2, 293)
(2, 294)
(2, 170)
(2, 263)
(2, 302)
(2, 180)
(2, 310)
(2, 321)
(2, 323)
(2, 201)
(2, 337)
(2, 24)
(2, 87)
(2, 218)
(2, 350)
(2, 223)
(2, 165)
(2, 231)
(2, 109)
(2, 239)
(2, 249)
(2, 251)
(2, 380)
(2, 253)
(3, 257)
(3, 386)
(3, 43)
(3, 391)
(3, 392)
(3, 393)
(3, 151)
(3, 269)
(3, 109)
(3, 152)
(3, 279)
(3, 280)
(3, 33)
(3, 163)
(3, 36)
(3, 293)
(3, 294)
(3, 170)
(3, 299)
(3, 302)
(3, 48)
(3, 178)
(3, 180)
(3, 310)
(3, 183)
(3, 95)
(3, 323)
(3, 201)
(3, 203)
(3, 205)
(3, 80)
(3, 337)
(3, 87)
(3, 223)
(3, 165)
(3, 354)
(3, 101)
(3, 231)
(3, 237)
(3, 239)
(3, 368)
(3, 370)
(3, 115)
(3, 249)
(3, 251)
(3, 253)
(4, 390)
(4, 136)
(4, 265)
(4, 140)
(4, 269)
(4, 398)
(4, 145)
(4, 276)
(4, 56)
(4, 154)
(4, 27)
(4, 157)
(4, 286)
(4, 6)
(4, 134)
(4, 295)
(4, 168)
(4, 297)
(4, 298)
(4, 300)
(4, 46)
(4, 303)
(4, 306)
(4, 158)
(4, 54)
(4, 312)
(4, 57)
(4, 186)
(4, 315)
(4, 13)
(4, 62)
(4, 192)
(4, 322)
(4, 202)
(4, 206)
(4, 79)
(4, 81)
(4, 83)
(4, 84)
(4, 342)
(4, 347)
(4, 351)
(4, 99)
(4, 101)
(4, 103)
(4, 361)
(4, 236)
(4, 365)
(4, 369)
(4, 371)
(4, 118)
(4, 233)
(4, 120)
(4, 378)
(4, 123)
(4, 383)
(5, 384)
(5, 257)
(5, 6)
(5, 30)
(5, 151)
(5, 140)
(5, 269)
(5, 398)
(5, 399)
(5, 144)
(5, 17)
(5, 276)
(5, 279)
(5, 25)
(5, 154)
(5, 286)
(5, 295)
(5, 143)
(5, 298)
(5, 299)
(5, 172)
(5, 303)
(5, 48)
(5, 115)
(5, 308)
(5, 158)
(5, 54)
(5, 183)
(5, 312)
(5, 186)
(5, 187)
(5, 13)
(5, 63)
(5, 322)
(5, 196)
(5, 204)
(5, 202)
(5, 203)
(5, 332)
(5, 205)
(5, 78)
(5, 79)
(5, 80)
(5, 339)
(5, 84)
(5, 342)
(5, 83)
(5, 347)
(5, 122)
(5, 95)
(5, 96)
(5, 99)
(5, 101)
(5, 239)
(5, 369)
(5, 370)
(5, 371)
(5, 118)
(5, 120)
(5, 378)
(5, 124)
(5, 253)
(5, 127)
(6, 134)
(6, 136)
(6, 140)
(6, 269)
(6, 398)
(6, 145)
(6, 276)
(6, 154)
(6, 27)
(6, 157)
(6, 286)
(6, 295)
(6, 168)
(6, 297)
(6, 298)
(6, 299)
(6, 300)
(6, 46)
(6, 303)
(6, 48)
(6, 115)
(6, 158)
(6, 54)
(6, 312)
(6, 57)
(6, 186)
(6, 315)
(6, 62)
(6, 192)
(6, 322)
(6, 202)
(6, 332)
(6, 79)
(6, 81)
(6, 83)
(6, 84)
(6, 342)
(6, 347)
(6, 351)
(6, 99)
(6, 100)
(6, 101)
(6, 233)
(6, 365)
(6, 239)
(6, 369)
(6, 371)
(6, 118)
(6, 120)
(6, 123)
(6, 253)
(7, 256)
(7, 64)
(7, 259)
(7, 390)
(7, 135)
(7, 136)
(7, 265)
(7, 394)
(7, 145)
(7, 137)
(7, 153)
(7, 27)
(7, 156)
(7, 157)
(7, 161)
(7, 134)
(7, 168)
(7, 173)
(7, 46)
(7, 175)
(7, 306)
(7, 311)
(7, 56)
(7, 57)
(7, 315)
(7, 316)
(7, 61)
(7, 62)
(7, 320)
(7, 329)
(7, 333)
(7, 82)
(7, 211)
(7, 220)
(7, 352)
(7, 50)
(7, 230)
(7, 10)
(7, 233)
(7, 234)
(7, 108)
(7, 111)
(7, 242)
(7, 119)
(7, 121)
(7, 123)
(7, 382)
(8, 387)
(8, 132)
(8, 22)
(8, 262)
(8, 9)
(8, 267)
(8, 141)
(8, 142)
(8, 274)
(8, 275)
(8, 277)
(8, 278)
(8, 284)
(8, 161)
(8, 162)
(8, 166)
(8, 28)
(8, 171)
(8, 49)
(8, 53)
(8, 316)
(8, 215)
(8, 194)
(8, 324)
(8, 325)
(8, 200)
(8, 330)
(8, 333)
(8, 334)
(8, 340)
(8, 343)
(8, 90)
(8, 219)
(8, 221)
(8, 222)
(8, 246)
(8, 355)
(8, 228)
(8, 358)
(8, 235)
(8, 238)
(8, 367)
(8, 241)
(8, 147)
(8, 373)
(8, 374)
(8, 376)
(8, 381)
(9, 387)
(9, 22)
(9, 262)
(9, 267)
(9, 141)
(9, 142)
(9, 274)
(9, 275)
(9, 278)
(9, 284)
(9, 28)
(9, 171)
(9, 49)
(9, 53)
(9, 215)
(9, 194)
(9, 324)
(9, 325)
(9, 200)
(9, 330)
(9, 334)
(9, 343)
(9, 222)
(9, 228)
(9, 358)
(9, 235)
(9, 147)
(9, 373)
(9, 246)
(9, 376)
(9, 381)
(10, 256)
(10, 64)
(10, 259)
(10, 390)
(10, 135)
(10, 136)
(10, 265)
(10, 277)
(10, 27)
(10, 156)
(10, 157)
(10, 161)
(10, 134)
(10, 168)
(10, 46)
(10, 108)
(10, 306)
(10, 137)
(10, 56)
(10, 316)
(10, 61)
(10, 320)
(10, 329)
(10, 333)
(10, 211)
(10, 121)
(10, 221)
(10, 352)
(10, 355)
(10, 230)
(10, 234)
(10, 236)
(10, 242)
(10, 126)
(10, 377)
(10, 123)
(10, 382)
(11, 130)
(11, 131)
(11, 260)
(11, 266)
(11, 139)
(11, 396)
(11, 397)
(11, 18)
(11, 19)
(11, 31)
(11, 32)
(11, 289)
(11, 35)
(11, 296)
(11, 372)
(11, 42)
(11, 51)
(11, 116)
(11, 66)
(11, 395)
(11, 69)
(11, 199)
(11, 76)
(11, 77)
(11, 313)
(11, 216)
(11, 92)
(11, 359)
(11, 107)
(11, 240)
(11, 244)
(11, 248)
(11, 379)
(12, 260)
(12, 389)
(12, 266)
(12, 13)
(12, 14)
(12, 399)
(12, 144)
(12, 17)
(12, 19)
(12, 276)
(12, 25)
(12, 286)
(12, 133)
(12, 32)
(12, 116)
(12, 35)
(12, 298)
(12, 71)
(12, 78)
(12, 301)
(12, 303)
(12, 307)
(12, 308)
(12, 312)
(12, 185)
(12, 187)
(12, 318)
(12, 63)
(12, 83)
(12, 196)
(12, 199)
(12, 202)
(12, 76)
(12, 45)
(12, 206)
(12, 120)
(12, 339)
(12, 212)
(12, 213)
(12, 345)
(12, 347)
(12, 122)
(12, 99)
(12, 356)
(12, 103)
(12, 104)
(12, 362)
(12, 369)
(12, 371)
(12, 372)
(12, 248)
(12, 378)
(12, 127)
(12, 124)
(12, 42)
(12, 254)
(12, 383)
(13, 260)
(13, 133)
(13, 140)
(13, 398)
(13, 399)
(13, 144)
(13, 17)
(13, 276)
(13, 25)
(13, 286)
(13, 32)
(13, 298)
(13, 172)
(13, 303)
(13, 307)
(13, 308)
(13, 54)
(13, 183)
(13, 312)
(13, 185)
(13, 187)
(13, 63)
(13, 192)
(13, 322)
(13, 196)
(13, 204)
(13, 202)
(13, 83)
(13, 332)
(13, 206)
(13, 79)
(13, 78)
(13, 339)
(13, 212)
(13, 213)
(13, 347)
(13, 122)
(13, 96)
(13, 99)
(13, 356)
(13, 103)
(13, 362)
(13, 76)
(13, 369)
(13, 371)
(13, 120)
(13, 84)
(13, 378)
(13, 127)
(13, 124)
(13, 383)
(14, 388)
(14, 397)
(14, 18)
(14, 19)
(14, 260)
(14, 286)
(14, 287)
(14, 35)
(14, 70)
(14, 167)
(14, 300)
(14, 301)
(14, 307)
(14, 52)
(14, 55)
(14, 185)
(14, 314)
(14, 59)
(14, 65)
(14, 75)
(14, 326)
(14, 202)
(14, 375)
(14, 76)
(14, 77)
(14, 206)
(14, 208)
(14, 213)
(14, 345)
(14, 349)
(14, 351)
(14, 229)
(14, 103)
(14, 232)
(14, 361)
(14, 362)
(14, 104)
(14, 116)
(14, 117)
(14, 247)
(14, 125)
(14, 383)
(15, 224)
(15, 193)
(15, 354)
(15, 227)
(15, 357)
(15, 198)
(15, 97)
(15, 264)
(15, 60)
(15, 331)
(15, 226)
(15, 174)
(15, 72)
(15, 338)
(15, 85)
(15, 41)
(15, 98)
(15, 283)
(15, 146)
(15, 191)
(16, 129)
(16, 132)
(16, 138)
(16, 272)
(16, 273)
(16, 287)
(16, 169)
(16, 304)
(16, 184)
(16, 314)
(16, 59)
(16, 188)
(16, 245)
(16, 65)
(16, 68)
(16, 197)
(16, 328)
(16, 73)
(16, 74)
(16, 375)
(16, 340)
(16, 349)
(16, 225)
(16, 229)
(16, 117)
(16, 247)
(16, 255)
(17, 384)
(17, 51)
(17, 260)
(17, 389)
(17, 266)
(17, 396)
(17, 399)
(17, 144)
(17, 276)
(17, 25)
(17, 179)
(17, 155)
(17, 30)
(17, 133)
(17, 32)
(17, 291)
(17, 37)
(17, 113)
(17, 298)
(17, 71)
(17, 172)
(17, 45)
(17, 177)
(17, 307)
(17, 308)
(17, 182)
(17, 312)
(17, 185)
(17, 187)
(17, 189)
(17, 318)
(17, 63)
(17, 196)
(17, 204)
(17, 199)
(17, 268)
(17, 202)
(17, 332)
(17, 78)
(17, 339)
(17, 212)
(17, 143)
(17, 122)
(17, 96)
(17, 99)
(17, 356)
(17, 362)
(17, 369)
(17, 83)
(17, 372)
(17, 248)
(17, 378)
(17, 124)
(17, 42)
(17, 254)
(17, 127)
(18, 131)
(18, 388)
(18, 395)
(18, 397)
(18, 19)
(18, 40)
(18, 149)
(18, 150)
(18, 260)
(18, 287)
(18, 160)
(18, 289)
(18, 290)
(18, 35)
(18, 292)
(18, 167)
(18, 296)
(18, 112)
(18, 301)
(18, 305)
(18, 52)
(18, 55)
(18, 116)
(18, 31)
(18, 139)
(18, 326)
(18, 75)
(18, 76)
(18, 77)
(18, 335)
(18, 208)
(18, 209)
(18, 341)
(18, 86)
(18, 216)
(18, 217)
(18, 91)
(18, 353)
(18, 232)
(18, 107)
(18, 110)
(18, 240)
(18, 104)
(18, 243)
(18, 244)
(18, 379)
(18, 252)
(18, 125)
(18, 21)
(19, 130)
(19, 131)
(19, 260)
(19, 266)
(19, 395)
(19, 397)
(19, 399)
(19, 185)
(19, 31)
(19, 32)
(19, 289)
(19, 35)
(19, 116)
(19, 296)
(19, 42)
(19, 301)
(19, 307)
(19, 52)
(19, 55)
(19, 372)
(19, 63)
(19, 139)
(19, 326)
(19, 199)
(19, 75)
(19, 76)
(19, 77)
(19, 206)
(19, 339)
(19, 212)
(19, 213)
(19, 313)
(19, 216)
(19, 345)
(19, 356)
(19, 359)
(19, 232)
(19, 362)
(19, 107)
(19, 240)
(19, 104)
(19, 244)
(19, 248)
(19, 379)
(19, 383)
(20, 384)
(20, 98)
(20, 264)
(20, 268)
(20, 271)
(20, 144)
(20, 146)
(20, 67)
(20, 23)
(20, 281)
(20, 283)
(20, 30)
(20, 291)
(20, 37)
(20, 41)
(20, 172)
(20, 177)
(20, 179)
(20, 155)
(20, 182)
(20, 60)
(20, 189)
(20, 191)
(20, 193)
(20, 195)
(20, 72)
(20, 96)
(20, 331)
(20, 204)
(20, 226)
(20, 80)
(20, 210)
(20, 85)
(20, 203)
(20, 143)
(20, 95)
(20, 224)
(20, 97)
(20, 354)
(20, 227)
(20, 357)
(20, 113)
(20, 370)
(20, 127)
(21, 131)
(21, 139)
(21, 149)
(21, 150)
(21, 29)
(21, 31)
(21, 160)
(21, 240)
(21, 290)
(21, 292)
(21, 40)
(21, 305)
(21, 395)
(21, 341)
(21, 86)
(21, 216)
(21, 217)
(21, 91)
(21, 353)
(21, 110)
(21, 112)
(21, 243)
(21, 244)
(21, 379)
(21, 252)
(22, 387)
(22, 262)
(22, 267)
(22, 141)
(22, 142)
(22, 274)
(22, 275)
(22, 277)
(22, 278)
(22, 284)
(22, 166)
(22, 28)
(22, 171)
(22, 49)
(22, 53)
(22, 215)
(22, 194)
(22, 324)
(22, 325)
(22, 200)
(22, 330)
(22, 334)
(22, 343)
(22, 88)
(22, 90)
(22, 222)
(22, 228)
(22, 374)
(22, 358)
(22, 235)
(22, 367)
(22, 241)
(22, 147)
(22, 373)
(22, 246)
(22, 376)
(22, 381)
(23, 389)
(23, 396)
(23, 271)
(23, 195)
(23, 179)
(23, 155)
(23, 291)
(23, 37)
(23, 45)
(23, 177)
(23, 51)
(23, 181)
(23, 182)
(23, 60)
(23, 318)
(23, 66)
(23, 67)
(23, 69)
(23, 71)
(23, 268)
(23, 210)
(23, 106)
(23, 113)
(23, 254)
(24, 258)
(24, 391)
(24, 392)
(24, 393)
(24, 26)
(24, 163)
(24, 293)
(24, 294)
(24, 170)
(24, 43)
(24, 302)
(24, 180)
(24, 310)
(24, 321)
(24, 323)
(24, 201)
(24, 87)
(24, 350)
(24, 105)
(24, 109)
(24, 366)
(24, 249)
(24, 251)
(24, 380)
(25, 384)
(25, 257)
(25, 389)
(25, 268)
(25, 398)
(25, 399)
(25, 144)
(25, 276)
(25, 286)
(25, 133)
(25, 32)
(25, 291)
(25, 37)
(25, 298)
(25, 299)
(25, 172)
(25, 45)
(25, 303)
(25, 177)
(25, 307)
(25, 308)
(25, 30)
(25, 183)
(25, 312)
(25, 185)
(25, 187)
(25, 318)
(25, 63)
(25, 42)
(25, 83)
(25, 196)
(25, 199)
(25, 204)
(25, 202)
(25, 203)
(25, 332)
(25, 78)
(25, 80)
(25, 339)
(25, 212)
(25, 71)
(25, 347)
(25, 122)
(25, 96)
(25, 99)
(25, 356)
(25, 362)
(25, 369)
(25, 371)
(25, 120)
(25, 84)
(25, 378)
(25, 124)
(25, 143)
(25, 254)
(25, 127)
(26, 258)
(26, 261)
(26, 391)
(26, 392)
(26, 285)
(26, 288)
(26, 163)
(26, 293)
(26, 39)
(26, 263)
(26, 310)
(26, 190)
(26, 319)
(26, 321)
(26, 201)
(26, 207)
(26, 336)
(26, 344)
(26, 350)
(26, 360)
(26, 105)
(26, 364)
(26, 109)
(26, 366)
(26, 251)
(26, 380)
(27, 192)
(27, 259)
(27, 390)
(27, 135)
(27, 136)
(27, 265)
(27, 140)
(27, 145)
(27, 157)
(27, 134)
(27, 295)
(27, 168)
(27, 297)
(27, 300)
(27, 46)
(27, 108)
(27, 306)
(27, 54)
(27, 137)
(27, 56)
(27, 57)
(27, 315)
(27, 61)
(27, 62)
(27, 320)
(27, 322)
(27, 79)
(27, 81)
(27, 342)
(27, 351)
(27, 352)
(27, 230)
(27, 233)
(27, 234)
(27, 236)
(27, 365)
(27, 361)
(27, 120)
(27, 377)
(27, 123)
(27, 382)
(28, 129)
(28, 387)
(28, 132)
(28, 262)
(28, 138)
(28, 267)
(28, 141)
(28, 142)
(28, 274)
(28, 275)
(28, 277)
(28, 278)
(28, 284)
(28, 90)
(28, 162)
(28, 166)
(28, 171)
(28, 304)
(28, 49)
(28, 53)
(28, 316)
(28, 215)
(28, 194)
(28, 324)
(28, 325)
(28, 327)
(28, 200)
(28, 330)
(28, 333)
(28, 334)
(28, 340)
(28, 343)
(28, 88)
(28, 346)
(28, 221)
(28, 222)
(28, 246)
(28, 355)
(28, 228)
(28, 358)
(28, 188)
(28, 235)
(28, 238)
(28, 367)
(28, 241)
(28, 114)
(28, 147)
(28, 373)
(28, 374)
(28, 376)
(28, 381)
(28, 126)
(29, 149)
(29, 150)
(29, 31)
(29, 160)
(29, 240)
(29, 290)
(29, 292)
(29, 40)
(29, 305)
(29, 335)
(29, 209)
(29, 341)
(29, 86)
(29, 217)
(29, 91)
(29, 353)
(29, 110)
(29, 112)
(29, 243)
(29, 244)
(29, 379)
(29, 252)
(30, 384)
(30, 257)
(30, 155)
(30, 226)
(30, 268)
(30, 271)
(30, 144)
(30, 151)
(30, 281)
(30, 283)
(30, 291)
(30, 36)
(30, 37)
(30, 41)
(30, 299)
(30, 172)
(30, 177)
(30, 179)
(30, 308)
(30, 183)
(30, 187)
(30, 60)
(30, 189)
(30, 191)
(30, 195)
(30, 196)
(30, 332)
(30, 331)
(30, 204)
(30, 205)
(30, 78)
(30, 80)
(30, 85)
(30, 203)
(30, 143)
(30, 95)
(30, 96)
(30, 97)
(30, 354)
(30, 227)
(30, 370)
(30, 122)
(30, 124)
(30, 127)
(31, 130)
(31, 131)
(31, 139)
(31, 397)
(31, 149)
(31, 150)
(31, 160)
(31, 289)
(31, 290)
(31, 35)
(31, 292)
(31, 116)
(31, 296)
(31, 112)
(31, 305)
(31, 52)
(31, 313)
(31, 395)
(31, 77)
(31, 341)
(31, 86)
(31, 216)
(31, 217)
(31, 91)
(31, 92)
(31, 353)
(31, 359)
(31, 107)
(31, 110)
(31, 240)
(31, 40)
(31, 243)
(31, 244)
(31, 379)
(31, 252)
(32, 51)
(32, 130)
(32, 260)
(32, 389)
(32, 266)
(32, 396)
(32, 397)
(32, 399)
(32, 144)
(32, 133)
(32, 289)
(32, 291)
(32, 37)
(32, 116)
(32, 42)
(32, 71)
(32, 45)
(32, 177)
(32, 307)
(32, 308)
(32, 182)
(32, 312)
(32, 313)
(32, 187)
(32, 35)
(32, 318)
(32, 63)
(32, 66)
(32, 196)
(32, 69)
(32, 199)
(32, 76)
(32, 77)
(32, 78)
(32, 339)
(32, 212)
(32, 213)
(32, 185)
(32, 122)
(32, 99)
(32, 356)
(32, 359)
(32, 104)
(32, 362)
(32, 107)
(32, 113)
(32, 372)
(32, 248)
(32, 378)
(32, 124)
(32, 254)
(33, 264)
(33, 280)
(33, 146)
(33, 152)
(33, 36)
(33, 294)
(33, 41)
(33, 174)
(33, 178)
(33, 223)
(33, 193)
(33, 331)
(33, 98)
(33, 205)
(33, 338)
(33, 85)
(33, 87)
(33, 95)
(33, 97)
(33, 354)
(33, 237)
(33, 368)
(33, 370)
(33, 249)
(34, 128)
(34, 261)
(34, 263)
(34, 392)
(34, 137)
(34, 394)
(34, 270)
(34, 145)
(34, 154)
(34, 47)
(34, 285)
(34, 159)
(34, 163)
(34, 165)
(34, 175)
(34, 50)
(34, 311)
(34, 58)
(34, 315)
(34, 317)
(34, 190)
(34, 319)
(34, 207)
(34, 336)
(34, 82)
(34, 89)
(34, 218)
(34, 220)
(34, 93)
(34, 100)
(34, 233)
(34, 363)
(34, 111)
(34, 157)
(34, 62)
(34, 119)
(34, 121)
(34, 250)
(34, 380)
(35, 51)
(35, 130)
(35, 260)
(35, 133)
(35, 266)
(35, 395)
(35, 397)
(35, 399)
(35, 289)
(35, 116)
(35, 296)
(35, 42)
(35, 301)
(35, 307)
(35, 52)
(35, 55)
(35, 313)
(35, 63)
(35, 139)
(35, 326)
(35, 199)
(35, 76)
(35, 77)
(35, 206)
(35, 339)
(35, 212)
(35, 213)
(35, 185)
(35, 216)
(35, 345)
(35, 356)
(35, 359)
(35, 232)
(35, 362)
(35, 107)
(35, 240)
(35, 104)
(35, 372)
(35, 248)
(35, 379)
(35, 383)
(36, 384)
(36, 257)
(36, 386)
(36, 43)
(36, 393)
(36, 151)
(36, 152)
(36, 174)
(36, 279)
(36, 280)
(36, 281)
(36, 294)
(36, 41)
(36, 299)
(36, 172)
(36, 302)
(36, 178)
(36, 180)
(36, 183)
(36, 95)
(36, 203)
(36, 332)
(36, 205)
(36, 80)
(36, 337)
(36, 338)
(36, 85)
(36, 87)
(36, 223)
(36, 96)
(36, 97)
(36, 354)
(36, 101)
(36, 231)
(36, 237)
(36, 239)
(36, 368)
(36, 370)
(36, 115)
(36, 249)
(36, 253)
(36, 127)
(37, 384)
(37, 51)
(37, 130)
(37, 389)
(37, 266)
(37, 268)
(37, 399)
(37, 144)
(37, 67)
(37, 155)
(37, 133)
(37, 291)
(37, 42)
(37, 71)
(37, 45)
(37, 177)
(37, 179)
(37, 308)
(37, 181)
(37, 182)
(37, 313)
(37, 187)
(37, 189)
(37, 318)
(37, 63)
(37, 66)
(37, 195)
(37, 196)
(37, 69)
(37, 199)
(37, 396)
(37, 204)
(37, 78)
(37, 210)
(37, 339)
(37, 212)
(37, 271)
(37, 356)
(37, 359)
(37, 106)
(37, 113)
(37, 372)
(37, 248)
(37, 122)
(37, 143)
(37, 254)
(38, 256)
(38, 385)
(38, 148)
(38, 153)
(38, 282)
(38, 156)
(38, 164)
(38, 173)
(38, 309)
(38, 58)
(38, 317)
(38, 64)
(38, 329)
(38, 82)
(38, 211)
(38, 214)
(38, 220)
(38, 94)
(38, 111)
(38, 242)
(38, 119)
(38, 121)
(39, 288)
(39, 176)
(39, 258)
(39, 261)
(39, 102)
(39, 360)
(39, 105)
(39, 364)
(39, 366)
(39, 285)
(39, 336)
(39, 44)
(39, 344)
(39, 58)
(39, 207)
(39, 348)
(39, 317)
(39, 190)
(39, 319)
(40, 131)
(40, 395)
(40, 397)
(40, 149)
(40, 150)
(40, 160)
(40, 289)
(40, 290)
(40, 292)
(40, 167)
(40, 296)
(40, 112)
(40, 305)
(40, 52)
(40, 139)
(40, 75)
(40, 77)
(40, 335)
(40, 209)
(40, 341)
(40, 86)
(40, 216)
(40, 217)
(40, 91)
(40, 353)
(40, 110)
(40, 240)
(40, 243)
(40, 244)
(40, 379)
(40, 252)
(41, 384)
(41, 98)
(41, 264)
(41, 271)
(41, 146)
(41, 281)
(41, 283)
(41, 174)
(41, 178)
(41, 179)
(41, 60)
(41, 189)
(41, 191)
(41, 193)
(41, 203)
(41, 198)
(41, 72)
(41, 331)
(41, 226)
(41, 205)
(41, 80)
(41, 338)
(41, 85)
(41, 143)
(41, 95)
(41, 224)
(41, 97)
(41, 354)
(41, 227)
(41, 357)
(41, 237)
(41, 368)
(41, 370)
(42, 51)
(42, 130)
(42, 260)
(42, 389)
(42, 266)
(42, 396)
(42, 397)
(42, 399)
(42, 155)
(42, 133)
(42, 289)
(42, 291)
(42, 116)
(42, 296)
(42, 71)
(42, 45)
(42, 177)
(42, 307)
(42, 308)
(42, 181)
(42, 182)
(42, 313)
(42, 318)
(42, 63)
(42, 66)
(42, 196)
(42, 69)
(42, 199)
(42, 76)
(42, 78)
(42, 339)
(42, 212)
(42, 185)
(42, 92)
(42, 356)
(42, 359)
(42, 362)
(42, 107)
(42, 113)
(42, 372)
(42, 248)
(42, 106)
(42, 254)
(43, 386)
(43, 391)
(43, 392)
(43, 393)
(43, 151)
(43, 152)
(43, 279)
(43, 280)
(43, 163)
(43, 293)
(43, 294)
(43, 170)
(43, 302)
(43, 178)
(43, 180)
(43, 310)
(43, 321)
(43, 323)
(43, 201)
(43, 205)
(43, 337)
(43, 87)
(43, 350)
(43, 223)
(43, 165)
(43, 231)
(43, 109)
(43, 239)
(43, 249)
(43, 251)
(43, 380)
(43, 253)
(44, 288)
(44, 176)
(44, 258)
(44, 102)
(44, 360)
(44, 105)
(44, 363)
(44, 364)
(44, 366)
(44, 207)
(44, 336)
(44, 309)
(44, 344)
(44, 58)
(44, 348)
(44, 317)
(44, 190)
(44, 319)
(45, 130)
(45, 389)
(45, 266)
(45, 268)
(45, 399)
(45, 67)
(45, 155)
(45, 133)
(45, 291)
(45, 71)
(45, 177)
(45, 51)
(45, 308)
(45, 181)
(45, 182)
(45, 313)
(45, 318)
(45, 63)
(45, 66)
(45, 195)
(45, 196)
(45, 69)
(45, 199)
(45, 396)
(45, 204)
(45, 78)
(45, 210)
(45, 339)
(45, 212)
(45, 143)
(45, 356)
(45, 359)
(45, 362)
(45, 113)
(45, 372)
(45, 248)
(45, 122)
(45, 106)
(45, 254)
(46, 256)
(46, 259)
(46, 390)
(46, 135)
(46, 136)
(46, 265)
(46, 394)
(46, 145)
(46, 156)
(46, 157)
(46, 161)
(46, 134)
(46, 295)
(46, 168)
(46, 297)
(46, 50)
(46, 108)
(46, 306)
(46, 137)
(46, 56)
(46, 57)
(46, 315)
(46, 316)
(46, 61)
(46, 62)
(46, 320)
(46, 322)
(46, 333)
(46, 81)
(46, 342)
(46, 121)
(46, 352)
(46, 230)
(46, 233)
(46, 234)
(46, 236)
(46, 365)
(46, 377)
(46, 123)
(46, 382)
(47, 128)
(47, 261)
(47, 263)
(47, 137)
(47, 394)
(47, 270)
(47, 148)
(47, 153)
(47, 282)
(47, 175)
(47, 285)
(47, 159)
(47, 157)
(47, 50)
(47, 309)
(47, 311)
(47, 58)
(47, 317)
(47, 319)
(47, 336)
(47, 82)
(47, 89)
(47, 218)
(47, 220)
(47, 93)
(47, 94)
(47, 100)
(47, 233)
(47, 363)
(47, 111)
(47, 119)
(47, 121)
(47, 250)
(47, 380)
(48, 257)
(48, 386)
(48, 263)
(48, 392)
(48, 394)
(48, 151)
(48, 140)
(48, 269)
(48, 398)
(48, 145)
(48, 279)
(48, 154)
(48, 157)
(48, 158)
(48, 163)
(48, 165)
(48, 295)
(48, 299)
(48, 50)
(48, 115)
(48, 180)
(48, 54)
(48, 183)
(48, 57)
(48, 186)
(48, 315)
(48, 62)
(48, 322)
(48, 332)
(48, 79)
(48, 337)
(48, 84)
(48, 270)
(48, 342)
(48, 89)
(48, 218)
(48, 347)
(48, 123)
(48, 100)
(48, 101)
(48, 231)
(48, 233)
(48, 109)
(48, 239)
(48, 369)
(48, 371)
(48, 118)
(48, 250)
(48, 251)
(48, 253)
(49, 387)
(49, 267)
(49, 142)
(49, 274)
(49, 275)
(49, 277)
(49, 278)
(49, 284)
(49, 161)
(49, 166)
(49, 171)
(49, 53)
(49, 316)
(49, 215)
(49, 194)
(49, 324)
(49, 325)
(49, 200)
(49, 330)
(49, 333)
(49, 334)
(49, 343)
(49, 219)
(49, 221)
(49, 222)
(49, 355)
(49, 228)
(49, 374)
(49, 358)
(49, 235)
(49, 238)
(49, 367)
(49, 241)
(49, 147)
(49, 373)
(49, 246)
(49, 376)
(49, 381)
(50, 128)
(50, 261)
(50, 263)
(50, 136)
(50, 137)
(50, 394)
(50, 270)
(50, 145)
(50, 154)
(50, 285)
(50, 159)
(50, 295)
(50, 175)
(50, 311)
(50, 57)
(50, 186)
(50, 315)
(50, 317)
(50, 62)
(50, 82)
(50, 58)
(50, 342)
(50, 89)
(50, 218)
(50, 220)
(50, 93)
(50, 100)
(50, 233)
(50, 363)
(50, 111)
(50, 157)
(50, 118)
(50, 119)
(50, 121)
(50, 250)
(50, 123)
(50, 380)
(51, 130)
(51, 260)
(51, 389)
(51, 266)
(51, 268)
(51, 399)
(51, 155)
(51, 133)
(51, 289)
(51, 291)
(51, 296)
(51, 71)
(51, 177)
(51, 308)
(51, 181)
(51, 182)
(51, 313)
(51, 318)
(51, 66)
(51, 67)
(51, 196)
(51, 69)
(51, 199)
(51, 396)
(51, 210)
(51, 339)
(51, 212)
(51, 92)
(51, 356)
(51, 359)
(51, 362)
(51, 107)
(51, 113)
(51, 372)
(51, 248)
(51, 106)
(51, 254)
(52, 388)
(52, 395)
(52, 397)
(52, 217)
(52, 260)
(52, 287)
(52, 160)
(52, 289)
(52, 292)
(52, 167)
(52, 112)
(52, 301)
(52, 305)
(52, 55)
(52, 314)
(52, 59)
(52, 65)
(52, 75)
(52, 326)
(52, 375)
(52, 76)
(52, 77)
(52, 206)
(52, 335)
(52, 208)
(52, 209)
(52, 213)
(52, 86)
(52, 216)
(52, 345)
(52, 91)
(52, 349)
(52, 229)
(52, 232)
(52, 362)
(52, 107)
(52, 110)
(52, 240)
(52, 104)
(52, 116)
(52, 247)
(52, 379)
(52, 252)
(52, 125)
(53, 387)
(53, 132)
(53, 262)
(53, 267)
(53, 141)
(53, 142)
(53, 274)
(53, 275)
(53, 277)
(53, 278)
(53, 284)
(53, 161)
(53, 162)
(53, 166)
(53, 171)
(53, 316)
(53, 215)
(53, 194)
(53, 324)
(53, 325)
(53, 327)
(53, 200)
(53, 330)
(53, 333)
(53, 334)
(53, 340)
(53, 343)
(53, 88)
(53, 90)
(53, 219)
(53, 221)
(53, 222)
(53, 246)
(53, 355)
(53, 228)
(53, 358)
(53, 259)
(53, 235)
(53, 238)
(53, 367)
(53, 241)
(53, 147)
(53, 373)
(53, 374)
(53, 376)
(53, 381)
(53, 126)
(54, 134)
(54, 136)
(54, 140)
(54, 269)
(54, 398)
(54, 145)
(54, 276)
(54, 154)
(54, 157)
(54, 286)
(54, 295)
(54, 168)
(54, 297)
(54, 298)
(54, 299)
(54, 300)
(54, 303)
(54, 115)
(54, 158)
(54, 183)
(54, 312)
(54, 57)
(54, 186)
(54, 315)
(54, 62)
(54, 192)
(54, 322)
(54, 202)
(54, 332)
(54, 79)
(54, 81)
(54, 83)
(54, 84)
(54, 342)
(54, 347)
(54, 351)
(54, 99)
(54, 100)
(54, 101)
(54, 233)
(54, 365)
(54, 239)
(54, 369)
(54, 371)
(54, 118)
(54, 120)
(54, 378)
(54, 123)
(54, 124)
(54, 253)
(55, 388)
(55, 397)
(55, 260)
(55, 287)
(55, 70)
(55, 167)
(55, 300)
(55, 301)
(55, 307)
(55, 185)
(55, 314)
(55, 59)
(55, 65)
(55, 75)
(55, 326)
(55, 375)
(55, 76)
(55, 77)
(55, 206)
(55, 335)
(55, 208)
(55, 213)
(55, 345)
(55, 349)
(55, 351)
(55, 229)
(55, 103)
(55, 232)
(55, 362)
(55, 104)
(55, 116)
(55, 117)
(55, 247)
(55, 125)
(55, 383)
(56, 256)
(56, 259)
(56, 390)
(56, 135)
(56, 136)
(56, 265)
(56, 156)
(56, 157)
(56, 161)
(56, 162)
(56, 134)
(56, 168)
(56, 297)
(56, 300)
(56, 108)
(56, 306)
(56, 137)
(56, 57)
(56, 315)
(56, 316)
(56, 61)
(56, 320)
(56, 333)
(56, 81)
(56, 346)
(56, 221)
(56, 352)
(56, 355)
(56, 230)
(56, 361)
(56, 234)
(56, 236)
(56, 365)
(56, 238)
(56, 114)
(56, 126)
(56, 377)
(56, 123)
(56, 382)
(57, 390)
(57, 136)
(57, 265)
(57, 394)
(57, 140)
(57, 269)
(57, 398)
(57, 145)
(57, 154)
(57, 157)
(57, 286)
(57, 134)
(57, 295)
(57, 168)
(57, 297)
(57, 300)
(57, 303)
(57, 306)
(57, 158)
(57, 137)
(57, 186)
(57, 315)
(57, 62)
(57, 192)
(57, 322)
(57, 202)
(57, 79)
(57, 81)
(57, 83)
(57, 84)
(57, 342)
(57, 218)
(57, 347)
(57, 351)
(57, 100)
(57, 101)
(57, 233)
(57, 365)
(57, 239)
(57, 371)
(57, 118)
(57, 120)
(57, 123)
(57, 253)
(58, 128)
(58, 261)
(58, 148)
(58, 153)
(58, 282)
(58, 159)
(58, 164)
(58, 348)
(58, 175)
(58, 309)
(58, 311)
(58, 317)
(58, 190)
(58, 319)
(58, 336)
(58, 82)
(58, 214)
(58, 220)
(58, 93)
(58, 94)
(58, 360)
(58, 363)
(58, 111)
(58, 119)
(58, 121)
(58, 250)
(59, 388)
(59, 273)
(59, 287)
(59, 70)
(59, 167)
(59, 169)
(59, 301)
(59, 304)
(59, 184)
(59, 314)
(59, 117)
(59, 65)
(59, 75)
(59, 68)
(59, 197)
(59, 326)
(59, 328)
(59, 73)
(59, 74)
(59, 375)
(59, 206)
(59, 208)
(59, 213)
(59, 345)
(59, 349)
(59, 225)
(59, 229)
(59, 103)
(59, 232)
(59, 361)
(59, 236)
(59, 245)
(59, 247)
(59, 125)
(59, 255)
(60, 384)
(60, 98)
(60, 264)
(60, 268)
(60, 271)
(60, 146)
(60, 195)
(60, 281)
(60, 283)
(60, 291)
(60, 177)
(60, 179)
(60, 155)
(60, 182)
(60, 189)
(60, 191)
(60, 193)
(60, 203)
(60, 198)
(60, 72)
(60, 331)
(60, 204)
(60, 226)
(60, 210)
(60, 85)
(60, 143)
(60, 95)
(60, 224)
(60, 97)
(60, 354)
(60, 227)
(60, 357)
(60, 67)
(61, 256)
(61, 259)
(61, 390)
(61, 135)
(61, 136)
(61, 265)
(61, 277)
(61, 156)
(61, 161)
(61, 162)
(61, 134)
(61, 168)
(61, 114)
(61, 108)
(61, 306)
(61, 137)
(61, 316)
(61, 320)
(61, 333)
(61, 81)
(61, 211)
(61, 346)
(61, 221)
(61, 352)
(61, 355)
(61, 230)
(61, 361)
(61, 234)
(61, 236)
(61, 238)
(61, 242)
(61, 126)
(61, 377)
(61, 123)
(61, 382)
(62, 386)
(62, 134)
(62, 263)
(62, 136)
(62, 137)
(62, 394)
(62, 140)
(62, 269)
(62, 398)
(62, 145)
(62, 154)
(62, 157)
(62, 158)
(62, 159)
(62, 165)
(62, 295)
(62, 168)
(62, 297)
(62, 175)
(62, 115)
(62, 186)
(62, 315)
(62, 192)
(62, 322)
(62, 79)
(62, 337)
(62, 84)
(62, 270)
(62, 342)
(62, 89)
(62, 218)
(62, 347)
(62, 100)
(62, 101)
(62, 233)
(62, 365)
(62, 239)
(62, 371)
(62, 118)
(62, 250)
(62, 123)
(62, 253)
(63, 260)
(63, 389)
(63, 266)
(63, 396)
(63, 399)
(63, 144)
(63, 276)
(63, 286)
(63, 133)
(63, 291)
(63, 298)
(63, 71)
(63, 172)
(63, 303)
(63, 177)
(63, 307)
(63, 308)
(63, 312)
(63, 185)
(63, 187)
(63, 318)
(63, 83)
(63, 196)
(63, 199)
(63, 76)
(63, 202)
(63, 204)
(63, 78)
(63, 120)
(63, 339)
(63, 212)
(63, 213)
(63, 347)
(63, 122)
(63, 99)
(63, 356)
(63, 103)
(63, 362)
(63, 369)
(63, 371)
(63, 372)
(63, 248)
(63, 378)
(63, 127)
(63, 124)
(63, 254)
(63, 383)
(64, 256)
(64, 385)
(64, 259)
(64, 135)
(64, 137)
(64, 148)
(64, 153)
(64, 282)
(64, 156)
(64, 161)
(64, 164)
(64, 173)
(64, 316)
(64, 320)
(64, 329)
(64, 82)
(64, 211)
(64, 214)
(64, 219)
(64, 220)
(64, 221)
(64, 94)
(64, 230)
(64, 111)
(64, 242)
(64, 119)
(64, 121)
(64, 382)
(65, 388)
(65, 273)
(65, 345)
(65, 287)
(65, 160)
(65, 292)
(65, 70)
(65, 167)
(65, 169)
(65, 301)
(65, 314)
(65, 75)
(65, 68)
(65, 197)
(65, 326)
(65, 328)
(65, 74)
(65, 375)
(65, 335)
(65, 208)
(65, 209)
(65, 86)
(65, 217)
(65, 349)
(65, 225)
(65, 229)
(65, 232)
(65, 117)
(65, 247)
(65, 125)
(65, 255)
(66, 130)
(66, 131)
(66, 133)
(66, 266)
(66, 139)
(66, 396)
(66, 389)
(66, 289)
(66, 296)
(66, 71)
(66, 177)
(66, 181)
(66, 182)
(66, 313)
(66, 318)
(66, 67)
(66, 69)
(66, 199)
(66, 92)
(66, 356)
(66, 359)
(66, 106)
(66, 107)
(66, 113)
(66, 372)
(66, 248)
(66, 254)
(67, 389)
(67, 396)
(67, 271)
(67, 155)
(67, 291)
(67, 177)
(67, 179)
(67, 181)
(67, 182)
(67, 189)
(67, 318)
(67, 195)
(67, 69)
(67, 71)
(67, 268)
(67, 210)
(67, 106)
(67, 113)
(67, 254)
(68, 225)
(68, 388)
(68, 197)
(68, 328)
(68, 169)
(68, 74)
(68, 247)
(68, 125)
(68, 272)
(68, 273)
(68, 245)
(68, 375)
(68, 184)
(68, 255)
(68, 117)
(68, 349)
(68, 287)
(69, 130)
(69, 133)
(69, 266)
(69, 396)
(69, 155)
(69, 389)
(69, 289)
(69, 291)
(69, 296)
(69, 71)
(69, 177)
(69, 308)
(69, 181)
(69, 182)
(69, 313)
(69, 318)
(69, 199)
(69, 210)
(69, 212)
(69, 92)
(69, 356)
(69, 359)
(69, 106)
(69, 107)
(69, 113)
(69, 372)
(69, 248)
(69, 254)
(70, 388)
(70, 265)
(70, 273)
(70, 286)
(70, 300)
(70, 301)
(70, 303)
(70, 185)
(70, 314)
(70, 192)
(70, 326)
(70, 73)
(70, 375)
(70, 206)
(70, 208)
(70, 81)
(70, 213)
(70, 345)
(70, 349)
(70, 351)
(70, 225)
(70, 229)
(70, 103)
(70, 232)
(70, 361)
(70, 236)
(70, 104)
(70, 117)
(70, 247)
(70, 125)
(70, 383)
(71, 130)
(71, 389)
(71, 266)
(71, 268)
(71, 399)
(71, 144)
(71, 155)
(71, 133)
(71, 291)
(71, 177)
(71, 179)
(71, 308)
(71, 181)
(71, 182)
(71, 313)
(71, 187)
(71, 189)
(71, 318)
(71, 195)
(71, 196)
(71, 199)
(71, 396)
(71, 204)
(71, 78)
(71, 210)
(71, 339)
(71, 212)
(71, 143)
(71, 356)
(71, 359)
(71, 362)
(71, 113)
(71, 372)
(71, 248)
(71, 122)
(71, 106)
(71, 254)
(72, 224)
(72, 193)
(72, 226)
(72, 227)
(72, 357)
(72, 198)
(72, 264)
(72, 331)
(72, 98)
(72, 271)
(72, 146)
(72, 195)
(72, 85)
(72, 281)
(72, 179)
(72, 283)
(72, 191)
(73, 132)
(73, 390)
(73, 265)
(73, 138)
(73, 273)
(73, 162)
(73, 166)
(73, 168)
(73, 300)
(73, 304)
(73, 108)
(73, 306)
(73, 184)
(73, 314)
(73, 117)
(73, 197)
(73, 327)
(73, 81)
(73, 340)
(73, 346)
(73, 352)
(73, 225)
(73, 355)
(73, 229)
(73, 361)
(73, 234)
(73, 236)
(73, 238)
(73, 367)
(73, 114)
(73, 245)
(73, 374)
(73, 377)
(73, 126)
(73, 255)
(74, 375)
(74, 388)
(74, 273)
(74, 287)
(74, 167)
(74, 169)
(74, 184)
(74, 197)
(74, 328)
(74, 75)
(74, 335)
(74, 208)
(74, 209)
(74, 349)
(74, 272)
(74, 247)
(74, 125)
(74, 255)
(75, 388)
(75, 395)
(75, 397)
(75, 149)
(75, 287)
(75, 160)
(75, 112)
(75, 290)
(75, 292)
(75, 167)
(75, 301)
(75, 305)
(75, 314)
(75, 326)
(75, 328)
(75, 247)
(75, 77)
(75, 335)
(75, 208)
(75, 209)
(75, 86)
(75, 217)
(75, 91)
(75, 349)
(75, 353)
(75, 232)
(75, 110)
(75, 240)
(75, 104)
(75, 243)
(75, 116)
(75, 375)
(75, 379)
(75, 252)
(75, 125)
(76, 260)
(76, 133)
(76, 266)
(76, 395)
(76, 397)
(76, 399)
(76, 103)
(76, 289)
(76, 116)
(76, 301)
(76, 307)
(76, 185)
(76, 326)
(76, 199)
(76, 77)
(76, 206)
(76, 339)
(76, 212)
(76, 213)
(76, 345)
(76, 356)
(76, 359)
(76, 232)
(76, 362)
(76, 107)
(76, 104)
(76, 372)
(76, 248)
(76, 378)
(76, 383)
(77, 388)
(77, 266)
(77, 395)
(77, 397)
(77, 345)
(77, 260)
(77, 160)
(77, 289)
(77, 292)
(77, 116)
(77, 167)
(77, 301)
(77, 372)
(77, 139)
(77, 326)
(77, 199)
(77, 335)
(77, 208)
(77, 213)
(77, 86)
(77, 185)
(77, 216)
(77, 217)
(77, 91)
(77, 359)
(77, 232)
(77, 362)
(77, 107)
(77, 110)
(77, 240)
(77, 104)
(77, 244)
(77, 248)
(77, 379)
(77, 252)
(77, 125)
(78, 384)
(78, 257)
(78, 389)
(78, 396)
(78, 398)
(78, 399)
(78, 144)
(78, 276)
(78, 281)
(78, 179)
(78, 155)
(78, 133)
(78, 291)
(78, 113)
(78, 298)
(78, 299)
(78, 172)
(78, 177)
(78, 307)
(78, 308)
(78, 182)
(78, 183)
(78, 312)
(78, 185)
(78, 187)
(78, 189)
(78, 318)
(78, 83)
(78, 196)
(78, 199)
(78, 268)
(78, 202)
(78, 203)
(78, 332)
(78, 80)
(78, 339)
(78, 212)
(78, 271)
(78, 122)
(78, 96)
(78, 99)
(78, 356)
(78, 362)
(78, 369)
(78, 371)
(78, 204)
(78, 378)
(78, 124)
(78, 143)
(78, 254)
(78, 127)
(79, 134)
(79, 136)
(79, 265)
(79, 140)
(79, 269)
(79, 398)
(79, 145)
(79, 276)
(79, 154)
(79, 157)
(79, 286)
(79, 295)
(79, 168)
(79, 297)
(79, 298)
(79, 300)
(79, 303)
(79, 158)
(79, 312)
(79, 185)
(79, 186)
(79, 315)
(79, 192)
(79, 322)
(79, 202)
(79, 332)
(79, 206)
(79, 81)
(79, 83)
(79, 84)
(79, 342)
(79, 347)
(79, 351)
(79, 99)
(79, 101)
(79, 103)
(79, 361)
(79, 365)
(79, 369)
(79, 371)
(79, 118)
(79, 233)
(79, 120)
(79, 378)
(79, 123)
(79, 124)
(79, 383)
(80, 384)
(80, 257)
(80, 151)
(80, 269)
(80, 398)
(80, 271)
(80, 144)
(80, 276)
(80, 279)
(80, 152)
(80, 281)
(80, 95)
(80, 299)
(80, 172)
(80, 178)
(80, 179)
(80, 183)
(80, 312)
(80, 187)
(80, 189)
(80, 196)
(80, 332)
(80, 203)
(80, 204)
(80, 205)
(80, 84)
(80, 85)
(80, 143)
(80, 223)
(80, 96)
(80, 97)
(80, 354)
(80, 101)
(80, 368)
(80, 369)
(80, 370)
(80, 115)
(80, 122)
(80, 124)
(80, 127)
(81, 390)
(81, 136)
(81, 265)
(81, 140)
(81, 286)
(81, 134)
(81, 168)
(81, 297)
(81, 300)
(81, 303)
(81, 108)
(81, 306)
(81, 192)
(81, 322)
(81, 202)
(81, 206)
(81, 345)
(81, 346)
(81, 347)
(81, 351)
(81, 352)
(81, 229)
(81, 103)
(81, 361)
(81, 234)
(81, 236)
(81, 365)
(81, 114)
(81, 117)
(81, 120)
(81, 377)
(81, 123)
(81, 383)
(82, 128)
(82, 385)
(82, 261)
(82, 137)
(82, 394)
(82, 270)
(82, 148)
(82, 153)
(82, 282)
(82, 156)
(82, 159)
(82, 164)
(82, 173)
(82, 175)
(82, 309)
(82, 311)
(82, 317)
(82, 319)
(82, 320)
(82, 329)
(82, 211)
(82, 214)
(82, 89)
(82, 220)
(82, 93)
(82, 94)
(82, 363)
(82, 111)
(82, 242)
(82, 119)
(82, 121)
(82, 250)
(83, 172)
(83, 140)
(83, 269)
(83, 398)
(83, 399)
(83, 144)
(83, 276)
(83, 286)
(83, 295)
(83, 297)
(83, 298)
(83, 299)
(83, 300)
(83, 303)
(83, 307)
(83, 308)
(83, 158)
(83, 183)
(83, 312)
(83, 185)
(83, 187)
(83, 192)
(83, 322)
(83, 196)
(83, 202)
(83, 332)
(83, 206)
(83, 339)
(83, 212)
(83, 213)
(83, 347)
(83, 122)
(83, 351)
(83, 96)
(83, 99)
(83, 101)
(83, 103)
(83, 365)
(83, 369)
(83, 371)
(83, 120)
(83, 84)
(83, 378)
(83, 127)
(83, 124)
(83, 383)
(84, 257)
(84, 151)
(84, 140)
(84, 269)
(84, 398)
(84, 144)
(84, 145)
(84, 276)
(84, 279)
(84, 154)
(84, 286)
(84, 295)
(84, 297)
(84, 298)
(84, 299)
(84, 172)
(84, 303)
(84, 115)
(84, 158)
(84, 183)
(84, 312)
(84, 186)
(84, 315)
(84, 192)
(84, 322)
(84, 202)
(84, 332)
(84, 99)
(84, 342)
(84, 347)
(84, 122)
(84, 96)
(84, 187)
(84, 101)
(84, 233)
(84, 365)
(84, 239)
(84, 369)
(84, 371)
(84, 118)
(84, 120)
(84, 378)
(84, 123)
(84, 124)
(84, 253)
(84, 127)
(85, 384)
(85, 98)
(85, 264)
(85, 271)
(85, 146)
(85, 281)
(85, 283)
(85, 174)
(85, 178)
(85, 179)
(85, 189)
(85, 191)
(85, 193)
(85, 203)
(85, 198)
(85, 331)
(85, 226)
(85, 205)
(85, 338)
(85, 143)
(85, 95)
(85, 224)
(85, 97)
(85, 354)
(85, 227)
(85, 357)
(85, 237)
(85, 368)
(85, 370)
(86, 388)
(86, 395)
(86, 149)
(86, 150)
(86, 287)
(86, 160)
(86, 112)
(86, 290)
(86, 292)
(86, 167)
(86, 305)
(86, 326)
(86, 328)
(86, 335)
(86, 208)
(86, 209)
(86, 341)
(86, 216)
(86, 217)
(86, 91)
(86, 349)
(86, 353)
(86, 232)
(86, 110)
(86, 240)
(86, 104)
(86, 243)
(86, 244)
(86, 375)
(86, 379)
(86, 252)
(86, 125)
(87, 393)
(87, 280)
(87, 152)
(87, 293)
(87, 294)
(87, 170)
(87, 302)
(87, 178)
(87, 180)
(87, 321)
(87, 323)
(87, 201)
(87, 205)
(87, 338)
(87, 350)
(87, 223)
(87, 354)
(87, 231)
(87, 237)
(87, 368)
(87, 249)
(87, 251)
(88, 129)
(88, 132)
(88, 262)
(88, 138)
(88, 267)
(88, 141)
(88, 142)
(88, 272)
(88, 275)
(88, 197)
(88, 162)
(88, 166)
(88, 171)
(88, 304)
(88, 184)
(88, 188)
(88, 245)
(88, 324)
(88, 325)
(88, 327)
(88, 200)
(88, 330)
(88, 340)
(88, 215)
(88, 90)
(88, 358)
(88, 235)
(88, 238)
(88, 367)
(88, 147)
(88, 373)
(88, 374)
(89, 128)
(89, 386)
(89, 261)
(89, 263)
(89, 392)
(89, 137)
(89, 394)
(89, 270)
(89, 145)
(89, 154)
(89, 111)
(89, 285)
(89, 159)
(89, 163)
(89, 165)
(89, 295)
(89, 175)
(89, 311)
(89, 186)
(89, 315)
(89, 319)
(89, 336)
(89, 337)
(89, 342)
(89, 218)
(89, 220)
(89, 93)
(89, 100)
(89, 233)
(89, 363)
(89, 109)
(89, 239)
(89, 157)
(89, 118)
(89, 121)
(89, 250)
(89, 123)
(89, 380)
(89, 253)
(90, 129)
(90, 132)
(90, 262)
(90, 138)
(90, 267)
(90, 141)
(90, 142)
(90, 272)
(90, 275)
(90, 197)
(90, 162)
(90, 166)
(90, 171)
(90, 304)
(90, 184)
(90, 188)
(90, 215)
(90, 373)
(90, 324)
(90, 325)
(90, 327)
(90, 200)
(90, 330)
(90, 334)
(90, 340)
(90, 343)
(90, 346)
(90, 246)
(90, 355)
(90, 358)
(90, 235)
(90, 238)
(90, 367)
(90, 147)
(90, 245)
(90, 374)
(90, 381)
(91, 131)
(91, 139)
(91, 397)
(91, 149)
(91, 150)
(91, 160)
(91, 289)
(91, 290)
(91, 292)
(91, 167)
(91, 112)
(91, 305)
(91, 395)
(91, 335)
(91, 209)
(91, 341)
(91, 216)
(91, 217)
(91, 353)
(91, 110)
(91, 240)
(91, 243)
(91, 244)
(91, 379)
(91, 252)
(92, 130)
(92, 131)
(92, 266)
(92, 139)
(92, 396)
(92, 397)
(92, 289)
(92, 296)
(92, 372)
(92, 395)
(92, 199)
(92, 313)
(92, 216)
(92, 359)
(92, 107)
(92, 244)
(92, 248)
(92, 379)
(93, 128)
(93, 261)
(93, 263)
(93, 137)
(93, 394)
(93, 270)
(93, 148)
(93, 153)
(93, 282)
(93, 175)
(93, 285)
(93, 159)
(93, 157)
(93, 309)
(93, 311)
(93, 317)
(93, 319)
(93, 336)
(93, 218)
(93, 220)
(93, 100)
(93, 233)
(93, 363)
(93, 111)
(93, 119)
(93, 121)
(93, 250)
(93, 380)
(94, 128)
(94, 385)
(94, 148)
(94, 153)
(94, 282)
(94, 156)
(94, 164)
(94, 173)
(94, 309)
(94, 311)
(94, 317)
(94, 329)
(94, 211)
(94, 214)
(94, 220)
(94, 111)
(94, 119)
(94, 121)
(95, 384)
(95, 257)
(95, 151)
(95, 271)
(95, 144)
(95, 152)
(95, 279)
(95, 280)
(95, 281)
(95, 299)
(95, 172)
(95, 178)
(95, 179)
(95, 183)
(95, 187)
(95, 189)
(95, 193)
(95, 203)
(95, 332)
(95, 331)
(95, 204)
(95, 205)
(95, 143)
(95, 223)
(95, 96)
(95, 97)
(95, 354)
(95, 227)
(95, 231)
(95, 237)
(95, 368)
(95, 369)
(95, 370)
(95, 115)
(95, 122)
(95, 127)
(96, 384)
(96, 257)
(96, 115)
(96, 151)
(96, 268)
(96, 269)
(96, 398)
(96, 271)
(96, 144)
(96, 276)
(96, 279)
(96, 281)
(96, 291)
(96, 298)
(96, 299)
(96, 172)
(96, 179)
(96, 308)
(96, 183)
(96, 312)
(96, 187)
(96, 189)
(96, 196)
(96, 332)
(96, 203)
(96, 204)
(96, 205)
(96, 143)
(96, 97)
(96, 354)
(96, 101)
(96, 369)
(96, 370)
(96, 371)
(96, 122)
(96, 124)
(96, 127)
(97, 384)
(97, 257)
(97, 98)
(97, 264)
(97, 271)
(97, 152)
(97, 146)
(97, 151)
(97, 280)
(97, 281)
(97, 283)
(97, 172)
(97, 174)
(97, 178)
(97, 179)
(97, 189)
(97, 191)
(97, 193)
(97, 203)
(97, 331)
(97, 204)
(97, 226)
(97, 205)
(97, 338)
(97, 143)
(97, 223)
(97, 354)
(97, 227)
(97, 357)
(97, 237)
(97, 368)
(97, 370)
(98, 264)
(98, 146)
(98, 281)
(98, 283)
(98, 174)
(98, 179)
(98, 189)
(98, 191)
(98, 193)
(98, 195)
(98, 198)
(98, 331)
(98, 226)
(98, 338)
(98, 271)
(98, 224)
(98, 354)
(98, 227)
(98, 357)
(99, 133)
(99, 172)
(99, 140)
(99, 269)
(99, 398)
(99, 399)
(99, 144)
(99, 276)
(99, 286)
(99, 297)
(99, 298)
(99, 300)
(99, 303)
(99, 307)
(99, 308)
(99, 158)
(99, 183)
(99, 312)
(99, 185)
(99, 187)
(99, 192)
(99, 322)
(99, 196)
(99, 202)
(99, 332)
(99, 206)
(99, 339)
(99, 212)
(99, 213)
(99, 345)
(99, 347)
(99, 122)
(99, 351)
(99, 356)
(99, 103)
(99, 362)
(99, 365)
(99, 369)
(99, 371)
(99, 120)
(99, 378)
(99, 127)
(99, 124)
(99, 383)
(100, 128)
(100, 386)
(100, 261)
(100, 263)
(100, 392)
(100, 137)
(100, 394)
(100, 140)
(100, 269)
(100, 270)
(100, 145)
(100, 279)
(100, 154)
(100, 285)
(100, 158)
(100, 159)
(100, 163)
(100, 165)
(100, 295)
(100, 175)
(100, 136)
(100, 180)
(100, 311)
(100, 186)
(100, 315)
(100, 337)
(100, 342)
(100, 218)
(100, 123)
(100, 101)
(100, 233)
(100, 363)
(100, 109)
(100, 239)
(100, 157)
(100, 115)
(100, 118)
(100, 250)
(100, 251)
(100, 380)
(100, 253)
(101, 257)
(101, 386)
(101, 151)
(101, 140)
(101, 269)
(101, 398)
(101, 145)
(101, 276)
(101, 279)
(101, 154)
(101, 158)
(101, 165)
(101, 295)
(101, 298)
(101, 299)
(101, 172)
(101, 115)
(101, 183)
(101, 312)
(101, 186)
(101, 315)
(101, 322)
(101, 332)
(101, 205)
(101, 337)
(101, 342)
(101, 218)
(101, 347)
(101, 187)
(101, 231)
(101, 233)
(101, 239)
(101, 369)
(101, 370)
(101, 371)
(101, 118)
(101, 120)
(101, 123)
(101, 124)
(101, 253)
(101, 127)
(102, 288)
(102, 176)
(102, 258)
(102, 360)
(102, 105)
(102, 364)
(102, 366)
(102, 207)
(102, 336)
(102, 344)
(102, 348)
(102, 190)
(102, 319)
(103, 265)
(103, 140)
(103, 286)
(103, 168)
(103, 297)
(103, 298)
(103, 300)
(103, 301)
(103, 303)
(103, 307)
(103, 312)
(103, 185)
(103, 314)
(103, 192)
(103, 322)
(103, 326)
(103, 202)
(103, 206)
(103, 339)
(103, 213)
(103, 345)
(103, 347)
(103, 351)
(103, 229)
(103, 232)
(103, 361)
(103, 362)
(103, 236)
(103, 365)
(103, 104)
(103, 371)
(103, 120)
(103, 378)
(103, 383)
(104, 388)
(104, 395)
(104, 397)
(104, 217)
(104, 260)
(104, 287)
(104, 160)
(104, 289)
(104, 292)
(104, 116)
(104, 167)
(104, 301)
(104, 307)
(104, 185)
(104, 314)
(104, 326)
(104, 199)
(104, 206)
(104, 335)
(104, 208)
(104, 213)
(104, 345)
(104, 229)
(104, 232)
(104, 362)
(104, 107)
(104, 240)
(104, 372)
(104, 375)
(104, 248)
(104, 379)
(104, 125)
(104, 383)
(105, 288)
(105, 321)
(105, 258)
(105, 360)
(105, 348)
(105, 176)
(105, 364)
(105, 366)
(105, 207)
(105, 336)
(105, 344)
(105, 380)
(105, 190)
(105, 319)
(106, 130)
(106, 133)
(106, 266)
(106, 268)
(106, 155)
(106, 389)
(106, 291)
(106, 177)
(106, 181)
(106, 182)
(106, 313)
(106, 318)
(106, 195)
(106, 396)
(106, 210)
(106, 113)
(106, 254)
(107, 130)
(107, 131)
(107, 260)
(107, 389)
(107, 266)
(107, 395)
(107, 396)
(107, 397)
(107, 133)
(107, 289)
(107, 244)
(107, 116)
(107, 296)
(107, 313)
(107, 318)
(107, 139)
(107, 199)
(107, 216)
(107, 356)
(107, 359)
(107, 232)
(107, 362)
(107, 240)
(107, 372)
(107, 248)
(107, 379)
(107, 254)
(108, 256)
(108, 259)
(108, 390)
(108, 135)
(108, 136)
(108, 265)
(108, 138)
(108, 277)
(108, 156)
(108, 161)
(108, 162)
(108, 134)
(108, 166)
(108, 168)
(108, 114)
(108, 306)
(108, 137)
(108, 316)
(108, 320)
(108, 327)
(108, 333)
(108, 346)
(108, 219)
(108, 221)
(108, 222)
(108, 352)
(108, 355)
(108, 230)
(108, 361)
(108, 234)
(108, 236)
(108, 238)
(108, 367)
(108, 241)
(108, 242)
(108, 126)
(108, 374)
(108, 377)
(108, 382)
(109, 386)
(109, 261)
(109, 391)
(109, 392)
(109, 393)
(109, 270)
(109, 152)
(109, 279)
(109, 280)
(109, 285)
(109, 163)
(109, 293)
(109, 294)
(109, 170)
(109, 263)
(109, 302)
(109, 180)
(109, 310)
(109, 321)
(109, 323)
(109, 201)
(109, 337)
(109, 218)
(109, 350)
(109, 165)
(109, 231)
(109, 239)
(109, 249)
(109, 251)
(109, 380)
(109, 253)
(110, 131)
(110, 139)
(110, 397)
(110, 149)
(110, 150)
(110, 160)
(110, 289)
(110, 290)
(110, 292)
(110, 167)
(110, 112)
(110, 305)
(110, 116)
(110, 395)
(110, 335)
(110, 209)
(110, 341)
(110, 216)
(110, 217)
(110, 353)
(110, 240)
(110, 243)
(110, 244)
(110, 379)
(110, 252)
(111, 128)
(111, 385)
(111, 137)
(111, 394)
(111, 270)
(111, 148)
(111, 153)
(111, 282)
(111, 156)
(111, 159)
(111, 164)
(111, 173)
(111, 175)
(111, 309)
(111, 311)
(111, 317)
(111, 320)
(111, 329)
(111, 211)
(111, 214)
(111, 220)
(111, 363)
(111, 242)
(111, 119)
(111, 121)
(111, 250)
(112, 395)
(112, 150)
(112, 160)
(112, 290)
(112, 292)
(112, 167)
(112, 305)
(112, 335)
(112, 209)
(112, 341)
(112, 216)
(112, 217)
(112, 353)
(112, 240)
(112, 243)
(112, 244)
(112, 379)
(112, 252)
(112, 149)
(113, 130)
(113, 389)
(113, 266)
(113, 268)
(113, 399)
(113, 155)
(113, 133)
(113, 291)
(113, 177)
(113, 179)
(113, 308)
(113, 181)
(113, 182)
(113, 313)
(113, 189)
(113, 318)
(113, 195)
(113, 196)
(113, 199)
(113, 396)
(113, 204)
(113, 210)
(113, 212)
(113, 271)
(113, 356)
(113, 359)
(113, 372)
(113, 248)
(113, 143)
(113, 254)
(114, 126)
(114, 259)
(114, 132)
(114, 390)
(114, 265)
(114, 138)
(114, 267)
(114, 277)
(114, 162)
(114, 166)
(114, 168)
(114, 117)
(114, 304)
(114, 306)
(114, 184)
(114, 316)
(114, 373)
(114, 325)
(114, 327)
(114, 333)
(114, 340)
(114, 346)
(114, 221)
(114, 352)
(114, 225)
(114, 355)
(114, 230)
(114, 361)
(114, 234)
(114, 236)
(114, 238)
(114, 367)
(114, 245)
(114, 374)
(114, 377)
(114, 382)
(115, 257)
(115, 386)
(115, 393)
(115, 151)
(115, 140)
(115, 269)
(115, 398)
(115, 144)
(115, 276)
(115, 279)
(115, 152)
(115, 154)
(115, 158)
(115, 165)
(115, 295)
(115, 298)
(115, 299)
(115, 172)
(115, 180)
(115, 183)
(115, 312)
(115, 186)
(115, 187)
(115, 203)
(115, 332)
(115, 205)
(115, 337)
(115, 342)
(115, 347)
(115, 223)
(115, 231)
(115, 233)
(115, 239)
(115, 369)
(115, 370)
(115, 371)
(115, 118)
(115, 124)
(115, 253)
(115, 127)
(116, 388)
(116, 266)
(116, 395)
(116, 397)
(116, 260)
(116, 160)
(116, 289)
(116, 292)
(116, 167)
(116, 301)
(116, 307)
(116, 372)
(116, 139)
(116, 326)
(116, 199)
(116, 206)
(116, 335)
(116, 208)
(116, 213)
(116, 185)
(116, 216)
(116, 345)
(116, 359)
(116, 232)
(116, 362)
(116, 240)
(116, 244)
(116, 248)
(116, 379)
(116, 252)
(116, 125)
(116, 383)
(117, 388)
(117, 138)
(117, 272)
(117, 273)
(117, 287)
(117, 162)
(117, 169)
(117, 300)
(117, 301)
(117, 304)
(117, 184)
(117, 314)
(117, 197)
(117, 326)
(117, 327)
(117, 375)
(117, 206)
(117, 208)
(117, 345)
(117, 346)
(117, 349)
(117, 352)
(117, 225)
(117, 229)
(117, 361)
(117, 236)
(117, 245)
(117, 247)
(117, 377)
(117, 125)
(117, 255)
(118, 386)
(118, 392)
(118, 394)
(118, 140)
(118, 269)
(118, 398)
(118, 145)
(118, 279)
(118, 154)
(118, 157)
(118, 158)
(118, 163)
(118, 165)
(118, 295)
(118, 297)
(118, 299)
(118, 183)
(118, 186)
(118, 315)
(118, 322)
(118, 332)
(118, 337)
(118, 270)
(118, 342)
(118, 218)
(118, 347)
(118, 233)
(118, 365)
(118, 239)
(118, 369)
(118, 371)
(118, 120)
(118, 250)
(118, 123)
(118, 253)
(119, 128)
(119, 385)
(119, 137)
(119, 394)
(119, 148)
(119, 153)
(119, 282)
(119, 156)
(119, 159)
(119, 164)
(119, 173)
(119, 175)
(119, 309)
(119, 311)
(119, 317)
(119, 329)
(119, 211)
(119, 214)
(119, 220)
(119, 363)
(119, 242)
(119, 121)
(120, 134)
(120, 140)
(120, 269)
(120, 398)
(120, 145)
(120, 276)
(120, 286)
(120, 295)
(120, 168)
(120, 297)
(120, 298)
(120, 300)
(120, 303)
(120, 307)
(120, 158)
(120, 312)
(120, 185)
(120, 315)
(120, 192)
(120, 322)
(120, 202)
(120, 332)
(120, 206)
(120, 213)
(120, 342)
(120, 345)
(120, 347)
(120, 351)
(120, 361)
(120, 365)
(120, 369)
(120, 371)
(120, 378)
(120, 123)
(120, 124)
(120, 383)
(121, 256)
(121, 385)
(121, 135)
(121, 136)
(121, 137)
(121, 394)
(121, 270)
(121, 148)
(121, 153)
(121, 282)
(121, 156)
(121, 157)
(121, 159)
(121, 164)
(121, 173)
(121, 175)
(121, 128)
(121, 309)
(121, 311)
(121, 317)
(121, 320)
(121, 329)
(121, 211)
(121, 214)
(121, 220)
(121, 363)
(121, 242)
(121, 250)
(121, 382)
(122, 384)
(122, 257)
(122, 389)
(122, 268)
(122, 269)
(122, 398)
(122, 399)
(122, 144)
(122, 276)
(122, 151)
(122, 281)
(122, 179)
(122, 155)
(122, 133)
(122, 291)
(122, 298)
(122, 299)
(122, 172)
(122, 177)
(122, 307)
(122, 308)
(122, 183)
(122, 312)
(122, 185)
(122, 187)
(122, 189)
(122, 318)
(122, 196)
(122, 204)
(122, 202)
(122, 203)
(122, 332)
(122, 339)
(122, 212)
(122, 347)
(122, 356)
(122, 369)
(122, 370)
(122, 371)
(122, 378)
(122, 124)
(122, 143)
(122, 254)
(122, 127)
(123, 192)
(123, 390)
(123, 136)
(123, 265)
(123, 394)
(123, 140)
(123, 269)
(123, 398)
(123, 145)
(123, 154)
(123, 157)
(123, 286)
(123, 134)
(123, 295)
(123, 168)
(123, 297)
(123, 300)
(123, 303)
(123, 306)
(123, 158)
(123, 137)
(123, 186)
(123, 315)
(123, 320)
(123, 322)
(123, 270)
(123, 342)
(123, 218)
(123, 347)
(123, 351)
(123, 233)
(123, 365)
(123, 371)
(123, 250)
(123, 253)
(124, 384)
(124, 257)
(124, 133)
(124, 140)
(124, 269)
(124, 398)
(124, 399)
(124, 144)
(124, 276)
(124, 286)
(124, 291)
(124, 298)
(124, 299)
(124, 172)
(124, 303)
(124, 307)
(124, 308)
(124, 183)
(124, 312)
(124, 185)
(124, 187)
(124, 196)
(124, 204)
(124, 202)
(124, 203)
(124, 332)
(124, 339)
(124, 212)
(124, 347)
(124, 356)
(124, 369)
(124, 371)
(124, 378)
(124, 143)
(124, 127)
(125, 388)
(125, 273)
(125, 345)
(125, 287)
(125, 160)
(125, 292)
(125, 167)
(125, 169)
(125, 301)
(125, 314)
(125, 326)
(125, 328)
(125, 375)
(125, 335)
(125, 208)
(125, 209)
(125, 217)
(125, 349)
(125, 229)
(125, 232)
(125, 247)
(125, 255)
(126, 259)
(126, 132)
(126, 390)
(126, 135)
(126, 265)
(126, 138)
(126, 267)
(126, 277)
(126, 161)
(126, 162)
(126, 166)
(126, 304)
(126, 306)
(126, 316)
(126, 245)
(126, 325)
(126, 327)
(126, 200)
(126, 333)
(126, 340)
(126, 343)
(126, 346)
(126, 221)
(126, 222)
(126, 352)
(126, 225)
(126, 355)
(126, 228)
(126, 230)
(126, 361)
(126, 234)
(126, 236)
(126, 238)
(126, 367)
(126, 241)
(126, 373)
(126, 374)
(126, 377)
(126, 382)
(127, 384)
(127, 257)
(127, 133)
(127, 151)
(127, 268)
(127, 269)
(127, 398)
(127, 399)
(127, 144)
(127, 276)
(127, 279)
(127, 281)
(127, 291)
(127, 298)
(127, 299)
(127, 172)
(127, 179)
(127, 308)
(127, 183)
(127, 312)
(127, 187)
(127, 189)
(127, 196)
(127, 204)
(127, 202)
(127, 203)
(127, 332)
(127, 205)
(127, 339)
(127, 212)
(127, 347)
(127, 369)
(127, 370)
(127, 371)
(127, 378)
(127, 143)
(128, 261)
(128, 263)
(128, 137)
(128, 394)
(128, 270)
(128, 148)
(128, 153)
(128, 282)
(128, 285)
(128, 159)
(128, 348)
(128, 175)
(128, 309)
(128, 311)
(128, 317)
(128, 190)
(128, 319)
(128, 207)
(128, 336)
(128, 214)
(128, 218)
(128, 220)
(128, 233)
(128, 363)
(128, 157)
(128, 250)
(128, 380)
(129, 132)
(129, 262)
(129, 138)
(129, 267)
(129, 141)
(129, 142)
(129, 272)
(129, 147)
(129, 197)
(129, 162)
(129, 166)
(129, 171)
(129, 304)
(129, 184)
(129, 188)
(129, 245)
(129, 324)
(129, 325)
(129, 327)
(129, 200)
(129, 330)
(129, 340)
(129, 215)
(129, 358)
(129, 235)
(129, 238)
(129, 367)
(129, 373)
(129, 374)
(130, 131)
(130, 260)
(130, 389)
(130, 266)
(130, 139)
(130, 396)
(130, 397)
(130, 289)
(130, 244)
(130, 296)
(130, 181)
(130, 313)
(130, 318)
(130, 395)
(130, 199)
(130, 216)
(130, 356)
(130, 359)
(130, 372)
(130, 248)
(130, 254)
(131, 266)
(131, 139)
(131, 397)
(131, 150)
(131, 289)
(131, 296)
(131, 305)
(131, 372)
(131, 395)
(131, 341)
(131, 313)
(131, 216)
(131, 353)
(131, 359)
(131, 240)
(131, 244)
(131, 248)
(131, 379)
(132, 262)
(132, 138)
(132, 267)
(132, 141)
(132, 142)
(132, 272)
(132, 275)
(132, 197)
(132, 162)
(132, 166)
(132, 171)
(132, 304)
(132, 184)
(132, 188)
(132, 245)
(132, 324)
(132, 325)
(132, 327)
(132, 200)
(132, 334)
(132, 340)
(132, 343)
(132, 346)
(132, 222)
(132, 225)
(132, 355)
(132, 228)
(132, 238)
(132, 367)
(132, 147)
(132, 373)
(132, 374)
(133, 260)
(133, 389)
(133, 266)
(133, 396)
(133, 399)
(133, 144)
(133, 276)
(133, 155)
(133, 291)
(133, 298)
(133, 177)
(133, 307)
(133, 308)
(133, 182)
(133, 312)
(133, 185)
(133, 187)
(133, 318)
(133, 196)
(133, 199)
(133, 268)
(133, 204)
(133, 339)
(133, 212)
(133, 143)
(133, 356)
(133, 359)
(133, 362)
(133, 372)
(133, 248)
(133, 378)
(133, 254)
(134, 192)
(134, 259)
(134, 390)
(134, 135)
(134, 136)
(134, 265)
(134, 140)
(134, 145)
(134, 157)
(134, 295)
(134, 168)
(134, 297)
(134, 300)
(134, 306)
(134, 137)
(134, 315)
(134, 320)
(134, 322)
(134, 342)
(134, 351)
(134, 352)
(134, 230)
(134, 233)
(134, 234)
(134, 236)
(134, 365)
(134, 361)
(134, 377)
(134, 382)
(135, 256)
(135, 385)
(135, 259)
(135, 390)
(135, 136)
(135, 137)
(135, 277)
(135, 153)
(135, 156)
(135, 161)
(135, 173)
(135, 306)
(135, 316)
(135, 320)
(135, 329)
(135, 333)
(135, 211)
(135, 219)
(135, 221)
(135, 352)
(135, 355)
(135, 230)
(135, 234)
(135, 241)
(135, 242)
(135, 377)
(135, 382)
(136, 192)
(136, 259)
(136, 390)
(136, 265)
(136, 394)
(136, 140)
(136, 145)
(136, 154)
(136, 156)
(136, 157)
(136, 295)
(136, 168)
(136, 297)
(136, 306)
(136, 137)
(136, 315)
(136, 320)
(136, 322)
(136, 342)
(136, 352)
(136, 230)
(136, 233)
(136, 234)
(136, 236)
(136, 365)
(136, 377)
(136, 382)
(137, 256)
(137, 394)
(137, 270)
(137, 145)
(137, 148)
(137, 153)
(137, 282)
(137, 156)
(137, 157)
(137, 159)
(137, 295)
(137, 175)
(137, 311)
(137, 315)
(137, 320)
(137, 329)
(137, 342)
(137, 218)
(137, 220)
(137, 230)
(137, 233)
(137, 363)
(137, 242)
(137, 250)
(137, 382)
(138, 259)
(138, 390)
(138, 265)
(138, 267)
(138, 273)
(138, 197)
(138, 162)
(138, 166)
(138, 304)
(138, 306)
(138, 184)
(138, 188)
(138, 373)
(138, 325)
(138, 327)
(138, 333)
(138, 340)
(138, 346)
(138, 352)
(138, 225)
(138, 355)
(138, 361)
(138, 234)
(138, 236)
(138, 238)
(138, 367)
(138, 245)
(138, 374)
(138, 377)
(138, 255)
(139, 260)
(139, 266)
(139, 397)
(139, 150)
(139, 289)
(139, 296)
(139, 305)
(139, 372)
(139, 395)
(139, 199)
(139, 341)
(139, 313)
(139, 216)
(139, 353)
(139, 359)
(139, 240)
(139, 244)
(139, 248)
(139, 379)
(139, 252)
(140, 269)
(140, 398)
(140, 145)
(140, 276)
(140, 154)
(140, 157)
(140, 286)
(140, 295)
(140, 168)
(140, 297)
(140, 298)
(140, 299)
(140, 300)
(140, 303)
(140, 158)
(140, 183)
(140, 312)
(140, 186)
(140, 315)
(140, 192)
(140, 322)
(140, 202)
(140, 332)
(140, 342)
(140, 347)
(140, 351)
(140, 233)
(140, 365)
(140, 239)
(140, 369)
(140, 371)
(140, 378)
(140, 253)
(140, 383)
(141, 387)
(141, 262)
(141, 267)
(141, 142)
(141, 275)
(141, 278)
(141, 284)
(141, 166)
(141, 171)
(141, 188)
(141, 215)
(141, 324)
(141, 325)
(141, 200)
(141, 330)
(141, 334)
(141, 340)
(141, 343)
(141, 374)
(141, 358)
(141, 235)
(141, 367)
(141, 147)
(141, 373)
(141, 246)
(141, 376)
(141, 381)
(142, 387)
(142, 262)
(142, 267)
(142, 275)
(142, 278)
(142, 284)
(142, 166)
(142, 171)
(142, 188)
(142, 215)
(142, 194)
(142, 324)
(142, 325)
(142, 200)
(142, 330)
(142, 334)
(142, 340)
(142, 343)
(142, 222)
(142, 228)
(142, 374)
(142, 358)
(142, 235)
(142, 367)
(142, 241)
(142, 147)
(142, 373)
(142, 246)
(142, 376)
(142, 381)
(143, 384)
(143, 257)
(143, 389)
(143, 268)
(143, 271)
(143, 144)
(143, 281)
(143, 155)
(143, 283)
(143, 291)
(143, 172)
(143, 177)
(143, 179)
(143, 308)
(143, 182)
(143, 183)
(143, 187)
(143, 189)
(143, 318)
(143, 191)
(143, 195)
(143, 196)
(143, 203)
(143, 204)
(143, 212)
(143, 227)
(143, 370)
(143, 254)
(144, 384)
(144, 257)
(144, 389)
(144, 268)
(144, 269)
(144, 398)
(144, 399)
(144, 276)
(144, 151)
(144, 281)
(144, 179)
(144, 155)
(144, 291)
(144, 298)
(144, 299)
(144, 172)
(144, 177)
(144, 307)
(144, 308)
(144, 183)
(144, 312)
(144, 347)
(144, 187)
(144, 189)
(144, 318)
(144, 196)
(144, 204)
(144, 202)
(144, 203)
(144, 332)
(144, 339)
(144, 212)
(144, 271)
(144, 356)
(144, 369)
(144, 370)
(144, 371)
(144, 378)
(144, 254)
(145, 394)
(145, 269)
(145, 398)
(145, 154)
(145, 157)
(145, 158)
(145, 159)
(145, 165)
(145, 295)
(145, 168)
(145, 297)
(145, 175)
(145, 186)
(145, 315)
(145, 192)
(145, 322)
(145, 270)
(145, 342)
(145, 218)
(145, 347)
(145, 233)
(145, 365)
(145, 239)
(145, 371)
(145, 250)
(145, 253)
(146, 264)
(146, 281)
(146, 283)
(146, 174)
(146, 191)
(146, 193)
(146, 198)
(146, 331)
(146, 226)
(146, 338)
(146, 224)
(146, 354)
(146, 227)
(146, 357)
(146, 237)
(146, 368)
(147, 387)
(147, 262)
(147, 267)
(147, 274)
(147, 275)
(147, 277)
(147, 278)
(147, 284)
(147, 166)
(147, 171)
(147, 188)
(147, 215)
(147, 194)
(147, 324)
(147, 325)
(147, 200)
(147, 330)
(147, 334)
(147, 340)
(147, 343)
(147, 222)
(147, 355)
(147, 228)
(147, 374)
(147, 358)
(147, 235)
(147, 367)
(147, 241)
(147, 373)
(147, 246)
(147, 376)
(147, 381)
(148, 385)
(148, 153)
(148, 282)
(148, 175)
(148, 156)
(148, 159)
(148, 164)
(148, 173)
(148, 309)
(148, 311)
(148, 317)
(148, 329)
(148, 211)
(148, 214)
(148, 220)
(148, 363)
(148, 242)
(149, 150)
(149, 160)
(149, 290)
(149, 292)
(149, 167)
(149, 305)
(149, 335)
(149, 209)
(149, 341)
(149, 216)
(149, 217)
(149, 353)
(149, 240)
(149, 243)
(149, 244)
(149, 379)
(149, 252)
(150, 395)
(150, 160)
(150, 290)
(150, 292)
(150, 305)
(150, 341)
(150, 216)
(150, 217)
(150, 353)
(150, 240)
(150, 243)
(150, 244)
(150, 379)
(150, 252)
(151, 384)
(151, 257)
(151, 386)
(151, 393)
(151, 269)
(151, 398)
(151, 152)
(151, 279)
(151, 280)
(151, 165)
(151, 294)
(151, 299)
(151, 172)
(151, 302)
(151, 178)
(151, 180)
(151, 183)
(151, 186)
(151, 204)
(151, 203)
(151, 332)
(151, 205)
(151, 337)
(151, 223)
(151, 354)
(151, 231)
(151, 237)
(151, 239)
(151, 368)
(151, 369)
(151, 370)
(151, 253)
(152, 257)
(152, 386)
(152, 393)
(152, 279)
(152, 280)
(152, 293)
(152, 294)
(152, 170)
(152, 299)
(152, 302)
(152, 178)
(152, 180)
(152, 183)
(152, 323)
(152, 203)
(152, 205)
(152, 337)
(152, 338)
(152, 223)
(152, 165)
(152, 354)
(152, 231)
(152, 237)
(152, 239)
(152, 368)
(152, 370)
(152, 249)
(152, 251)
(152, 253)
(153, 256)
(153, 385)
(153, 282)
(153, 175)
(153, 156)
(153, 164)
(153, 173)
(153, 309)
(153, 311)
(153, 317)
(153, 320)
(153, 329)
(153, 211)
(153, 214)
(153, 220)
(153, 363)
(153, 242)
(154, 386)
(154, 263)
(154, 392)
(154, 394)
(154, 269)
(154, 398)
(154, 279)
(154, 157)
(154, 158)
(154, 163)
(154, 165)
(154, 295)
(154, 297)
(154, 299)
(154, 183)
(154, 186)
(154, 315)
(154, 322)
(154, 332)
(154, 337)
(154, 270)
(154, 342)
(154, 218)
(154, 347)
(154, 233)
(154, 365)
(154, 239)
(154, 371)
(154, 250)
(154, 253)
(155, 384)
(155, 389)
(155, 266)
(155, 268)
(155, 271)
(155, 281)
(155, 291)
(155, 177)
(155, 179)
(155, 308)
(155, 181)
(155, 182)
(155, 189)
(155, 318)
(155, 195)
(155, 196)
(155, 396)
(155, 204)
(155, 210)
(155, 212)
(155, 356)
(155, 254)
(156, 256)
(156, 385)
(156, 259)
(156, 282)
(156, 161)
(156, 164)
(156, 173)
(156, 311)
(156, 316)
(156, 320)
(156, 329)
(156, 333)
(156, 211)
(156, 214)
(156, 219)
(156, 220)
(156, 221)
(156, 230)
(156, 242)
(156, 382)
(157, 394)
(157, 270)
(157, 158)
(157, 159)
(157, 295)
(157, 168)
(157, 297)
(157, 175)
(157, 311)
(157, 186)
(157, 315)
(157, 320)
(157, 322)
(157, 342)
(157, 218)
(157, 220)
(157, 233)
(157, 363)
(157, 365)
(157, 250)
(157, 253)
(158, 257)
(158, 386)
(158, 269)
(158, 398)
(158, 276)
(158, 279)
(158, 286)
(158, 165)
(158, 295)
(158, 297)
(158, 298)
(158, 299)
(158, 303)
(158, 183)
(158, 312)
(158, 186)
(158, 315)
(158, 192)
(158, 322)
(158, 202)
(158, 332)
(158, 337)
(158, 342)
(158, 218)
(158, 347)
(158, 233)
(158, 365)
(158, 239)
(158, 369)
(158, 371)
(158, 253)
(159, 261)
(159, 263)
(159, 392)
(159, 394)
(159, 270)
(159, 282)
(159, 285)
(159, 163)
(159, 175)
(159, 311)
(159, 315)
(159, 317)
(159, 319)
(159, 207)
(159, 336)
(159, 218)
(159, 220)
(159, 233)
(159, 363)
(159, 250)
(159, 380)
(160, 388)
(160, 395)
(160, 397)
(160, 287)
(160, 290)
(160, 292)
(160, 167)
(160, 305)
(160, 326)
(160, 335)
(160, 208)
(160, 209)
(160, 341)
(160, 216)
(160, 217)
(160, 353)
(160, 232)
(160, 240)
(160, 243)
(160, 244)
(160, 375)
(160, 379)
(160, 252)
(161, 256)
(161, 385)
(161, 259)
(161, 390)
(161, 267)
(161, 274)
(161, 277)
(161, 162)
(161, 173)
(161, 306)
(161, 316)
(161, 320)
(161, 194)
(161, 329)
(161, 333)
(161, 334)
(161, 211)
(161, 343)
(161, 219)
(161, 221)
(161, 222)
(161, 355)
(161, 228)
(161, 230)
(161, 234)
(161, 238)
(161, 241)
(161, 242)
(161, 373)
(161, 382)
(162, 259)
(162, 390)
(162, 265)
(162, 267)
(162, 188)
(162, 277)
(162, 166)
(162, 171)
(162, 304)
(162, 306)
(162, 184)
(162, 316)
(162, 245)
(162, 324)
(162, 325)
(162, 327)
(162, 200)
(162, 333)
(162, 334)
(162, 340)
(162, 343)
(162, 346)
(162, 221)
(162, 222)
(162, 352)
(162, 225)
(162, 355)
(162, 228)
(162, 230)
(162, 361)
(162, 234)
(162, 236)
(162, 238)
(162, 367)
(162, 241)
(162, 373)
(162, 374)
(162, 377)
(162, 382)
(163, 386)
(163, 261)
(163, 391)
(163, 392)
(163, 393)
(163, 270)
(163, 279)
(163, 285)
(163, 293)
(163, 170)
(163, 263)
(163, 302)
(163, 180)
(163, 310)
(163, 186)
(163, 321)
(163, 323)
(163, 201)
(163, 207)
(163, 337)
(163, 218)
(163, 350)
(163, 165)
(163, 231)
(163, 233)
(163, 239)
(163, 249)
(163, 250)
(163, 251)
(163, 380)
(163, 253)
(164, 256)
(164, 385)
(164, 329)
(164, 173)
(164, 242)
(164, 211)
(164, 309)
(164, 214)
(164, 282)
(164, 220)
(165, 386)
(165, 299)
(165, 261)
(165, 263)
(165, 392)
(165, 393)
(165, 269)
(165, 270)
(165, 279)
(165, 280)
(165, 285)
(165, 293)
(165, 295)
(165, 170)
(165, 391)
(165, 302)
(165, 180)
(165, 310)
(165, 183)
(165, 186)
(165, 315)
(165, 337)
(165, 342)
(165, 218)
(165, 223)
(165, 231)
(165, 233)
(165, 239)
(165, 250)
(165, 251)
(165, 380)
(165, 253)
(166, 259)
(166, 262)
(166, 267)
(166, 274)
(166, 275)
(166, 277)
(166, 284)
(166, 171)
(166, 304)
(166, 184)
(166, 316)
(166, 215)
(166, 245)
(166, 194)
(166, 324)
(166, 325)
(166, 327)
(166, 200)
(166, 330)
(166, 333)
(166, 334)
(166, 340)
(166, 343)
(166, 346)
(166, 221)
(166, 222)
(166, 352)
(166, 355)
(166, 228)
(166, 358)
(166, 188)
(166, 238)
(166, 367)
(166, 241)
(166, 373)
(166, 374)
(166, 377)
(167, 388)
(167, 397)
(167, 287)
(167, 290)
(167, 292)
(167, 301)
(167, 305)
(167, 314)
(167, 326)
(167, 328)
(167, 375)
(167, 335)
(167, 208)
(167, 209)
(167, 217)
(167, 349)
(167, 353)
(167, 232)
(167, 240)
(167, 243)
(167, 247)
(167, 379)
(167, 252)
(168, 192)
(168, 259)
(168, 390)
(168, 265)
(168, 286)
(168, 295)
(168, 297)
(168, 300)
(168, 303)
(168, 306)
(168, 315)
(168, 320)
(168, 322)
(168, 342)
(168, 347)
(168, 351)
(168, 352)
(168, 361)
(168, 234)
(168, 236)
(168, 365)
(168, 377)
(168, 382)
(169, 225)
(169, 388)
(169, 197)
(169, 328)
(169, 247)
(169, 272)
(169, 273)
(169, 245)
(169, 375)
(169, 184)
(169, 255)
(169, 349)
(169, 287)
(170, 386)
(170, 391)
(170, 392)
(170, 393)
(170, 280)
(170, 293)
(170, 294)
(170, 302)
(170, 178)
(170, 180)
(170, 310)
(170, 321)
(170, 323)
(170, 201)
(170, 337)
(170, 350)
(170, 223)
(170, 231)
(170, 237)
(170, 249)
(170, 251)
(171, 387)
(171, 262)
(171, 267)
(171, 274)
(171, 275)
(171, 277)
(171, 278)
(171, 284)
(171, 188)
(171, 215)
(171, 194)
(171, 324)
(171, 325)
(171, 327)
(171, 200)
(171, 330)
(171, 334)
(171, 340)
(171, 343)
(171, 221)
(171, 222)
(171, 246)
(171, 355)
(171, 228)
(171, 358)
(171, 235)
(171, 238)
(171, 367)
(171, 241)
(171, 373)
(171, 374)
(171, 376)
(171, 381)
(172, 384)
(172, 257)
(172, 269)
(172, 398)
(172, 399)
(172, 276)
(172, 279)
(172, 281)
(172, 291)
(172, 298)
(172, 299)
(172, 179)
(172, 308)
(172, 183)
(172, 312)
(172, 187)
(172, 189)
(172, 196)
(172, 332)
(172, 203)
(172, 204)
(172, 205)
(172, 212)
(172, 271)
(172, 369)
(172, 370)
(172, 371)
(172, 378)
(173, 256)
(173, 385)
(173, 259)
(173, 274)
(173, 282)
(173, 316)
(173, 320)
(173, 329)
(173, 333)
(173, 211)
(173, 214)
(173, 219)
(173, 221)
(173, 230)
(173, 242)
(173, 382)
(174, 193)
(174, 354)
(174, 227)
(174, 357)
(174, 178)
(174, 264)
(174, 226)
(174, 331)
(174, 237)
(174, 368)
(174, 338)
(174, 223)
(175, 261)
(175, 263)
(175, 394)
(175, 270)
(175, 282)
(175, 285)
(175, 311)
(175, 315)
(175, 317)
(175, 319)
(175, 336)
(175, 218)
(175, 220)
(175, 233)
(175, 363)
(175, 250)
(175, 380)
(176, 288)
(176, 258)
(176, 360)
(176, 364)
(176, 366)
(176, 207)
(176, 336)
(176, 344)
(176, 348)
(176, 190)
(176, 319)
(177, 384)
(177, 389)
(177, 266)
(177, 268)
(177, 399)
(177, 281)
(177, 291)
(177, 179)
(177, 308)
(177, 181)
(177, 182)
(177, 187)
(177, 189)
(177, 318)
(177, 195)
(177, 196)
(177, 199)
(177, 396)
(177, 204)
(177, 210)
(177, 339)
(177, 212)
(177, 271)
(177, 356)
(177, 372)
(177, 248)
(177, 254)
(178, 257)
(178, 393)
(178, 279)
(178, 280)
(178, 294)
(178, 302)
(178, 193)
(178, 323)
(178, 203)
(178, 205)
(178, 338)
(178, 223)
(178, 354)
(178, 231)
(178, 237)
(178, 368)
(178, 370)
(178, 249)
(179, 384)
(179, 264)
(179, 268)
(179, 271)
(179, 281)
(179, 283)
(179, 291)
(179, 308)
(179, 182)
(179, 187)
(179, 189)
(179, 191)
(179, 195)
(179, 196)
(179, 331)
(179, 204)
(179, 210)
(179, 203)
(179, 226)
(179, 227)
(179, 370)
(180, 386)
(180, 391)
(180, 392)
(180, 393)
(180, 279)
(180, 280)
(180, 285)
(180, 293)
(180, 294)
(180, 263)
(180, 302)
(180, 310)
(180, 186)
(180, 321)
(180, 323)
(180, 201)
(180, 205)
(180, 337)
(180, 218)
(180, 350)
(180, 223)
(180, 231)
(180, 239)
(180, 249)
(180, 251)
(180, 380)
(180, 253)
(181, 389)
(181, 266)
(181, 268)
(181, 195)
(181, 291)
(181, 182)
(181, 313)
(181, 318)
(181, 396)
(181, 210)
(181, 254)
(182, 389)
(182, 266)
(182, 268)
(182, 271)
(182, 291)
(182, 308)
(182, 189)
(182, 318)
(182, 195)
(182, 196)
(182, 396)
(182, 204)
(182, 210)
(182, 212)
(182, 356)
(182, 372)
(182, 248)
(182, 254)
(183, 384)
(183, 257)
(183, 386)
(183, 269)
(183, 398)
(183, 276)
(183, 279)
(183, 298)
(183, 299)
(183, 312)
(183, 186)
(183, 187)
(183, 332)
(183, 203)
(183, 204)
(183, 205)
(183, 337)
(183, 347)
(183, 223)
(183, 231)
(183, 239)
(183, 369)
(183, 370)
(183, 371)
(183, 253)
(184, 262)
(184, 272)
(184, 273)
(184, 304)
(184, 188)
(184, 197)
(184, 327)
(184, 340)
(184, 346)
(184, 349)
(184, 225)
(184, 238)
(184, 245)
(184, 374)
(184, 247)
(184, 255)
(185, 260)
(185, 397)
(185, 399)
(185, 276)
(185, 286)
(185, 298)
(185, 300)
(185, 301)
(185, 303)
(185, 307)
(185, 308)
(185, 312)
(185, 187)
(185, 192)
(185, 196)
(185, 326)
(185, 199)
(185, 202)
(185, 206)
(185, 339)
(185, 212)
(185, 213)
(185, 345)
(185, 347)
(185, 351)
(185, 356)
(185, 232)
(185, 362)
(185, 369)
(185, 371)
(185, 248)
(185, 378)
(185, 383)
(186, 386)
(186, 263)
(186, 392)
(186, 394)
(186, 269)
(186, 398)
(186, 279)
(186, 295)
(186, 299)
(186, 315)
(186, 322)
(186, 332)
(186, 337)
(186, 270)
(186, 342)
(186, 218)
(186, 347)
(186, 233)
(186, 239)
(186, 369)
(186, 371)
(186, 250)
(186, 253)
(187, 384)
(187, 257)
(187, 389)
(187, 268)
(187, 269)
(187, 398)
(187, 399)
(187, 276)
(187, 281)
(187, 291)
(187, 298)
(187, 299)
(187, 303)
(187, 307)
(187, 308)
(187, 312)
(187, 189)
(187, 318)
(187, 196)
(187, 204)
(187, 202)
(187, 203)
(187, 332)
(187, 339)
(187, 212)
(187, 347)
(187, 356)
(187, 369)
(187, 370)
(187, 371)
(187, 378)
(187, 254)
(188, 262)
(188, 267)
(188, 272)
(188, 325)
(188, 304)
(188, 245)
(188, 324)
(188, 197)
(188, 327)
(188, 200)
(188, 330)
(188, 340)
(188, 215)
(188, 346)
(188, 235)
(188, 238)
(188, 367)
(188, 373)
(188, 374)
(189, 384)
(189, 257)
(189, 264)
(189, 268)
(189, 271)
(189, 281)
(189, 283)
(189, 291)
(189, 308)
(189, 191)
(189, 195)
(189, 196)
(189, 331)
(189, 204)
(189, 226)
(189, 210)
(189, 203)
(189, 354)
(189, 227)
(189, 370)
(190, 258)
(190, 261)
(190, 263)
(190, 285)
(190, 288)
(190, 317)
(190, 319)
(190, 207)
(190, 336)
(190, 344)
(190, 348)
(190, 360)
(190, 363)
(190, 364)
(190, 366)
(190, 380)
(191, 384)
(191, 264)
(191, 281)
(191, 283)
(191, 193)
(191, 195)
(191, 198)
(191, 331)
(191, 226)
(191, 271)
(191, 224)
(191, 354)
(191, 227)
(191, 357)
(192, 390)
(192, 265)
(192, 398)
(192, 276)
(192, 286)
(192, 295)
(192, 297)
(192, 298)
(192, 300)
(192, 303)
(192, 307)
(192, 312)
(192, 315)
(192, 322)
(192, 202)
(192, 206)
(192, 213)
(192, 342)
(192, 345)
(192, 347)
(192, 351)
(192, 361)
(192, 236)
(192, 365)
(192, 369)
(192, 371)
(192, 378)
(192, 383)
(193, 264)
(193, 281)
(193, 283)
(193, 198)
(193, 331)
(193, 226)
(193, 338)
(193, 224)
(193, 354)
(193, 227)
(193, 357)
(193, 237)
(193, 368)
(194, 256)
(194, 387)
(194, 267)
(194, 274)
(194, 275)
(194, 277)
(194, 278)
(194, 284)
(194, 316)
(194, 215)
(194, 325)
(194, 200)
(194, 330)
(194, 333)
(194, 334)
(194, 343)
(194, 219)
(194, 221)
(194, 222)
(194, 355)
(194, 228)
(194, 374)
(194, 358)
(194, 367)
(194, 241)
(194, 242)
(194, 373)
(194, 246)
(194, 376)
(194, 381)
(195, 384)
(195, 389)
(195, 268)
(195, 271)
(195, 281)
(195, 283)
(195, 291)
(195, 204)
(195, 210)
(195, 226)
(195, 227)
(195, 254)
(196, 384)
(196, 257)
(196, 389)
(196, 266)
(196, 396)
(196, 399)
(196, 276)
(196, 291)
(196, 298)
(196, 307)
(196, 308)
(196, 312)
(196, 318)
(196, 199)
(196, 268)
(196, 202)
(196, 203)
(196, 332)
(196, 339)
(196, 212)
(196, 356)
(196, 362)
(196, 369)
(196, 204)
(196, 248)
(196, 378)
(196, 254)
(197, 272)
(197, 273)
(197, 304)
(197, 245)
(197, 225)
(197, 328)
(197, 375)
(197, 340)
(197, 349)
(197, 247)
(197, 255)
(198, 224)
(198, 226)
(198, 227)
(198, 357)
(198, 264)
(198, 331)
(198, 283)
(199, 260)
(199, 389)
(199, 266)
(199, 395)
(199, 396)
(199, 397)
(199, 399)
(199, 289)
(199, 296)
(199, 307)
(199, 308)
(199, 313)
(199, 318)
(199, 339)
(199, 212)
(199, 213)
(199, 356)
(199, 359)
(199, 232)
(199, 362)
(199, 372)
(199, 248)
(199, 378)
(199, 254)
(200, 387)
(200, 262)
(200, 267)
(200, 274)
(200, 275)
(200, 277)
(200, 278)
(200, 284)
(200, 215)
(200, 324)
(200, 325)
(200, 327)
(200, 330)
(200, 333)
(200, 334)
(200, 340)
(200, 343)
(200, 221)
(200, 222)
(200, 246)
(200, 355)
(200, 228)
(200, 358)
(200, 235)
(200, 238)
(200, 367)
(200, 241)
(200, 373)
(200, 374)
(200, 376)
(200, 381)
(201, 391)
(201, 392)
(201, 393)
(201, 280)
(201, 293)
(201, 294)
(201, 302)
(201, 310)
(201, 321)
(201, 323)
(201, 350)
(201, 231)
(201, 249)
(201, 251)
(201, 380)
(202, 269)
(202, 398)
(202, 399)
(202, 276)
(202, 286)
(202, 297)
(202, 298)
(202, 300)
(202, 303)
(202, 307)
(202, 312)
(202, 322)
(202, 332)
(202, 206)
(202, 339)
(202, 212)
(202, 213)
(202, 345)
(202, 347)
(202, 351)
(202, 362)
(202, 365)
(202, 369)
(202, 371)
(202, 378)
(202, 383)
(203, 384)
(203, 257)
(203, 271)
(203, 276)
(203, 279)
(203, 281)
(203, 291)
(203, 299)
(203, 332)
(203, 204)
(203, 205)
(203, 223)
(203, 354)
(203, 227)
(203, 368)
(203, 369)
(203, 370)
(204, 384)
(204, 257)
(204, 389)
(204, 268)
(204, 399)
(204, 276)
(204, 281)
(204, 291)
(204, 298)
(204, 299)
(204, 308)
(204, 312)
(204, 318)
(204, 332)
(204, 205)
(204, 339)
(204, 212)
(204, 271)
(204, 227)
(204, 356)
(204, 369)
(204, 370)
(204, 254)
(205, 384)
(205, 257)
(205, 386)
(205, 393)
(205, 269)
(205, 279)
(205, 280)
(205, 281)
(205, 294)
(205, 299)
(205, 302)
(205, 332)
(205, 337)
(205, 338)
(205, 223)
(205, 354)
(205, 231)
(205, 237)
(205, 239)
(205, 368)
(205, 370)
(205, 253)
(206, 260)
(206, 286)
(206, 297)
(206, 300)
(206, 301)
(206, 303)
(206, 307)
(206, 314)
(206, 326)
(206, 208)
(206, 213)
(206, 345)
(206, 347)
(206, 351)
(206, 229)
(206, 232)
(206, 361)
(206, 362)
(206, 236)
(206, 365)
(206, 378)
(206, 383)
(207, 258)
(207, 261)
(207, 263)
(207, 392)
(207, 285)
(207, 288)
(207, 391)
(207, 310)
(207, 319)
(207, 321)
(207, 336)
(207, 344)
(207, 348)
(207, 360)
(207, 363)
(207, 364)
(207, 366)
(207, 380)
(208, 388)
(208, 273)
(208, 345)
(208, 287)
(208, 292)
(208, 301)
(208, 314)
(208, 326)
(208, 328)
(208, 375)
(208, 335)
(208, 209)
(208, 213)
(208, 217)
(208, 349)
(208, 229)
(208, 232)
(208, 247)
(208, 255)
(209, 388)
(209, 287)
(209, 290)
(209, 292)
(209, 305)
(209, 328)
(209, 335)
(209, 217)
(209, 349)
(209, 243)
(209, 375)
(209, 252)
(210, 389)
(210, 396)
(210, 271)
(210, 291)
(210, 318)
(210, 268)
(210, 254)
(211, 256)
(211, 385)
(211, 259)
(211, 274)
(211, 277)
(211, 282)
(211, 316)
(211, 320)
(211, 329)
(211, 333)
(211, 214)
(211, 219)
(211, 221)
(211, 230)
(211, 242)
(211, 382)
(212, 260)
(212, 389)
(212, 266)
(212, 396)
(212, 399)
(212, 276)
(212, 291)
(212, 298)
(212, 307)
(212, 308)
(212, 312)
(212, 318)
(212, 268)
(212, 339)
(212, 356)
(212, 359)
(212, 362)
(212, 369)
(212, 372)
(212, 248)
(212, 378)
(212, 254)
(213, 260)
(213, 397)
(213, 399)
(213, 286)
(213, 300)
(213, 301)
(213, 303)
(213, 307)
(213, 314)
(213, 326)
(213, 339)
(213, 345)
(213, 351)
(213, 356)
(213, 229)
(213, 232)
(213, 362)
(213, 378)
(213, 383)
(214, 385)
(214, 282)
(214, 309)
(214, 311)
(214, 317)
(214, 329)
(214, 220)
(214, 242)
(215, 387)
(215, 262)
(215, 267)
(215, 274)
(215, 275)
(215, 278)
(215, 284)
(215, 324)
(215, 325)
(215, 330)
(215, 334)
(215, 343)
(215, 222)
(215, 228)
(215, 374)
(215, 358)
(215, 235)
(215, 367)
(215, 241)
(215, 373)
(215, 246)
(215, 376)
(215, 381)
(216, 397)
(216, 289)
(216, 290)
(216, 292)
(216, 296)
(216, 305)
(216, 372)
(216, 395)
(216, 341)
(216, 313)
(216, 353)
(216, 359)
(216, 240)
(216, 243)
(216, 244)
(216, 248)
(216, 379)
(216, 252)
(217, 388)
(217, 395)
(217, 290)
(217, 292)
(217, 305)
(217, 287)
(217, 326)
(217, 328)
(217, 335)
(217, 349)
(217, 353)
(217, 232)
(217, 240)
(217, 243)
(217, 375)
(217, 379)
(217, 252)
(218, 386)
(218, 261)
(218, 263)
(218, 392)
(218, 394)
(218, 269)
(218, 270)
(218, 285)
(218, 295)
(218, 391)
(218, 310)
(218, 311)
(218, 315)
(218, 337)
(218, 342)
(218, 233)
(218, 363)
(218, 239)
(218, 250)
(218, 251)
(218, 380)
(218, 253)
(219, 256)
(219, 385)
(219, 259)
(219, 267)
(219, 274)
(219, 277)
(219, 284)
(219, 316)
(219, 329)
(219, 333)
(219, 334)
(219, 343)
(219, 221)
(219, 222)
(219, 355)
(219, 228)
(219, 230)
(219, 241)
(219, 242)
(219, 373)
(219, 382)
(220, 261)
(220, 263)
(220, 394)
(220, 270)
(220, 282)
(220, 309)
(220, 311)
(220, 317)
(220, 319)
(220, 320)
(220, 329)
(220, 336)
(220, 363)
(220, 250)
(221, 256)
(221, 259)
(221, 267)
(221, 274)
(221, 275)
(221, 277)
(221, 284)
(221, 306)
(221, 316)
(221, 320)
(221, 325)
(221, 327)
(221, 329)
(221, 333)
(221, 334)
(221, 343)
(221, 222)
(221, 355)
(221, 228)
(221, 230)
(221, 234)
(221, 238)
(221, 367)
(221, 241)
(221, 242)
(221, 373)
(221, 374)
(221, 382)
(222, 256)
(222, 387)
(222, 267)
(222, 274)
(222, 275)
(222, 277)
(222, 278)
(222, 284)
(222, 316)
(222, 324)
(222, 325)
(222, 327)
(222, 330)
(222, 333)
(222, 334)
(222, 340)
(222, 343)
(222, 246)
(222, 355)
(222, 228)
(222, 230)
(222, 358)
(222, 259)
(222, 238)
(222, 367)
(222, 241)
(222, 373)
(222, 374)
(222, 376)
(222, 381)
(222, 382)
(223, 257)
(223, 386)
(223, 393)
(223, 279)
(223, 280)
(223, 293)
(223, 294)
(223, 299)
(223, 302)
(223, 323)
(223, 337)
(223, 338)
(223, 354)
(223, 231)
(223, 237)
(223, 239)
(223, 368)
(223, 370)
(223, 249)
(223, 251)
(224, 226)
(224, 227)
(224, 357)
(224, 264)
(224, 331)
(224, 271)
(224, 283)
(225, 265)
(225, 272)
(225, 273)
(225, 304)
(225, 314)
(225, 327)
(225, 375)
(225, 340)
(225, 346)
(225, 349)
(225, 352)
(225, 229)
(225, 361)
(225, 236)
(225, 238)
(225, 245)
(225, 247)
(225, 377)
(225, 255)
(226, 264)
(226, 281)
(226, 283)
(226, 331)
(226, 271)
(226, 354)
(226, 227)
(226, 357)
(227, 384)
(227, 264)
(227, 268)
(227, 281)
(227, 283)
(227, 331)
(227, 271)
(227, 354)
(227, 357)
(228, 256)
(228, 387)
(228, 267)
(228, 274)
(228, 275)
(228, 277)
(228, 278)
(228, 284)
(228, 316)
(228, 324)
(228, 325)
(228, 327)
(228, 330)
(228, 333)
(228, 334)
(228, 340)
(228, 343)
(228, 246)
(228, 355)
(228, 230)
(228, 358)
(228, 259)
(228, 238)
(228, 367)
(228, 241)
(228, 373)
(228, 374)
(228, 376)
(228, 381)
(229, 388)
(229, 273)
(229, 287)
(229, 300)
(229, 301)
(229, 304)
(229, 314)
(229, 326)
(229, 375)
(229, 345)
(229, 349)
(229, 351)
(229, 232)
(229, 361)
(229, 236)
(229, 247)
(229, 383)
(229, 255)
(230, 256)
(230, 385)
(230, 259)
(230, 390)
(230, 265)
(230, 274)
(230, 277)
(230, 306)
(230, 316)
(230, 320)
(230, 329)
(230, 333)
(230, 352)
(230, 355)
(230, 234)
(230, 238)
(230, 241)
(230, 242)
(230, 377)
(230, 382)
(231, 257)
(231, 386)
(231, 391)
(231, 392)
(231, 393)
(231, 279)
(231, 280)
(231, 293)
(231, 294)
(231, 299)
(231, 302)
(231, 310)
(231, 321)
(231, 323)
(231, 337)
(231, 350)
(231, 237)
(231, 239)
(231, 368)
(231, 370)
(231, 249)
(231, 251)
(231, 253)
(232, 388)
(232, 395)
(232, 397)
(232, 260)
(232, 287)
(232, 292)
(232, 301)
(232, 307)
(232, 314)
(232, 326)
(232, 375)
(232, 335)
(232, 345)
(232, 349)
(232, 362)
(232, 247)
(232, 383)
(233, 386)
(233, 261)
(233, 263)
(233, 392)
(233, 394)
(233, 269)
(233, 270)
(233, 285)
(233, 295)
(233, 297)
(233, 311)
(233, 315)
(233, 322)
(233, 337)
(233, 342)
(233, 363)
(233, 365)
(233, 239)
(233, 250)
(233, 253)
(234, 256)
(234, 259)
(234, 390)
(234, 265)
(234, 277)
(234, 297)
(234, 300)
(234, 306)
(234, 316)
(234, 320)
(234, 327)
(234, 333)
(234, 346)
(234, 352)
(234, 355)
(234, 361)
(234, 236)
(234, 365)
(234, 238)
(234, 377)
(234, 382)
(235, 387)
(235, 262)
(235, 267)
(235, 275)
(235, 278)
(235, 284)
(235, 324)
(235, 325)
(235, 330)
(235, 334)
(235, 343)
(235, 358)
(235, 373)
(235, 246)
(235, 376)
(235, 381)
(236, 259)
(236, 390)
(236, 265)
(236, 286)
(236, 297)
(236, 300)
(236, 304)
(236, 306)
(236, 314)
(236, 322)
(236, 327)
(236, 345)
(236, 346)
(236, 351)
(236, 352)
(236, 355)
(236, 361)
(236, 365)
(236, 238)
(236, 377)
(237, 393)
(237, 280)
(237, 294)
(237, 302)
(237, 323)
(237, 338)
(237, 354)
(237, 368)
(237, 370)
(237, 249)
(238, 259)
(238, 390)
(238, 265)
(238, 267)
(238, 277)
(238, 304)
(238, 306)
(238, 316)
(238, 245)
(238, 324)
(238, 325)
(238, 327)
(238, 333)
(238, 334)
(238, 340)
(238, 343)
(238, 346)
(238, 352)
(238, 355)
(238, 367)
(238, 241)
(238, 373)
(238, 374)
(238, 377)
(238, 382)
(239, 257)
(239, 386)
(239, 299)
(239, 263)
(239, 392)
(239, 393)
(239, 269)
(239, 398)
(239, 279)
(239, 295)
(239, 391)
(239, 302)
(239, 310)
(239, 315)
(239, 332)
(239, 337)
(239, 270)
(239, 342)
(239, 250)
(239, 251)
(239, 253)
(240, 397)
(240, 289)
(240, 290)
(240, 292)
(240, 296)
(240, 305)
(240, 395)
(240, 335)
(240, 341)
(240, 353)
(240, 243)
(240, 244)
(240, 379)
(240, 252)
(241, 256)
(241, 387)
(241, 267)
(241, 274)
(241, 275)
(241, 277)
(241, 284)
(241, 316)
(241, 325)
(241, 327)
(241, 330)
(241, 333)
(241, 334)
(241, 340)
(241, 343)
(241, 355)
(241, 358)
(241, 259)
(241, 367)
(241, 242)
(241, 373)
(241, 374)
(241, 376)
(241, 381)
(241, 382)
(242, 256)
(242, 385)
(242, 259)
(242, 274)
(242, 277)
(242, 316)
(242, 320)
(242, 329)
(242, 333)
(242, 382)
(243, 290)
(243, 292)
(243, 305)
(243, 335)
(243, 341)
(243, 353)
(243, 244)
(243, 379)
(243, 252)
(244, 397)
(244, 289)
(244, 290)
(244, 292)
(244, 296)
(244, 305)
(244, 395)
(244, 341)
(244, 353)
(244, 359)
(244, 379)
(244, 252)
(245, 262)
(245, 272)
(245, 273)
(245, 304)
(245, 324)
(245, 325)
(245, 327)
(245, 340)
(245, 346)
(245, 355)
(245, 367)
(245, 374)
(245, 255)
(246, 387)
(246, 262)
(246, 267)
(246, 275)
(246, 278)
(246, 284)
(246, 324)
(246, 325)
(246, 330)
(246, 334)
(246, 343)
(246, 358)
(246, 373)
(246, 376)
(246, 381)
(247, 388)
(247, 273)
(247, 287)
(247, 326)
(247, 301)
(247, 314)
(247, 328)
(247, 335)
(247, 345)
(247, 349)
(247, 375)
(247, 255)
(248, 260)
(248, 389)
(248, 266)
(248, 396)
(248, 397)
(248, 399)
(248, 289)
(248, 296)
(248, 307)
(248, 308)
(248, 313)
(248, 318)
(248, 395)
(248, 339)
(248, 356)
(248, 359)
(248, 362)
(248, 372)
(248, 254)
(249, 386)
(249, 391)
(249, 393)
(249, 280)
(249, 293)
(249, 294)
(249, 302)
(249, 310)
(249, 321)
(249, 323)
(249, 337)
(249, 350)
(249, 368)
(249, 251)
(250, 261)
(250, 263)
(250, 392)
(250, 394)
(250, 270)
(250, 285)
(250, 295)
(250, 311)
(250, 315)
(250, 317)
(250, 319)
(250, 336)
(250, 342)
(250, 363)
(250, 380)
(251, 386)
(251, 261)
(251, 391)
(251, 392)
(251, 393)
(251, 270)
(251, 279)
(251, 280)
(251, 285)
(251, 293)
(251, 294)
(251, 263)
(251, 302)
(251, 310)
(251, 321)
(251, 323)
(251, 337)
(251, 350)
(251, 380)
(251, 253)
(252, 388)
(252, 395)
(252, 397)
(252, 289)
(252, 290)
(252, 292)
(252, 305)
(252, 335)
(252, 341)
(252, 353)
(252, 379)
(253, 257)
(253, 386)
(253, 392)
(253, 393)
(253, 269)
(253, 398)
(253, 279)
(253, 295)
(253, 299)
(253, 315)
(253, 332)
(253, 337)
(253, 270)
(253, 342)
(253, 369)
(253, 371)
(254, 260)
(254, 389)
(254, 266)
(254, 268)
(254, 399)
(254, 291)
(254, 308)
(254, 313)
(254, 318)
(254, 396)
(254, 339)
(254, 356)
(254, 359)
(254, 362)
(254, 372)
(255, 388)
(255, 272)
(255, 273)
(255, 287)
(255, 304)
(255, 314)
(255, 328)
(255, 349)
(255, 375)
(256, 385)
(256, 259)
(256, 274)
(256, 277)
(256, 316)
(256, 320)
(256, 329)
(256, 333)
(256, 355)
(256, 382)
(257, 384)
(257, 386)
(257, 269)
(257, 398)
(257, 276)
(257, 279)
(257, 281)
(257, 298)
(257, 299)
(257, 312)
(257, 332)
(257, 337)
(257, 354)
(257, 369)
(257, 370)
(257, 371)
(258, 261)
(258, 391)
(258, 285)
(258, 288)
(258, 263)
(258, 310)
(258, 319)
(258, 321)
(258, 336)
(258, 344)
(258, 348)
(258, 360)
(258, 364)
(258, 366)
(258, 380)
(259, 390)
(259, 265)
(259, 267)
(259, 274)
(259, 277)
(259, 306)
(259, 316)
(259, 320)
(259, 325)
(259, 327)
(259, 329)
(259, 333)
(259, 346)
(259, 352)
(259, 355)
(259, 367)
(259, 373)
(259, 374)
(259, 377)
(259, 382)
(260, 389)
(260, 266)
(260, 396)
(260, 397)
(260, 399)
(260, 289)
(260, 301)
(260, 307)
(260, 308)
(260, 313)
(260, 318)
(260, 395)
(260, 326)
(260, 339)
(260, 345)
(260, 356)
(260, 359)
(260, 362)
(260, 372)
(260, 378)
(260, 383)
(261, 263)
(261, 392)
(261, 394)
(261, 270)
(261, 285)
(261, 288)
(261, 391)
(261, 310)
(261, 311)
(261, 317)
(261, 319)
(261, 336)
(261, 348)
(261, 360)
(261, 363)
(261, 364)
(261, 366)
(261, 380)
(262, 267)
(262, 272)
(262, 275)
(262, 324)
(262, 325)
(262, 327)
(262, 330)
(262, 334)
(262, 340)
(262, 343)
(262, 358)
(262, 367)
(262, 373)
(262, 374)
(262, 381)
(263, 386)
(263, 391)
(263, 392)
(263, 394)
(263, 270)
(263, 285)
(263, 310)
(263, 311)
(263, 319)
(263, 336)
(263, 337)
(263, 360)
(263, 363)
(263, 366)
(263, 380)
(264, 281)
(264, 283)
(264, 331)
(264, 338)
(264, 271)
(264, 354)
(264, 357)
(265, 390)
(265, 286)
(265, 297)
(265, 300)
(265, 306)
(265, 320)
(265, 322)
(265, 327)
(265, 346)
(265, 351)
(265, 352)
(265, 355)
(265, 361)
(265, 365)
(265, 377)
(265, 382)
(266, 389)
(266, 395)
(266, 397)
(266, 399)
(266, 289)
(266, 291)
(266, 296)
(266, 308)
(266, 313)
(266, 318)
(266, 396)
(266, 339)
(266, 356)
(266, 359)
(266, 362)
(266, 372)
(267, 387)
(267, 274)
(267, 275)
(267, 277)
(267, 278)
(267, 284)
(267, 304)
(267, 316)
(267, 324)
(267, 325)
(267, 327)
(267, 330)
(267, 333)
(267, 334)
(267, 340)
(267, 343)
(267, 346)
(267, 355)
(267, 358)
(267, 367)
(267, 373)
(267, 374)
(267, 376)
(267, 381)
(268, 384)
(268, 389)
(268, 396)
(268, 271)
(268, 281)
(268, 283)
(268, 291)
(268, 308)
(268, 318)
(268, 356)
(269, 386)
(269, 398)
(269, 276)
(269, 279)
(269, 295)
(269, 298)
(269, 299)
(269, 303)
(269, 312)
(269, 315)
(269, 322)
(269, 332)
(269, 337)
(269, 342)
(269, 347)
(269, 369)
(269, 370)
(269, 371)
(270, 386)
(270, 392)
(270, 394)
(270, 285)
(270, 295)
(270, 311)
(270, 315)
(270, 319)
(270, 336)
(270, 337)
(270, 342)
(270, 363)
(270, 380)
(271, 384)
(271, 281)
(271, 283)
(271, 291)
(271, 331)
(272, 304)
(272, 273)
(272, 340)
(273, 388)
(273, 287)
(273, 304)
(273, 314)
(273, 328)
(273, 349)
(273, 375)
(274, 387)
(274, 275)
(274, 277)
(274, 284)
(274, 316)
(274, 325)
(274, 330)
(274, 333)
(274, 334)
(274, 343)
(274, 355)
(274, 358)
(274, 367)
(274, 373)
(274, 376)
(274, 381)
(275, 387)
(275, 277)
(275, 278)
(275, 284)
(275, 324)
(275, 325)
(275, 330)
(275, 334)
(275, 343)
(275, 355)
(275, 358)
(275, 367)
(275, 373)
(275, 374)
(275, 376)
(275, 381)
(276, 384)
(276, 398)
(276, 399)
(276, 286)
(276, 298)
(276, 299)
(276, 303)
(276, 307)
(276, 308)
(276, 312)
(276, 322)
(276, 332)
(276, 339)
(276, 347)
(276, 356)
(276, 369)
(276, 371)
(276, 378)
(276, 383)
(277, 387)
(277, 284)
(277, 316)
(277, 320)
(277, 325)
(277, 327)
(277, 333)
(277, 334)
(277, 340)
(277, 343)
(277, 346)
(277, 355)
(277, 367)
(277, 373)
(277, 374)
(277, 382)
(278, 387)
(278, 284)
(278, 324)
(278, 325)
(278, 330)
(278, 334)
(278, 343)
(278, 358)
(278, 373)
(278, 376)
(278, 381)
(279, 386)
(279, 392)
(279, 393)
(279, 398)
(279, 280)
(279, 294)
(279, 299)
(279, 302)
(279, 332)
(279, 337)
(279, 369)
(279, 370)
(280, 386)
(280, 391)
(280, 393)
(280, 293)
(280, 294)
(280, 302)
(280, 310)
(280, 323)
(280, 337)
(280, 338)
(280, 350)
(280, 354)
(280, 368)
(280, 370)
(281, 384)
(281, 283)
(281, 291)
(281, 331)
(281, 354)
(281, 370)
(282, 385)
(282, 309)
(282, 311)
(282, 317)
(282, 329)
(282, 363)
(283, 384)
(283, 331)
(283, 357)
(284, 387)
(284, 324)
(284, 325)
(284, 330)
(284, 334)
(284, 343)
(284, 358)
(284, 367)
(284, 373)
(284, 374)
(284, 376)
(284, 381)
(285, 386)
(285, 391)
(285, 392)
(285, 394)
(285, 310)
(285, 311)
(285, 319)
(285, 321)
(285, 336)
(285, 337)
(285, 360)
(285, 363)
(285, 364)
(285, 366)
(285, 380)
(286, 398)
(286, 399)
(286, 295)
(286, 297)
(286, 298)
(286, 300)
(286, 303)
(286, 307)
(286, 312)
(286, 322)
(286, 339)
(286, 345)
(286, 347)
(286, 351)
(286, 361)
(286, 365)
(286, 369)
(286, 371)
(286, 378)
(286, 383)
(287, 388)
(287, 292)
(287, 301)
(287, 314)
(287, 326)
(287, 328)
(287, 335)
(287, 349)
(287, 375)
(288, 360)
(288, 364)
(288, 366)
(288, 336)
(288, 344)
(288, 348)
(288, 317)
(288, 319)
(289, 396)
(289, 397)
(289, 296)
(289, 313)
(289, 395)
(289, 341)
(289, 353)
(289, 359)
(289, 362)
(289, 372)
(289, 379)
(290, 395)
(290, 292)
(290, 305)
(290, 335)
(290, 341)
(290, 353)
(290, 379)
(291, 384)
(291, 389)
(291, 396)
(291, 399)
(291, 308)
(291, 318)
(291, 339)
(291, 356)
(292, 388)
(292, 395)
(292, 397)
(292, 305)
(292, 326)
(292, 328)
(292, 335)
(292, 341)
(292, 349)
(292, 353)
(292, 375)
(292, 379)
(293, 386)
(293, 391)
(293, 392)
(293, 393)
(293, 294)
(293, 302)
(293, 310)
(293, 321)
(293, 323)
(293, 337)
(293, 350)
(293, 380)
(294, 386)
(294, 391)
(294, 393)
(294, 302)
(294, 310)
(294, 321)
(294, 323)
(294, 337)
(294, 338)
(294, 350)
(294, 354)
(294, 368)
(294, 370)
(295, 386)
(295, 394)
(295, 398)
(295, 297)
(295, 299)
(295, 303)
(295, 315)
(295, 322)
(295, 332)
(295, 337)
(295, 342)
(295, 347)
(295, 365)
(295, 369)
(295, 371)
(296, 397)
(296, 313)
(296, 395)
(296, 341)
(296, 353)
(296, 359)
(296, 372)
(296, 379)
(297, 398)
(297, 390)
(297, 298)
(297, 300)
(297, 303)
(297, 306)
(297, 315)
(297, 322)
(297, 342)
(297, 347)
(297, 351)
(297, 352)
(297, 361)
(297, 365)
(297, 371)
(297, 377)
(297, 383)
(298, 398)
(298, 399)
(298, 299)
(298, 303)
(298, 307)
(298, 308)
(298, 312)
(298, 322)
(298, 332)
(298, 339)
(298, 347)
(298, 351)
(298, 356)
(298, 362)
(298, 365)
(298, 369)
(298, 371)
(298, 378)
(298, 383)
(299, 384)
(299, 386)
(299, 398)
(299, 312)
(299, 332)
(299, 337)
(299, 342)
(299, 347)
(299, 369)
(299, 370)
(299, 371)
(300, 390)
(300, 301)
(300, 303)
(300, 306)
(300, 314)
(300, 322)
(300, 345)
(300, 347)
(300, 351)
(300, 352)
(300, 361)
(300, 365)
(300, 371)
(300, 377)
(300, 383)
(301, 388)
(301, 397)
(301, 326)
(301, 307)
(301, 314)
(301, 335)
(301, 345)
(301, 349)
(301, 351)
(301, 362)
(301, 375)
(301, 383)
(302, 386)
(302, 391)
(302, 392)
(302, 393)
(302, 310)
(302, 321)
(302, 323)
(302, 337)
(302, 350)
(302, 368)
(303, 398)
(303, 399)
(303, 307)
(303, 312)
(303, 322)
(303, 332)
(303, 339)
(303, 345)
(303, 347)
(303, 351)
(303, 361)
(303, 365)
(303, 369)
(303, 371)
(303, 378)
(303, 383)
(304, 324)
(304, 325)
(304, 327)
(304, 340)
(304, 346)
(304, 352)
(304, 355)
(304, 361)
(304, 367)
(304, 374)
(304, 377)
(305, 395)
(305, 335)
(305, 341)
(305, 353)
(305, 379)
(306, 390)
(306, 316)
(306, 320)
(306, 322)
(306, 327)
(306, 333)
(306, 346)
(306, 351)
(306, 352)
(306, 355)
(306, 361)
(306, 365)
(306, 377)
(306, 382)
(307, 397)
(307, 399)
(307, 308)
(307, 312)
(307, 339)
(307, 345)
(307, 347)
(307, 351)
(307, 356)
(307, 362)
(307, 369)
(307, 371)
(307, 378)
(307, 383)
(308, 384)
(308, 389)
(308, 399)
(308, 312)
(308, 318)
(308, 396)
(308, 339)
(308, 356)
(308, 362)
(308, 369)
(308, 372)
(308, 378)
(309, 348)
(309, 311)
(309, 317)
(309, 319)
(309, 336)
(309, 363)
(310, 386)
(310, 391)
(310, 392)
(310, 393)
(310, 321)
(310, 323)
(310, 337)
(310, 350)
(310, 366)
(310, 380)
(311, 394)
(311, 317)
(311, 319)
(311, 336)
(311, 363)
(312, 398)
(312, 399)
(312, 322)
(312, 332)
(312, 339)
(312, 347)
(312, 356)
(312, 362)
(312, 369)
(312, 371)
(312, 378)
(312, 383)
(313, 389)
(313, 396)
(313, 397)
(313, 318)
(313, 395)
(313, 356)
(313, 359)
(313, 372)
(314, 388)
(314, 326)
(314, 345)
(314, 349)
(314, 351)
(314, 361)
(314, 375)
(314, 383)
(315, 394)
(315, 398)
(315, 322)
(315, 342)
(315, 347)
(315, 365)
(315, 371)
(316, 390)
(316, 320)
(316, 325)
(316, 327)
(316, 329)
(316, 333)
(316, 334)
(316, 340)
(316, 343)
(316, 346)
(316, 352)
(316, 355)
(316, 367)
(316, 373)
(316, 374)
(316, 377)
(316, 382)
(317, 319)
(317, 336)
(317, 344)
(317, 348)
(317, 360)
(317, 363)
(318, 389)
(318, 399)
(318, 396)
(318, 339)
(318, 356)
(318, 359)
(318, 362)
(318, 372)
(319, 336)
(319, 344)
(319, 348)
(319, 360)
(319, 363)
(319, 364)
(319, 366)
(319, 380)
(320, 390)
(320, 329)
(320, 333)
(320, 377)
(320, 352)
(320, 382)
(321, 391)
(321, 392)
(321, 393)
(321, 323)
(321, 350)
(321, 366)
(321, 380)
(322, 390)
(322, 398)
(322, 332)
(322, 342)
(322, 347)
(322, 351)
(322, 361)
(322, 365)
(322, 369)
(322, 371)
(322, 378)
(322, 383)
(323, 386)
(323, 391)
(323, 392)
(323, 393)
(323, 337)
(323, 350)
(324, 387)
(324, 325)
(324, 327)
(324, 330)
(324, 334)
(324, 340)
(324, 343)
(324, 355)
(324, 358)
(324, 367)
(324, 373)
(324, 374)
(324, 376)
(324, 381)
(325, 387)
(325, 327)
(325, 330)
(325, 333)
(325, 334)
(325, 340)
(325, 343)
(325, 346)
(325, 355)
(325, 358)
(325, 367)
(325, 373)
(325, 374)
(325, 376)
(325, 381)
(326, 388)
(326, 397)
(326, 335)
(326, 345)
(326, 349)
(326, 362)
(326, 375)
(326, 383)
(327, 390)
(327, 373)
(327, 333)
(327, 334)
(327, 340)
(327, 343)
(327, 346)
(327, 352)
(327, 355)
(327, 367)
(327, 374)
(327, 377)
(328, 388)
(328, 335)
(328, 349)
(328, 375)
(329, 385)
(329, 382)
(330, 387)
(330, 334)
(330, 343)
(330, 358)
(330, 367)
(330, 373)
(330, 374)
(330, 376)
(330, 381)
(331, 338)
(331, 354)
(331, 357)
(331, 368)
(332, 384)
(332, 398)
(332, 342)
(332, 347)
(332, 369)
(332, 370)
(332, 371)
(332, 378)
(333, 390)
(333, 334)
(333, 340)
(333, 343)
(333, 346)
(333, 352)
(333, 355)
(333, 367)
(333, 373)
(333, 374)
(333, 377)
(333, 382)
(334, 387)
(334, 340)
(334, 343)
(334, 355)
(334, 358)
(334, 367)
(334, 373)
(334, 374)
(334, 376)
(334, 381)
(335, 388)
(335, 397)
(335, 349)
(335, 353)
(335, 375)
(335, 379)
(336, 344)
(336, 348)
(336, 360)
(336, 363)
(336, 364)
(336, 366)
(336, 380)
(337, 386)
(337, 391)
(337, 392)
(337, 393)
(337, 342)
(337, 380)
(338, 354)
(338, 368)
(339, 389)
(339, 399)
(339, 396)
(339, 347)
(339, 356)
(339, 362)
(339, 369)
(339, 371)
(339, 372)
(339, 378)
(339, 383)
(340, 343)
(340, 346)
(340, 352)
(340, 355)
(340, 367)
(340, 373)
(340, 374)
(340, 377)
(341, 395)
(341, 353)
(341, 379)
(342, 386)
(342, 394)
(342, 398)
(342, 371)
(342, 347)
(342, 365)
(343, 387)
(343, 355)
(343, 358)
(343, 367)
(343, 373)
(343, 374)
(343, 376)
(343, 381)
(344, 360)
(344, 364)
(344, 366)
(344, 348)
(345, 388)
(345, 349)
(345, 351)
(345, 361)
(345, 362)
(345, 375)
(345, 383)
(346, 390)
(346, 352)
(346, 355)
(346, 361)
(346, 367)
(346, 373)
(346, 374)
(346, 377)
(347, 398)
(347, 399)
(347, 351)
(347, 365)
(347, 369)
(347, 371)
(347, 378)
(347, 383)
(348, 360)
(348, 363)
(348, 364)
(348, 366)
(349, 388)
(349, 375)
(350, 391)
(350, 392)
(350, 393)
(350, 380)
(351, 390)
(351, 352)
(351, 361)
(351, 365)
(351, 371)
(351, 377)
(351, 378)
(351, 383)
(352, 390)
(352, 382)
(352, 355)
(352, 361)
(352, 365)
(352, 374)
(352, 377)
(353, 395)
(353, 379)
(354, 384)
(354, 368)
(354, 370)
(355, 390)
(355, 382)
(355, 367)
(355, 373)
(355, 374)
(355, 377)
(356, 389)
(356, 397)
(356, 399)
(356, 396)
(356, 359)
(356, 362)
(356, 372)
(356, 378)
(358, 387)
(358, 367)
(358, 373)
(358, 374)
(358, 376)
(358, 381)
(359, 389)
(359, 396)
(359, 397)
(359, 395)
(359, 362)
(359, 372)
(359, 379)
(360, 364)
(360, 366)
(360, 380)
(361, 390)
(361, 365)
(361, 377)
(361, 383)
(362, 389)
(362, 397)
(362, 399)
(362, 396)
(362, 372)
(362, 378)
(362, 383)
(363, 394)
(363, 380)
(364, 366)
(364, 380)
(365, 398)
(365, 390)
(365, 371)
(365, 377)
(365, 383)
(366, 391)
(366, 380)
(367, 373)
(367, 374)
(367, 381)
(368, 393)
(368, 370)
(369, 384)
(369, 398)
(369, 399)
(369, 371)
(369, 378)
(370, 384)
(370, 393)
(371, 398)
(371, 399)
(371, 378)
(371, 383)
(372, 389)
(372, 395)
(372, 397)
(372, 399)
(372, 396)
(373, 387)
(373, 374)
(373, 376)
(373, 381)
(374, 377)
(375, 388)
(376, 387)
(376, 381)
(377, 390)
(377, 382)
(378, 398)
(378, 399)
(378, 383)
(379, 395)
(379, 397)
(380, 391)
(380, 392)
(380, 394)
(380, 386)
(381, 387)
(382, 385)
(382, 390)
(383, 399)
(386, 391)
(386, 392)
(386, 393)
(389, 396)
(389, 399)
(391, 392)
(391, 393)
(392, 393)
(392, 394)
(395, 397)
(396, 399)
