#Nodes
0
1
2
3
4
5
6
7
8
9
10
11
12
13
14
15
16
17
18
19
20
21
22
23
24
25
26
27
28
29
30
31
32
33
34
35
36
37
38
39
40
41
42
43
44
45
46
47
48
49
50
51
52
53
54
55
56
57
58
59
60
61
62
63
64
65
66
67
68
69
70
71
72
73
74
75
76
77
78
79
80
81
82
83
84
85
86
87
88
89
90
91
92
93
94
95
96
97
98
99
100
101
102
103
104
105
106
107
108
109
110
111
112
113
114
115
116
117
118
119
120
121
122
123
124
125
126
127
128
129
130
131
132
133
134
135
136
137
138
139
140
141
142
143
144
145
146
147
148
149
150
151
152
153
154
155
156
157
158
159
160
161
162
163
164
165
166
167
168
169
170
171
172
173
174
175
176
177
178
179
180
181
182
183
184
185
186
187
188
189
190
191
192
193
194
195
196
197
198
199
200
201
202
203
204
205
206
207
208
209
210
211
212
213
214
215
216
217
218
219
220
221
222
223
224
225
226
227
228
229
230
231
232
233
234
235
236
237
238
239
240
241
242
243
244
245
246
247
248
249
#Edges
(0, 9)
(0, 209)
(0, 14)
(0, 22)
(0, 151)
(0, 26)
(0, 161)
(0, 163)
(0, 37)
(0, 40)
(0, 46)
(0, 176)
(0, 53)
(0, 188)
(0, 191)
(0, 96)
(0, 204)
(0, 81)
(0, 35)
(0, 224)
(0, 99)
(0, 231)
(0, 106)
(0, 118)
(0, 123)
(1, 132)
(1, 142)
(1, 144)
(1, 157)
(1, 164)
(1, 37)
(1, 167)
(1, 46)
(1, 29)
(1, 179)
(1, 55)
(1, 184)
(1, 59)
(1, 66)
(1, 70)
(1, 71)
(1, 85)
(1, 90)
(1, 226)
(1, 101)
(1, 107)
(1, 240)
(1, 118)
(1, 248)
(1, 123)
(2, 7)
(2, 17)
(2, 25)
(2, 24)
(2, 153)
(2, 154)
(2, 159)
(2, 162)
(2, 36)
(2, 38)
(2, 171)
(2, 185)
(2, 65)
(2, 69)
(2, 74)
(2, 76)
(2, 79)
(2, 89)
(2, 91)
(2, 92)
(2, 95)
(2, 227)
(2, 232)
(2, 247)
(2, 120)
(2, 122)
(3, 12)
(3, 19)
(3, 148)
(3, 31)
(3, 165)
(3, 56)
(3, 62)
(3, 67)
(3, 196)
(3, 199)
(3, 73)
(3, 203)
(3, 206)
(3, 213)
(3, 87)
(3, 219)
(3, 228)
(3, 229)
(3, 102)
(3, 110)
(3, 241)
(3, 242)
(3, 244)
(3, 249)
(3, 127)
(4, 128)
(4, 136)
(4, 15)
(4, 145)
(4, 147)
(4, 28)
(4, 30)
(4, 39)
(4, 170)
(4, 176)
(4, 243)
(4, 180)
(4, 181)
(4, 53)
(4, 210)
(4, 84)
(4, 215)
(4, 216)
(4, 218)
(4, 98)
(4, 99)
(4, 112)
(4, 115)
(4, 116)
(4, 117)
(4, 125)
(5, 32)
(5, 193)
(5, 97)
(5, 8)
(5, 105)
(5, 11)
(5, 77)
(5, 208)
(5, 51)
(5, 137)
(5, 220)
(5, 189)
(6, 160)
(6, 129)
(6, 194)
(6, 114)
(6, 134)
(6, 48)
(6, 138)
(6, 235)
(6, 140)
(6, 205)
(6, 78)
(6, 141)
(6, 80)
(6, 146)
(6, 58)
(6, 150)
(6, 57)
(6, 186)
(6, 124)
(6, 125)
(6, 16)
(7, 65)
(7, 91)
(7, 76)
(7, 236)
(7, 13)
(7, 113)
(7, 211)
(7, 149)
(7, 247)
(7, 24)
(7, 122)
(7, 95)
(7, 21)
(7, 93)
(7, 159)
(8, 137)
(8, 11)
(8, 155)
(8, 32)
(8, 34)
(8, 169)
(8, 173)
(8, 177)
(8, 178)
(8, 51)
(8, 54)
(8, 61)
(8, 192)
(8, 193)
(8, 77)
(8, 208)
(8, 86)
(8, 88)
(8, 220)
(8, 221)
(8, 97)
(8, 230)
(8, 103)
(8, 105)
(8, 108)
(8, 189)
(8, 41)
(9, 131)
(9, 142)
(9, 144)
(9, 161)
(9, 163)
(9, 37)
(9, 40)
(9, 43)
(9, 46)
(9, 53)
(9, 187)
(9, 188)
(9, 191)
(9, 64)
(9, 246)
(9, 33)
(9, 204)
(9, 210)
(9, 35)
(9, 216)
(9, 96)
(9, 231)
(9, 104)
(9, 118)
(9, 123)
(10, 131)
(10, 17)
(10, 146)
(10, 25)
(10, 153)
(10, 154)
(10, 159)
(10, 162)
(10, 36)
(10, 39)
(10, 42)
(10, 171)
(10, 185)
(10, 187)
(10, 64)
(10, 65)
(10, 74)
(10, 79)
(10, 216)
(10, 92)
(10, 98)
(10, 232)
(10, 111)
(10, 114)
(10, 246)
(10, 120)
(11, 192)
(11, 193)
(11, 32)
(11, 230)
(11, 97)
(11, 169)
(11, 108)
(11, 77)
(11, 208)
(11, 177)
(11, 178)
(11, 51)
(11, 105)
(11, 86)
(11, 137)
(11, 155)
(11, 220)
(12, 19)
(12, 148)
(12, 168)
(12, 44)
(12, 45)
(12, 175)
(12, 50)
(12, 56)
(12, 67)
(12, 196)
(12, 199)
(12, 73)
(12, 203)
(12, 207)
(12, 82)
(12, 83)
(12, 213)
(12, 214)
(12, 87)
(12, 219)
(12, 102)
(12, 237)
(12, 110)
(12, 239)
(12, 241)
(12, 242)
(12, 244)
(12, 249)
(12, 127)
(13, 76)
(13, 236)
(13, 113)
(13, 211)
(13, 149)
(13, 247)
(13, 24)
(13, 122)
(13, 91)
(13, 21)
(13, 93)
(13, 95)
(14, 136)
(14, 151)
(14, 26)
(14, 161)
(14, 163)
(14, 47)
(14, 176)
(14, 181)
(14, 183)
(14, 53)
(14, 191)
(14, 96)
(14, 72)
(14, 209)
(14, 35)
(14, 84)
(14, 218)
(14, 94)
(14, 224)
(14, 99)
(14, 100)
(14, 231)
(14, 106)
(14, 115)
(14, 116)
(14, 117)
(15, 128)
(15, 136)
(15, 145)
(15, 18)
(15, 147)
(15, 23)
(15, 152)
(15, 26)
(15, 28)
(15, 30)
(15, 170)
(15, 172)
(15, 173)
(15, 176)
(15, 115)
(15, 180)
(15, 181)
(15, 183)
(15, 52)
(15, 53)
(15, 72)
(15, 201)
(15, 207)
(15, 210)
(15, 84)
(15, 215)
(15, 218)
(15, 94)
(15, 98)
(15, 99)
(15, 103)
(15, 233)
(15, 112)
(15, 243)
(15, 116)
(15, 117)
(16, 129)
(16, 138)
(16, 140)
(16, 141)
(16, 143)
(16, 27)
(16, 39)
(16, 170)
(16, 173)
(16, 58)
(16, 194)
(16, 205)
(16, 78)
(16, 80)
(16, 212)
(16, 86)
(16, 235)
(16, 112)
(16, 114)
(16, 243)
(16, 124)
(16, 125)
(17, 131)
(17, 25)
(17, 153)
(17, 154)
(17, 158)
(17, 33)
(17, 38)
(17, 171)
(17, 185)
(17, 63)
(17, 69)
(17, 198)
(17, 74)
(17, 79)
(17, 89)
(17, 92)
(17, 223)
(17, 227)
(17, 232)
(17, 234)
(17, 104)
(17, 246)
(17, 120)
(17, 122)
(18, 128)
(18, 136)
(18, 44)
(18, 139)
(18, 151)
(18, 152)
(18, 23)
(18, 26)
(18, 28)
(18, 30)
(18, 168)
(18, 172)
(18, 45)
(18, 47)
(18, 176)
(18, 72)
(18, 180)
(18, 181)
(18, 183)
(18, 56)
(18, 52)
(18, 68)
(18, 200)
(18, 201)
(18, 207)
(18, 83)
(18, 84)
(18, 87)
(18, 218)
(18, 94)
(18, 99)
(18, 103)
(18, 233)
(18, 237)
(18, 239)
(18, 115)
(18, 116)
(18, 117)
(18, 121)
(19, 148)
(19, 165)
(19, 44)
(19, 50)
(19, 56)
(19, 62)
(19, 67)
(19, 196)
(19, 199)
(19, 73)
(19, 203)
(19, 213)
(19, 214)
(19, 87)
(19, 102)
(19, 110)
(19, 241)
(19, 242)
(19, 244)
(19, 249)
(19, 127)
(20, 139)
(20, 34)
(20, 168)
(20, 41)
(20, 45)
(20, 175)
(20, 177)
(20, 52)
(20, 60)
(20, 61)
(20, 68)
(20, 200)
(20, 201)
(20, 77)
(20, 82)
(20, 83)
(20, 214)
(20, 88)
(20, 221)
(20, 108)
(20, 237)
(20, 189)
(20, 121)
(21, 160)
(21, 65)
(21, 162)
(21, 91)
(21, 134)
(21, 76)
(21, 236)
(21, 48)
(21, 113)
(21, 211)
(21, 149)
(21, 150)
(21, 247)
(21, 24)
(21, 57)
(21, 122)
(21, 95)
(21, 93)
(21, 159)
(22, 224)
(22, 35)
(22, 75)
(22, 100)
(22, 133)
(22, 81)
(22, 231)
(22, 40)
(22, 202)
(22, 135)
(22, 174)
(22, 29)
(22, 209)
(22, 106)
(22, 245)
(22, 182)
(22, 119)
(22, 90)
(22, 156)
(22, 118)
(23, 128)
(23, 136)
(23, 139)
(23, 45)
(23, 152)
(23, 26)
(23, 28)
(23, 30)
(23, 168)
(23, 41)
(23, 172)
(23, 173)
(23, 176)
(23, 72)
(23, 180)
(23, 181)
(23, 183)
(23, 52)
(23, 68)
(23, 200)
(23, 201)
(23, 207)
(23, 83)
(23, 84)
(23, 215)
(23, 218)
(23, 94)
(23, 103)
(23, 233)
(23, 237)
(23, 239)
(23, 112)
(23, 115)
(23, 116)
(23, 117)
(23, 121)
(24, 149)
(24, 159)
(24, 162)
(24, 38)
(24, 171)
(24, 65)
(24, 74)
(24, 76)
(24, 211)
(24, 89)
(24, 91)
(24, 92)
(24, 95)
(24, 227)
(24, 236)
(24, 113)
(24, 247)
(24, 120)
(24, 122)
(25, 131)
(25, 153)
(25, 154)
(25, 158)
(25, 33)
(25, 38)
(25, 171)
(25, 185)
(25, 63)
(25, 69)
(25, 198)
(25, 74)
(25, 79)
(25, 89)
(25, 92)
(25, 223)
(25, 227)
(25, 232)
(25, 234)
(25, 246)
(25, 120)
(25, 122)
(26, 128)
(26, 136)
(26, 151)
(26, 28)
(26, 35)
(26, 172)
(26, 47)
(26, 176)
(26, 180)
(26, 181)
(26, 183)
(26, 53)
(26, 191)
(26, 96)
(26, 72)
(26, 207)
(26, 209)
(26, 210)
(26, 84)
(26, 218)
(26, 94)
(26, 224)
(26, 99)
(26, 231)
(26, 233)
(26, 239)
(26, 115)
(26, 116)
(26, 117)
(27, 129)
(27, 143)
(27, 145)
(27, 155)
(27, 30)
(27, 169)
(27, 170)
(27, 173)
(27, 178)
(27, 51)
(27, 54)
(27, 192)
(27, 194)
(27, 78)
(27, 80)
(27, 212)
(27, 86)
(27, 208)
(27, 230)
(27, 103)
(27, 235)
(27, 112)
(27, 243)
(27, 125)
(28, 128)
(28, 136)
(28, 139)
(28, 45)
(28, 152)
(28, 30)
(28, 168)
(28, 41)
(28, 170)
(28, 172)
(28, 173)
(28, 176)
(28, 72)
(28, 180)
(28, 181)
(28, 183)
(28, 52)
(28, 68)
(28, 200)
(28, 201)
(28, 207)
(28, 84)
(28, 215)
(28, 218)
(28, 94)
(28, 103)
(28, 233)
(28, 239)
(28, 112)
(28, 115)
(28, 116)
(28, 117)
(28, 121)
(29, 133)
(29, 142)
(29, 144)
(29, 157)
(29, 164)
(29, 37)
(29, 40)
(29, 46)
(29, 182)
(29, 55)
(29, 184)
(29, 59)
(29, 71)
(29, 75)
(29, 81)
(29, 90)
(29, 224)
(29, 106)
(29, 245)
(29, 118)
(29, 123)
(30, 128)
(30, 136)
(30, 139)
(30, 145)
(30, 152)
(30, 155)
(30, 169)
(30, 170)
(30, 172)
(30, 173)
(30, 177)
(30, 178)
(30, 115)
(30, 180)
(30, 181)
(30, 54)
(30, 52)
(30, 68)
(30, 200)
(30, 201)
(30, 207)
(30, 84)
(30, 86)
(30, 215)
(30, 218)
(30, 94)
(30, 103)
(30, 233)
(30, 108)
(30, 112)
(30, 243)
(30, 116)
(30, 117)
(30, 41)
(30, 72)
(30, 121)
(31, 225)
(31, 195)
(31, 228)
(31, 229)
(31, 102)
(31, 203)
(31, 110)
(31, 238)
(31, 49)
(31, 244)
(31, 206)
(31, 119)
(31, 127)
(31, 148)
(31, 219)
(31, 100)
(31, 222)
(31, 197)
(32, 137)
(32, 155)
(32, 34)
(32, 169)
(32, 177)
(32, 178)
(32, 51)
(32, 189)
(32, 192)
(32, 193)
(32, 77)
(32, 208)
(32, 86)
(32, 88)
(32, 220)
(32, 221)
(32, 97)
(32, 230)
(32, 105)
(32, 108)
(32, 41)
(33, 131)
(33, 142)
(33, 144)
(33, 154)
(33, 158)
(33, 69)
(33, 161)
(33, 163)
(33, 70)
(33, 166)
(33, 43)
(33, 46)
(33, 179)
(33, 184)
(33, 185)
(33, 187)
(33, 188)
(33, 190)
(33, 63)
(33, 64)
(33, 118)
(33, 198)
(33, 204)
(33, 37)
(33, 223)
(33, 232)
(33, 104)
(33, 246)
(33, 123)
(33, 126)
(34, 137)
(34, 139)
(34, 155)
(34, 169)
(34, 177)
(34, 178)
(34, 51)
(34, 54)
(34, 60)
(34, 61)
(34, 193)
(34, 68)
(34, 200)
(34, 77)
(34, 88)
(34, 221)
(34, 97)
(34, 230)
(34, 103)
(34, 105)
(34, 108)
(34, 189)
(34, 41)
(34, 121)
(35, 209)
(35, 151)
(35, 161)
(35, 163)
(35, 40)
(35, 176)
(35, 181)
(35, 183)
(35, 188)
(35, 53)
(35, 96)
(35, 81)
(35, 224)
(35, 99)
(35, 231)
(35, 106)
(35, 115)
(35, 118)
(35, 191)
(36, 131)
(36, 134)
(36, 140)
(36, 141)
(36, 146)
(36, 149)
(36, 150)
(36, 153)
(36, 159)
(36, 162)
(36, 39)
(36, 42)
(36, 171)
(36, 57)
(36, 65)
(36, 76)
(36, 79)
(36, 211)
(36, 216)
(36, 91)
(36, 92)
(36, 95)
(36, 232)
(36, 111)
(36, 114)
(36, 246)
(36, 120)
(36, 122)
(36, 124)
(37, 142)
(37, 144)
(37, 157)
(37, 161)
(37, 163)
(37, 166)
(37, 167)
(37, 40)
(37, 43)
(37, 46)
(37, 179)
(37, 55)
(37, 184)
(37, 187)
(37, 188)
(37, 190)
(37, 70)
(37, 204)
(37, 81)
(37, 90)
(37, 224)
(37, 101)
(37, 104)
(37, 106)
(37, 118)
(37, 123)
(38, 131)
(38, 153)
(38, 154)
(38, 171)
(38, 185)
(38, 69)
(38, 198)
(38, 74)
(38, 79)
(38, 89)
(38, 91)
(38, 92)
(38, 223)
(38, 227)
(38, 232)
(38, 234)
(38, 120)
(38, 122)
(39, 140)
(39, 141)
(39, 145)
(39, 146)
(39, 147)
(39, 42)
(39, 125)
(39, 53)
(39, 78)
(39, 79)
(39, 210)
(39, 215)
(39, 216)
(39, 98)
(39, 235)
(39, 111)
(39, 112)
(39, 114)
(39, 243)
(39, 246)
(39, 170)
(40, 142)
(40, 144)
(40, 161)
(40, 163)
(40, 43)
(40, 46)
(40, 182)
(40, 55)
(40, 184)
(40, 188)
(40, 191)
(40, 96)
(40, 75)
(40, 204)
(40, 81)
(40, 90)
(40, 224)
(40, 231)
(40, 106)
(40, 118)
(40, 123)
(41, 139)
(41, 152)
(41, 155)
(41, 169)
(41, 172)
(41, 173)
(41, 177)
(41, 178)
(41, 51)
(41, 52)
(41, 54)
(41, 61)
(41, 193)
(41, 68)
(41, 200)
(41, 201)
(41, 77)
(41, 86)
(41, 88)
(41, 221)
(41, 230)
(41, 103)
(41, 105)
(41, 108)
(41, 121)
(42, 131)
(42, 134)
(42, 140)
(42, 141)
(42, 146)
(42, 147)
(42, 153)
(42, 159)
(42, 162)
(42, 171)
(42, 64)
(42, 65)
(42, 74)
(42, 79)
(42, 216)
(42, 92)
(42, 98)
(42, 232)
(42, 111)
(42, 114)
(42, 246)
(42, 120)
(43, 131)
(43, 142)
(43, 144)
(43, 154)
(43, 158)
(43, 161)
(43, 163)
(43, 166)
(43, 46)
(43, 179)
(43, 184)
(43, 185)
(43, 187)
(43, 188)
(43, 190)
(43, 191)
(43, 64)
(43, 246)
(43, 198)
(43, 204)
(43, 223)
(43, 96)
(43, 104)
(43, 63)
(43, 118)
(43, 123)
(44, 139)
(44, 68)
(44, 47)
(44, 168)
(44, 172)
(44, 45)
(44, 175)
(44, 72)
(44, 50)
(44, 52)
(44, 56)
(44, 87)
(44, 60)
(44, 67)
(44, 196)
(44, 200)
(44, 201)
(44, 207)
(44, 82)
(44, 83)
(44, 214)
(44, 249)
(44, 94)
(44, 233)
(44, 237)
(44, 239)
(44, 241)
(44, 242)
(44, 244)
(44, 121)
(45, 139)
(45, 152)
(45, 168)
(45, 172)
(45, 175)
(45, 200)
(45, 50)
(45, 52)
(45, 56)
(45, 87)
(45, 60)
(45, 61)
(45, 68)
(45, 72)
(45, 201)
(45, 207)
(45, 82)
(45, 83)
(45, 214)
(45, 249)
(45, 94)
(45, 233)
(45, 237)
(45, 239)
(45, 121)
(46, 142)
(46, 144)
(46, 157)
(46, 161)
(46, 163)
(46, 166)
(46, 179)
(46, 55)
(46, 184)
(46, 187)
(46, 188)
(46, 190)
(46, 191)
(46, 96)
(46, 70)
(46, 204)
(46, 90)
(46, 224)
(46, 101)
(46, 104)
(46, 63)
(46, 106)
(46, 118)
(46, 123)
(47, 136)
(47, 151)
(47, 172)
(47, 176)
(47, 181)
(47, 183)
(47, 56)
(47, 116)
(47, 195)
(47, 196)
(47, 72)
(47, 201)
(47, 207)
(47, 209)
(47, 84)
(47, 87)
(47, 218)
(47, 94)
(47, 99)
(47, 233)
(47, 239)
(47, 115)
(47, 244)
(48, 134)
(48, 138)
(48, 140)
(48, 141)
(48, 146)
(48, 149)
(48, 150)
(48, 159)
(48, 160)
(48, 162)
(48, 93)
(48, 57)
(48, 58)
(48, 65)
(48, 76)
(48, 205)
(48, 211)
(48, 186)
(48, 95)
(48, 236)
(48, 113)
(48, 124)
(49, 225)
(49, 195)
(49, 100)
(49, 229)
(49, 135)
(49, 202)
(49, 174)
(49, 209)
(49, 119)
(49, 156)
(49, 222)
(49, 133)
(50, 67)
(50, 196)
(50, 168)
(50, 73)
(50, 237)
(50, 175)
(50, 241)
(50, 242)
(50, 83)
(50, 82)
(50, 214)
(50, 87)
(50, 56)
(50, 249)
(50, 60)
(51, 137)
(51, 143)
(51, 155)
(51, 169)
(51, 173)
(51, 177)
(51, 178)
(51, 54)
(51, 192)
(51, 193)
(51, 194)
(51, 77)
(51, 208)
(51, 212)
(51, 86)
(51, 88)
(51, 220)
(51, 230)
(51, 103)
(51, 105)
(51, 108)
(52, 128)
(52, 136)
(52, 139)
(52, 152)
(52, 168)
(52, 169)
(52, 172)
(52, 173)
(52, 175)
(52, 177)
(52, 180)
(52, 181)
(52, 56)
(52, 60)
(52, 68)
(52, 200)
(52, 201)
(52, 207)
(52, 82)
(52, 83)
(52, 84)
(52, 87)
(52, 88)
(52, 218)
(52, 94)
(52, 103)
(52, 233)
(52, 108)
(52, 237)
(52, 239)
(52, 116)
(52, 117)
(52, 72)
(52, 121)
(53, 128)
(53, 136)
(53, 145)
(53, 147)
(53, 151)
(53, 161)
(53, 163)
(53, 170)
(53, 176)
(53, 115)
(53, 180)
(53, 181)
(53, 188)
(53, 191)
(53, 64)
(53, 204)
(53, 210)
(53, 84)
(53, 215)
(53, 216)
(53, 218)
(53, 96)
(53, 98)
(53, 99)
(53, 231)
(53, 112)
(53, 243)
(53, 116)
(53, 117)
(54, 143)
(54, 152)
(54, 155)
(54, 169)
(54, 170)
(54, 173)
(54, 177)
(54, 178)
(54, 192)
(54, 193)
(54, 194)
(54, 77)
(54, 78)
(54, 208)
(54, 212)
(54, 86)
(54, 88)
(54, 220)
(54, 230)
(54, 103)
(54, 105)
(54, 108)
(54, 121)
(55, 132)
(55, 144)
(55, 164)
(55, 157)
(55, 182)
(55, 184)
(55, 59)
(55, 66)
(55, 70)
(55, 71)
(55, 81)
(55, 85)
(55, 90)
(55, 226)
(55, 101)
(55, 107)
(55, 245)
(55, 118)
(56, 139)
(56, 68)
(56, 168)
(56, 172)
(56, 175)
(56, 72)
(56, 73)
(56, 60)
(56, 67)
(56, 196)
(56, 200)
(56, 201)
(56, 207)
(56, 82)
(56, 83)
(56, 214)
(56, 87)
(56, 94)
(56, 233)
(56, 237)
(56, 239)
(56, 241)
(56, 242)
(56, 244)
(56, 249)
(57, 134)
(57, 138)
(57, 140)
(57, 141)
(57, 146)
(57, 149)
(57, 150)
(57, 159)
(57, 160)
(57, 162)
(57, 93)
(57, 58)
(57, 65)
(57, 76)
(57, 205)
(57, 211)
(57, 91)
(57, 186)
(57, 95)
(57, 111)
(57, 114)
(57, 124)
(58, 129)
(58, 138)
(58, 140)
(58, 141)
(58, 143)
(58, 150)
(58, 160)
(58, 134)
(58, 186)
(58, 194)
(58, 205)
(58, 78)
(58, 80)
(58, 212)
(58, 235)
(58, 114)
(58, 124)
(58, 125)
(59, 130)
(59, 75)
(59, 164)
(59, 71)
(59, 107)
(59, 66)
(59, 174)
(59, 245)
(59, 182)
(59, 90)
(59, 157)
(59, 85)
(60, 68)
(60, 200)
(60, 201)
(60, 139)
(60, 237)
(60, 175)
(60, 168)
(60, 82)
(60, 83)
(60, 214)
(60, 87)
(60, 88)
(60, 121)
(60, 61)
(61, 193)
(61, 68)
(61, 97)
(61, 200)
(61, 137)
(61, 139)
(61, 108)
(61, 77)
(61, 175)
(61, 177)
(61, 189)
(61, 105)
(61, 88)
(61, 121)
(61, 221)
(62, 228)
(62, 197)
(62, 102)
(62, 199)
(62, 73)
(62, 203)
(62, 110)
(62, 238)
(62, 109)
(62, 206)
(62, 241)
(62, 148)
(62, 213)
(62, 127)
(62, 217)
(62, 219)
(62, 165)
(63, 131)
(63, 142)
(63, 144)
(63, 153)
(63, 154)
(63, 158)
(63, 70)
(63, 166)
(63, 167)
(63, 179)
(63, 184)
(63, 185)
(63, 187)
(63, 190)
(63, 69)
(63, 198)
(63, 74)
(63, 204)
(63, 223)
(63, 104)
(63, 234)
(63, 240)
(63, 246)
(63, 123)
(63, 126)
(64, 131)
(64, 142)
(64, 144)
(64, 154)
(64, 161)
(64, 163)
(64, 185)
(64, 187)
(64, 188)
(64, 191)
(64, 204)
(64, 79)
(64, 210)
(64, 216)
(64, 96)
(64, 232)
(64, 104)
(64, 246)
(64, 123)
(65, 134)
(65, 140)
(65, 141)
(65, 146)
(65, 149)
(65, 150)
(65, 159)
(65, 160)
(65, 162)
(65, 171)
(65, 186)
(65, 76)
(65, 205)
(65, 79)
(65, 211)
(65, 91)
(65, 92)
(65, 93)
(65, 95)
(65, 232)
(65, 236)
(65, 111)
(65, 114)
(65, 247)
(65, 120)
(65, 122)
(65, 124)
(66, 226)
(66, 132)
(66, 101)
(66, 71)
(66, 107)
(66, 130)
(66, 245)
(66, 248)
(66, 164)
(66, 90)
(66, 157)
(66, 85)
(67, 196)
(67, 199)
(67, 168)
(67, 73)
(67, 82)
(67, 237)
(67, 175)
(67, 241)
(67, 242)
(67, 83)
(67, 213)
(67, 214)
(67, 87)
(67, 249)
(68, 139)
(68, 152)
(68, 168)
(68, 172)
(68, 175)
(68, 177)
(68, 200)
(68, 201)
(68, 77)
(68, 207)
(68, 82)
(68, 83)
(68, 214)
(68, 87)
(68, 88)
(68, 103)
(68, 233)
(68, 108)
(68, 237)
(68, 121)
(69, 131)
(69, 153)
(69, 154)
(69, 158)
(69, 166)
(69, 171)
(69, 185)
(69, 187)
(69, 190)
(69, 198)
(69, 74)
(69, 89)
(69, 92)
(69, 223)
(69, 227)
(69, 232)
(69, 234)
(69, 104)
(69, 246)
(69, 120)
(69, 126)
(70, 132)
(70, 142)
(70, 144)
(70, 157)
(70, 158)
(70, 166)
(70, 167)
(70, 179)
(70, 184)
(70, 190)
(70, 198)
(70, 90)
(70, 226)
(70, 101)
(70, 104)
(70, 240)
(70, 248)
(70, 123)
(70, 126)
(71, 226)
(71, 132)
(71, 101)
(71, 107)
(71, 130)
(71, 245)
(71, 182)
(71, 164)
(71, 90)
(71, 157)
(71, 85)
(72, 128)
(72, 136)
(72, 139)
(72, 151)
(72, 152)
(72, 168)
(72, 172)
(72, 176)
(72, 180)
(72, 181)
(72, 183)
(72, 200)
(72, 201)
(72, 207)
(72, 84)
(72, 218)
(72, 94)
(72, 99)
(72, 233)
(72, 237)
(72, 239)
(72, 115)
(72, 116)
(72, 117)
(73, 148)
(73, 165)
(73, 196)
(73, 199)
(73, 203)
(73, 206)
(73, 213)
(73, 214)
(73, 87)
(73, 219)
(73, 102)
(73, 110)
(73, 241)
(73, 242)
(73, 244)
(73, 249)
(73, 127)
(74, 131)
(74, 153)
(74, 154)
(74, 158)
(74, 171)
(74, 185)
(74, 198)
(74, 79)
(74, 89)
(74, 92)
(74, 223)
(74, 227)
(74, 232)
(74, 234)
(74, 246)
(74, 120)
(74, 122)
(75, 224)
(75, 100)
(75, 133)
(75, 81)
(75, 135)
(75, 202)
(75, 174)
(75, 209)
(75, 245)
(75, 182)
(75, 119)
(75, 90)
(75, 156)
(75, 106)
(76, 134)
(76, 150)
(76, 159)
(76, 160)
(76, 162)
(76, 211)
(76, 91)
(76, 92)
(76, 93)
(76, 95)
(76, 236)
(76, 113)
(76, 247)
(76, 120)
(76, 122)
(76, 149)
(77, 137)
(77, 139)
(77, 152)
(77, 155)
(77, 169)
(77, 173)
(77, 177)
(77, 178)
(77, 189)
(77, 193)
(77, 200)
(77, 208)
(77, 86)
(77, 88)
(77, 220)
(77, 221)
(77, 97)
(77, 230)
(77, 103)
(77, 105)
(77, 108)
(77, 121)
(78, 129)
(78, 140)
(78, 141)
(78, 143)
(78, 145)
(78, 147)
(78, 155)
(78, 170)
(78, 173)
(78, 192)
(78, 194)
(78, 80)
(78, 212)
(78, 86)
(78, 98)
(78, 235)
(78, 112)
(78, 114)
(78, 243)
(78, 124)
(78, 125)
(79, 131)
(79, 146)
(79, 153)
(79, 154)
(79, 159)
(79, 162)
(79, 171)
(79, 185)
(79, 187)
(79, 216)
(79, 92)
(79, 232)
(79, 111)
(79, 114)
(79, 246)
(79, 120)
(80, 192)
(80, 129)
(80, 194)
(80, 138)
(80, 235)
(80, 205)
(80, 143)
(80, 208)
(80, 212)
(80, 124)
(81, 224)
(81, 133)
(81, 231)
(81, 202)
(81, 135)
(81, 174)
(81, 209)
(81, 106)
(81, 182)
(81, 90)
(81, 156)
(81, 118)
(82, 139)
(82, 168)
(82, 175)
(82, 87)
(82, 196)
(82, 200)
(82, 201)
(82, 207)
(82, 83)
(82, 214)
(82, 249)
(82, 233)
(82, 237)
(82, 239)
(82, 241)
(82, 242)
(82, 121)
(83, 139)
(83, 168)
(83, 172)
(83, 175)
(83, 87)
(83, 196)
(83, 200)
(83, 201)
(83, 207)
(83, 214)
(83, 249)
(83, 233)
(83, 237)
(83, 239)
(83, 242)
(83, 121)
(84, 128)
(84, 136)
(84, 151)
(84, 152)
(84, 172)
(84, 176)
(84, 180)
(84, 181)
(84, 183)
(84, 201)
(84, 207)
(84, 210)
(84, 218)
(84, 94)
(84, 99)
(84, 233)
(84, 239)
(84, 115)
(84, 116)
(84, 117)
(85, 226)
(85, 164)
(85, 107)
(85, 130)
(85, 245)
(85, 90)
(85, 157)
(86, 143)
(86, 155)
(86, 169)
(86, 170)
(86, 173)
(86, 177)
(86, 178)
(86, 192)
(86, 193)
(86, 194)
(86, 208)
(86, 212)
(86, 220)
(86, 230)
(86, 103)
(86, 105)
(86, 108)
(87, 139)
(87, 168)
(87, 172)
(87, 175)
(87, 196)
(87, 200)
(87, 201)
(87, 207)
(87, 214)
(87, 94)
(87, 233)
(87, 237)
(87, 239)
(87, 241)
(87, 242)
(87, 244)
(87, 249)
(88, 137)
(88, 139)
(88, 155)
(88, 169)
(88, 177)
(88, 178)
(88, 189)
(88, 193)
(88, 200)
(88, 221)
(88, 97)
(88, 230)
(88, 103)
(88, 105)
(88, 108)
(88, 121)
(89, 227)
(89, 232)
(89, 234)
(89, 171)
(89, 120)
(89, 247)
(89, 153)
(89, 185)
(89, 154)
(89, 91)
(89, 92)
(89, 122)
(89, 223)
(90, 142)
(90, 144)
(90, 164)
(90, 157)
(90, 182)
(90, 184)
(90, 226)
(90, 101)
(90, 106)
(90, 245)
(90, 118)
(90, 123)
(91, 134)
(91, 146)
(91, 149)
(91, 150)
(91, 159)
(91, 162)
(91, 171)
(91, 211)
(91, 92)
(91, 93)
(91, 95)
(91, 236)
(91, 113)
(91, 247)
(91, 120)
(91, 122)
(92, 131)
(92, 153)
(92, 154)
(92, 159)
(92, 162)
(92, 171)
(92, 185)
(92, 223)
(92, 227)
(92, 232)
(92, 234)
(92, 246)
(92, 247)
(92, 120)
(92, 122)
(93, 134)
(93, 138)
(93, 146)
(93, 150)
(93, 159)
(93, 160)
(93, 162)
(93, 186)
(93, 205)
(93, 211)
(93, 95)
(93, 236)
(93, 113)
(93, 247)
(93, 124)
(93, 149)
(94, 128)
(94, 136)
(94, 139)
(94, 151)
(94, 152)
(94, 168)
(94, 172)
(94, 176)
(94, 180)
(94, 181)
(94, 183)
(94, 200)
(94, 201)
(94, 207)
(94, 218)
(94, 99)
(94, 233)
(94, 237)
(94, 239)
(94, 115)
(94, 116)
(94, 117)
(95, 134)
(95, 149)
(95, 150)
(95, 159)
(95, 160)
(95, 162)
(95, 211)
(95, 236)
(95, 113)
(95, 247)
(95, 122)
(96, 136)
(96, 151)
(96, 161)
(96, 163)
(96, 176)
(96, 181)
(96, 188)
(96, 191)
(96, 204)
(96, 210)
(96, 224)
(96, 99)
(96, 231)
(96, 106)
(96, 115)
(96, 116)
(96, 118)
(96, 123)
(97, 193)
(97, 137)
(97, 189)
(97, 177)
(97, 105)
(97, 221)
(98, 128)
(98, 136)
(98, 141)
(98, 145)
(98, 147)
(98, 170)
(98, 243)
(98, 180)
(98, 210)
(98, 215)
(98, 216)
(98, 218)
(98, 235)
(98, 111)
(98, 112)
(98, 114)
(98, 115)
(98, 117)
(98, 125)
(99, 128)
(99, 136)
(99, 151)
(99, 161)
(99, 163)
(99, 176)
(99, 180)
(99, 181)
(99, 183)
(99, 191)
(99, 209)
(99, 210)
(99, 218)
(99, 224)
(99, 231)
(99, 106)
(99, 115)
(99, 116)
(99, 117)
(100, 225)
(100, 195)
(100, 229)
(100, 135)
(100, 202)
(100, 119)
(100, 209)
(100, 244)
(100, 151)
(100, 148)
(100, 219)
(100, 156)
(100, 106)
(100, 222)
(100, 133)
(101, 132)
(101, 142)
(101, 144)
(101, 157)
(101, 166)
(101, 167)
(101, 179)
(101, 184)
(101, 190)
(101, 226)
(101, 107)
(101, 240)
(101, 248)
(101, 126)
(102, 148)
(102, 238)
(102, 165)
(102, 195)
(102, 196)
(102, 197)
(102, 199)
(102, 203)
(102, 206)
(102, 213)
(102, 217)
(102, 219)
(102, 222)
(102, 228)
(102, 229)
(102, 109)
(102, 110)
(102, 241)
(102, 244)
(102, 127)
(103, 128)
(103, 139)
(103, 152)
(103, 155)
(103, 169)
(103, 170)
(103, 172)
(103, 173)
(103, 177)
(103, 178)
(103, 180)
(103, 193)
(103, 200)
(103, 201)
(103, 230)
(103, 233)
(103, 108)
(103, 112)
(103, 105)
(103, 121)
(104, 131)
(104, 142)
(104, 144)
(104, 154)
(104, 158)
(104, 161)
(104, 163)
(104, 166)
(104, 167)
(104, 179)
(104, 184)
(104, 185)
(104, 187)
(104, 188)
(104, 190)
(104, 118)
(104, 198)
(104, 204)
(104, 223)
(104, 234)
(104, 246)
(104, 123)
(104, 126)
(105, 137)
(105, 152)
(105, 155)
(105, 169)
(105, 173)
(105, 177)
(105, 178)
(105, 189)
(105, 192)
(105, 193)
(105, 208)
(105, 220)
(105, 221)
(105, 230)
(105, 108)
(105, 121)
(106, 133)
(106, 209)
(106, 156)
(106, 161)
(106, 182)
(106, 191)
(106, 202)
(106, 224)
(106, 231)
(106, 118)
(107, 226)
(107, 132)
(107, 130)
(107, 248)
(107, 164)
(107, 157)
(108, 137)
(108, 152)
(108, 155)
(108, 169)
(108, 173)
(108, 177)
(108, 178)
(108, 193)
(108, 139)
(108, 200)
(108, 208)
(108, 220)
(108, 221)
(108, 230)
(108, 121)
(109, 228)
(109, 197)
(109, 199)
(109, 110)
(109, 206)
(109, 238)
(109, 213)
(109, 217)
(109, 127)
(109, 165)
(110, 148)
(110, 165)
(110, 196)
(110, 197)
(110, 199)
(110, 203)
(110, 206)
(110, 213)
(110, 217)
(110, 219)
(110, 228)
(110, 229)
(110, 238)
(110, 241)
(110, 242)
(110, 244)
(110, 249)
(110, 127)
(111, 131)
(111, 134)
(111, 140)
(111, 141)
(111, 145)
(111, 146)
(111, 147)
(111, 150)
(111, 159)
(111, 162)
(111, 216)
(111, 232)
(111, 235)
(111, 114)
(111, 243)
(111, 246)
(111, 120)
(111, 124)
(111, 125)
(112, 128)
(112, 136)
(112, 143)
(112, 145)
(112, 147)
(112, 152)
(112, 170)
(112, 173)
(112, 243)
(112, 180)
(112, 210)
(112, 215)
(112, 216)
(112, 218)
(112, 235)
(112, 115)
(112, 116)
(112, 117)
(112, 125)
(113, 236)
(113, 211)
(113, 149)
(113, 247)
(114, 140)
(114, 141)
(114, 145)
(114, 146)
(114, 147)
(114, 150)
(114, 159)
(114, 162)
(114, 134)
(114, 205)
(114, 216)
(114, 235)
(114, 125)
(114, 243)
(114, 124)
(114, 170)
(115, 128)
(115, 136)
(115, 145)
(115, 147)
(115, 151)
(115, 152)
(115, 172)
(115, 176)
(115, 180)
(115, 181)
(115, 183)
(115, 191)
(115, 207)
(115, 210)
(115, 215)
(115, 218)
(115, 231)
(115, 233)
(115, 116)
(115, 117)
(116, 128)
(116, 136)
(116, 145)
(116, 147)
(116, 151)
(116, 152)
(116, 170)
(116, 172)
(116, 176)
(116, 180)
(116, 181)
(116, 183)
(116, 191)
(116, 201)
(116, 207)
(116, 210)
(116, 215)
(116, 218)
(116, 231)
(116, 233)
(116, 239)
(116, 243)
(116, 117)
(117, 128)
(117, 136)
(117, 145)
(117, 147)
(117, 151)
(117, 152)
(117, 170)
(117, 172)
(117, 176)
(117, 180)
(117, 181)
(117, 183)
(117, 201)
(117, 207)
(117, 210)
(117, 215)
(117, 218)
(117, 233)
(117, 243)
(118, 142)
(118, 144)
(118, 161)
(118, 163)
(118, 157)
(118, 182)
(118, 184)
(118, 187)
(118, 188)
(118, 191)
(118, 204)
(118, 224)
(118, 231)
(118, 123)
(119, 225)
(119, 195)
(119, 133)
(119, 135)
(119, 202)
(119, 174)
(119, 156)
(119, 222)
(120, 131)
(120, 146)
(120, 153)
(120, 154)
(120, 159)
(120, 162)
(120, 171)
(120, 185)
(120, 211)
(120, 227)
(120, 232)
(120, 246)
(120, 122)
(121, 139)
(121, 152)
(121, 168)
(121, 172)
(121, 175)
(121, 177)
(121, 178)
(121, 200)
(121, 201)
(121, 207)
(121, 214)
(121, 233)
(121, 237)
(121, 169)
(122, 149)
(122, 153)
(122, 159)
(122, 162)
(122, 171)
(122, 211)
(122, 227)
(122, 232)
(122, 236)
(122, 247)
(123, 142)
(123, 144)
(123, 158)
(123, 161)
(123, 163)
(123, 166)
(123, 157)
(123, 179)
(123, 184)
(123, 187)
(123, 188)
(123, 190)
(123, 191)
(123, 204)
(124, 129)
(124, 138)
(124, 140)
(124, 141)
(124, 146)
(124, 150)
(124, 159)
(124, 160)
(124, 162)
(124, 134)
(124, 186)
(124, 205)
(124, 211)
(124, 235)
(124, 125)
(125, 129)
(125, 140)
(125, 141)
(125, 143)
(125, 145)
(125, 146)
(125, 147)
(125, 170)
(125, 194)
(125, 215)
(125, 216)
(125, 235)
(125, 243)
(126, 132)
(126, 142)
(126, 144)
(126, 154)
(126, 158)
(126, 166)
(126, 167)
(126, 179)
(126, 184)
(126, 185)
(126, 190)
(126, 198)
(126, 223)
(126, 234)
(126, 240)
(126, 248)
(127, 148)
(127, 165)
(127, 196)
(127, 197)
(127, 199)
(127, 203)
(127, 206)
(127, 213)
(127, 217)
(127, 219)
(127, 228)
(127, 229)
(127, 238)
(127, 241)
(127, 242)
(128, 136)
(128, 145)
(128, 147)
(128, 152)
(128, 170)
(128, 172)
(128, 173)
(128, 176)
(128, 180)
(128, 181)
(128, 183)
(128, 200)
(128, 201)
(128, 207)
(128, 210)
(128, 215)
(128, 218)
(128, 233)
(128, 243)
(129, 194)
(129, 138)
(129, 235)
(129, 140)
(129, 205)
(129, 143)
(129, 141)
(129, 212)
(129, 186)
(130, 132)
(130, 226)
(130, 164)
(130, 157)
(131, 171)
(131, 153)
(131, 154)
(131, 158)
(131, 185)
(131, 187)
(131, 188)
(131, 198)
(131, 204)
(131, 216)
(131, 223)
(131, 232)
(131, 246)
(132, 226)
(132, 167)
(132, 240)
(132, 184)
(132, 179)
(132, 248)
(132, 157)
(132, 190)
(133, 224)
(133, 225)
(133, 135)
(133, 202)
(133, 174)
(133, 209)
(133, 182)
(133, 156)
(134, 138)
(134, 140)
(134, 141)
(134, 146)
(134, 149)
(134, 150)
(134, 159)
(134, 160)
(134, 162)
(134, 205)
(134, 211)
(134, 186)
(134, 235)
(135, 225)
(135, 202)
(135, 174)
(135, 182)
(135, 156)
(135, 222)
(136, 145)
(136, 147)
(136, 151)
(136, 152)
(136, 170)
(136, 172)
(136, 176)
(136, 180)
(136, 181)
(136, 183)
(136, 191)
(136, 201)
(136, 207)
(136, 210)
(136, 215)
(136, 218)
(136, 231)
(136, 233)
(136, 243)
(137, 193)
(137, 189)
(137, 177)
(137, 221)
(138, 160)
(138, 235)
(138, 140)
(138, 205)
(138, 141)
(138, 146)
(138, 150)
(138, 186)
(139, 152)
(139, 168)
(139, 172)
(139, 175)
(139, 177)
(139, 178)
(139, 200)
(139, 201)
(139, 207)
(139, 214)
(139, 233)
(139, 237)
(139, 239)
(139, 169)
(140, 141)
(140, 146)
(140, 150)
(140, 159)
(140, 160)
(140, 162)
(140, 186)
(140, 205)
(140, 211)
(140, 235)
(141, 143)
(141, 146)
(141, 147)
(141, 150)
(141, 159)
(141, 160)
(141, 162)
(141, 170)
(141, 186)
(141, 205)
(141, 235)
(141, 243)
(142, 144)
(142, 158)
(142, 161)
(142, 163)
(142, 166)
(142, 167)
(142, 157)
(142, 179)
(142, 184)
(142, 187)
(142, 188)
(142, 190)
(142, 198)
(142, 204)
(142, 240)
(143, 145)
(143, 155)
(143, 169)
(143, 170)
(143, 173)
(143, 178)
(143, 192)
(143, 194)
(143, 212)
(143, 208)
(143, 230)
(143, 235)
(143, 243)
(144, 158)
(144, 161)
(144, 163)
(144, 166)
(144, 167)
(144, 157)
(144, 179)
(144, 184)
(144, 187)
(144, 188)
(144, 190)
(144, 204)
(144, 240)
(145, 147)
(145, 170)
(145, 243)
(145, 180)
(145, 210)
(145, 215)
(145, 216)
(145, 218)
(145, 235)
(146, 150)
(146, 159)
(146, 160)
(146, 162)
(146, 186)
(146, 205)
(146, 211)
(146, 216)
(146, 235)
(147, 170)
(147, 243)
(147, 180)
(147, 210)
(147, 215)
(147, 216)
(147, 218)
(147, 235)
(148, 165)
(148, 195)
(148, 196)
(148, 197)
(148, 199)
(148, 203)
(148, 206)
(148, 213)
(148, 219)
(148, 222)
(148, 228)
(148, 229)
(148, 241)
(148, 244)
(149, 150)
(149, 159)
(149, 160)
(149, 162)
(149, 186)
(149, 211)
(149, 236)
(149, 247)
(150, 159)
(150, 160)
(150, 162)
(150, 186)
(150, 205)
(150, 211)
(150, 236)
(151, 176)
(151, 180)
(151, 183)
(151, 181)
(151, 207)
(151, 209)
(151, 218)
(151, 224)
(151, 231)
(151, 233)
(151, 239)
(151, 191)
(152, 173)
(152, 155)
(152, 170)
(152, 172)
(152, 177)
(152, 178)
(152, 180)
(152, 200)
(152, 201)
(152, 207)
(152, 215)
(152, 218)
(152, 233)
(152, 169)
(153, 154)
(153, 158)
(153, 171)
(153, 185)
(153, 198)
(153, 223)
(153, 227)
(153, 232)
(153, 234)
(153, 246)
(154, 158)
(154, 166)
(154, 171)
(154, 179)
(154, 185)
(154, 187)
(154, 190)
(154, 198)
(154, 223)
(154, 227)
(154, 232)
(154, 234)
(154, 246)
(155, 169)
(155, 173)
(155, 177)
(155, 178)
(155, 192)
(155, 193)
(155, 194)
(155, 208)
(155, 212)
(155, 220)
(155, 230)
(156, 225)
(156, 195)
(156, 202)
(156, 174)
(156, 209)
(156, 182)
(156, 222)
(157, 164)
(157, 167)
(157, 179)
(157, 184)
(157, 226)
(157, 240)
(157, 248)
(158, 166)
(158, 167)
(158, 179)
(158, 184)
(158, 185)
(158, 187)
(158, 190)
(158, 198)
(158, 223)
(158, 234)
(158, 240)
(159, 160)
(159, 162)
(159, 171)
(159, 186)
(159, 205)
(159, 211)
(159, 232)
(159, 236)
(159, 247)
(160, 162)
(160, 186)
(160, 205)
(160, 211)
(161, 163)
(161, 187)
(161, 188)
(161, 191)
(161, 204)
(161, 224)
(161, 231)
(161, 246)
(162, 171)
(162, 186)
(162, 205)
(162, 211)
(162, 232)
(162, 236)
(162, 247)
(163, 176)
(163, 187)
(163, 188)
(163, 191)
(163, 204)
(163, 210)
(163, 216)
(163, 224)
(163, 231)
(163, 246)
(164, 174)
(164, 245)
(164, 182)
(165, 228)
(165, 197)
(165, 199)
(165, 203)
(165, 238)
(165, 206)
(165, 241)
(165, 242)
(165, 213)
(165, 217)
(165, 219)
(166, 167)
(166, 179)
(166, 184)
(166, 185)
(166, 187)
(166, 190)
(166, 198)
(166, 204)
(166, 223)
(166, 234)
(166, 240)
(167, 226)
(167, 198)
(167, 240)
(167, 184)
(167, 179)
(167, 248)
(167, 190)
(168, 172)
(168, 175)
(168, 196)
(168, 200)
(168, 201)
(168, 207)
(168, 214)
(168, 233)
(168, 237)
(168, 239)
(168, 242)
(168, 249)
(169, 173)
(169, 177)
(169, 178)
(169, 193)
(169, 200)
(169, 208)
(169, 220)
(169, 230)
(170, 173)
(170, 180)
(170, 210)
(170, 215)
(170, 216)
(170, 218)
(170, 235)
(170, 243)
(171, 185)
(171, 198)
(171, 223)
(171, 227)
(171, 232)
(171, 234)
(171, 246)
(172, 176)
(172, 180)
(172, 181)
(172, 183)
(172, 200)
(172, 201)
(172, 207)
(172, 218)
(172, 233)
(172, 237)
(172, 239)
(173, 177)
(173, 178)
(173, 193)
(173, 194)
(173, 208)
(173, 212)
(173, 230)
(173, 243)
(174, 225)
(174, 182)
(174, 202)
(174, 245)
(175, 196)
(175, 200)
(175, 201)
(175, 207)
(175, 214)
(175, 237)
(175, 242)
(175, 249)
(176, 180)
(176, 183)
(176, 181)
(176, 207)
(176, 210)
(176, 215)
(176, 218)
(176, 224)
(176, 231)
(176, 233)
(176, 191)
(177, 178)
(177, 193)
(177, 200)
(177, 208)
(177, 221)
(177, 230)
(177, 189)
(178, 192)
(178, 193)
(178, 200)
(178, 208)
(178, 212)
(178, 220)
(178, 230)
(179, 184)
(179, 185)
(179, 187)
(179, 190)
(179, 198)
(179, 204)
(179, 223)
(179, 234)
(179, 240)
(179, 248)
(180, 181)
(180, 183)
(180, 201)
(180, 207)
(180, 210)
(180, 215)
(180, 218)
(180, 233)
(180, 243)
(181, 183)
(181, 191)
(181, 201)
(181, 207)
(181, 210)
(181, 215)
(181, 218)
(181, 231)
(181, 233)
(181, 239)
(182, 202)
(182, 245)
(183, 191)
(183, 201)
(183, 207)
(183, 209)
(183, 218)
(183, 231)
(183, 233)
(183, 239)
(183, 244)
(184, 188)
(184, 190)
(184, 204)
(184, 226)
(184, 240)
(185, 187)
(185, 190)
(185, 198)
(185, 204)
(185, 223)
(185, 227)
(185, 232)
(185, 234)
(185, 246)
(186, 205)
(186, 211)
(187, 188)
(187, 190)
(187, 198)
(187, 204)
(187, 223)
(187, 232)
(187, 246)
(188, 191)
(188, 246)
(188, 204)
(188, 224)
(188, 231)
(189, 193)
(189, 221)
(190, 198)
(190, 204)
(190, 223)
(190, 234)
(190, 240)
(191, 204)
(191, 210)
(191, 224)
(191, 231)
(192, 193)
(192, 194)
(192, 230)
(192, 208)
(192, 212)
(192, 220)
(193, 208)
(193, 220)
(193, 221)
(193, 230)
(194, 230)
(194, 235)
(194, 208)
(194, 212)
(194, 220)
(195, 225)
(195, 228)
(195, 229)
(195, 202)
(195, 203)
(195, 206)
(195, 209)
(195, 244)
(195, 219)
(195, 222)
(196, 199)
(196, 203)
(196, 207)
(196, 213)
(196, 214)
(196, 219)
(196, 229)
(196, 237)
(196, 239)
(196, 241)
(196, 242)
(196, 244)
(196, 249)
(197, 228)
(197, 229)
(197, 199)
(197, 238)
(197, 206)
(197, 217)
(197, 219)
(197, 222)
(198, 223)
(198, 227)
(198, 232)
(198, 234)
(198, 240)
(199, 203)
(199, 206)
(199, 213)
(199, 217)
(199, 219)
(199, 228)
(199, 238)
(199, 241)
(199, 242)
(199, 244)
(199, 249)
(200, 201)
(200, 207)
(200, 214)
(200, 233)
(200, 237)
(200, 239)
(201, 207)
(201, 214)
(201, 218)
(201, 233)
(201, 237)
(201, 239)
(202, 225)
(202, 209)
(202, 222)
(203, 206)
(203, 213)
(203, 219)
(203, 222)
(203, 228)
(203, 229)
(203, 241)
(203, 242)
(203, 244)
(203, 249)
(204, 216)
(204, 246)
(205, 211)
(205, 235)
(206, 238)
(206, 213)
(206, 217)
(206, 219)
(206, 222)
(206, 228)
(206, 229)
(206, 241)
(206, 244)
(207, 214)
(207, 218)
(207, 233)
(207, 237)
(207, 239)
(208, 212)
(208, 220)
(208, 230)
(209, 224)
(209, 225)
(209, 229)
(209, 231)
(209, 244)
(210, 243)
(210, 215)
(210, 216)
(210, 218)
(211, 236)
(211, 247)
(212, 230)
(212, 235)
(212, 220)
(213, 217)
(213, 219)
(213, 228)
(213, 238)
(213, 241)
(213, 242)
(213, 249)
(214, 249)
(214, 237)
(214, 239)
(214, 241)
(214, 242)
(215, 243)
(215, 216)
(215, 218)
(215, 235)
(216, 243)
(216, 246)
(217, 228)
(217, 238)
(218, 243)
(218, 233)
(218, 239)
(219, 222)
(219, 228)
(219, 229)
(219, 241)
(219, 244)
(220, 230)
(222, 225)
(222, 228)
(222, 229)
(222, 244)
(223, 227)
(223, 232)
(223, 234)
(223, 246)
(224, 231)
(225, 229)
(226, 240)
(226, 248)
(227, 232)
(227, 234)
(228, 229)
(228, 238)
(229, 244)
(232, 246)
(233, 237)
(233, 239)
(235, 243)
(236, 247)
(237, 249)
(237, 239)
(237, 241)
(237, 242)
(239, 244)
(239, 249)
(240, 248)
(241, 242)
(241, 244)
(241, 249)
(242, 249)
(244, 249)
