#Nodes
0
1
2
3
4
5
6
7
8
9
10
11
12
13
14
15
16
17
18
19
20
21
22
23
24
25
26
27
28
29
30
31
32
33
34
35
36
37
38
39
40
41
42
43
44
45
46
47
48
49
50
51
52
53
54
55
56
57
58
59
60
61
62
63
64
65
66
67
68
69
70
71
72
73
74
75
76
77
78
79
80
81
82
83
84
85
86
87
88
89
90
91
92
93
94
95
96
97
98
99
#Edges
(0, 65)
(0, 67)
(0, 68)
(0, 41)
(0, 79)
(0, 99)
(0, 59)
(1, 32)
(1, 69)
(1, 43)
(1, 78)
(1, 47)
(1, 29)
(2, 82)
(2, 60)
(3, 42)
(3, 11)
(3, 77)
(3, 45)
(3, 80)
(3, 49)
(3, 53)
(3, 86)
(3, 90)
(3, 31)
(3, 10)
(3, 95)
(4, 64)
(4, 36)
(4, 7)
(4, 73)
(4, 75)
(4, 54)
(4, 88)
(4, 57)
(4, 58)
(4, 27)
(4, 93)
(4, 62)
(5, 19)
(5, 97)
(5, 98)
(5, 65)
(5, 71)
(5, 9)
(5, 46)
(5, 79)
(5, 81)
(5, 83)
(5, 84)
(5, 23)
(5, 24)
(5, 20)
(5, 59)
(5, 61)
(6, 64)
(6, 33)
(6, 66)
(6, 34)
(6, 70)
(6, 73)
(6, 44)
(6, 45)
(6, 18)
(6, 30)
(6, 92)
(6, 62)
(6, 31)
(7, 64)
(7, 97)
(7, 98)
(7, 8)
(7, 73)
(7, 75)
(7, 34)
(7, 24)
(7, 19)
(7, 88)
(7, 26)
(7, 27)
(7, 62)
(8, 19)
(8, 97)
(8, 98)
(8, 99)
(8, 65)
(8, 71)
(8, 41)
(8, 79)
(8, 67)
(8, 9)
(8, 24)
(8, 26)
(8, 59)
(9, 19)
(9, 97)
(9, 98)
(9, 99)
(9, 68)
(9, 65)
(9, 71)
(9, 67)
(9, 46)
(9, 79)
(9, 83)
(9, 84)
(9, 24)
(9, 20)
(9, 59)
(10, 37)
(10, 42)
(10, 11)
(10, 53)
(10, 90)
(10, 31)
(11, 12)
(11, 77)
(11, 80)
(11, 86)
(11, 90)
(11, 95)
(11, 31)
(12, 41)
(12, 77)
(12, 80)
(12, 49)
(12, 86)
(12, 95)
(13, 32)
(13, 33)
(13, 66)
(13, 30)
(14, 36)
(14, 38)
(14, 40)
(14, 87)
(14, 15)
(14, 16)
(14, 52)
(14, 21)
(14, 54)
(14, 55)
(14, 57)
(14, 58)
(14, 91)
(14, 93)
(15, 96)
(15, 40)
(15, 74)
(15, 55)
(15, 16)
(15, 17)
(15, 85)
(15, 87)
(15, 56)
(15, 57)
(15, 91)
(15, 93)
(15, 21)
(16, 96)
(16, 27)
(16, 40)
(16, 74)
(16, 55)
(16, 17)
(16, 54)
(16, 87)
(16, 88)
(16, 57)
(16, 58)
(16, 91)
(16, 93)
(17, 96)
(17, 40)
(17, 74)
(17, 76)
(17, 85)
(17, 56)
(17, 57)
(17, 60)
(18, 64)
(18, 66)
(18, 36)
(18, 70)
(18, 28)
(18, 44)
(18, 30)
(18, 25)
(18, 92)
(18, 62)
(19, 97)
(19, 98)
(19, 65)
(19, 71)
(19, 39)
(19, 46)
(19, 81)
(19, 23)
(19, 24)
(19, 26)
(19, 59)
(20, 65)
(20, 98)
(20, 67)
(20, 68)
(20, 35)
(20, 71)
(20, 72)
(20, 46)
(20, 79)
(20, 83)
(20, 84)
(20, 59)
(20, 61)
(21, 38)
(21, 87)
(21, 52)
(21, 85)
(21, 55)
(21, 91)
(21, 93)
(22, 69)
(22, 43)
(22, 78)
(22, 47)
(22, 48)
(22, 50)
(22, 52)
(22, 89)
(22, 94)
(22, 63)
(23, 97)
(23, 98)
(23, 39)
(23, 46)
(23, 81)
(23, 82)
(23, 83)
(24, 97)
(24, 98)
(24, 65)
(24, 71)
(24, 75)
(24, 34)
(24, 79)
(24, 26)
(24, 59)
(25, 66)
(25, 36)
(25, 69)
(25, 70)
(25, 28)
(25, 44)
(25, 47)
(25, 92)
(26, 97)
(26, 98)
(26, 65)
(26, 71)
(26, 73)
(26, 75)
(26, 34)
(26, 79)
(26, 59)
(27, 39)
(27, 75)
(27, 54)
(27, 88)
(27, 57)
(27, 58)
(27, 93)
(28, 66)
(28, 36)
(28, 69)
(28, 70)
(28, 43)
(28, 44)
(28, 78)
(28, 47)
(28, 92)
(29, 69)
(29, 43)
(29, 78)
(29, 47)
(29, 48)
(29, 50)
(29, 51)
(29, 89)
(29, 63)
(30, 33)
(30, 66)
(30, 70)
(30, 42)
(30, 44)
(30, 45)
(31, 33)
(31, 42)
(31, 45)
(31, 80)
(31, 49)
(31, 90)
(31, 95)
(32, 66)
(33, 42)
(33, 45)
(34, 64)
(34, 73)
(34, 75)
(34, 49)
(34, 62)
(35, 72)
(35, 68)
(35, 67)
(35, 84)
(36, 38)
(36, 44)
(36, 52)
(36, 54)
(36, 58)
(36, 91)
(36, 92)
(36, 93)
(37, 53)
(38, 87)
(38, 52)
(38, 54)
(38, 55)
(38, 91)
(38, 93)
(39, 97)
(39, 81)
(39, 82)
(39, 88)
(40, 96)
(40, 74)
(40, 55)
(40, 85)
(40, 87)
(40, 56)
(40, 57)
(40, 93)
(41, 65)
(41, 67)
(41, 77)
(41, 80)
(41, 99)
(41, 86)
(41, 59)
(41, 95)
(42, 45)
(43, 69)
(43, 78)
(43, 47)
(43, 48)
(43, 50)
(43, 89)
(43, 94)
(43, 63)
(44, 64)
(44, 66)
(44, 70)
(44, 92)
(44, 62)
(45, 49)
(46, 97)
(46, 98)
(46, 81)
(46, 83)
(46, 84)
(46, 61)
(47, 69)
(47, 78)
(47, 48)
(47, 50)
(47, 89)
(47, 92)
(48, 69)
(48, 78)
(48, 50)
(48, 51)
(48, 89)
(48, 94)
(48, 63)
(49, 73)
(49, 80)
(49, 86)
(49, 95)
(50, 69)
(50, 78)
(50, 51)
(50, 89)
(50, 94)
(50, 63)
(51, 89)
(51, 63)
(52, 87)
(52, 55)
(52, 91)
(52, 93)
(52, 94)
(54, 87)
(54, 88)
(54, 57)
(54, 58)
(54, 91)
(54, 93)
(55, 85)
(55, 87)
(55, 91)
(55, 93)
(56, 96)
(56, 74)
(56, 76)
(56, 85)
(57, 87)
(57, 88)
(57, 58)
(57, 91)
(57, 93)
(58, 88)
(58, 91)
(58, 93)
(59, 97)
(59, 98)
(59, 99)
(59, 65)
(59, 71)
(59, 79)
(59, 67)
(60, 96)
(60, 76)
(61, 83)
(61, 84)
(62, 64)
(62, 70)
(62, 73)
(62, 75)
(62, 92)
(63, 78)
(63, 89)
(63, 94)
(64, 70)
(64, 73)
(64, 75)
(64, 92)
(65, 97)
(65, 98)
(65, 99)
(65, 71)
(65, 79)
(65, 67)
(66, 70)
(66, 92)
(67, 99)
(67, 68)
(67, 71)
(67, 72)
(67, 79)
(68, 99)
(68, 71)
(68, 72)
(68, 79)
(68, 84)
(69, 78)
(69, 89)
(70, 92)
(71, 97)
(71, 98)
(71, 99)
(71, 79)
(72, 84)
(73, 75)
(74, 96)
(74, 85)
(75, 88)
(76, 96)
(77, 80)
(77, 86)
(77, 90)
(77, 95)
(78, 89)
(78, 94)
(79, 98)
(79, 99)
(79, 84)
(80, 86)
(80, 90)
(80, 95)
(81, 97)
(81, 98)
(81, 83)
(81, 82)
(83, 97)
(83, 84)
(85, 96)
(85, 87)
(86, 90)
(86, 95)
(87, 91)
(87, 93)
(88, 93)
(89, 94)
(90, 95)
(91, 93)
(97, 98)
