#Nodes
0
1
2
3
4
5
6
7
8
9
10
11
12
13
14
15
16
17
18
19
20
21
22
23
24
25
26
27
28
29
30
31
32
33
34
35
36
37
38
39
40
41
42
43
44
45
46
47
48
49
50
51
52
53
54
55
56
57
58
59
60
61
62
63
64
65
66
67
68
69
70
71
72
73
74
75
76
77
78
79
80
81
82
83
84
85
86
87
88
89
90
91
92
93
94
95
96
97
98
99
#Edges
(0, 40)
(0, 12)
(0, 50)
(0, 46)
(0, 82)
(0, 19)
(1, 98)
(1, 35)
(1, 68)
(1, 66)
(1, 48)
(1, 23)
(1, 26)
(1, 27)
(2, 90)
(2, 67)
(2, 84)
(2, 5)
(2, 30)
(3, 36)
(3, 72)
(3, 41)
(3, 45)
(3, 85)
(3, 88)
(4, 96)
(4, 65)
(4, 99)
(4, 70)
(4, 32)
(4, 10)
(4, 13)
(4, 80)
(4, 59)
(4, 51)
(4, 22)
(4, 24)
(4, 89)
(4, 91)
(4, 16)
(4, 95)
(5, 67)
(5, 92)
(5, 93)
(5, 30)
(6, 33)
(6, 69)
(6, 38)
(6, 28)
(6, 74)
(6, 43)
(6, 76)
(6, 20)
(6, 21)
(6, 54)
(6, 56)
(6, 86)
(6, 29)
(6, 37)
(7, 32)
(7, 35)
(7, 67)
(7, 16)
(7, 61)
(7, 48)
(7, 83)
(7, 23)
(7, 91)
(7, 92)
(7, 93)
(8, 28)
(8, 69)
(9, 40)
(9, 12)
(9, 18)
(9, 52)
(9, 87)
(9, 31)
(10, 32)
(10, 65)
(10, 99)
(10, 70)
(10, 71)
(10, 31)
(10, 13)
(10, 15)
(10, 80)
(10, 22)
(10, 87)
(10, 24)
(10, 89)
(10, 59)
(10, 16)
(10, 95)
(11, 97)
(11, 17)
(11, 39)
(11, 42)
(11, 49)
(11, 18)
(11, 19)
(11, 55)
(11, 62)
(11, 63)
(12, 40)
(12, 50)
(12, 46)
(12, 82)
(12, 19)
(13, 96)
(13, 65)
(13, 34)
(13, 99)
(13, 36)
(13, 70)
(13, 72)
(13, 64)
(13, 78)
(13, 79)
(13, 80)
(13, 51)
(13, 22)
(13, 89)
(13, 15)
(13, 60)
(14, 32)
(14, 35)
(14, 37)
(14, 38)
(14, 43)
(14, 76)
(14, 16)
(14, 83)
(14, 56)
(14, 91)
(14, 61)
(14, 95)
(15, 99)
(15, 36)
(15, 71)
(15, 45)
(15, 80)
(15, 18)
(15, 22)
(15, 88)
(16, 32)
(16, 65)
(16, 67)
(16, 70)
(16, 59)
(16, 83)
(16, 24)
(16, 91)
(16, 61)
(16, 95)
(17, 97)
(17, 39)
(17, 44)
(17, 42)
(17, 94)
(17, 45)
(17, 41)
(17, 53)
(17, 55)
(17, 62)
(17, 63)
(18, 97)
(18, 36)
(18, 39)
(18, 42)
(18, 55)
(18, 62)
(19, 39)
(19, 40)
(19, 49)
(19, 25)
(20, 33)
(20, 69)
(20, 28)
(20, 74)
(20, 43)
(20, 76)
(20, 21)
(20, 54)
(20, 56)
(20, 86)
(20, 29)
(21, 33)
(21, 69)
(21, 28)
(21, 74)
(21, 43)
(21, 76)
(21, 54)
(21, 86)
(21, 29)
(22, 96)
(22, 65)
(22, 99)
(22, 36)
(22, 70)
(22, 71)
(22, 80)
(22, 24)
(22, 89)
(22, 59)
(22, 95)
(23, 66)
(23, 35)
(23, 68)
(23, 48)
(23, 26)
(23, 61)
(24, 32)
(24, 65)
(24, 99)
(24, 70)
(24, 71)
(24, 31)
(24, 80)
(24, 87)
(24, 59)
(24, 95)
(25, 49)
(26, 98)
(26, 68)
(26, 66)
(26, 48)
(26, 27)
(27, 98)
(27, 68)
(27, 66)
(28, 33)
(28, 69)
(28, 29)
(29, 33)
(29, 69)
(29, 73)
(29, 81)
(29, 86)
(29, 58)
(30, 90)
(30, 84)
(31, 71)
(31, 46)
(31, 81)
(31, 52)
(31, 87)
(31, 59)
(31, 95)
(32, 65)
(32, 59)
(32, 70)
(32, 83)
(32, 91)
(32, 61)
(32, 95)
(33, 69)
(33, 73)
(33, 46)
(33, 81)
(33, 86)
(33, 58)
(34, 96)
(34, 64)
(34, 72)
(34, 75)
(34, 78)
(34, 79)
(34, 51)
(34, 84)
(34, 85)
(34, 57)
(34, 89)
(34, 60)
(35, 68)
(35, 38)
(35, 48)
(35, 83)
(35, 91)
(35, 61)
(36, 99)
(36, 71)
(36, 41)
(36, 45)
(36, 80)
(36, 88)
(36, 62)
(37, 38)
(37, 43)
(37, 76)
(37, 83)
(37, 86)
(37, 56)
(38, 68)
(38, 43)
(38, 76)
(38, 83)
(38, 54)
(38, 56)
(39, 97)
(39, 42)
(39, 44)
(39, 49)
(39, 53)
(39, 55)
(39, 62)
(39, 63)
(40, 46)
(40, 52)
(40, 87)
(41, 97)
(41, 44)
(41, 45)
(41, 94)
(41, 88)
(41, 62)
(42, 97)
(42, 44)
(42, 94)
(42, 53)
(42, 55)
(42, 62)
(42, 63)
(43, 86)
(43, 74)
(43, 76)
(43, 83)
(43, 54)
(43, 56)
(44, 97)
(44, 94)
(44, 45)
(44, 53)
(44, 55)
(44, 62)
(44, 63)
(45, 97)
(45, 99)
(45, 72)
(45, 88)
(45, 62)
(46, 73)
(46, 50)
(46, 81)
(46, 82)
(46, 52)
(46, 58)
(47, 82)
(47, 50)
(47, 58)
(48, 66)
(48, 61)
(48, 92)
(48, 93)
(49, 55)
(49, 63)
(50, 73)
(50, 81)
(50, 82)
(50, 58)
(51, 96)
(51, 64)
(51, 72)
(51, 78)
(51, 79)
(51, 84)
(51, 85)
(51, 57)
(51, 89)
(51, 60)
(52, 71)
(52, 87)
(53, 97)
(53, 77)
(53, 55)
(53, 94)
(53, 63)
(54, 74)
(54, 76)
(54, 56)
(55, 97)
(55, 77)
(55, 94)
(55, 62)
(55, 63)
(56, 76)
(56, 83)
(56, 86)
(57, 96)
(57, 64)
(57, 72)
(57, 75)
(57, 78)
(57, 79)
(57, 84)
(57, 85)
(57, 89)
(57, 60)
(58, 69)
(58, 73)
(58, 81)
(58, 82)
(59, 65)
(59, 70)
(59, 71)
(59, 80)
(59, 87)
(59, 91)
(59, 95)
(60, 96)
(60, 64)
(60, 99)
(60, 72)
(60, 75)
(60, 78)
(60, 79)
(60, 85)
(60, 89)
(61, 67)
(61, 83)
(61, 91)
(61, 92)
(61, 93)
(62, 97)
(62, 88)
(62, 94)
(62, 63)
(63, 97)
(63, 77)
(63, 94)
(64, 96)
(64, 72)
(64, 75)
(64, 78)
(64, 79)
(64, 85)
(64, 89)
(65, 99)
(65, 70)
(65, 71)
(65, 80)
(65, 89)
(65, 91)
(65, 95)
(66, 98)
(66, 68)
(67, 91)
(67, 92)
(67, 93)
(68, 98)
(69, 73)
(69, 81)
(69, 86)
(70, 99)
(70, 71)
(70, 80)
(70, 89)
(70, 91)
(70, 95)
(71, 99)
(71, 80)
(71, 87)
(71, 95)
(72, 96)
(72, 99)
(72, 75)
(72, 78)
(72, 79)
(72, 85)
(72, 88)
(72, 89)
(73, 81)
(73, 86)
(74, 76)
(75, 78)
(75, 79)
(75, 85)
(76, 83)
(76, 86)
(78, 96)
(78, 79)
(78, 84)
(78, 85)
(78, 89)
(79, 96)
(79, 84)
(79, 85)
(79, 89)
(80, 96)
(80, 99)
(80, 89)
(81, 86)
(83, 91)
(83, 95)
(84, 96)
(84, 90)
(85, 96)
(88, 97)
(88, 99)
(89, 96)
(89, 99)
(91, 95)
(92, 93)
(94, 97)
(96, 99)
