3.337500
3.265000
3.262500
3.182500
3.312500
3.252500
3.275000
3.320000
3.277500
3.215000
3.325000
3.225000
3.267500
3.197500
3.385000
3.230000
3.215000
3.295000
3.300000
3.335000
3.260000
3.302500
3.202500
3.242500
3.327500
3.327500
3.225000
3.305000
3.295000
3.300000
3.270000
3.197500
3.202500
3.212500
3.240000
3.200000
3.285000
3.282500
3.397500
3.235000
3.332500
3.237500
3.207500
3.280000
3.310000
3.247500
3.215000
3.252500
3.250000
3.295000
3.282500
3.327500
3.322500
3.280000
3.305000
3.250000
3.282500
3.255000
3.265000
3.290000
3.240000
3.337500
3.245000
3.212500
3.330000
3.315000
3.332500
3.240000
3.240000
3.312500
3.270000
3.260000
3.305000
3.352500
3.245000
3.282500
3.280000
3.247500
3.342500
3.282500
3.295000
3.205000
3.255000
3.242500
3.417500
3.262500
3.230000
3.290000
3.245000
3.247500
3.307500
3.285000
3.227500
3.197500
3.447500
3.230000
3.245000
3.220000
3.242500
3.217500
