3.232000
3.252000
3.320000
3.348000
3.300000
3.272000
3.700000
3.360000
3.460000
3.204000
3.204000
3.420000
3.348000
3.308000
3.460000
3.376000
3.264000
3.300000
3.284000
3.332000
3.308000
3.368000
3.260000
3.196000
3.336000
3.240000
3.316000
3.296000
3.336000
3.320000
3.320000
3.244000
3.188000
3.228000
3.372000
3.348000
3.264000
3.288000
3.368000
3.360000
3.340000
3.308000
3.564000
3.312000
3.340000
3.324000
3.320000
3.368000
3.304000
3.264000
3.204000
3.248000
3.272000
3.376000
3.236000
3.324000
3.268000
3.268000
3.244000
3.340000
3.284000
3.244000
3.520000
3.328000
3.340000
3.304000
3.224000
3.284000
3.308000
3.200000
3.264000
3.200000
3.300000
3.248000
3.428000
3.268000
3.300000
3.392000
3.268000
3.348000
3.372000
3.248000
3.296000
3.352000
3.380000
3.300000
3.240000
3.220000
3.280000
3.332000
3.372000
3.328000
3.276000
3.452000
3.244000
3.348000
3.388000
3.348000
3.408000
3.388000
