#Nodes
0
1
2
3
4
5
6
7
8
9
10
11
12
13
14
15
16
17
18
19
20
21
22
23
24
25
26
27
28
29
30
31
32
33
34
35
36
37
38
39
40
41
42
43
44
45
46
47
48
49
50
51
52
53
54
55
56
57
58
59
60
61
62
63
64
65
66
67
68
69
70
71
72
73
74
75
76
77
78
79
80
81
82
83
84
85
86
87
88
89
90
91
92
93
94
95
96
97
98
99
100
101
102
103
104
105
106
107
108
109
110
111
112
113
114
115
116
117
118
119
120
121
122
123
124
125
126
127
128
129
130
131
132
133
134
135
136
137
138
139
140
141
142
143
144
145
146
147
148
149
150
151
152
153
154
155
156
157
158
159
160
161
162
163
164
165
166
167
168
169
170
171
172
173
174
175
176
177
178
179
180
181
182
183
184
185
186
187
188
189
190
191
192
193
194
195
196
197
198
199
200
201
202
203
204
205
206
207
208
209
210
211
212
213
214
215
216
217
218
219
220
221
222
223
224
225
226
227
228
229
230
231
232
233
234
235
236
237
238
239
240
241
242
243
244
245
246
247
248
249
#Edges
(0, 128)
(0, 129)
(0, 7)
(0, 70)
(0, 135)
(0, 233)
(0, 71)
(0, 109)
(0, 207)
(0, 20)
(0, 201)
(0, 24)
(0, 25)
(0, 27)
(0, 156)
(0, 125)
(0, 94)
(1, 139)
(1, 23)
(1, 26)
(1, 28)
(1, 31)
(1, 160)
(1, 34)
(1, 38)
(1, 173)
(1, 47)
(1, 62)
(1, 63)
(1, 65)
(1, 194)
(1, 202)
(1, 162)
(1, 78)
(1, 93)
(1, 102)
(1, 236)
(1, 237)
(1, 245)
(1, 122)
(2, 84)
(2, 132)
(2, 197)
(2, 12)
(2, 105)
(2, 74)
(2, 203)
(2, 140)
(2, 13)
(2, 110)
(2, 180)
(2, 181)
(2, 86)
(2, 248)
(2, 212)
(2, 155)
(2, 92)
(2, 20)
(2, 5)
(3, 134)
(3, 143)
(3, 16)
(3, 151)
(3, 159)
(3, 167)
(3, 51)
(3, 183)
(3, 56)
(3, 57)
(3, 186)
(3, 191)
(3, 193)
(3, 67)
(3, 55)
(3, 87)
(3, 228)
(3, 101)
(3, 39)
(3, 239)
(3, 246)
(3, 123)
(4, 64)
(4, 130)
(4, 6)
(4, 44)
(4, 11)
(4, 144)
(4, 149)
(4, 150)
(4, 154)
(4, 165)
(4, 40)
(4, 172)
(4, 54)
(4, 9)
(4, 60)
(4, 192)
(4, 195)
(4, 75)
(4, 37)
(4, 226)
(4, 231)
(4, 106)
(4, 108)
(4, 115)
(4, 117)
(4, 120)
(5, 84)
(5, 59)
(5, 105)
(5, 234)
(5, 140)
(5, 13)
(5, 12)
(5, 79)
(5, 242)
(5, 180)
(5, 86)
(5, 248)
(5, 121)
(5, 155)
(6, 130)
(6, 8)
(6, 9)
(6, 11)
(6, 149)
(6, 150)
(6, 152)
(6, 30)
(6, 33)
(6, 35)
(6, 164)
(6, 40)
(6, 172)
(6, 174)
(6, 176)
(6, 177)
(6, 243)
(6, 53)
(6, 58)
(6, 60)
(6, 64)
(6, 72)
(6, 210)
(6, 215)
(6, 223)
(6, 226)
(6, 104)
(6, 114)
(6, 115)
(6, 247)
(6, 124)
(7, 128)
(7, 129)
(7, 99)
(7, 70)
(7, 135)
(7, 233)
(7, 203)
(7, 109)
(7, 207)
(7, 20)
(7, 201)
(7, 24)
(7, 25)
(7, 71)
(7, 27)
(7, 156)
(7, 125)
(7, 94)
(8, 130)
(8, 11)
(8, 149)
(8, 35)
(8, 164)
(8, 40)
(8, 172)
(8, 242)
(8, 48)
(8, 177)
(8, 53)
(8, 58)
(8, 60)
(8, 64)
(8, 72)
(8, 210)
(8, 85)
(8, 215)
(8, 88)
(8, 90)
(8, 230)
(8, 231)
(8, 234)
(8, 112)
(8, 114)
(8, 124)
(9, 130)
(9, 22)
(9, 44)
(9, 142)
(9, 144)
(9, 149)
(9, 150)
(9, 152)
(9, 29)
(9, 30)
(9, 33)
(9, 164)
(9, 40)
(9, 170)
(9, 172)
(9, 174)
(9, 175)
(9, 176)
(9, 243)
(9, 52)
(9, 54)
(9, 188)
(9, 64)
(9, 68)
(9, 200)
(9, 76)
(9, 98)
(9, 80)
(9, 213)
(9, 91)
(9, 223)
(9, 226)
(9, 104)
(9, 238)
(9, 115)
(9, 247)
(10, 133)
(10, 134)
(10, 137)
(10, 138)
(10, 142)
(10, 146)
(10, 159)
(10, 163)
(10, 39)
(10, 169)
(10, 170)
(10, 182)
(10, 56)
(10, 185)
(10, 191)
(10, 66)
(10, 195)
(10, 76)
(10, 204)
(10, 206)
(10, 216)
(10, 217)
(10, 91)
(10, 96)
(10, 229)
(10, 238)
(10, 113)
(10, 244)
(10, 119)
(10, 249)
(10, 123)
(10, 42)
(11, 130)
(11, 140)
(11, 149)
(11, 35)
(11, 37)
(11, 40)
(11, 172)
(11, 242)
(11, 177)
(11, 58)
(11, 60)
(11, 64)
(11, 72)
(11, 210)
(11, 85)
(11, 215)
(11, 88)
(11, 90)
(11, 230)
(11, 231)
(11, 234)
(11, 114)
(11, 124)
(12, 84)
(12, 59)
(12, 105)
(12, 234)
(12, 140)
(12, 13)
(12, 79)
(12, 242)
(12, 180)
(12, 86)
(12, 248)
(12, 121)
(12, 155)
(13, 84)
(13, 132)
(13, 197)
(13, 201)
(13, 74)
(13, 203)
(13, 212)
(13, 181)
(13, 86)
(13, 105)
(13, 248)
(13, 180)
(13, 155)
(13, 20)
(14, 227)
(14, 69)
(14, 199)
(14, 171)
(14, 141)
(14, 46)
(14, 111)
(14, 27)
(14, 49)
(14, 18)
(14, 99)
(14, 21)
(14, 214)
(14, 219)
(14, 135)
(14, 125)
(15, 145)
(15, 147)
(15, 21)
(15, 26)
(15, 158)
(15, 160)
(15, 34)
(15, 41)
(15, 186)
(15, 189)
(15, 62)
(15, 196)
(15, 73)
(15, 75)
(15, 208)
(15, 83)
(15, 220)
(15, 221)
(15, 222)
(15, 95)
(15, 224)
(15, 102)
(15, 107)
(15, 236)
(15, 237)
(15, 61)
(15, 240)
(15, 113)
(15, 123)
(16, 225)
(16, 228)
(16, 101)
(16, 65)
(16, 193)
(16, 202)
(16, 167)
(16, 47)
(16, 51)
(16, 246)
(16, 183)
(16, 55)
(16, 87)
(16, 28)
(16, 93)
(17, 137)
(17, 32)
(17, 163)
(17, 168)
(17, 42)
(17, 178)
(17, 50)
(17, 182)
(17, 66)
(17, 205)
(17, 206)
(17, 77)
(17, 81)
(17, 82)
(17, 217)
(17, 96)
(17, 229)
(17, 209)
(17, 235)
(17, 116)
(17, 119)
(17, 126)
(18, 141)
(18, 145)
(18, 147)
(18, 21)
(18, 34)
(18, 41)
(18, 171)
(18, 46)
(18, 49)
(18, 190)
(18, 63)
(18, 194)
(18, 196)
(18, 69)
(18, 199)
(18, 73)
(18, 208)
(18, 99)
(18, 214)
(18, 219)
(18, 221)
(18, 222)
(18, 224)
(18, 227)
(18, 237)
(18, 111)
(18, 240)
(19, 132)
(19, 136)
(19, 147)
(19, 21)
(19, 153)
(19, 166)
(19, 41)
(19, 171)
(19, 46)
(19, 49)
(19, 189)
(19, 190)
(19, 196)
(19, 199)
(19, 73)
(19, 211)
(19, 214)
(19, 89)
(19, 92)
(19, 222)
(19, 232)
(19, 107)
(19, 110)
(19, 240)
(19, 83)
(19, 118)
(19, 127)
(20, 128)
(20, 129)
(20, 135)
(20, 25)
(20, 155)
(20, 156)
(20, 46)
(20, 181)
(20, 190)
(20, 197)
(20, 70)
(20, 201)
(20, 74)
(20, 203)
(20, 207)
(20, 212)
(20, 92)
(20, 94)
(20, 99)
(20, 110)
(21, 141)
(21, 145)
(21, 147)
(21, 34)
(21, 41)
(21, 171)
(21, 46)
(21, 49)
(21, 190)
(21, 63)
(21, 196)
(21, 69)
(21, 199)
(21, 73)
(21, 208)
(21, 214)
(21, 219)
(21, 221)
(21, 222)
(21, 224)
(21, 227)
(21, 237)
(21, 111)
(21, 240)
(22, 131)
(22, 142)
(22, 152)
(22, 29)
(22, 30)
(22, 163)
(22, 36)
(22, 169)
(22, 170)
(22, 44)
(22, 174)
(22, 175)
(22, 176)
(22, 52)
(22, 182)
(22, 184)
(22, 187)
(22, 188)
(22, 68)
(22, 200)
(22, 76)
(22, 77)
(22, 80)
(22, 213)
(22, 216)
(22, 218)
(22, 91)
(22, 98)
(22, 103)
(22, 104)
(22, 238)
(22, 247)
(23, 139)
(23, 26)
(23, 28)
(23, 31)
(23, 160)
(23, 34)
(23, 38)
(23, 173)
(23, 47)
(23, 55)
(23, 62)
(23, 63)
(23, 65)
(23, 194)
(23, 202)
(23, 162)
(23, 78)
(23, 220)
(23, 93)
(23, 102)
(23, 236)
(23, 237)
(23, 245)
(23, 122)
(24, 128)
(24, 129)
(24, 70)
(24, 135)
(24, 233)
(24, 71)
(24, 109)
(24, 207)
(24, 201)
(24, 25)
(24, 27)
(24, 156)
(24, 125)
(24, 94)
(25, 128)
(25, 129)
(25, 197)
(25, 70)
(25, 71)
(25, 233)
(25, 74)
(25, 203)
(25, 109)
(25, 207)
(25, 212)
(25, 181)
(25, 201)
(25, 156)
(25, 94)
(26, 139)
(26, 145)
(26, 151)
(26, 47)
(26, 28)
(26, 158)
(26, 160)
(26, 162)
(26, 38)
(26, 167)
(26, 173)
(26, 221)
(26, 51)
(26, 55)
(26, 186)
(26, 62)
(26, 63)
(26, 65)
(26, 194)
(26, 202)
(26, 34)
(26, 78)
(26, 208)
(26, 87)
(26, 220)
(26, 93)
(26, 95)
(26, 224)
(26, 102)
(26, 236)
(26, 237)
(26, 245)
(26, 122)
(27, 129)
(27, 227)
(27, 69)
(27, 70)
(27, 135)
(27, 233)
(27, 71)
(27, 109)
(27, 46)
(27, 207)
(27, 99)
(27, 156)
(27, 125)
(27, 94)
(28, 139)
(28, 160)
(28, 161)
(28, 162)
(28, 38)
(28, 173)
(28, 47)
(28, 51)
(28, 183)
(28, 62)
(28, 65)
(28, 202)
(28, 55)
(28, 78)
(28, 220)
(28, 93)
(28, 225)
(28, 245)
(28, 122)
(29, 131)
(29, 142)
(29, 30)
(29, 163)
(29, 36)
(29, 169)
(29, 170)
(29, 44)
(29, 175)
(29, 50)
(29, 52)
(29, 182)
(29, 184)
(29, 187)
(29, 188)
(29, 66)
(29, 68)
(29, 247)
(29, 76)
(29, 77)
(29, 206)
(29, 80)
(29, 209)
(29, 213)
(29, 216)
(29, 217)
(29, 218)
(29, 91)
(29, 97)
(29, 98)
(29, 103)
(29, 238)
(29, 116)
(29, 119)
(29, 126)
(30, 44)
(30, 149)
(30, 152)
(30, 33)
(30, 164)
(30, 40)
(30, 170)
(30, 172)
(30, 174)
(30, 175)
(30, 176)
(30, 52)
(30, 54)
(30, 184)
(30, 188)
(30, 64)
(30, 68)
(30, 200)
(30, 76)
(30, 80)
(30, 213)
(30, 36)
(30, 218)
(30, 91)
(30, 223)
(30, 98)
(30, 104)
(30, 238)
(30, 243)
(30, 247)
(31, 194)
(31, 34)
(31, 162)
(31, 139)
(31, 141)
(31, 245)
(31, 122)
(31, 221)
(31, 63)
(32, 96)
(32, 193)
(32, 67)
(32, 134)
(32, 137)
(32, 138)
(32, 235)
(32, 205)
(32, 143)
(32, 146)
(32, 56)
(32, 57)
(32, 239)
(32, 42)
(33, 64)
(33, 35)
(33, 164)
(33, 200)
(33, 60)
(33, 172)
(33, 174)
(33, 176)
(33, 104)
(33, 243)
(33, 40)
(33, 53)
(33, 247)
(33, 152)
(33, 36)
(33, 188)
(33, 223)
(34, 139)
(34, 141)
(34, 145)
(34, 47)
(34, 158)
(34, 160)
(34, 162)
(34, 38)
(34, 167)
(34, 173)
(34, 221)
(34, 62)
(34, 63)
(34, 194)
(34, 73)
(34, 202)
(34, 78)
(34, 208)
(34, 220)
(34, 93)
(34, 95)
(34, 224)
(34, 102)
(34, 236)
(34, 237)
(34, 240)
(34, 245)
(34, 122)
(35, 148)
(35, 152)
(35, 157)
(35, 164)
(35, 40)
(35, 43)
(35, 172)
(35, 48)
(35, 177)
(35, 53)
(35, 58)
(35, 60)
(35, 64)
(35, 72)
(35, 210)
(35, 215)
(35, 90)
(35, 223)
(35, 230)
(35, 112)
(35, 114)
(35, 243)
(35, 124)
(36, 200)
(36, 174)
(36, 176)
(36, 152)
(36, 52)
(36, 247)
(36, 184)
(36, 104)
(36, 187)
(36, 188)
(36, 223)
(37, 130)
(37, 132)
(37, 136)
(37, 140)
(37, 153)
(37, 165)
(37, 166)
(37, 180)
(37, 189)
(37, 192)
(37, 211)
(37, 84)
(37, 85)
(37, 88)
(37, 89)
(37, 231)
(37, 232)
(37, 105)
(37, 108)
(37, 110)
(37, 83)
(37, 117)
(37, 118)
(37, 248)
(37, 127)
(38, 139)
(38, 160)
(38, 162)
(38, 167)
(38, 173)
(38, 47)
(38, 51)
(38, 55)
(38, 62)
(38, 63)
(38, 65)
(38, 194)
(38, 202)
(38, 78)
(38, 87)
(38, 220)
(38, 93)
(38, 95)
(38, 224)
(38, 228)
(38, 102)
(38, 236)
(38, 237)
(38, 245)
(38, 122)
(39, 133)
(39, 134)
(39, 137)
(39, 138)
(39, 143)
(39, 146)
(39, 151)
(39, 158)
(39, 159)
(39, 167)
(39, 51)
(39, 57)
(39, 56)
(39, 185)
(39, 186)
(39, 191)
(39, 193)
(39, 67)
(39, 87)
(39, 220)
(39, 95)
(39, 96)
(39, 228)
(39, 101)
(39, 239)
(39, 113)
(39, 244)
(39, 249)
(39, 123)
(40, 130)
(40, 149)
(40, 150)
(40, 152)
(40, 164)
(40, 165)
(40, 172)
(40, 174)
(40, 176)
(40, 177)
(40, 243)
(40, 58)
(40, 60)
(40, 64)
(40, 210)
(40, 215)
(40, 223)
(40, 226)
(40, 114)
(40, 115)
(40, 117)
(40, 247)
(41, 136)
(41, 145)
(41, 147)
(41, 158)
(41, 166)
(41, 61)
(41, 49)
(41, 189)
(41, 196)
(41, 199)
(41, 73)
(41, 75)
(41, 208)
(41, 211)
(41, 89)
(41, 221)
(41, 222)
(41, 95)
(41, 224)
(41, 107)
(41, 237)
(41, 111)
(41, 240)
(41, 83)
(41, 118)
(41, 120)
(41, 127)
(42, 131)
(42, 133)
(42, 134)
(42, 137)
(42, 138)
(42, 142)
(42, 146)
(42, 163)
(42, 169)
(42, 50)
(42, 182)
(42, 56)
(42, 244)
(42, 66)
(42, 205)
(42, 206)
(42, 77)
(42, 209)
(42, 57)
(42, 216)
(42, 217)
(42, 218)
(42, 91)
(42, 96)
(42, 229)
(42, 103)
(42, 235)
(42, 116)
(42, 119)
(42, 126)
(43, 58)
(43, 48)
(43, 198)
(43, 72)
(43, 45)
(43, 112)
(43, 210)
(43, 179)
(43, 148)
(43, 53)
(43, 90)
(43, 124)
(43, 157)
(44, 142)
(44, 144)
(44, 149)
(44, 150)
(44, 154)
(44, 163)
(44, 165)
(44, 169)
(44, 170)
(44, 175)
(44, 182)
(44, 188)
(44, 195)
(44, 68)
(44, 54)
(44, 76)
(44, 204)
(44, 98)
(44, 80)
(44, 213)
(44, 216)
(44, 218)
(44, 91)
(44, 226)
(44, 103)
(44, 106)
(44, 238)
(44, 115)
(44, 247)
(45, 48)
(45, 198)
(45, 112)
(45, 241)
(45, 179)
(45, 148)
(45, 90)
(45, 124)
(45, 157)
(46, 129)
(46, 135)
(46, 156)
(46, 171)
(46, 49)
(46, 190)
(46, 69)
(46, 70)
(46, 199)
(46, 207)
(46, 99)
(46, 212)
(46, 214)
(46, 219)
(46, 92)
(46, 94)
(46, 227)
(46, 110)
(46, 111)
(46, 211)
(46, 125)
(47, 139)
(47, 160)
(47, 161)
(47, 173)
(47, 55)
(47, 62)
(47, 65)
(47, 194)
(47, 202)
(47, 162)
(47, 78)
(47, 93)
(47, 225)
(47, 245)
(47, 122)
(48, 58)
(48, 164)
(48, 198)
(48, 72)
(48, 60)
(48, 114)
(48, 112)
(48, 177)
(48, 210)
(48, 179)
(48, 148)
(48, 53)
(48, 215)
(48, 90)
(48, 124)
(48, 157)
(49, 129)
(49, 141)
(49, 147)
(49, 156)
(49, 171)
(49, 190)
(49, 196)
(49, 69)
(49, 199)
(49, 73)
(49, 208)
(49, 99)
(49, 214)
(49, 219)
(49, 92)
(49, 221)
(49, 222)
(49, 227)
(49, 111)
(49, 240)
(49, 211)
(49, 125)
(50, 131)
(50, 209)
(50, 163)
(50, 168)
(50, 169)
(50, 178)
(50, 182)
(50, 66)
(50, 205)
(50, 206)
(50, 77)
(50, 81)
(50, 82)
(50, 217)
(50, 218)
(50, 97)
(50, 100)
(50, 229)
(50, 103)
(50, 235)
(50, 116)
(50, 119)
(50, 126)
(51, 151)
(51, 158)
(51, 159)
(51, 160)
(51, 167)
(51, 173)
(51, 183)
(51, 186)
(51, 62)
(51, 191)
(51, 193)
(51, 55)
(51, 78)
(51, 87)
(51, 220)
(51, 93)
(51, 95)
(51, 224)
(51, 228)
(51, 101)
(51, 102)
(51, 236)
(51, 237)
(51, 113)
(51, 246)
(51, 123)
(52, 131)
(52, 142)
(52, 174)
(52, 175)
(52, 176)
(52, 182)
(52, 184)
(52, 187)
(52, 188)
(52, 68)
(52, 200)
(52, 76)
(52, 77)
(52, 80)
(52, 213)
(52, 216)
(52, 218)
(52, 91)
(52, 97)
(52, 98)
(52, 103)
(52, 247)
(53, 148)
(53, 152)
(53, 157)
(53, 164)
(53, 177)
(53, 58)
(53, 60)
(53, 64)
(53, 72)
(53, 210)
(53, 215)
(53, 90)
(53, 223)
(53, 104)
(53, 243)
(53, 124)
(54, 130)
(54, 142)
(54, 144)
(54, 149)
(54, 150)
(54, 154)
(54, 165)
(54, 169)
(54, 170)
(54, 175)
(54, 195)
(54, 68)
(54, 76)
(54, 75)
(54, 204)
(54, 98)
(54, 80)
(54, 213)
(54, 216)
(54, 91)
(54, 226)
(54, 106)
(54, 108)
(54, 238)
(54, 115)
(54, 117)
(54, 247)
(54, 120)
(55, 65)
(55, 151)
(55, 160)
(55, 167)
(55, 173)
(55, 183)
(55, 62)
(55, 193)
(55, 202)
(55, 78)
(55, 87)
(55, 220)
(55, 93)
(55, 95)
(55, 228)
(55, 101)
(55, 102)
(55, 236)
(55, 245)
(55, 246)
(56, 133)
(56, 134)
(56, 137)
(56, 138)
(56, 143)
(56, 146)
(56, 151)
(56, 159)
(56, 57)
(56, 191)
(56, 193)
(56, 67)
(56, 205)
(56, 185)
(56, 96)
(56, 101)
(56, 239)
(56, 113)
(56, 244)
(56, 249)
(56, 123)
(57, 96)
(57, 193)
(57, 67)
(57, 101)
(57, 134)
(57, 137)
(57, 138)
(57, 143)
(57, 205)
(57, 239)
(57, 146)
(57, 244)
(57, 191)
(57, 159)
(58, 148)
(58, 157)
(58, 164)
(58, 172)
(58, 242)
(58, 177)
(58, 60)
(58, 64)
(58, 72)
(58, 210)
(58, 85)
(58, 215)
(58, 90)
(58, 230)
(58, 234)
(58, 112)
(58, 114)
(58, 243)
(58, 124)
(59, 84)
(59, 230)
(59, 105)
(59, 234)
(59, 140)
(59, 79)
(59, 241)
(59, 242)
(59, 180)
(59, 85)
(59, 86)
(59, 248)
(59, 121)
(59, 88)
(60, 130)
(60, 149)
(60, 164)
(60, 172)
(60, 177)
(60, 64)
(60, 72)
(60, 210)
(60, 85)
(60, 215)
(60, 90)
(60, 223)
(60, 230)
(60, 114)
(60, 243)
(60, 124)
(61, 133)
(61, 144)
(61, 145)
(61, 147)
(61, 154)
(61, 158)
(61, 165)
(61, 185)
(61, 186)
(61, 189)
(61, 195)
(61, 196)
(61, 75)
(61, 204)
(61, 208)
(61, 83)
(61, 95)
(61, 106)
(61, 107)
(61, 108)
(61, 240)
(61, 113)
(61, 120)
(61, 249)
(61, 123)
(62, 139)
(62, 151)
(62, 158)
(62, 160)
(62, 162)
(62, 167)
(62, 173)
(62, 221)
(62, 186)
(62, 63)
(62, 65)
(62, 194)
(62, 202)
(62, 78)
(62, 87)
(62, 220)
(62, 93)
(62, 95)
(62, 224)
(62, 228)
(62, 102)
(62, 236)
(62, 237)
(62, 245)
(62, 122)
(63, 139)
(63, 141)
(63, 173)
(63, 194)
(63, 162)
(63, 78)
(63, 219)
(63, 221)
(63, 102)
(63, 237)
(63, 111)
(63, 245)
(63, 122)
(64, 130)
(64, 149)
(64, 150)
(64, 152)
(64, 164)
(64, 172)
(64, 174)
(64, 176)
(64, 177)
(64, 72)
(64, 210)
(64, 215)
(64, 90)
(64, 223)
(64, 104)
(64, 114)
(64, 243)
(64, 124)
(65, 160)
(65, 225)
(65, 194)
(65, 161)
(65, 202)
(65, 139)
(65, 162)
(65, 78)
(65, 173)
(65, 245)
(65, 122)
(65, 93)
(66, 131)
(66, 133)
(66, 137)
(66, 138)
(66, 142)
(66, 146)
(66, 163)
(66, 169)
(66, 170)
(66, 175)
(66, 178)
(66, 182)
(66, 116)
(66, 76)
(66, 204)
(66, 205)
(66, 206)
(66, 77)
(66, 209)
(66, 216)
(66, 217)
(66, 218)
(66, 91)
(66, 96)
(66, 229)
(66, 103)
(66, 235)
(66, 244)
(66, 119)
(66, 126)
(67, 96)
(67, 193)
(67, 228)
(67, 101)
(67, 134)
(67, 143)
(67, 239)
(67, 246)
(67, 159)
(67, 191)
(68, 131)
(68, 142)
(68, 144)
(68, 149)
(68, 150)
(68, 154)
(68, 163)
(68, 169)
(68, 170)
(68, 174)
(68, 175)
(68, 176)
(68, 182)
(68, 184)
(68, 188)
(68, 195)
(68, 76)
(68, 204)
(68, 98)
(68, 206)
(68, 80)
(68, 213)
(68, 216)
(68, 218)
(68, 91)
(68, 226)
(68, 103)
(68, 238)
(68, 115)
(68, 247)
(69, 129)
(69, 135)
(69, 141)
(69, 156)
(69, 171)
(69, 190)
(69, 70)
(69, 199)
(69, 207)
(69, 99)
(69, 214)
(69, 219)
(69, 94)
(69, 227)
(69, 111)
(69, 125)
(70, 128)
(70, 129)
(70, 135)
(70, 156)
(70, 171)
(70, 181)
(70, 190)
(70, 71)
(70, 201)
(70, 203)
(70, 207)
(70, 212)
(70, 92)
(70, 94)
(70, 99)
(70, 233)
(70, 109)
(70, 125)
(71, 128)
(71, 129)
(71, 135)
(71, 233)
(71, 109)
(71, 207)
(71, 201)
(71, 94)
(72, 148)
(72, 157)
(72, 242)
(72, 177)
(72, 179)
(72, 210)
(72, 85)
(72, 215)
(72, 88)
(72, 90)
(72, 230)
(72, 234)
(72, 112)
(72, 241)
(72, 114)
(72, 121)
(72, 124)
(73, 136)
(73, 141)
(73, 145)
(73, 147)
(73, 171)
(73, 189)
(73, 196)
(73, 199)
(73, 208)
(73, 211)
(73, 214)
(73, 89)
(73, 219)
(73, 221)
(73, 222)
(73, 224)
(73, 102)
(73, 107)
(73, 237)
(73, 111)
(73, 240)
(73, 83)
(73, 118)
(73, 127)
(74, 197)
(74, 201)
(74, 203)
(74, 212)
(74, 181)
(74, 155)
(74, 92)
(75, 136)
(75, 144)
(75, 145)
(75, 147)
(75, 150)
(75, 154)
(75, 165)
(75, 166)
(75, 185)
(75, 189)
(75, 192)
(75, 195)
(75, 196)
(75, 83)
(75, 89)
(75, 226)
(75, 106)
(75, 107)
(75, 108)
(75, 113)
(75, 115)
(75, 117)
(75, 118)
(75, 120)
(75, 249)
(75, 127)
(76, 131)
(76, 133)
(76, 142)
(76, 163)
(76, 169)
(76, 170)
(76, 175)
(76, 182)
(76, 184)
(76, 244)
(76, 188)
(76, 195)
(76, 204)
(76, 77)
(76, 206)
(76, 80)
(76, 213)
(76, 216)
(76, 217)
(76, 218)
(76, 91)
(76, 98)
(76, 103)
(76, 238)
(76, 115)
(76, 116)
(76, 247)
(77, 131)
(77, 81)
(77, 142)
(77, 163)
(77, 168)
(77, 169)
(77, 170)
(77, 175)
(77, 178)
(77, 182)
(77, 184)
(77, 187)
(77, 206)
(77, 209)
(77, 82)
(77, 216)
(77, 217)
(77, 218)
(77, 91)
(77, 97)
(77, 100)
(77, 229)
(77, 103)
(77, 235)
(77, 116)
(77, 119)
(77, 126)
(78, 139)
(78, 151)
(78, 158)
(78, 160)
(78, 162)
(78, 167)
(78, 173)
(78, 221)
(78, 186)
(78, 194)
(78, 202)
(78, 87)
(78, 220)
(78, 93)
(78, 95)
(78, 224)
(78, 228)
(78, 102)
(78, 236)
(78, 237)
(78, 245)
(78, 122)
(79, 84)
(79, 230)
(79, 105)
(79, 234)
(79, 140)
(79, 241)
(79, 242)
(79, 180)
(79, 85)
(79, 86)
(79, 248)
(79, 121)
(79, 88)
(80, 131)
(80, 142)
(80, 144)
(80, 150)
(80, 154)
(80, 163)
(80, 169)
(80, 170)
(80, 174)
(80, 175)
(80, 182)
(80, 184)
(80, 188)
(80, 195)
(80, 204)
(80, 98)
(80, 206)
(80, 213)
(80, 216)
(80, 218)
(80, 91)
(80, 226)
(80, 103)
(80, 238)
(80, 115)
(80, 247)
(81, 97)
(81, 131)
(81, 100)
(81, 229)
(81, 168)
(81, 82)
(81, 209)
(81, 178)
(81, 116)
(81, 119)
(81, 187)
(81, 126)
(82, 97)
(82, 131)
(82, 100)
(82, 229)
(82, 168)
(82, 235)
(82, 209)
(82, 178)
(82, 116)
(82, 119)
(82, 126)
(83, 136)
(83, 145)
(83, 147)
(83, 153)
(83, 165)
(83, 166)
(83, 189)
(83, 192)
(83, 196)
(83, 208)
(83, 211)
(83, 89)
(83, 222)
(83, 232)
(83, 106)
(83, 107)
(83, 108)
(83, 240)
(83, 117)
(83, 118)
(83, 120)
(83, 127)
(84, 132)
(84, 230)
(84, 231)
(84, 105)
(84, 234)
(84, 140)
(84, 88)
(84, 242)
(84, 180)
(84, 85)
(84, 86)
(84, 248)
(84, 153)
(84, 155)
(85, 140)
(85, 242)
(85, 177)
(85, 180)
(85, 210)
(85, 86)
(85, 215)
(85, 88)
(85, 90)
(85, 230)
(85, 231)
(85, 105)
(85, 234)
(85, 112)
(85, 241)
(85, 114)
(85, 248)
(85, 121)
(85, 124)
(86, 132)
(86, 230)
(86, 231)
(86, 105)
(86, 234)
(86, 140)
(86, 88)
(86, 242)
(86, 180)
(86, 248)
(86, 121)
(86, 155)
(87, 151)
(87, 158)
(87, 159)
(87, 160)
(87, 167)
(87, 173)
(87, 183)
(87, 186)
(87, 191)
(87, 193)
(87, 220)
(87, 93)
(87, 95)
(87, 224)
(87, 228)
(87, 101)
(87, 102)
(87, 236)
(87, 237)
(87, 113)
(87, 246)
(87, 123)
(88, 130)
(88, 132)
(88, 140)
(88, 153)
(88, 242)
(88, 177)
(88, 180)
(88, 192)
(88, 210)
(88, 215)
(88, 230)
(88, 231)
(88, 105)
(88, 234)
(88, 114)
(88, 248)
(89, 136)
(89, 145)
(89, 147)
(89, 153)
(89, 166)
(89, 171)
(89, 189)
(89, 190)
(89, 192)
(89, 196)
(89, 199)
(89, 208)
(89, 211)
(89, 222)
(89, 232)
(89, 107)
(89, 110)
(89, 240)
(89, 118)
(89, 127)
(90, 148)
(90, 157)
(90, 164)
(90, 177)
(90, 179)
(90, 198)
(90, 210)
(90, 215)
(90, 114)
(90, 230)
(90, 234)
(90, 112)
(90, 241)
(90, 242)
(90, 124)
(91, 131)
(91, 133)
(91, 142)
(91, 146)
(91, 163)
(91, 169)
(91, 170)
(91, 175)
(91, 182)
(91, 184)
(91, 116)
(91, 188)
(91, 195)
(91, 247)
(91, 204)
(91, 206)
(91, 213)
(91, 216)
(91, 217)
(91, 218)
(91, 98)
(91, 103)
(91, 238)
(91, 115)
(91, 244)
(91, 119)
(92, 129)
(92, 135)
(92, 155)
(92, 156)
(92, 166)
(92, 171)
(92, 181)
(92, 190)
(92, 197)
(92, 201)
(92, 203)
(92, 207)
(92, 211)
(92, 212)
(92, 214)
(92, 94)
(92, 99)
(92, 232)
(92, 110)
(92, 127)
(93, 139)
(93, 151)
(93, 158)
(93, 160)
(93, 162)
(93, 167)
(93, 173)
(93, 183)
(93, 186)
(93, 194)
(93, 202)
(93, 220)
(93, 95)
(93, 224)
(93, 228)
(93, 102)
(93, 236)
(93, 237)
(93, 245)
(93, 122)
(94, 128)
(94, 129)
(94, 135)
(94, 156)
(94, 171)
(94, 190)
(94, 201)
(94, 203)
(94, 207)
(94, 99)
(94, 212)
(94, 214)
(94, 227)
(94, 233)
(94, 109)
(94, 125)
(95, 145)
(95, 151)
(95, 158)
(95, 159)
(95, 160)
(95, 167)
(95, 173)
(95, 185)
(95, 186)
(95, 191)
(95, 208)
(95, 220)
(95, 224)
(95, 228)
(95, 102)
(95, 236)
(95, 237)
(95, 113)
(95, 249)
(95, 123)
(96, 133)
(96, 134)
(96, 137)
(96, 138)
(96, 143)
(96, 146)
(96, 159)
(96, 163)
(96, 191)
(96, 205)
(96, 206)
(96, 209)
(96, 217)
(96, 229)
(96, 235)
(96, 239)
(96, 244)
(96, 119)
(97, 131)
(97, 100)
(97, 229)
(97, 103)
(97, 168)
(97, 206)
(97, 209)
(97, 178)
(97, 116)
(97, 182)
(97, 119)
(97, 184)
(97, 218)
(97, 187)
(97, 126)
(98, 142)
(98, 144)
(98, 149)
(98, 150)
(98, 154)
(98, 163)
(98, 169)
(98, 170)
(98, 174)
(98, 175)
(98, 176)
(98, 182)
(98, 184)
(98, 188)
(98, 195)
(98, 204)
(98, 213)
(98, 216)
(98, 218)
(98, 226)
(98, 103)
(98, 238)
(98, 115)
(98, 247)
(99, 129)
(99, 135)
(99, 156)
(99, 171)
(99, 190)
(99, 199)
(99, 207)
(99, 214)
(99, 219)
(99, 227)
(99, 109)
(99, 111)
(99, 125)
(100, 131)
(100, 168)
(100, 178)
(100, 116)
(100, 187)
(100, 126)
(101, 193)
(101, 123)
(101, 228)
(101, 134)
(101, 167)
(101, 151)
(101, 143)
(101, 239)
(101, 246)
(101, 183)
(101, 159)
(101, 191)
(102, 145)
(102, 151)
(102, 158)
(102, 160)
(102, 162)
(102, 167)
(102, 173)
(102, 186)
(102, 194)
(102, 208)
(102, 220)
(102, 221)
(102, 224)
(102, 228)
(102, 236)
(102, 237)
(102, 240)
(102, 245)
(102, 122)
(103, 131)
(103, 142)
(103, 163)
(103, 169)
(103, 170)
(103, 175)
(103, 182)
(103, 184)
(103, 187)
(103, 188)
(103, 247)
(103, 204)
(103, 206)
(103, 209)
(103, 213)
(103, 216)
(103, 217)
(103, 218)
(103, 229)
(103, 238)
(103, 116)
(103, 119)
(103, 126)
(104, 164)
(104, 200)
(104, 174)
(104, 176)
(104, 243)
(104, 247)
(104, 152)
(104, 188)
(104, 223)
(105, 132)
(105, 230)
(105, 231)
(105, 234)
(105, 140)
(105, 242)
(105, 180)
(105, 248)
(105, 153)
(105, 155)
(106, 130)
(106, 144)
(106, 149)
(106, 150)
(106, 154)
(106, 165)
(106, 172)
(106, 192)
(106, 195)
(106, 204)
(106, 226)
(106, 107)
(106, 108)
(106, 238)
(106, 189)
(106, 115)
(106, 117)
(106, 120)
(107, 136)
(107, 145)
(107, 154)
(107, 165)
(107, 166)
(107, 189)
(107, 192)
(107, 196)
(107, 208)
(107, 211)
(107, 222)
(107, 232)
(107, 108)
(107, 240)
(107, 147)
(107, 117)
(107, 118)
(107, 120)
(107, 127)
(108, 130)
(108, 136)
(108, 144)
(108, 149)
(108, 150)
(108, 153)
(108, 154)
(108, 165)
(108, 166)
(108, 172)
(108, 189)
(108, 192)
(108, 195)
(108, 226)
(108, 231)
(108, 232)
(108, 115)
(108, 117)
(108, 118)
(108, 120)
(109, 128)
(109, 129)
(109, 135)
(109, 233)
(109, 207)
(109, 201)
(109, 156)
(109, 125)
(110, 132)
(110, 136)
(110, 153)
(110, 155)
(110, 166)
(110, 171)
(110, 181)
(110, 190)
(110, 196)
(110, 197)
(110, 203)
(110, 211)
(110, 212)
(110, 232)
(110, 118)
(110, 127)
(111, 141)
(111, 147)
(111, 171)
(111, 190)
(111, 196)
(111, 199)
(111, 208)
(111, 214)
(111, 219)
(111, 221)
(111, 222)
(111, 227)
(111, 240)
(112, 148)
(112, 157)
(112, 177)
(112, 179)
(112, 198)
(112, 210)
(112, 215)
(112, 114)
(112, 230)
(112, 234)
(112, 241)
(112, 242)
(112, 121)
(112, 124)
(113, 133)
(113, 138)
(113, 145)
(113, 146)
(113, 151)
(113, 158)
(113, 159)
(113, 167)
(113, 185)
(113, 186)
(113, 191)
(113, 195)
(113, 204)
(113, 244)
(113, 120)
(113, 249)
(113, 123)
(114, 130)
(114, 140)
(114, 149)
(114, 172)
(114, 177)
(114, 210)
(114, 215)
(114, 230)
(114, 231)
(114, 234)
(114, 242)
(114, 124)
(115, 130)
(115, 144)
(115, 149)
(115, 150)
(115, 154)
(115, 165)
(115, 170)
(115, 172)
(115, 175)
(115, 195)
(115, 204)
(115, 213)
(115, 226)
(115, 238)
(115, 117)
(115, 247)
(115, 120)
(116, 131)
(116, 137)
(116, 142)
(116, 163)
(116, 168)
(116, 169)
(116, 178)
(116, 182)
(116, 184)
(116, 205)
(116, 206)
(116, 209)
(116, 216)
(116, 217)
(116, 218)
(116, 229)
(116, 235)
(116, 119)
(116, 126)
(117, 130)
(117, 136)
(117, 144)
(117, 149)
(117, 150)
(117, 153)
(117, 154)
(117, 165)
(117, 166)
(117, 172)
(117, 189)
(117, 192)
(117, 195)
(117, 226)
(117, 231)
(117, 232)
(117, 118)
(117, 120)
(118, 132)
(118, 136)
(118, 153)
(118, 165)
(118, 166)
(118, 189)
(118, 192)
(118, 196)
(118, 211)
(118, 147)
(118, 222)
(118, 232)
(118, 240)
(118, 120)
(118, 127)
(119, 131)
(119, 137)
(119, 138)
(119, 142)
(119, 146)
(119, 163)
(119, 168)
(119, 169)
(119, 178)
(119, 182)
(119, 205)
(119, 206)
(119, 209)
(119, 216)
(119, 217)
(119, 218)
(119, 229)
(119, 235)
(119, 244)
(119, 126)
(120, 136)
(120, 144)
(120, 150)
(120, 154)
(120, 165)
(120, 185)
(120, 192)
(120, 195)
(120, 204)
(120, 226)
(120, 189)
(120, 249)
(121, 230)
(121, 198)
(121, 234)
(121, 241)
(121, 242)
(121, 179)
(121, 148)
(121, 157)
(122, 139)
(122, 141)
(122, 160)
(122, 173)
(122, 194)
(122, 202)
(122, 162)
(122, 220)
(122, 221)
(122, 224)
(122, 236)
(122, 237)
(122, 245)
(123, 133)
(123, 134)
(123, 137)
(123, 138)
(123, 146)
(123, 151)
(123, 158)
(123, 159)
(123, 167)
(123, 185)
(123, 186)
(123, 191)
(123, 193)
(123, 195)
(123, 220)
(123, 228)
(123, 244)
(123, 249)
(124, 148)
(124, 157)
(124, 164)
(124, 177)
(124, 179)
(124, 198)
(124, 210)
(124, 215)
(124, 230)
(124, 234)
(124, 242)
(125, 129)
(125, 227)
(125, 135)
(125, 171)
(125, 207)
(125, 214)
(125, 219)
(125, 156)
(125, 190)
(126, 131)
(126, 163)
(126, 168)
(126, 169)
(126, 178)
(126, 182)
(126, 205)
(126, 206)
(126, 216)
(126, 217)
(126, 218)
(126, 229)
(126, 209)
(126, 235)
(127, 132)
(127, 136)
(127, 145)
(127, 147)
(127, 153)
(127, 166)
(127, 171)
(127, 189)
(127, 190)
(127, 192)
(127, 196)
(127, 199)
(127, 208)
(127, 211)
(127, 222)
(127, 232)
(127, 240)
(128, 129)
(128, 135)
(128, 233)
(128, 203)
(128, 207)
(128, 201)
(128, 156)
(129, 135)
(129, 156)
(129, 171)
(129, 190)
(129, 201)
(129, 203)
(129, 207)
(129, 212)
(129, 214)
(129, 227)
(129, 233)
(130, 144)
(130, 149)
(130, 150)
(130, 153)
(130, 154)
(130, 165)
(130, 172)
(130, 177)
(130, 192)
(130, 215)
(130, 226)
(130, 231)
(131, 142)
(131, 163)
(131, 169)
(131, 178)
(131, 175)
(131, 182)
(131, 184)
(131, 187)
(131, 188)
(131, 206)
(131, 209)
(131, 213)
(131, 216)
(131, 217)
(131, 218)
(131, 229)
(132, 136)
(132, 140)
(132, 153)
(132, 155)
(132, 166)
(132, 180)
(132, 181)
(132, 192)
(132, 211)
(132, 212)
(132, 231)
(132, 232)
(132, 248)
(133, 134)
(133, 137)
(133, 142)
(133, 146)
(133, 159)
(133, 163)
(133, 169)
(133, 185)
(133, 138)
(133, 191)
(133, 195)
(133, 204)
(133, 206)
(133, 216)
(133, 217)
(133, 238)
(133, 244)
(133, 249)
(133, 170)
(134, 137)
(134, 138)
(134, 143)
(134, 146)
(134, 159)
(134, 191)
(134, 193)
(134, 205)
(134, 185)
(134, 239)
(134, 244)
(134, 249)
(135, 156)
(135, 171)
(135, 190)
(135, 207)
(135, 214)
(135, 227)
(135, 233)
(136, 145)
(136, 147)
(136, 153)
(136, 166)
(136, 189)
(136, 192)
(136, 196)
(136, 199)
(136, 208)
(136, 222)
(136, 232)
(136, 240)
(136, 211)
(137, 138)
(137, 142)
(137, 146)
(137, 159)
(137, 163)
(137, 169)
(137, 182)
(137, 185)
(137, 191)
(137, 204)
(137, 205)
(137, 206)
(137, 209)
(137, 216)
(137, 217)
(137, 229)
(137, 235)
(137, 239)
(137, 244)
(137, 249)
(138, 142)
(138, 146)
(138, 159)
(138, 163)
(138, 169)
(138, 191)
(138, 195)
(138, 204)
(138, 206)
(138, 185)
(138, 216)
(138, 217)
(138, 239)
(138, 244)
(138, 249)
(139, 160)
(139, 194)
(139, 202)
(139, 162)
(139, 173)
(139, 245)
(140, 153)
(140, 242)
(140, 177)
(140, 180)
(140, 230)
(140, 231)
(140, 234)
(140, 248)
(141, 171)
(141, 194)
(141, 199)
(141, 208)
(141, 214)
(141, 219)
(141, 221)
(141, 222)
(141, 227)
(141, 237)
(141, 240)
(142, 146)
(142, 163)
(142, 169)
(142, 170)
(142, 175)
(142, 182)
(142, 184)
(142, 195)
(142, 204)
(142, 206)
(142, 209)
(142, 213)
(142, 216)
(142, 217)
(142, 218)
(142, 229)
(142, 238)
(142, 244)
(142, 247)
(143, 193)
(143, 228)
(143, 151)
(143, 239)
(143, 246)
(143, 183)
(143, 159)
(143, 191)
(144, 149)
(144, 150)
(144, 154)
(144, 165)
(144, 170)
(144, 175)
(144, 192)
(144, 195)
(144, 204)
(144, 213)
(144, 226)
(144, 238)
(144, 189)
(145, 147)
(145, 158)
(145, 186)
(145, 196)
(145, 199)
(145, 208)
(145, 220)
(145, 221)
(145, 222)
(145, 224)
(145, 236)
(145, 237)
(145, 189)
(145, 240)
(146, 159)
(146, 163)
(146, 169)
(146, 182)
(146, 185)
(146, 191)
(146, 195)
(146, 204)
(146, 205)
(146, 206)
(146, 209)
(146, 216)
(146, 217)
(146, 229)
(146, 244)
(146, 249)
(146, 170)
(147, 166)
(147, 171)
(147, 196)
(147, 199)
(147, 208)
(147, 214)
(147, 221)
(147, 222)
(147, 224)
(147, 189)
(147, 240)
(147, 211)
(148, 198)
(148, 230)
(148, 234)
(148, 242)
(148, 241)
(148, 210)
(148, 179)
(148, 157)
(149, 150)
(149, 154)
(149, 164)
(149, 165)
(149, 172)
(149, 174)
(149, 176)
(149, 213)
(149, 215)
(149, 226)
(149, 243)
(149, 247)
(150, 154)
(150, 165)
(150, 172)
(150, 192)
(150, 195)
(150, 213)
(150, 226)
(150, 238)
(151, 158)
(151, 159)
(151, 160)
(151, 167)
(151, 173)
(151, 185)
(151, 186)
(151, 191)
(151, 193)
(151, 183)
(151, 220)
(151, 224)
(151, 228)
(151, 236)
(151, 249)
(152, 164)
(152, 200)
(152, 174)
(152, 176)
(152, 243)
(152, 247)
(152, 188)
(152, 223)
(153, 165)
(153, 166)
(153, 189)
(153, 192)
(153, 231)
(153, 232)
(153, 211)
(153, 248)
(154, 165)
(154, 170)
(154, 175)
(154, 185)
(154, 192)
(154, 195)
(154, 204)
(154, 213)
(154, 226)
(154, 238)
(154, 189)
(154, 249)
(155, 197)
(155, 203)
(155, 180)
(155, 181)
(155, 248)
(155, 212)
(156, 171)
(156, 190)
(156, 201)
(156, 203)
(156, 207)
(156, 212)
(156, 214)
(156, 227)
(156, 233)
(157, 198)
(157, 230)
(157, 177)
(157, 234)
(157, 242)
(157, 241)
(157, 210)
(157, 179)
(157, 215)
(158, 159)
(158, 160)
(158, 167)
(158, 173)
(158, 185)
(158, 186)
(158, 191)
(158, 208)
(158, 220)
(158, 224)
(158, 228)
(158, 236)
(158, 237)
(158, 240)
(158, 249)
(159, 185)
(159, 167)
(159, 186)
(159, 191)
(159, 193)
(159, 220)
(159, 228)
(159, 239)
(159, 244)
(159, 249)
(160, 167)
(160, 173)
(160, 186)
(160, 194)
(160, 202)
(160, 162)
(160, 220)
(160, 221)
(160, 224)
(160, 228)
(160, 236)
(160, 237)
(160, 245)
(161, 225)
(161, 202)
(162, 173)
(162, 194)
(162, 202)
(162, 236)
(162, 237)
(162, 221)
(162, 245)
(163, 169)
(163, 170)
(163, 175)
(163, 182)
(163, 184)
(163, 204)
(163, 205)
(163, 206)
(163, 209)
(163, 213)
(163, 216)
(163, 217)
(163, 218)
(163, 229)
(163, 235)
(163, 238)
(163, 244)
(164, 176)
(164, 172)
(164, 174)
(164, 200)
(164, 210)
(164, 215)
(164, 223)
(164, 243)
(165, 172)
(165, 192)
(165, 195)
(165, 226)
(165, 189)
(166, 189)
(166, 192)
(166, 196)
(166, 222)
(166, 231)
(166, 232)
(166, 211)
(167, 173)
(167, 186)
(167, 191)
(167, 193)
(167, 183)
(167, 220)
(167, 224)
(167, 228)
(167, 236)
(167, 237)
(167, 246)
(168, 229)
(168, 235)
(168, 178)
(168, 209)
(169, 170)
(169, 175)
(169, 184)
(169, 182)
(169, 204)
(169, 206)
(169, 209)
(169, 213)
(169, 216)
(169, 217)
(169, 218)
(169, 229)
(169, 238)
(169, 244)
(170, 175)
(170, 182)
(170, 195)
(170, 204)
(170, 206)
(170, 213)
(170, 216)
(170, 218)
(170, 226)
(170, 238)
(170, 244)
(170, 247)
(171, 222)
(171, 190)
(171, 196)
(171, 199)
(171, 207)
(171, 211)
(171, 214)
(171, 219)
(171, 227)
(171, 240)
(172, 174)
(172, 176)
(172, 177)
(172, 210)
(172, 215)
(172, 223)
(172, 226)
(172, 243)
(173, 186)
(173, 194)
(173, 202)
(173, 220)
(173, 221)
(173, 224)
(173, 228)
(173, 236)
(173, 237)
(173, 245)
(174, 176)
(174, 188)
(174, 200)
(174, 213)
(174, 223)
(174, 243)
(174, 247)
(175, 182)
(175, 184)
(175, 188)
(175, 195)
(175, 204)
(175, 206)
(175, 213)
(175, 216)
(175, 218)
(175, 226)
(175, 238)
(175, 247)
(176, 188)
(176, 200)
(176, 213)
(176, 223)
(176, 243)
(176, 247)
(177, 210)
(177, 215)
(177, 230)
(177, 231)
(177, 234)
(177, 241)
(177, 242)
(178, 229)
(178, 235)
(178, 206)
(178, 209)
(178, 182)
(178, 217)
(178, 187)
(179, 198)
(179, 230)
(179, 234)
(179, 242)
(179, 241)
(179, 210)
(180, 230)
(180, 231)
(180, 234)
(180, 242)
(180, 248)
(181, 197)
(181, 201)
(181, 203)
(181, 212)
(182, 184)
(182, 187)
(182, 188)
(182, 204)
(182, 206)
(182, 209)
(182, 213)
(182, 216)
(182, 217)
(182, 218)
(182, 229)
(182, 238)
(182, 244)
(183, 193)
(183, 228)
(183, 246)
(184, 187)
(184, 188)
(184, 206)
(184, 213)
(184, 216)
(184, 218)
(184, 247)
(185, 186)
(185, 191)
(185, 195)
(185, 204)
(185, 244)
(185, 249)
(186, 191)
(186, 220)
(186, 224)
(186, 228)
(186, 236)
(186, 237)
(186, 249)
(187, 218)
(187, 188)
(188, 200)
(188, 213)
(188, 218)
(188, 247)
(189, 192)
(189, 196)
(189, 208)
(189, 222)
(189, 232)
(189, 240)
(189, 211)
(190, 222)
(190, 196)
(190, 199)
(190, 207)
(190, 212)
(190, 214)
(190, 219)
(190, 227)
(190, 211)
(191, 193)
(191, 228)
(191, 239)
(191, 244)
(191, 249)
(192, 211)
(192, 226)
(192, 231)
(192, 232)
(193, 228)
(193, 239)
(193, 246)
(194, 202)
(194, 220)
(194, 224)
(194, 236)
(194, 237)
(194, 221)
(194, 245)
(195, 204)
(195, 216)
(195, 226)
(195, 238)
(195, 244)
(195, 249)
(196, 199)
(196, 208)
(196, 214)
(196, 222)
(196, 232)
(196, 240)
(196, 211)
(197, 201)
(197, 203)
(197, 212)
(198, 241)
(199, 208)
(199, 214)
(199, 219)
(199, 221)
(199, 222)
(199, 227)
(199, 240)
(199, 211)
(200, 243)
(200, 247)
(200, 223)
(201, 233)
(201, 203)
(201, 207)
(201, 212)
(202, 220)
(202, 225)
(202, 245)
(203, 207)
(203, 212)
(204, 206)
(204, 213)
(204, 216)
(204, 226)
(204, 238)
(204, 244)
(204, 249)
(205, 229)
(205, 235)
(205, 206)
(205, 239)
(205, 209)
(205, 217)
(206, 209)
(206, 216)
(206, 217)
(206, 218)
(206, 229)
(206, 235)
(206, 238)
(206, 244)
(207, 212)
(207, 214)
(207, 227)
(207, 233)
(208, 214)
(208, 221)
(208, 222)
(208, 224)
(208, 236)
(208, 237)
(208, 240)
(209, 216)
(209, 217)
(209, 218)
(209, 229)
(209, 235)
(210, 242)
(210, 215)
(210, 230)
(210, 234)
(210, 241)
(211, 214)
(211, 222)
(211, 232)
(211, 240)
(213, 216)
(213, 218)
(213, 226)
(213, 238)
(213, 247)
(214, 222)
(214, 219)
(214, 227)
(214, 240)
(215, 242)
(215, 230)
(215, 231)
(215, 234)
(216, 244)
(216, 217)
(216, 218)
(216, 229)
(216, 238)
(216, 247)
(217, 218)
(217, 229)
(217, 235)
(217, 244)
(218, 247)
(218, 229)
(218, 238)
(219, 227)
(219, 221)
(219, 222)
(220, 221)
(220, 224)
(220, 228)
(220, 236)
(220, 237)
(220, 245)
(221, 222)
(221, 224)
(221, 236)
(221, 237)
(221, 240)
(221, 245)
(222, 224)
(222, 240)
(223, 243)
(223, 247)
(224, 236)
(224, 237)
(224, 240)
(226, 238)
(228, 236)
(228, 246)
(229, 235)
(229, 244)
(230, 242)
(230, 231)
(230, 234)
(230, 241)
(230, 248)
(231, 242)
(231, 232)
(231, 234)
(231, 248)
(234, 242)
(234, 241)
(234, 248)
(236, 237)
(236, 245)
(237, 240)
(237, 245)
(238, 247)
(241, 242)
(242, 248)
(243, 247)
(244, 249)
