#Nodes
0
1
2
3
4
5
6
7
8
9
10
11
12
13
14
15
16
17
18
19
20
21
22
23
24
25
26
27
28
29
30
31
32
33
34
35
36
37
38
39
40
41
42
43
44
45
46
47
48
49
50
51
52
53
54
55
56
57
58
59
60
61
62
63
64
65
66
67
68
69
70
71
72
73
74
75
76
77
78
79
80
81
82
83
84
85
86
87
88
89
90
91
92
93
94
95
96
97
98
99
100
101
102
103
104
105
106
107
108
109
110
111
112
113
114
115
116
117
118
119
120
121
122
123
124
125
126
127
128
129
130
131
132
133
134
135
136
137
138
139
140
141
142
143
144
145
146
147
148
149
150
151
152
153
154
155
156
157
158
159
160
161
162
163
164
165
166
167
168
169
170
171
172
173
174
175
176
177
178
179
180
181
182
183
184
185
186
187
188
189
190
191
192
193
194
195
196
197
198
199
200
201
202
203
204
205
206
207
208
209
210
211
212
213
214
215
216
217
218
219
220
221
222
223
224
225
226
227
228
229
230
231
232
233
234
235
236
237
238
239
240
241
242
243
244
245
246
247
248
249
#Edges
(0, 160)
(0, 176)
(0, 32)
(0, 6)
(0, 84)
(0, 129)
(0, 44)
(0, 141)
(0, 47)
(0, 208)
(0, 145)
(0, 50)
(0, 83)
(0, 212)
(0, 54)
(0, 153)
(0, 154)
(0, 15)
(0, 60)
(0, 159)
(1, 9)
(1, 10)
(1, 140)
(1, 142)
(1, 143)
(1, 146)
(1, 19)
(1, 148)
(1, 151)
(1, 35)
(1, 37)
(1, 167)
(1, 179)
(1, 181)
(1, 182)
(1, 183)
(1, 187)
(1, 188)
(1, 190)
(1, 192)
(1, 196)
(1, 204)
(1, 209)
(1, 87)
(1, 222)
(1, 227)
(1, 102)
(1, 234)
(1, 39)
(1, 240)
(1, 59)
(1, 116)
(1, 126)
(2, 70)
(2, 71)
(2, 202)
(2, 205)
(2, 174)
(2, 211)
(2, 117)
(2, 91)
(2, 124)
(2, 221)
(3, 128)
(3, 130)
(3, 4)
(3, 134)
(3, 136)
(3, 17)
(3, 162)
(3, 36)
(3, 241)
(3, 220)
(3, 48)
(3, 8)
(3, 185)
(3, 64)
(3, 65)
(3, 66)
(3, 68)
(3, 97)
(3, 203)
(3, 78)
(3, 86)
(3, 57)
(3, 92)
(3, 223)
(3, 225)
(3, 111)
(3, 113)
(3, 242)
(3, 244)
(4, 128)
(4, 134)
(4, 7)
(4, 136)
(4, 17)
(4, 31)
(4, 241)
(4, 220)
(4, 48)
(4, 8)
(4, 57)
(4, 65)
(4, 66)
(4, 68)
(4, 203)
(4, 78)
(4, 86)
(4, 185)
(4, 92)
(4, 223)
(4, 225)
(4, 107)
(4, 113)
(4, 242)
(5, 71)
(5, 205)
(5, 144)
(5, 178)
(5, 115)
(5, 52)
(5, 117)
(5, 247)
(5, 219)
(6, 84)
(6, 129)
(6, 44)
(6, 47)
(6, 83)
(6, 212)
(6, 153)
(6, 154)
(6, 15)
(6, 60)
(6, 159)
(7, 235)
(7, 138)
(7, 13)
(7, 18)
(7, 29)
(7, 31)
(7, 220)
(7, 174)
(7, 184)
(7, 65)
(7, 68)
(7, 201)
(7, 202)
(7, 78)
(7, 80)
(7, 213)
(7, 86)
(7, 91)
(7, 92)
(7, 223)
(7, 107)
(7, 113)
(7, 114)
(7, 118)
(8, 128)
(8, 225)
(8, 68)
(8, 229)
(8, 105)
(8, 79)
(8, 203)
(8, 96)
(8, 175)
(8, 48)
(8, 215)
(8, 216)
(8, 185)
(8, 90)
(8, 123)
(8, 92)
(8, 31)
(9, 10)
(9, 139)
(9, 140)
(9, 143)
(9, 19)
(9, 157)
(9, 164)
(9, 37)
(9, 167)
(9, 169)
(9, 51)
(9, 59)
(9, 63)
(9, 193)
(9, 196)
(9, 198)
(9, 74)
(9, 76)
(9, 209)
(9, 85)
(9, 218)
(9, 222)
(9, 187)
(9, 102)
(9, 234)
(9, 191)
(10, 139)
(10, 140)
(10, 141)
(10, 142)
(10, 143)
(10, 146)
(10, 19)
(10, 148)
(10, 151)
(10, 35)
(10, 37)
(10, 167)
(10, 182)
(10, 187)
(10, 188)
(10, 190)
(10, 192)
(10, 196)
(10, 74)
(10, 204)
(10, 209)
(10, 87)
(10, 227)
(10, 102)
(10, 234)
(10, 39)
(10, 108)
(10, 59)
(10, 116)
(10, 246)
(10, 126)
(11, 139)
(11, 140)
(11, 149)
(11, 150)
(11, 157)
(11, 168)
(11, 41)
(11, 51)
(11, 187)
(11, 63)
(11, 196)
(11, 198)
(11, 74)
(11, 76)
(11, 98)
(11, 85)
(11, 217)
(11, 224)
(11, 226)
(11, 108)
(11, 112)
(11, 191)
(12, 16)
(12, 146)
(12, 147)
(12, 148)
(12, 22)
(12, 158)
(12, 166)
(12, 42)
(12, 171)
(12, 46)
(12, 30)
(12, 182)
(12, 183)
(12, 186)
(12, 190)
(12, 192)
(12, 197)
(12, 73)
(12, 207)
(12, 81)
(12, 82)
(12, 214)
(12, 58)
(12, 95)
(12, 227)
(12, 228)
(12, 104)
(12, 236)
(12, 109)
(12, 240)
(12, 20)
(12, 122)
(12, 125)
(13, 107)
(13, 132)
(13, 137)
(13, 18)
(13, 29)
(13, 33)
(13, 163)
(13, 43)
(13, 173)
(13, 174)
(13, 55)
(13, 184)
(13, 57)
(13, 70)
(13, 201)
(13, 202)
(13, 77)
(13, 78)
(13, 80)
(13, 81)
(13, 86)
(13, 89)
(13, 220)
(13, 223)
(13, 235)
(13, 113)
(13, 114)
(13, 120)
(13, 124)
(14, 130)
(14, 21)
(14, 152)
(14, 26)
(14, 27)
(14, 162)
(14, 38)
(14, 170)
(14, 53)
(14, 189)
(14, 62)
(14, 64)
(14, 69)
(14, 34)
(14, 249)
(14, 93)
(14, 94)
(14, 100)
(14, 101)
(14, 230)
(14, 231)
(14, 233)
(14, 106)
(14, 103)
(14, 61)
(14, 242)
(14, 244)
(14, 245)
(14, 121)
(14, 127)
(15, 129)
(15, 141)
(15, 142)
(15, 143)
(15, 145)
(15, 19)
(15, 151)
(15, 153)
(15, 154)
(15, 159)
(15, 160)
(15, 35)
(15, 39)
(15, 44)
(15, 47)
(15, 176)
(15, 50)
(15, 182)
(15, 187)
(15, 188)
(15, 32)
(15, 54)
(15, 204)
(15, 208)
(15, 210)
(15, 83)
(15, 212)
(15, 87)
(15, 98)
(15, 60)
(15, 108)
(15, 116)
(15, 246)
(15, 84)
(15, 126)
(16, 135)
(16, 109)
(16, 147)
(16, 20)
(16, 22)
(16, 24)
(16, 155)
(16, 158)
(16, 166)
(16, 42)
(16, 173)
(16, 180)
(16, 30)
(16, 183)
(16, 186)
(16, 197)
(16, 73)
(16, 75)
(16, 207)
(16, 81)
(16, 82)
(16, 214)
(16, 89)
(16, 58)
(16, 95)
(16, 228)
(16, 104)
(16, 236)
(16, 237)
(16, 240)
(16, 248)
(16, 122)
(16, 125)
(17, 128)
(17, 130)
(17, 134)
(17, 136)
(17, 21)
(17, 162)
(17, 36)
(17, 241)
(17, 220)
(17, 55)
(17, 57)
(17, 61)
(17, 66)
(17, 78)
(17, 86)
(17, 92)
(17, 223)
(17, 225)
(17, 100)
(17, 103)
(17, 111)
(17, 113)
(17, 242)
(17, 244)
(18, 235)
(18, 132)
(18, 138)
(18, 29)
(18, 43)
(18, 174)
(18, 184)
(18, 57)
(18, 65)
(18, 70)
(18, 201)
(18, 202)
(18, 77)
(18, 78)
(18, 80)
(18, 213)
(18, 86)
(18, 91)
(18, 220)
(18, 223)
(18, 107)
(18, 113)
(18, 114)
(18, 118)
(19, 129)
(19, 139)
(19, 140)
(19, 141)
(19, 142)
(19, 143)
(19, 145)
(19, 146)
(19, 148)
(19, 150)
(19, 151)
(19, 154)
(19, 35)
(19, 167)
(19, 44)
(19, 47)
(19, 182)
(19, 187)
(19, 188)
(19, 190)
(19, 192)
(19, 54)
(19, 74)
(19, 204)
(19, 209)
(19, 212)
(19, 87)
(19, 98)
(19, 59)
(19, 102)
(19, 234)
(19, 39)
(19, 108)
(19, 116)
(19, 246)
(19, 126)
(20, 131)
(20, 146)
(20, 22)
(20, 24)
(20, 30)
(20, 160)
(20, 165)
(20, 166)
(20, 40)
(20, 58)
(20, 67)
(20, 199)
(20, 73)
(20, 82)
(20, 186)
(20, 95)
(20, 104)
(20, 109)
(20, 210)
(20, 116)
(20, 122)
(21, 130)
(21, 27)
(21, 162)
(21, 38)
(21, 170)
(21, 61)
(21, 53)
(21, 189)
(21, 62)
(21, 64)
(21, 66)
(21, 34)
(21, 249)
(21, 93)
(21, 94)
(21, 99)
(21, 100)
(21, 101)
(21, 230)
(21, 231)
(21, 233)
(21, 106)
(21, 103)
(21, 111)
(21, 242)
(21, 244)
(21, 245)
(21, 119)
(21, 121)
(21, 127)
(22, 131)
(22, 142)
(22, 146)
(22, 148)
(22, 151)
(22, 24)
(22, 30)
(22, 160)
(22, 35)
(22, 165)
(22, 166)
(22, 40)
(22, 182)
(22, 183)
(22, 186)
(22, 59)
(22, 190)
(22, 192)
(22, 67)
(22, 199)
(22, 73)
(22, 204)
(22, 207)
(22, 210)
(22, 214)
(22, 87)
(22, 95)
(22, 227)
(22, 102)
(22, 104)
(22, 234)
(22, 236)
(22, 109)
(22, 240)
(22, 116)
(22, 122)
(22, 125)
(23, 194)
(23, 133)
(23, 200)
(23, 206)
(23, 56)
(23, 243)
(23, 88)
(23, 25)
(23, 156)
(23, 69)
(24, 131)
(24, 82)
(24, 165)
(24, 199)
(24, 104)
(24, 73)
(24, 146)
(24, 109)
(24, 40)
(24, 210)
(24, 67)
(24, 180)
(24, 122)
(24, 58)
(24, 30)
(24, 95)
(25, 161)
(25, 194)
(25, 133)
(25, 38)
(25, 200)
(25, 28)
(25, 172)
(25, 206)
(25, 177)
(25, 243)
(25, 238)
(25, 56)
(25, 88)
(25, 156)
(25, 53)
(25, 94)
(25, 69)
(26, 34)
(26, 27)
(26, 100)
(26, 101)
(26, 230)
(26, 233)
(26, 106)
(26, 53)
(26, 245)
(26, 69)
(26, 152)
(26, 38)
(26, 156)
(26, 189)
(26, 94)
(26, 127)
(27, 128)
(27, 225)
(27, 162)
(27, 100)
(27, 101)
(27, 230)
(27, 97)
(27, 64)
(27, 233)
(27, 106)
(27, 130)
(27, 244)
(27, 245)
(27, 127)
(28, 161)
(28, 194)
(28, 195)
(28, 133)
(28, 49)
(28, 200)
(28, 45)
(28, 172)
(28, 110)
(28, 206)
(28, 239)
(28, 177)
(28, 238)
(28, 56)
(28, 88)
(28, 72)
(28, 62)
(28, 69)
(29, 132)
(29, 137)
(29, 33)
(29, 163)
(29, 42)
(29, 43)
(29, 173)
(29, 174)
(29, 55)
(29, 184)
(29, 70)
(29, 201)
(29, 202)
(29, 77)
(29, 78)
(29, 80)
(29, 81)
(29, 86)
(29, 89)
(29, 220)
(29, 223)
(29, 228)
(29, 235)
(29, 113)
(29, 114)
(29, 120)
(29, 124)
(30, 135)
(30, 109)
(30, 146)
(30, 147)
(30, 155)
(30, 158)
(30, 166)
(30, 42)
(30, 173)
(30, 46)
(30, 180)
(30, 183)
(30, 186)
(30, 190)
(30, 197)
(30, 73)
(30, 75)
(30, 207)
(30, 81)
(30, 82)
(30, 214)
(30, 89)
(30, 58)
(30, 95)
(30, 227)
(30, 228)
(30, 104)
(30, 236)
(30, 237)
(30, 240)
(30, 248)
(30, 122)
(30, 125)
(31, 65)
(31, 68)
(31, 229)
(31, 105)
(31, 107)
(31, 78)
(31, 79)
(31, 113)
(31, 213)
(31, 118)
(31, 185)
(31, 90)
(31, 123)
(31, 92)
(31, 223)
(32, 129)
(32, 131)
(32, 141)
(32, 142)
(32, 145)
(32, 146)
(32, 148)
(32, 151)
(32, 160)
(32, 35)
(32, 165)
(32, 40)
(32, 176)
(32, 50)
(32, 182)
(32, 188)
(32, 192)
(32, 67)
(32, 54)
(32, 199)
(32, 208)
(32, 210)
(32, 87)
(32, 116)
(32, 246)
(32, 126)
(33, 43)
(33, 132)
(33, 214)
(33, 137)
(33, 163)
(33, 42)
(33, 171)
(33, 46)
(33, 179)
(33, 181)
(33, 183)
(33, 184)
(33, 197)
(33, 201)
(33, 55)
(33, 77)
(33, 207)
(33, 80)
(33, 81)
(33, 86)
(33, 89)
(33, 222)
(33, 227)
(33, 228)
(33, 235)
(33, 236)
(33, 114)
(33, 120)
(33, 124)
(34, 152)
(34, 156)
(34, 162)
(34, 38)
(34, 170)
(34, 53)
(34, 61)
(34, 62)
(34, 69)
(34, 249)
(34, 93)
(34, 94)
(34, 100)
(34, 101)
(34, 230)
(34, 231)
(34, 233)
(34, 189)
(34, 245)
(34, 121)
(34, 127)
(35, 131)
(35, 141)
(35, 142)
(35, 143)
(35, 145)
(35, 146)
(35, 148)
(35, 151)
(35, 160)
(35, 165)
(35, 166)
(35, 167)
(35, 40)
(35, 176)
(35, 50)
(35, 182)
(35, 186)
(35, 187)
(35, 188)
(35, 190)
(35, 192)
(35, 67)
(35, 54)
(35, 204)
(35, 208)
(35, 209)
(35, 210)
(35, 87)
(35, 227)
(35, 102)
(35, 234)
(35, 39)
(35, 109)
(35, 240)
(35, 59)
(35, 116)
(35, 246)
(35, 122)
(35, 125)
(35, 126)
(36, 43)
(36, 134)
(36, 136)
(36, 137)
(36, 163)
(36, 164)
(36, 241)
(36, 169)
(36, 171)
(36, 55)
(36, 184)
(36, 57)
(36, 61)
(36, 66)
(36, 78)
(36, 86)
(36, 220)
(36, 103)
(36, 111)
(36, 113)
(36, 242)
(36, 120)
(37, 137)
(37, 157)
(37, 163)
(37, 164)
(37, 167)
(37, 169)
(37, 171)
(37, 179)
(37, 181)
(37, 183)
(37, 193)
(37, 196)
(37, 76)
(37, 209)
(37, 99)
(37, 85)
(37, 218)
(37, 222)
(37, 227)
(37, 234)
(37, 119)
(38, 152)
(38, 156)
(38, 170)
(38, 53)
(38, 56)
(38, 189)
(38, 62)
(38, 194)
(38, 69)
(38, 200)
(38, 249)
(38, 88)
(38, 93)
(38, 94)
(38, 101)
(38, 231)
(38, 233)
(38, 243)
(38, 121)
(39, 129)
(39, 139)
(39, 140)
(39, 141)
(39, 142)
(39, 143)
(39, 145)
(39, 148)
(39, 150)
(39, 151)
(39, 153)
(39, 154)
(39, 167)
(39, 44)
(39, 47)
(39, 50)
(39, 182)
(39, 187)
(39, 188)
(39, 190)
(39, 192)
(39, 54)
(39, 74)
(39, 204)
(39, 98)
(39, 209)
(39, 83)
(39, 212)
(39, 87)
(39, 226)
(39, 59)
(39, 102)
(39, 60)
(39, 234)
(39, 108)
(39, 116)
(39, 246)
(39, 84)
(39, 126)
(40, 131)
(40, 142)
(40, 145)
(40, 146)
(40, 148)
(40, 151)
(40, 160)
(40, 165)
(40, 176)
(40, 50)
(40, 182)
(40, 67)
(40, 199)
(40, 208)
(40, 210)
(40, 87)
(40, 104)
(40, 109)
(40, 116)
(40, 122)
(41, 224)
(41, 226)
(41, 198)
(41, 168)
(41, 74)
(41, 139)
(41, 140)
(41, 98)
(41, 112)
(41, 51)
(41, 150)
(41, 217)
(41, 63)
(41, 191)
(42, 43)
(42, 132)
(42, 137)
(42, 147)
(42, 158)
(42, 166)
(42, 171)
(42, 173)
(42, 46)
(42, 183)
(42, 186)
(42, 197)
(42, 73)
(42, 75)
(42, 77)
(42, 207)
(42, 81)
(42, 214)
(42, 89)
(42, 58)
(42, 95)
(42, 227)
(42, 228)
(42, 236)
(42, 237)
(42, 240)
(42, 114)
(42, 248)
(42, 124)
(42, 125)
(43, 132)
(43, 214)
(43, 137)
(43, 163)
(43, 171)
(43, 173)
(43, 46)
(43, 179)
(43, 181)
(43, 183)
(43, 184)
(43, 197)
(43, 201)
(43, 55)
(43, 77)
(43, 80)
(43, 81)
(43, 86)
(43, 89)
(43, 220)
(43, 228)
(43, 235)
(43, 114)
(43, 120)
(43, 124)
(44, 129)
(44, 141)
(44, 143)
(44, 145)
(44, 150)
(44, 153)
(44, 154)
(44, 159)
(44, 47)
(44, 50)
(44, 54)
(44, 187)
(44, 60)
(44, 98)
(44, 83)
(44, 84)
(44, 226)
(44, 188)
(44, 108)
(44, 246)
(44, 212)
(44, 126)
(45, 133)
(45, 238)
(45, 157)
(45, 161)
(45, 49)
(45, 170)
(45, 172)
(45, 177)
(45, 51)
(45, 53)
(45, 62)
(45, 63)
(45, 193)
(45, 195)
(45, 196)
(45, 72)
(45, 76)
(45, 85)
(45, 218)
(45, 93)
(45, 224)
(45, 231)
(45, 232)
(45, 110)
(45, 239)
(45, 119)
(45, 149)
(46, 132)
(46, 137)
(46, 163)
(46, 166)
(46, 169)
(46, 171)
(46, 179)
(46, 181)
(46, 183)
(46, 186)
(46, 190)
(46, 73)
(46, 55)
(46, 77)
(46, 207)
(46, 81)
(46, 214)
(46, 89)
(46, 222)
(46, 227)
(46, 228)
(46, 236)
(46, 240)
(46, 120)
(46, 125)
(47, 129)
(47, 139)
(47, 141)
(47, 143)
(47, 145)
(47, 150)
(47, 153)
(47, 154)
(47, 159)
(47, 50)
(47, 54)
(47, 187)
(47, 188)
(47, 204)
(47, 98)
(47, 83)
(47, 84)
(47, 87)
(47, 226)
(47, 60)
(47, 108)
(47, 246)
(47, 212)
(47, 126)
(48, 128)
(48, 225)
(48, 68)
(48, 229)
(48, 97)
(48, 105)
(48, 79)
(48, 203)
(48, 96)
(48, 175)
(48, 215)
(48, 216)
(48, 185)
(48, 90)
(48, 123)
(48, 92)
(49, 238)
(49, 157)
(49, 161)
(49, 168)
(49, 172)
(49, 177)
(49, 51)
(49, 191)
(49, 193)
(49, 195)
(49, 196)
(49, 198)
(49, 72)
(49, 76)
(49, 85)
(49, 217)
(49, 218)
(49, 224)
(49, 232)
(49, 110)
(49, 239)
(49, 112)
(49, 63)
(49, 149)
(50, 129)
(50, 131)
(50, 141)
(50, 142)
(50, 145)
(50, 146)
(50, 148)
(50, 151)
(50, 153)
(50, 154)
(50, 160)
(50, 165)
(50, 176)
(50, 182)
(50, 188)
(50, 67)
(50, 54)
(50, 208)
(50, 210)
(50, 83)
(50, 84)
(50, 87)
(50, 116)
(50, 246)
(50, 126)
(51, 140)
(51, 149)
(51, 157)
(51, 168)
(51, 63)
(51, 193)
(51, 139)
(51, 196)
(51, 198)
(51, 72)
(51, 74)
(51, 76)
(51, 85)
(51, 217)
(51, 224)
(51, 232)
(51, 110)
(51, 239)
(51, 112)
(51, 191)
(52, 58)
(52, 155)
(52, 135)
(52, 75)
(52, 205)
(52, 237)
(52, 144)
(52, 178)
(52, 115)
(52, 180)
(52, 117)
(52, 247)
(52, 248)
(52, 71)
(52, 219)
(52, 221)
(52, 158)
(53, 133)
(53, 110)
(53, 152)
(53, 156)
(53, 161)
(53, 170)
(53, 172)
(53, 56)
(53, 189)
(53, 62)
(53, 194)
(53, 69)
(53, 200)
(53, 249)
(53, 88)
(53, 93)
(53, 94)
(53, 101)
(53, 231)
(53, 233)
(53, 238)
(53, 243)
(53, 121)
(54, 129)
(54, 141)
(54, 142)
(54, 143)
(54, 145)
(54, 148)
(54, 151)
(54, 153)
(54, 154)
(54, 159)
(54, 160)
(54, 165)
(54, 176)
(54, 182)
(54, 187)
(54, 188)
(54, 192)
(54, 204)
(54, 208)
(54, 210)
(54, 83)
(54, 212)
(54, 87)
(54, 98)
(54, 59)
(54, 102)
(54, 60)
(54, 108)
(54, 116)
(54, 246)
(54, 84)
(54, 126)
(55, 132)
(55, 134)
(55, 136)
(55, 137)
(55, 163)
(55, 241)
(55, 169)
(55, 171)
(55, 179)
(55, 181)
(55, 184)
(55, 57)
(55, 66)
(55, 201)
(55, 77)
(55, 80)
(55, 86)
(55, 220)
(55, 222)
(55, 111)
(55, 113)
(55, 114)
(55, 120)
(56, 133)
(56, 238)
(56, 161)
(56, 156)
(56, 172)
(56, 177)
(56, 62)
(56, 194)
(56, 195)
(56, 69)
(56, 200)
(56, 206)
(56, 88)
(56, 94)
(56, 110)
(56, 239)
(56, 243)
(57, 134)
(57, 136)
(57, 163)
(57, 241)
(57, 220)
(57, 184)
(57, 65)
(57, 66)
(57, 201)
(57, 78)
(57, 80)
(57, 86)
(57, 92)
(57, 223)
(57, 107)
(57, 111)
(57, 113)
(57, 242)
(57, 120)
(58, 135)
(58, 144)
(58, 147)
(58, 155)
(58, 158)
(58, 173)
(58, 178)
(58, 180)
(58, 197)
(58, 73)
(58, 75)
(58, 207)
(58, 81)
(58, 82)
(58, 214)
(58, 219)
(58, 221)
(58, 95)
(58, 104)
(58, 236)
(58, 237)
(58, 247)
(58, 248)
(59, 139)
(59, 140)
(59, 141)
(59, 142)
(59, 143)
(59, 145)
(59, 146)
(59, 148)
(59, 151)
(59, 167)
(59, 182)
(59, 187)
(59, 188)
(59, 190)
(59, 192)
(59, 204)
(59, 209)
(59, 87)
(59, 227)
(59, 102)
(59, 234)
(59, 108)
(59, 240)
(59, 116)
(59, 246)
(59, 126)
(60, 129)
(60, 141)
(60, 145)
(60, 150)
(60, 153)
(60, 154)
(60, 159)
(60, 187)
(60, 188)
(60, 98)
(60, 83)
(60, 84)
(60, 143)
(60, 226)
(60, 108)
(60, 246)
(60, 212)
(60, 126)
(61, 130)
(61, 134)
(61, 136)
(61, 162)
(61, 164)
(61, 170)
(61, 62)
(61, 66)
(61, 249)
(61, 93)
(61, 99)
(61, 100)
(61, 101)
(61, 230)
(61, 231)
(61, 106)
(61, 103)
(61, 111)
(61, 241)
(61, 242)
(61, 244)
(61, 245)
(61, 119)
(61, 121)
(61, 127)
(62, 133)
(62, 110)
(62, 152)
(62, 161)
(62, 170)
(62, 172)
(62, 72)
(62, 189)
(62, 69)
(62, 200)
(62, 249)
(62, 218)
(62, 93)
(62, 94)
(62, 99)
(62, 101)
(62, 231)
(62, 103)
(62, 238)
(62, 239)
(62, 119)
(62, 121)
(63, 139)
(63, 140)
(63, 149)
(63, 157)
(63, 168)
(63, 191)
(63, 193)
(63, 195)
(63, 196)
(63, 198)
(63, 72)
(63, 74)
(63, 76)
(63, 85)
(63, 217)
(63, 224)
(63, 232)
(63, 110)
(63, 239)
(63, 112)
(64, 128)
(64, 225)
(64, 162)
(64, 100)
(64, 230)
(64, 97)
(64, 233)
(64, 106)
(64, 130)
(64, 242)
(64, 244)
(64, 245)
(64, 215)
(64, 127)
(65, 80)
(65, 68)
(65, 86)
(65, 134)
(65, 201)
(65, 107)
(65, 78)
(65, 92)
(65, 113)
(65, 213)
(65, 118)
(65, 184)
(65, 220)
(65, 223)
(66, 130)
(66, 134)
(66, 136)
(66, 162)
(66, 241)
(66, 220)
(66, 184)
(66, 78)
(66, 86)
(66, 92)
(66, 225)
(66, 100)
(66, 103)
(66, 111)
(66, 113)
(66, 242)
(66, 244)
(67, 131)
(67, 145)
(67, 146)
(67, 148)
(67, 151)
(67, 160)
(67, 165)
(67, 176)
(67, 182)
(67, 199)
(67, 208)
(67, 210)
(67, 87)
(67, 104)
(67, 109)
(67, 116)
(67, 122)
(68, 128)
(68, 175)
(68, 185)
(68, 203)
(68, 78)
(68, 79)
(68, 213)
(68, 216)
(68, 90)
(68, 92)
(68, 223)
(68, 225)
(68, 229)
(68, 105)
(68, 107)
(68, 113)
(68, 118)
(68, 123)
(69, 133)
(69, 152)
(69, 156)
(69, 161)
(69, 170)
(69, 172)
(69, 189)
(69, 194)
(69, 200)
(69, 206)
(69, 88)
(69, 93)
(69, 94)
(69, 101)
(69, 231)
(69, 233)
(69, 238)
(69, 243)
(69, 249)
(70, 132)
(70, 138)
(70, 173)
(70, 174)
(70, 71)
(70, 201)
(70, 202)
(70, 77)
(70, 80)
(70, 81)
(70, 211)
(70, 89)
(70, 91)
(70, 221)
(70, 235)
(70, 114)
(70, 117)
(70, 248)
(70, 124)
(71, 155)
(71, 135)
(71, 75)
(71, 237)
(71, 205)
(71, 144)
(71, 173)
(71, 178)
(71, 211)
(71, 117)
(71, 115)
(71, 247)
(71, 248)
(71, 219)
(71, 124)
(71, 221)
(72, 133)
(72, 238)
(72, 157)
(72, 161)
(72, 168)
(72, 172)
(72, 177)
(72, 193)
(72, 195)
(72, 196)
(72, 76)
(72, 85)
(72, 217)
(72, 218)
(72, 224)
(72, 232)
(72, 110)
(72, 239)
(72, 112)
(72, 149)
(73, 135)
(73, 237)
(73, 146)
(73, 147)
(73, 155)
(73, 158)
(73, 166)
(73, 173)
(73, 180)
(73, 183)
(73, 186)
(73, 197)
(73, 75)
(73, 207)
(73, 81)
(73, 82)
(73, 214)
(73, 89)
(73, 95)
(73, 227)
(73, 228)
(73, 104)
(73, 236)
(73, 109)
(73, 240)
(73, 248)
(73, 122)
(73, 125)
(74, 139)
(74, 140)
(74, 143)
(74, 150)
(74, 157)
(74, 167)
(74, 168)
(74, 187)
(74, 191)
(74, 193)
(74, 196)
(74, 198)
(74, 76)
(74, 98)
(74, 209)
(74, 85)
(74, 217)
(74, 224)
(74, 226)
(74, 108)
(74, 112)
(75, 135)
(75, 144)
(75, 147)
(75, 155)
(75, 158)
(75, 173)
(75, 178)
(75, 180)
(75, 197)
(75, 207)
(75, 81)
(75, 82)
(75, 214)
(75, 89)
(75, 219)
(75, 221)
(75, 95)
(75, 236)
(75, 237)
(75, 117)
(75, 247)
(75, 248)
(75, 124)
(76, 140)
(76, 149)
(76, 157)
(76, 168)
(76, 191)
(76, 193)
(76, 139)
(76, 196)
(76, 198)
(76, 85)
(76, 217)
(76, 218)
(76, 224)
(76, 232)
(76, 110)
(76, 239)
(76, 112)
(77, 132)
(77, 214)
(77, 137)
(77, 163)
(77, 171)
(77, 173)
(77, 184)
(77, 197)
(77, 201)
(77, 80)
(77, 81)
(77, 86)
(77, 89)
(77, 220)
(77, 228)
(77, 235)
(77, 113)
(77, 114)
(77, 120)
(77, 124)
(78, 134)
(78, 136)
(78, 241)
(78, 220)
(78, 184)
(78, 201)
(78, 80)
(78, 213)
(78, 86)
(78, 92)
(78, 223)
(78, 107)
(78, 113)
(78, 118)
(79, 96)
(79, 229)
(79, 105)
(79, 203)
(79, 175)
(79, 216)
(79, 185)
(79, 90)
(79, 123)
(80, 235)
(80, 132)
(80, 138)
(80, 174)
(80, 184)
(80, 201)
(80, 202)
(80, 86)
(80, 220)
(80, 223)
(80, 107)
(80, 113)
(80, 114)
(81, 132)
(81, 135)
(81, 147)
(81, 155)
(81, 158)
(81, 166)
(81, 173)
(81, 186)
(81, 197)
(81, 207)
(81, 214)
(81, 89)
(81, 221)
(81, 95)
(81, 228)
(81, 235)
(81, 236)
(81, 237)
(81, 114)
(81, 117)
(81, 248)
(81, 124)
(81, 125)
(82, 135)
(82, 109)
(82, 147)
(82, 155)
(82, 158)
(82, 178)
(82, 180)
(82, 197)
(82, 199)
(82, 207)
(82, 219)
(82, 95)
(82, 104)
(82, 236)
(82, 237)
(82, 247)
(82, 248)
(82, 122)
(83, 84)
(83, 129)
(83, 98)
(83, 246)
(83, 108)
(83, 141)
(83, 145)
(83, 212)
(83, 150)
(83, 153)
(83, 154)
(83, 159)
(84, 129)
(84, 141)
(84, 145)
(84, 150)
(84, 153)
(84, 154)
(84, 159)
(84, 187)
(84, 188)
(84, 98)
(84, 212)
(84, 143)
(84, 226)
(84, 108)
(84, 246)
(84, 126)
(85, 140)
(85, 149)
(85, 157)
(85, 168)
(85, 191)
(85, 193)
(85, 139)
(85, 196)
(85, 198)
(85, 217)
(85, 218)
(85, 224)
(85, 232)
(85, 110)
(85, 239)
(85, 112)
(86, 132)
(86, 134)
(86, 136)
(86, 107)
(86, 163)
(86, 241)
(86, 220)
(86, 184)
(86, 201)
(86, 92)
(86, 223)
(86, 235)
(86, 111)
(86, 113)
(86, 114)
(86, 120)
(87, 129)
(87, 131)
(87, 141)
(87, 142)
(87, 143)
(87, 145)
(87, 146)
(87, 148)
(87, 151)
(87, 160)
(87, 165)
(87, 167)
(87, 176)
(87, 182)
(87, 187)
(87, 188)
(87, 190)
(87, 192)
(87, 204)
(87, 208)
(87, 209)
(87, 210)
(87, 102)
(87, 234)
(87, 108)
(87, 109)
(87, 116)
(87, 246)
(87, 122)
(87, 126)
(88, 161)
(88, 194)
(88, 133)
(88, 200)
(88, 172)
(88, 206)
(88, 177)
(88, 243)
(88, 238)
(88, 152)
(88, 156)
(88, 94)
(89, 132)
(89, 147)
(89, 173)
(89, 158)
(89, 197)
(89, 201)
(89, 207)
(89, 214)
(89, 221)
(89, 228)
(89, 235)
(89, 236)
(89, 237)
(89, 114)
(89, 117)
(89, 248)
(89, 124)
(90, 96)
(90, 229)
(90, 105)
(90, 203)
(90, 175)
(90, 215)
(90, 216)
(90, 185)
(90, 123)
(90, 92)
(91, 202)
(91, 235)
(91, 174)
(91, 211)
(91, 118)
(91, 138)
(92, 128)
(92, 134)
(92, 136)
(92, 241)
(92, 203)
(92, 185)
(92, 220)
(92, 223)
(92, 225)
(92, 107)
(92, 113)
(93, 162)
(93, 164)
(93, 170)
(93, 172)
(93, 249)
(93, 218)
(93, 94)
(93, 99)
(93, 100)
(93, 101)
(93, 231)
(93, 103)
(93, 189)
(93, 119)
(93, 121)
(94, 152)
(94, 156)
(94, 170)
(94, 189)
(94, 194)
(94, 200)
(94, 249)
(94, 101)
(94, 231)
(94, 233)
(94, 243)
(94, 121)
(95, 131)
(95, 135)
(95, 146)
(95, 147)
(95, 155)
(95, 158)
(95, 166)
(95, 180)
(95, 186)
(95, 197)
(95, 199)
(95, 207)
(95, 214)
(95, 228)
(95, 104)
(95, 236)
(95, 109)
(95, 240)
(95, 248)
(95, 122)
(95, 125)
(96, 128)
(96, 225)
(96, 229)
(96, 105)
(96, 203)
(96, 175)
(96, 215)
(96, 216)
(96, 185)
(96, 123)
(97, 128)
(97, 225)
(97, 162)
(97, 100)
(97, 230)
(97, 106)
(97, 203)
(97, 130)
(97, 244)
(97, 245)
(97, 215)
(97, 185)
(97, 127)
(98, 129)
(98, 140)
(98, 141)
(98, 150)
(98, 153)
(98, 154)
(98, 159)
(98, 187)
(98, 188)
(98, 191)
(98, 139)
(98, 204)
(98, 212)
(98, 143)
(98, 226)
(98, 108)
(98, 246)
(98, 126)
(99, 193)
(99, 164)
(99, 231)
(99, 169)
(99, 170)
(99, 119)
(99, 111)
(99, 121)
(99, 249)
(99, 218)
(99, 103)
(99, 222)
(100, 130)
(100, 162)
(100, 249)
(100, 225)
(100, 101)
(100, 230)
(100, 233)
(100, 106)
(100, 189)
(100, 242)
(100, 244)
(100, 245)
(100, 121)
(100, 127)
(101, 130)
(101, 152)
(101, 156)
(101, 162)
(101, 170)
(101, 249)
(101, 230)
(101, 231)
(101, 233)
(101, 106)
(101, 189)
(101, 245)
(101, 121)
(101, 127)
(102, 140)
(102, 141)
(102, 142)
(102, 143)
(102, 145)
(102, 146)
(102, 148)
(102, 151)
(102, 167)
(102, 182)
(102, 183)
(102, 187)
(102, 188)
(102, 190)
(102, 192)
(102, 204)
(102, 209)
(102, 227)
(102, 234)
(102, 108)
(102, 240)
(102, 116)
(102, 246)
(102, 126)
(103, 136)
(103, 162)
(103, 163)
(103, 164)
(103, 169)
(103, 170)
(103, 249)
(103, 218)
(103, 231)
(103, 111)
(103, 241)
(103, 242)
(103, 119)
(103, 121)
(104, 131)
(104, 147)
(104, 155)
(104, 166)
(104, 180)
(104, 158)
(104, 199)
(104, 207)
(104, 186)
(104, 236)
(104, 109)
(104, 122)
(104, 125)
(105, 229)
(105, 203)
(105, 175)
(105, 216)
(105, 185)
(105, 123)
(106, 128)
(106, 225)
(106, 162)
(106, 230)
(106, 233)
(106, 130)
(106, 242)
(106, 244)
(106, 245)
(106, 215)
(106, 127)
(107, 201)
(107, 235)
(107, 174)
(107, 113)
(107, 213)
(107, 118)
(107, 184)
(107, 220)
(107, 223)
(108, 129)
(108, 139)
(108, 140)
(108, 141)
(108, 142)
(108, 143)
(108, 145)
(108, 150)
(108, 151)
(108, 153)
(108, 154)
(108, 159)
(108, 167)
(108, 187)
(108, 188)
(108, 204)
(108, 209)
(108, 212)
(108, 226)
(108, 246)
(108, 126)
(109, 131)
(109, 142)
(109, 146)
(109, 148)
(109, 151)
(109, 160)
(109, 165)
(109, 166)
(109, 182)
(109, 186)
(109, 190)
(109, 192)
(109, 199)
(109, 207)
(109, 210)
(109, 214)
(109, 236)
(109, 240)
(109, 116)
(109, 122)
(109, 125)
(110, 133)
(110, 149)
(110, 157)
(110, 161)
(110, 168)
(110, 170)
(110, 172)
(110, 177)
(110, 193)
(110, 195)
(110, 200)
(110, 218)
(110, 224)
(110, 231)
(110, 232)
(110, 238)
(110, 239)
(111, 134)
(111, 136)
(111, 137)
(111, 162)
(111, 163)
(111, 164)
(111, 169)
(111, 184)
(111, 220)
(111, 241)
(111, 242)
(111, 244)
(111, 120)
(112, 224)
(112, 226)
(112, 198)
(112, 232)
(112, 139)
(112, 140)
(112, 168)
(112, 149)
(112, 217)
(112, 157)
(112, 191)
(113, 134)
(113, 136)
(113, 184)
(113, 201)
(113, 220)
(113, 223)
(113, 235)
(113, 241)
(113, 114)
(113, 118)
(114, 132)
(114, 137)
(114, 173)
(114, 174)
(114, 184)
(114, 197)
(114, 201)
(114, 202)
(114, 220)
(114, 223)
(114, 228)
(114, 235)
(114, 120)
(114, 124)
(115, 205)
(115, 144)
(115, 178)
(115, 117)
(115, 247)
(115, 219)
(116, 131)
(116, 141)
(116, 142)
(116, 143)
(116, 145)
(116, 146)
(116, 148)
(116, 151)
(116, 160)
(116, 165)
(116, 166)
(116, 167)
(116, 176)
(116, 182)
(116, 186)
(116, 187)
(116, 188)
(116, 190)
(116, 192)
(116, 204)
(116, 208)
(116, 209)
(116, 210)
(116, 234)
(116, 240)
(116, 246)
(116, 122)
(116, 126)
(117, 135)
(117, 144)
(117, 147)
(117, 155)
(117, 158)
(117, 173)
(117, 178)
(117, 197)
(117, 205)
(117, 211)
(117, 219)
(117, 221)
(117, 237)
(117, 247)
(117, 248)
(117, 124)
(118, 202)
(118, 174)
(118, 213)
(118, 138)
(118, 223)
(119, 193)
(119, 164)
(119, 231)
(119, 169)
(119, 170)
(119, 121)
(119, 249)
(119, 218)
(120, 132)
(120, 136)
(120, 137)
(120, 163)
(120, 169)
(120, 171)
(120, 179)
(120, 181)
(120, 184)
(120, 183)
(120, 220)
(120, 222)
(120, 227)
(120, 228)
(120, 241)
(121, 152)
(121, 162)
(121, 164)
(121, 170)
(121, 218)
(121, 231)
(121, 189)
(121, 242)
(121, 244)
(121, 245)
(121, 249)
(121, 127)
(122, 131)
(122, 142)
(122, 146)
(122, 148)
(122, 151)
(122, 160)
(122, 165)
(122, 166)
(122, 182)
(122, 183)
(122, 186)
(122, 190)
(122, 192)
(122, 199)
(122, 207)
(122, 210)
(122, 214)
(122, 236)
(122, 240)
(122, 125)
(123, 229)
(123, 203)
(123, 175)
(123, 216)
(123, 185)
(124, 132)
(124, 135)
(124, 147)
(124, 158)
(124, 173)
(124, 174)
(124, 197)
(124, 202)
(124, 207)
(124, 211)
(124, 221)
(124, 235)
(124, 237)
(124, 248)
(125, 146)
(125, 147)
(125, 148)
(125, 166)
(125, 171)
(125, 179)
(125, 182)
(125, 183)
(125, 186)
(125, 190)
(125, 192)
(125, 197)
(125, 207)
(125, 214)
(125, 227)
(125, 228)
(125, 236)
(125, 240)
(126, 129)
(126, 139)
(126, 140)
(126, 141)
(126, 142)
(126, 143)
(126, 145)
(126, 146)
(126, 148)
(126, 150)
(126, 151)
(126, 154)
(126, 160)
(126, 167)
(126, 182)
(126, 187)
(126, 188)
(126, 190)
(126, 192)
(126, 204)
(126, 209)
(126, 212)
(126, 234)
(126, 246)
(127, 130)
(127, 152)
(127, 162)
(127, 225)
(127, 230)
(127, 233)
(127, 189)
(127, 242)
(127, 244)
(127, 245)
(127, 249)
(128, 225)
(128, 162)
(128, 134)
(128, 203)
(128, 130)
(128, 242)
(128, 244)
(128, 215)
(128, 185)
(129, 141)
(129, 145)
(129, 150)
(129, 151)
(129, 153)
(129, 154)
(129, 159)
(129, 187)
(129, 188)
(129, 204)
(129, 208)
(129, 212)
(129, 143)
(129, 226)
(129, 246)
(130, 134)
(130, 162)
(130, 225)
(130, 230)
(130, 233)
(130, 242)
(130, 244)
(130, 245)
(131, 142)
(131, 145)
(131, 146)
(131, 148)
(131, 151)
(131, 165)
(131, 176)
(131, 182)
(131, 190)
(131, 192)
(131, 160)
(131, 199)
(131, 208)
(131, 210)
(132, 137)
(132, 147)
(132, 171)
(132, 173)
(132, 174)
(132, 184)
(132, 197)
(132, 201)
(132, 207)
(132, 214)
(132, 228)
(132, 235)
(133, 238)
(133, 161)
(133, 156)
(133, 172)
(133, 177)
(133, 194)
(133, 195)
(133, 200)
(133, 206)
(133, 239)
(133, 243)
(134, 136)
(134, 162)
(134, 220)
(134, 184)
(134, 185)
(134, 223)
(134, 225)
(134, 241)
(134, 242)
(134, 244)
(135, 147)
(135, 155)
(135, 173)
(135, 178)
(135, 180)
(135, 158)
(135, 197)
(135, 207)
(135, 219)
(135, 221)
(135, 144)
(135, 236)
(135, 237)
(135, 247)
(135, 248)
(136, 162)
(136, 163)
(136, 241)
(136, 220)
(136, 184)
(136, 223)
(136, 242)
(136, 244)
(137, 163)
(137, 169)
(137, 171)
(137, 179)
(137, 181)
(137, 184)
(137, 183)
(137, 214)
(137, 222)
(137, 227)
(137, 228)
(137, 240)
(138, 201)
(138, 202)
(138, 235)
(138, 174)
(138, 211)
(138, 213)
(139, 140)
(139, 143)
(139, 150)
(139, 157)
(139, 167)
(139, 191)
(139, 196)
(139, 198)
(139, 209)
(139, 217)
(139, 226)
(139, 187)
(139, 246)
(140, 143)
(140, 150)
(140, 157)
(140, 167)
(140, 187)
(140, 191)
(140, 193)
(140, 196)
(140, 198)
(140, 204)
(140, 209)
(140, 217)
(140, 226)
(140, 234)
(140, 246)
(141, 142)
(141, 143)
(141, 145)
(141, 150)
(141, 151)
(141, 153)
(141, 154)
(141, 159)
(141, 160)
(141, 176)
(141, 182)
(141, 187)
(141, 188)
(141, 192)
(141, 204)
(141, 208)
(141, 209)
(141, 212)
(141, 226)
(141, 246)
(142, 143)
(142, 145)
(142, 146)
(142, 148)
(142, 151)
(142, 160)
(142, 165)
(142, 167)
(142, 176)
(142, 182)
(142, 187)
(142, 188)
(142, 190)
(142, 192)
(142, 204)
(142, 208)
(142, 209)
(142, 210)
(142, 234)
(142, 240)
(142, 246)
(143, 145)
(143, 148)
(143, 150)
(143, 151)
(143, 154)
(143, 167)
(143, 182)
(143, 187)
(143, 188)
(143, 190)
(143, 192)
(143, 204)
(143, 209)
(143, 212)
(143, 226)
(143, 234)
(143, 246)
(144, 155)
(144, 205)
(144, 237)
(144, 178)
(144, 180)
(144, 247)
(144, 248)
(144, 219)
(144, 221)
(144, 158)
(145, 146)
(145, 148)
(145, 151)
(145, 153)
(145, 154)
(145, 165)
(145, 176)
(145, 182)
(145, 187)
(145, 188)
(145, 190)
(145, 192)
(145, 160)
(145, 204)
(145, 208)
(145, 210)
(145, 212)
(145, 246)
(146, 148)
(146, 151)
(146, 160)
(146, 165)
(146, 166)
(146, 176)
(146, 182)
(146, 183)
(146, 186)
(146, 188)
(146, 190)
(146, 192)
(146, 199)
(146, 204)
(146, 209)
(146, 210)
(146, 227)
(146, 234)
(146, 240)
(147, 155)
(147, 166)
(147, 173)
(147, 221)
(147, 180)
(147, 158)
(147, 197)
(147, 207)
(147, 214)
(147, 219)
(147, 186)
(147, 228)
(147, 236)
(147, 237)
(147, 240)
(147, 247)
(147, 248)
(148, 151)
(148, 160)
(148, 165)
(148, 166)
(148, 167)
(148, 176)
(148, 182)
(148, 183)
(148, 186)
(148, 187)
(148, 188)
(148, 190)
(148, 192)
(148, 204)
(148, 209)
(148, 210)
(148, 227)
(148, 234)
(148, 240)
(148, 246)
(149, 224)
(149, 195)
(149, 198)
(149, 232)
(149, 239)
(149, 177)
(149, 217)
(149, 168)
(149, 157)
(149, 191)
(150, 154)
(150, 159)
(150, 187)
(150, 191)
(150, 198)
(150, 217)
(150, 226)
(150, 246)
(150, 212)
(151, 165)
(151, 167)
(151, 176)
(151, 182)
(151, 187)
(151, 188)
(151, 190)
(151, 192)
(151, 160)
(151, 204)
(151, 208)
(151, 209)
(151, 210)
(151, 234)
(151, 240)
(151, 246)
(152, 194)
(152, 230)
(152, 200)
(152, 233)
(152, 243)
(152, 245)
(152, 249)
(152, 156)
(152, 189)
(153, 208)
(153, 212)
(153, 246)
(153, 154)
(153, 159)
(154, 159)
(154, 187)
(154, 188)
(154, 212)
(154, 226)
(154, 246)
(155, 173)
(155, 178)
(155, 180)
(155, 158)
(155, 197)
(155, 207)
(155, 219)
(155, 221)
(155, 236)
(155, 237)
(155, 247)
(155, 248)
(156, 194)
(156, 200)
(156, 233)
(156, 206)
(156, 243)
(156, 189)
(157, 168)
(157, 193)
(157, 196)
(157, 198)
(157, 217)
(157, 218)
(157, 224)
(157, 232)
(157, 239)
(157, 191)
(158, 173)
(158, 178)
(158, 180)
(158, 197)
(158, 207)
(158, 214)
(158, 219)
(158, 221)
(158, 236)
(158, 237)
(158, 247)
(158, 248)
(159, 212)
(159, 246)
(160, 165)
(160, 176)
(160, 182)
(160, 188)
(160, 192)
(160, 199)
(160, 208)
(160, 210)
(160, 246)
(161, 194)
(161, 195)
(161, 200)
(161, 172)
(161, 206)
(161, 239)
(161, 177)
(161, 238)
(162, 225)
(162, 230)
(162, 241)
(162, 242)
(162, 244)
(162, 245)
(162, 249)
(163, 164)
(163, 169)
(163, 171)
(163, 179)
(163, 181)
(163, 184)
(163, 183)
(163, 220)
(163, 222)
(163, 227)
(163, 228)
(163, 241)
(164, 193)
(164, 231)
(164, 169)
(164, 170)
(164, 179)
(164, 181)
(164, 249)
(164, 218)
(164, 222)
(165, 176)
(165, 182)
(165, 199)
(165, 208)
(165, 210)
(166, 171)
(166, 182)
(166, 183)
(166, 186)
(166, 190)
(166, 192)
(166, 197)
(166, 207)
(166, 214)
(166, 227)
(166, 228)
(166, 236)
(166, 240)
(167, 182)
(167, 188)
(167, 190)
(167, 192)
(167, 196)
(167, 204)
(167, 209)
(167, 227)
(167, 234)
(167, 187)
(167, 246)
(168, 224)
(168, 195)
(168, 198)
(168, 232)
(168, 239)
(168, 217)
(168, 191)
(169, 227)
(169, 171)
(169, 179)
(169, 181)
(169, 218)
(169, 222)
(170, 172)
(170, 189)
(170, 218)
(170, 231)
(170, 238)
(170, 239)
(170, 249)
(171, 179)
(171, 181)
(171, 184)
(171, 186)
(171, 183)
(171, 214)
(171, 222)
(171, 227)
(171, 228)
(171, 240)
(172, 238)
(172, 177)
(172, 194)
(172, 195)
(172, 200)
(172, 206)
(172, 218)
(172, 224)
(172, 231)
(172, 239)
(173, 197)
(173, 207)
(173, 214)
(173, 219)
(173, 221)
(173, 235)
(173, 236)
(173, 237)
(173, 247)
(173, 248)
(174, 201)
(174, 202)
(174, 235)
(174, 211)
(175, 229)
(175, 203)
(175, 215)
(175, 216)
(175, 185)
(176, 188)
(176, 192)
(176, 182)
(176, 199)
(176, 208)
(176, 210)
(177, 224)
(177, 194)
(177, 195)
(177, 232)
(177, 206)
(177, 239)
(177, 200)
(177, 238)
(178, 205)
(178, 237)
(178, 180)
(178, 247)
(178, 248)
(178, 219)
(178, 221)
(179, 227)
(179, 228)
(179, 234)
(179, 240)
(179, 181)
(179, 183)
(179, 186)
(179, 222)
(180, 237)
(180, 247)
(180, 248)
(180, 219)
(180, 221)
(181, 227)
(181, 228)
(181, 234)
(181, 240)
(181, 183)
(181, 186)
(181, 222)
(182, 183)
(182, 186)
(182, 187)
(182, 188)
(182, 190)
(182, 192)
(182, 204)
(182, 209)
(182, 210)
(182, 227)
(182, 234)
(182, 240)
(182, 246)
(183, 186)
(183, 190)
(183, 192)
(183, 207)
(183, 214)
(183, 222)
(183, 227)
(183, 228)
(183, 234)
(183, 236)
(183, 240)
(184, 201)
(184, 220)
(184, 223)
(184, 235)
(184, 241)
(185, 225)
(185, 229)
(185, 203)
(185, 215)
(185, 216)
(186, 190)
(186, 192)
(186, 197)
(186, 207)
(186, 214)
(186, 227)
(186, 228)
(186, 236)
(186, 240)
(187, 190)
(187, 192)
(187, 204)
(187, 209)
(187, 212)
(187, 226)
(187, 188)
(187, 234)
(187, 246)
(188, 190)
(188, 192)
(188, 204)
(188, 208)
(188, 209)
(188, 210)
(188, 212)
(188, 234)
(188, 246)
(189, 194)
(189, 249)
(189, 230)
(189, 231)
(189, 233)
(189, 243)
(189, 245)
(190, 192)
(190, 204)
(190, 209)
(190, 227)
(190, 234)
(190, 240)
(191, 193)
(191, 196)
(191, 198)
(191, 217)
(191, 224)
(191, 226)
(191, 232)
(192, 204)
(192, 209)
(192, 227)
(192, 234)
(192, 240)
(192, 246)
(193, 196)
(193, 198)
(193, 218)
(193, 224)
(193, 239)
(194, 200)
(194, 206)
(194, 243)
(194, 238)
(195, 224)
(195, 232)
(195, 238)
(195, 239)
(196, 198)
(196, 209)
(196, 217)
(196, 218)
(196, 224)
(197, 207)
(197, 214)
(197, 221)
(197, 228)
(197, 236)
(197, 237)
(197, 247)
(197, 248)
(198, 217)
(198, 224)
(198, 226)
(198, 232)
(199, 210)
(200, 206)
(200, 243)
(200, 238)
(201, 202)
(201, 220)
(201, 223)
(201, 235)
(202, 235)
(202, 211)
(203, 225)
(203, 229)
(203, 215)
(203, 216)
(204, 209)
(204, 234)
(204, 240)
(204, 246)
(205, 247)
(205, 219)
(205, 221)
(206, 238)
(206, 243)
(207, 214)
(207, 221)
(207, 228)
(207, 236)
(207, 237)
(207, 240)
(207, 248)
(208, 210)
(208, 246)
(209, 227)
(209, 234)
(209, 246)
(211, 235)
(211, 221)
(212, 226)
(212, 246)
(213, 223)
(214, 227)
(214, 228)
(214, 236)
(214, 240)
(214, 248)
(215, 225)
(215, 229)
(215, 216)
(216, 229)
(217, 224)
(217, 226)
(217, 232)
(218, 249)
(218, 231)
(218, 239)
(219, 237)
(219, 247)
(219, 248)
(219, 221)
(220, 223)
(220, 241)
(220, 242)
(221, 237)
(221, 247)
(221, 248)
(222, 227)
(222, 228)
(222, 234)
(222, 240)
(223, 241)
(223, 235)
(224, 232)
(224, 239)
(225, 242)
(225, 244)
(227, 228)
(227, 234)
(227, 236)
(227, 240)
(228, 236)
(228, 240)
(230, 233)
(230, 244)
(230, 245)
(231, 249)
(231, 238)
(232, 239)
(233, 245)
(234, 240)
(234, 246)
(236, 237)
(236, 240)
(236, 248)
(237, 247)
(237, 248)
(238, 239)
(238, 243)
(241, 242)
(241, 244)
(242, 244)
(242, 245)
(244, 245)
(247, 248)
