#Nodes
0
1
2
3
4
5
6
7
8
9
10
11
12
13
14
15
16
17
18
19
20
21
22
23
24
25
26
27
28
29
30
31
32
33
34
35
36
37
38
39
40
41
42
43
44
45
46
47
48
49
50
51
52
53
54
55
56
57
58
59
60
61
62
63
64
65
66
67
68
69
70
71
72
73
74
75
76
77
78
79
80
81
82
83
84
85
86
87
88
89
90
91
92
93
94
95
96
97
98
99
100
101
102
103
104
105
106
107
108
109
110
111
112
113
114
115
116
117
118
119
120
121
122
123
124
125
126
127
128
129
130
131
132
133
134
135
136
137
138
139
140
141
142
143
144
145
146
147
148
149
150
151
152
153
154
155
156
157
158
159
160
161
162
163
164
165
166
167
168
169
170
171
172
173
174
175
176
177
178
179
180
181
182
183
184
185
186
187
188
189
190
191
192
193
194
195
196
197
198
199
200
201
202
203
204
205
206
207
208
209
210
211
212
213
214
215
216
217
218
219
220
221
222
223
224
225
226
227
228
229
230
231
232
233
234
235
236
237
238
239
240
241
242
243
244
245
246
247
248
249
#Edges
(0, 7)
(0, 145)
(0, 18)
(0, 20)
(0, 24)
(0, 31)
(0, 161)
(0, 162)
(0, 37)
(0, 167)
(0, 170)
(0, 173)
(0, 176)
(0, 186)
(0, 62)
(0, 64)
(0, 196)
(0, 206)
(0, 218)
(0, 95)
(0, 98)
(0, 105)
(0, 234)
(0, 236)
(0, 238)
(0, 112)
(0, 124)
(1, 128)
(1, 6)
(1, 14)
(1, 152)
(1, 33)
(1, 165)
(1, 45)
(1, 49)
(1, 182)
(1, 183)
(1, 56)
(1, 185)
(1, 195)
(1, 203)
(1, 221)
(1, 223)
(1, 224)
(1, 229)
(1, 109)
(1, 114)
(1, 119)
(1, 122)
(1, 126)
(1, 127)
(2, 128)
(2, 6)
(2, 139)
(2, 14)
(2, 143)
(2, 22)
(2, 151)
(2, 152)
(2, 155)
(2, 33)
(2, 27)
(2, 165)
(2, 171)
(2, 45)
(2, 178)
(2, 181)
(2, 182)
(2, 183)
(2, 56)
(2, 191)
(2, 66)
(2, 11)
(2, 79)
(2, 212)
(2, 92)
(2, 223)
(2, 229)
(2, 231)
(2, 114)
(2, 127)
(3, 160)
(3, 112)
(3, 98)
(3, 43)
(3, 38)
(3, 198)
(3, 199)
(3, 105)
(3, 135)
(3, 238)
(3, 240)
(3, 242)
(3, 116)
(3, 53)
(3, 214)
(3, 247)
(3, 153)
(3, 26)
(3, 187)
(3, 124)
(3, 62)
(4, 132)
(4, 133)
(4, 134)
(4, 136)
(4, 9)
(4, 144)
(4, 17)
(4, 156)
(4, 29)
(4, 163)
(4, 36)
(4, 41)
(4, 50)
(4, 180)
(4, 57)
(4, 58)
(4, 59)
(4, 193)
(4, 68)
(4, 69)
(4, 100)
(4, 97)
(4, 200)
(4, 75)
(4, 205)
(4, 81)
(4, 210)
(4, 35)
(4, 84)
(4, 215)
(4, 217)
(4, 225)
(4, 99)
(4, 228)
(4, 102)
(4, 233)
(4, 237)
(4, 111)
(4, 113)
(4, 243)
(4, 117)
(4, 120)
(5, 35)
(5, 68)
(5, 134)
(5, 113)
(5, 200)
(5, 136)
(5, 243)
(5, 17)
(6, 128)
(6, 139)
(6, 14)
(6, 152)
(6, 33)
(6, 165)
(6, 49)
(6, 182)
(6, 183)
(6, 56)
(6, 185)
(6, 66)
(6, 195)
(6, 11)
(6, 221)
(6, 223)
(6, 224)
(6, 229)
(6, 109)
(6, 114)
(6, 119)
(6, 122)
(6, 126)
(6, 127)
(7, 135)
(7, 12)
(7, 145)
(7, 18)
(7, 148)
(7, 150)
(7, 24)
(7, 161)
(7, 170)
(7, 46)
(7, 176)
(7, 186)
(7, 192)
(7, 65)
(7, 67)
(7, 206)
(7, 89)
(7, 218)
(7, 227)
(7, 234)
(7, 236)
(7, 238)
(7, 112)
(7, 246)
(7, 121)
(7, 124)
(7, 106)
(8, 130)
(8, 131)
(8, 9)
(8, 142)
(8, 146)
(8, 19)
(8, 156)
(8, 163)
(8, 36)
(8, 40)
(8, 174)
(8, 180)
(8, 54)
(8, 52)
(8, 63)
(8, 193)
(8, 75)
(8, 205)
(8, 207)
(8, 81)
(8, 215)
(8, 88)
(8, 225)
(8, 99)
(8, 100)
(8, 102)
(8, 104)
(8, 233)
(8, 239)
(9, 130)
(9, 131)
(9, 133)
(9, 136)
(9, 142)
(9, 17)
(9, 19)
(9, 156)
(9, 157)
(9, 163)
(9, 36)
(9, 40)
(9, 174)
(9, 180)
(9, 58)
(9, 59)
(9, 63)
(9, 193)
(9, 68)
(9, 69)
(9, 97)
(9, 75)
(9, 205)
(9, 81)
(9, 210)
(9, 215)
(9, 100)
(9, 225)
(9, 99)
(9, 228)
(9, 102)
(9, 233)
(9, 111)
(9, 243)
(9, 245)
(10, 129)
(10, 66)
(10, 123)
(10, 231)
(10, 201)
(10, 107)
(10, 80)
(10, 27)
(10, 212)
(10, 11)
(10, 55)
(10, 155)
(10, 190)
(10, 191)
(11, 129)
(11, 139)
(11, 152)
(11, 155)
(11, 27)
(11, 165)
(11, 171)
(11, 49)
(11, 181)
(11, 183)
(11, 56)
(11, 190)
(11, 191)
(11, 66)
(11, 55)
(11, 79)
(11, 212)
(11, 92)
(11, 221)
(11, 223)
(11, 231)
(11, 107)
(11, 109)
(11, 114)
(11, 123)
(11, 127)
(12, 135)
(12, 148)
(12, 21)
(12, 150)
(12, 32)
(12, 168)
(12, 169)
(12, 46)
(12, 192)
(12, 65)
(12, 67)
(12, 206)
(12, 85)
(12, 214)
(12, 89)
(12, 218)
(12, 227)
(12, 230)
(12, 106)
(12, 236)
(12, 238)
(12, 112)
(12, 246)
(12, 121)
(12, 124)
(13, 138)
(13, 15)
(13, 16)
(13, 149)
(13, 158)
(13, 34)
(13, 39)
(13, 172)
(13, 51)
(13, 71)
(13, 72)
(13, 201)
(13, 204)
(13, 208)
(13, 209)
(13, 82)
(13, 83)
(13, 87)
(13, 219)
(13, 101)
(13, 232)
(13, 108)
(13, 110)
(13, 244)
(13, 249)
(14, 128)
(14, 139)
(14, 22)
(14, 152)
(14, 33)
(14, 165)
(14, 45)
(14, 178)
(14, 182)
(14, 183)
(14, 56)
(14, 185)
(14, 66)
(14, 195)
(14, 203)
(14, 223)
(14, 224)
(14, 229)
(14, 109)
(14, 114)
(14, 119)
(14, 122)
(14, 126)
(14, 127)
(15, 172)
(15, 138)
(15, 16)
(15, 149)
(15, 23)
(15, 158)
(15, 34)
(15, 166)
(15, 42)
(15, 44)
(15, 51)
(15, 197)
(15, 71)
(15, 72)
(15, 201)
(15, 204)
(15, 78)
(15, 208)
(15, 209)
(15, 83)
(15, 96)
(15, 110)
(15, 76)
(15, 244)
(15, 249)
(15, 125)
(16, 129)
(16, 80)
(16, 232)
(16, 201)
(16, 55)
(16, 204)
(16, 110)
(16, 47)
(16, 208)
(16, 72)
(16, 83)
(16, 244)
(16, 158)
(16, 87)
(16, 219)
(16, 190)
(17, 130)
(17, 134)
(17, 136)
(17, 157)
(17, 36)
(17, 40)
(17, 180)
(17, 63)
(17, 68)
(17, 69)
(17, 200)
(17, 205)
(17, 81)
(17, 99)
(17, 102)
(17, 111)
(17, 113)
(17, 243)
(17, 245)
(18, 161)
(18, 162)
(18, 67)
(18, 37)
(18, 112)
(18, 234)
(18, 236)
(18, 206)
(18, 176)
(18, 145)
(18, 238)
(18, 170)
(18, 24)
(18, 121)
(18, 218)
(18, 124)
(18, 186)
(18, 95)
(19, 130)
(19, 131)
(19, 142)
(19, 146)
(19, 156)
(19, 163)
(19, 36)
(19, 40)
(19, 174)
(19, 180)
(19, 189)
(19, 63)
(19, 205)
(19, 207)
(19, 81)
(19, 225)
(19, 99)
(19, 100)
(19, 102)
(19, 111)
(19, 245)
(20, 132)
(20, 144)
(20, 24)
(20, 29)
(20, 31)
(20, 161)
(20, 162)
(20, 37)
(20, 167)
(20, 173)
(20, 176)
(20, 50)
(20, 57)
(20, 64)
(20, 213)
(20, 216)
(20, 217)
(20, 95)
(20, 234)
(20, 235)
(20, 120)
(21, 65)
(21, 227)
(21, 106)
(21, 67)
(21, 148)
(21, 150)
(21, 89)
(21, 121)
(22, 128)
(22, 143)
(22, 151)
(22, 152)
(22, 26)
(22, 30)
(22, 159)
(22, 160)
(22, 33)
(22, 38)
(22, 45)
(22, 178)
(22, 182)
(22, 184)
(22, 202)
(22, 203)
(22, 214)
(22, 90)
(22, 229)
(22, 230)
(22, 240)
(22, 114)
(22, 116)
(22, 119)
(22, 247)
(23, 44)
(23, 138)
(23, 142)
(23, 149)
(23, 158)
(23, 34)
(23, 166)
(23, 42)
(23, 172)
(23, 174)
(23, 177)
(23, 51)
(23, 52)
(23, 54)
(23, 61)
(23, 71)
(23, 72)
(23, 76)
(23, 208)
(23, 209)
(23, 88)
(23, 94)
(23, 96)
(23, 104)
(23, 110)
(23, 239)
(23, 118)
(23, 125)
(24, 145)
(24, 161)
(24, 162)
(24, 37)
(24, 167)
(24, 170)
(24, 176)
(24, 186)
(24, 62)
(24, 64)
(24, 67)
(24, 206)
(24, 218)
(24, 95)
(24, 98)
(24, 105)
(24, 234)
(24, 236)
(24, 238)
(24, 112)
(24, 121)
(24, 124)
(25, 137)
(25, 140)
(25, 141)
(25, 146)
(25, 149)
(25, 164)
(25, 48)
(25, 177)
(25, 52)
(25, 222)
(25, 188)
(25, 189)
(25, 194)
(25, 73)
(25, 74)
(25, 207)
(25, 82)
(25, 86)
(25, 88)
(25, 91)
(25, 220)
(25, 94)
(25, 60)
(25, 108)
(25, 61)
(25, 241)
(25, 115)
(25, 248)
(26, 135)
(26, 151)
(26, 153)
(26, 159)
(26, 160)
(26, 38)
(26, 168)
(26, 169)
(26, 43)
(26, 178)
(26, 184)
(26, 62)
(26, 192)
(26, 198)
(26, 199)
(26, 202)
(26, 85)
(26, 214)
(26, 230)
(26, 238)
(26, 240)
(26, 242)
(26, 116)
(26, 246)
(26, 247)
(26, 124)
(27, 129)
(27, 139)
(27, 155)
(27, 158)
(27, 171)
(27, 181)
(27, 55)
(27, 190)
(27, 191)
(27, 66)
(27, 201)
(27, 204)
(27, 79)
(27, 80)
(27, 212)
(27, 92)
(27, 223)
(27, 231)
(27, 107)
(27, 244)
(27, 249)
(27, 123)
(28, 115)
(28, 164)
(28, 101)
(28, 39)
(28, 232)
(28, 137)
(28, 74)
(28, 108)
(28, 82)
(28, 77)
(28, 175)
(28, 241)
(28, 91)
(28, 211)
(28, 147)
(28, 87)
(28, 219)
(28, 188)
(28, 93)
(29, 132)
(29, 133)
(29, 144)
(29, 31)
(29, 35)
(29, 167)
(29, 41)
(29, 173)
(29, 50)
(29, 57)
(29, 58)
(29, 59)
(29, 64)
(29, 193)
(29, 69)
(29, 210)
(29, 84)
(29, 213)
(29, 216)
(29, 217)
(29, 95)
(29, 97)
(29, 228)
(29, 235)
(29, 237)
(29, 117)
(29, 120)
(30, 192)
(30, 32)
(30, 246)
(30, 230)
(30, 135)
(30, 168)
(30, 169)
(30, 202)
(30, 46)
(30, 240)
(30, 85)
(30, 214)
(30, 247)
(30, 184)
(30, 154)
(30, 38)
(30, 70)
(30, 90)
(30, 159)
(31, 132)
(31, 144)
(31, 37)
(31, 167)
(31, 41)
(31, 173)
(31, 176)
(31, 50)
(31, 57)
(31, 64)
(31, 213)
(31, 216)
(31, 217)
(31, 95)
(31, 228)
(31, 234)
(31, 235)
(31, 117)
(31, 120)
(32, 192)
(32, 65)
(32, 227)
(32, 246)
(32, 230)
(32, 135)
(32, 168)
(32, 169)
(32, 202)
(32, 46)
(32, 148)
(32, 85)
(32, 214)
(32, 154)
(32, 70)
(32, 106)
(32, 150)
(33, 128)
(33, 139)
(33, 151)
(33, 152)
(33, 159)
(33, 165)
(33, 171)
(33, 45)
(33, 178)
(33, 181)
(33, 182)
(33, 183)
(33, 56)
(33, 195)
(33, 203)
(33, 90)
(33, 223)
(33, 224)
(33, 229)
(33, 109)
(33, 114)
(33, 119)
(33, 122)
(33, 126)
(33, 127)
(34, 149)
(34, 158)
(34, 39)
(34, 172)
(34, 177)
(34, 51)
(34, 52)
(34, 188)
(34, 61)
(34, 71)
(34, 72)
(34, 73)
(34, 208)
(34, 209)
(34, 82)
(34, 83)
(34, 88)
(34, 219)
(34, 220)
(34, 94)
(34, 101)
(34, 104)
(34, 60)
(34, 108)
(34, 110)
(34, 239)
(34, 115)
(34, 244)
(34, 248)
(34, 125)
(35, 68)
(35, 228)
(35, 69)
(35, 134)
(35, 113)
(35, 200)
(35, 41)
(35, 144)
(35, 136)
(35, 210)
(35, 243)
(35, 213)
(35, 216)
(35, 217)
(35, 59)
(35, 117)
(36, 130)
(36, 131)
(36, 133)
(36, 136)
(36, 157)
(36, 163)
(36, 40)
(36, 180)
(36, 63)
(36, 193)
(36, 68)
(36, 69)
(36, 205)
(36, 81)
(36, 225)
(36, 99)
(36, 100)
(36, 102)
(36, 111)
(36, 243)
(36, 245)
(37, 64)
(37, 161)
(37, 162)
(37, 167)
(37, 234)
(37, 235)
(37, 173)
(37, 176)
(37, 145)
(37, 50)
(37, 216)
(37, 57)
(37, 186)
(37, 170)
(37, 95)
(38, 135)
(38, 151)
(38, 153)
(38, 159)
(38, 160)
(38, 168)
(38, 43)
(38, 45)
(38, 178)
(38, 182)
(38, 184)
(38, 199)
(38, 202)
(38, 214)
(38, 90)
(38, 230)
(38, 240)
(38, 242)
(38, 116)
(38, 247)
(39, 137)
(39, 140)
(39, 147)
(39, 149)
(39, 219)
(39, 164)
(39, 175)
(39, 177)
(39, 51)
(39, 188)
(39, 72)
(39, 73)
(39, 74)
(39, 77)
(39, 208)
(39, 82)
(39, 211)
(39, 87)
(39, 91)
(39, 220)
(39, 93)
(39, 101)
(39, 232)
(39, 60)
(39, 108)
(39, 110)
(39, 241)
(39, 115)
(39, 248)
(40, 130)
(40, 131)
(40, 142)
(40, 157)
(40, 163)
(40, 174)
(40, 180)
(40, 189)
(40, 63)
(40, 205)
(40, 207)
(40, 81)
(40, 225)
(40, 99)
(40, 100)
(40, 102)
(40, 111)
(40, 245)
(41, 132)
(41, 133)
(41, 134)
(41, 144)
(41, 173)
(41, 50)
(41, 180)
(41, 57)
(41, 58)
(41, 59)
(41, 193)
(41, 69)
(41, 200)
(41, 210)
(41, 213)
(41, 216)
(41, 217)
(41, 97)
(41, 228)
(41, 235)
(41, 237)
(41, 113)
(41, 243)
(41, 117)
(41, 120)
(42, 44)
(42, 138)
(42, 158)
(42, 166)
(42, 71)
(42, 172)
(42, 53)
(42, 54)
(42, 187)
(42, 197)
(42, 198)
(42, 199)
(42, 76)
(42, 78)
(42, 209)
(42, 96)
(42, 103)
(42, 104)
(42, 239)
(42, 118)
(42, 249)
(42, 125)
(43, 135)
(43, 145)
(43, 153)
(43, 160)
(43, 240)
(43, 162)
(43, 168)
(43, 62)
(43, 198)
(43, 199)
(43, 214)
(43, 98)
(43, 230)
(43, 238)
(43, 112)
(43, 242)
(43, 116)
(43, 246)
(43, 247)
(43, 124)
(44, 138)
(44, 158)
(44, 166)
(44, 71)
(44, 172)
(44, 181)
(44, 187)
(44, 53)
(44, 197)
(44, 199)
(44, 76)
(44, 78)
(44, 79)
(44, 209)
(44, 143)
(44, 96)
(44, 103)
(44, 110)
(44, 118)
(44, 249)
(44, 125)
(45, 128)
(45, 139)
(45, 143)
(45, 151)
(45, 152)
(45, 159)
(45, 160)
(45, 165)
(45, 178)
(45, 181)
(45, 182)
(45, 183)
(45, 184)
(45, 202)
(45, 203)
(45, 79)
(45, 90)
(45, 223)
(45, 229)
(45, 114)
(45, 119)
(45, 122)
(45, 127)
(45, 247)
(46, 135)
(46, 148)
(46, 150)
(46, 154)
(46, 168)
(46, 169)
(46, 192)
(46, 65)
(46, 70)
(46, 202)
(46, 85)
(46, 214)
(46, 89)
(46, 227)
(46, 230)
(46, 106)
(46, 236)
(46, 246)
(47, 129)
(47, 232)
(47, 201)
(47, 175)
(47, 80)
(47, 83)
(47, 244)
(47, 87)
(47, 190)
(48, 137)
(48, 140)
(48, 141)
(48, 146)
(48, 147)
(48, 149)
(48, 164)
(48, 177)
(48, 51)
(48, 52)
(48, 222)
(48, 188)
(48, 189)
(48, 194)
(48, 73)
(48, 74)
(48, 207)
(48, 82)
(48, 86)
(48, 88)
(48, 91)
(48, 220)
(48, 94)
(48, 101)
(48, 60)
(48, 108)
(48, 61)
(48, 241)
(48, 115)
(48, 248)
(49, 224)
(49, 165)
(49, 66)
(49, 195)
(49, 229)
(49, 107)
(49, 109)
(49, 56)
(49, 179)
(49, 183)
(49, 152)
(49, 185)
(49, 122)
(49, 127)
(49, 221)
(49, 126)
(49, 223)
(50, 132)
(50, 133)
(50, 144)
(50, 167)
(50, 173)
(50, 57)
(50, 58)
(50, 59)
(50, 64)
(50, 193)
(50, 196)
(50, 69)
(50, 210)
(50, 84)
(50, 213)
(50, 216)
(50, 217)
(50, 95)
(50, 97)
(50, 226)
(50, 228)
(50, 235)
(50, 237)
(50, 117)
(50, 120)
(51, 140)
(51, 141)
(51, 146)
(51, 149)
(51, 172)
(51, 177)
(51, 52)
(51, 222)
(51, 188)
(51, 61)
(51, 71)
(51, 72)
(51, 73)
(51, 208)
(51, 209)
(51, 82)
(51, 83)
(51, 88)
(51, 220)
(51, 94)
(51, 101)
(51, 104)
(51, 60)
(51, 108)
(51, 110)
(51, 239)
(51, 115)
(51, 248)
(51, 125)
(52, 140)
(52, 141)
(52, 142)
(52, 146)
(52, 149)
(52, 156)
(52, 174)
(52, 177)
(52, 222)
(52, 54)
(52, 60)
(52, 61)
(52, 73)
(52, 209)
(52, 88)
(52, 220)
(52, 94)
(52, 225)
(52, 100)
(52, 104)
(52, 110)
(52, 239)
(52, 248)
(52, 125)
(53, 96)
(53, 197)
(53, 198)
(53, 199)
(53, 138)
(53, 103)
(53, 76)
(53, 78)
(53, 143)
(53, 242)
(53, 116)
(53, 118)
(53, 249)
(53, 187)
(53, 166)
(54, 225)
(54, 226)
(54, 163)
(54, 100)
(54, 166)
(54, 104)
(54, 233)
(54, 75)
(54, 174)
(54, 239)
(54, 84)
(54, 142)
(54, 118)
(54, 215)
(54, 88)
(54, 156)
(54, 125)
(55, 129)
(55, 138)
(55, 139)
(55, 155)
(55, 158)
(55, 171)
(55, 181)
(55, 190)
(55, 191)
(55, 66)
(55, 201)
(55, 204)
(55, 79)
(55, 80)
(55, 83)
(55, 212)
(55, 92)
(55, 231)
(55, 107)
(55, 244)
(55, 249)
(55, 123)
(56, 128)
(56, 139)
(56, 152)
(56, 165)
(56, 182)
(56, 183)
(56, 185)
(56, 66)
(56, 195)
(56, 203)
(56, 221)
(56, 223)
(56, 224)
(56, 229)
(56, 109)
(56, 114)
(56, 119)
(56, 122)
(56, 126)
(56, 127)
(57, 132)
(57, 133)
(57, 144)
(57, 167)
(57, 173)
(57, 58)
(57, 59)
(57, 64)
(57, 193)
(57, 69)
(57, 210)
(57, 213)
(57, 216)
(57, 217)
(57, 95)
(57, 97)
(57, 228)
(57, 235)
(57, 237)
(57, 117)
(57, 120)
(58, 132)
(58, 133)
(58, 144)
(58, 156)
(58, 163)
(58, 173)
(58, 180)
(58, 59)
(58, 193)
(58, 69)
(58, 100)
(58, 97)
(58, 75)
(58, 210)
(58, 84)
(58, 215)
(58, 217)
(58, 225)
(58, 226)
(58, 228)
(58, 102)
(58, 233)
(58, 237)
(58, 117)
(58, 120)
(59, 132)
(59, 133)
(59, 134)
(59, 136)
(59, 144)
(59, 180)
(59, 193)
(59, 68)
(59, 69)
(59, 200)
(59, 210)
(59, 213)
(59, 216)
(59, 217)
(59, 97)
(59, 228)
(59, 102)
(59, 235)
(59, 237)
(59, 113)
(59, 243)
(59, 117)
(59, 120)
(60, 137)
(60, 140)
(60, 141)
(60, 146)
(60, 147)
(60, 149)
(60, 219)
(60, 164)
(60, 177)
(60, 222)
(60, 188)
(60, 61)
(60, 194)
(60, 73)
(60, 74)
(60, 82)
(60, 211)
(60, 86)
(60, 88)
(60, 91)
(60, 220)
(60, 94)
(60, 101)
(60, 108)
(60, 241)
(60, 115)
(60, 248)
(61, 140)
(61, 141)
(61, 142)
(61, 146)
(61, 149)
(61, 174)
(61, 177)
(61, 222)
(61, 188)
(61, 71)
(61, 73)
(61, 208)
(61, 209)
(61, 82)
(61, 86)
(61, 88)
(61, 91)
(61, 220)
(61, 94)
(61, 104)
(61, 108)
(61, 110)
(61, 239)
(61, 241)
(61, 115)
(61, 248)
(61, 125)
(62, 135)
(62, 145)
(62, 153)
(62, 160)
(62, 161)
(62, 162)
(62, 240)
(62, 64)
(62, 196)
(62, 198)
(62, 214)
(62, 98)
(62, 105)
(62, 236)
(62, 238)
(62, 112)
(62, 242)
(62, 116)
(62, 247)
(62, 124)
(63, 130)
(63, 131)
(63, 157)
(63, 163)
(63, 180)
(63, 189)
(63, 68)
(63, 205)
(63, 207)
(63, 81)
(63, 225)
(63, 99)
(63, 100)
(63, 102)
(63, 111)
(63, 245)
(64, 132)
(64, 145)
(64, 161)
(64, 162)
(64, 167)
(64, 173)
(64, 176)
(64, 196)
(64, 98)
(64, 84)
(64, 95)
(64, 226)
(64, 105)
(64, 234)
(64, 235)
(64, 237)
(64, 238)
(64, 112)
(64, 120)
(64, 124)
(65, 135)
(65, 148)
(65, 150)
(65, 154)
(65, 168)
(65, 169)
(65, 192)
(65, 67)
(65, 70)
(65, 85)
(65, 214)
(65, 89)
(65, 227)
(65, 230)
(65, 106)
(65, 236)
(65, 246)
(65, 121)
(66, 139)
(66, 152)
(66, 155)
(66, 165)
(66, 171)
(66, 183)
(66, 191)
(66, 195)
(66, 212)
(66, 92)
(66, 221)
(66, 223)
(66, 229)
(66, 231)
(66, 107)
(66, 109)
(66, 114)
(66, 123)
(66, 127)
(67, 161)
(67, 227)
(67, 112)
(67, 170)
(67, 236)
(67, 206)
(67, 176)
(67, 145)
(67, 148)
(67, 106)
(67, 150)
(67, 89)
(67, 121)
(67, 218)
(67, 186)
(68, 99)
(68, 102)
(68, 134)
(68, 113)
(68, 200)
(68, 111)
(68, 136)
(68, 210)
(68, 243)
(68, 180)
(68, 245)
(68, 157)
(68, 69)
(69, 132)
(69, 133)
(69, 134)
(69, 136)
(69, 144)
(69, 180)
(69, 193)
(69, 200)
(69, 210)
(69, 213)
(69, 216)
(69, 217)
(69, 97)
(69, 228)
(69, 102)
(69, 111)
(69, 113)
(69, 243)
(69, 117)
(69, 120)
(70, 192)
(70, 246)
(70, 230)
(70, 135)
(70, 168)
(70, 169)
(70, 202)
(70, 85)
(70, 214)
(70, 184)
(70, 154)
(70, 90)
(70, 159)
(71, 138)
(71, 149)
(71, 158)
(71, 166)
(71, 172)
(71, 197)
(71, 72)
(71, 76)
(71, 204)
(71, 78)
(71, 208)
(71, 209)
(71, 83)
(71, 96)
(71, 104)
(71, 110)
(71, 239)
(71, 244)
(71, 249)
(71, 125)
(72, 138)
(72, 149)
(72, 158)
(72, 172)
(72, 201)
(72, 204)
(72, 208)
(72, 209)
(72, 82)
(72, 83)
(72, 87)
(72, 219)
(72, 101)
(72, 232)
(72, 108)
(72, 110)
(72, 244)
(72, 248)
(72, 249)
(72, 125)
(73, 137)
(73, 140)
(73, 141)
(73, 146)
(73, 147)
(73, 149)
(73, 164)
(73, 177)
(73, 222)
(73, 188)
(73, 194)
(73, 74)
(73, 82)
(73, 86)
(73, 88)
(73, 91)
(73, 220)
(73, 94)
(73, 101)
(73, 104)
(73, 108)
(73, 241)
(73, 115)
(73, 248)
(74, 137)
(74, 140)
(74, 147)
(74, 219)
(74, 164)
(74, 175)
(74, 188)
(74, 77)
(74, 82)
(74, 211)
(74, 91)
(74, 220)
(74, 93)
(74, 222)
(74, 101)
(74, 108)
(74, 241)
(74, 115)
(74, 248)
(75, 132)
(75, 133)
(75, 142)
(75, 156)
(75, 163)
(75, 174)
(75, 180)
(75, 193)
(75, 196)
(75, 97)
(75, 205)
(75, 81)
(75, 84)
(75, 215)
(75, 225)
(75, 226)
(75, 100)
(75, 102)
(75, 233)
(75, 237)
(75, 239)
(75, 118)
(75, 120)
(76, 138)
(76, 158)
(76, 166)
(76, 172)
(76, 181)
(76, 187)
(76, 197)
(76, 199)
(76, 204)
(76, 78)
(76, 79)
(76, 209)
(76, 143)
(76, 92)
(76, 96)
(76, 103)
(76, 110)
(76, 118)
(76, 249)
(76, 125)
(77, 91)
(77, 164)
(77, 101)
(77, 232)
(77, 137)
(77, 175)
(77, 241)
(77, 211)
(77, 147)
(77, 219)
(77, 188)
(77, 93)
(78, 138)
(78, 158)
(78, 166)
(78, 171)
(78, 172)
(78, 181)
(78, 187)
(78, 197)
(78, 199)
(78, 79)
(78, 143)
(78, 92)
(78, 96)
(78, 103)
(78, 242)
(78, 118)
(78, 249)
(79, 138)
(79, 143)
(79, 151)
(79, 158)
(79, 155)
(79, 171)
(79, 178)
(79, 181)
(79, 139)
(79, 197)
(79, 199)
(79, 212)
(79, 92)
(79, 223)
(79, 96)
(79, 103)
(79, 231)
(79, 114)
(79, 249)
(80, 129)
(80, 201)
(80, 204)
(80, 83)
(80, 212)
(80, 87)
(80, 244)
(80, 123)
(80, 190)
(80, 191)
(81, 130)
(81, 131)
(81, 142)
(81, 156)
(81, 157)
(81, 163)
(81, 174)
(81, 180)
(81, 189)
(81, 193)
(81, 205)
(81, 207)
(81, 225)
(81, 99)
(81, 100)
(81, 102)
(81, 111)
(81, 245)
(82, 137)
(82, 140)
(82, 141)
(82, 147)
(82, 149)
(82, 91)
(82, 164)
(82, 175)
(82, 177)
(82, 94)
(82, 188)
(82, 208)
(82, 209)
(82, 211)
(82, 219)
(82, 220)
(82, 93)
(82, 222)
(82, 101)
(82, 232)
(82, 108)
(82, 110)
(82, 241)
(82, 115)
(82, 248)
(83, 138)
(83, 149)
(83, 158)
(83, 172)
(83, 190)
(83, 201)
(83, 204)
(83, 208)
(83, 209)
(83, 87)
(83, 219)
(83, 232)
(83, 110)
(83, 244)
(83, 249)
(84, 132)
(84, 133)
(84, 156)
(84, 163)
(84, 167)
(84, 173)
(84, 174)
(84, 193)
(84, 196)
(84, 97)
(84, 98)
(84, 215)
(84, 100)
(84, 225)
(84, 226)
(84, 228)
(84, 233)
(84, 237)
(84, 118)
(84, 105)
(84, 120)
(85, 135)
(85, 148)
(85, 150)
(85, 154)
(85, 168)
(85, 169)
(85, 184)
(85, 192)
(85, 202)
(85, 214)
(85, 227)
(85, 230)
(85, 106)
(85, 240)
(85, 246)
(85, 247)
(86, 194)
(86, 164)
(86, 177)
(86, 140)
(86, 141)
(86, 207)
(86, 241)
(86, 146)
(86, 115)
(86, 94)
(86, 248)
(86, 91)
(86, 220)
(86, 189)
(86, 222)
(87, 101)
(87, 232)
(87, 175)
(87, 208)
(87, 244)
(87, 219)
(88, 140)
(88, 141)
(88, 142)
(88, 146)
(88, 149)
(88, 174)
(88, 177)
(88, 222)
(88, 209)
(88, 220)
(88, 94)
(88, 225)
(88, 104)
(88, 110)
(88, 239)
(88, 248)
(88, 125)
(89, 227)
(89, 106)
(89, 236)
(89, 206)
(89, 148)
(89, 150)
(89, 121)
(89, 218)
(90, 128)
(90, 151)
(90, 154)
(90, 159)
(90, 160)
(90, 168)
(90, 178)
(90, 182)
(90, 184)
(90, 202)
(90, 203)
(90, 214)
(90, 230)
(90, 240)
(90, 247)
(90, 119)
(91, 137)
(91, 140)
(91, 141)
(91, 147)
(91, 149)
(91, 164)
(91, 177)
(91, 222)
(91, 188)
(91, 194)
(91, 211)
(91, 219)
(91, 220)
(91, 93)
(91, 94)
(91, 101)
(91, 108)
(91, 241)
(91, 115)
(91, 248)
(92, 138)
(92, 143)
(92, 155)
(92, 158)
(92, 171)
(92, 178)
(92, 181)
(92, 183)
(92, 191)
(92, 139)
(92, 197)
(92, 204)
(92, 212)
(92, 223)
(92, 96)
(92, 231)
(92, 114)
(92, 249)
(92, 127)
(93, 115)
(93, 164)
(93, 101)
(93, 137)
(93, 108)
(93, 175)
(93, 241)
(93, 211)
(93, 147)
(93, 219)
(93, 188)
(94, 140)
(94, 141)
(94, 146)
(94, 149)
(94, 177)
(94, 188)
(94, 189)
(94, 194)
(94, 209)
(94, 220)
(94, 222)
(94, 104)
(94, 108)
(94, 110)
(94, 239)
(94, 241)
(94, 115)
(94, 248)
(94, 125)
(95, 132)
(95, 144)
(95, 145)
(95, 161)
(95, 162)
(95, 167)
(95, 173)
(95, 176)
(95, 186)
(95, 196)
(95, 213)
(95, 216)
(95, 217)
(95, 98)
(95, 228)
(95, 105)
(95, 234)
(95, 235)
(95, 237)
(95, 120)
(96, 138)
(96, 158)
(96, 166)
(96, 171)
(96, 172)
(96, 181)
(96, 187)
(96, 197)
(96, 199)
(96, 204)
(96, 143)
(96, 103)
(96, 231)
(96, 118)
(96, 249)
(97, 132)
(97, 133)
(97, 144)
(97, 156)
(97, 163)
(97, 167)
(97, 173)
(97, 180)
(97, 193)
(97, 196)
(97, 100)
(97, 210)
(97, 213)
(97, 215)
(97, 216)
(97, 217)
(97, 225)
(97, 226)
(97, 228)
(97, 102)
(97, 233)
(97, 235)
(97, 237)
(97, 117)
(97, 120)
(98, 132)
(98, 145)
(98, 161)
(98, 162)
(98, 167)
(98, 173)
(98, 187)
(98, 196)
(98, 198)
(98, 226)
(98, 105)
(98, 237)
(98, 238)
(98, 112)
(98, 120)
(98, 124)
(99, 130)
(99, 131)
(99, 133)
(99, 136)
(99, 142)
(99, 156)
(99, 157)
(99, 163)
(99, 174)
(99, 180)
(99, 193)
(99, 205)
(99, 225)
(99, 100)
(99, 102)
(99, 111)
(99, 245)
(100, 130)
(100, 131)
(100, 133)
(100, 142)
(100, 156)
(100, 163)
(100, 174)
(100, 180)
(100, 193)
(100, 205)
(100, 215)
(100, 225)
(100, 102)
(100, 233)
(100, 239)
(101, 137)
(101, 140)
(101, 147)
(101, 149)
(101, 164)
(101, 175)
(101, 177)
(101, 188)
(101, 208)
(101, 211)
(101, 219)
(101, 220)
(101, 222)
(101, 232)
(101, 108)
(101, 241)
(101, 115)
(101, 248)
(102, 130)
(102, 131)
(102, 133)
(102, 136)
(102, 142)
(102, 156)
(102, 157)
(102, 163)
(102, 174)
(102, 180)
(102, 193)
(102, 205)
(102, 215)
(102, 225)
(102, 233)
(102, 111)
(102, 243)
(102, 245)
(103, 197)
(103, 198)
(103, 199)
(103, 138)
(103, 172)
(103, 143)
(103, 242)
(103, 116)
(103, 181)
(103, 118)
(103, 249)
(103, 187)
(103, 166)
(104, 141)
(104, 142)
(104, 146)
(104, 149)
(104, 156)
(104, 172)
(104, 174)
(104, 177)
(104, 209)
(104, 225)
(104, 110)
(104, 239)
(104, 248)
(104, 125)
(105, 132)
(105, 145)
(105, 161)
(105, 162)
(105, 167)
(105, 173)
(105, 196)
(105, 198)
(105, 226)
(105, 235)
(105, 237)
(105, 238)
(105, 112)
(105, 120)
(105, 124)
(106, 192)
(106, 227)
(106, 150)
(106, 135)
(106, 168)
(106, 169)
(106, 236)
(106, 206)
(106, 148)
(106, 246)
(106, 121)
(106, 218)
(107, 129)
(107, 155)
(107, 231)
(107, 139)
(107, 109)
(107, 123)
(107, 212)
(107, 223)
(107, 221)
(107, 190)
(107, 191)
(108, 137)
(108, 140)
(108, 141)
(108, 147)
(108, 149)
(108, 164)
(108, 175)
(108, 177)
(108, 188)
(108, 208)
(108, 209)
(108, 211)
(108, 219)
(108, 220)
(108, 222)
(108, 232)
(108, 110)
(108, 241)
(108, 115)
(108, 248)
(109, 152)
(109, 165)
(109, 179)
(109, 183)
(109, 185)
(109, 195)
(109, 221)
(109, 223)
(109, 224)
(109, 229)
(109, 114)
(109, 122)
(109, 126)
(109, 127)
(110, 138)
(110, 149)
(110, 158)
(110, 172)
(110, 177)
(110, 204)
(110, 208)
(110, 209)
(110, 219)
(110, 239)
(110, 244)
(110, 248)
(110, 125)
(111, 130)
(111, 134)
(111, 136)
(111, 157)
(111, 163)
(111, 180)
(111, 200)
(111, 205)
(111, 113)
(111, 243)
(111, 245)
(112, 135)
(112, 145)
(112, 153)
(112, 161)
(112, 162)
(112, 170)
(112, 176)
(112, 186)
(112, 206)
(112, 218)
(112, 234)
(112, 236)
(112, 238)
(112, 121)
(112, 124)
(113, 134)
(113, 136)
(113, 144)
(113, 157)
(113, 180)
(113, 117)
(113, 200)
(113, 210)
(113, 213)
(113, 217)
(113, 228)
(113, 243)
(113, 245)
(114, 128)
(114, 139)
(114, 143)
(114, 151)
(114, 152)
(114, 155)
(114, 165)
(114, 171)
(114, 178)
(114, 181)
(114, 182)
(114, 183)
(114, 195)
(114, 203)
(114, 223)
(114, 224)
(114, 229)
(114, 231)
(114, 119)
(114, 122)
(114, 126)
(114, 127)
(115, 137)
(115, 140)
(115, 141)
(115, 146)
(115, 147)
(115, 149)
(115, 164)
(115, 177)
(115, 188)
(115, 194)
(115, 211)
(115, 219)
(115, 220)
(115, 222)
(115, 241)
(115, 248)
(116, 135)
(116, 151)
(116, 153)
(116, 159)
(116, 160)
(116, 178)
(116, 184)
(116, 187)
(116, 198)
(116, 199)
(116, 214)
(116, 230)
(116, 240)
(116, 242)
(116, 247)
(117, 132)
(117, 133)
(117, 134)
(117, 144)
(117, 173)
(117, 193)
(117, 200)
(117, 210)
(117, 213)
(117, 216)
(117, 217)
(117, 228)
(117, 235)
(117, 237)
(117, 243)
(117, 120)
(118, 172)
(118, 166)
(118, 187)
(118, 197)
(118, 198)
(118, 199)
(118, 215)
(118, 226)
(118, 233)
(118, 239)
(118, 242)
(118, 125)
(119, 128)
(119, 165)
(119, 203)
(119, 152)
(119, 182)
(119, 183)
(119, 184)
(119, 127)
(119, 122)
(119, 159)
(119, 126)
(119, 229)
(120, 133)
(120, 144)
(120, 132)
(120, 162)
(120, 167)
(120, 173)
(120, 193)
(120, 196)
(120, 210)
(120, 213)
(120, 215)
(120, 216)
(120, 217)
(120, 226)
(120, 228)
(120, 233)
(120, 235)
(120, 237)
(121, 145)
(121, 148)
(121, 150)
(121, 161)
(121, 170)
(121, 176)
(121, 186)
(121, 206)
(121, 218)
(121, 227)
(121, 234)
(121, 236)
(121, 238)
(121, 124)
(122, 128)
(122, 152)
(122, 165)
(122, 182)
(122, 183)
(122, 185)
(122, 195)
(122, 203)
(122, 223)
(122, 224)
(122, 229)
(122, 126)
(122, 127)
(123, 129)
(123, 212)
(123, 155)
(123, 221)
(123, 190)
(123, 191)
(124, 135)
(124, 145)
(124, 153)
(124, 161)
(124, 162)
(124, 170)
(124, 176)
(124, 186)
(124, 206)
(124, 214)
(124, 218)
(124, 234)
(124, 236)
(124, 238)
(124, 240)
(125, 172)
(125, 142)
(125, 146)
(125, 149)
(125, 166)
(125, 174)
(125, 177)
(125, 208)
(125, 209)
(125, 239)
(125, 248)
(126, 128)
(126, 152)
(126, 165)
(126, 182)
(126, 183)
(126, 185)
(126, 195)
(126, 203)
(126, 221)
(126, 223)
(126, 224)
(126, 229)
(126, 127)
(127, 128)
(127, 152)
(127, 155)
(127, 165)
(127, 171)
(127, 182)
(127, 183)
(127, 185)
(127, 195)
(127, 203)
(127, 139)
(127, 221)
(127, 223)
(127, 224)
(127, 229)
(128, 151)
(128, 152)
(128, 159)
(128, 165)
(128, 178)
(128, 182)
(128, 183)
(128, 195)
(128, 203)
(128, 184)
(128, 223)
(128, 224)
(128, 229)
(129, 201)
(129, 204)
(129, 212)
(129, 244)
(129, 155)
(129, 190)
(129, 191)
(130, 225)
(130, 163)
(130, 205)
(130, 207)
(130, 157)
(130, 131)
(130, 180)
(130, 245)
(130, 189)
(131, 225)
(131, 163)
(131, 205)
(131, 174)
(131, 207)
(131, 146)
(131, 180)
(131, 142)
(131, 156)
(131, 189)
(132, 133)
(132, 144)
(132, 167)
(132, 173)
(132, 193)
(132, 196)
(132, 210)
(132, 213)
(132, 215)
(132, 216)
(132, 217)
(132, 226)
(132, 228)
(132, 233)
(132, 235)
(132, 237)
(133, 136)
(133, 144)
(133, 156)
(133, 163)
(133, 180)
(133, 193)
(133, 205)
(133, 210)
(133, 215)
(133, 217)
(133, 225)
(133, 226)
(133, 228)
(133, 233)
(133, 237)
(133, 243)
(134, 228)
(134, 200)
(134, 144)
(134, 136)
(134, 210)
(134, 243)
(134, 180)
(134, 213)
(134, 217)
(134, 157)
(135, 153)
(135, 154)
(135, 159)
(135, 160)
(135, 168)
(135, 169)
(135, 184)
(135, 192)
(135, 202)
(135, 214)
(135, 230)
(135, 236)
(135, 238)
(135, 240)
(135, 242)
(135, 246)
(135, 247)
(136, 200)
(136, 210)
(136, 243)
(136, 180)
(136, 245)
(136, 157)
(137, 140)
(137, 147)
(137, 149)
(137, 164)
(137, 175)
(137, 177)
(137, 188)
(137, 211)
(137, 219)
(137, 220)
(137, 222)
(137, 232)
(137, 241)
(137, 248)
(138, 155)
(138, 158)
(138, 166)
(138, 171)
(138, 172)
(138, 181)
(138, 197)
(138, 201)
(138, 204)
(138, 208)
(138, 209)
(138, 143)
(138, 231)
(138, 244)
(138, 249)
(139, 143)
(139, 152)
(139, 155)
(139, 165)
(139, 171)
(139, 178)
(139, 181)
(139, 183)
(139, 191)
(139, 197)
(139, 212)
(139, 223)
(139, 229)
(139, 231)
(139, 249)
(140, 141)
(140, 146)
(140, 147)
(140, 149)
(140, 164)
(140, 177)
(140, 188)
(140, 194)
(140, 211)
(140, 220)
(140, 222)
(140, 189)
(140, 241)
(140, 248)
(141, 146)
(141, 149)
(141, 177)
(141, 188)
(141, 194)
(141, 207)
(141, 220)
(141, 222)
(141, 189)
(141, 241)
(141, 248)
(142, 146)
(142, 156)
(142, 163)
(142, 174)
(142, 205)
(142, 215)
(142, 225)
(142, 233)
(142, 239)
(143, 151)
(143, 155)
(143, 171)
(143, 178)
(143, 181)
(143, 197)
(143, 199)
(143, 223)
(143, 231)
(143, 242)
(143, 249)
(144, 167)
(144, 173)
(144, 193)
(144, 210)
(144, 213)
(144, 216)
(144, 217)
(144, 228)
(144, 235)
(144, 237)
(145, 161)
(145, 162)
(145, 167)
(145, 170)
(145, 176)
(145, 186)
(145, 206)
(145, 218)
(145, 234)
(145, 236)
(145, 238)
(146, 174)
(146, 177)
(146, 222)
(146, 194)
(146, 207)
(146, 220)
(146, 239)
(146, 241)
(146, 189)
(146, 248)
(147, 149)
(147, 219)
(147, 164)
(147, 175)
(147, 188)
(147, 211)
(147, 220)
(147, 222)
(147, 232)
(147, 241)
(147, 248)
(148, 192)
(148, 227)
(148, 150)
(148, 169)
(148, 236)
(148, 206)
(148, 246)
(149, 172)
(149, 177)
(149, 188)
(149, 208)
(149, 209)
(149, 219)
(149, 220)
(149, 222)
(149, 232)
(149, 241)
(149, 248)
(150, 192)
(150, 227)
(150, 169)
(150, 236)
(150, 206)
(150, 246)
(150, 218)
(151, 153)
(151, 159)
(151, 160)
(151, 178)
(151, 181)
(151, 182)
(151, 184)
(151, 202)
(151, 203)
(151, 214)
(151, 230)
(151, 240)
(151, 242)
(151, 247)
(152, 165)
(152, 178)
(152, 182)
(152, 183)
(152, 185)
(152, 195)
(152, 203)
(152, 221)
(152, 223)
(152, 224)
(152, 229)
(153, 198)
(153, 160)
(153, 214)
(153, 230)
(153, 199)
(153, 168)
(153, 238)
(153, 240)
(153, 242)
(153, 246)
(153, 247)
(154, 192)
(154, 246)
(154, 230)
(154, 168)
(154, 169)
(154, 202)
(154, 240)
(154, 214)
(154, 247)
(154, 184)
(154, 159)
(155, 158)
(155, 171)
(155, 181)
(155, 190)
(155, 191)
(155, 201)
(155, 183)
(155, 204)
(155, 212)
(155, 223)
(155, 231)
(155, 249)
(156, 163)
(156, 174)
(156, 180)
(156, 193)
(156, 205)
(156, 215)
(156, 225)
(156, 226)
(156, 233)
(156, 237)
(156, 239)
(157, 200)
(157, 205)
(157, 243)
(157, 180)
(157, 245)
(158, 166)
(158, 171)
(158, 172)
(158, 181)
(158, 190)
(158, 197)
(158, 201)
(158, 204)
(158, 208)
(158, 209)
(158, 212)
(158, 231)
(158, 244)
(158, 249)
(159, 160)
(159, 168)
(159, 178)
(159, 182)
(159, 184)
(159, 202)
(159, 203)
(159, 214)
(159, 230)
(159, 240)
(159, 247)
(160, 168)
(160, 178)
(160, 184)
(160, 198)
(160, 199)
(160, 202)
(160, 214)
(160, 230)
(160, 240)
(160, 242)
(160, 246)
(160, 247)
(161, 162)
(161, 167)
(161, 170)
(161, 176)
(161, 186)
(161, 206)
(161, 218)
(161, 234)
(161, 236)
(161, 238)
(162, 167)
(162, 170)
(162, 173)
(162, 176)
(162, 186)
(162, 196)
(162, 206)
(162, 226)
(162, 234)
(162, 235)
(162, 237)
(162, 238)
(163, 174)
(163, 180)
(163, 193)
(163, 205)
(163, 215)
(163, 225)
(163, 233)
(164, 188)
(164, 211)
(164, 220)
(164, 222)
(164, 241)
(164, 248)
(165, 171)
(165, 182)
(165, 183)
(165, 185)
(165, 195)
(165, 203)
(165, 221)
(165, 223)
(165, 224)
(165, 229)
(166, 172)
(166, 187)
(166, 197)
(166, 198)
(166, 199)
(166, 242)
(166, 249)
(167, 173)
(167, 176)
(167, 196)
(167, 216)
(167, 217)
(167, 226)
(167, 228)
(167, 234)
(167, 235)
(167, 237)
(168, 169)
(168, 184)
(168, 192)
(168, 202)
(168, 214)
(168, 230)
(168, 240)
(168, 246)
(168, 247)
(169, 184)
(169, 192)
(169, 202)
(169, 214)
(169, 227)
(169, 230)
(169, 240)
(169, 246)
(169, 247)
(170, 234)
(170, 236)
(170, 206)
(170, 176)
(170, 238)
(170, 218)
(170, 186)
(171, 178)
(171, 181)
(171, 183)
(171, 191)
(171, 197)
(171, 204)
(171, 212)
(171, 223)
(171, 231)
(171, 249)
(172, 197)
(172, 201)
(172, 204)
(172, 208)
(172, 209)
(172, 239)
(172, 244)
(172, 249)
(173, 196)
(173, 213)
(173, 216)
(173, 217)
(173, 226)
(173, 228)
(173, 234)
(173, 235)
(173, 237)
(174, 193)
(174, 205)
(174, 215)
(174, 225)
(174, 233)
(174, 239)
(175, 232)
(175, 188)
(175, 211)
(175, 219)
(176, 186)
(176, 206)
(176, 218)
(176, 234)
(176, 236)
(176, 238)
(177, 188)
(177, 194)
(177, 208)
(177, 209)
(177, 220)
(177, 222)
(177, 239)
(177, 241)
(177, 248)
(178, 181)
(178, 182)
(178, 184)
(178, 199)
(178, 203)
(178, 223)
(178, 229)
(178, 242)
(178, 240)
(178, 247)
(179, 224)
(179, 195)
(179, 185)
(179, 221)
(180, 193)
(180, 200)
(180, 205)
(180, 210)
(180, 225)
(180, 228)
(180, 243)
(180, 245)
(181, 183)
(181, 197)
(181, 212)
(181, 223)
(181, 231)
(181, 249)
(182, 183)
(182, 202)
(182, 203)
(182, 184)
(182, 223)
(182, 229)
(183, 185)
(183, 195)
(183, 203)
(183, 221)
(183, 223)
(183, 224)
(183, 229)
(183, 231)
(184, 202)
(184, 203)
(184, 214)
(184, 230)
(184, 240)
(184, 246)
(184, 247)
(185, 224)
(185, 195)
(185, 229)
(185, 221)
(186, 234)
(186, 236)
(186, 206)
(186, 238)
(186, 218)
(187, 226)
(187, 196)
(187, 197)
(187, 198)
(187, 199)
(187, 242)
(188, 219)
(188, 222)
(188, 211)
(188, 220)
(188, 232)
(188, 241)
(188, 248)
(189, 194)
(189, 207)
(189, 222)
(190, 231)
(190, 201)
(190, 204)
(190, 212)
(190, 244)
(190, 191)
(191, 231)
(191, 201)
(191, 204)
(191, 212)
(191, 223)
(192, 202)
(192, 214)
(192, 227)
(192, 230)
(192, 236)
(192, 240)
(192, 246)
(192, 247)
(193, 205)
(193, 210)
(193, 215)
(193, 217)
(193, 225)
(193, 226)
(193, 228)
(193, 233)
(193, 237)
(194, 207)
(194, 241)
(194, 220)
(194, 222)
(195, 221)
(195, 223)
(195, 224)
(195, 229)
(196, 226)
(196, 198)
(196, 233)
(196, 237)
(196, 215)
(197, 199)
(197, 204)
(197, 231)
(197, 249)
(198, 226)
(198, 199)
(198, 242)
(199, 242)
(199, 247)
(200, 210)
(200, 243)
(200, 245)
(200, 213)
(201, 204)
(201, 212)
(201, 208)
(201, 231)
(201, 244)
(201, 249)
(202, 203)
(202, 214)
(202, 230)
(202, 240)
(202, 246)
(202, 247)
(203, 229)
(204, 212)
(204, 208)
(204, 231)
(204, 244)
(204, 249)
(205, 207)
(205, 225)
(205, 245)
(206, 218)
(206, 227)
(206, 234)
(206, 236)
(206, 238)
(207, 222)
(208, 209)
(208, 219)
(208, 232)
(208, 244)
(208, 248)
(209, 239)
(209, 248)
(210, 213)
(210, 216)
(210, 217)
(210, 228)
(210, 243)
(211, 241)
(211, 219)
(211, 220)
(211, 222)
(212, 223)
(212, 231)
(212, 244)
(212, 249)
(213, 216)
(213, 217)
(213, 228)
(213, 235)
(214, 230)
(214, 238)
(214, 240)
(214, 242)
(214, 246)
(214, 247)
(215, 225)
(215, 226)
(215, 233)
(215, 237)
(216, 217)
(216, 228)
(216, 235)
(217, 228)
(217, 235)
(217, 237)
(218, 227)
(218, 234)
(218, 236)
(218, 238)
(219, 232)
(219, 248)
(220, 222)
(220, 241)
(220, 248)
(221, 224)
(221, 223)
(222, 241)
(222, 248)
(223, 224)
(223, 229)
(223, 231)
(224, 229)
(225, 233)
(225, 239)
(226, 233)
(226, 237)
(227, 236)
(227, 246)
(228, 235)
(228, 237)
(228, 243)
(230, 240)
(230, 246)
(230, 247)
(231, 249)
(232, 244)
(233, 237)
(233, 239)
(234, 235)
(234, 236)
(234, 238)
(235, 237)
(236, 238)
(236, 246)
(240, 242)
(240, 246)
(240, 247)
(241, 248)
(242, 247)
(243, 245)
(244, 249)
(246, 247)
