#Nodes
0
1
2
3
4
5
6
7
8
9
10
11
12
13
14
15
16
17
18
19
20
21
22
23
24
25
26
27
28
29
30
31
32
33
34
35
36
37
38
39
40
41
42
43
44
45
46
47
48
49
50
51
52
53
54
55
56
57
58
59
60
61
62
63
64
65
66
67
68
69
70
71
72
73
74
75
76
77
78
79
80
81
82
83
84
85
86
87
88
89
90
91
92
93
94
95
96
97
98
99
100
101
102
103
104
105
106
107
108
109
110
111
112
113
114
115
116
117
118
119
120
121
122
123
124
125
126
127
128
129
130
131
132
133
134
135
136
137
138
139
140
141
142
143
144
145
146
147
148
149
150
151
152
153
154
155
156
157
158
159
160
161
162
163
164
165
166
167
168
169
170
171
172
173
174
175
176
177
178
179
180
181
182
183
184
185
186
187
188
189
190
191
192
193
194
195
196
197
198
199
200
201
202
203
204
205
206
207
208
209
210
211
212
213
214
215
216
217
218
219
220
221
222
223
224
225
226
227
228
229
230
231
232
233
234
235
236
237
238
239
240
241
242
243
244
245
246
247
248
249
#Edges
(0, 4)
(0, 10)
(0, 139)
(0, 144)
(0, 17)
(0, 32)
(0, 242)
(0, 174)
(0, 177)
(0, 180)
(0, 55)
(0, 67)
(0, 196)
(0, 197)
(0, 201)
(0, 76)
(0, 207)
(0, 100)
(0, 108)
(0, 239)
(0, 114)
(0, 243)
(0, 249)
(1, 6)
(1, 137)
(1, 140)
(1, 21)
(1, 26)
(1, 34)
(1, 39)
(1, 40)
(1, 170)
(1, 175)
(1, 185)
(1, 58)
(1, 189)
(1, 194)
(1, 68)
(1, 198)
(1, 210)
(1, 84)
(1, 87)
(1, 216)
(1, 89)
(1, 93)
(1, 101)
(1, 232)
(1, 107)
(1, 238)
(1, 246)
(2, 3)
(2, 5)
(2, 12)
(2, 141)
(2, 16)
(2, 147)
(2, 24)
(2, 31)
(2, 166)
(2, 167)
(2, 172)
(2, 54)
(2, 60)
(2, 192)
(2, 70)
(2, 78)
(2, 13)
(2, 86)
(2, 218)
(2, 106)
(2, 237)
(2, 110)
(2, 113)
(2, 115)
(3, 5)
(3, 12)
(3, 16)
(3, 18)
(3, 147)
(3, 24)
(3, 156)
(3, 31)
(3, 166)
(3, 167)
(3, 172)
(3, 47)
(3, 50)
(3, 54)
(3, 116)
(3, 193)
(3, 66)
(3, 70)
(3, 78)
(3, 217)
(3, 106)
(3, 236)
(3, 110)
(3, 113)
(3, 244)
(3, 247)
(4, 128)
(4, 133)
(4, 10)
(4, 17)
(4, 20)
(4, 29)
(4, 32)
(4, 35)
(4, 164)
(4, 37)
(4, 171)
(4, 174)
(4, 177)
(4, 180)
(4, 55)
(4, 184)
(4, 191)
(4, 67)
(4, 197)
(4, 201)
(4, 76)
(4, 81)
(4, 91)
(4, 100)
(4, 104)
(4, 105)
(4, 234)
(4, 108)
(4, 239)
(4, 242)
(4, 243)
(5, 15)
(5, 18)
(5, 147)
(5, 22)
(5, 151)
(5, 24)
(5, 156)
(5, 31)
(5, 36)
(5, 166)
(5, 167)
(5, 168)
(5, 169)
(5, 50)
(5, 193)
(5, 66)
(5, 70)
(5, 202)
(5, 119)
(5, 77)
(5, 80)
(5, 99)
(5, 212)
(5, 217)
(5, 227)
(5, 236)
(5, 110)
(5, 113)
(5, 244)
(5, 247)
(6, 135)
(6, 139)
(6, 140)
(6, 143)
(6, 149)
(6, 25)
(6, 26)
(6, 39)
(6, 40)
(6, 41)
(6, 173)
(6, 58)
(6, 194)
(6, 68)
(6, 198)
(6, 76)
(6, 207)
(6, 210)
(6, 87)
(6, 93)
(6, 238)
(6, 114)
(6, 123)
(6, 21)
(7, 131)
(7, 142)
(7, 28)
(7, 160)
(7, 161)
(7, 162)
(7, 42)
(7, 47)
(7, 49)
(7, 51)
(7, 53)
(7, 183)
(7, 63)
(7, 96)
(7, 195)
(7, 75)
(7, 206)
(7, 82)
(7, 83)
(7, 88)
(7, 90)
(7, 219)
(7, 94)
(7, 224)
(7, 228)
(7, 103)
(7, 233)
(7, 111)
(7, 112)
(7, 116)
(7, 248)
(7, 122)
(7, 124)
(8, 134)
(8, 138)
(8, 150)
(8, 23)
(8, 153)
(8, 155)
(8, 160)
(8, 42)
(8, 44)
(8, 178)
(8, 56)
(8, 187)
(8, 190)
(8, 63)
(8, 71)
(8, 208)
(8, 82)
(8, 215)
(8, 90)
(8, 92)
(8, 221)
(8, 228)
(8, 117)
(8, 248)
(8, 125)
(8, 127)
(9, 138)
(9, 14)
(9, 19)
(9, 152)
(9, 158)
(9, 33)
(9, 163)
(9, 165)
(9, 43)
(9, 44)
(9, 48)
(9, 182)
(9, 185)
(9, 186)
(9, 189)
(9, 190)
(9, 69)
(9, 98)
(9, 79)
(9, 89)
(9, 221)
(9, 94)
(9, 226)
(9, 102)
(9, 230)
(9, 120)
(9, 121)
(10, 144)
(10, 17)
(10, 20)
(10, 29)
(10, 32)
(10, 164)
(10, 171)
(10, 174)
(10, 177)
(10, 180)
(10, 55)
(10, 191)
(10, 67)
(10, 196)
(10, 197)
(10, 201)
(10, 91)
(10, 100)
(10, 105)
(10, 108)
(10, 239)
(10, 242)
(10, 243)
(10, 249)
(11, 128)
(11, 135)
(11, 145)
(11, 146)
(11, 149)
(11, 25)
(11, 154)
(11, 28)
(11, 41)
(11, 173)
(11, 48)
(11, 49)
(11, 179)
(11, 181)
(11, 182)
(11, 53)
(11, 203)
(11, 205)
(11, 213)
(11, 214)
(11, 88)
(11, 220)
(11, 222)
(11, 225)
(11, 98)
(11, 99)
(11, 229)
(11, 231)
(11, 111)
(11, 120)
(11, 123)
(12, 130)
(12, 132)
(12, 141)
(12, 16)
(12, 147)
(12, 24)
(12, 167)
(12, 172)
(12, 47)
(12, 176)
(12, 54)
(12, 57)
(12, 192)
(12, 70)
(12, 204)
(12, 78)
(12, 13)
(12, 211)
(12, 86)
(12, 217)
(12, 218)
(12, 235)
(12, 237)
(12, 110)
(12, 113)
(12, 115)
(12, 245)
(13, 141)
(13, 16)
(13, 147)
(13, 166)
(13, 172)
(13, 176)
(13, 54)
(13, 60)
(13, 192)
(13, 70)
(13, 204)
(13, 78)
(13, 211)
(13, 86)
(13, 218)
(13, 106)
(13, 237)
(13, 110)
(13, 115)
(13, 245)
(14, 138)
(14, 145)
(14, 146)
(14, 19)
(14, 149)
(14, 152)
(14, 28)
(14, 33)
(14, 163)
(14, 165)
(14, 43)
(14, 44)
(14, 48)
(14, 179)
(14, 53)
(14, 182)
(14, 185)
(14, 189)
(14, 190)
(14, 195)
(14, 203)
(14, 205)
(14, 79)
(14, 89)
(14, 221)
(14, 94)
(14, 98)
(14, 102)
(14, 231)
(14, 103)
(14, 111)
(14, 120)
(14, 121)
(15, 148)
(15, 151)
(15, 156)
(15, 31)
(15, 35)
(15, 36)
(15, 168)
(15, 169)
(15, 50)
(15, 62)
(15, 66)
(15, 202)
(15, 119)
(15, 77)
(15, 80)
(15, 212)
(15, 85)
(15, 95)
(15, 227)
(15, 236)
(15, 241)
(15, 244)
(15, 247)
(16, 192)
(16, 115)
(16, 70)
(16, 166)
(16, 167)
(16, 106)
(16, 172)
(16, 237)
(16, 110)
(16, 141)
(16, 147)
(16, 78)
(16, 86)
(16, 24)
(16, 218)
(16, 54)
(16, 60)
(17, 133)
(17, 144)
(17, 20)
(17, 29)
(17, 32)
(17, 164)
(17, 171)
(17, 174)
(17, 177)
(17, 180)
(17, 55)
(17, 191)
(17, 67)
(17, 196)
(17, 197)
(17, 201)
(17, 81)
(17, 91)
(17, 100)
(17, 104)
(17, 105)
(17, 108)
(17, 239)
(17, 242)
(17, 243)
(17, 249)
(18, 131)
(18, 142)
(18, 22)
(18, 24)
(18, 154)
(18, 156)
(18, 31)
(18, 167)
(18, 47)
(18, 49)
(18, 50)
(18, 181)
(18, 183)
(18, 193)
(18, 213)
(18, 214)
(18, 88)
(18, 217)
(18, 219)
(18, 220)
(18, 225)
(18, 99)
(18, 229)
(18, 236)
(18, 113)
(18, 116)
(18, 247)
(19, 138)
(19, 150)
(19, 152)
(19, 157)
(19, 158)
(19, 33)
(19, 165)
(19, 43)
(19, 44)
(19, 178)
(19, 186)
(19, 190)
(19, 65)
(19, 69)
(19, 200)
(19, 79)
(19, 221)
(19, 226)
(19, 102)
(19, 230)
(19, 240)
(19, 118)
(19, 121)
(20, 133)
(20, 148)
(20, 46)
(20, 29)
(20, 35)
(20, 164)
(20, 37)
(20, 168)
(20, 171)
(20, 174)
(20, 180)
(20, 55)
(20, 62)
(20, 191)
(20, 67)
(20, 201)
(20, 80)
(20, 81)
(20, 212)
(20, 85)
(20, 91)
(20, 95)
(20, 100)
(20, 104)
(20, 105)
(20, 234)
(20, 108)
(20, 239)
(20, 241)
(20, 242)
(21, 68)
(21, 114)
(21, 207)
(21, 40)
(21, 137)
(21, 139)
(21, 140)
(21, 173)
(21, 238)
(21, 175)
(21, 210)
(21, 84)
(21, 87)
(21, 39)
(21, 58)
(21, 143)
(21, 93)
(22, 128)
(22, 133)
(22, 154)
(22, 156)
(22, 35)
(22, 37)
(22, 168)
(22, 169)
(22, 50)
(22, 181)
(22, 184)
(22, 62)
(22, 193)
(22, 66)
(22, 202)
(22, 247)
(22, 80)
(22, 212)
(22, 213)
(22, 88)
(22, 222)
(22, 225)
(22, 99)
(22, 229)
(22, 104)
(22, 105)
(22, 236)
(22, 119)
(22, 123)
(23, 129)
(23, 155)
(23, 199)
(23, 30)
(23, 127)
(23, 82)
(23, 45)
(23, 208)
(23, 178)
(23, 52)
(23, 117)
(23, 150)
(23, 215)
(23, 187)
(23, 92)
(23, 125)
(23, 126)
(23, 223)
(24, 147)
(24, 156)
(24, 31)
(24, 166)
(24, 167)
(24, 172)
(24, 47)
(24, 50)
(24, 54)
(24, 192)
(24, 70)
(24, 78)
(24, 217)
(24, 218)
(24, 106)
(24, 236)
(24, 110)
(24, 113)
(24, 244)
(24, 247)
(25, 128)
(25, 133)
(25, 135)
(25, 139)
(25, 145)
(25, 146)
(25, 149)
(25, 154)
(25, 41)
(25, 173)
(25, 179)
(25, 181)
(25, 184)
(25, 203)
(25, 76)
(25, 205)
(25, 210)
(25, 213)
(25, 214)
(25, 87)
(25, 220)
(25, 93)
(25, 222)
(25, 231)
(25, 238)
(25, 114)
(25, 120)
(25, 123)
(26, 135)
(26, 137)
(26, 140)
(26, 149)
(26, 34)
(26, 163)
(26, 39)
(26, 40)
(26, 41)
(26, 173)
(26, 175)
(26, 48)
(26, 185)
(26, 58)
(26, 189)
(26, 194)
(26, 68)
(26, 198)
(26, 205)
(26, 210)
(26, 84)
(26, 87)
(26, 216)
(26, 89)
(26, 93)
(26, 101)
(26, 238)
(26, 120)
(27, 232)
(27, 137)
(27, 170)
(27, 107)
(27, 109)
(27, 175)
(27, 209)
(27, 84)
(27, 73)
(27, 136)
(27, 188)
(28, 131)
(28, 94)
(28, 145)
(28, 146)
(28, 149)
(28, 154)
(28, 162)
(28, 48)
(28, 49)
(28, 179)
(28, 181)
(28, 182)
(28, 183)
(28, 53)
(28, 195)
(28, 203)
(28, 205)
(28, 213)
(28, 214)
(28, 88)
(28, 219)
(28, 220)
(28, 222)
(28, 224)
(28, 225)
(28, 98)
(28, 99)
(28, 229)
(28, 231)
(28, 103)
(28, 111)
(28, 120)
(29, 133)
(29, 46)
(29, 32)
(29, 35)
(29, 164)
(29, 171)
(29, 174)
(29, 177)
(29, 180)
(29, 55)
(29, 184)
(29, 191)
(29, 67)
(29, 196)
(29, 201)
(29, 81)
(29, 91)
(29, 100)
(29, 104)
(29, 105)
(29, 234)
(29, 108)
(29, 239)
(29, 242)
(29, 243)
(30, 129)
(30, 97)
(30, 199)
(30, 127)
(30, 223)
(30, 208)
(30, 52)
(30, 117)
(30, 215)
(30, 155)
(30, 92)
(30, 126)
(30, 159)
(31, 147)
(31, 156)
(31, 36)
(31, 166)
(31, 167)
(31, 169)
(31, 47)
(31, 50)
(31, 193)
(31, 66)
(31, 70)
(31, 99)
(31, 88)
(31, 217)
(31, 227)
(31, 236)
(31, 110)
(31, 113)
(31, 244)
(31, 247)
(32, 144)
(32, 164)
(32, 171)
(32, 174)
(32, 177)
(32, 180)
(32, 55)
(32, 191)
(32, 67)
(32, 196)
(32, 197)
(32, 201)
(32, 100)
(32, 105)
(32, 108)
(32, 239)
(32, 242)
(32, 243)
(32, 249)
(33, 138)
(33, 150)
(33, 152)
(33, 157)
(33, 158)
(33, 163)
(33, 165)
(33, 43)
(33, 44)
(33, 48)
(33, 182)
(33, 185)
(33, 186)
(33, 190)
(33, 65)
(33, 69)
(33, 200)
(33, 79)
(33, 89)
(33, 221)
(33, 226)
(33, 102)
(33, 230)
(33, 118)
(33, 121)
(34, 194)
(34, 163)
(34, 68)
(34, 102)
(34, 198)
(34, 170)
(34, 87)
(34, 175)
(34, 48)
(34, 120)
(34, 84)
(34, 246)
(34, 89)
(34, 216)
(34, 185)
(34, 58)
(34, 189)
(34, 101)
(35, 133)
(35, 148)
(35, 46)
(35, 151)
(35, 164)
(35, 37)
(35, 168)
(35, 169)
(35, 171)
(35, 174)
(35, 184)
(35, 62)
(35, 191)
(35, 66)
(35, 202)
(35, 77)
(35, 80)
(35, 81)
(35, 212)
(35, 85)
(35, 36)
(35, 91)
(35, 95)
(35, 104)
(35, 105)
(35, 234)
(35, 108)
(35, 241)
(35, 119)
(36, 148)
(36, 151)
(36, 156)
(36, 37)
(36, 168)
(36, 169)
(36, 46)
(36, 50)
(36, 62)
(36, 193)
(36, 66)
(36, 202)
(36, 119)
(36, 77)
(36, 80)
(36, 212)
(36, 85)
(36, 95)
(36, 227)
(36, 234)
(36, 236)
(36, 241)
(36, 244)
(36, 247)
(37, 128)
(37, 133)
(37, 108)
(37, 148)
(37, 156)
(37, 164)
(37, 168)
(37, 169)
(37, 171)
(37, 46)
(37, 50)
(37, 184)
(37, 62)
(37, 191)
(37, 193)
(37, 66)
(37, 202)
(37, 119)
(37, 77)
(37, 80)
(37, 81)
(37, 212)
(37, 213)
(37, 222)
(37, 95)
(37, 99)
(37, 104)
(37, 105)
(37, 234)
(37, 236)
(37, 241)
(37, 247)
(37, 85)
(38, 130)
(38, 132)
(38, 134)
(38, 153)
(38, 155)
(38, 159)
(38, 161)
(38, 51)
(38, 56)
(38, 57)
(38, 59)
(38, 61)
(38, 63)
(38, 64)
(38, 71)
(38, 72)
(38, 74)
(38, 206)
(38, 83)
(38, 90)
(38, 96)
(38, 97)
(38, 228)
(38, 233)
(38, 235)
(38, 122)
(38, 124)
(39, 137)
(39, 139)
(39, 140)
(39, 143)
(39, 40)
(39, 173)
(39, 175)
(39, 58)
(39, 194)
(39, 68)
(39, 198)
(39, 207)
(39, 210)
(39, 84)
(39, 87)
(39, 216)
(39, 93)
(39, 101)
(39, 238)
(39, 114)
(40, 135)
(40, 137)
(40, 139)
(40, 140)
(40, 143)
(40, 41)
(40, 173)
(40, 175)
(40, 58)
(40, 194)
(40, 68)
(40, 198)
(40, 207)
(40, 210)
(40, 84)
(40, 87)
(40, 216)
(40, 93)
(40, 101)
(40, 238)
(40, 114)
(41, 128)
(41, 135)
(41, 139)
(41, 140)
(41, 145)
(41, 146)
(41, 149)
(41, 154)
(41, 173)
(41, 179)
(41, 181)
(41, 194)
(41, 76)
(41, 205)
(41, 210)
(41, 87)
(41, 93)
(41, 222)
(41, 231)
(41, 238)
(41, 114)
(41, 120)
(41, 123)
(42, 131)
(42, 138)
(42, 142)
(42, 160)
(42, 161)
(42, 162)
(42, 44)
(42, 49)
(42, 51)
(42, 53)
(42, 182)
(42, 183)
(42, 63)
(42, 96)
(42, 195)
(42, 75)
(42, 206)
(42, 82)
(42, 83)
(42, 90)
(42, 219)
(42, 221)
(42, 94)
(42, 224)
(42, 228)
(42, 103)
(42, 111)
(42, 112)
(42, 116)
(42, 248)
(42, 122)
(42, 124)
(42, 125)
(43, 138)
(43, 146)
(43, 149)
(43, 152)
(43, 163)
(43, 165)
(43, 44)
(43, 48)
(43, 179)
(43, 53)
(43, 182)
(43, 185)
(43, 186)
(43, 189)
(43, 190)
(43, 203)
(43, 205)
(43, 79)
(43, 89)
(43, 221)
(43, 94)
(43, 98)
(43, 102)
(43, 230)
(43, 120)
(43, 121)
(44, 138)
(44, 150)
(44, 152)
(44, 158)
(44, 160)
(44, 165)
(44, 178)
(44, 182)
(44, 186)
(44, 187)
(44, 190)
(44, 69)
(44, 82)
(44, 221)
(44, 94)
(44, 228)
(44, 102)
(44, 230)
(44, 103)
(44, 118)
(44, 248)
(44, 121)
(44, 125)
(45, 129)
(45, 118)
(45, 199)
(45, 127)
(45, 208)
(45, 178)
(45, 52)
(45, 117)
(45, 150)
(45, 215)
(45, 187)
(45, 92)
(45, 158)
(45, 223)
(46, 148)
(46, 164)
(46, 168)
(46, 169)
(46, 171)
(46, 174)
(46, 62)
(46, 191)
(46, 67)
(46, 202)
(46, 77)
(46, 80)
(46, 81)
(46, 212)
(46, 85)
(46, 91)
(46, 95)
(46, 104)
(46, 105)
(46, 234)
(46, 241)
(46, 119)
(47, 130)
(47, 131)
(47, 132)
(47, 142)
(47, 147)
(47, 161)
(47, 162)
(47, 167)
(47, 172)
(47, 51)
(47, 54)
(47, 183)
(47, 70)
(47, 75)
(47, 204)
(47, 206)
(47, 78)
(47, 88)
(47, 217)
(47, 219)
(47, 96)
(47, 225)
(47, 235)
(47, 112)
(47, 113)
(47, 116)
(47, 122)
(47, 124)
(48, 135)
(48, 145)
(48, 146)
(48, 149)
(48, 152)
(48, 163)
(48, 165)
(48, 179)
(48, 53)
(48, 182)
(48, 185)
(48, 58)
(48, 189)
(48, 194)
(48, 198)
(48, 203)
(48, 205)
(48, 87)
(48, 89)
(48, 94)
(48, 98)
(48, 101)
(48, 102)
(48, 231)
(48, 120)
(48, 121)
(49, 131)
(49, 94)
(49, 142)
(49, 145)
(49, 146)
(49, 154)
(49, 162)
(49, 179)
(49, 181)
(49, 182)
(49, 183)
(49, 53)
(49, 195)
(49, 203)
(49, 75)
(49, 213)
(49, 214)
(49, 88)
(49, 90)
(49, 219)
(49, 220)
(49, 222)
(49, 224)
(49, 225)
(49, 98)
(49, 99)
(49, 229)
(49, 231)
(49, 103)
(49, 111)
(49, 112)
(49, 116)
(49, 122)
(50, 148)
(50, 151)
(50, 156)
(50, 167)
(50, 168)
(50, 169)
(50, 62)
(50, 193)
(50, 66)
(50, 202)
(50, 119)
(50, 77)
(50, 80)
(50, 99)
(50, 212)
(50, 213)
(50, 88)
(50, 217)
(50, 95)
(50, 227)
(50, 236)
(50, 241)
(50, 244)
(50, 247)
(50, 85)
(51, 130)
(51, 131)
(51, 132)
(51, 142)
(51, 160)
(51, 161)
(51, 162)
(51, 183)
(51, 63)
(51, 64)
(51, 96)
(51, 195)
(51, 72)
(51, 75)
(51, 206)
(51, 82)
(51, 83)
(51, 90)
(51, 219)
(51, 224)
(51, 228)
(51, 103)
(51, 233)
(51, 235)
(51, 111)
(51, 112)
(51, 116)
(51, 248)
(51, 122)
(51, 124)
(52, 129)
(52, 199)
(52, 208)
(52, 117)
(52, 215)
(52, 223)
(52, 92)
(52, 126)
(52, 127)
(53, 131)
(53, 142)
(53, 145)
(53, 146)
(53, 149)
(53, 152)
(53, 154)
(53, 162)
(53, 179)
(53, 181)
(53, 182)
(53, 183)
(53, 195)
(53, 203)
(53, 205)
(53, 120)
(53, 75)
(53, 213)
(53, 214)
(53, 88)
(53, 90)
(53, 219)
(53, 220)
(53, 94)
(53, 224)
(53, 225)
(53, 98)
(53, 229)
(53, 231)
(53, 103)
(53, 111)
(53, 112)
(53, 248)
(54, 130)
(54, 132)
(54, 147)
(54, 167)
(54, 172)
(54, 176)
(54, 57)
(54, 192)
(54, 70)
(54, 204)
(54, 78)
(54, 211)
(54, 217)
(54, 218)
(54, 235)
(54, 237)
(54, 110)
(54, 113)
(54, 115)
(54, 116)
(54, 245)
(54, 122)
(54, 124)
(55, 133)
(55, 144)
(55, 164)
(55, 171)
(55, 174)
(55, 177)
(55, 180)
(55, 184)
(55, 191)
(55, 67)
(55, 196)
(55, 197)
(55, 201)
(55, 76)
(55, 100)
(55, 104)
(55, 105)
(55, 108)
(55, 239)
(55, 242)
(55, 243)
(55, 249)
(56, 134)
(56, 153)
(56, 155)
(56, 159)
(56, 160)
(56, 161)
(56, 187)
(56, 61)
(56, 63)
(56, 64)
(56, 71)
(56, 74)
(56, 82)
(56, 83)
(56, 215)
(56, 92)
(56, 96)
(56, 97)
(56, 228)
(56, 233)
(57, 130)
(57, 132)
(57, 161)
(57, 176)
(57, 59)
(57, 64)
(57, 72)
(57, 74)
(57, 204)
(57, 206)
(57, 211)
(57, 96)
(57, 233)
(57, 235)
(57, 237)
(57, 83)
(57, 245)
(57, 122)
(57, 124)
(58, 135)
(58, 137)
(58, 140)
(58, 149)
(58, 163)
(58, 175)
(58, 185)
(58, 189)
(58, 194)
(58, 68)
(58, 198)
(58, 210)
(58, 84)
(58, 87)
(58, 216)
(58, 89)
(58, 93)
(58, 101)
(58, 238)
(58, 246)
(58, 120)
(59, 64)
(59, 161)
(59, 130)
(59, 132)
(59, 72)
(59, 233)
(59, 74)
(59, 235)
(59, 204)
(59, 206)
(59, 176)
(59, 211)
(59, 245)
(59, 83)
(59, 153)
(60, 192)
(60, 166)
(60, 106)
(60, 237)
(60, 110)
(60, 141)
(60, 115)
(60, 86)
(60, 218)
(61, 64)
(61, 97)
(61, 228)
(61, 134)
(61, 71)
(61, 233)
(61, 74)
(61, 63)
(61, 83)
(61, 153)
(61, 155)
(61, 159)
(62, 148)
(62, 151)
(62, 164)
(62, 168)
(62, 169)
(62, 171)
(62, 191)
(62, 66)
(62, 202)
(62, 119)
(62, 77)
(62, 80)
(62, 81)
(62, 212)
(62, 85)
(62, 91)
(62, 95)
(62, 227)
(62, 104)
(62, 105)
(62, 234)
(62, 241)
(62, 244)
(62, 247)
(63, 131)
(63, 134)
(63, 153)
(63, 155)
(63, 160)
(63, 161)
(63, 162)
(63, 187)
(63, 64)
(63, 96)
(63, 71)
(63, 75)
(63, 206)
(63, 82)
(63, 83)
(63, 90)
(63, 224)
(63, 228)
(63, 103)
(63, 233)
(63, 112)
(63, 248)
(63, 122)
(63, 124)
(63, 125)
(64, 130)
(64, 132)
(64, 134)
(64, 153)
(64, 161)
(64, 71)
(64, 72)
(64, 74)
(64, 204)
(64, 206)
(64, 211)
(64, 96)
(64, 233)
(64, 235)
(64, 83)
(64, 245)
(64, 122)
(64, 124)
(65, 226)
(65, 165)
(65, 230)
(65, 200)
(65, 79)
(65, 240)
(65, 102)
(65, 118)
(65, 186)
(65, 157)
(65, 158)
(65, 69)
(66, 148)
(66, 151)
(66, 156)
(66, 167)
(66, 168)
(66, 169)
(66, 193)
(66, 202)
(66, 119)
(66, 77)
(66, 80)
(66, 99)
(66, 212)
(66, 85)
(66, 95)
(66, 227)
(66, 236)
(66, 241)
(66, 244)
(66, 247)
(67, 133)
(67, 144)
(67, 164)
(67, 171)
(67, 174)
(67, 177)
(67, 180)
(67, 184)
(67, 191)
(67, 196)
(67, 197)
(67, 201)
(67, 81)
(67, 91)
(67, 100)
(67, 104)
(67, 105)
(67, 234)
(67, 108)
(67, 239)
(67, 242)
(67, 243)
(67, 249)
(68, 137)
(68, 140)
(68, 143)
(68, 175)
(68, 185)
(68, 189)
(68, 194)
(68, 198)
(68, 73)
(68, 210)
(68, 84)
(68, 87)
(68, 216)
(68, 93)
(68, 101)
(68, 232)
(68, 107)
(68, 238)
(69, 138)
(69, 150)
(69, 152)
(69, 157)
(69, 158)
(69, 165)
(69, 178)
(69, 186)
(69, 190)
(69, 200)
(69, 79)
(69, 221)
(69, 226)
(69, 230)
(69, 240)
(69, 118)
(69, 121)
(70, 130)
(70, 147)
(70, 166)
(70, 167)
(70, 172)
(70, 176)
(70, 192)
(70, 204)
(70, 78)
(70, 211)
(70, 217)
(70, 218)
(70, 235)
(70, 237)
(70, 110)
(70, 113)
(70, 115)
(70, 116)
(70, 245)
(71, 160)
(71, 161)
(71, 155)
(71, 228)
(71, 134)
(71, 97)
(71, 233)
(71, 74)
(71, 82)
(71, 83)
(71, 215)
(71, 153)
(71, 187)
(71, 92)
(71, 159)
(72, 96)
(72, 161)
(72, 130)
(72, 132)
(72, 233)
(72, 74)
(72, 235)
(72, 204)
(72, 206)
(72, 176)
(72, 211)
(72, 245)
(72, 83)
(72, 153)
(72, 122)
(72, 124)
(73, 232)
(73, 137)
(73, 170)
(73, 107)
(73, 109)
(73, 175)
(73, 209)
(73, 84)
(73, 216)
(73, 136)
(74, 130)
(74, 132)
(74, 134)
(74, 153)
(74, 159)
(74, 161)
(74, 204)
(74, 206)
(74, 211)
(74, 96)
(74, 233)
(74, 235)
(74, 83)
(74, 245)
(75, 131)
(75, 142)
(75, 160)
(75, 161)
(75, 162)
(75, 183)
(75, 96)
(75, 195)
(75, 206)
(75, 82)
(75, 83)
(75, 88)
(75, 90)
(75, 219)
(75, 94)
(75, 224)
(75, 228)
(75, 103)
(75, 233)
(75, 111)
(75, 112)
(75, 116)
(75, 248)
(75, 122)
(75, 124)
(76, 128)
(76, 133)
(76, 135)
(76, 139)
(76, 171)
(76, 173)
(76, 177)
(76, 180)
(76, 184)
(76, 191)
(76, 197)
(76, 93)
(76, 222)
(76, 100)
(76, 114)
(76, 104)
(76, 105)
(76, 108)
(76, 242)
(76, 243)
(76, 123)
(77, 148)
(77, 151)
(77, 156)
(77, 168)
(77, 169)
(77, 202)
(77, 119)
(77, 80)
(77, 81)
(77, 212)
(77, 85)
(77, 95)
(77, 227)
(77, 234)
(77, 236)
(77, 241)
(77, 244)
(77, 247)
(78, 130)
(78, 132)
(78, 147)
(78, 167)
(78, 172)
(78, 176)
(78, 192)
(78, 204)
(78, 211)
(78, 217)
(78, 218)
(78, 235)
(78, 237)
(78, 110)
(78, 113)
(78, 115)
(78, 245)
(79, 152)
(79, 157)
(79, 158)
(79, 163)
(79, 165)
(79, 185)
(79, 186)
(79, 190)
(79, 246)
(79, 200)
(79, 226)
(79, 102)
(79, 230)
(79, 240)
(79, 118)
(79, 121)
(80, 148)
(80, 151)
(80, 156)
(80, 164)
(80, 168)
(80, 169)
(80, 171)
(80, 184)
(80, 191)
(80, 193)
(80, 202)
(80, 119)
(80, 81)
(80, 99)
(80, 212)
(80, 85)
(80, 95)
(80, 227)
(80, 104)
(80, 105)
(80, 234)
(80, 236)
(80, 241)
(80, 244)
(80, 247)
(81, 133)
(81, 148)
(81, 164)
(81, 168)
(81, 169)
(81, 171)
(81, 174)
(81, 180)
(81, 191)
(81, 202)
(81, 212)
(81, 85)
(81, 91)
(81, 95)
(81, 100)
(81, 104)
(81, 105)
(81, 234)
(81, 108)
(81, 241)
(81, 119)
(82, 134)
(82, 138)
(82, 153)
(82, 155)
(82, 160)
(82, 161)
(82, 162)
(82, 187)
(82, 96)
(82, 208)
(82, 83)
(82, 215)
(82, 90)
(82, 92)
(82, 221)
(82, 224)
(82, 228)
(82, 103)
(82, 112)
(82, 248)
(82, 125)
(83, 130)
(83, 131)
(83, 132)
(83, 134)
(83, 142)
(83, 153)
(83, 160)
(83, 161)
(83, 162)
(83, 183)
(83, 96)
(83, 206)
(83, 90)
(83, 224)
(83, 228)
(83, 233)
(83, 235)
(83, 112)
(83, 116)
(83, 248)
(83, 122)
(83, 124)
(84, 137)
(84, 140)
(84, 170)
(84, 175)
(84, 185)
(84, 189)
(84, 194)
(84, 198)
(84, 210)
(84, 87)
(84, 216)
(84, 101)
(84, 232)
(84, 107)
(84, 238)
(85, 148)
(85, 151)
(85, 164)
(85, 168)
(85, 169)
(85, 191)
(85, 202)
(85, 119)
(85, 212)
(85, 91)
(85, 95)
(85, 227)
(85, 234)
(85, 241)
(85, 244)
(85, 247)
(86, 192)
(86, 166)
(86, 106)
(86, 172)
(86, 237)
(86, 110)
(86, 141)
(86, 176)
(86, 115)
(86, 218)
(87, 135)
(87, 139)
(87, 140)
(87, 145)
(87, 146)
(87, 149)
(87, 163)
(87, 173)
(87, 179)
(87, 185)
(87, 189)
(87, 194)
(87, 198)
(87, 205)
(87, 207)
(87, 210)
(87, 216)
(87, 89)
(87, 93)
(87, 101)
(87, 231)
(87, 238)
(87, 114)
(87, 120)
(87, 123)
(88, 131)
(88, 142)
(88, 154)
(88, 156)
(88, 162)
(88, 181)
(88, 183)
(88, 193)
(88, 195)
(88, 203)
(88, 213)
(88, 214)
(88, 217)
(88, 219)
(88, 220)
(88, 222)
(88, 224)
(88, 225)
(88, 99)
(88, 229)
(88, 103)
(88, 236)
(88, 111)
(88, 112)
(88, 113)
(88, 116)
(88, 122)
(89, 135)
(89, 145)
(89, 146)
(89, 149)
(89, 152)
(89, 163)
(89, 165)
(89, 179)
(89, 182)
(89, 185)
(89, 189)
(89, 194)
(89, 198)
(89, 203)
(89, 205)
(89, 210)
(89, 216)
(89, 98)
(89, 101)
(89, 102)
(89, 231)
(89, 238)
(89, 120)
(89, 121)
(90, 131)
(90, 142)
(90, 160)
(90, 161)
(90, 162)
(90, 183)
(90, 96)
(90, 195)
(90, 206)
(90, 219)
(90, 94)
(90, 224)
(90, 228)
(90, 103)
(90, 233)
(90, 111)
(90, 112)
(90, 116)
(90, 248)
(90, 122)
(90, 124)
(90, 125)
(91, 164)
(91, 171)
(91, 174)
(91, 180)
(91, 191)
(91, 95)
(91, 100)
(91, 104)
(91, 105)
(91, 234)
(91, 108)
(91, 239)
(91, 241)
(91, 148)
(92, 129)
(92, 134)
(92, 155)
(92, 159)
(92, 178)
(92, 187)
(92, 199)
(92, 208)
(92, 215)
(92, 223)
(92, 97)
(92, 228)
(92, 117)
(92, 125)
(92, 126)
(92, 127)
(93, 135)
(93, 139)
(93, 140)
(93, 143)
(93, 145)
(93, 149)
(93, 173)
(93, 194)
(93, 198)
(93, 205)
(93, 207)
(93, 210)
(93, 238)
(93, 114)
(93, 120)
(93, 123)
(94, 131)
(94, 138)
(94, 146)
(94, 152)
(94, 160)
(94, 162)
(94, 179)
(94, 182)
(94, 183)
(94, 195)
(94, 203)
(94, 214)
(94, 219)
(94, 220)
(94, 221)
(94, 224)
(94, 98)
(94, 229)
(94, 231)
(94, 103)
(94, 111)
(94, 112)
(94, 248)
(94, 121)
(95, 148)
(95, 151)
(95, 164)
(95, 168)
(95, 169)
(95, 191)
(95, 202)
(95, 119)
(95, 212)
(95, 227)
(95, 234)
(95, 241)
(95, 244)
(95, 247)
(96, 130)
(96, 131)
(96, 132)
(96, 142)
(96, 153)
(96, 160)
(96, 161)
(96, 162)
(96, 183)
(96, 195)
(96, 206)
(96, 219)
(96, 224)
(96, 228)
(96, 103)
(96, 233)
(96, 235)
(96, 112)
(96, 116)
(96, 248)
(96, 122)
(96, 124)
(97, 134)
(97, 199)
(97, 127)
(97, 223)
(97, 117)
(97, 215)
(97, 153)
(97, 155)
(97, 126)
(97, 159)
(98, 145)
(98, 146)
(98, 149)
(98, 152)
(98, 154)
(98, 163)
(98, 179)
(98, 181)
(98, 182)
(98, 183)
(98, 195)
(98, 203)
(98, 205)
(98, 214)
(98, 220)
(98, 224)
(98, 229)
(98, 102)
(98, 231)
(98, 103)
(98, 111)
(98, 120)
(98, 121)
(99, 128)
(99, 154)
(99, 156)
(99, 181)
(99, 193)
(99, 202)
(99, 247)
(99, 213)
(99, 214)
(99, 217)
(99, 219)
(99, 220)
(99, 222)
(99, 225)
(99, 229)
(99, 236)
(99, 119)
(99, 123)
(100, 133)
(100, 144)
(100, 164)
(100, 171)
(100, 174)
(100, 177)
(100, 180)
(100, 184)
(100, 191)
(100, 196)
(100, 197)
(100, 201)
(100, 104)
(100, 105)
(100, 108)
(100, 239)
(100, 242)
(100, 243)
(100, 249)
(101, 137)
(101, 140)
(101, 163)
(101, 170)
(101, 175)
(101, 185)
(101, 189)
(101, 194)
(101, 198)
(101, 210)
(101, 216)
(101, 107)
(101, 238)
(101, 246)
(101, 120)
(102, 138)
(102, 152)
(102, 158)
(102, 163)
(102, 165)
(102, 182)
(102, 185)
(102, 186)
(102, 189)
(102, 190)
(102, 200)
(102, 221)
(102, 226)
(102, 230)
(102, 120)
(102, 121)
(103, 131)
(103, 138)
(103, 142)
(103, 146)
(103, 152)
(103, 160)
(103, 162)
(103, 179)
(103, 182)
(103, 183)
(103, 195)
(103, 203)
(103, 214)
(103, 219)
(103, 220)
(103, 224)
(103, 225)
(103, 228)
(103, 229)
(103, 111)
(103, 112)
(103, 116)
(103, 248)
(103, 122)
(103, 124)
(104, 128)
(104, 133)
(104, 164)
(104, 168)
(104, 169)
(104, 171)
(104, 174)
(104, 177)
(104, 180)
(104, 184)
(104, 191)
(104, 202)
(104, 212)
(104, 105)
(104, 234)
(104, 108)
(104, 239)
(104, 242)
(104, 243)
(104, 119)
(105, 128)
(105, 133)
(105, 164)
(105, 168)
(105, 171)
(105, 174)
(105, 177)
(105, 180)
(105, 184)
(105, 191)
(105, 202)
(105, 212)
(105, 234)
(105, 108)
(105, 239)
(105, 242)
(105, 243)
(105, 119)
(106, 192)
(106, 166)
(106, 167)
(106, 141)
(106, 110)
(106, 147)
(106, 218)
(107, 232)
(107, 137)
(107, 170)
(107, 109)
(107, 175)
(107, 209)
(107, 216)
(107, 136)
(108, 128)
(108, 133)
(108, 164)
(108, 171)
(108, 174)
(108, 177)
(108, 180)
(108, 184)
(108, 191)
(108, 197)
(108, 201)
(108, 234)
(108, 239)
(108, 242)
(108, 243)
(109, 136)
(109, 170)
(109, 209)
(109, 246)
(109, 188)
(110, 141)
(110, 147)
(110, 166)
(110, 167)
(110, 172)
(110, 192)
(110, 218)
(110, 115)
(111, 131)
(111, 142)
(111, 145)
(111, 146)
(111, 152)
(111, 154)
(111, 160)
(111, 162)
(111, 179)
(111, 181)
(111, 182)
(111, 183)
(111, 195)
(111, 203)
(111, 214)
(111, 219)
(111, 220)
(111, 224)
(111, 225)
(111, 229)
(111, 231)
(111, 112)
(111, 116)
(111, 248)
(112, 131)
(112, 142)
(112, 160)
(112, 161)
(112, 162)
(112, 183)
(112, 195)
(112, 206)
(112, 219)
(112, 224)
(112, 228)
(112, 233)
(112, 116)
(112, 248)
(112, 122)
(112, 124)
(113, 142)
(113, 131)
(113, 156)
(113, 167)
(113, 172)
(113, 204)
(113, 206)
(113, 217)
(113, 219)
(113, 225)
(113, 235)
(113, 236)
(113, 147)
(113, 116)
(113, 122)
(113, 124)
(114, 197)
(114, 135)
(114, 139)
(114, 140)
(114, 173)
(114, 238)
(114, 207)
(114, 210)
(114, 243)
(114, 143)
(115, 130)
(115, 141)
(115, 147)
(115, 172)
(115, 176)
(115, 192)
(115, 204)
(115, 211)
(115, 218)
(115, 235)
(115, 237)
(115, 245)
(116, 142)
(116, 131)
(116, 161)
(116, 162)
(116, 183)
(116, 195)
(116, 206)
(116, 217)
(116, 219)
(116, 224)
(116, 225)
(116, 229)
(116, 235)
(116, 122)
(116, 124)
(117, 129)
(117, 187)
(117, 134)
(117, 199)
(117, 127)
(117, 208)
(117, 215)
(117, 155)
(117, 126)
(117, 223)
(118, 226)
(118, 230)
(118, 200)
(118, 138)
(118, 157)
(118, 178)
(118, 158)
(118, 150)
(118, 186)
(118, 221)
(118, 190)
(119, 128)
(119, 133)
(119, 148)
(119, 151)
(119, 156)
(119, 164)
(119, 168)
(119, 169)
(119, 171)
(119, 184)
(119, 191)
(119, 193)
(119, 202)
(119, 212)
(119, 227)
(119, 234)
(119, 236)
(119, 241)
(119, 244)
(119, 247)
(120, 135)
(120, 145)
(120, 146)
(120, 149)
(120, 163)
(120, 173)
(120, 179)
(120, 182)
(120, 185)
(120, 189)
(120, 194)
(120, 198)
(120, 203)
(120, 205)
(120, 210)
(120, 231)
(120, 238)
(121, 138)
(121, 150)
(121, 152)
(121, 158)
(121, 163)
(121, 165)
(121, 182)
(121, 185)
(121, 186)
(121, 190)
(121, 221)
(121, 230)
(122, 130)
(122, 131)
(122, 132)
(122, 142)
(122, 160)
(122, 161)
(122, 162)
(122, 183)
(122, 195)
(122, 204)
(122, 206)
(122, 217)
(122, 219)
(122, 224)
(122, 233)
(122, 235)
(122, 124)
(123, 128)
(123, 133)
(123, 135)
(123, 139)
(123, 145)
(123, 146)
(123, 149)
(123, 154)
(123, 173)
(123, 179)
(123, 181)
(123, 184)
(123, 203)
(123, 205)
(123, 210)
(123, 213)
(123, 214)
(123, 220)
(123, 222)
(123, 231)
(124, 130)
(124, 131)
(124, 132)
(124, 142)
(124, 160)
(124, 161)
(124, 162)
(124, 183)
(124, 195)
(124, 204)
(124, 206)
(124, 219)
(124, 224)
(124, 233)
(124, 235)
(125, 138)
(125, 150)
(125, 152)
(125, 155)
(125, 158)
(125, 160)
(125, 178)
(125, 187)
(125, 190)
(125, 208)
(125, 215)
(125, 221)
(125, 228)
(125, 230)
(125, 248)
(126, 129)
(126, 155)
(126, 134)
(126, 199)
(126, 127)
(126, 223)
(126, 208)
(126, 215)
(126, 187)
(126, 159)
(127, 129)
(127, 155)
(127, 134)
(127, 199)
(127, 159)
(127, 208)
(127, 178)
(127, 215)
(127, 187)
(127, 223)
(128, 133)
(128, 154)
(128, 171)
(128, 181)
(128, 184)
(128, 191)
(128, 202)
(128, 213)
(128, 222)
(128, 242)
(128, 243)
(129, 199)
(129, 215)
(129, 208)
(129, 187)
(129, 223)
(130, 132)
(130, 161)
(130, 172)
(130, 176)
(130, 204)
(130, 206)
(130, 211)
(130, 233)
(130, 235)
(130, 237)
(130, 245)
(131, 142)
(131, 160)
(131, 161)
(131, 162)
(131, 183)
(131, 195)
(131, 206)
(131, 219)
(131, 220)
(131, 224)
(131, 225)
(131, 229)
(131, 233)
(131, 235)
(131, 248)
(132, 153)
(132, 161)
(132, 176)
(132, 204)
(132, 206)
(132, 233)
(132, 235)
(132, 211)
(132, 245)
(133, 164)
(133, 171)
(133, 174)
(133, 177)
(133, 180)
(133, 184)
(133, 191)
(133, 197)
(133, 202)
(133, 222)
(133, 234)
(133, 239)
(133, 242)
(133, 243)
(134, 153)
(134, 155)
(134, 159)
(134, 187)
(134, 199)
(134, 208)
(134, 215)
(134, 223)
(134, 228)
(134, 233)
(135, 140)
(135, 145)
(135, 146)
(135, 149)
(135, 154)
(135, 173)
(135, 179)
(135, 189)
(135, 194)
(135, 139)
(135, 198)
(135, 205)
(135, 210)
(135, 222)
(135, 231)
(135, 238)
(136, 232)
(136, 170)
(136, 209)
(136, 246)
(136, 188)
(137, 232)
(137, 140)
(137, 143)
(137, 216)
(137, 175)
(138, 150)
(138, 152)
(138, 158)
(138, 160)
(138, 165)
(138, 178)
(138, 182)
(138, 186)
(138, 190)
(138, 221)
(138, 228)
(138, 230)
(138, 248)
(139, 140)
(139, 143)
(139, 173)
(139, 177)
(139, 197)
(139, 207)
(139, 210)
(139, 238)
(139, 242)
(139, 243)
(140, 143)
(140, 173)
(140, 175)
(140, 194)
(140, 198)
(140, 207)
(140, 210)
(140, 216)
(140, 238)
(141, 192)
(141, 166)
(141, 172)
(141, 237)
(141, 147)
(141, 218)
(142, 161)
(142, 162)
(142, 183)
(142, 195)
(142, 206)
(142, 217)
(142, 219)
(142, 220)
(142, 224)
(142, 225)
(142, 229)
(142, 235)
(143, 238)
(143, 175)
(143, 210)
(143, 207)
(144, 196)
(144, 197)
(144, 201)
(144, 174)
(144, 239)
(144, 177)
(144, 242)
(144, 243)
(144, 180)
(144, 249)
(145, 146)
(145, 149)
(145, 154)
(145, 163)
(145, 173)
(145, 179)
(145, 181)
(145, 182)
(145, 203)
(145, 205)
(145, 210)
(145, 213)
(145, 214)
(145, 220)
(145, 222)
(145, 229)
(145, 231)
(145, 238)
(146, 149)
(146, 154)
(146, 163)
(146, 179)
(146, 181)
(146, 182)
(146, 189)
(146, 195)
(146, 203)
(146, 205)
(146, 213)
(146, 214)
(146, 220)
(146, 222)
(146, 229)
(146, 231)
(147, 166)
(147, 167)
(147, 172)
(147, 176)
(147, 192)
(147, 204)
(147, 217)
(147, 218)
(147, 235)
(147, 237)
(147, 245)
(148, 151)
(148, 164)
(148, 168)
(148, 169)
(148, 191)
(148, 202)
(148, 212)
(148, 227)
(148, 234)
(148, 241)
(148, 244)
(148, 247)
(149, 154)
(149, 163)
(149, 173)
(149, 179)
(149, 181)
(149, 182)
(149, 185)
(149, 189)
(149, 194)
(149, 198)
(149, 203)
(149, 205)
(149, 210)
(149, 214)
(149, 220)
(149, 222)
(149, 231)
(149, 238)
(150, 152)
(150, 157)
(150, 158)
(150, 165)
(150, 178)
(150, 186)
(150, 187)
(150, 190)
(150, 208)
(150, 221)
(150, 230)
(151, 168)
(151, 169)
(151, 202)
(151, 247)
(151, 212)
(151, 227)
(151, 234)
(151, 236)
(151, 241)
(151, 244)
(152, 158)
(152, 163)
(152, 165)
(152, 182)
(152, 186)
(152, 190)
(152, 195)
(152, 221)
(152, 230)
(152, 248)
(153, 155)
(153, 159)
(153, 160)
(153, 161)
(153, 228)
(153, 233)
(154, 179)
(154, 181)
(154, 193)
(154, 195)
(154, 203)
(154, 205)
(154, 213)
(154, 214)
(154, 219)
(154, 220)
(154, 222)
(154, 225)
(154, 229)
(154, 231)
(155, 159)
(155, 160)
(155, 187)
(155, 199)
(155, 208)
(155, 215)
(155, 223)
(155, 228)
(156, 167)
(156, 168)
(156, 169)
(156, 193)
(156, 202)
(156, 212)
(156, 213)
(156, 217)
(156, 225)
(156, 236)
(156, 244)
(156, 247)
(157, 226)
(157, 165)
(157, 230)
(157, 200)
(157, 240)
(157, 178)
(157, 158)
(157, 186)
(157, 190)
(158, 165)
(158, 178)
(158, 186)
(158, 190)
(158, 200)
(158, 221)
(158, 226)
(158, 230)
(159, 199)
(159, 215)
(159, 223)
(160, 161)
(160, 162)
(160, 183)
(160, 187)
(160, 195)
(160, 206)
(160, 221)
(160, 224)
(160, 228)
(160, 233)
(160, 248)
(161, 162)
(161, 183)
(161, 204)
(161, 206)
(161, 224)
(161, 228)
(161, 233)
(161, 235)
(161, 248)
(162, 183)
(162, 195)
(162, 206)
(162, 219)
(162, 224)
(162, 228)
(162, 233)
(162, 248)
(163, 165)
(163, 179)
(163, 182)
(163, 185)
(163, 189)
(163, 194)
(163, 198)
(163, 205)
(163, 216)
(163, 231)
(163, 246)
(164, 168)
(164, 171)
(164, 174)
(164, 180)
(164, 184)
(164, 191)
(164, 201)
(164, 202)
(164, 212)
(164, 234)
(164, 239)
(164, 241)
(164, 242)
(164, 243)
(165, 182)
(165, 185)
(165, 186)
(165, 189)
(165, 190)
(165, 200)
(165, 221)
(165, 226)
(165, 230)
(166, 192)
(166, 167)
(166, 172)
(166, 218)
(167, 172)
(167, 192)
(167, 193)
(167, 217)
(167, 218)
(167, 236)
(167, 244)
(167, 247)
(168, 169)
(168, 171)
(168, 191)
(168, 193)
(168, 202)
(168, 212)
(168, 227)
(168, 234)
(168, 236)
(168, 241)
(168, 244)
(168, 247)
(169, 191)
(169, 193)
(169, 202)
(169, 212)
(169, 227)
(169, 234)
(169, 236)
(169, 241)
(169, 244)
(169, 247)
(170, 232)
(170, 175)
(170, 209)
(170, 246)
(170, 216)
(170, 188)
(171, 174)
(171, 177)
(171, 180)
(171, 184)
(171, 191)
(171, 201)
(171, 202)
(171, 212)
(171, 234)
(171, 239)
(171, 242)
(171, 243)
(172, 176)
(172, 192)
(172, 204)
(172, 211)
(172, 217)
(172, 218)
(172, 235)
(172, 237)
(172, 245)
(173, 194)
(173, 198)
(173, 205)
(173, 207)
(173, 210)
(173, 222)
(173, 231)
(173, 238)
(174, 177)
(174, 180)
(174, 184)
(174, 191)
(174, 196)
(174, 197)
(174, 201)
(174, 234)
(174, 239)
(174, 242)
(174, 243)
(174, 249)
(175, 194)
(175, 198)
(175, 216)
(175, 232)
(175, 238)
(176, 192)
(176, 235)
(176, 204)
(176, 237)
(176, 211)
(176, 245)
(176, 218)
(177, 180)
(177, 184)
(177, 191)
(177, 196)
(177, 197)
(177, 201)
(177, 239)
(177, 242)
(177, 243)
(177, 249)
(178, 230)
(178, 208)
(178, 215)
(178, 186)
(178, 187)
(178, 221)
(178, 190)
(179, 182)
(179, 189)
(179, 181)
(179, 195)
(179, 203)
(179, 205)
(179, 214)
(179, 220)
(179, 222)
(179, 229)
(179, 231)
(180, 184)
(180, 191)
(180, 196)
(180, 197)
(180, 201)
(180, 234)
(180, 239)
(180, 242)
(180, 243)
(180, 249)
(181, 193)
(181, 203)
(181, 205)
(181, 213)
(181, 214)
(181, 219)
(181, 220)
(181, 222)
(181, 225)
(181, 229)
(181, 231)
(182, 183)
(182, 195)
(182, 203)
(182, 205)
(182, 214)
(182, 220)
(182, 224)
(182, 231)
(182, 248)
(183, 214)
(183, 195)
(183, 206)
(183, 203)
(183, 219)
(183, 220)
(183, 224)
(183, 225)
(183, 229)
(183, 248)
(184, 191)
(184, 202)
(184, 222)
(184, 234)
(184, 242)
(184, 243)
(185, 189)
(185, 194)
(185, 198)
(185, 205)
(185, 216)
(185, 246)
(186, 190)
(186, 200)
(186, 221)
(186, 226)
(186, 230)
(186, 240)
(187, 199)
(187, 208)
(187, 215)
(187, 221)
(187, 223)
(187, 228)
(187, 248)
(188, 209)
(188, 246)
(189, 194)
(189, 198)
(189, 205)
(189, 210)
(189, 216)
(189, 238)
(189, 246)
(190, 200)
(190, 221)
(190, 230)
(190, 248)
(191, 202)
(191, 212)
(191, 234)
(191, 239)
(191, 242)
(191, 243)
(192, 237)
(192, 218)
(193, 202)
(193, 212)
(193, 213)
(193, 217)
(193, 222)
(193, 225)
(193, 229)
(193, 236)
(193, 244)
(193, 247)
(194, 198)
(194, 205)
(194, 210)
(194, 216)
(194, 238)
(194, 246)
(195, 203)
(195, 214)
(195, 219)
(195, 220)
(195, 224)
(195, 225)
(195, 229)
(195, 231)
(195, 248)
(196, 197)
(196, 201)
(196, 239)
(196, 242)
(196, 249)
(197, 242)
(197, 201)
(197, 207)
(197, 239)
(197, 243)
(197, 249)
(198, 205)
(198, 210)
(198, 216)
(198, 238)
(198, 246)
(199, 215)
(199, 208)
(199, 223)
(200, 226)
(200, 230)
(200, 240)
(201, 239)
(201, 242)
(201, 243)
(201, 249)
(202, 212)
(202, 227)
(202, 234)
(202, 236)
(202, 241)
(202, 244)
(202, 247)
(203, 222)
(203, 205)
(203, 213)
(203, 214)
(203, 219)
(203, 220)
(203, 224)
(203, 225)
(203, 229)
(203, 231)
(204, 206)
(204, 211)
(204, 233)
(204, 235)
(204, 237)
(204, 245)
(205, 210)
(205, 214)
(205, 220)
(205, 222)
(205, 231)
(205, 238)
(206, 219)
(206, 224)
(206, 228)
(206, 233)
(206, 235)
(207, 238)
(207, 210)
(208, 228)
(208, 215)
(208, 223)
(209, 232)
(209, 246)
(210, 216)
(210, 238)
(211, 233)
(211, 235)
(211, 237)
(211, 245)
(212, 227)
(212, 234)
(212, 236)
(212, 241)
(212, 244)
(212, 247)
(213, 214)
(213, 219)
(213, 220)
(213, 222)
(213, 225)
(213, 229)
(213, 231)
(213, 236)
(214, 222)
(214, 219)
(214, 220)
(214, 224)
(214, 225)
(214, 229)
(214, 231)
(215, 223)
(215, 228)
(216, 232)
(216, 238)
(216, 246)
(217, 219)
(217, 225)
(217, 236)
(217, 247)
(218, 237)
(219, 220)
(219, 224)
(219, 225)
(219, 229)
(220, 222)
(220, 224)
(220, 225)
(220, 229)
(220, 231)
(221, 228)
(221, 230)
(221, 248)
(222, 225)
(222, 229)
(222, 231)
(224, 225)
(224, 228)
(224, 229)
(224, 248)
(225, 229)
(225, 231)
(225, 236)
(226, 230)
(226, 240)
(226, 246)
(227, 247)
(227, 236)
(227, 241)
(227, 244)
(228, 233)
(228, 248)
(229, 231)
(233, 235)
(234, 241)
(234, 242)
(235, 237)
(235, 245)
(236, 241)
(236, 247)
(236, 244)
(237, 245)
(239, 242)
(239, 243)
(239, 249)
(241, 247)
(241, 244)
(242, 243)
(243, 249)
(244, 247)
