#Nodes
0
1
2
3
4
5
6
7
8
9
10
11
12
13
14
15
16
17
18
19
20
21
22
23
24
25
26
27
28
29
30
31
32
33
34
35
36
37
38
39
40
41
42
43
44
45
46
47
48
49
50
51
52
53
54
55
56
57
58
59
60
61
62
63
64
65
66
67
68
69
70
71
72
73
74
75
76
77
78
79
80
81
82
83
84
85
86
87
88
89
90
91
92
93
94
95
96
97
98
99
100
101
102
103
104
105
106
107
108
109
110
111
112
113
114
115
116
117
118
119
120
121
122
123
124
125
126
127
128
129
130
131
132
133
134
135
136
137
138
139
140
141
142
143
144
145
146
147
148
149
150
151
152
153
154
155
156
157
158
159
160
161
162
163
164
165
166
167
168
169
170
171
172
173
174
175
176
177
178
179
180
181
182
183
184
185
186
187
188
189
190
191
192
193
194
195
196
197
198
199
200
201
202
203
204
205
206
207
208
209
210
211
212
213
214
215
216
217
218
219
220
221
222
223
224
225
226
227
228
229
230
231
232
233
234
235
236
237
238
239
240
241
242
243
244
245
246
247
248
249
#Edges
(0, 97)
(0, 66)
(0, 11)
(0, 196)
(0, 104)
(0, 74)
(0, 203)
(0, 34)
(0, 46)
(0, 113)
(0, 179)
(0, 212)
(0, 119)
(0, 4)
(0, 61)
(1, 45)
(1, 5)
(1, 136)
(1, 204)
(1, 170)
(1, 235)
(1, 236)
(1, 110)
(1, 142)
(1, 125)
(1, 176)
(1, 82)
(1, 117)
(1, 152)
(1, 217)
(1, 29)
(1, 157)
(2, 5)
(2, 7)
(2, 17)
(2, 154)
(2, 26)
(2, 163)
(2, 37)
(2, 52)
(2, 55)
(2, 193)
(2, 67)
(2, 70)
(2, 204)
(2, 206)
(2, 210)
(2, 35)
(2, 86)
(2, 217)
(2, 229)
(2, 236)
(2, 243)
(2, 117)
(3, 130)
(3, 8)
(3, 138)
(3, 15)
(3, 144)
(3, 156)
(3, 161)
(3, 39)
(3, 171)
(3, 173)
(3, 178)
(3, 182)
(3, 56)
(3, 185)
(3, 59)
(3, 188)
(3, 197)
(3, 199)
(3, 211)
(3, 213)
(3, 222)
(3, 223)
(3, 226)
(3, 230)
(3, 232)
(3, 234)
(3, 238)
(3, 111)
(4, 128)
(4, 131)
(4, 137)
(4, 11)
(4, 20)
(4, 158)
(4, 34)
(4, 167)
(4, 61)
(4, 190)
(4, 192)
(4, 66)
(4, 196)
(4, 74)
(4, 203)
(4, 77)
(4, 212)
(4, 88)
(4, 95)
(4, 224)
(4, 228)
(4, 104)
(4, 107)
(4, 113)
(4, 246)
(4, 127)
(5, 7)
(5, 136)
(5, 142)
(5, 17)
(5, 19)
(5, 154)
(5, 26)
(5, 176)
(5, 163)
(5, 37)
(5, 170)
(5, 48)
(5, 50)
(5, 52)
(5, 188)
(5, 193)
(5, 204)
(5, 206)
(5, 35)
(5, 86)
(5, 217)
(5, 229)
(5, 231)
(5, 232)
(5, 236)
(5, 110)
(5, 243)
(5, 117)
(5, 42)
(6, 130)
(6, 133)
(6, 138)
(6, 19)
(6, 156)
(6, 161)
(6, 39)
(6, 169)
(6, 42)
(6, 48)
(6, 50)
(6, 54)
(6, 189)
(6, 194)
(6, 195)
(6, 68)
(6, 199)
(6, 215)
(6, 220)
(6, 100)
(6, 230)
(6, 231)
(6, 108)
(6, 111)
(6, 41)
(7, 17)
(7, 154)
(7, 26)
(7, 163)
(7, 37)
(7, 52)
(7, 55)
(7, 188)
(7, 193)
(7, 67)
(7, 70)
(7, 204)
(7, 206)
(7, 210)
(7, 35)
(7, 86)
(7, 229)
(7, 236)
(7, 241)
(7, 243)
(7, 117)
(7, 248)
(8, 10)
(8, 141)
(8, 15)
(8, 144)
(8, 151)
(8, 173)
(8, 178)
(8, 182)
(8, 197)
(8, 79)
(8, 99)
(8, 213)
(8, 143)
(8, 93)
(8, 222)
(8, 223)
(8, 226)
(8, 227)
(8, 233)
(8, 234)
(8, 242)
(8, 211)
(8, 120)
(9, 164)
(9, 71)
(9, 168)
(9, 237)
(9, 16)
(9, 18)
(9, 51)
(9, 244)
(9, 57)
(9, 150)
(9, 183)
(9, 184)
(9, 132)
(9, 186)
(9, 27)
(9, 58)
(10, 226)
(10, 227)
(10, 197)
(10, 135)
(10, 233)
(10, 234)
(10, 213)
(10, 141)
(10, 143)
(10, 99)
(10, 242)
(10, 211)
(10, 245)
(10, 182)
(10, 151)
(10, 120)
(10, 79)
(10, 93)
(10, 223)
(11, 137)
(11, 139)
(11, 20)
(11, 24)
(11, 158)
(11, 160)
(11, 34)
(11, 179)
(11, 61)
(11, 190)
(11, 191)
(11, 64)
(11, 65)
(11, 66)
(11, 196)
(11, 74)
(11, 203)
(11, 212)
(11, 88)
(11, 97)
(11, 104)
(11, 113)
(11, 246)
(12, 13)
(12, 148)
(12, 22)
(12, 25)
(12, 32)
(12, 166)
(12, 40)
(12, 43)
(12, 177)
(12, 53)
(12, 62)
(12, 73)
(12, 85)
(12, 214)
(12, 87)
(12, 38)
(12, 105)
(12, 114)
(12, 115)
(12, 118)
(12, 247)
(12, 249)
(12, 126)
(13, 130)
(13, 43)
(13, 133)
(13, 222)
(13, 148)
(13, 22)
(13, 25)
(13, 155)
(13, 162)
(13, 38)
(13, 40)
(13, 171)
(13, 181)
(13, 56)
(13, 185)
(13, 59)
(13, 62)
(13, 198)
(13, 73)
(13, 85)
(13, 91)
(13, 94)
(13, 105)
(13, 109)
(13, 238)
(13, 240)
(13, 114)
(13, 115)
(13, 116)
(13, 123)
(13, 124)
(13, 126)
(14, 16)
(14, 146)
(14, 149)
(14, 150)
(14, 30)
(14, 36)
(14, 168)
(14, 44)
(14, 174)
(14, 47)
(14, 49)
(14, 183)
(14, 184)
(14, 57)
(14, 58)
(14, 60)
(14, 63)
(14, 71)
(14, 80)
(14, 81)
(14, 82)
(14, 219)
(14, 221)
(14, 208)
(14, 98)
(14, 209)
(14, 106)
(14, 244)
(14, 122)
(15, 130)
(15, 138)
(15, 144)
(15, 156)
(15, 161)
(15, 39)
(15, 42)
(15, 173)
(15, 178)
(15, 182)
(15, 185)
(15, 188)
(15, 197)
(15, 199)
(15, 211)
(15, 213)
(15, 222)
(15, 223)
(15, 226)
(15, 99)
(15, 230)
(15, 232)
(15, 233)
(15, 234)
(15, 238)
(15, 111)
(15, 50)
(15, 242)
(16, 132)
(16, 18)
(16, 149)
(16, 150)
(16, 27)
(16, 30)
(16, 36)
(16, 168)
(16, 44)
(16, 174)
(16, 47)
(16, 49)
(16, 51)
(16, 183)
(16, 184)
(16, 57)
(16, 58)
(16, 60)
(16, 71)
(16, 80)
(16, 81)
(16, 82)
(16, 186)
(16, 98)
(16, 209)
(16, 106)
(16, 235)
(16, 244)
(16, 122)
(17, 142)
(17, 154)
(17, 26)
(17, 163)
(17, 37)
(17, 52)
(17, 55)
(17, 193)
(17, 70)
(17, 204)
(17, 206)
(17, 210)
(17, 35)
(17, 86)
(17, 217)
(17, 229)
(17, 236)
(17, 243)
(17, 117)
(18, 98)
(18, 164)
(18, 71)
(18, 168)
(18, 237)
(18, 174)
(18, 72)
(18, 82)
(18, 51)
(18, 244)
(18, 149)
(18, 150)
(18, 183)
(18, 184)
(18, 132)
(18, 186)
(18, 27)
(18, 58)
(19, 136)
(19, 108)
(19, 138)
(19, 142)
(19, 39)
(19, 156)
(19, 161)
(19, 37)
(19, 48)
(19, 169)
(19, 170)
(19, 176)
(19, 50)
(19, 189)
(19, 194)
(19, 199)
(19, 206)
(19, 215)
(19, 217)
(19, 231)
(19, 106)
(19, 235)
(19, 236)
(19, 110)
(19, 111)
(19, 243)
(19, 42)
(20, 64)
(20, 131)
(20, 137)
(20, 139)
(20, 147)
(20, 24)
(20, 158)
(20, 31)
(20, 160)
(20, 34)
(20, 172)
(20, 175)
(20, 190)
(20, 191)
(20, 192)
(20, 65)
(20, 66)
(20, 196)
(20, 69)
(20, 201)
(20, 203)
(20, 88)
(20, 89)
(20, 218)
(20, 96)
(20, 97)
(20, 101)
(20, 104)
(20, 246)
(21, 225)
(21, 67)
(21, 75)
(21, 70)
(21, 102)
(21, 145)
(21, 135)
(21, 140)
(21, 78)
(21, 207)
(21, 241)
(21, 83)
(21, 245)
(21, 23)
(21, 248)
(21, 153)
(21, 33)
(22, 43)
(22, 222)
(22, 148)
(22, 25)
(22, 32)
(22, 162)
(22, 38)
(22, 40)
(22, 171)
(22, 181)
(22, 56)
(22, 185)
(22, 59)
(22, 62)
(22, 198)
(22, 73)
(22, 85)
(22, 87)
(22, 94)
(22, 105)
(22, 109)
(22, 238)
(22, 240)
(22, 114)
(22, 115)
(22, 118)
(22, 249)
(22, 123)
(22, 124)
(22, 126)
(23, 33)
(23, 67)
(23, 70)
(23, 102)
(23, 145)
(23, 78)
(23, 207)
(23, 241)
(23, 210)
(23, 83)
(23, 55)
(23, 248)
(23, 153)
(24, 139)
(24, 31)
(24, 160)
(24, 34)
(24, 172)
(24, 46)
(24, 175)
(24, 179)
(24, 191)
(24, 64)
(24, 65)
(24, 196)
(24, 69)
(24, 74)
(24, 203)
(24, 89)
(24, 218)
(24, 97)
(24, 104)
(24, 246)
(25, 130)
(25, 43)
(25, 133)
(25, 148)
(25, 155)
(25, 28)
(25, 32)
(25, 162)
(25, 38)
(25, 40)
(25, 171)
(25, 177)
(25, 53)
(25, 56)
(25, 185)
(25, 59)
(25, 62)
(25, 198)
(25, 73)
(25, 205)
(25, 77)
(25, 85)
(25, 214)
(25, 91)
(25, 94)
(25, 95)
(25, 228)
(25, 105)
(25, 107)
(25, 238)
(25, 240)
(25, 114)
(25, 116)
(25, 118)
(25, 123)
(25, 124)
(25, 126)
(26, 135)
(26, 140)
(26, 154)
(26, 163)
(26, 37)
(26, 50)
(26, 52)
(26, 55)
(26, 188)
(26, 193)
(26, 70)
(26, 75)
(26, 204)
(26, 206)
(26, 35)
(26, 86)
(26, 229)
(26, 232)
(26, 233)
(26, 236)
(26, 241)
(26, 243)
(26, 117)
(26, 248)
(27, 98)
(27, 164)
(27, 71)
(27, 168)
(27, 237)
(27, 174)
(27, 80)
(27, 51)
(27, 244)
(27, 57)
(27, 150)
(27, 183)
(27, 184)
(27, 132)
(27, 186)
(27, 58)
(28, 130)
(28, 133)
(28, 137)
(28, 155)
(28, 158)
(28, 38)
(28, 167)
(28, 43)
(28, 180)
(28, 53)
(28, 54)
(28, 190)
(28, 195)
(28, 68)
(28, 198)
(28, 205)
(28, 77)
(28, 85)
(28, 214)
(28, 88)
(28, 91)
(28, 92)
(28, 94)
(28, 95)
(28, 224)
(28, 228)
(28, 101)
(28, 105)
(28, 107)
(28, 240)
(28, 114)
(28, 116)
(28, 123)
(28, 124)
(28, 127)
(29, 136)
(29, 45)
(29, 125)
(29, 72)
(29, 152)
(29, 157)
(30, 209)
(30, 149)
(30, 150)
(30, 36)
(30, 44)
(30, 174)
(30, 47)
(30, 176)
(30, 58)
(30, 60)
(30, 63)
(30, 208)
(30, 81)
(30, 82)
(30, 215)
(30, 219)
(30, 221)
(30, 98)
(30, 231)
(30, 106)
(30, 235)
(30, 244)
(30, 122)
(31, 129)
(31, 131)
(31, 134)
(31, 64)
(31, 137)
(31, 139)
(31, 147)
(31, 158)
(31, 160)
(31, 34)
(31, 165)
(31, 172)
(31, 175)
(31, 191)
(31, 192)
(31, 65)
(31, 69)
(31, 201)
(31, 84)
(31, 89)
(31, 218)
(31, 96)
(31, 103)
(31, 104)
(31, 246)
(32, 128)
(32, 148)
(32, 166)
(32, 167)
(32, 40)
(32, 43)
(32, 177)
(32, 53)
(32, 73)
(32, 77)
(32, 85)
(32, 214)
(32, 91)
(32, 228)
(32, 38)
(32, 105)
(32, 107)
(32, 114)
(32, 118)
(32, 247)
(32, 123)
(32, 126)
(32, 127)
(33, 67)
(33, 70)
(33, 102)
(33, 145)
(33, 78)
(33, 207)
(33, 241)
(33, 210)
(33, 83)
(33, 55)
(33, 248)
(33, 153)
(34, 64)
(34, 131)
(34, 137)
(34, 139)
(34, 147)
(34, 158)
(34, 160)
(34, 172)
(34, 175)
(34, 179)
(34, 190)
(34, 191)
(34, 192)
(34, 65)
(34, 66)
(34, 196)
(34, 69)
(34, 74)
(34, 203)
(34, 212)
(34, 89)
(34, 218)
(34, 97)
(34, 104)
(34, 246)
(35, 135)
(35, 140)
(35, 145)
(35, 154)
(35, 163)
(35, 37)
(35, 52)
(35, 55)
(35, 188)
(35, 193)
(35, 70)
(35, 75)
(35, 204)
(35, 206)
(35, 213)
(35, 86)
(35, 225)
(35, 99)
(35, 229)
(35, 232)
(35, 233)
(35, 236)
(35, 241)
(35, 243)
(35, 248)
(36, 129)
(36, 134)
(36, 146)
(36, 150)
(36, 81)
(36, 165)
(36, 44)
(36, 174)
(36, 47)
(36, 49)
(36, 60)
(36, 63)
(36, 208)
(36, 209)
(36, 84)
(36, 215)
(36, 219)
(36, 221)
(36, 96)
(36, 98)
(36, 103)
(36, 106)
(36, 122)
(37, 108)
(37, 142)
(37, 154)
(37, 156)
(37, 163)
(37, 39)
(37, 170)
(37, 48)
(37, 50)
(37, 188)
(37, 193)
(37, 204)
(37, 206)
(37, 217)
(37, 229)
(37, 232)
(37, 236)
(37, 110)
(37, 243)
(37, 42)
(38, 128)
(38, 43)
(38, 155)
(38, 166)
(38, 167)
(38, 40)
(38, 171)
(38, 177)
(38, 53)
(38, 198)
(38, 73)
(38, 205)
(38, 77)
(38, 85)
(38, 214)
(38, 88)
(38, 91)
(38, 92)
(38, 94)
(38, 95)
(38, 224)
(38, 228)
(38, 105)
(38, 107)
(38, 240)
(38, 113)
(38, 114)
(38, 116)
(38, 118)
(38, 247)
(38, 123)
(38, 124)
(38, 127)
(39, 130)
(39, 133)
(39, 138)
(39, 156)
(39, 161)
(39, 169)
(39, 42)
(39, 173)
(39, 48)
(39, 178)
(39, 54)
(39, 188)
(39, 189)
(39, 194)
(39, 195)
(39, 68)
(39, 199)
(39, 206)
(39, 220)
(39, 50)
(39, 230)
(39, 232)
(39, 108)
(39, 111)
(39, 243)
(39, 41)
(40, 43)
(40, 148)
(40, 162)
(40, 166)
(40, 171)
(40, 177)
(40, 181)
(40, 56)
(40, 59)
(40, 62)
(40, 73)
(40, 85)
(40, 87)
(40, 105)
(40, 109)
(40, 114)
(40, 115)
(40, 118)
(40, 247)
(40, 249)
(40, 123)
(40, 126)
(41, 130)
(41, 133)
(41, 138)
(41, 155)
(41, 156)
(41, 161)
(41, 169)
(41, 42)
(41, 173)
(41, 48)
(41, 50)
(41, 54)
(41, 185)
(41, 189)
(41, 194)
(41, 195)
(41, 68)
(41, 199)
(41, 205)
(41, 220)
(41, 94)
(41, 100)
(41, 230)
(41, 108)
(41, 111)
(41, 240)
(41, 116)
(41, 124)
(42, 130)
(42, 133)
(42, 138)
(42, 142)
(42, 156)
(42, 161)
(42, 169)
(42, 173)
(42, 48)
(42, 50)
(42, 188)
(42, 189)
(42, 194)
(42, 195)
(42, 68)
(42, 199)
(42, 206)
(42, 217)
(42, 220)
(42, 230)
(42, 231)
(42, 232)
(42, 108)
(42, 110)
(42, 111)
(42, 243)
(43, 148)
(43, 155)
(43, 162)
(43, 166)
(43, 171)
(43, 177)
(43, 53)
(43, 56)
(43, 185)
(43, 59)
(43, 62)
(43, 198)
(43, 73)
(43, 77)
(43, 85)
(43, 214)
(43, 91)
(43, 94)
(43, 95)
(43, 228)
(43, 105)
(43, 107)
(43, 238)
(43, 240)
(43, 114)
(43, 115)
(43, 116)
(43, 118)
(43, 247)
(43, 123)
(43, 124)
(43, 126)
(44, 209)
(44, 149)
(44, 150)
(44, 174)
(44, 47)
(44, 176)
(44, 58)
(44, 60)
(44, 63)
(44, 208)
(44, 81)
(44, 82)
(44, 215)
(44, 219)
(44, 221)
(44, 98)
(44, 231)
(44, 106)
(44, 235)
(44, 122)
(45, 136)
(45, 125)
(45, 152)
(45, 82)
(45, 51)
(45, 184)
(45, 72)
(45, 157)
(46, 160)
(46, 97)
(46, 139)
(46, 196)
(46, 74)
(46, 203)
(46, 179)
(46, 212)
(46, 119)
(46, 89)
(46, 191)
(47, 136)
(47, 209)
(47, 149)
(47, 150)
(47, 152)
(47, 170)
(47, 174)
(47, 176)
(47, 51)
(47, 184)
(47, 58)
(47, 60)
(47, 71)
(47, 81)
(47, 82)
(47, 98)
(47, 231)
(47, 106)
(47, 235)
(47, 244)
(47, 122)
(48, 108)
(48, 138)
(48, 142)
(48, 156)
(48, 161)
(48, 163)
(48, 170)
(48, 173)
(48, 50)
(48, 188)
(48, 189)
(48, 194)
(48, 199)
(48, 204)
(48, 206)
(48, 217)
(48, 229)
(48, 230)
(48, 231)
(48, 232)
(48, 236)
(48, 110)
(48, 111)
(48, 243)
(49, 80)
(49, 98)
(49, 134)
(49, 174)
(49, 208)
(49, 81)
(49, 146)
(49, 58)
(49, 244)
(49, 150)
(49, 57)
(49, 122)
(49, 219)
(49, 60)
(49, 221)
(49, 63)
(50, 108)
(50, 138)
(50, 142)
(50, 156)
(50, 161)
(50, 163)
(50, 173)
(50, 178)
(50, 188)
(50, 189)
(50, 193)
(50, 199)
(50, 206)
(50, 217)
(50, 229)
(50, 230)
(50, 232)
(50, 236)
(50, 110)
(50, 111)
(50, 243)
(51, 132)
(51, 149)
(51, 150)
(51, 152)
(51, 164)
(51, 168)
(51, 174)
(51, 183)
(51, 184)
(51, 186)
(51, 71)
(51, 72)
(51, 82)
(51, 58)
(51, 237)
(51, 244)
(52, 193)
(52, 163)
(52, 70)
(52, 236)
(52, 204)
(52, 210)
(52, 67)
(52, 117)
(52, 86)
(52, 55)
(52, 154)
(52, 125)
(53, 128)
(53, 166)
(53, 167)
(53, 177)
(53, 66)
(53, 198)
(53, 73)
(53, 77)
(53, 85)
(53, 214)
(53, 88)
(53, 91)
(53, 92)
(53, 94)
(53, 95)
(53, 224)
(53, 228)
(53, 105)
(53, 107)
(53, 113)
(53, 114)
(53, 118)
(53, 247)
(53, 123)
(53, 127)
(54, 130)
(54, 133)
(54, 138)
(54, 155)
(54, 156)
(54, 161)
(54, 169)
(54, 180)
(54, 185)
(54, 189)
(54, 194)
(54, 195)
(54, 68)
(54, 198)
(54, 199)
(54, 205)
(54, 92)
(54, 100)
(54, 91)
(54, 220)
(54, 94)
(54, 95)
(54, 224)
(54, 228)
(54, 101)
(54, 108)
(54, 111)
(54, 240)
(54, 116)
(54, 123)
(54, 124)
(55, 193)
(55, 67)
(55, 70)
(55, 204)
(55, 207)
(55, 241)
(55, 210)
(55, 117)
(55, 86)
(55, 153)
(55, 154)
(56, 130)
(56, 222)
(56, 148)
(56, 162)
(56, 171)
(56, 181)
(56, 185)
(56, 59)
(56, 62)
(56, 197)
(56, 198)
(56, 200)
(56, 85)
(56, 94)
(56, 234)
(56, 109)
(56, 238)
(56, 240)
(56, 114)
(56, 115)
(56, 123)
(56, 124)
(56, 126)
(57, 80)
(57, 98)
(57, 132)
(57, 71)
(57, 168)
(57, 174)
(57, 208)
(57, 244)
(57, 150)
(57, 183)
(57, 122)
(57, 219)
(57, 60)
(57, 58)
(58, 132)
(58, 149)
(58, 150)
(58, 164)
(58, 168)
(58, 174)
(58, 183)
(58, 184)
(58, 186)
(58, 60)
(58, 71)
(58, 80)
(58, 209)
(58, 82)
(58, 98)
(58, 244)
(58, 122)
(59, 130)
(59, 222)
(59, 148)
(59, 162)
(59, 171)
(59, 181)
(59, 185)
(59, 62)
(59, 198)
(59, 200)
(59, 73)
(59, 85)
(59, 94)
(59, 234)
(59, 109)
(59, 238)
(59, 240)
(59, 114)
(59, 115)
(59, 123)
(59, 124)
(59, 126)
(60, 146)
(60, 149)
(60, 150)
(60, 168)
(60, 174)
(60, 183)
(60, 184)
(60, 63)
(60, 71)
(60, 80)
(60, 81)
(60, 219)
(60, 221)
(60, 208)
(60, 98)
(60, 209)
(60, 106)
(60, 244)
(60, 122)
(61, 128)
(61, 66)
(61, 167)
(61, 74)
(61, 203)
(61, 113)
(61, 179)
(61, 212)
(61, 127)
(62, 148)
(62, 159)
(62, 162)
(62, 171)
(62, 181)
(62, 185)
(62, 198)
(62, 200)
(62, 73)
(62, 85)
(62, 87)
(62, 222)
(62, 109)
(62, 238)
(62, 112)
(62, 114)
(62, 115)
(62, 249)
(62, 123)
(62, 126)
(63, 129)
(63, 134)
(63, 146)
(63, 147)
(63, 81)
(63, 165)
(63, 201)
(63, 208)
(63, 209)
(63, 84)
(63, 215)
(63, 219)
(63, 221)
(63, 96)
(63, 98)
(63, 103)
(63, 122)
(64, 160)
(64, 97)
(64, 196)
(64, 69)
(64, 65)
(64, 104)
(64, 96)
(64, 139)
(64, 172)
(64, 175)
(64, 147)
(64, 246)
(64, 89)
(64, 218)
(64, 191)
(65, 131)
(65, 137)
(65, 139)
(65, 147)
(65, 158)
(65, 160)
(65, 172)
(65, 175)
(65, 191)
(65, 192)
(65, 196)
(65, 69)
(65, 89)
(65, 218)
(65, 96)
(65, 97)
(65, 104)
(65, 246)
(66, 128)
(66, 131)
(66, 137)
(66, 158)
(66, 167)
(66, 190)
(66, 192)
(66, 203)
(66, 77)
(66, 88)
(66, 95)
(66, 224)
(66, 228)
(66, 101)
(66, 104)
(66, 107)
(66, 113)
(66, 127)
(67, 70)
(67, 102)
(67, 145)
(67, 207)
(67, 241)
(67, 210)
(67, 83)
(67, 86)
(67, 248)
(67, 153)
(67, 154)
(68, 130)
(68, 133)
(68, 138)
(68, 155)
(68, 156)
(68, 161)
(68, 169)
(68, 180)
(68, 189)
(68, 194)
(68, 195)
(68, 198)
(68, 199)
(68, 205)
(68, 92)
(68, 215)
(68, 220)
(68, 94)
(68, 224)
(68, 100)
(68, 101)
(68, 230)
(68, 108)
(68, 111)
(68, 240)
(68, 116)
(68, 124)
(69, 129)
(69, 131)
(69, 134)
(69, 137)
(69, 139)
(69, 147)
(69, 158)
(69, 160)
(69, 165)
(69, 172)
(69, 175)
(69, 191)
(69, 192)
(69, 201)
(69, 84)
(69, 89)
(69, 218)
(69, 96)
(69, 101)
(69, 103)
(69, 104)
(69, 246)
(70, 135)
(70, 140)
(70, 153)
(70, 154)
(70, 163)
(70, 193)
(70, 75)
(70, 78)
(70, 207)
(70, 210)
(70, 83)
(70, 86)
(70, 225)
(70, 229)
(70, 145)
(70, 241)
(70, 245)
(70, 248)
(71, 132)
(71, 149)
(71, 150)
(71, 164)
(71, 168)
(71, 174)
(71, 183)
(71, 184)
(71, 186)
(71, 72)
(71, 209)
(71, 82)
(71, 98)
(71, 237)
(71, 244)
(71, 122)
(72, 168)
(72, 152)
(72, 82)
(72, 149)
(72, 184)
(72, 186)
(72, 157)
(73, 128)
(73, 148)
(73, 162)
(73, 166)
(73, 167)
(73, 171)
(73, 177)
(73, 198)
(73, 77)
(73, 85)
(73, 214)
(73, 91)
(73, 105)
(73, 107)
(73, 114)
(73, 115)
(73, 118)
(73, 247)
(73, 123)
(73, 126)
(74, 160)
(74, 97)
(74, 139)
(74, 196)
(74, 104)
(74, 203)
(74, 179)
(74, 212)
(74, 119)
(74, 191)
(75, 135)
(75, 140)
(75, 143)
(75, 145)
(75, 182)
(75, 193)
(75, 78)
(75, 211)
(75, 213)
(75, 223)
(75, 225)
(75, 99)
(75, 229)
(75, 233)
(75, 241)
(75, 242)
(75, 83)
(75, 245)
(75, 248)
(76, 79)
(76, 200)
(76, 202)
(76, 87)
(76, 109)
(76, 239)
(76, 112)
(76, 115)
(76, 181)
(76, 121)
(76, 216)
(76, 249)
(76, 90)
(76, 187)
(76, 159)
(77, 128)
(77, 166)
(77, 167)
(77, 177)
(77, 190)
(77, 198)
(77, 85)
(77, 214)
(77, 88)
(77, 91)
(77, 92)
(77, 94)
(77, 95)
(77, 224)
(77, 228)
(77, 105)
(77, 107)
(77, 113)
(77, 114)
(77, 118)
(77, 247)
(77, 123)
(77, 127)
(78, 225)
(78, 145)
(78, 135)
(78, 140)
(78, 143)
(78, 241)
(78, 83)
(78, 245)
(78, 248)
(78, 153)
(79, 227)
(79, 197)
(79, 200)
(79, 234)
(79, 109)
(79, 141)
(79, 93)
(79, 239)
(79, 112)
(79, 181)
(79, 151)
(79, 120)
(79, 121)
(79, 202)
(79, 222)
(79, 159)
(80, 98)
(80, 132)
(80, 174)
(80, 208)
(80, 146)
(80, 244)
(80, 150)
(80, 183)
(80, 122)
(80, 219)
(80, 221)
(81, 129)
(81, 235)
(81, 146)
(81, 149)
(81, 150)
(81, 165)
(81, 174)
(81, 208)
(81, 209)
(81, 84)
(81, 215)
(81, 219)
(81, 221)
(81, 98)
(81, 231)
(81, 106)
(81, 103)
(81, 122)
(82, 136)
(82, 149)
(82, 150)
(82, 152)
(82, 170)
(82, 174)
(82, 176)
(82, 184)
(82, 209)
(82, 231)
(82, 106)
(82, 235)
(82, 244)
(82, 122)
(83, 225)
(83, 102)
(83, 145)
(83, 140)
(83, 207)
(83, 241)
(83, 210)
(83, 248)
(83, 153)
(84, 129)
(84, 131)
(84, 134)
(84, 146)
(84, 147)
(84, 165)
(84, 180)
(84, 192)
(84, 201)
(84, 208)
(84, 215)
(84, 218)
(84, 219)
(84, 221)
(84, 96)
(84, 100)
(84, 101)
(84, 103)
(85, 148)
(85, 155)
(85, 162)
(85, 166)
(85, 171)
(85, 177)
(85, 185)
(85, 198)
(85, 214)
(85, 91)
(85, 94)
(85, 228)
(85, 105)
(85, 107)
(85, 238)
(85, 240)
(85, 114)
(85, 115)
(85, 116)
(85, 118)
(85, 247)
(85, 123)
(85, 124)
(85, 126)
(86, 193)
(86, 163)
(86, 229)
(86, 236)
(86, 204)
(86, 210)
(86, 117)
(86, 154)
(87, 162)
(87, 200)
(87, 202)
(87, 109)
(87, 112)
(87, 115)
(87, 148)
(87, 181)
(87, 216)
(87, 249)
(87, 90)
(87, 187)
(87, 126)
(87, 159)
(88, 128)
(88, 131)
(88, 137)
(88, 158)
(88, 167)
(88, 180)
(88, 190)
(88, 192)
(88, 205)
(88, 214)
(88, 91)
(88, 92)
(88, 95)
(88, 224)
(88, 228)
(88, 101)
(88, 107)
(88, 113)
(88, 116)
(88, 127)
(89, 160)
(89, 97)
(89, 196)
(89, 104)
(89, 139)
(89, 172)
(89, 175)
(89, 246)
(89, 218)
(89, 191)
(90, 202)
(90, 109)
(90, 115)
(90, 181)
(90, 216)
(90, 249)
(90, 187)
(90, 126)
(90, 159)
(91, 128)
(91, 133)
(91, 155)
(91, 166)
(91, 167)
(91, 171)
(91, 190)
(91, 198)
(91, 205)
(91, 214)
(91, 92)
(91, 94)
(91, 95)
(91, 224)
(91, 228)
(91, 105)
(91, 107)
(91, 240)
(91, 114)
(91, 116)
(91, 123)
(91, 124)
(91, 127)
(92, 131)
(92, 133)
(92, 137)
(92, 155)
(92, 158)
(92, 169)
(92, 180)
(92, 190)
(92, 192)
(92, 195)
(92, 198)
(92, 201)
(92, 205)
(92, 214)
(92, 100)
(92, 220)
(92, 94)
(92, 95)
(92, 224)
(92, 228)
(92, 101)
(92, 107)
(92, 240)
(92, 116)
(92, 124)
(93, 226)
(93, 227)
(93, 197)
(93, 200)
(93, 234)
(93, 141)
(93, 239)
(93, 112)
(93, 242)
(93, 151)
(93, 120)
(93, 121)
(93, 222)
(94, 130)
(94, 133)
(94, 138)
(94, 155)
(94, 161)
(94, 171)
(94, 185)
(94, 195)
(94, 198)
(94, 199)
(94, 205)
(94, 214)
(94, 220)
(94, 95)
(94, 224)
(94, 228)
(94, 105)
(94, 107)
(94, 238)
(94, 240)
(94, 114)
(94, 116)
(94, 123)
(94, 124)
(95, 128)
(95, 133)
(95, 137)
(95, 155)
(95, 158)
(95, 166)
(95, 167)
(95, 180)
(95, 190)
(95, 192)
(95, 198)
(95, 205)
(95, 214)
(95, 224)
(95, 228)
(95, 101)
(95, 105)
(95, 107)
(95, 240)
(95, 113)
(95, 114)
(95, 116)
(95, 123)
(95, 124)
(95, 127)
(96, 129)
(96, 131)
(96, 134)
(96, 146)
(96, 147)
(96, 158)
(96, 165)
(96, 172)
(96, 175)
(96, 180)
(96, 192)
(96, 201)
(96, 208)
(96, 218)
(96, 219)
(96, 221)
(96, 101)
(96, 103)
(96, 104)
(96, 246)
(97, 160)
(97, 139)
(97, 196)
(97, 104)
(97, 203)
(97, 172)
(97, 179)
(97, 212)
(97, 246)
(97, 119)
(97, 191)
(98, 132)
(98, 149)
(98, 150)
(98, 168)
(98, 174)
(98, 183)
(98, 184)
(98, 208)
(98, 209)
(98, 219)
(98, 221)
(98, 146)
(98, 244)
(98, 122)
(99, 135)
(99, 140)
(99, 143)
(99, 144)
(99, 145)
(99, 178)
(99, 182)
(99, 188)
(99, 197)
(99, 211)
(99, 213)
(99, 223)
(99, 225)
(99, 226)
(99, 227)
(99, 229)
(99, 232)
(99, 233)
(99, 234)
(99, 242)
(99, 245)
(99, 120)
(100, 129)
(100, 131)
(100, 133)
(100, 147)
(100, 165)
(100, 169)
(100, 180)
(100, 189)
(100, 192)
(100, 194)
(100, 195)
(100, 199)
(100, 201)
(100, 205)
(100, 215)
(100, 220)
(100, 224)
(100, 101)
(100, 103)
(100, 108)
(100, 116)
(101, 129)
(101, 131)
(101, 137)
(101, 147)
(101, 158)
(101, 165)
(101, 180)
(101, 190)
(101, 192)
(101, 201)
(101, 205)
(101, 224)
(101, 228)
(101, 103)
(101, 116)
(101, 246)
(102, 207)
(102, 241)
(102, 210)
(102, 248)
(102, 153)
(103, 129)
(103, 131)
(103, 134)
(103, 146)
(103, 147)
(103, 158)
(103, 165)
(103, 180)
(103, 192)
(103, 201)
(103, 208)
(103, 215)
(103, 218)
(103, 219)
(103, 221)
(104, 131)
(104, 137)
(104, 139)
(104, 147)
(104, 158)
(104, 160)
(104, 172)
(104, 175)
(104, 190)
(104, 191)
(104, 192)
(104, 196)
(104, 203)
(104, 218)
(104, 246)
(105, 128)
(105, 148)
(105, 155)
(105, 166)
(105, 167)
(105, 171)
(105, 177)
(105, 198)
(105, 214)
(105, 228)
(105, 107)
(105, 240)
(105, 114)
(105, 118)
(105, 247)
(105, 123)
(105, 126)
(105, 127)
(106, 136)
(106, 149)
(106, 150)
(106, 170)
(106, 174)
(106, 176)
(106, 184)
(106, 189)
(106, 209)
(106, 215)
(106, 231)
(106, 235)
(106, 110)
(106, 122)
(107, 128)
(107, 155)
(107, 166)
(107, 167)
(107, 190)
(107, 198)
(107, 205)
(107, 214)
(107, 224)
(107, 228)
(107, 240)
(107, 113)
(107, 114)
(107, 116)
(107, 247)
(107, 123)
(107, 124)
(107, 127)
(108, 130)
(108, 133)
(108, 138)
(108, 142)
(108, 156)
(108, 161)
(108, 169)
(108, 173)
(108, 189)
(108, 194)
(108, 195)
(108, 199)
(108, 206)
(108, 217)
(108, 220)
(108, 230)
(108, 231)
(108, 232)
(108, 111)
(108, 243)
(109, 148)
(109, 159)
(109, 162)
(109, 181)
(109, 200)
(109, 202)
(109, 141)
(109, 249)
(109, 216)
(109, 222)
(109, 187)
(109, 238)
(109, 239)
(109, 112)
(109, 115)
(109, 121)
(109, 126)
(110, 231)
(110, 136)
(110, 204)
(110, 170)
(110, 235)
(110, 236)
(110, 206)
(110, 176)
(110, 243)
(110, 142)
(110, 152)
(110, 217)
(110, 125)
(111, 130)
(111, 133)
(111, 138)
(111, 156)
(111, 161)
(111, 169)
(111, 173)
(111, 178)
(111, 185)
(111, 188)
(111, 189)
(111, 194)
(111, 195)
(111, 199)
(111, 220)
(111, 230)
(111, 232)
(111, 240)
(111, 116)
(111, 124)
(112, 162)
(112, 197)
(112, 200)
(112, 202)
(112, 141)
(112, 239)
(112, 115)
(112, 121)
(112, 181)
(112, 151)
(112, 216)
(112, 249)
(112, 187)
(112, 222)
(112, 159)
(113, 224)
(113, 128)
(113, 228)
(113, 167)
(113, 137)
(113, 190)
(113, 214)
(113, 158)
(113, 127)
(114, 128)
(114, 148)
(114, 155)
(114, 162)
(114, 166)
(114, 167)
(114, 171)
(114, 177)
(114, 198)
(114, 214)
(114, 228)
(114, 240)
(114, 118)
(114, 247)
(114, 123)
(114, 126)
(115, 148)
(115, 159)
(115, 162)
(115, 181)
(115, 200)
(115, 202)
(115, 249)
(115, 216)
(115, 222)
(115, 187)
(115, 121)
(115, 126)
(116, 130)
(116, 133)
(116, 138)
(116, 155)
(116, 161)
(116, 169)
(116, 171)
(116, 180)
(116, 185)
(116, 194)
(116, 195)
(116, 198)
(116, 199)
(116, 205)
(116, 214)
(116, 220)
(116, 224)
(116, 228)
(116, 238)
(116, 240)
(116, 123)
(116, 124)
(117, 193)
(117, 163)
(117, 236)
(117, 204)
(117, 210)
(117, 154)
(117, 125)
(118, 128)
(118, 166)
(118, 167)
(118, 177)
(118, 148)
(118, 214)
(118, 247)
(118, 126)
(119, 160)
(119, 196)
(119, 203)
(119, 179)
(119, 212)
(120, 226)
(120, 227)
(120, 197)
(120, 233)
(120, 234)
(120, 141)
(120, 239)
(120, 242)
(120, 211)
(120, 213)
(120, 182)
(120, 151)
(120, 143)
(120, 222)
(120, 223)
(121, 197)
(121, 200)
(121, 202)
(121, 141)
(121, 239)
(121, 181)
(121, 151)
(121, 216)
(121, 187)
(121, 222)
(121, 159)
(122, 146)
(122, 149)
(122, 150)
(122, 174)
(122, 184)
(122, 208)
(122, 209)
(122, 215)
(122, 219)
(122, 221)
(122, 244)
(123, 130)
(123, 133)
(123, 148)
(123, 155)
(123, 162)
(123, 171)
(123, 185)
(123, 198)
(123, 205)
(123, 214)
(123, 228)
(123, 238)
(123, 240)
(123, 124)
(123, 126)
(124, 130)
(124, 133)
(124, 138)
(124, 155)
(124, 156)
(124, 161)
(124, 169)
(124, 171)
(124, 185)
(124, 195)
(124, 198)
(124, 199)
(124, 205)
(124, 220)
(124, 224)
(124, 228)
(124, 230)
(124, 238)
(124, 240)
(125, 136)
(125, 204)
(125, 170)
(125, 236)
(125, 142)
(125, 176)
(125, 152)
(125, 217)
(125, 157)
(126, 171)
(126, 148)
(126, 159)
(126, 162)
(126, 177)
(126, 181)
(126, 247)
(126, 249)
(127, 128)
(127, 167)
(127, 177)
(127, 190)
(127, 214)
(127, 228)
(127, 166)
(127, 247)
(128, 167)
(128, 177)
(128, 214)
(128, 228)
(128, 166)
(128, 247)
(129, 131)
(129, 134)
(129, 146)
(129, 147)
(129, 165)
(129, 180)
(129, 192)
(129, 201)
(129, 208)
(129, 215)
(129, 218)
(129, 219)
(129, 221)
(130, 133)
(130, 138)
(130, 155)
(130, 156)
(130, 161)
(130, 169)
(130, 171)
(130, 173)
(130, 185)
(130, 194)
(130, 195)
(130, 198)
(130, 199)
(130, 205)
(130, 220)
(130, 230)
(130, 238)
(130, 240)
(131, 137)
(131, 139)
(131, 147)
(131, 158)
(131, 165)
(131, 175)
(131, 180)
(131, 190)
(131, 191)
(131, 192)
(131, 201)
(131, 218)
(131, 224)
(131, 246)
(132, 164)
(132, 168)
(132, 237)
(132, 174)
(132, 244)
(132, 150)
(132, 183)
(132, 184)
(132, 186)
(133, 138)
(133, 155)
(133, 156)
(133, 161)
(133, 169)
(133, 171)
(133, 173)
(133, 180)
(133, 185)
(133, 189)
(133, 194)
(133, 195)
(133, 198)
(133, 199)
(133, 205)
(133, 220)
(133, 224)
(133, 228)
(133, 230)
(133, 238)
(133, 240)
(134, 165)
(134, 172)
(134, 175)
(134, 208)
(134, 146)
(134, 218)
(134, 219)
(134, 221)
(135, 140)
(135, 143)
(135, 145)
(135, 182)
(135, 211)
(135, 213)
(135, 223)
(135, 225)
(135, 227)
(135, 229)
(135, 233)
(135, 241)
(135, 242)
(135, 245)
(135, 248)
(136, 231)
(136, 204)
(136, 170)
(136, 235)
(136, 236)
(136, 142)
(136, 176)
(136, 149)
(136, 152)
(136, 217)
(136, 157)
(137, 147)
(137, 158)
(137, 180)
(137, 190)
(137, 191)
(137, 192)
(137, 139)
(137, 201)
(137, 218)
(137, 224)
(137, 228)
(137, 246)
(138, 155)
(138, 156)
(138, 161)
(138, 169)
(138, 173)
(138, 178)
(138, 185)
(138, 188)
(138, 189)
(138, 194)
(138, 195)
(138, 199)
(138, 205)
(138, 220)
(138, 230)
(138, 232)
(138, 240)
(139, 158)
(139, 160)
(139, 172)
(139, 175)
(139, 179)
(139, 191)
(139, 196)
(139, 203)
(139, 218)
(139, 246)
(140, 143)
(140, 145)
(140, 182)
(140, 193)
(140, 211)
(140, 213)
(140, 223)
(140, 225)
(140, 229)
(140, 233)
(140, 241)
(140, 242)
(140, 245)
(140, 248)
(141, 226)
(141, 227)
(141, 197)
(141, 200)
(141, 234)
(141, 239)
(141, 144)
(141, 181)
(141, 151)
(141, 222)
(142, 176)
(142, 163)
(142, 170)
(142, 204)
(142, 206)
(142, 217)
(142, 231)
(142, 235)
(142, 236)
(142, 243)
(143, 225)
(143, 213)
(143, 227)
(143, 233)
(143, 145)
(143, 242)
(143, 211)
(143, 245)
(143, 182)
(143, 151)
(143, 223)
(144, 156)
(144, 173)
(144, 178)
(144, 182)
(144, 185)
(144, 188)
(144, 197)
(144, 211)
(144, 213)
(144, 222)
(144, 223)
(144, 226)
(144, 227)
(144, 230)
(144, 232)
(144, 233)
(144, 234)
(144, 238)
(144, 242)
(145, 225)
(145, 233)
(145, 241)
(145, 245)
(145, 248)
(145, 153)
(146, 165)
(146, 208)
(146, 219)
(146, 221)
(147, 158)
(147, 165)
(147, 172)
(147, 175)
(147, 180)
(147, 190)
(147, 192)
(147, 201)
(147, 218)
(147, 246)
(148, 171)
(148, 159)
(148, 162)
(148, 177)
(148, 181)
(148, 247)
(148, 249)
(149, 209)
(149, 150)
(149, 152)
(149, 170)
(149, 174)
(149, 176)
(149, 184)
(149, 231)
(149, 235)
(149, 244)
(150, 168)
(150, 174)
(150, 183)
(150, 184)
(150, 208)
(150, 209)
(150, 186)
(150, 221)
(150, 244)
(151, 226)
(151, 227)
(151, 197)
(151, 234)
(151, 239)
(151, 242)
(151, 222)
(152, 170)
(152, 235)
(152, 176)
(152, 184)
(152, 157)
(153, 207)
(153, 241)
(153, 210)
(153, 248)
(153, 154)
(154, 163)
(154, 193)
(154, 204)
(154, 206)
(154, 210)
(154, 229)
(154, 236)
(154, 241)
(154, 243)
(154, 248)
(155, 161)
(155, 169)
(155, 171)
(155, 180)
(155, 185)
(155, 195)
(155, 198)
(155, 199)
(155, 205)
(155, 214)
(155, 220)
(155, 224)
(155, 228)
(155, 238)
(155, 240)
(156, 161)
(156, 173)
(156, 178)
(156, 185)
(156, 188)
(156, 189)
(156, 194)
(156, 195)
(156, 199)
(156, 206)
(156, 220)
(156, 230)
(156, 232)
(156, 243)
(156, 169)
(158, 165)
(158, 180)
(158, 190)
(158, 191)
(158, 192)
(158, 201)
(158, 218)
(158, 224)
(158, 228)
(158, 246)
(159, 162)
(159, 200)
(159, 202)
(159, 239)
(159, 181)
(159, 216)
(159, 249)
(159, 187)
(160, 172)
(160, 175)
(160, 179)
(160, 191)
(160, 196)
(160, 203)
(160, 218)
(160, 246)
(161, 169)
(161, 173)
(161, 185)
(161, 189)
(161, 194)
(161, 195)
(161, 199)
(161, 205)
(161, 220)
(161, 230)
(161, 178)
(161, 232)
(161, 240)
(162, 171)
(162, 181)
(162, 185)
(162, 200)
(162, 222)
(162, 238)
(162, 249)
(163, 188)
(163, 193)
(163, 204)
(163, 206)
(163, 217)
(163, 229)
(163, 232)
(163, 236)
(163, 243)
(164, 168)
(164, 237)
(164, 244)
(164, 183)
(164, 186)
(165, 175)
(165, 180)
(165, 192)
(165, 201)
(165, 208)
(165, 215)
(165, 218)
(165, 219)
(165, 221)
(166, 167)
(166, 177)
(166, 214)
(166, 228)
(166, 247)
(167, 177)
(167, 214)
(167, 228)
(167, 247)
(168, 237)
(168, 174)
(168, 244)
(168, 183)
(168, 184)
(168, 186)
(169, 180)
(169, 189)
(169, 194)
(169, 195)
(169, 199)
(169, 205)
(169, 220)
(169, 215)
(169, 231)
(170, 231)
(170, 204)
(170, 235)
(170, 236)
(170, 176)
(170, 217)
(171, 222)
(171, 185)
(171, 198)
(171, 205)
(171, 230)
(171, 238)
(171, 240)
(172, 196)
(172, 175)
(172, 246)
(172, 218)
(172, 191)
(173, 178)
(173, 182)
(173, 185)
(173, 188)
(173, 199)
(173, 206)
(173, 211)
(173, 220)
(173, 223)
(173, 226)
(173, 230)
(173, 232)
(173, 234)
(173, 238)
(174, 183)
(174, 184)
(174, 208)
(174, 209)
(174, 186)
(174, 235)
(174, 221)
(174, 244)
(175, 196)
(175, 246)
(175, 218)
(175, 191)
(176, 231)
(176, 235)
(176, 236)
(176, 209)
(176, 184)
(176, 217)
(177, 214)
(177, 247)
(178, 182)
(178, 185)
(178, 188)
(178, 197)
(178, 213)
(178, 222)
(178, 223)
(178, 226)
(178, 227)
(178, 230)
(178, 232)
(178, 233)
(178, 234)
(178, 238)
(178, 242)
(178, 211)
(179, 196)
(179, 203)
(179, 212)
(180, 220)
(180, 189)
(180, 190)
(180, 192)
(180, 194)
(180, 195)
(180, 201)
(180, 205)
(180, 215)
(180, 224)
(181, 200)
(181, 249)
(181, 202)
(181, 216)
(181, 222)
(181, 187)
(181, 238)
(181, 239)
(182, 188)
(182, 197)
(182, 213)
(182, 223)
(182, 226)
(182, 227)
(182, 229)
(182, 232)
(182, 233)
(182, 234)
(182, 242)
(182, 211)
(182, 245)
(183, 237)
(183, 244)
(183, 184)
(183, 186)
(184, 186)
(184, 209)
(184, 235)
(184, 244)
(185, 195)
(185, 198)
(185, 199)
(185, 205)
(185, 220)
(185, 222)
(185, 230)
(185, 234)
(185, 238)
(185, 240)
(186, 237)
(186, 244)
(187, 200)
(187, 202)
(187, 239)
(187, 216)
(187, 249)
(188, 193)
(188, 206)
(188, 211)
(188, 213)
(188, 223)
(188, 226)
(188, 229)
(188, 230)
(188, 232)
(188, 233)
(188, 242)
(188, 243)
(189, 194)
(189, 195)
(189, 199)
(189, 215)
(189, 220)
(189, 231)
(190, 192)
(190, 201)
(190, 205)
(190, 224)
(190, 228)
(190, 246)
(191, 196)
(191, 203)
(191, 218)
(191, 246)
(192, 201)
(192, 218)
(192, 224)
(192, 246)
(193, 204)
(193, 206)
(193, 210)
(193, 229)
(193, 232)
(193, 236)
(193, 241)
(193, 243)
(193, 248)
(194, 195)
(194, 199)
(194, 205)
(194, 215)
(194, 220)
(194, 231)
(195, 198)
(195, 199)
(195, 205)
(195, 220)
(195, 224)
(195, 230)
(195, 240)
(196, 203)
(196, 212)
(196, 246)
(197, 200)
(197, 213)
(197, 222)
(197, 223)
(197, 226)
(197, 227)
(197, 234)
(197, 238)
(197, 239)
(197, 242)
(197, 211)
(198, 205)
(198, 214)
(198, 220)
(198, 224)
(198, 228)
(198, 238)
(198, 240)
(199, 205)
(199, 220)
(199, 230)
(199, 232)
(199, 240)
(200, 249)
(200, 202)
(200, 216)
(200, 222)
(200, 239)
(201, 215)
(201, 218)
(201, 246)
(202, 216)
(202, 249)
(202, 239)
(203, 212)
(203, 246)
(204, 206)
(204, 217)
(204, 229)
(204, 236)
(204, 243)
(205, 220)
(205, 224)
(205, 228)
(205, 240)
(206, 236)
(206, 217)
(206, 229)
(206, 232)
(206, 243)
(207, 241)
(207, 210)
(207, 248)
(208, 209)
(208, 219)
(208, 221)
(209, 215)
(209, 219)
(209, 221)
(209, 231)
(209, 235)
(209, 244)
(210, 241)
(210, 248)
(211, 213)
(211, 223)
(211, 226)
(211, 227)
(211, 229)
(211, 230)
(211, 232)
(211, 233)
(211, 234)
(211, 242)
(213, 223)
(213, 225)
(213, 226)
(213, 227)
(213, 229)
(213, 232)
(213, 233)
(213, 234)
(213, 242)
(213, 245)
(214, 224)
(214, 228)
(214, 240)
(214, 247)
(215, 221)
(215, 231)
(216, 239)
(216, 249)
(217, 236)
(217, 231)
(217, 235)
(217, 243)
(218, 246)
(219, 221)
(220, 230)
(220, 240)
(222, 226)
(222, 227)
(222, 234)
(222, 238)
(222, 239)
(223, 225)
(223, 226)
(223, 227)
(223, 229)
(223, 232)
(223, 233)
(223, 234)
(223, 242)
(223, 245)
(224, 228)
(224, 240)
(225, 233)
(225, 241)
(225, 242)
(225, 248)
(225, 245)
(226, 227)
(226, 230)
(226, 232)
(226, 233)
(226, 234)
(226, 238)
(226, 242)
(227, 233)
(227, 234)
(227, 242)
(227, 245)
(228, 240)
(229, 232)
(229, 233)
(229, 236)
(229, 243)
(230, 232)
(230, 234)
(230, 238)
(230, 240)
(231, 235)
(232, 233)
(232, 243)
(233, 234)
(233, 242)
(233, 245)
(234, 238)
(234, 242)
(236, 243)
(238, 240)
(241, 248)
(242, 245)
(245, 248)
