#Nodes
0
1
2
3
4
5
6
7
8
9
10
11
12
13
14
15
16
17
18
19
20
21
22
23
24
25
26
27
28
29
30
31
32
33
34
35
36
37
38
39
40
41
42
43
44
45
46
47
48
49
50
51
52
53
54
55
56
57
58
59
60
61
62
63
64
65
66
67
68
69
70
71
72
73
74
75
76
77
78
79
80
81
82
83
84
85
86
87
88
89
90
91
92
93
94
95
96
97
98
99
100
101
102
103
104
105
106
107
108
109
110
111
112
113
114
115
116
117
118
119
120
121
122
123
124
125
126
127
128
129
130
131
132
133
134
135
136
137
138
139
140
141
142
143
144
145
146
147
148
149
150
151
152
153
154
155
156
157
158
159
160
161
162
163
164
165
166
167
168
169
170
171
172
173
174
175
176
177
178
179
180
181
182
183
184
185
186
187
188
189
190
191
192
193
194
195
196
197
198
199
200
201
202
203
204
205
206
207
208
209
210
211
212
213
214
215
216
217
218
219
220
221
222
223
224
225
226
227
228
229
230
231
232
233
234
235
236
237
238
239
240
241
242
243
244
245
246
247
248
249
#Edges
(0, 2)
(0, 142)
(0, 20)
(0, 21)
(0, 150)
(0, 158)
(0, 34)
(0, 46)
(0, 243)
(0, 182)
(0, 186)
(0, 67)
(0, 68)
(0, 201)
(0, 202)
(0, 76)
(0, 84)
(0, 90)
(0, 220)
(0, 221)
(0, 223)
(0, 224)
(0, 97)
(0, 237)
(0, 239)
(0, 240)
(0, 113)
(0, 115)
(0, 244)
(0, 118)
(0, 122)
(1, 132)
(1, 144)
(1, 18)
(1, 155)
(1, 29)
(1, 31)
(1, 163)
(1, 168)
(1, 42)
(1, 50)
(1, 54)
(1, 187)
(1, 62)
(1, 80)
(1, 81)
(1, 211)
(1, 89)
(1, 94)
(1, 59)
(1, 100)
(1, 103)
(1, 104)
(1, 106)
(1, 114)
(2, 6)
(2, 142)
(2, 148)
(2, 21)
(2, 27)
(2, 30)
(2, 33)
(2, 46)
(2, 55)
(2, 186)
(2, 191)
(2, 68)
(2, 69)
(2, 201)
(2, 204)
(2, 77)
(2, 84)
(2, 90)
(2, 221)
(2, 95)
(2, 97)
(2, 239)
(2, 76)
(2, 243)
(2, 20)
(2, 123)
(3, 131)
(3, 5)
(3, 12)
(3, 15)
(3, 88)
(3, 146)
(3, 25)
(3, 156)
(3, 52)
(3, 160)
(3, 39)
(3, 171)
(3, 47)
(3, 177)
(3, 180)
(3, 183)
(3, 57)
(3, 188)
(3, 189)
(3, 194)
(3, 196)
(3, 199)
(3, 203)
(3, 120)
(3, 82)
(3, 212)
(3, 85)
(3, 87)
(3, 216)
(3, 231)
(3, 233)
(3, 238)
(3, 241)
(3, 248)
(3, 121)
(4, 194)
(4, 131)
(4, 37)
(4, 28)
(4, 26)
(4, 233)
(4, 109)
(4, 238)
(4, 61)
(4, 241)
(4, 82)
(4, 52)
(4, 24)
(4, 119)
(4, 216)
(4, 154)
(4, 219)
(4, 156)
(4, 157)
(5, 12)
(5, 15)
(5, 146)
(5, 153)
(5, 47)
(5, 39)
(5, 171)
(5, 172)
(5, 173)
(5, 175)
(5, 180)
(5, 183)
(5, 52)
(5, 188)
(5, 189)
(5, 196)
(5, 199)
(5, 203)
(5, 120)
(5, 212)
(5, 85)
(5, 87)
(5, 88)
(5, 225)
(5, 231)
(5, 232)
(5, 235)
(5, 112)
(5, 248)
(5, 121)
(5, 126)
(5, 127)
(6, 139)
(6, 142)
(6, 20)
(6, 149)
(6, 27)
(6, 29)
(6, 30)
(6, 33)
(6, 40)
(6, 221)
(6, 56)
(6, 60)
(6, 191)
(6, 69)
(6, 204)
(6, 74)
(6, 76)
(6, 77)
(6, 90)
(6, 93)
(6, 95)
(6, 97)
(6, 101)
(6, 239)
(6, 123)
(6, 21)
(7, 129)
(7, 133)
(7, 135)
(7, 108)
(7, 13)
(7, 16)
(7, 147)
(7, 150)
(7, 25)
(7, 22)
(7, 158)
(7, 32)
(7, 165)
(7, 38)
(7, 167)
(7, 169)
(7, 170)
(7, 178)
(7, 182)
(7, 116)
(7, 19)
(7, 68)
(7, 70)
(7, 202)
(7, 206)
(7, 92)
(7, 84)
(7, 213)
(7, 57)
(7, 220)
(7, 229)
(7, 236)
(7, 237)
(7, 113)
(7, 115)
(7, 244)
(7, 117)
(7, 118)
(8, 135)
(8, 9)
(8, 140)
(8, 14)
(8, 16)
(8, 32)
(8, 35)
(8, 162)
(8, 163)
(8, 38)
(8, 167)
(8, 50)
(8, 178)
(8, 182)
(8, 185)
(8, 187)
(8, 54)
(8, 70)
(8, 73)
(8, 202)
(8, 207)
(8, 208)
(8, 211)
(8, 86)
(8, 215)
(8, 79)
(8, 96)
(8, 80)
(8, 59)
(8, 229)
(8, 103)
(8, 108)
(8, 110)
(8, 83)
(8, 117)
(9, 135)
(9, 108)
(9, 140)
(9, 13)
(9, 14)
(9, 16)
(9, 22)
(9, 32)
(9, 35)
(9, 38)
(9, 167)
(9, 92)
(9, 178)
(9, 182)
(9, 185)
(9, 187)
(9, 70)
(9, 200)
(9, 73)
(9, 202)
(9, 207)
(9, 208)
(9, 83)
(9, 213)
(9, 86)
(9, 215)
(9, 79)
(9, 220)
(9, 96)
(9, 229)
(9, 103)
(9, 236)
(9, 237)
(9, 110)
(9, 117)
(10, 128)
(10, 107)
(10, 134)
(10, 136)
(10, 17)
(10, 161)
(10, 36)
(10, 41)
(10, 171)
(10, 44)
(10, 192)
(10, 65)
(10, 225)
(10, 226)
(10, 232)
(10, 234)
(10, 235)
(10, 111)
(10, 112)
(10, 245)
(10, 246)
(10, 126)
(10, 127)
(11, 129)
(11, 130)
(11, 137)
(11, 138)
(11, 26)
(11, 67)
(11, 23)
(11, 154)
(11, 28)
(11, 157)
(11, 159)
(11, 34)
(11, 165)
(11, 169)
(11, 49)
(11, 61)
(11, 19)
(11, 193)
(11, 194)
(11, 195)
(11, 147)
(11, 197)
(11, 210)
(11, 223)
(11, 109)
(11, 240)
(11, 113)
(11, 115)
(11, 122)
(12, 128)
(12, 44)
(12, 15)
(12, 146)
(12, 153)
(12, 161)
(12, 39)
(12, 41)
(12, 170)
(12, 171)
(12, 172)
(12, 173)
(12, 175)
(12, 176)
(12, 183)
(12, 188)
(12, 189)
(12, 65)
(12, 196)
(12, 199)
(12, 206)
(12, 120)
(12, 212)
(12, 85)
(12, 87)
(12, 88)
(12, 225)
(12, 232)
(12, 235)
(12, 112)
(12, 246)
(12, 248)
(12, 121)
(12, 126)
(12, 127)
(13, 133)
(13, 135)
(13, 236)
(13, 14)
(13, 16)
(13, 145)
(13, 22)
(13, 151)
(13, 32)
(13, 38)
(13, 167)
(13, 92)
(13, 170)
(13, 175)
(13, 176)
(13, 178)
(13, 182)
(13, 184)
(13, 185)
(13, 65)
(13, 70)
(13, 200)
(13, 73)
(13, 75)
(13, 206)
(13, 207)
(13, 213)
(13, 86)
(13, 79)
(13, 220)
(13, 229)
(13, 108)
(13, 116)
(13, 117)
(14, 51)
(14, 16)
(14, 145)
(14, 22)
(14, 151)
(14, 32)
(14, 35)
(14, 38)
(14, 167)
(14, 174)
(14, 178)
(14, 179)
(14, 184)
(14, 185)
(14, 58)
(14, 70)
(14, 200)
(14, 73)
(14, 75)
(14, 205)
(14, 207)
(14, 208)
(14, 209)
(14, 83)
(14, 86)
(14, 215)
(14, 79)
(14, 96)
(14, 229)
(14, 110)
(14, 117)
(15, 146)
(15, 153)
(15, 39)
(15, 171)
(15, 173)
(15, 47)
(15, 180)
(15, 183)
(15, 52)
(15, 188)
(15, 189)
(15, 196)
(15, 203)
(15, 248)
(15, 212)
(15, 85)
(15, 87)
(15, 88)
(15, 231)
(15, 232)
(15, 235)
(15, 112)
(15, 120)
(15, 121)
(15, 126)
(15, 127)
(16, 135)
(16, 108)
(16, 145)
(16, 22)
(16, 151)
(16, 32)
(16, 35)
(16, 38)
(16, 167)
(16, 92)
(16, 170)
(16, 178)
(16, 182)
(16, 184)
(16, 185)
(16, 70)
(16, 200)
(16, 73)
(16, 206)
(16, 207)
(16, 208)
(16, 209)
(16, 83)
(16, 213)
(16, 86)
(16, 215)
(16, 79)
(16, 220)
(16, 96)
(16, 229)
(16, 236)
(16, 110)
(16, 117)
(17, 128)
(17, 134)
(17, 136)
(17, 44)
(17, 143)
(17, 145)
(17, 151)
(17, 36)
(17, 172)
(17, 175)
(17, 176)
(17, 179)
(17, 184)
(17, 192)
(17, 65)
(17, 66)
(17, 200)
(17, 75)
(17, 225)
(17, 226)
(17, 234)
(17, 107)
(17, 111)
(17, 112)
(17, 245)
(17, 246)
(17, 126)
(17, 127)
(18, 227)
(18, 100)
(18, 101)
(18, 104)
(18, 106)
(18, 139)
(18, 29)
(18, 144)
(18, 81)
(18, 114)
(18, 42)
(18, 149)
(18, 40)
(18, 62)
(18, 60)
(18, 74)
(18, 94)
(19, 129)
(19, 133)
(19, 137)
(19, 147)
(19, 25)
(19, 156)
(19, 157)
(19, 159)
(19, 160)
(19, 165)
(19, 241)
(19, 169)
(19, 49)
(19, 57)
(19, 61)
(19, 194)
(19, 195)
(19, 196)
(19, 199)
(19, 203)
(19, 28)
(19, 212)
(19, 213)
(19, 216)
(19, 39)
(19, 109)
(19, 113)
(19, 115)
(19, 116)
(20, 142)
(20, 21)
(20, 150)
(20, 27)
(20, 158)
(20, 33)
(20, 221)
(20, 30)
(20, 182)
(20, 186)
(20, 191)
(20, 68)
(20, 69)
(20, 201)
(20, 202)
(20, 204)
(20, 77)
(20, 84)
(20, 90)
(20, 93)
(20, 95)
(20, 97)
(20, 237)
(20, 239)
(20, 76)
(20, 243)
(20, 244)
(21, 140)
(21, 142)
(21, 150)
(21, 27)
(21, 158)
(21, 33)
(21, 167)
(21, 221)
(21, 178)
(21, 30)
(21, 182)
(21, 186)
(21, 191)
(21, 68)
(21, 201)
(21, 202)
(21, 204)
(21, 84)
(21, 90)
(21, 220)
(21, 93)
(21, 95)
(21, 97)
(21, 108)
(21, 237)
(21, 239)
(21, 76)
(21, 244)
(21, 118)
(22, 133)
(22, 135)
(22, 145)
(22, 151)
(22, 153)
(22, 32)
(22, 38)
(22, 170)
(22, 172)
(22, 175)
(22, 176)
(22, 184)
(22, 65)
(22, 70)
(22, 200)
(22, 73)
(22, 75)
(22, 206)
(22, 207)
(22, 213)
(22, 86)
(22, 79)
(22, 92)
(22, 229)
(22, 236)
(22, 116)
(22, 117)
(23, 130)
(23, 137)
(23, 138)
(23, 26)
(23, 67)
(23, 154)
(23, 28)
(23, 157)
(23, 159)
(23, 34)
(23, 165)
(23, 49)
(23, 61)
(23, 193)
(23, 195)
(23, 147)
(23, 197)
(23, 210)
(23, 223)
(23, 109)
(23, 240)
(23, 113)
(23, 115)
(23, 244)
(23, 122)
(24, 131)
(24, 177)
(24, 233)
(24, 238)
(24, 241)
(24, 82)
(24, 52)
(24, 53)
(24, 119)
(24, 219)
(25, 129)
(25, 133)
(25, 146)
(25, 147)
(25, 153)
(25, 156)
(25, 159)
(25, 160)
(25, 165)
(25, 39)
(25, 169)
(25, 170)
(25, 175)
(25, 49)
(25, 57)
(25, 188)
(25, 194)
(25, 196)
(25, 199)
(25, 203)
(25, 206)
(25, 120)
(25, 212)
(25, 213)
(25, 216)
(25, 92)
(25, 241)
(25, 116)
(25, 248)
(26, 131)
(26, 137)
(26, 138)
(26, 147)
(26, 154)
(26, 156)
(26, 157)
(26, 159)
(26, 82)
(26, 165)
(26, 28)
(26, 49)
(26, 61)
(26, 194)
(26, 195)
(26, 210)
(26, 216)
(26, 219)
(26, 37)
(26, 233)
(26, 109)
(26, 238)
(26, 241)
(27, 139)
(27, 142)
(27, 148)
(27, 149)
(27, 30)
(27, 33)
(27, 221)
(27, 56)
(27, 186)
(27, 60)
(27, 191)
(27, 69)
(27, 204)
(27, 76)
(27, 77)
(27, 90)
(27, 93)
(27, 95)
(27, 97)
(27, 101)
(27, 239)
(27, 123)
(28, 130)
(28, 137)
(28, 138)
(28, 147)
(28, 154)
(28, 157)
(28, 159)
(28, 165)
(28, 210)
(28, 49)
(28, 61)
(28, 193)
(28, 194)
(28, 195)
(28, 82)
(28, 216)
(28, 219)
(28, 37)
(28, 233)
(28, 109)
(28, 238)
(28, 241)
(29, 139)
(29, 140)
(29, 144)
(29, 149)
(29, 162)
(29, 163)
(29, 168)
(29, 56)
(29, 60)
(29, 62)
(29, 191)
(29, 74)
(29, 77)
(29, 80)
(29, 81)
(29, 93)
(29, 94)
(29, 227)
(29, 101)
(29, 103)
(29, 104)
(29, 40)
(29, 114)
(30, 139)
(30, 142)
(30, 148)
(30, 149)
(30, 33)
(30, 221)
(30, 56)
(30, 60)
(30, 191)
(30, 69)
(30, 204)
(30, 76)
(30, 77)
(30, 90)
(30, 93)
(30, 95)
(30, 97)
(30, 101)
(30, 239)
(30, 123)
(31, 132)
(31, 141)
(31, 35)
(31, 168)
(31, 45)
(31, 174)
(31, 50)
(31, 54)
(31, 58)
(31, 187)
(31, 63)
(31, 64)
(31, 198)
(31, 72)
(31, 78)
(31, 80)
(31, 83)
(31, 214)
(31, 218)
(31, 91)
(31, 222)
(31, 96)
(31, 208)
(31, 98)
(31, 59)
(31, 228)
(31, 102)
(31, 105)
(31, 110)
(31, 211)
(31, 124)
(32, 135)
(32, 108)
(32, 145)
(32, 151)
(32, 38)
(32, 167)
(32, 220)
(32, 170)
(32, 178)
(32, 184)
(32, 185)
(32, 70)
(32, 200)
(32, 73)
(32, 75)
(32, 206)
(32, 207)
(32, 209)
(32, 83)
(32, 213)
(32, 86)
(32, 79)
(32, 92)
(32, 96)
(32, 229)
(32, 236)
(32, 110)
(32, 117)
(33, 142)
(33, 148)
(33, 221)
(33, 55)
(33, 56)
(33, 186)
(33, 191)
(33, 69)
(33, 201)
(33, 204)
(33, 77)
(33, 90)
(33, 93)
(33, 95)
(33, 97)
(33, 230)
(33, 239)
(33, 76)
(33, 123)
(34, 224)
(34, 193)
(34, 130)
(34, 195)
(34, 197)
(34, 113)
(34, 137)
(34, 138)
(34, 71)
(34, 240)
(34, 115)
(34, 210)
(34, 243)
(34, 244)
(34, 67)
(34, 122)
(34, 223)
(35, 132)
(35, 214)
(35, 141)
(35, 174)
(35, 50)
(35, 51)
(35, 54)
(35, 184)
(35, 58)
(35, 187)
(35, 64)
(35, 198)
(35, 72)
(35, 205)
(35, 207)
(35, 208)
(35, 209)
(35, 83)
(35, 86)
(35, 215)
(35, 218)
(35, 79)
(35, 222)
(35, 96)
(35, 80)
(35, 98)
(35, 59)
(35, 228)
(35, 110)
(35, 211)
(35, 124)
(36, 128)
(36, 226)
(36, 134)
(36, 136)
(36, 234)
(36, 107)
(36, 66)
(36, 111)
(36, 48)
(36, 245)
(36, 152)
(36, 217)
(36, 181)
(37, 131)
(37, 137)
(37, 154)
(37, 159)
(37, 156)
(37, 157)
(37, 49)
(37, 52)
(37, 61)
(37, 194)
(37, 203)
(37, 82)
(37, 216)
(37, 219)
(37, 233)
(37, 109)
(37, 238)
(37, 241)
(37, 119)
(38, 129)
(38, 133)
(38, 135)
(38, 236)
(38, 158)
(38, 167)
(38, 92)
(38, 170)
(38, 178)
(38, 182)
(38, 185)
(38, 70)
(38, 200)
(38, 73)
(38, 202)
(38, 206)
(38, 207)
(38, 213)
(38, 86)
(38, 79)
(38, 220)
(38, 229)
(38, 108)
(38, 237)
(38, 116)
(38, 117)
(38, 118)
(39, 133)
(39, 146)
(39, 153)
(39, 156)
(39, 160)
(39, 170)
(39, 171)
(39, 172)
(39, 175)
(39, 176)
(39, 183)
(39, 57)
(39, 188)
(39, 65)
(39, 196)
(39, 199)
(39, 203)
(39, 206)
(39, 248)
(39, 212)
(39, 85)
(39, 92)
(39, 112)
(39, 120)
(39, 127)
(40, 139)
(40, 144)
(40, 149)
(40, 162)
(40, 163)
(40, 168)
(40, 56)
(40, 60)
(40, 62)
(40, 191)
(40, 74)
(40, 77)
(40, 81)
(40, 93)
(40, 94)
(40, 227)
(40, 100)
(40, 101)
(40, 104)
(40, 114)
(41, 192)
(41, 225)
(41, 171)
(41, 134)
(41, 161)
(41, 232)
(41, 128)
(41, 235)
(41, 44)
(41, 173)
(41, 112)
(41, 107)
(41, 245)
(41, 246)
(41, 183)
(41, 126)
(41, 127)
(42, 100)
(42, 166)
(42, 106)
(42, 144)
(42, 81)
(42, 89)
(42, 155)
(43, 64)
(43, 228)
(43, 198)
(43, 72)
(43, 78)
(43, 205)
(43, 174)
(43, 242)
(43, 51)
(43, 190)
(43, 214)
(43, 247)
(43, 249)
(43, 58)
(43, 124)
(43, 125)
(43, 222)
(43, 63)
(44, 192)
(44, 225)
(44, 171)
(44, 134)
(44, 161)
(44, 232)
(44, 128)
(44, 235)
(44, 173)
(44, 112)
(44, 136)
(44, 107)
(44, 245)
(44, 246)
(44, 183)
(44, 126)
(44, 127)
(45, 98)
(45, 91)
(45, 132)
(45, 102)
(45, 72)
(45, 105)
(45, 141)
(45, 78)
(45, 59)
(45, 214)
(45, 218)
(45, 155)
(45, 124)
(45, 222)
(45, 63)
(46, 224)
(46, 99)
(46, 164)
(46, 90)
(46, 230)
(46, 71)
(46, 201)
(46, 204)
(46, 142)
(46, 239)
(46, 243)
(46, 148)
(46, 122)
(46, 55)
(46, 186)
(46, 221)
(47, 121)
(47, 231)
(47, 203)
(47, 173)
(47, 177)
(47, 146)
(47, 180)
(47, 85)
(47, 183)
(47, 88)
(47, 212)
(47, 87)
(47, 119)
(47, 52)
(47, 189)
(47, 53)
(48, 152)
(48, 217)
(48, 226)
(48, 181)
(49, 129)
(49, 133)
(49, 137)
(49, 138)
(49, 147)
(49, 154)
(49, 156)
(49, 157)
(49, 159)
(49, 160)
(49, 165)
(49, 113)
(49, 169)
(49, 57)
(49, 61)
(49, 194)
(49, 195)
(49, 199)
(49, 203)
(49, 82)
(49, 216)
(49, 219)
(49, 233)
(49, 109)
(49, 238)
(49, 241)
(49, 115)
(49, 116)
(50, 132)
(50, 141)
(50, 144)
(50, 162)
(50, 163)
(50, 168)
(50, 174)
(50, 222)
(50, 54)
(50, 187)
(50, 62)
(50, 207)
(50, 208)
(50, 81)
(50, 211)
(50, 214)
(50, 215)
(50, 218)
(50, 94)
(50, 96)
(50, 80)
(50, 98)
(50, 59)
(50, 103)
(50, 104)
(50, 110)
(50, 114)
(50, 83)
(51, 143)
(51, 151)
(51, 174)
(51, 179)
(51, 184)
(51, 58)
(51, 190)
(51, 64)
(51, 66)
(51, 198)
(51, 205)
(51, 79)
(51, 208)
(51, 209)
(51, 83)
(51, 86)
(51, 228)
(51, 242)
(51, 247)
(51, 249)
(51, 124)
(51, 125)
(52, 131)
(52, 216)
(52, 146)
(52, 156)
(52, 160)
(52, 177)
(52, 180)
(52, 53)
(52, 189)
(52, 194)
(52, 199)
(52, 203)
(52, 82)
(52, 212)
(52, 85)
(52, 87)
(52, 88)
(52, 219)
(52, 231)
(52, 233)
(52, 238)
(52, 241)
(52, 119)
(52, 121)
(53, 131)
(53, 231)
(53, 87)
(53, 177)
(53, 180)
(53, 85)
(53, 119)
(53, 88)
(53, 121)
(54, 132)
(54, 141)
(54, 144)
(54, 162)
(54, 163)
(54, 168)
(54, 174)
(54, 58)
(54, 187)
(54, 64)
(54, 198)
(54, 72)
(54, 207)
(54, 208)
(54, 211)
(54, 214)
(54, 215)
(54, 218)
(54, 222)
(54, 96)
(54, 80)
(54, 98)
(54, 59)
(54, 103)
(54, 105)
(54, 110)
(54, 114)
(54, 83)
(55, 224)
(55, 99)
(55, 164)
(55, 90)
(55, 230)
(55, 71)
(55, 201)
(55, 204)
(55, 142)
(55, 239)
(55, 243)
(55, 148)
(55, 186)
(55, 221)
(55, 95)
(56, 139)
(56, 149)
(56, 60)
(56, 62)
(56, 191)
(56, 69)
(56, 74)
(56, 204)
(56, 77)
(56, 93)
(56, 94)
(56, 95)
(56, 97)
(56, 227)
(56, 101)
(56, 123)
(57, 129)
(57, 133)
(57, 137)
(57, 147)
(57, 156)
(57, 157)
(57, 159)
(57, 160)
(57, 165)
(57, 113)
(57, 169)
(57, 170)
(57, 61)
(57, 194)
(57, 195)
(57, 196)
(57, 199)
(57, 203)
(57, 206)
(57, 212)
(57, 213)
(57, 216)
(57, 92)
(57, 241)
(57, 116)
(57, 248)
(58, 214)
(58, 174)
(58, 179)
(58, 184)
(58, 64)
(58, 198)
(58, 205)
(58, 207)
(58, 208)
(58, 209)
(58, 83)
(58, 86)
(58, 79)
(58, 222)
(58, 96)
(58, 98)
(58, 228)
(58, 110)
(58, 247)
(58, 124)
(59, 132)
(59, 141)
(59, 144)
(59, 163)
(59, 168)
(59, 174)
(59, 187)
(59, 64)
(59, 198)
(59, 72)
(59, 208)
(59, 211)
(59, 214)
(59, 215)
(59, 218)
(59, 91)
(59, 222)
(59, 96)
(59, 80)
(59, 98)
(59, 102)
(59, 103)
(59, 104)
(59, 105)
(59, 110)
(59, 114)
(59, 83)
(60, 162)
(60, 227)
(60, 101)
(60, 104)
(60, 74)
(60, 139)
(60, 77)
(60, 81)
(60, 163)
(60, 149)
(60, 62)
(60, 93)
(60, 94)
(60, 191)
(61, 131)
(61, 137)
(61, 138)
(61, 147)
(61, 154)
(61, 156)
(61, 157)
(61, 159)
(61, 160)
(61, 82)
(61, 165)
(61, 241)
(61, 169)
(61, 194)
(61, 195)
(61, 210)
(61, 216)
(61, 219)
(61, 233)
(61, 109)
(61, 238)
(61, 113)
(62, 139)
(62, 140)
(62, 144)
(62, 149)
(62, 162)
(62, 163)
(62, 168)
(62, 187)
(62, 191)
(62, 74)
(62, 80)
(62, 81)
(62, 211)
(62, 215)
(62, 93)
(62, 94)
(62, 227)
(62, 100)
(62, 101)
(62, 103)
(62, 104)
(62, 114)
(63, 64)
(63, 98)
(63, 228)
(63, 102)
(63, 198)
(63, 72)
(63, 105)
(63, 141)
(63, 174)
(63, 78)
(63, 214)
(63, 132)
(63, 218)
(63, 124)
(63, 125)
(63, 222)
(64, 132)
(64, 141)
(64, 174)
(64, 198)
(64, 72)
(64, 205)
(64, 78)
(64, 208)
(64, 209)
(64, 83)
(64, 214)
(64, 218)
(64, 222)
(64, 96)
(64, 98)
(64, 228)
(64, 105)
(64, 124)
(64, 125)
(65, 128)
(65, 143)
(65, 145)
(65, 151)
(65, 153)
(65, 170)
(65, 171)
(65, 172)
(65, 175)
(65, 176)
(65, 179)
(65, 184)
(65, 188)
(65, 192)
(65, 200)
(65, 73)
(65, 75)
(65, 206)
(65, 120)
(65, 92)
(65, 225)
(65, 234)
(65, 107)
(65, 111)
(65, 112)
(65, 246)
(65, 248)
(65, 126)
(65, 127)
(66, 179)
(66, 136)
(66, 143)
(66, 151)
(66, 152)
(66, 184)
(66, 190)
(66, 192)
(66, 75)
(66, 205)
(66, 209)
(66, 217)
(66, 226)
(66, 145)
(66, 234)
(66, 111)
(66, 242)
(66, 247)
(66, 249)
(67, 129)
(67, 130)
(67, 137)
(67, 138)
(67, 150)
(67, 158)
(67, 165)
(67, 243)
(67, 186)
(67, 193)
(67, 195)
(67, 197)
(67, 201)
(67, 210)
(67, 84)
(67, 223)
(67, 240)
(67, 113)
(67, 115)
(67, 244)
(67, 118)
(67, 122)
(68, 135)
(68, 108)
(68, 140)
(68, 142)
(68, 150)
(68, 158)
(68, 167)
(68, 178)
(68, 182)
(68, 244)
(68, 186)
(68, 201)
(68, 202)
(68, 76)
(68, 84)
(68, 213)
(68, 185)
(68, 90)
(68, 220)
(68, 221)
(68, 229)
(68, 236)
(68, 237)
(68, 115)
(68, 116)
(68, 118)
(69, 139)
(69, 142)
(69, 148)
(69, 149)
(69, 221)
(69, 191)
(69, 204)
(69, 77)
(69, 90)
(69, 93)
(69, 95)
(69, 97)
(69, 101)
(69, 239)
(69, 123)
(70, 129)
(70, 133)
(70, 135)
(70, 236)
(70, 158)
(70, 167)
(70, 92)
(70, 170)
(70, 178)
(70, 182)
(70, 185)
(70, 200)
(70, 73)
(70, 202)
(70, 206)
(70, 207)
(70, 213)
(70, 86)
(70, 79)
(70, 220)
(70, 229)
(70, 108)
(70, 237)
(70, 110)
(70, 116)
(70, 117)
(71, 224)
(71, 99)
(71, 164)
(71, 230)
(71, 201)
(71, 142)
(71, 243)
(71, 148)
(71, 186)
(71, 122)
(72, 132)
(72, 141)
(72, 174)
(72, 198)
(72, 78)
(72, 214)
(72, 218)
(72, 91)
(72, 222)
(72, 98)
(72, 228)
(72, 102)
(72, 105)
(72, 124)
(72, 125)
(73, 135)
(73, 145)
(73, 151)
(73, 167)
(73, 170)
(73, 176)
(73, 178)
(73, 179)
(73, 184)
(73, 185)
(73, 200)
(73, 75)
(73, 206)
(73, 207)
(73, 209)
(73, 83)
(73, 213)
(73, 86)
(73, 79)
(73, 92)
(73, 96)
(73, 229)
(73, 236)
(73, 110)
(73, 117)
(74, 162)
(74, 227)
(74, 101)
(74, 104)
(74, 139)
(74, 77)
(74, 81)
(74, 114)
(74, 163)
(74, 149)
(74, 93)
(74, 94)
(74, 191)
(75, 128)
(75, 143)
(75, 151)
(75, 172)
(75, 175)
(75, 176)
(75, 179)
(75, 184)
(75, 192)
(75, 200)
(75, 205)
(75, 206)
(75, 79)
(75, 209)
(75, 86)
(75, 145)
(75, 234)
(75, 111)
(75, 246)
(76, 140)
(76, 142)
(76, 150)
(76, 158)
(76, 221)
(76, 182)
(76, 186)
(76, 191)
(76, 201)
(76, 202)
(76, 204)
(76, 84)
(76, 90)
(76, 220)
(76, 93)
(76, 95)
(76, 97)
(76, 108)
(76, 237)
(76, 239)
(76, 244)
(76, 118)
(77, 139)
(77, 149)
(77, 221)
(77, 191)
(77, 204)
(77, 90)
(77, 93)
(77, 95)
(77, 97)
(77, 227)
(77, 101)
(77, 239)
(77, 123)
(78, 98)
(78, 228)
(78, 102)
(78, 198)
(78, 105)
(78, 141)
(78, 174)
(78, 214)
(78, 132)
(78, 218)
(78, 91)
(78, 124)
(78, 125)
(78, 222)
(79, 145)
(79, 151)
(79, 174)
(79, 179)
(79, 184)
(79, 185)
(79, 200)
(79, 205)
(79, 207)
(79, 208)
(79, 209)
(79, 83)
(79, 86)
(79, 96)
(79, 229)
(79, 110)
(79, 117)
(80, 132)
(80, 140)
(80, 144)
(80, 162)
(80, 163)
(80, 168)
(80, 178)
(80, 185)
(80, 187)
(80, 207)
(80, 208)
(80, 81)
(80, 83)
(80, 215)
(80, 94)
(80, 96)
(80, 103)
(80, 104)
(80, 108)
(80, 110)
(80, 114)
(80, 211)
(80, 117)
(81, 227)
(81, 100)
(81, 211)
(81, 168)
(81, 106)
(81, 144)
(81, 104)
(81, 114)
(81, 163)
(81, 155)
(81, 94)
(82, 131)
(82, 146)
(82, 154)
(82, 156)
(82, 157)
(82, 159)
(82, 160)
(82, 194)
(82, 199)
(82, 203)
(82, 212)
(82, 85)
(82, 216)
(82, 219)
(82, 233)
(82, 109)
(82, 238)
(82, 241)
(82, 119)
(83, 132)
(83, 86)
(83, 141)
(83, 174)
(83, 184)
(83, 185)
(83, 187)
(83, 198)
(83, 205)
(83, 207)
(83, 208)
(83, 209)
(83, 211)
(83, 214)
(83, 215)
(83, 218)
(83, 222)
(83, 96)
(83, 98)
(83, 228)
(83, 229)
(83, 103)
(83, 110)
(83, 117)
(84, 129)
(84, 142)
(84, 150)
(84, 158)
(84, 243)
(84, 182)
(84, 116)
(84, 186)
(84, 201)
(84, 202)
(84, 213)
(84, 90)
(84, 220)
(84, 221)
(84, 223)
(84, 237)
(84, 240)
(84, 113)
(84, 115)
(84, 244)
(84, 118)
(84, 122)
(85, 131)
(85, 88)
(85, 146)
(85, 156)
(85, 160)
(85, 171)
(85, 173)
(85, 177)
(85, 180)
(85, 183)
(85, 188)
(85, 189)
(85, 196)
(85, 199)
(85, 203)
(85, 120)
(85, 212)
(85, 87)
(85, 216)
(85, 231)
(85, 233)
(85, 241)
(85, 248)
(85, 121)
(86, 145)
(86, 151)
(86, 167)
(86, 174)
(86, 178)
(86, 179)
(86, 184)
(86, 185)
(86, 187)
(86, 200)
(86, 205)
(86, 207)
(86, 208)
(86, 209)
(86, 215)
(86, 96)
(86, 229)
(86, 110)
(86, 117)
(87, 121)
(87, 231)
(87, 203)
(87, 173)
(87, 177)
(87, 146)
(87, 180)
(87, 183)
(87, 88)
(87, 212)
(87, 119)
(87, 189)
(88, 121)
(88, 231)
(88, 173)
(88, 177)
(88, 146)
(88, 180)
(88, 183)
(88, 212)
(88, 189)
(89, 91)
(89, 100)
(89, 166)
(89, 102)
(89, 106)
(89, 144)
(89, 155)
(90, 142)
(90, 148)
(90, 150)
(90, 186)
(90, 191)
(90, 201)
(90, 204)
(90, 221)
(90, 95)
(90, 97)
(90, 239)
(90, 243)
(90, 244)
(90, 123)
(91, 98)
(91, 132)
(91, 102)
(91, 105)
(91, 141)
(91, 214)
(91, 218)
(91, 155)
(91, 222)
(92, 129)
(92, 133)
(92, 135)
(92, 145)
(92, 153)
(92, 169)
(92, 170)
(92, 172)
(92, 175)
(92, 176)
(92, 196)
(92, 200)
(92, 206)
(92, 213)
(92, 220)
(92, 229)
(92, 236)
(92, 116)
(92, 248)
(93, 139)
(93, 140)
(93, 149)
(93, 162)
(93, 163)
(93, 191)
(93, 202)
(93, 94)
(93, 97)
(93, 227)
(93, 101)
(93, 103)
(94, 139)
(94, 144)
(94, 149)
(94, 162)
(94, 163)
(94, 168)
(94, 227)
(94, 100)
(94, 101)
(94, 103)
(94, 104)
(94, 106)
(94, 114)
(95, 142)
(95, 148)
(95, 186)
(95, 191)
(95, 201)
(95, 204)
(95, 221)
(95, 97)
(95, 230)
(95, 239)
(95, 123)
(96, 132)
(96, 162)
(96, 163)
(96, 167)
(96, 174)
(96, 178)
(96, 185)
(96, 187)
(96, 198)
(96, 207)
(96, 208)
(96, 209)
(96, 211)
(96, 214)
(96, 215)
(96, 229)
(96, 103)
(96, 108)
(96, 110)
(96, 117)
(97, 142)
(97, 148)
(97, 186)
(97, 191)
(97, 201)
(97, 204)
(97, 221)
(97, 239)
(97, 123)
(98, 132)
(98, 141)
(98, 174)
(98, 198)
(98, 208)
(98, 211)
(98, 214)
(98, 218)
(98, 222)
(98, 228)
(98, 102)
(98, 105)
(98, 124)
(98, 125)
(99, 224)
(99, 164)
(99, 230)
(99, 243)
(99, 148)
(100, 227)
(100, 166)
(100, 168)
(100, 106)
(100, 144)
(100, 104)
(100, 114)
(100, 155)
(101, 162)
(101, 227)
(101, 139)
(101, 149)
(101, 191)
(102, 132)
(102, 105)
(102, 141)
(102, 214)
(102, 218)
(102, 155)
(102, 222)
(103, 140)
(103, 162)
(103, 163)
(103, 167)
(103, 168)
(103, 178)
(103, 185)
(103, 187)
(103, 202)
(103, 207)
(103, 208)
(103, 211)
(103, 215)
(103, 229)
(103, 104)
(103, 108)
(103, 110)
(103, 114)
(103, 117)
(104, 144)
(104, 149)
(104, 155)
(104, 162)
(104, 163)
(104, 168)
(104, 211)
(104, 227)
(104, 106)
(104, 114)
(104, 187)
(105, 132)
(105, 198)
(105, 141)
(105, 214)
(105, 218)
(105, 155)
(105, 124)
(105, 222)
(106, 166)
(106, 144)
(106, 114)
(106, 155)
(107, 128)
(107, 134)
(107, 136)
(107, 161)
(107, 171)
(107, 192)
(107, 225)
(107, 226)
(107, 232)
(107, 234)
(107, 235)
(107, 111)
(107, 112)
(107, 245)
(107, 246)
(107, 126)
(107, 127)
(108, 135)
(108, 140)
(108, 150)
(108, 158)
(108, 162)
(108, 167)
(108, 178)
(108, 182)
(108, 185)
(108, 202)
(108, 207)
(108, 213)
(108, 215)
(108, 220)
(108, 229)
(108, 236)
(108, 237)
(108, 110)
(108, 117)
(108, 118)
(109, 131)
(109, 137)
(109, 138)
(109, 156)
(109, 154)
(109, 159)
(109, 165)
(109, 157)
(109, 194)
(109, 195)
(109, 210)
(109, 216)
(109, 219)
(109, 233)
(109, 238)
(109, 241)
(109, 147)
(110, 140)
(110, 162)
(110, 163)
(110, 167)
(110, 178)
(110, 174)
(110, 185)
(110, 187)
(110, 207)
(110, 208)
(110, 215)
(110, 229)
(110, 211)
(110, 117)
(111, 128)
(111, 134)
(111, 136)
(111, 143)
(111, 151)
(111, 152)
(111, 179)
(111, 184)
(111, 190)
(111, 192)
(111, 205)
(111, 217)
(111, 226)
(111, 145)
(111, 234)
(111, 245)
(111, 246)
(112, 128)
(112, 134)
(112, 153)
(112, 161)
(112, 171)
(112, 172)
(112, 173)
(112, 175)
(112, 176)
(112, 183)
(112, 188)
(112, 192)
(112, 248)
(112, 225)
(112, 232)
(112, 235)
(112, 245)
(112, 246)
(112, 120)
(112, 126)
(112, 127)
(113, 129)
(113, 130)
(113, 137)
(113, 138)
(113, 147)
(113, 150)
(113, 158)
(113, 159)
(113, 165)
(113, 169)
(113, 116)
(113, 193)
(113, 195)
(113, 201)
(113, 210)
(113, 213)
(113, 220)
(113, 223)
(113, 240)
(113, 115)
(113, 244)
(113, 118)
(113, 122)
(114, 132)
(114, 144)
(114, 155)
(114, 162)
(114, 163)
(114, 168)
(114, 211)
(114, 227)
(114, 187)
(115, 129)
(115, 130)
(115, 137)
(115, 138)
(115, 147)
(115, 150)
(115, 158)
(115, 165)
(115, 169)
(115, 116)
(115, 186)
(115, 195)
(115, 201)
(115, 213)
(115, 220)
(115, 223)
(115, 237)
(115, 240)
(115, 243)
(115, 244)
(115, 118)
(115, 122)
(116, 129)
(116, 133)
(116, 135)
(116, 147)
(116, 150)
(116, 158)
(116, 160)
(116, 165)
(116, 167)
(116, 169)
(116, 170)
(116, 182)
(116, 202)
(116, 206)
(116, 213)
(116, 220)
(116, 229)
(116, 236)
(116, 237)
(116, 244)
(116, 118)
(117, 135)
(117, 140)
(117, 162)
(117, 167)
(117, 178)
(117, 182)
(117, 185)
(117, 187)
(117, 202)
(117, 207)
(117, 208)
(117, 213)
(117, 215)
(117, 220)
(117, 229)
(117, 236)
(117, 237)
(118, 129)
(118, 135)
(118, 147)
(118, 150)
(118, 158)
(118, 165)
(118, 167)
(118, 169)
(118, 182)
(118, 195)
(118, 201)
(118, 202)
(118, 213)
(118, 220)
(118, 223)
(118, 236)
(118, 237)
(118, 240)
(118, 244)
(119, 194)
(119, 131)
(119, 177)
(119, 231)
(119, 233)
(119, 203)
(119, 238)
(119, 241)
(119, 216)
(119, 219)
(120, 133)
(120, 146)
(120, 153)
(120, 160)
(120, 170)
(120, 171)
(120, 172)
(120, 173)
(120, 175)
(120, 176)
(120, 183)
(120, 188)
(120, 196)
(120, 199)
(120, 203)
(120, 206)
(120, 212)
(120, 225)
(120, 232)
(120, 246)
(120, 248)
(120, 121)
(120, 126)
(120, 127)
(121, 146)
(121, 171)
(121, 173)
(121, 177)
(121, 183)
(121, 180)
(121, 188)
(121, 189)
(121, 196)
(121, 199)
(121, 203)
(121, 212)
(121, 231)
(121, 248)
(122, 130)
(122, 137)
(122, 138)
(122, 186)
(122, 193)
(122, 195)
(122, 197)
(122, 201)
(122, 210)
(122, 223)
(122, 224)
(122, 240)
(122, 243)
(122, 244)
(123, 230)
(123, 204)
(123, 239)
(123, 148)
(123, 221)
(124, 228)
(124, 198)
(124, 141)
(124, 174)
(124, 214)
(124, 132)
(124, 218)
(124, 125)
(124, 222)
(125, 228)
(125, 198)
(125, 174)
(125, 242)
(125, 190)
(125, 214)
(125, 247)
(125, 249)
(125, 222)
(126, 128)
(126, 134)
(126, 153)
(126, 161)
(126, 171)
(126, 172)
(126, 173)
(126, 175)
(126, 176)
(126, 183)
(126, 188)
(126, 192)
(126, 225)
(126, 232)
(126, 235)
(126, 245)
(126, 246)
(126, 127)
(127, 128)
(127, 134)
(127, 145)
(127, 153)
(127, 161)
(127, 171)
(127, 172)
(127, 173)
(127, 175)
(127, 176)
(127, 183)
(127, 188)
(127, 192)
(127, 196)
(127, 225)
(127, 232)
(127, 235)
(127, 245)
(127, 246)
(127, 248)
(128, 134)
(128, 136)
(128, 161)
(128, 171)
(128, 172)
(128, 176)
(128, 192)
(128, 225)
(128, 145)
(128, 232)
(128, 234)
(128, 235)
(128, 245)
(128, 246)
(129, 133)
(129, 135)
(129, 137)
(129, 150)
(129, 158)
(129, 159)
(129, 160)
(129, 165)
(129, 169)
(129, 170)
(129, 195)
(129, 199)
(129, 206)
(129, 213)
(129, 220)
(129, 236)
(129, 237)
(129, 147)
(129, 244)
(130, 193)
(130, 195)
(130, 197)
(130, 137)
(130, 138)
(130, 240)
(130, 210)
(130, 159)
(130, 223)
(131, 146)
(131, 156)
(131, 154)
(131, 157)
(131, 177)
(131, 194)
(131, 203)
(131, 212)
(131, 216)
(131, 219)
(131, 233)
(131, 238)
(131, 241)
(132, 141)
(132, 144)
(132, 155)
(132, 168)
(132, 174)
(132, 198)
(132, 208)
(132, 211)
(132, 214)
(132, 218)
(132, 222)
(132, 187)
(133, 147)
(133, 153)
(133, 156)
(133, 160)
(133, 165)
(133, 169)
(133, 170)
(133, 172)
(133, 175)
(133, 176)
(133, 188)
(133, 196)
(133, 199)
(133, 200)
(133, 203)
(133, 206)
(133, 212)
(133, 213)
(133, 236)
(133, 248)
(134, 192)
(134, 225)
(134, 226)
(134, 161)
(134, 232)
(134, 234)
(134, 235)
(134, 136)
(134, 245)
(134, 246)
(135, 140)
(135, 150)
(135, 158)
(135, 167)
(135, 170)
(135, 178)
(135, 182)
(135, 185)
(135, 200)
(135, 202)
(135, 206)
(135, 207)
(135, 213)
(135, 220)
(135, 229)
(135, 236)
(135, 237)
(136, 192)
(136, 226)
(136, 234)
(136, 143)
(136, 179)
(136, 245)
(136, 246)
(136, 152)
(136, 217)
(136, 181)
(137, 138)
(137, 154)
(137, 159)
(137, 165)
(137, 169)
(137, 157)
(137, 223)
(137, 193)
(137, 194)
(137, 195)
(137, 210)
(137, 240)
(137, 147)
(138, 154)
(138, 159)
(138, 165)
(138, 157)
(138, 193)
(138, 195)
(138, 197)
(138, 210)
(138, 223)
(138, 240)
(139, 227)
(139, 149)
(139, 191)
(140, 162)
(140, 163)
(140, 167)
(140, 178)
(140, 182)
(140, 185)
(140, 187)
(140, 191)
(140, 202)
(140, 207)
(140, 211)
(140, 215)
(140, 220)
(140, 229)
(140, 237)
(141, 174)
(141, 198)
(141, 208)
(141, 214)
(141, 218)
(141, 222)
(141, 228)
(141, 211)
(142, 150)
(142, 158)
(142, 186)
(142, 191)
(142, 201)
(142, 202)
(142, 204)
(142, 221)
(142, 224)
(142, 239)
(142, 243)
(142, 244)
(142, 148)
(143, 192)
(143, 226)
(143, 145)
(143, 234)
(143, 151)
(143, 205)
(143, 209)
(143, 179)
(143, 246)
(143, 247)
(143, 184)
(143, 217)
(143, 152)
(143, 190)
(144, 155)
(144, 163)
(144, 168)
(144, 211)
(144, 227)
(144, 187)
(145, 151)
(145, 153)
(145, 170)
(145, 172)
(145, 175)
(145, 176)
(145, 179)
(145, 184)
(145, 192)
(145, 200)
(145, 205)
(145, 206)
(145, 209)
(145, 234)
(145, 246)
(146, 153)
(146, 156)
(146, 160)
(146, 171)
(146, 177)
(146, 180)
(146, 183)
(146, 188)
(146, 189)
(146, 196)
(146, 199)
(146, 203)
(146, 212)
(146, 216)
(146, 231)
(146, 233)
(146, 238)
(146, 241)
(146, 248)
(147, 157)
(147, 159)
(147, 160)
(147, 165)
(147, 169)
(147, 194)
(147, 195)
(147, 199)
(147, 203)
(147, 156)
(147, 213)
(147, 216)
(147, 241)
(148, 224)
(148, 164)
(148, 230)
(148, 204)
(148, 239)
(148, 186)
(148, 221)
(149, 227)
(149, 191)
(150, 158)
(150, 167)
(150, 169)
(150, 178)
(150, 182)
(150, 186)
(150, 201)
(150, 202)
(150, 213)
(150, 220)
(150, 223)
(150, 236)
(150, 237)
(150, 240)
(150, 244)
(151, 179)
(151, 172)
(151, 175)
(151, 176)
(151, 184)
(151, 192)
(151, 200)
(151, 205)
(151, 206)
(151, 209)
(151, 234)
(151, 246)
(152, 226)
(152, 234)
(152, 247)
(152, 205)
(152, 242)
(152, 181)
(152, 217)
(152, 249)
(152, 190)
(153, 160)
(153, 170)
(153, 171)
(153, 172)
(153, 175)
(153, 176)
(153, 183)
(153, 188)
(153, 192)
(153, 196)
(153, 199)
(153, 200)
(153, 206)
(153, 212)
(153, 225)
(153, 232)
(153, 246)
(153, 248)
(154, 157)
(154, 159)
(154, 165)
(154, 210)
(154, 194)
(154, 195)
(154, 216)
(154, 219)
(154, 233)
(154, 238)
(154, 241)
(155, 166)
(155, 168)
(156, 157)
(156, 159)
(156, 160)
(156, 165)
(156, 169)
(156, 194)
(156, 196)
(156, 199)
(156, 203)
(156, 212)
(156, 216)
(156, 219)
(156, 233)
(156, 238)
(156, 241)
(156, 248)
(157, 159)
(157, 160)
(157, 165)
(157, 194)
(157, 195)
(157, 203)
(157, 210)
(157, 216)
(157, 219)
(157, 233)
(157, 238)
(157, 241)
(158, 167)
(158, 169)
(158, 178)
(158, 182)
(158, 201)
(158, 202)
(158, 213)
(158, 220)
(158, 229)
(158, 236)
(158, 237)
(158, 244)
(159, 160)
(159, 165)
(159, 169)
(159, 194)
(159, 195)
(159, 210)
(159, 216)
(159, 219)
(159, 233)
(159, 238)
(159, 240)
(159, 241)
(160, 165)
(160, 169)
(160, 170)
(160, 188)
(160, 194)
(160, 195)
(160, 196)
(160, 199)
(160, 203)
(160, 206)
(160, 212)
(160, 216)
(160, 233)
(160, 238)
(160, 241)
(160, 248)
(161, 192)
(161, 225)
(161, 171)
(161, 232)
(161, 235)
(161, 173)
(161, 245)
(161, 246)
(161, 183)
(162, 163)
(162, 167)
(162, 168)
(162, 178)
(162, 185)
(162, 187)
(162, 191)
(162, 182)
(162, 202)
(162, 207)
(162, 211)
(162, 215)
(162, 229)
(163, 168)
(163, 185)
(163, 211)
(163, 215)
(163, 227)
(163, 187)
(164, 224)
(164, 230)
(165, 169)
(165, 244)
(165, 194)
(165, 195)
(165, 199)
(165, 223)
(165, 240)
(167, 178)
(167, 182)
(167, 185)
(167, 202)
(167, 207)
(167, 213)
(167, 215)
(167, 220)
(167, 229)
(167, 236)
(167, 237)
(168, 211)
(168, 215)
(168, 227)
(168, 187)
(169, 220)
(169, 170)
(169, 195)
(169, 199)
(169, 206)
(169, 213)
(169, 236)
(170, 171)
(170, 172)
(170, 175)
(170, 176)
(170, 188)
(170, 196)
(170, 199)
(170, 200)
(170, 206)
(170, 213)
(170, 236)
(170, 248)
(171, 172)
(171, 173)
(171, 175)
(171, 176)
(171, 183)
(171, 188)
(171, 189)
(171, 192)
(171, 196)
(171, 199)
(171, 206)
(171, 212)
(171, 225)
(171, 232)
(171, 235)
(171, 246)
(171, 248)
(172, 175)
(172, 176)
(172, 183)
(172, 188)
(172, 192)
(172, 196)
(172, 199)
(172, 200)
(172, 206)
(172, 225)
(172, 232)
(172, 246)
(172, 248)
(173, 180)
(173, 183)
(173, 188)
(173, 189)
(173, 225)
(173, 231)
(173, 232)
(173, 235)
(174, 198)
(174, 205)
(174, 207)
(174, 208)
(174, 209)
(174, 211)
(174, 214)
(174, 218)
(174, 222)
(174, 187)
(174, 228)
(175, 176)
(175, 183)
(175, 188)
(175, 192)
(175, 196)
(175, 199)
(175, 200)
(175, 206)
(175, 225)
(175, 246)
(175, 248)
(176, 184)
(176, 188)
(176, 192)
(176, 196)
(176, 200)
(176, 206)
(176, 225)
(176, 234)
(176, 246)
(176, 248)
(177, 231)
(177, 180)
(177, 189)
(178, 182)
(178, 185)
(178, 187)
(178, 202)
(178, 207)
(178, 213)
(178, 215)
(178, 220)
(178, 229)
(178, 236)
(178, 237)
(179, 184)
(179, 190)
(179, 192)
(179, 200)
(179, 205)
(179, 209)
(179, 217)
(179, 234)
(179, 246)
(179, 247)
(180, 231)
(180, 212)
(180, 183)
(180, 189)
(181, 226)
(181, 217)
(182, 185)
(182, 202)
(182, 213)
(182, 215)
(182, 220)
(182, 229)
(182, 236)
(182, 237)
(182, 244)
(183, 188)
(183, 189)
(183, 196)
(183, 199)
(183, 212)
(183, 225)
(183, 232)
(183, 235)
(183, 246)
(183, 248)
(184, 200)
(184, 205)
(184, 209)
(184, 234)
(185, 187)
(185, 202)
(185, 207)
(185, 208)
(185, 211)
(185, 213)
(185, 215)
(185, 220)
(185, 229)
(185, 236)
(185, 237)
(186, 201)
(186, 204)
(186, 221)
(186, 223)
(186, 224)
(186, 239)
(186, 243)
(186, 244)
(187, 207)
(187, 214)
(187, 215)
(187, 218)
(187, 208)
(187, 229)
(187, 211)
(188, 196)
(188, 199)
(188, 203)
(188, 206)
(188, 248)
(188, 212)
(188, 225)
(188, 232)
(188, 246)
(189, 231)
(189, 232)
(189, 212)
(190, 234)
(190, 247)
(190, 205)
(190, 242)
(190, 217)
(190, 249)
(191, 204)
(191, 202)
(191, 221)
(191, 227)
(191, 239)
(192, 225)
(192, 232)
(192, 234)
(192, 235)
(192, 245)
(192, 246)
(193, 195)
(193, 197)
(193, 240)
(193, 210)
(193, 223)
(194, 199)
(194, 203)
(194, 212)
(194, 216)
(194, 219)
(194, 233)
(194, 238)
(194, 241)
(195, 210)
(195, 223)
(195, 240)
(195, 244)
(196, 199)
(196, 203)
(196, 206)
(196, 248)
(196, 212)
(197, 224)
(197, 240)
(197, 210)
(197, 243)
(197, 223)
(198, 205)
(198, 208)
(198, 209)
(198, 214)
(198, 218)
(198, 222)
(198, 228)
(199, 203)
(199, 206)
(199, 212)
(199, 216)
(199, 233)
(199, 241)
(199, 248)
(200, 206)
(200, 229)
(200, 236)
(201, 223)
(201, 204)
(201, 221)
(201, 224)
(201, 239)
(201, 240)
(201, 243)
(201, 244)
(202, 213)
(202, 215)
(202, 220)
(202, 229)
(202, 236)
(202, 237)
(203, 212)
(203, 216)
(203, 219)
(203, 233)
(203, 238)
(203, 241)
(203, 248)
(204, 221)
(204, 230)
(204, 239)
(205, 209)
(205, 217)
(205, 228)
(205, 234)
(205, 242)
(205, 247)
(205, 249)
(206, 248)
(206, 213)
(206, 236)
(207, 209)
(207, 215)
(207, 208)
(207, 229)
(207, 211)
(208, 209)
(208, 214)
(208, 215)
(208, 218)
(208, 222)
(208, 229)
(208, 211)
(209, 228)
(209, 234)
(209, 247)
(210, 240)
(210, 223)
(211, 214)
(211, 215)
(211, 218)
(211, 222)
(212, 248)
(212, 216)
(212, 231)
(212, 233)
(212, 238)
(212, 241)
(213, 220)
(213, 229)
(213, 236)
(213, 237)
(213, 244)
(214, 218)
(214, 222)
(214, 228)
(215, 229)
(216, 219)
(216, 233)
(216, 238)
(216, 241)
(217, 226)
(217, 234)
(217, 242)
(217, 247)
(217, 249)
(218, 222)
(218, 228)
(219, 233)
(219, 238)
(219, 241)
(220, 229)
(220, 236)
(220, 237)
(220, 244)
(221, 239)
(221, 243)
(221, 244)
(222, 228)
(223, 224)
(223, 240)
(223, 243)
(223, 244)
(224, 230)
(224, 243)
(225, 235)
(225, 232)
(225, 245)
(225, 246)
(226, 234)
(226, 245)
(228, 247)
(228, 249)
(229, 236)
(229, 237)
(230, 239)
(230, 243)
(232, 235)
(232, 245)
(232, 246)
(233, 238)
(233, 241)
(234, 245)
(234, 246)
(235, 245)
(235, 246)
(236, 237)
(237, 244)
(238, 241)
(240, 243)
(240, 244)
(242, 247)
(242, 249)
(243, 244)
(245, 246)
(247, 249)
