#Nodes
0
1
2
3
4
5
6
7
8
9
10
11
12
13
14
15
16
17
18
19
20
21
22
23
24
25
26
27
28
29
30
31
32
33
34
35
36
37
38
39
40
41
42
43
44
45
46
47
48
49
50
51
52
53
54
55
56
57
58
59
60
61
62
63
64
65
66
67
68
69
70
71
72
73
74
75
76
77
78
79
80
81
82
83
84
85
86
87
88
89
90
91
92
93
94
95
96
97
98
99
100
101
102
103
104
105
106
107
108
109
110
111
112
113
114
115
116
117
118
119
120
121
122
123
124
125
126
127
128
129
130
131
132
133
134
135
136
137
138
139
140
141
142
143
144
145
146
147
148
149
150
151
152
153
154
155
156
157
158
159
160
161
162
163
164
165
166
167
168
169
170
171
172
173
174
175
176
177
178
179
180
181
182
183
184
185
186
187
188
189
190
191
192
193
194
195
196
197
198
199
200
201
202
203
204
205
206
207
208
209
210
211
212
213
214
215
216
217
218
219
220
221
222
223
224
225
226
227
228
229
230
231
232
233
234
235
236
237
238
239
240
241
242
243
244
245
246
247
248
249
#Edges
(0, 64)
(0, 8)
(0, 237)
(0, 21)
(0, 68)
(0, 27)
(0, 164)
(0, 40)
(0, 170)
(0, 45)
(0, 46)
(0, 48)
(0, 52)
(0, 183)
(0, 192)
(0, 196)
(0, 199)
(0, 205)
(0, 80)
(0, 81)
(0, 214)
(0, 215)
(0, 220)
(0, 93)
(0, 95)
(0, 96)
(0, 229)
(0, 109)
(0, 238)
(0, 112)
(0, 249)
(0, 124)
(1, 128)
(1, 193)
(1, 35)
(1, 36)
(1, 70)
(1, 230)
(1, 167)
(1, 201)
(1, 138)
(1, 11)
(1, 141)
(1, 113)
(1, 114)
(1, 94)
(1, 184)
(1, 217)
(1, 218)
(1, 60)
(1, 222)
(2, 132)
(2, 13)
(2, 15)
(2, 144)
(2, 22)
(2, 155)
(2, 37)
(2, 42)
(2, 177)
(2, 179)
(2, 53)
(2, 186)
(2, 59)
(2, 62)
(2, 198)
(2, 202)
(2, 76)
(2, 78)
(2, 84)
(2, 91)
(2, 226)
(2, 227)
(2, 228)
(2, 104)
(2, 235)
(2, 242)
(2, 244)
(2, 187)
(3, 132)
(3, 7)
(3, 136)
(3, 139)
(3, 15)
(3, 144)
(3, 149)
(3, 29)
(3, 31)
(3, 39)
(3, 172)
(3, 179)
(3, 53)
(3, 186)
(3, 59)
(3, 189)
(3, 62)
(3, 69)
(3, 72)
(3, 202)
(3, 204)
(3, 207)
(3, 82)
(3, 83)
(3, 216)
(3, 58)
(3, 226)
(3, 228)
(3, 236)
(3, 110)
(3, 241)
(3, 243)
(3, 246)
(3, 248)
(4, 64)
(4, 112)
(4, 234)
(4, 215)
(4, 21)
(4, 240)
(4, 85)
(4, 183)
(4, 249)
(4, 219)
(4, 124)
(4, 93)
(4, 63)
(5, 131)
(5, 133)
(5, 16)
(5, 18)
(5, 150)
(5, 26)
(5, 160)
(5, 161)
(5, 169)
(5, 176)
(5, 178)
(5, 33)
(5, 75)
(5, 224)
(5, 102)
(5, 233)
(5, 146)
(5, 115)
(5, 118)
(5, 247)
(5, 121)
(5, 122)
(5, 123)
(6, 65)
(6, 137)
(6, 11)
(6, 140)
(6, 14)
(6, 147)
(6, 217)
(6, 154)
(6, 36)
(6, 222)
(6, 9)
(6, 187)
(6, 60)
(6, 193)
(6, 66)
(6, 197)
(6, 201)
(6, 203)
(6, 76)
(6, 77)
(6, 79)
(6, 209)
(6, 211)
(6, 213)
(6, 89)
(6, 218)
(6, 94)
(6, 225)
(6, 99)
(6, 239)
(6, 245)
(6, 119)
(7, 51)
(7, 132)
(7, 139)
(7, 12)
(7, 142)
(7, 15)
(7, 144)
(7, 149)
(7, 29)
(7, 31)
(7, 39)
(7, 168)
(7, 41)
(7, 47)
(7, 179)
(7, 186)
(7, 62)
(7, 69)
(7, 198)
(7, 72)
(7, 202)
(7, 207)
(7, 82)
(7, 83)
(7, 86)
(7, 216)
(7, 223)
(7, 226)
(7, 228)
(7, 101)
(7, 231)
(7, 232)
(7, 236)
(7, 104)
(7, 242)
(7, 243)
(7, 116)
(7, 246)
(7, 248)
(8, 237)
(8, 145)
(8, 21)
(8, 150)
(8, 27)
(8, 162)
(8, 164)
(8, 40)
(8, 170)
(8, 171)
(8, 45)
(8, 46)
(8, 48)
(8, 52)
(8, 183)
(8, 199)
(8, 205)
(8, 80)
(8, 81)
(8, 214)
(8, 215)
(8, 220)
(8, 93)
(8, 95)
(8, 224)
(8, 109)
(8, 238)
(8, 121)
(9, 128)
(9, 65)
(9, 137)
(9, 11)
(9, 140)
(9, 14)
(9, 147)
(9, 89)
(9, 154)
(9, 36)
(9, 94)
(9, 185)
(9, 60)
(9, 190)
(9, 193)
(9, 66)
(9, 197)
(9, 70)
(9, 201)
(9, 203)
(9, 76)
(9, 77)
(9, 79)
(9, 209)
(9, 211)
(9, 213)
(9, 217)
(9, 218)
(9, 222)
(9, 225)
(9, 99)
(9, 239)
(9, 113)
(9, 245)
(10, 17)
(10, 68)
(10, 157)
(10, 30)
(10, 43)
(10, 174)
(10, 49)
(10, 185)
(10, 190)
(10, 196)
(10, 200)
(10, 206)
(10, 210)
(10, 90)
(10, 96)
(10, 97)
(10, 98)
(10, 100)
(10, 105)
(10, 106)
(10, 107)
(10, 239)
(10, 127)
(11, 128)
(11, 140)
(11, 14)
(11, 147)
(11, 36)
(11, 222)
(11, 60)
(11, 193)
(11, 197)
(11, 70)
(11, 201)
(11, 203)
(11, 77)
(11, 79)
(11, 209)
(11, 213)
(11, 217)
(11, 218)
(11, 94)
(11, 225)
(11, 99)
(11, 113)
(11, 245)
(12, 139)
(12, 142)
(12, 15)
(12, 144)
(12, 149)
(12, 153)
(12, 168)
(12, 41)
(12, 44)
(12, 47)
(12, 177)
(12, 50)
(12, 51)
(12, 181)
(12, 56)
(12, 61)
(12, 69)
(12, 198)
(12, 74)
(12, 120)
(12, 82)
(12, 92)
(12, 223)
(12, 101)
(12, 231)
(12, 232)
(12, 104)
(12, 242)
(12, 116)
(12, 117)
(12, 248)
(13, 143)
(13, 144)
(13, 24)
(13, 152)
(13, 155)
(13, 156)
(13, 34)
(13, 37)
(13, 42)
(13, 171)
(13, 44)
(13, 175)
(13, 177)
(13, 51)
(13, 180)
(13, 57)
(13, 191)
(13, 198)
(13, 78)
(13, 91)
(13, 220)
(13, 221)
(13, 227)
(13, 104)
(13, 235)
(13, 242)
(13, 244)
(14, 128)
(14, 140)
(14, 147)
(14, 36)
(14, 222)
(14, 60)
(14, 193)
(14, 66)
(14, 197)
(14, 70)
(14, 201)
(14, 203)
(14, 77)
(14, 79)
(14, 209)
(14, 213)
(14, 217)
(14, 218)
(14, 94)
(14, 225)
(14, 99)
(14, 245)
(15, 51)
(15, 132)
(15, 139)
(15, 142)
(15, 144)
(15, 149)
(15, 29)
(15, 39)
(15, 177)
(15, 179)
(15, 53)
(15, 56)
(15, 116)
(15, 186)
(15, 62)
(15, 69)
(15, 198)
(15, 72)
(15, 202)
(15, 207)
(15, 82)
(15, 216)
(15, 223)
(15, 226)
(15, 228)
(15, 101)
(15, 231)
(15, 232)
(15, 236)
(15, 104)
(15, 242)
(15, 243)
(15, 244)
(15, 246)
(15, 248)
(16, 129)
(16, 130)
(16, 131)
(16, 133)
(16, 18)
(16, 67)
(16, 20)
(16, 23)
(16, 25)
(16, 161)
(16, 169)
(16, 176)
(16, 178)
(16, 54)
(16, 55)
(16, 61)
(16, 19)
(16, 195)
(16, 71)
(16, 73)
(16, 75)
(16, 208)
(16, 33)
(16, 102)
(16, 115)
(16, 118)
(16, 247)
(16, 122)
(16, 123)
(16, 125)
(16, 126)
(17, 97)
(17, 100)
(17, 105)
(17, 234)
(17, 107)
(17, 206)
(17, 49)
(17, 210)
(17, 106)
(17, 174)
(17, 157)
(17, 30)
(17, 127)
(18, 129)
(18, 130)
(18, 131)
(18, 19)
(18, 161)
(18, 169)
(18, 176)
(18, 178)
(18, 54)
(18, 55)
(18, 195)
(18, 33)
(18, 73)
(18, 208)
(18, 67)
(18, 102)
(18, 115)
(18, 118)
(18, 247)
(18, 122)
(18, 125)
(19, 129)
(19, 130)
(19, 131)
(19, 67)
(19, 20)
(19, 23)
(19, 25)
(19, 159)
(19, 178)
(19, 54)
(19, 55)
(19, 188)
(19, 195)
(19, 71)
(19, 73)
(19, 208)
(19, 118)
(19, 247)
(19, 122)
(19, 125)
(20, 129)
(20, 130)
(20, 131)
(20, 67)
(20, 23)
(20, 25)
(20, 159)
(20, 161)
(20, 178)
(20, 181)
(20, 54)
(20, 55)
(20, 188)
(20, 61)
(20, 195)
(20, 71)
(20, 75)
(20, 92)
(20, 115)
(20, 117)
(20, 118)
(20, 247)
(20, 120)
(20, 122)
(20, 123)
(20, 125)
(20, 126)
(21, 64)
(21, 135)
(21, 145)
(21, 27)
(21, 162)
(21, 166)
(21, 40)
(21, 170)
(21, 183)
(21, 63)
(21, 192)
(21, 199)
(21, 205)
(21, 81)
(21, 212)
(21, 215)
(21, 219)
(21, 93)
(21, 95)
(21, 108)
(21, 237)
(21, 238)
(21, 112)
(21, 249)
(21, 124)
(22, 132)
(22, 134)
(22, 144)
(22, 163)
(22, 173)
(22, 179)
(22, 53)
(22, 187)
(22, 62)
(22, 194)
(22, 72)
(22, 202)
(22, 76)
(22, 207)
(22, 84)
(22, 87)
(22, 88)
(22, 226)
(22, 59)
(22, 103)
(22, 241)
(22, 244)
(22, 119)
(23, 129)
(23, 130)
(23, 131)
(23, 67)
(23, 25)
(23, 159)
(23, 161)
(23, 178)
(23, 181)
(23, 54)
(23, 55)
(23, 188)
(23, 61)
(23, 195)
(23, 71)
(23, 75)
(23, 92)
(23, 115)
(23, 117)
(23, 118)
(23, 247)
(23, 120)
(23, 122)
(23, 123)
(23, 125)
(23, 126)
(24, 137)
(24, 143)
(24, 151)
(24, 152)
(24, 154)
(24, 155)
(24, 156)
(24, 34)
(24, 164)
(24, 37)
(24, 38)
(24, 42)
(24, 171)
(24, 175)
(24, 182)
(24, 57)
(24, 65)
(24, 200)
(24, 78)
(24, 211)
(24, 90)
(24, 91)
(24, 220)
(24, 227)
(24, 235)
(25, 129)
(25, 130)
(25, 131)
(25, 153)
(25, 159)
(25, 161)
(25, 50)
(25, 178)
(25, 181)
(25, 54)
(25, 55)
(25, 188)
(25, 61)
(25, 67)
(25, 71)
(25, 74)
(25, 75)
(25, 92)
(25, 115)
(25, 117)
(25, 118)
(25, 247)
(25, 120)
(25, 122)
(25, 123)
(25, 125)
(25, 126)
(26, 224)
(26, 160)
(26, 133)
(26, 102)
(26, 33)
(26, 233)
(26, 176)
(26, 146)
(26, 115)
(26, 169)
(26, 121)
(27, 64)
(27, 237)
(27, 145)
(27, 150)
(27, 162)
(27, 164)
(27, 40)
(27, 170)
(27, 171)
(27, 45)
(27, 46)
(27, 48)
(27, 52)
(27, 183)
(27, 192)
(27, 199)
(27, 205)
(27, 80)
(27, 81)
(27, 214)
(27, 215)
(27, 219)
(27, 220)
(27, 93)
(27, 95)
(27, 229)
(27, 109)
(27, 238)
(27, 112)
(27, 121)
(27, 124)
(28, 172)
(28, 32)
(28, 83)
(28, 39)
(28, 136)
(28, 236)
(28, 204)
(28, 110)
(28, 111)
(28, 72)
(28, 243)
(28, 148)
(28, 246)
(28, 216)
(28, 58)
(28, 189)
(28, 31)
(29, 132)
(29, 136)
(29, 139)
(29, 142)
(29, 149)
(29, 31)
(29, 39)
(29, 172)
(29, 179)
(29, 186)
(29, 62)
(29, 69)
(29, 72)
(29, 202)
(29, 204)
(29, 207)
(29, 82)
(29, 83)
(29, 86)
(29, 216)
(29, 58)
(29, 223)
(29, 226)
(29, 228)
(29, 231)
(29, 232)
(29, 236)
(29, 110)
(29, 104)
(29, 243)
(29, 116)
(29, 246)
(29, 248)
(30, 137)
(30, 141)
(30, 89)
(30, 157)
(30, 35)
(30, 36)
(30, 167)
(30, 43)
(30, 174)
(30, 49)
(30, 184)
(30, 185)
(30, 60)
(30, 190)
(30, 65)
(30, 66)
(30, 197)
(30, 70)
(30, 97)
(30, 200)
(30, 201)
(30, 206)
(30, 210)
(30, 217)
(30, 90)
(30, 222)
(30, 225)
(30, 98)
(30, 100)
(30, 105)
(30, 239)
(30, 113)
(30, 127)
(31, 132)
(31, 136)
(31, 139)
(31, 148)
(31, 32)
(31, 39)
(31, 172)
(31, 179)
(31, 186)
(31, 59)
(31, 189)
(31, 62)
(31, 194)
(31, 72)
(31, 202)
(31, 204)
(31, 207)
(31, 83)
(31, 216)
(31, 58)
(31, 226)
(31, 228)
(31, 236)
(31, 110)
(31, 111)
(31, 241)
(31, 243)
(31, 246)
(31, 248)
(32, 83)
(32, 39)
(32, 136)
(32, 204)
(32, 172)
(32, 110)
(32, 111)
(32, 243)
(32, 148)
(32, 246)
(32, 216)
(32, 58)
(32, 189)
(33, 129)
(33, 131)
(33, 133)
(33, 161)
(33, 169)
(33, 176)
(33, 178)
(33, 54)
(33, 67)
(33, 73)
(33, 75)
(33, 208)
(33, 102)
(33, 115)
(33, 118)
(33, 247)
(33, 122)
(33, 123)
(33, 125)
(34, 143)
(34, 151)
(34, 152)
(34, 155)
(34, 156)
(34, 164)
(34, 37)
(34, 38)
(34, 170)
(34, 171)
(34, 175)
(34, 180)
(34, 182)
(34, 57)
(34, 196)
(34, 200)
(34, 78)
(34, 109)
(34, 214)
(34, 90)
(34, 91)
(34, 220)
(34, 227)
(34, 229)
(34, 235)
(34, 237)
(34, 42)
(35, 128)
(35, 138)
(35, 141)
(35, 36)
(35, 167)
(35, 174)
(35, 49)
(35, 222)
(35, 184)
(35, 185)
(35, 60)
(35, 193)
(35, 197)
(35, 70)
(35, 97)
(35, 201)
(35, 210)
(35, 217)
(35, 218)
(35, 94)
(35, 225)
(35, 100)
(35, 230)
(35, 239)
(35, 113)
(35, 114)
(36, 128)
(36, 138)
(36, 140)
(36, 141)
(36, 147)
(36, 89)
(36, 167)
(36, 43)
(36, 49)
(36, 94)
(36, 184)
(36, 185)
(36, 60)
(36, 190)
(36, 193)
(36, 66)
(36, 197)
(36, 70)
(36, 97)
(36, 201)
(36, 210)
(36, 213)
(36, 217)
(36, 218)
(36, 222)
(36, 225)
(36, 99)
(36, 100)
(36, 230)
(36, 239)
(36, 113)
(36, 114)
(36, 245)
(37, 179)
(37, 143)
(37, 144)
(37, 152)
(37, 155)
(37, 156)
(37, 42)
(37, 175)
(37, 177)
(37, 51)
(37, 53)
(37, 57)
(37, 198)
(37, 78)
(37, 91)
(37, 227)
(37, 104)
(37, 235)
(37, 242)
(37, 244)
(38, 143)
(38, 151)
(38, 68)
(38, 155)
(38, 156)
(38, 164)
(38, 170)
(38, 43)
(38, 175)
(38, 182)
(38, 57)
(38, 190)
(38, 192)
(38, 65)
(38, 196)
(38, 200)
(38, 214)
(38, 89)
(38, 90)
(38, 220)
(38, 96)
(38, 98)
(38, 229)
(38, 235)
(38, 109)
(38, 42)
(39, 132)
(39, 136)
(39, 139)
(39, 142)
(39, 149)
(39, 172)
(39, 179)
(39, 186)
(39, 59)
(39, 189)
(39, 62)
(39, 69)
(39, 72)
(39, 202)
(39, 204)
(39, 207)
(39, 82)
(39, 83)
(39, 86)
(39, 216)
(39, 58)
(39, 226)
(39, 228)
(39, 232)
(39, 236)
(39, 110)
(39, 111)
(39, 241)
(39, 243)
(39, 116)
(39, 246)
(39, 248)
(40, 64)
(40, 237)
(40, 145)
(40, 150)
(40, 162)
(40, 164)
(40, 170)
(40, 171)
(40, 45)
(40, 46)
(40, 48)
(40, 52)
(40, 183)
(40, 192)
(40, 199)
(40, 205)
(40, 80)
(40, 81)
(40, 214)
(40, 215)
(40, 219)
(40, 220)
(40, 93)
(40, 95)
(40, 229)
(40, 109)
(40, 238)
(40, 112)
(40, 121)
(40, 124)
(41, 139)
(41, 142)
(41, 149)
(41, 153)
(41, 168)
(41, 47)
(41, 50)
(41, 181)
(41, 56)
(41, 69)
(41, 74)
(41, 120)
(41, 82)
(41, 86)
(41, 92)
(41, 223)
(41, 101)
(41, 231)
(41, 232)
(41, 104)
(41, 116)
(41, 117)
(41, 248)
(42, 137)
(42, 143)
(42, 151)
(42, 152)
(42, 154)
(42, 155)
(42, 156)
(42, 175)
(42, 182)
(42, 57)
(42, 65)
(42, 200)
(42, 76)
(42, 78)
(42, 211)
(42, 89)
(42, 90)
(42, 91)
(42, 220)
(42, 227)
(42, 235)
(42, 244)
(43, 137)
(43, 151)
(43, 68)
(43, 154)
(43, 156)
(43, 157)
(43, 174)
(43, 182)
(43, 185)
(43, 60)
(43, 190)
(43, 65)
(43, 66)
(43, 196)
(43, 197)
(43, 70)
(43, 97)
(43, 200)
(43, 201)
(43, 206)
(43, 210)
(43, 217)
(43, 90)
(43, 222)
(43, 96)
(43, 225)
(43, 98)
(43, 100)
(43, 105)
(43, 239)
(43, 89)
(43, 127)
(44, 152)
(44, 153)
(44, 158)
(44, 165)
(44, 47)
(44, 177)
(44, 50)
(44, 51)
(44, 180)
(44, 181)
(44, 56)
(44, 61)
(44, 191)
(44, 92)
(44, 221)
(44, 223)
(44, 101)
(44, 231)
(44, 104)
(44, 242)
(44, 117)
(44, 120)
(44, 126)
(45, 237)
(45, 145)
(45, 150)
(45, 164)
(45, 165)
(45, 170)
(45, 171)
(45, 46)
(45, 48)
(45, 52)
(45, 180)
(45, 191)
(45, 199)
(45, 205)
(45, 80)
(45, 81)
(45, 214)
(45, 220)
(45, 221)
(45, 95)
(45, 224)
(45, 109)
(45, 238)
(45, 121)
(46, 237)
(46, 145)
(46, 150)
(46, 164)
(46, 165)
(46, 170)
(46, 171)
(46, 48)
(46, 52)
(46, 180)
(46, 191)
(46, 199)
(46, 205)
(46, 80)
(46, 81)
(46, 214)
(46, 220)
(46, 221)
(46, 95)
(46, 224)
(46, 109)
(46, 238)
(46, 121)
(47, 139)
(47, 142)
(47, 149)
(47, 153)
(47, 168)
(47, 50)
(47, 51)
(47, 181)
(47, 56)
(47, 69)
(47, 74)
(47, 120)
(47, 82)
(47, 86)
(47, 92)
(47, 223)
(47, 101)
(47, 231)
(47, 232)
(47, 104)
(47, 242)
(47, 116)
(47, 117)
(47, 248)
(48, 237)
(48, 145)
(48, 150)
(48, 164)
(48, 170)
(48, 171)
(48, 52)
(48, 183)
(48, 180)
(48, 199)
(48, 205)
(48, 80)
(48, 81)
(48, 214)
(48, 215)
(48, 220)
(48, 95)
(48, 224)
(48, 109)
(48, 238)
(48, 121)
(49, 97)
(49, 100)
(49, 114)
(49, 230)
(49, 167)
(49, 201)
(49, 138)
(49, 141)
(49, 206)
(49, 113)
(49, 210)
(49, 174)
(49, 184)
(49, 217)
(49, 70)
(49, 222)
(50, 142)
(50, 149)
(50, 153)
(50, 158)
(50, 168)
(50, 177)
(50, 51)
(50, 181)
(50, 56)
(50, 61)
(50, 69)
(50, 71)
(50, 74)
(50, 82)
(50, 92)
(50, 223)
(50, 101)
(50, 231)
(50, 232)
(50, 104)
(50, 242)
(50, 117)
(50, 120)
(50, 126)
(51, 144)
(51, 149)
(51, 152)
(51, 153)
(51, 158)
(51, 177)
(51, 181)
(51, 56)
(51, 186)
(51, 191)
(51, 69)
(51, 198)
(51, 82)
(51, 221)
(51, 223)
(51, 227)
(51, 228)
(51, 101)
(51, 231)
(51, 104)
(51, 242)
(51, 117)
(51, 248)
(51, 126)
(52, 237)
(52, 145)
(52, 146)
(52, 150)
(52, 160)
(52, 162)
(52, 164)
(52, 170)
(52, 171)
(52, 180)
(52, 183)
(52, 199)
(52, 205)
(52, 80)
(52, 81)
(52, 214)
(52, 215)
(52, 220)
(52, 95)
(52, 224)
(52, 109)
(52, 238)
(52, 121)
(53, 132)
(53, 134)
(53, 144)
(53, 173)
(53, 179)
(53, 59)
(53, 186)
(53, 187)
(53, 62)
(53, 198)
(53, 72)
(53, 202)
(53, 76)
(53, 78)
(53, 207)
(53, 84)
(53, 87)
(53, 88)
(53, 226)
(53, 227)
(53, 228)
(53, 103)
(53, 236)
(53, 241)
(53, 244)
(53, 119)
(54, 129)
(54, 130)
(54, 131)
(54, 67)
(54, 159)
(54, 161)
(54, 169)
(54, 176)
(54, 178)
(54, 55)
(54, 188)
(54, 61)
(54, 195)
(54, 71)
(54, 73)
(54, 75)
(54, 208)
(54, 102)
(54, 115)
(54, 118)
(54, 247)
(54, 122)
(54, 123)
(54, 125)
(55, 129)
(55, 130)
(55, 131)
(55, 159)
(55, 161)
(55, 178)
(55, 188)
(55, 61)
(55, 195)
(55, 71)
(55, 73)
(55, 75)
(55, 208)
(55, 67)
(55, 118)
(55, 247)
(55, 122)
(55, 123)
(55, 125)
(56, 149)
(56, 152)
(56, 153)
(56, 158)
(56, 165)
(56, 168)
(56, 177)
(56, 181)
(56, 61)
(56, 191)
(56, 198)
(56, 82)
(56, 92)
(56, 221)
(56, 223)
(56, 101)
(56, 231)
(56, 104)
(56, 242)
(56, 117)
(56, 120)
(56, 126)
(57, 143)
(57, 151)
(57, 152)
(57, 155)
(57, 156)
(57, 164)
(57, 171)
(57, 175)
(57, 182)
(57, 65)
(57, 196)
(57, 200)
(57, 78)
(57, 211)
(57, 214)
(57, 90)
(57, 91)
(57, 220)
(57, 227)
(57, 229)
(57, 235)
(57, 109)
(58, 132)
(58, 136)
(58, 148)
(58, 163)
(58, 172)
(58, 179)
(58, 59)
(58, 189)
(58, 62)
(58, 194)
(58, 72)
(58, 202)
(58, 204)
(58, 207)
(58, 216)
(58, 226)
(58, 236)
(58, 110)
(58, 111)
(58, 241)
(58, 243)
(58, 246)
(59, 132)
(59, 134)
(59, 144)
(59, 163)
(59, 173)
(59, 179)
(59, 186)
(59, 187)
(59, 189)
(59, 62)
(59, 194)
(59, 198)
(59, 72)
(59, 202)
(59, 204)
(59, 207)
(59, 84)
(59, 87)
(59, 88)
(59, 226)
(59, 228)
(59, 103)
(59, 236)
(59, 241)
(59, 244)
(59, 119)
(60, 128)
(60, 65)
(60, 137)
(60, 138)
(60, 140)
(60, 141)
(60, 147)
(60, 89)
(60, 154)
(60, 167)
(60, 94)
(60, 184)
(60, 185)
(60, 190)
(60, 193)
(60, 66)
(60, 197)
(60, 70)
(60, 201)
(60, 77)
(60, 79)
(60, 209)
(60, 210)
(60, 213)
(60, 217)
(60, 218)
(60, 222)
(60, 225)
(60, 98)
(60, 99)
(60, 100)
(60, 239)
(60, 113)
(60, 245)
(61, 131)
(61, 153)
(61, 158)
(61, 159)
(61, 161)
(61, 165)
(61, 178)
(61, 181)
(61, 191)
(61, 67)
(61, 71)
(61, 75)
(61, 92)
(61, 221)
(61, 102)
(61, 115)
(61, 117)
(61, 118)
(61, 247)
(61, 120)
(61, 122)
(61, 123)
(61, 125)
(61, 126)
(62, 132)
(62, 139)
(62, 144)
(62, 149)
(62, 179)
(62, 186)
(62, 69)
(62, 198)
(62, 72)
(62, 202)
(62, 204)
(62, 207)
(62, 82)
(62, 83)
(62, 84)
(62, 216)
(62, 226)
(62, 228)
(62, 104)
(62, 236)
(62, 241)
(62, 243)
(62, 244)
(62, 246)
(62, 248)
(63, 64)
(63, 112)
(63, 240)
(63, 85)
(63, 249)
(64, 237)
(64, 240)
(64, 170)
(64, 183)
(64, 192)
(64, 205)
(64, 215)
(64, 219)
(64, 93)
(64, 229)
(64, 234)
(64, 109)
(64, 238)
(64, 112)
(64, 249)
(64, 124)
(65, 137)
(65, 147)
(65, 151)
(65, 154)
(65, 155)
(65, 156)
(65, 182)
(65, 185)
(65, 187)
(65, 190)
(65, 66)
(65, 197)
(65, 200)
(65, 76)
(65, 77)
(65, 78)
(65, 211)
(65, 89)
(65, 90)
(65, 222)
(65, 225)
(65, 98)
(65, 99)
(65, 235)
(65, 239)
(65, 119)
(66, 137)
(66, 147)
(66, 89)
(66, 154)
(66, 156)
(66, 90)
(66, 222)
(66, 185)
(66, 190)
(66, 193)
(66, 197)
(66, 70)
(66, 200)
(66, 201)
(66, 76)
(66, 77)
(66, 211)
(66, 213)
(66, 217)
(66, 218)
(66, 94)
(66, 225)
(66, 98)
(66, 99)
(66, 100)
(66, 239)
(66, 113)
(67, 129)
(67, 130)
(67, 131)
(67, 159)
(67, 161)
(67, 169)
(67, 176)
(67, 178)
(67, 188)
(67, 195)
(67, 71)
(67, 73)
(67, 75)
(67, 208)
(67, 102)
(67, 115)
(67, 118)
(67, 247)
(67, 122)
(67, 123)
(67, 125)
(67, 126)
(68, 237)
(68, 151)
(68, 157)
(68, 164)
(68, 170)
(68, 182)
(68, 192)
(68, 196)
(68, 200)
(68, 215)
(68, 90)
(68, 93)
(68, 96)
(68, 98)
(68, 229)
(68, 105)
(68, 234)
(68, 107)
(68, 109)
(68, 249)
(68, 124)
(68, 106)
(68, 127)
(69, 139)
(69, 142)
(69, 149)
(69, 168)
(69, 186)
(69, 74)
(69, 202)
(69, 82)
(69, 83)
(69, 86)
(69, 216)
(69, 223)
(69, 228)
(69, 101)
(69, 231)
(69, 232)
(69, 104)
(69, 242)
(69, 243)
(69, 116)
(69, 246)
(69, 248)
(70, 128)
(70, 138)
(70, 141)
(70, 147)
(70, 89)
(70, 167)
(70, 174)
(70, 94)
(70, 184)
(70, 185)
(70, 190)
(70, 193)
(70, 197)
(70, 97)
(70, 201)
(70, 210)
(70, 213)
(70, 217)
(70, 218)
(70, 222)
(70, 225)
(70, 98)
(70, 99)
(70, 100)
(70, 230)
(70, 239)
(70, 113)
(70, 114)
(70, 245)
(71, 129)
(71, 130)
(71, 131)
(71, 153)
(71, 159)
(71, 161)
(71, 178)
(71, 181)
(71, 188)
(71, 74)
(71, 75)
(71, 92)
(71, 115)
(71, 117)
(71, 118)
(71, 247)
(71, 120)
(71, 122)
(71, 123)
(71, 125)
(71, 126)
(72, 132)
(72, 136)
(72, 148)
(72, 163)
(72, 172)
(72, 179)
(72, 186)
(72, 189)
(72, 194)
(72, 202)
(72, 204)
(72, 207)
(72, 83)
(72, 216)
(72, 226)
(72, 228)
(72, 236)
(72, 110)
(72, 111)
(72, 241)
(72, 243)
(72, 246)
(72, 248)
(73, 176)
(73, 130)
(73, 195)
(73, 161)
(73, 129)
(73, 169)
(73, 208)
(73, 115)
(73, 178)
(73, 131)
(73, 118)
(73, 247)
(73, 122)
(73, 125)
(74, 101)
(74, 231)
(74, 232)
(74, 142)
(74, 168)
(74, 116)
(74, 181)
(74, 120)
(74, 159)
(74, 92)
(74, 223)
(75, 129)
(75, 130)
(75, 131)
(75, 158)
(75, 133)
(75, 161)
(75, 165)
(75, 169)
(75, 176)
(75, 178)
(75, 221)
(75, 102)
(75, 115)
(75, 117)
(75, 118)
(75, 247)
(75, 122)
(75, 123)
(75, 125)
(75, 126)
(76, 134)
(76, 137)
(76, 147)
(76, 154)
(76, 173)
(76, 187)
(76, 203)
(76, 77)
(76, 78)
(76, 79)
(76, 209)
(76, 211)
(76, 84)
(76, 213)
(76, 87)
(76, 88)
(76, 89)
(76, 99)
(76, 103)
(76, 244)
(76, 119)
(77, 134)
(77, 137)
(77, 140)
(77, 147)
(77, 154)
(77, 185)
(77, 187)
(77, 190)
(77, 197)
(77, 201)
(77, 203)
(77, 79)
(77, 209)
(77, 211)
(77, 213)
(77, 88)
(77, 89)
(77, 218)
(77, 225)
(77, 99)
(77, 103)
(77, 239)
(77, 245)
(77, 119)
(78, 143)
(78, 144)
(78, 152)
(78, 154)
(78, 155)
(78, 156)
(78, 175)
(78, 177)
(78, 179)
(78, 198)
(78, 211)
(78, 84)
(78, 91)
(78, 227)
(78, 235)
(78, 244)
(79, 134)
(79, 137)
(79, 140)
(79, 147)
(79, 154)
(79, 187)
(79, 193)
(79, 197)
(79, 203)
(79, 209)
(79, 213)
(79, 88)
(79, 218)
(79, 94)
(79, 99)
(79, 103)
(79, 245)
(79, 119)
(80, 145)
(80, 146)
(80, 150)
(80, 160)
(80, 164)
(80, 165)
(80, 170)
(80, 171)
(80, 180)
(80, 183)
(80, 199)
(80, 205)
(80, 81)
(80, 214)
(80, 95)
(80, 224)
(80, 233)
(80, 237)
(80, 238)
(80, 121)
(81, 135)
(81, 145)
(81, 146)
(81, 150)
(81, 160)
(81, 162)
(81, 170)
(81, 183)
(81, 199)
(81, 205)
(81, 212)
(81, 214)
(81, 219)
(81, 95)
(81, 224)
(81, 233)
(81, 108)
(81, 237)
(81, 238)
(81, 121)
(82, 139)
(82, 142)
(82, 144)
(82, 149)
(82, 168)
(82, 177)
(82, 186)
(82, 198)
(82, 202)
(82, 83)
(82, 86)
(82, 216)
(82, 223)
(82, 228)
(82, 101)
(82, 231)
(82, 232)
(82, 236)
(82, 104)
(82, 242)
(82, 243)
(82, 116)
(82, 246)
(82, 248)
(83, 136)
(83, 139)
(83, 142)
(83, 149)
(83, 172)
(83, 202)
(83, 204)
(83, 86)
(83, 216)
(83, 232)
(83, 236)
(83, 110)
(83, 111)
(83, 243)
(83, 116)
(83, 246)
(83, 248)
(84, 132)
(84, 134)
(84, 144)
(84, 163)
(84, 173)
(84, 179)
(84, 194)
(84, 207)
(84, 87)
(84, 88)
(84, 226)
(84, 187)
(84, 103)
(84, 241)
(84, 244)
(84, 119)
(86, 139)
(86, 142)
(86, 149)
(86, 168)
(86, 216)
(86, 223)
(86, 101)
(86, 231)
(86, 232)
(86, 110)
(86, 243)
(86, 116)
(86, 246)
(86, 248)
(87, 226)
(87, 163)
(87, 132)
(87, 134)
(87, 103)
(87, 203)
(87, 194)
(87, 207)
(87, 241)
(87, 179)
(87, 173)
(87, 119)
(87, 88)
(87, 187)
(88, 132)
(88, 134)
(88, 147)
(88, 163)
(88, 173)
(88, 179)
(88, 194)
(88, 203)
(88, 209)
(88, 226)
(88, 187)
(88, 103)
(88, 241)
(88, 119)
(89, 137)
(89, 147)
(89, 151)
(89, 154)
(89, 156)
(89, 182)
(89, 185)
(89, 190)
(89, 197)
(89, 200)
(89, 201)
(89, 211)
(89, 213)
(89, 217)
(89, 90)
(89, 222)
(89, 225)
(89, 98)
(89, 99)
(89, 100)
(89, 239)
(90, 137)
(90, 143)
(90, 151)
(90, 154)
(90, 155)
(90, 156)
(90, 157)
(90, 164)
(90, 175)
(90, 182)
(90, 185)
(90, 190)
(90, 196)
(90, 200)
(90, 211)
(90, 220)
(90, 96)
(90, 98)
(90, 229)
(90, 109)
(90, 239)
(90, 127)
(91, 143)
(91, 152)
(91, 155)
(91, 156)
(91, 164)
(91, 165)
(91, 171)
(91, 175)
(91, 177)
(91, 180)
(91, 191)
(91, 198)
(91, 214)
(91, 220)
(91, 221)
(91, 227)
(91, 235)
(91, 242)
(92, 153)
(92, 159)
(92, 168)
(92, 181)
(92, 188)
(92, 223)
(92, 101)
(92, 231)
(92, 117)
(92, 120)
(93, 237)
(93, 240)
(93, 164)
(93, 170)
(93, 183)
(93, 192)
(93, 196)
(93, 205)
(93, 215)
(93, 96)
(93, 229)
(93, 234)
(93, 109)
(93, 238)
(93, 112)
(93, 249)
(93, 124)
(94, 128)
(94, 138)
(94, 140)
(94, 141)
(94, 147)
(94, 167)
(94, 184)
(94, 185)
(94, 193)
(94, 197)
(94, 201)
(94, 209)
(94, 210)
(94, 213)
(94, 217)
(94, 218)
(94, 222)
(94, 225)
(94, 99)
(94, 230)
(94, 239)
(94, 113)
(94, 114)
(94, 245)
(95, 135)
(95, 237)
(95, 145)
(95, 146)
(95, 150)
(95, 160)
(95, 162)
(95, 164)
(95, 170)
(95, 171)
(95, 183)
(95, 199)
(95, 205)
(95, 214)
(95, 215)
(95, 224)
(95, 109)
(95, 238)
(95, 121)
(96, 151)
(96, 157)
(96, 164)
(96, 170)
(96, 182)
(96, 192)
(96, 196)
(96, 200)
(96, 206)
(96, 215)
(96, 98)
(96, 229)
(96, 105)
(96, 234)
(96, 107)
(96, 109)
(96, 249)
(96, 124)
(96, 106)
(96, 127)
(97, 138)
(97, 141)
(97, 167)
(97, 174)
(97, 184)
(97, 185)
(97, 201)
(97, 206)
(97, 210)
(97, 217)
(97, 222)
(97, 225)
(97, 100)
(97, 230)
(97, 105)
(97, 106)
(97, 113)
(97, 114)
(97, 127)
(98, 137)
(98, 151)
(98, 156)
(98, 157)
(98, 174)
(98, 182)
(98, 185)
(98, 190)
(98, 196)
(98, 200)
(98, 201)
(98, 206)
(98, 210)
(98, 217)
(98, 222)
(98, 225)
(98, 100)
(98, 105)
(98, 239)
(98, 127)
(99, 137)
(99, 140)
(99, 147)
(99, 154)
(99, 185)
(99, 187)
(99, 190)
(99, 193)
(99, 197)
(99, 201)
(99, 203)
(99, 209)
(99, 211)
(99, 213)
(99, 217)
(99, 218)
(99, 222)
(99, 225)
(99, 239)
(99, 245)
(99, 119)
(100, 138)
(100, 141)
(100, 157)
(100, 167)
(100, 174)
(100, 184)
(100, 185)
(100, 190)
(100, 201)
(100, 206)
(100, 210)
(100, 217)
(100, 222)
(100, 225)
(100, 105)
(100, 106)
(100, 107)
(100, 239)
(100, 113)
(100, 114)
(100, 127)
(101, 139)
(101, 142)
(101, 149)
(101, 153)
(101, 168)
(101, 177)
(101, 181)
(101, 186)
(101, 120)
(101, 223)
(101, 228)
(101, 231)
(101, 232)
(101, 104)
(101, 242)
(101, 116)
(101, 117)
(101, 248)
(102, 129)
(102, 131)
(102, 150)
(102, 133)
(102, 160)
(102, 161)
(102, 165)
(102, 169)
(102, 176)
(102, 178)
(102, 208)
(102, 224)
(102, 115)
(102, 118)
(102, 247)
(102, 122)
(102, 123)
(102, 126)
(103, 194)
(103, 163)
(103, 134)
(103, 209)
(103, 203)
(103, 173)
(103, 241)
(103, 119)
(103, 187)
(104, 139)
(104, 142)
(104, 144)
(104, 149)
(104, 153)
(104, 168)
(104, 177)
(104, 179)
(104, 244)
(104, 186)
(104, 198)
(104, 202)
(104, 223)
(104, 227)
(104, 228)
(104, 231)
(104, 232)
(104, 242)
(104, 116)
(104, 117)
(104, 248)
(105, 196)
(105, 234)
(105, 107)
(105, 206)
(105, 210)
(105, 106)
(105, 174)
(105, 157)
(105, 127)
(106, 234)
(106, 107)
(106, 174)
(106, 206)
(106, 157)
(106, 127)
(107, 196)
(107, 234)
(107, 174)
(107, 240)
(107, 206)
(107, 124)
(107, 157)
(107, 127)
(108, 162)
(108, 166)
(108, 199)
(108, 233)
(108, 135)
(108, 145)
(108, 146)
(108, 212)
(108, 183)
(108, 219)
(109, 143)
(109, 151)
(109, 164)
(109, 170)
(109, 182)
(109, 192)
(109, 196)
(109, 200)
(109, 205)
(109, 214)
(109, 215)
(109, 220)
(109, 229)
(109, 237)
(109, 238)
(109, 112)
(109, 249)
(109, 124)
(110, 136)
(110, 139)
(110, 172)
(110, 189)
(110, 202)
(110, 204)
(110, 216)
(110, 236)
(110, 111)
(110, 243)
(110, 116)
(110, 246)
(110, 248)
(111, 136)
(111, 204)
(111, 172)
(111, 243)
(111, 148)
(111, 246)
(111, 216)
(111, 189)
(112, 192)
(112, 166)
(112, 170)
(112, 183)
(112, 237)
(112, 238)
(112, 205)
(112, 240)
(112, 215)
(112, 249)
(112, 219)
(112, 124)
(113, 128)
(113, 138)
(113, 141)
(113, 167)
(113, 174)
(113, 184)
(113, 185)
(113, 190)
(113, 193)
(113, 197)
(113, 201)
(113, 210)
(113, 217)
(113, 218)
(113, 222)
(113, 225)
(113, 230)
(113, 239)
(113, 114)
(114, 128)
(114, 230)
(114, 167)
(114, 201)
(114, 138)
(114, 141)
(114, 174)
(114, 210)
(114, 184)
(114, 217)
(114, 222)
(115, 129)
(115, 131)
(115, 158)
(115, 133)
(115, 161)
(115, 165)
(115, 169)
(115, 176)
(115, 178)
(115, 208)
(115, 224)
(115, 118)
(115, 247)
(115, 122)
(115, 123)
(115, 125)
(115, 126)
(116, 139)
(116, 142)
(116, 149)
(116, 168)
(116, 216)
(116, 223)
(116, 228)
(116, 231)
(116, 232)
(116, 243)
(116, 246)
(116, 248)
(117, 158)
(117, 161)
(117, 165)
(117, 168)
(117, 177)
(117, 181)
(117, 191)
(117, 153)
(117, 221)
(117, 223)
(117, 231)
(117, 242)
(117, 118)
(117, 120)
(117, 122)
(117, 123)
(117, 126)
(118, 129)
(118, 130)
(118, 131)
(118, 158)
(118, 159)
(118, 161)
(118, 169)
(118, 176)
(118, 178)
(118, 181)
(118, 188)
(118, 195)
(118, 208)
(118, 247)
(118, 122)
(118, 123)
(118, 125)
(118, 126)
(119, 137)
(119, 147)
(119, 154)
(119, 163)
(119, 134)
(119, 173)
(119, 203)
(119, 209)
(119, 211)
(119, 213)
(119, 187)
(119, 244)
(120, 142)
(120, 159)
(120, 168)
(120, 181)
(120, 188)
(120, 223)
(120, 231)
(120, 153)
(121, 133)
(121, 135)
(121, 145)
(121, 146)
(121, 150)
(121, 160)
(121, 162)
(121, 183)
(121, 199)
(121, 205)
(121, 212)
(121, 224)
(121, 233)
(121, 238)
(122, 129)
(122, 130)
(122, 131)
(122, 158)
(122, 159)
(122, 161)
(122, 169)
(122, 176)
(122, 178)
(122, 188)
(122, 195)
(122, 208)
(122, 247)
(122, 123)
(122, 125)
(122, 126)
(123, 129)
(123, 130)
(123, 131)
(123, 158)
(123, 133)
(123, 161)
(123, 165)
(123, 169)
(123, 176)
(123, 178)
(123, 247)
(123, 125)
(123, 126)
(124, 237)
(124, 157)
(124, 170)
(124, 192)
(124, 196)
(124, 215)
(124, 229)
(124, 234)
(124, 238)
(124, 240)
(124, 249)
(125, 129)
(125, 130)
(125, 131)
(125, 159)
(125, 169)
(125, 176)
(125, 178)
(125, 188)
(125, 195)
(125, 161)
(125, 208)
(125, 247)
(126, 153)
(126, 158)
(126, 161)
(126, 165)
(126, 178)
(126, 180)
(126, 181)
(126, 191)
(126, 221)
(127, 196)
(127, 157)
(127, 174)
(127, 185)
(127, 190)
(127, 200)
(127, 206)
(127, 210)
(127, 234)
(128, 138)
(128, 140)
(128, 141)
(128, 167)
(128, 184)
(128, 193)
(128, 197)
(128, 201)
(128, 210)
(128, 213)
(128, 217)
(128, 218)
(128, 222)
(128, 225)
(128, 230)
(128, 245)
(129, 130)
(129, 131)
(129, 159)
(129, 169)
(129, 176)
(129, 178)
(129, 188)
(129, 195)
(129, 161)
(129, 208)
(129, 247)
(130, 131)
(130, 159)
(130, 161)
(130, 178)
(130, 188)
(130, 208)
(130, 195)
(130, 247)
(131, 195)
(131, 161)
(131, 169)
(131, 176)
(131, 178)
(131, 188)
(131, 208)
(131, 247)
(132, 134)
(132, 144)
(132, 148)
(132, 163)
(132, 173)
(132, 179)
(132, 186)
(132, 189)
(132, 194)
(132, 202)
(132, 204)
(132, 207)
(132, 216)
(132, 226)
(132, 228)
(132, 236)
(132, 241)
(132, 243)
(132, 244)
(132, 246)
(133, 224)
(133, 161)
(133, 233)
(133, 247)
(133, 146)
(133, 176)
(133, 178)
(133, 150)
(133, 169)
(133, 160)
(134, 226)
(134, 163)
(134, 209)
(134, 203)
(134, 194)
(134, 173)
(134, 241)
(134, 179)
(134, 187)
(135, 160)
(135, 162)
(135, 166)
(135, 199)
(135, 233)
(135, 205)
(135, 145)
(135, 146)
(135, 212)
(135, 183)
(135, 219)
(136, 172)
(136, 236)
(136, 202)
(136, 204)
(136, 207)
(136, 243)
(136, 148)
(136, 246)
(136, 216)
(136, 189)
(137, 147)
(137, 154)
(137, 155)
(137, 156)
(137, 185)
(137, 187)
(137, 190)
(137, 197)
(137, 200)
(137, 201)
(137, 209)
(137, 211)
(137, 213)
(137, 222)
(137, 225)
(137, 239)
(138, 141)
(138, 167)
(138, 174)
(138, 222)
(138, 184)
(138, 193)
(138, 197)
(138, 201)
(138, 210)
(138, 217)
(138, 218)
(138, 225)
(138, 230)
(139, 142)
(139, 144)
(139, 149)
(139, 168)
(139, 186)
(139, 202)
(139, 216)
(139, 223)
(139, 228)
(139, 231)
(139, 232)
(139, 236)
(139, 242)
(139, 243)
(139, 246)
(139, 248)
(140, 225)
(140, 197)
(140, 193)
(140, 201)
(140, 203)
(140, 209)
(140, 147)
(140, 245)
(140, 218)
(140, 213)
(141, 167)
(141, 174)
(141, 222)
(141, 184)
(141, 201)
(141, 210)
(141, 217)
(141, 225)
(141, 230)
(142, 149)
(142, 168)
(142, 216)
(142, 223)
(142, 228)
(142, 231)
(142, 232)
(142, 246)
(142, 248)
(143, 152)
(143, 151)
(143, 155)
(143, 156)
(143, 164)
(143, 170)
(143, 171)
(143, 175)
(143, 180)
(143, 182)
(143, 196)
(143, 200)
(143, 214)
(143, 220)
(143, 227)
(143, 229)
(143, 235)
(144, 149)
(144, 177)
(144, 179)
(144, 186)
(144, 198)
(144, 202)
(144, 207)
(144, 226)
(144, 227)
(144, 228)
(144, 236)
(144, 242)
(144, 244)
(144, 248)
(145, 146)
(145, 150)
(145, 160)
(145, 162)
(145, 166)
(145, 183)
(145, 199)
(145, 205)
(145, 212)
(145, 219)
(145, 224)
(145, 233)
(145, 238)
(146, 224)
(146, 160)
(146, 162)
(146, 199)
(146, 233)
(146, 212)
(146, 150)
(147, 154)
(147, 185)
(147, 187)
(147, 190)
(147, 193)
(147, 197)
(147, 201)
(147, 203)
(147, 209)
(147, 211)
(147, 213)
(147, 217)
(147, 218)
(147, 222)
(147, 225)
(147, 239)
(147, 245)
(148, 194)
(148, 163)
(148, 204)
(148, 236)
(148, 207)
(148, 241)
(148, 172)
(148, 189)
(149, 168)
(149, 177)
(149, 179)
(149, 186)
(149, 198)
(149, 202)
(149, 216)
(149, 223)
(149, 226)
(149, 228)
(149, 231)
(149, 232)
(149, 236)
(149, 242)
(149, 243)
(149, 246)
(149, 248)
(150, 158)
(150, 160)
(150, 165)
(150, 171)
(150, 180)
(150, 199)
(150, 205)
(150, 214)
(150, 221)
(150, 224)
(150, 233)
(150, 238)
(151, 155)
(151, 156)
(151, 157)
(151, 164)
(151, 175)
(151, 182)
(151, 190)
(151, 192)
(151, 196)
(151, 200)
(151, 211)
(151, 220)
(151, 229)
(151, 235)
(152, 155)
(152, 158)
(152, 164)
(152, 165)
(152, 171)
(152, 175)
(152, 177)
(152, 180)
(152, 191)
(152, 198)
(152, 214)
(152, 220)
(152, 221)
(152, 227)
(152, 235)
(152, 242)
(153, 158)
(153, 165)
(153, 168)
(153, 177)
(153, 181)
(153, 191)
(153, 221)
(153, 223)
(153, 231)
(153, 242)
(154, 155)
(154, 156)
(154, 185)
(154, 187)
(154, 190)
(154, 197)
(154, 200)
(154, 209)
(154, 211)
(154, 213)
(154, 225)
(154, 239)
(155, 156)
(155, 164)
(155, 171)
(155, 175)
(155, 182)
(155, 200)
(155, 211)
(155, 220)
(155, 227)
(155, 235)
(155, 244)
(156, 164)
(156, 175)
(156, 182)
(156, 190)
(156, 200)
(156, 211)
(156, 220)
(156, 227)
(156, 235)
(157, 174)
(157, 190)
(157, 192)
(157, 196)
(157, 200)
(157, 206)
(157, 229)
(157, 234)
(158, 161)
(158, 165)
(158, 171)
(158, 177)
(158, 180)
(158, 191)
(158, 221)
(158, 224)
(159, 161)
(159, 195)
(159, 181)
(159, 188)
(160, 224)
(160, 162)
(160, 199)
(160, 233)
(160, 212)
(161, 165)
(161, 169)
(161, 176)
(161, 178)
(161, 208)
(161, 247)
(162, 166)
(162, 199)
(162, 233)
(162, 205)
(162, 212)
(162, 183)
(162, 219)
(163, 194)
(163, 173)
(163, 207)
(163, 241)
(163, 189)
(164, 170)
(164, 171)
(164, 175)
(164, 182)
(164, 192)
(164, 196)
(164, 200)
(164, 205)
(164, 214)
(164, 215)
(164, 220)
(164, 229)
(164, 235)
(164, 237)
(164, 238)
(165, 171)
(165, 177)
(165, 180)
(165, 191)
(165, 221)
(165, 224)
(166, 199)
(166, 212)
(166, 183)
(166, 219)
(167, 174)
(167, 222)
(167, 184)
(167, 185)
(167, 201)
(167, 210)
(167, 217)
(167, 225)
(167, 230)
(168, 181)
(168, 248)
(168, 223)
(168, 231)
(168, 232)
(169, 176)
(169, 178)
(169, 208)
(169, 247)
(170, 171)
(170, 182)
(170, 183)
(170, 192)
(170, 196)
(170, 199)
(170, 205)
(170, 214)
(170, 215)
(170, 220)
(170, 229)
(170, 237)
(170, 238)
(170, 249)
(171, 175)
(171, 180)
(171, 191)
(171, 214)
(171, 220)
(171, 221)
(171, 227)
(171, 235)
(171, 237)
(171, 238)
(172, 236)
(172, 204)
(172, 243)
(172, 246)
(172, 216)
(172, 189)
(173, 226)
(173, 203)
(173, 194)
(173, 207)
(173, 241)
(173, 187)
(174, 184)
(174, 185)
(174, 206)
(174, 210)
(174, 217)
(175, 180)
(175, 182)
(175, 191)
(175, 200)
(175, 214)
(175, 220)
(175, 227)
(175, 235)
(176, 178)
(176, 208)
(176, 247)
(177, 180)
(177, 186)
(177, 191)
(177, 198)
(177, 221)
(177, 223)
(177, 227)
(177, 228)
(177, 231)
(177, 242)
(178, 195)
(178, 208)
(178, 247)
(179, 186)
(179, 187)
(179, 194)
(179, 198)
(179, 202)
(179, 207)
(179, 226)
(179, 228)
(179, 236)
(179, 241)
(179, 243)
(179, 244)
(179, 246)
(179, 248)
(180, 191)
(180, 214)
(180, 220)
(180, 221)
(180, 224)
(180, 227)
(180, 235)
(181, 223)
(181, 231)
(181, 242)
(182, 190)
(182, 192)
(182, 196)
(182, 200)
(182, 214)
(182, 220)
(182, 229)
(182, 235)
(183, 199)
(183, 205)
(183, 212)
(183, 215)
(183, 219)
(183, 237)
(183, 238)
(184, 222)
(184, 185)
(184, 193)
(184, 201)
(184, 210)
(184, 217)
(184, 225)
(184, 230)
(185, 193)
(185, 190)
(185, 197)
(185, 200)
(185, 201)
(185, 210)
(185, 211)
(185, 217)
(185, 218)
(185, 222)
(185, 225)
(185, 239)
(186, 198)
(186, 202)
(186, 207)
(186, 216)
(186, 223)
(186, 226)
(186, 228)
(186, 231)
(186, 232)
(186, 236)
(186, 242)
(186, 243)
(186, 244)
(186, 246)
(186, 248)
(187, 203)
(187, 209)
(187, 211)
(187, 244)
(188, 195)
(189, 194)
(189, 202)
(189, 204)
(189, 207)
(189, 236)
(189, 241)
(189, 243)
(189, 246)
(190, 217)
(190, 197)
(190, 200)
(190, 201)
(190, 210)
(190, 211)
(190, 222)
(190, 225)
(190, 239)
(191, 227)
(191, 242)
(191, 221)
(192, 237)
(192, 240)
(192, 196)
(192, 205)
(192, 214)
(192, 215)
(192, 229)
(192, 234)
(192, 238)
(192, 249)
(193, 197)
(193, 201)
(193, 209)
(193, 213)
(193, 217)
(193, 218)
(193, 222)
(193, 225)
(193, 230)
(193, 239)
(193, 245)
(194, 226)
(194, 204)
(194, 236)
(194, 207)
(194, 241)
(195, 208)
(195, 247)
(196, 237)
(196, 200)
(196, 215)
(196, 220)
(196, 229)
(196, 234)
(196, 249)
(197, 201)
(197, 203)
(197, 209)
(197, 211)
(197, 213)
(197, 217)
(197, 218)
(197, 222)
(197, 225)
(197, 239)
(197, 245)
(198, 202)
(198, 226)
(198, 227)
(198, 228)
(198, 235)
(198, 242)
(198, 244)
(198, 248)
(199, 205)
(199, 212)
(199, 219)
(199, 224)
(199, 233)
(199, 237)
(199, 238)
(200, 211)
(200, 220)
(200, 229)
(200, 235)
(200, 239)
(201, 210)
(201, 213)
(201, 217)
(201, 218)
(201, 222)
(201, 225)
(201, 230)
(201, 239)
(201, 245)
(202, 204)
(202, 207)
(202, 216)
(202, 226)
(202, 228)
(202, 236)
(202, 241)
(202, 243)
(202, 244)
(202, 246)
(202, 248)
(203, 209)
(203, 213)
(203, 218)
(203, 245)
(204, 207)
(204, 216)
(204, 226)
(204, 236)
(204, 241)
(204, 243)
(204, 246)
(205, 237)
(205, 214)
(205, 215)
(205, 219)
(205, 229)
(205, 238)
(206, 234)
(206, 210)
(207, 216)
(207, 226)
(207, 228)
(207, 236)
(207, 241)
(207, 243)
(207, 246)
(207, 248)
(208, 247)
(209, 213)
(209, 218)
(209, 225)
(209, 245)
(210, 222)
(210, 217)
(210, 225)
(210, 230)
(210, 239)
(211, 235)
(211, 239)
(212, 233)
(212, 219)
(213, 217)
(213, 222)
(213, 218)
(213, 225)
(213, 245)
(214, 237)
(214, 215)
(214, 220)
(214, 229)
(214, 238)
(215, 219)
(215, 229)
(215, 234)
(215, 237)
(215, 238)
(215, 240)
(215, 249)
(216, 228)
(216, 232)
(216, 236)
(216, 243)
(216, 246)
(216, 248)
(217, 222)
(217, 218)
(217, 225)
(217, 230)
(217, 239)
(217, 245)
(218, 222)
(218, 225)
(218, 230)
(218, 239)
(218, 245)
(219, 238)
(220, 237)
(220, 227)
(220, 229)
(220, 235)
(220, 238)
(221, 224)
(221, 242)
(222, 225)
(222, 230)
(222, 239)
(222, 245)
(223, 228)
(223, 231)
(223, 232)
(223, 242)
(223, 248)
(224, 233)
(225, 239)
(225, 245)
(226, 228)
(226, 236)
(226, 241)
(226, 243)
(226, 244)
(226, 246)
(226, 248)
(227, 235)
(227, 242)
(227, 244)
(228, 231)
(228, 232)
(228, 236)
(228, 242)
(228, 243)
(228, 244)
(228, 246)
(228, 248)
(229, 234)
(229, 237)
(229, 238)
(229, 249)
(231, 232)
(231, 242)
(231, 248)
(232, 243)
(232, 246)
(232, 248)
(234, 240)
(234, 249)
(235, 244)
(236, 241)
(236, 243)
(236, 246)
(236, 248)
(237, 238)
(237, 249)
(240, 249)
(242, 248)
(243, 246)
(243, 248)
(246, 248)
