#Nodes
0
1
2
3
4
5
6
7
8
9
10
11
12
13
14
15
16
17
18
19
20
21
22
23
24
25
26
27
28
29
30
31
32
33
34
35
36
37
38
39
40
41
42
43
44
45
46
47
48
49
50
51
52
53
54
55
56
57
58
59
60
61
62
63
64
65
66
67
68
69
70
71
72
73
74
75
76
77
78
79
80
81
82
83
84
85
86
87
88
89
90
91
92
93
94
95
96
97
98
99
100
101
102
103
104
105
106
107
108
109
110
111
112
113
114
115
116
117
118
119
120
121
122
123
124
125
126
127
128
129
130
131
132
133
134
135
136
137
138
139
140
141
142
143
144
145
146
147
148
149
150
151
152
153
154
155
156
157
158
159
160
161
162
163
164
165
166
167
168
169
170
171
172
173
174
175
176
177
178
179
180
181
182
183
184
185
186
187
188
189
190
191
192
193
194
195
196
197
198
199
200
201
202
203
204
205
206
207
208
209
210
211
212
213
214
215
216
217
218
219
220
221
222
223
224
225
226
227
228
229
230
231
232
233
234
235
236
237
238
239
240
241
242
243
244
245
246
247
248
249
#Edges
(0, 137)
(0, 14)
(0, 20)
(0, 153)
(0, 37)
(0, 39)
(0, 173)
(0, 52)
(0, 9)
(0, 186)
(0, 194)
(0, 74)
(0, 204)
(0, 210)
(0, 85)
(0, 87)
(0, 95)
(0, 227)
(0, 229)
(0, 231)
(0, 234)
(0, 114)
(0, 124)
(1, 66)
(1, 18)
(1, 69)
(1, 167)
(1, 136)
(1, 235)
(1, 34)
(1, 238)
(1, 79)
(1, 17)
(1, 178)
(1, 115)
(1, 116)
(1, 182)
(1, 57)
(1, 152)
(1, 121)
(1, 71)
(1, 60)
(1, 199)
(2, 131)
(2, 132)
(2, 8)
(2, 148)
(2, 21)
(2, 25)
(2, 154)
(2, 30)
(2, 46)
(2, 192)
(2, 196)
(2, 200)
(2, 206)
(2, 86)
(2, 216)
(2, 218)
(2, 219)
(2, 92)
(2, 99)
(2, 232)
(2, 110)
(2, 111)
(2, 112)
(2, 246)
(3, 134)
(3, 137)
(3, 139)
(3, 141)
(3, 149)
(3, 151)
(3, 155)
(3, 28)
(3, 31)
(3, 165)
(3, 41)
(3, 52)
(3, 185)
(3, 186)
(3, 59)
(3, 62)
(3, 64)
(3, 70)
(3, 201)
(3, 74)
(3, 212)
(3, 87)
(3, 230)
(3, 123)
(3, 124)
(4, 7)
(4, 23)
(4, 157)
(4, 160)
(4, 33)
(4, 162)
(4, 166)
(4, 168)
(4, 42)
(4, 43)
(4, 44)
(4, 45)
(4, 175)
(4, 48)
(4, 187)
(4, 61)
(4, 65)
(4, 67)
(4, 198)
(4, 72)
(4, 82)
(4, 211)
(4, 94)
(4, 223)
(4, 97)
(4, 98)
(4, 236)
(4, 238)
(4, 239)
(4, 240)
(4, 117)
(4, 118)
(5, 51)
(5, 163)
(5, 164)
(5, 81)
(5, 233)
(5, 247)
(5, 13)
(5, 142)
(5, 15)
(5, 144)
(5, 241)
(5, 107)
(5, 78)
(5, 169)
(5, 248)
(5, 29)
(5, 63)
(6, 133)
(6, 8)
(6, 11)
(6, 140)
(6, 145)
(6, 146)
(6, 24)
(6, 173)
(6, 181)
(6, 186)
(6, 190)
(6, 64)
(6, 68)
(6, 70)
(6, 101)
(6, 83)
(6, 216)
(6, 218)
(6, 92)
(6, 95)
(6, 226)
(6, 229)
(6, 103)
(6, 104)
(6, 122)
(7, 44)
(7, 138)
(7, 23)
(7, 19)
(7, 151)
(7, 155)
(7, 28)
(7, 160)
(7, 48)
(7, 162)
(7, 35)
(7, 168)
(7, 41)
(7, 43)
(7, 172)
(7, 45)
(7, 175)
(7, 176)
(7, 54)
(7, 187)
(7, 65)
(7, 67)
(7, 198)
(7, 33)
(7, 203)
(7, 77)
(7, 212)
(7, 89)
(7, 91)
(7, 94)
(7, 223)
(7, 97)
(7, 98)
(7, 236)
(7, 240)
(7, 118)
(8, 192)
(8, 226)
(8, 230)
(8, 103)
(8, 11)
(8, 140)
(8, 112)
(8, 145)
(8, 146)
(8, 83)
(8, 56)
(8, 216)
(8, 25)
(8, 218)
(8, 92)
(8, 122)
(8, 190)
(9, 137)
(9, 14)
(9, 20)
(9, 153)
(9, 37)
(9, 39)
(9, 173)
(9, 52)
(9, 186)
(9, 194)
(9, 68)
(9, 70)
(9, 74)
(9, 204)
(9, 210)
(9, 85)
(9, 87)
(9, 95)
(9, 227)
(9, 229)
(9, 231)
(9, 234)
(9, 114)
(9, 124)
(10, 128)
(10, 237)
(10, 174)
(10, 47)
(10, 179)
(10, 55)
(10, 184)
(10, 96)
(10, 197)
(10, 73)
(10, 76)
(10, 205)
(10, 80)
(10, 213)
(10, 90)
(10, 93)
(10, 224)
(10, 225)
(10, 228)
(10, 102)
(10, 109)
(10, 243)
(10, 244)
(11, 140)
(11, 145)
(11, 146)
(11, 24)
(11, 25)
(11, 56)
(11, 186)
(11, 59)
(11, 190)
(11, 64)
(11, 70)
(11, 201)
(11, 83)
(11, 216)
(11, 217)
(11, 218)
(11, 92)
(11, 226)
(11, 101)
(11, 230)
(11, 103)
(11, 122)
(12, 130)
(12, 142)
(12, 15)
(12, 148)
(12, 29)
(12, 30)
(12, 160)
(12, 219)
(12, 164)
(12, 169)
(12, 53)
(12, 183)
(12, 188)
(12, 189)
(12, 77)
(12, 81)
(12, 86)
(12, 215)
(12, 217)
(12, 91)
(12, 222)
(12, 223)
(12, 105)
(12, 108)
(12, 112)
(12, 247)
(12, 249)
(13, 161)
(13, 164)
(13, 233)
(13, 171)
(13, 15)
(13, 51)
(13, 245)
(13, 169)
(13, 248)
(13, 132)
(14, 137)
(14, 141)
(14, 20)
(14, 24)
(14, 153)
(14, 165)
(14, 39)
(14, 173)
(14, 52)
(14, 185)
(14, 186)
(14, 62)
(14, 68)
(14, 70)
(14, 201)
(14, 74)
(14, 204)
(14, 210)
(14, 85)
(14, 87)
(14, 37)
(14, 95)
(14, 227)
(14, 229)
(14, 231)
(14, 234)
(14, 114)
(14, 123)
(14, 124)
(15, 130)
(15, 132)
(15, 142)
(15, 148)
(15, 29)
(15, 30)
(15, 164)
(15, 169)
(15, 46)
(15, 51)
(15, 183)
(15, 189)
(15, 247)
(15, 81)
(15, 86)
(15, 215)
(15, 219)
(15, 222)
(15, 105)
(15, 108)
(15, 112)
(15, 233)
(15, 248)
(16, 32)
(16, 227)
(16, 231)
(16, 124)
(16, 170)
(16, 204)
(16, 47)
(16, 210)
(16, 52)
(16, 149)
(16, 87)
(16, 26)
(16, 156)
(16, 221)
(16, 127)
(17, 66)
(17, 18)
(17, 167)
(17, 136)
(17, 235)
(17, 34)
(17, 238)
(17, 79)
(17, 178)
(17, 115)
(17, 116)
(17, 182)
(17, 57)
(17, 152)
(17, 121)
(17, 71)
(17, 60)
(17, 199)
(18, 66)
(18, 34)
(18, 36)
(18, 199)
(18, 136)
(18, 60)
(18, 202)
(18, 235)
(18, 50)
(18, 238)
(18, 79)
(18, 178)
(18, 115)
(18, 22)
(18, 57)
(18, 152)
(18, 121)
(18, 71)
(18, 220)
(19, 134)
(19, 149)
(19, 23)
(19, 156)
(19, 48)
(19, 162)
(19, 41)
(19, 43)
(19, 172)
(19, 45)
(19, 174)
(19, 47)
(19, 176)
(19, 177)
(19, 179)
(19, 180)
(19, 54)
(19, 184)
(19, 65)
(19, 67)
(19, 197)
(19, 198)
(19, 73)
(19, 76)
(19, 28)
(19, 90)
(19, 221)
(19, 236)
(19, 109)
(19, 240)
(19, 242)
(19, 120)
(19, 125)
(19, 127)
(20, 137)
(20, 153)
(20, 37)
(20, 39)
(20, 173)
(20, 52)
(20, 194)
(20, 68)
(20, 74)
(20, 204)
(20, 210)
(20, 85)
(20, 87)
(20, 95)
(20, 227)
(20, 229)
(20, 231)
(20, 234)
(20, 114)
(20, 124)
(21, 129)
(21, 131)
(21, 132)
(21, 148)
(21, 154)
(21, 30)
(21, 161)
(21, 46)
(21, 192)
(21, 196)
(21, 200)
(21, 206)
(21, 209)
(21, 86)
(21, 219)
(21, 99)
(21, 232)
(21, 110)
(21, 111)
(21, 112)
(21, 245)
(21, 246)
(22, 66)
(22, 100)
(22, 199)
(22, 136)
(22, 60)
(22, 202)
(22, 235)
(22, 34)
(22, 78)
(22, 208)
(22, 50)
(22, 115)
(22, 84)
(22, 150)
(22, 152)
(22, 57)
(22, 220)
(22, 36)
(23, 134)
(23, 138)
(23, 151)
(23, 155)
(23, 28)
(23, 31)
(23, 160)
(23, 48)
(23, 162)
(23, 35)
(23, 168)
(23, 41)
(23, 43)
(23, 172)
(23, 45)
(23, 176)
(23, 53)
(23, 187)
(23, 188)
(23, 65)
(23, 67)
(23, 198)
(23, 33)
(23, 203)
(23, 77)
(23, 212)
(23, 89)
(23, 91)
(23, 223)
(23, 98)
(23, 236)
(23, 240)
(23, 118)
(24, 133)
(24, 137)
(24, 140)
(24, 145)
(24, 146)
(24, 165)
(24, 173)
(24, 181)
(24, 186)
(24, 95)
(24, 190)
(24, 64)
(24, 68)
(24, 70)
(24, 201)
(24, 74)
(24, 83)
(24, 101)
(24, 226)
(24, 229)
(24, 103)
(24, 104)
(24, 234)
(24, 62)
(24, 122)
(24, 123)
(24, 124)
(25, 64)
(25, 140)
(25, 130)
(25, 145)
(25, 154)
(25, 56)
(25, 59)
(25, 190)
(25, 192)
(25, 86)
(25, 216)
(25, 217)
(25, 218)
(25, 92)
(25, 222)
(25, 226)
(25, 230)
(25, 112)
(25, 249)
(25, 122)
(26, 96)
(26, 32)
(26, 231)
(26, 76)
(26, 170)
(26, 204)
(26, 47)
(26, 93)
(26, 242)
(26, 244)
(26, 213)
(26, 55)
(26, 184)
(26, 52)
(26, 90)
(26, 127)
(26, 156)
(26, 221)
(26, 149)
(27, 79)
(27, 193)
(27, 195)
(27, 69)
(27, 38)
(27, 167)
(27, 106)
(27, 75)
(27, 143)
(27, 207)
(27, 113)
(27, 211)
(27, 116)
(27, 117)
(27, 182)
(27, 119)
(27, 88)
(27, 58)
(27, 239)
(27, 126)
(27, 159)
(28, 134)
(28, 138)
(28, 139)
(28, 141)
(28, 149)
(28, 151)
(28, 155)
(28, 31)
(28, 48)
(28, 35)
(28, 165)
(28, 41)
(28, 172)
(28, 176)
(28, 177)
(28, 180)
(28, 185)
(28, 59)
(28, 62)
(28, 65)
(28, 198)
(28, 201)
(28, 203)
(28, 212)
(28, 89)
(28, 98)
(28, 242)
(28, 123)
(29, 215)
(29, 142)
(29, 144)
(29, 147)
(29, 157)
(29, 160)
(29, 163)
(29, 164)
(29, 169)
(29, 183)
(29, 189)
(29, 77)
(29, 81)
(29, 82)
(29, 105)
(29, 91)
(29, 223)
(29, 233)
(29, 107)
(29, 108)
(29, 241)
(29, 247)
(29, 248)
(30, 130)
(30, 131)
(30, 132)
(30, 148)
(30, 154)
(30, 161)
(30, 164)
(30, 169)
(30, 46)
(30, 51)
(30, 189)
(30, 192)
(30, 196)
(30, 200)
(30, 206)
(30, 86)
(30, 217)
(30, 219)
(30, 222)
(30, 99)
(30, 232)
(30, 110)
(30, 111)
(30, 112)
(30, 246)
(30, 247)
(31, 134)
(31, 138)
(31, 139)
(31, 141)
(31, 149)
(31, 151)
(31, 155)
(31, 35)
(31, 165)
(31, 41)
(31, 176)
(31, 53)
(31, 56)
(31, 185)
(31, 186)
(31, 59)
(31, 188)
(31, 62)
(31, 64)
(31, 65)
(31, 70)
(31, 201)
(31, 203)
(31, 212)
(31, 87)
(31, 89)
(31, 230)
(31, 249)
(31, 123)
(31, 124)
(32, 96)
(32, 231)
(32, 170)
(32, 204)
(32, 93)
(32, 244)
(32, 213)
(32, 55)
(32, 47)
(32, 156)
(32, 221)
(33, 65)
(33, 67)
(33, 162)
(33, 166)
(33, 168)
(33, 42)
(33, 43)
(33, 44)
(33, 45)
(33, 175)
(33, 48)
(33, 54)
(33, 187)
(33, 61)
(33, 191)
(33, 193)
(33, 195)
(33, 69)
(33, 198)
(33, 207)
(33, 211)
(33, 88)
(33, 94)
(33, 97)
(33, 98)
(33, 106)
(33, 236)
(33, 239)
(33, 240)
(33, 113)
(33, 117)
(33, 120)
(34, 66)
(34, 100)
(34, 199)
(34, 136)
(34, 60)
(34, 202)
(34, 235)
(34, 50)
(34, 178)
(34, 115)
(34, 84)
(34, 57)
(34, 152)
(34, 121)
(34, 71)
(34, 220)
(34, 36)
(35, 138)
(35, 151)
(35, 155)
(35, 160)
(35, 168)
(35, 45)
(35, 175)
(35, 48)
(35, 53)
(35, 183)
(35, 187)
(35, 188)
(35, 189)
(35, 65)
(35, 198)
(35, 203)
(35, 77)
(35, 212)
(35, 215)
(35, 89)
(35, 91)
(35, 94)
(35, 223)
(35, 98)
(35, 59)
(35, 105)
(35, 108)
(35, 240)
(35, 118)
(35, 249)
(36, 235)
(36, 136)
(36, 144)
(36, 147)
(36, 150)
(36, 152)
(36, 166)
(36, 50)
(36, 57)
(36, 60)
(36, 66)
(36, 72)
(36, 202)
(36, 78)
(36, 208)
(36, 82)
(36, 84)
(36, 220)
(36, 100)
(36, 107)
(36, 238)
(36, 115)
(37, 194)
(37, 227)
(37, 68)
(37, 229)
(37, 39)
(37, 137)
(37, 234)
(37, 173)
(37, 210)
(37, 85)
(37, 153)
(37, 114)
(37, 74)
(37, 158)
(37, 95)
(38, 193)
(38, 195)
(38, 69)
(38, 167)
(38, 79)
(38, 143)
(38, 207)
(38, 113)
(38, 211)
(38, 116)
(38, 117)
(38, 182)
(38, 119)
(38, 88)
(38, 121)
(38, 58)
(38, 239)
(38, 126)
(38, 159)
(39, 194)
(39, 227)
(39, 229)
(39, 231)
(39, 137)
(39, 234)
(39, 204)
(39, 173)
(39, 210)
(39, 52)
(39, 85)
(39, 153)
(39, 114)
(39, 74)
(39, 95)
(40, 128)
(40, 193)
(40, 195)
(40, 228)
(40, 197)
(40, 135)
(40, 106)
(40, 75)
(40, 205)
(40, 207)
(40, 113)
(40, 214)
(40, 119)
(40, 120)
(40, 88)
(40, 143)
(40, 126)
(40, 191)
(41, 134)
(41, 139)
(41, 149)
(41, 155)
(41, 156)
(41, 48)
(41, 162)
(41, 43)
(41, 172)
(41, 45)
(41, 47)
(41, 176)
(41, 177)
(41, 179)
(41, 180)
(41, 54)
(41, 184)
(41, 185)
(41, 65)
(41, 67)
(41, 198)
(41, 73)
(41, 212)
(41, 90)
(41, 221)
(41, 236)
(41, 242)
(41, 125)
(41, 127)
(42, 235)
(42, 136)
(42, 144)
(42, 147)
(42, 157)
(42, 166)
(42, 168)
(42, 44)
(42, 45)
(42, 175)
(42, 48)
(42, 57)
(42, 187)
(42, 61)
(42, 72)
(42, 208)
(42, 82)
(42, 84)
(42, 94)
(42, 223)
(42, 97)
(42, 98)
(42, 107)
(42, 238)
(42, 239)
(42, 240)
(42, 118)
(43, 65)
(43, 67)
(43, 48)
(43, 162)
(43, 168)
(43, 172)
(43, 45)
(43, 175)
(43, 176)
(43, 54)
(43, 187)
(43, 191)
(43, 193)
(43, 195)
(43, 197)
(43, 198)
(43, 73)
(43, 207)
(43, 211)
(43, 88)
(43, 97)
(43, 98)
(43, 106)
(43, 236)
(43, 239)
(43, 240)
(43, 117)
(43, 120)
(43, 125)
(44, 142)
(44, 144)
(44, 147)
(44, 157)
(44, 160)
(44, 166)
(44, 168)
(44, 45)
(44, 175)
(44, 48)
(44, 187)
(44, 61)
(44, 72)
(44, 77)
(44, 82)
(44, 94)
(44, 223)
(44, 97)
(44, 98)
(44, 105)
(44, 107)
(44, 238)
(44, 239)
(44, 240)
(44, 118)
(45, 138)
(45, 155)
(45, 48)
(45, 162)
(45, 168)
(45, 172)
(45, 175)
(45, 176)
(45, 54)
(45, 187)
(45, 61)
(45, 65)
(45, 67)
(45, 198)
(45, 88)
(45, 94)
(45, 223)
(45, 97)
(45, 98)
(45, 236)
(45, 239)
(45, 240)
(45, 118)
(46, 129)
(46, 130)
(46, 131)
(46, 132)
(46, 148)
(46, 154)
(46, 161)
(46, 192)
(46, 196)
(46, 200)
(46, 206)
(46, 86)
(46, 219)
(46, 222)
(46, 99)
(46, 232)
(46, 110)
(46, 111)
(46, 112)
(46, 246)
(47, 237)
(47, 149)
(47, 156)
(47, 170)
(47, 172)
(47, 174)
(47, 221)
(47, 176)
(47, 177)
(47, 179)
(47, 180)
(47, 55)
(47, 184)
(47, 96)
(47, 197)
(47, 73)
(47, 76)
(47, 80)
(47, 213)
(47, 90)
(47, 93)
(47, 224)
(47, 109)
(47, 242)
(47, 244)
(47, 125)
(47, 127)
(48, 138)
(48, 155)
(48, 160)
(48, 162)
(48, 168)
(48, 175)
(48, 176)
(48, 54)
(48, 187)
(48, 65)
(48, 67)
(48, 198)
(48, 203)
(48, 77)
(48, 212)
(48, 89)
(48, 91)
(48, 94)
(48, 223)
(48, 97)
(48, 98)
(48, 236)
(48, 239)
(48, 240)
(48, 118)
(49, 194)
(49, 68)
(49, 229)
(49, 104)
(49, 234)
(49, 173)
(49, 114)
(49, 181)
(49, 85)
(49, 153)
(49, 95)
(49, 101)
(49, 158)
(49, 133)
(50, 100)
(50, 60)
(50, 202)
(50, 78)
(50, 208)
(50, 115)
(50, 84)
(50, 150)
(50, 152)
(50, 57)
(50, 220)
(51, 161)
(51, 164)
(51, 233)
(51, 171)
(51, 111)
(51, 209)
(51, 245)
(51, 169)
(51, 248)
(51, 132)
(52, 134)
(52, 137)
(52, 139)
(52, 141)
(52, 165)
(52, 170)
(52, 173)
(52, 185)
(52, 186)
(52, 62)
(52, 70)
(52, 201)
(52, 74)
(52, 204)
(52, 210)
(52, 87)
(52, 221)
(52, 227)
(52, 231)
(52, 234)
(52, 123)
(52, 124)
(53, 130)
(53, 138)
(53, 151)
(53, 155)
(53, 160)
(53, 183)
(53, 56)
(53, 59)
(53, 188)
(53, 189)
(53, 203)
(53, 77)
(53, 212)
(53, 86)
(53, 215)
(53, 89)
(53, 91)
(53, 222)
(53, 223)
(53, 230)
(53, 105)
(53, 108)
(53, 112)
(53, 118)
(53, 249)
(53, 217)
(54, 128)
(54, 143)
(54, 67)
(54, 162)
(54, 172)
(54, 176)
(54, 177)
(54, 179)
(54, 180)
(54, 191)
(54, 193)
(54, 195)
(54, 197)
(54, 198)
(54, 73)
(54, 207)
(54, 88)
(54, 97)
(54, 106)
(54, 236)
(54, 109)
(54, 239)
(54, 240)
(54, 113)
(54, 117)
(54, 120)
(54, 125)
(55, 109)
(55, 156)
(55, 170)
(55, 174)
(55, 221)
(55, 179)
(55, 184)
(55, 96)
(55, 76)
(55, 80)
(55, 213)
(55, 90)
(55, 93)
(55, 224)
(55, 225)
(55, 102)
(55, 237)
(55, 243)
(55, 244)
(55, 127)
(56, 64)
(56, 130)
(56, 145)
(56, 151)
(56, 183)
(56, 59)
(56, 188)
(56, 189)
(56, 192)
(56, 203)
(56, 212)
(56, 86)
(56, 215)
(56, 217)
(56, 218)
(56, 91)
(56, 92)
(56, 222)
(56, 230)
(56, 108)
(56, 112)
(56, 89)
(56, 249)
(57, 136)
(57, 152)
(57, 166)
(57, 178)
(57, 182)
(57, 60)
(57, 61)
(57, 66)
(57, 199)
(57, 202)
(57, 79)
(57, 208)
(57, 84)
(57, 220)
(57, 100)
(57, 235)
(57, 238)
(57, 115)
(57, 116)
(57, 121)
(58, 79)
(58, 193)
(58, 195)
(58, 69)
(58, 167)
(58, 106)
(58, 143)
(58, 207)
(58, 113)
(58, 211)
(58, 116)
(58, 117)
(58, 182)
(58, 119)
(58, 88)
(58, 121)
(58, 239)
(58, 126)
(58, 159)
(59, 130)
(59, 138)
(59, 139)
(59, 140)
(59, 145)
(59, 151)
(59, 155)
(59, 165)
(59, 185)
(59, 188)
(59, 62)
(59, 64)
(59, 201)
(59, 203)
(59, 212)
(59, 215)
(59, 217)
(59, 218)
(59, 91)
(59, 222)
(59, 230)
(59, 108)
(59, 112)
(59, 89)
(59, 249)
(59, 123)
(60, 150)
(60, 136)
(60, 152)
(60, 71)
(60, 178)
(60, 66)
(60, 199)
(60, 202)
(60, 79)
(60, 208)
(60, 84)
(60, 220)
(60, 100)
(60, 235)
(60, 238)
(60, 115)
(60, 121)
(61, 136)
(61, 166)
(61, 168)
(61, 175)
(61, 182)
(61, 187)
(61, 69)
(61, 72)
(61, 79)
(61, 82)
(61, 211)
(61, 94)
(61, 97)
(61, 235)
(61, 236)
(61, 238)
(61, 239)
(61, 240)
(61, 116)
(61, 117)
(61, 118)
(62, 134)
(62, 137)
(62, 139)
(62, 140)
(62, 141)
(62, 149)
(62, 165)
(62, 185)
(62, 186)
(62, 64)
(62, 70)
(62, 201)
(62, 74)
(62, 212)
(62, 87)
(62, 227)
(62, 231)
(62, 123)
(62, 124)
(63, 144)
(63, 163)
(63, 100)
(63, 81)
(63, 233)
(63, 107)
(63, 78)
(63, 208)
(63, 241)
(63, 147)
(63, 84)
(63, 150)
(63, 248)
(64, 134)
(64, 137)
(64, 139)
(64, 140)
(64, 141)
(64, 145)
(64, 146)
(64, 165)
(64, 185)
(64, 186)
(64, 190)
(64, 70)
(64, 201)
(64, 74)
(64, 212)
(64, 87)
(64, 218)
(64, 226)
(64, 230)
(64, 103)
(64, 123)
(64, 124)
(65, 134)
(65, 138)
(65, 151)
(65, 155)
(65, 160)
(65, 162)
(65, 168)
(65, 172)
(65, 176)
(65, 187)
(65, 188)
(65, 67)
(65, 198)
(65, 203)
(65, 77)
(65, 212)
(65, 89)
(65, 91)
(65, 223)
(65, 98)
(65, 236)
(65, 240)
(65, 118)
(66, 199)
(66, 136)
(66, 202)
(66, 235)
(66, 238)
(66, 79)
(66, 178)
(66, 115)
(66, 116)
(66, 152)
(66, 121)
(66, 71)
(66, 220)
(67, 162)
(67, 168)
(67, 172)
(67, 176)
(67, 179)
(67, 187)
(67, 191)
(67, 193)
(67, 195)
(67, 197)
(67, 198)
(67, 73)
(67, 207)
(67, 211)
(67, 88)
(67, 97)
(67, 98)
(67, 106)
(67, 236)
(67, 239)
(67, 240)
(67, 113)
(67, 117)
(67, 120)
(67, 125)
(68, 133)
(68, 140)
(68, 146)
(68, 153)
(68, 158)
(68, 173)
(68, 181)
(68, 190)
(68, 194)
(68, 70)
(68, 74)
(68, 83)
(68, 85)
(68, 101)
(68, 95)
(68, 226)
(68, 229)
(68, 103)
(68, 104)
(68, 234)
(68, 114)
(69, 136)
(69, 159)
(69, 166)
(69, 167)
(69, 182)
(69, 193)
(69, 195)
(69, 79)
(69, 211)
(69, 88)
(69, 207)
(69, 97)
(69, 106)
(69, 235)
(69, 238)
(69, 239)
(69, 113)
(69, 116)
(69, 117)
(69, 119)
(69, 121)
(69, 126)
(70, 137)
(70, 139)
(70, 140)
(70, 141)
(70, 145)
(70, 146)
(70, 165)
(70, 173)
(70, 181)
(70, 185)
(70, 186)
(70, 95)
(70, 190)
(70, 201)
(70, 74)
(70, 87)
(70, 101)
(70, 226)
(70, 227)
(70, 229)
(70, 230)
(70, 103)
(70, 234)
(70, 123)
(70, 124)
(71, 199)
(71, 178)
(71, 115)
(71, 152)
(71, 220)
(72, 142)
(72, 144)
(72, 147)
(72, 150)
(72, 157)
(72, 160)
(72, 166)
(72, 168)
(72, 175)
(72, 187)
(72, 202)
(72, 208)
(72, 82)
(72, 84)
(72, 94)
(72, 223)
(72, 100)
(72, 105)
(72, 107)
(72, 241)
(72, 118)
(73, 128)
(73, 135)
(73, 143)
(73, 149)
(73, 156)
(73, 162)
(73, 172)
(73, 174)
(73, 176)
(73, 177)
(73, 179)
(73, 180)
(73, 184)
(73, 191)
(73, 195)
(73, 197)
(73, 198)
(73, 76)
(73, 109)
(73, 88)
(73, 90)
(73, 228)
(73, 106)
(73, 236)
(73, 237)
(73, 242)
(73, 120)
(73, 125)
(73, 127)
(74, 139)
(74, 141)
(74, 165)
(74, 173)
(74, 137)
(74, 185)
(74, 186)
(74, 201)
(74, 210)
(74, 87)
(74, 95)
(74, 227)
(74, 229)
(74, 231)
(74, 234)
(74, 114)
(74, 123)
(74, 124)
(75, 128)
(75, 193)
(75, 195)
(75, 228)
(75, 197)
(75, 135)
(75, 106)
(75, 205)
(75, 207)
(75, 113)
(75, 117)
(75, 214)
(75, 119)
(75, 120)
(75, 88)
(75, 143)
(75, 126)
(75, 191)
(76, 237)
(76, 149)
(76, 156)
(76, 170)
(76, 172)
(76, 174)
(76, 221)
(76, 177)
(76, 179)
(76, 180)
(76, 184)
(76, 96)
(76, 197)
(76, 80)
(76, 213)
(76, 90)
(76, 93)
(76, 224)
(76, 225)
(76, 109)
(76, 242)
(76, 244)
(76, 125)
(76, 127)
(77, 130)
(77, 138)
(77, 142)
(77, 151)
(77, 155)
(77, 157)
(77, 160)
(77, 168)
(77, 175)
(77, 94)
(77, 183)
(77, 187)
(77, 188)
(77, 189)
(77, 203)
(77, 89)
(77, 82)
(77, 212)
(77, 215)
(77, 217)
(77, 91)
(77, 222)
(77, 223)
(77, 98)
(77, 105)
(77, 108)
(77, 118)
(77, 247)
(77, 249)
(78, 144)
(78, 163)
(78, 100)
(78, 81)
(78, 233)
(78, 107)
(78, 208)
(78, 241)
(78, 147)
(78, 84)
(78, 150)
(78, 248)
(79, 136)
(79, 152)
(79, 159)
(79, 167)
(79, 178)
(79, 182)
(79, 211)
(79, 166)
(79, 235)
(79, 238)
(79, 239)
(79, 113)
(79, 116)
(79, 117)
(79, 121)
(79, 126)
(80, 224)
(80, 225)
(80, 102)
(80, 96)
(80, 237)
(80, 174)
(80, 109)
(80, 243)
(80, 244)
(80, 213)
(80, 184)
(80, 90)
(80, 93)
(81, 142)
(81, 144)
(81, 147)
(81, 160)
(81, 163)
(81, 164)
(81, 169)
(81, 157)
(81, 189)
(81, 82)
(81, 105)
(81, 233)
(81, 107)
(81, 241)
(81, 247)
(81, 248)
(82, 142)
(82, 144)
(82, 147)
(82, 160)
(82, 166)
(82, 168)
(82, 175)
(82, 187)
(82, 208)
(82, 84)
(82, 94)
(82, 223)
(82, 100)
(82, 105)
(82, 107)
(82, 157)
(82, 241)
(82, 118)
(83, 226)
(83, 133)
(83, 103)
(83, 104)
(83, 140)
(83, 145)
(83, 146)
(83, 181)
(83, 216)
(83, 218)
(83, 92)
(83, 122)
(83, 190)
(83, 101)
(84, 235)
(84, 150)
(84, 136)
(84, 144)
(84, 147)
(84, 152)
(84, 166)
(84, 202)
(84, 208)
(84, 220)
(84, 100)
(84, 107)
(84, 241)
(85, 194)
(85, 229)
(85, 234)
(85, 173)
(85, 210)
(85, 153)
(85, 114)
(85, 158)
(85, 95)
(86, 130)
(86, 131)
(86, 132)
(86, 148)
(86, 154)
(86, 164)
(86, 169)
(86, 183)
(86, 188)
(86, 189)
(86, 192)
(86, 196)
(86, 200)
(86, 206)
(86, 215)
(86, 217)
(86, 219)
(86, 222)
(86, 99)
(86, 108)
(86, 110)
(86, 112)
(86, 246)
(86, 247)
(86, 249)
(87, 134)
(87, 139)
(87, 141)
(87, 149)
(87, 165)
(87, 170)
(87, 173)
(87, 137)
(87, 185)
(87, 186)
(87, 201)
(87, 210)
(87, 227)
(87, 231)
(87, 234)
(87, 123)
(87, 124)
(88, 128)
(88, 135)
(88, 143)
(88, 159)
(88, 162)
(88, 191)
(88, 193)
(88, 195)
(88, 197)
(88, 198)
(88, 207)
(88, 211)
(88, 214)
(88, 97)
(88, 228)
(88, 106)
(88, 236)
(88, 239)
(88, 240)
(88, 113)
(88, 117)
(88, 119)
(88, 120)
(88, 126)
(89, 130)
(89, 138)
(89, 139)
(89, 151)
(89, 155)
(89, 160)
(89, 168)
(89, 183)
(89, 187)
(89, 188)
(89, 189)
(89, 203)
(89, 212)
(89, 215)
(89, 217)
(89, 91)
(89, 222)
(89, 223)
(89, 98)
(89, 230)
(89, 105)
(89, 108)
(89, 118)
(89, 249)
(90, 237)
(90, 149)
(90, 156)
(90, 170)
(90, 172)
(90, 174)
(90, 221)
(90, 176)
(90, 177)
(90, 179)
(90, 180)
(90, 184)
(90, 96)
(90, 197)
(90, 213)
(90, 93)
(90, 224)
(90, 109)
(90, 242)
(90, 244)
(90, 125)
(90, 127)
(91, 130)
(91, 138)
(91, 142)
(91, 151)
(91, 155)
(91, 157)
(91, 160)
(91, 168)
(91, 183)
(91, 187)
(91, 188)
(91, 189)
(91, 203)
(91, 212)
(91, 215)
(91, 217)
(91, 222)
(91, 223)
(91, 98)
(91, 105)
(91, 108)
(91, 118)
(91, 247)
(91, 249)
(92, 192)
(92, 226)
(92, 230)
(92, 103)
(92, 140)
(92, 112)
(92, 145)
(92, 146)
(92, 216)
(92, 217)
(92, 218)
(92, 122)
(92, 190)
(93, 224)
(93, 225)
(93, 96)
(93, 170)
(93, 237)
(93, 174)
(93, 109)
(93, 244)
(93, 213)
(93, 184)
(93, 156)
(93, 221)
(93, 127)
(94, 142)
(94, 144)
(94, 147)
(94, 157)
(94, 160)
(94, 166)
(94, 168)
(94, 175)
(94, 187)
(94, 223)
(94, 97)
(94, 98)
(94, 105)
(94, 107)
(94, 239)
(94, 240)
(94, 118)
(95, 133)
(95, 137)
(95, 146)
(95, 153)
(95, 158)
(95, 173)
(95, 181)
(95, 186)
(95, 194)
(95, 101)
(95, 226)
(95, 227)
(95, 229)
(95, 103)
(95, 104)
(95, 234)
(95, 114)
(96, 109)
(96, 156)
(96, 174)
(96, 184)
(96, 213)
(96, 224)
(96, 225)
(96, 102)
(96, 237)
(96, 221)
(96, 243)
(96, 244)
(96, 127)
(97, 159)
(97, 162)
(97, 166)
(97, 168)
(97, 175)
(97, 187)
(97, 193)
(97, 198)
(97, 207)
(97, 211)
(97, 98)
(97, 106)
(97, 236)
(97, 238)
(97, 239)
(97, 240)
(97, 113)
(97, 116)
(97, 117)
(97, 118)
(98, 138)
(98, 151)
(98, 155)
(98, 157)
(98, 160)
(98, 162)
(98, 168)
(98, 175)
(98, 176)
(98, 183)
(98, 187)
(98, 188)
(98, 198)
(98, 203)
(98, 212)
(98, 223)
(98, 105)
(98, 236)
(98, 240)
(98, 118)
(99, 192)
(99, 129)
(99, 131)
(99, 196)
(99, 232)
(99, 206)
(99, 111)
(99, 112)
(99, 200)
(99, 148)
(99, 110)
(99, 246)
(99, 132)
(99, 154)
(99, 219)
(99, 222)
(100, 144)
(100, 163)
(100, 202)
(100, 107)
(100, 208)
(100, 241)
(100, 147)
(100, 150)
(100, 220)
(101, 226)
(101, 229)
(101, 103)
(101, 104)
(101, 140)
(101, 173)
(101, 145)
(101, 146)
(101, 181)
(101, 122)
(101, 190)
(101, 133)
(102, 224)
(102, 225)
(102, 237)
(102, 174)
(102, 205)
(102, 243)
(102, 244)
(103, 133)
(103, 140)
(103, 145)
(103, 146)
(103, 173)
(103, 181)
(103, 186)
(103, 190)
(103, 201)
(103, 218)
(103, 226)
(103, 229)
(103, 104)
(103, 122)
(104, 226)
(104, 133)
(104, 146)
(104, 181)
(104, 190)
(104, 229)
(105, 130)
(105, 138)
(105, 142)
(105, 144)
(105, 147)
(105, 157)
(105, 160)
(105, 164)
(105, 168)
(105, 175)
(105, 183)
(105, 187)
(105, 188)
(105, 189)
(105, 203)
(105, 215)
(105, 223)
(105, 107)
(105, 108)
(105, 241)
(105, 118)
(105, 247)
(105, 249)
(106, 128)
(106, 135)
(106, 143)
(106, 159)
(106, 162)
(106, 191)
(106, 193)
(106, 195)
(106, 197)
(106, 198)
(106, 207)
(106, 211)
(106, 214)
(106, 228)
(106, 236)
(106, 239)
(106, 240)
(106, 113)
(106, 117)
(106, 119)
(106, 120)
(106, 126)
(107, 142)
(107, 144)
(107, 147)
(107, 150)
(107, 160)
(107, 163)
(107, 175)
(107, 208)
(107, 223)
(107, 233)
(107, 157)
(107, 241)
(107, 118)
(108, 130)
(108, 138)
(108, 142)
(108, 151)
(108, 155)
(108, 160)
(108, 183)
(108, 188)
(108, 189)
(108, 203)
(108, 212)
(108, 215)
(108, 217)
(108, 219)
(108, 222)
(108, 223)
(108, 230)
(108, 112)
(108, 118)
(108, 247)
(108, 249)
(109, 128)
(109, 149)
(109, 156)
(109, 170)
(109, 172)
(109, 174)
(109, 176)
(109, 177)
(109, 179)
(109, 180)
(109, 184)
(109, 197)
(109, 213)
(109, 221)
(109, 224)
(109, 225)
(109, 237)
(109, 242)
(109, 125)
(109, 127)
(110, 129)
(110, 131)
(110, 132)
(110, 148)
(110, 154)
(110, 161)
(110, 192)
(110, 196)
(110, 200)
(110, 206)
(110, 209)
(110, 219)
(110, 232)
(110, 111)
(110, 245)
(110, 246)
(111, 161)
(111, 131)
(111, 196)
(111, 129)
(111, 232)
(111, 171)
(111, 206)
(111, 209)
(111, 148)
(111, 245)
(111, 246)
(111, 132)
(111, 154)
(111, 200)
(112, 130)
(112, 131)
(112, 148)
(112, 154)
(112, 188)
(112, 189)
(112, 192)
(112, 196)
(112, 206)
(112, 215)
(112, 216)
(112, 217)
(112, 218)
(112, 219)
(112, 222)
(112, 230)
(112, 249)
(113, 135)
(113, 143)
(113, 159)
(113, 167)
(113, 191)
(113, 193)
(113, 195)
(113, 182)
(113, 207)
(113, 211)
(113, 236)
(113, 239)
(113, 116)
(113, 117)
(113, 119)
(113, 120)
(113, 126)
(114, 194)
(114, 227)
(114, 229)
(114, 234)
(114, 173)
(114, 210)
(114, 153)
(114, 158)
(115, 199)
(115, 136)
(115, 202)
(115, 235)
(115, 178)
(115, 152)
(115, 121)
(115, 220)
(116, 136)
(116, 152)
(116, 159)
(116, 167)
(116, 182)
(116, 193)
(116, 207)
(116, 211)
(116, 166)
(116, 235)
(116, 238)
(116, 239)
(116, 117)
(116, 121)
(116, 126)
(117, 143)
(117, 159)
(117, 167)
(117, 191)
(117, 193)
(117, 195)
(117, 182)
(117, 207)
(117, 211)
(117, 236)
(117, 238)
(117, 239)
(117, 240)
(117, 119)
(117, 120)
(117, 126)
(118, 138)
(118, 142)
(118, 144)
(118, 147)
(118, 157)
(118, 160)
(118, 168)
(118, 175)
(118, 183)
(118, 187)
(118, 188)
(118, 189)
(118, 198)
(118, 203)
(118, 223)
(118, 240)
(119, 128)
(119, 135)
(119, 143)
(119, 159)
(119, 167)
(119, 182)
(119, 191)
(119, 193)
(119, 195)
(119, 207)
(119, 211)
(119, 214)
(119, 228)
(119, 120)
(119, 126)
(120, 128)
(120, 135)
(120, 143)
(120, 159)
(120, 162)
(120, 179)
(120, 191)
(120, 193)
(120, 195)
(120, 197)
(120, 198)
(120, 207)
(120, 211)
(120, 214)
(120, 228)
(120, 236)
(120, 239)
(120, 240)
(120, 125)
(120, 126)
(121, 136)
(121, 152)
(121, 159)
(121, 167)
(121, 178)
(121, 182)
(121, 199)
(121, 211)
(121, 235)
(121, 238)
(122, 192)
(122, 226)
(122, 133)
(122, 140)
(122, 145)
(122, 146)
(122, 181)
(122, 216)
(122, 218)
(122, 190)
(123, 134)
(123, 137)
(123, 139)
(123, 140)
(123, 141)
(123, 145)
(123, 165)
(123, 185)
(123, 186)
(123, 201)
(123, 212)
(123, 226)
(123, 227)
(123, 230)
(123, 231)
(123, 124)
(124, 134)
(124, 139)
(124, 141)
(124, 165)
(124, 173)
(124, 137)
(124, 185)
(124, 186)
(124, 201)
(124, 210)
(124, 227)
(124, 229)
(124, 231)
(124, 234)
(125, 128)
(125, 149)
(125, 156)
(125, 162)
(125, 172)
(125, 174)
(125, 176)
(125, 177)
(125, 179)
(125, 180)
(125, 184)
(125, 191)
(125, 197)
(125, 198)
(125, 221)
(125, 236)
(125, 237)
(125, 242)
(125, 127)
(126, 135)
(126, 143)
(126, 159)
(126, 167)
(126, 182)
(126, 191)
(126, 193)
(126, 195)
(126, 211)
(126, 207)
(126, 239)
(127, 134)
(127, 149)
(127, 156)
(127, 170)
(127, 172)
(127, 174)
(127, 176)
(127, 177)
(127, 179)
(127, 180)
(127, 184)
(127, 197)
(127, 213)
(127, 221)
(127, 242)
(128, 135)
(128, 143)
(128, 174)
(128, 179)
(128, 191)
(128, 193)
(128, 195)
(128, 197)
(128, 205)
(128, 214)
(128, 207)
(128, 228)
(128, 237)
(129, 161)
(129, 131)
(129, 196)
(129, 232)
(129, 171)
(129, 206)
(129, 209)
(129, 148)
(129, 245)
(129, 246)
(129, 132)
(129, 154)
(129, 200)
(130, 138)
(130, 148)
(130, 151)
(130, 154)
(130, 183)
(130, 188)
(130, 189)
(130, 192)
(130, 203)
(130, 215)
(130, 217)
(130, 218)
(130, 219)
(130, 222)
(130, 230)
(130, 247)
(130, 249)
(131, 192)
(131, 196)
(131, 232)
(131, 206)
(131, 200)
(131, 148)
(131, 246)
(131, 216)
(131, 132)
(131, 154)
(131, 219)
(132, 148)
(132, 154)
(132, 161)
(132, 164)
(132, 169)
(132, 171)
(132, 196)
(132, 200)
(132, 206)
(132, 209)
(132, 219)
(132, 232)
(132, 245)
(132, 246)
(133, 226)
(133, 229)
(133, 140)
(133, 146)
(133, 181)
(133, 190)
(134, 137)
(134, 139)
(134, 141)
(134, 149)
(134, 155)
(134, 165)
(134, 156)
(134, 170)
(134, 172)
(134, 176)
(134, 177)
(134, 180)
(134, 185)
(134, 186)
(134, 201)
(134, 212)
(134, 221)
(134, 242)
(135, 193)
(135, 195)
(135, 228)
(135, 197)
(135, 205)
(135, 207)
(135, 214)
(135, 143)
(135, 191)
(136, 152)
(136, 166)
(136, 167)
(136, 178)
(136, 182)
(136, 199)
(136, 202)
(136, 220)
(136, 235)
(136, 238)
(137, 139)
(137, 140)
(137, 141)
(137, 173)
(137, 185)
(137, 186)
(137, 201)
(137, 210)
(137, 165)
(137, 227)
(137, 229)
(137, 231)
(137, 234)
(138, 151)
(138, 155)
(138, 160)
(138, 168)
(138, 183)
(138, 187)
(138, 188)
(138, 189)
(138, 198)
(138, 203)
(138, 212)
(138, 215)
(138, 217)
(138, 223)
(138, 230)
(138, 249)
(139, 141)
(139, 149)
(139, 151)
(139, 155)
(139, 165)
(139, 176)
(139, 185)
(139, 186)
(139, 201)
(139, 212)
(139, 230)
(139, 242)
(140, 145)
(140, 146)
(140, 165)
(140, 181)
(140, 186)
(140, 201)
(140, 218)
(140, 226)
(140, 229)
(140, 230)
(140, 190)
(141, 149)
(141, 165)
(141, 185)
(141, 186)
(141, 201)
(141, 212)
(141, 227)
(141, 231)
(142, 144)
(142, 147)
(142, 160)
(142, 164)
(142, 175)
(142, 183)
(142, 189)
(142, 215)
(142, 223)
(142, 233)
(142, 157)
(142, 241)
(142, 247)
(143, 159)
(143, 191)
(143, 193)
(143, 195)
(143, 197)
(143, 205)
(143, 207)
(143, 211)
(143, 214)
(143, 228)
(144, 147)
(144, 150)
(144, 160)
(144, 163)
(144, 175)
(144, 202)
(144, 208)
(144, 233)
(144, 157)
(144, 241)
(145, 146)
(145, 165)
(145, 186)
(145, 190)
(145, 201)
(145, 216)
(145, 217)
(145, 218)
(145, 226)
(145, 230)
(146, 181)
(146, 190)
(146, 216)
(146, 218)
(146, 226)
(146, 229)
(147, 150)
(147, 160)
(147, 163)
(147, 166)
(147, 175)
(147, 208)
(147, 223)
(147, 233)
(147, 157)
(147, 241)
(148, 154)
(148, 161)
(148, 164)
(148, 169)
(148, 192)
(148, 196)
(148, 200)
(148, 206)
(148, 219)
(148, 222)
(148, 232)
(148, 245)
(148, 246)
(148, 247)
(149, 170)
(149, 172)
(149, 176)
(149, 177)
(149, 179)
(149, 180)
(149, 184)
(149, 185)
(149, 156)
(149, 221)
(149, 242)
(150, 163)
(150, 202)
(150, 208)
(150, 241)
(150, 220)
(151, 155)
(151, 160)
(151, 183)
(151, 188)
(151, 189)
(151, 203)
(151, 212)
(151, 215)
(151, 217)
(151, 222)
(151, 223)
(151, 230)
(151, 249)
(152, 166)
(152, 178)
(152, 199)
(152, 202)
(152, 220)
(152, 235)
(152, 238)
(153, 194)
(153, 227)
(153, 229)
(153, 234)
(153, 173)
(153, 210)
(153, 158)
(154, 161)
(154, 192)
(154, 196)
(154, 200)
(154, 206)
(154, 219)
(154, 222)
(154, 232)
(154, 246)
(155, 176)
(155, 165)
(155, 168)
(155, 183)
(155, 185)
(155, 187)
(155, 188)
(155, 198)
(155, 203)
(155, 212)
(155, 230)
(155, 249)
(156, 170)
(156, 172)
(156, 174)
(156, 176)
(156, 177)
(156, 179)
(156, 180)
(156, 184)
(156, 221)
(156, 213)
(156, 242)
(157, 160)
(157, 166)
(157, 168)
(157, 175)
(157, 183)
(157, 187)
(157, 208)
(157, 223)
(157, 241)
(158, 194)
(158, 234)
(159, 167)
(159, 182)
(159, 191)
(159, 193)
(159, 195)
(159, 211)
(159, 207)
(159, 238)
(159, 239)
(160, 168)
(160, 175)
(160, 183)
(160, 187)
(160, 188)
(160, 189)
(160, 203)
(160, 215)
(160, 223)
(160, 247)
(160, 249)
(161, 196)
(161, 232)
(161, 169)
(161, 171)
(161, 206)
(161, 209)
(161, 245)
(161, 246)
(161, 200)
(162, 168)
(162, 172)
(162, 176)
(162, 177)
(162, 179)
(162, 180)
(162, 187)
(162, 191)
(162, 193)
(162, 197)
(162, 198)
(162, 236)
(162, 239)
(162, 240)
(163, 233)
(163, 208)
(163, 241)
(163, 248)
(164, 233)
(164, 241)
(164, 247)
(164, 248)
(164, 169)
(164, 219)
(164, 189)
(165, 185)
(165, 186)
(165, 201)
(165, 212)
(165, 226)
(165, 227)
(165, 230)
(165, 231)
(166, 175)
(166, 187)
(166, 202)
(166, 208)
(166, 211)
(166, 235)
(166, 238)
(166, 239)
(167, 182)
(167, 193)
(167, 211)
(167, 207)
(167, 235)
(167, 238)
(167, 239)
(168, 175)
(168, 183)
(168, 187)
(168, 188)
(168, 198)
(168, 203)
(168, 223)
(168, 236)
(168, 240)
(169, 233)
(169, 241)
(169, 247)
(169, 248)
(169, 219)
(169, 189)
(170, 177)
(170, 179)
(170, 180)
(170, 184)
(170, 221)
(170, 204)
(170, 213)
(170, 231)
(170, 242)
(171, 209)
(171, 245)
(172, 174)
(172, 176)
(172, 177)
(172, 179)
(172, 180)
(172, 184)
(172, 197)
(172, 198)
(172, 221)
(172, 236)
(172, 242)
(173, 181)
(173, 186)
(173, 194)
(173, 201)
(173, 210)
(173, 226)
(173, 227)
(173, 229)
(173, 231)
(173, 234)
(174, 177)
(174, 179)
(174, 180)
(174, 184)
(174, 197)
(174, 205)
(174, 213)
(174, 224)
(174, 225)
(174, 228)
(174, 237)
(174, 243)
(174, 244)
(175, 187)
(175, 198)
(175, 223)
(175, 236)
(175, 238)
(175, 239)
(175, 240)
(176, 177)
(176, 179)
(176, 180)
(176, 184)
(176, 198)
(176, 212)
(176, 236)
(176, 240)
(176, 242)
(177, 179)
(177, 180)
(177, 184)
(177, 197)
(177, 198)
(177, 221)
(177, 242)
(178, 199)
(178, 235)
(178, 220)
(179, 180)
(179, 184)
(179, 191)
(179, 197)
(179, 221)
(179, 237)
(179, 242)
(180, 184)
(180, 197)
(180, 198)
(180, 221)
(180, 242)
(181, 194)
(181, 229)
(181, 226)
(181, 190)
(182, 193)
(182, 211)
(182, 207)
(182, 235)
(182, 238)
(182, 239)
(183, 217)
(183, 187)
(183, 188)
(183, 189)
(183, 203)
(183, 212)
(183, 215)
(183, 222)
(183, 223)
(183, 247)
(183, 249)
(184, 221)
(184, 197)
(184, 213)
(184, 237)
(184, 242)
(185, 186)
(185, 201)
(185, 212)
(185, 227)
(185, 231)
(185, 242)
(186, 201)
(186, 226)
(186, 227)
(186, 229)
(186, 230)
(186, 231)
(186, 234)
(187, 198)
(187, 203)
(187, 223)
(187, 236)
(187, 239)
(187, 240)
(188, 217)
(188, 189)
(188, 203)
(188, 212)
(188, 215)
(188, 222)
(188, 223)
(188, 230)
(188, 249)
(189, 217)
(189, 219)
(189, 203)
(189, 215)
(189, 222)
(189, 223)
(189, 247)
(189, 249)
(190, 216)
(190, 218)
(190, 226)
(190, 230)
(191, 195)
(191, 193)
(191, 197)
(191, 207)
(191, 211)
(191, 214)
(191, 228)
(191, 236)
(191, 239)
(192, 196)
(192, 200)
(192, 206)
(192, 216)
(192, 217)
(192, 218)
(192, 219)
(192, 222)
(192, 232)
(192, 246)
(193, 195)
(193, 197)
(193, 207)
(193, 211)
(193, 214)
(193, 236)
(193, 239)
(193, 240)
(194, 229)
(194, 234)
(195, 197)
(195, 207)
(195, 211)
(195, 214)
(195, 228)
(195, 236)
(195, 239)
(196, 232)
(196, 206)
(196, 200)
(196, 246)
(196, 219)
(197, 205)
(197, 214)
(197, 228)
(197, 236)
(197, 237)
(198, 236)
(198, 239)
(198, 240)
(199, 235)
(199, 220)
(200, 206)
(200, 209)
(200, 219)
(200, 232)
(200, 245)
(200, 246)
(201, 212)
(201, 226)
(201, 227)
(201, 229)
(201, 230)
(201, 231)
(202, 235)
(202, 238)
(202, 208)
(202, 220)
(203, 217)
(203, 212)
(203, 215)
(203, 222)
(203, 223)
(203, 230)
(203, 249)
(204, 227)
(204, 231)
(204, 210)
(205, 225)
(205, 228)
(205, 237)
(205, 243)
(205, 214)
(206, 232)
(206, 246)
(206, 219)
(207, 211)
(207, 214)
(207, 236)
(207, 239)
(208, 220)
(208, 241)
(209, 245)
(209, 246)
(210, 227)
(210, 229)
(210, 231)
(210, 234)
(211, 236)
(211, 238)
(211, 239)
(212, 215)
(212, 230)
(212, 249)
(213, 224)
(213, 225)
(213, 237)
(213, 244)
(213, 221)
(214, 228)
(215, 217)
(215, 219)
(215, 222)
(215, 223)
(215, 230)
(215, 247)
(215, 249)
(216, 218)
(217, 219)
(217, 218)
(217, 222)
(217, 230)
(217, 249)
(218, 222)
(218, 226)
(218, 230)
(219, 222)
(219, 232)
(219, 246)
(219, 247)
(220, 235)
(221, 231)
(221, 242)
(222, 230)
(222, 247)
(222, 249)
(223, 249)
(224, 225)
(224, 237)
(224, 243)
(224, 244)
(225, 237)
(225, 243)
(225, 244)
(226, 229)
(226, 230)
(227, 229)
(227, 231)
(227, 234)
(228, 237)
(228, 243)
(229, 234)
(230, 249)
(231, 234)
(232, 246)
(233, 241)
(233, 247)
(233, 248)
(235, 238)
(236, 239)
(236, 240)
(237, 243)
(237, 244)
(238, 239)
(239, 240)
(241, 247)
(241, 248)
(243, 244)
(245, 246)
(247, 248)
