#Nodes
0
1
2
3
4
5
6
7
8
9
10
11
12
13
14
15
16
17
18
19
20
21
22
23
24
25
26
27
28
29
30
31
32
33
34
35
36
37
38
39
40
41
42
43
44
45
46
47
48
49
50
51
52
53
54
55
56
57
58
59
60
61
62
63
64
65
66
67
68
69
70
71
72
73
74
75
76
77
78
79
80
81
82
83
84
85
86
87
88
89
90
91
92
93
94
95
96
97
98
99
100
101
102
103
104
105
106
107
108
109
110
111
112
113
114
115
116
117
118
119
120
121
122
123
124
125
126
127
128
129
130
131
132
133
134
135
136
137
138
139
140
141
142
143
144
145
146
147
148
149
150
151
152
153
154
155
156
157
158
159
160
161
162
163
164
165
166
167
168
169
170
171
172
173
174
175
176
177
178
179
180
181
182
183
184
185
186
187
188
189
190
191
192
193
194
195
196
197
198
199
200
201
202
203
204
205
206
207
208
209
210
211
212
213
214
215
216
217
218
219
220
221
222
223
224
225
226
227
228
229
230
231
232
233
234
235
236
237
238
239
240
241
242
243
244
245
246
247
248
249
#Edges
(0, 176)
(0, 163)
(0, 69)
(0, 232)
(0, 137)
(0, 171)
(0, 206)
(0, 143)
(0, 208)
(0, 147)
(0, 213)
(0, 153)
(0, 47)
(0, 117)
(0, 191)
(1, 128)
(1, 5)
(1, 134)
(1, 144)
(1, 148)
(1, 23)
(1, 90)
(1, 34)
(1, 169)
(1, 44)
(1, 53)
(1, 55)
(1, 56)
(1, 197)
(1, 200)
(1, 76)
(1, 81)
(1, 215)
(1, 216)
(1, 218)
(1, 223)
(1, 225)
(1, 233)
(1, 236)
(1, 110)
(1, 240)
(1, 244)
(1, 41)
(1, 248)
(1, 123)
(1, 124)
(1, 127)
(2, 128)
(2, 131)
(2, 138)
(2, 144)
(2, 145)
(2, 146)
(2, 23)
(2, 24)
(2, 157)
(2, 33)
(2, 34)
(2, 41)
(2, 44)
(2, 174)
(2, 53)
(2, 59)
(2, 60)
(2, 190)
(2, 193)
(2, 200)
(2, 73)
(2, 75)
(2, 76)
(2, 209)
(2, 215)
(2, 92)
(2, 223)
(2, 225)
(2, 231)
(2, 233)
(2, 236)
(2, 110)
(2, 248)
(2, 126)
(3, 96)
(3, 226)
(3, 163)
(3, 69)
(3, 103)
(3, 234)
(3, 71)
(3, 140)
(3, 179)
(3, 245)
(3, 182)
(3, 183)
(3, 39)
(3, 58)
(3, 91)
(3, 26)
(3, 191)
(4, 129)
(4, 22)
(4, 6)
(4, 10)
(4, 11)
(4, 16)
(4, 18)
(4, 20)
(4, 150)
(4, 155)
(4, 158)
(4, 162)
(4, 37)
(4, 170)
(4, 177)
(4, 51)
(4, 30)
(4, 185)
(4, 62)
(4, 63)
(4, 194)
(4, 67)
(4, 68)
(4, 118)
(4, 77)
(4, 80)
(4, 86)
(4, 88)
(4, 94)
(4, 95)
(4, 98)
(4, 106)
(4, 238)
(4, 242)
(4, 246)
(5, 128)
(5, 134)
(5, 144)
(5, 148)
(5, 218)
(5, 34)
(5, 165)
(5, 169)
(5, 45)
(5, 52)
(5, 55)
(5, 56)
(5, 197)
(5, 202)
(5, 81)
(5, 211)
(5, 216)
(5, 90)
(5, 233)
(5, 110)
(5, 240)
(5, 244)
(5, 41)
(5, 248)
(5, 123)
(5, 125)
(6, 22)
(6, 10)
(6, 11)
(6, 18)
(6, 150)
(6, 154)
(6, 155)
(6, 30)
(6, 164)
(6, 37)
(6, 170)
(6, 173)
(6, 51)
(6, 185)
(6, 62)
(6, 63)
(6, 194)
(6, 68)
(6, 77)
(6, 80)
(6, 86)
(6, 88)
(6, 221)
(6, 94)
(6, 95)
(6, 98)
(6, 105)
(6, 106)
(6, 238)
(6, 242)
(6, 115)
(6, 246)
(6, 249)
(7, 64)
(7, 97)
(7, 35)
(7, 100)
(7, 104)
(7, 203)
(7, 205)
(7, 19)
(7, 85)
(7, 93)
(8, 11)
(8, 16)
(8, 145)
(8, 18)
(8, 21)
(8, 151)
(8, 25)
(8, 27)
(8, 157)
(8, 158)
(8, 162)
(8, 167)
(8, 177)
(8, 51)
(8, 61)
(8, 190)
(8, 194)
(8, 67)
(8, 68)
(8, 246)
(8, 198)
(8, 75)
(8, 79)
(8, 209)
(8, 83)
(8, 220)
(8, 94)
(8, 99)
(8, 106)
(8, 241)
(8, 242)
(8, 118)
(8, 120)
(8, 121)
(8, 126)
(9, 130)
(9, 12)
(9, 217)
(9, 160)
(9, 35)
(9, 50)
(9, 184)
(9, 57)
(9, 187)
(9, 32)
(9, 66)
(9, 72)
(9, 74)
(9, 204)
(9, 205)
(9, 210)
(9, 228)
(9, 93)
(9, 97)
(9, 100)
(9, 229)
(9, 109)
(9, 114)
(9, 243)
(9, 247)
(10, 22)
(10, 11)
(10, 141)
(10, 142)
(10, 150)
(10, 154)
(10, 155)
(10, 156)
(10, 30)
(10, 164)
(10, 170)
(10, 43)
(10, 173)
(10, 51)
(10, 185)
(10, 186)
(10, 62)
(10, 63)
(10, 192)
(10, 68)
(10, 77)
(10, 207)
(10, 86)
(10, 88)
(10, 221)
(10, 95)
(10, 98)
(10, 105)
(10, 238)
(10, 239)
(10, 242)
(10, 115)
(10, 246)
(10, 249)
(11, 16)
(11, 18)
(11, 21)
(11, 22)
(11, 25)
(11, 155)
(11, 158)
(11, 162)
(11, 37)
(11, 167)
(11, 170)
(11, 173)
(11, 177)
(11, 51)
(11, 185)
(11, 62)
(11, 63)
(11, 194)
(11, 67)
(11, 68)
(11, 246)
(11, 77)
(11, 79)
(11, 83)
(11, 86)
(11, 220)
(11, 221)
(11, 94)
(11, 95)
(11, 105)
(11, 106)
(11, 238)
(11, 241)
(11, 242)
(11, 118)
(12, 130)
(12, 15)
(12, 217)
(12, 152)
(12, 160)
(12, 165)
(12, 45)
(12, 180)
(12, 184)
(12, 52)
(12, 74)
(12, 66)
(12, 202)
(12, 205)
(12, 211)
(12, 85)
(12, 228)
(12, 93)
(12, 100)
(12, 235)
(12, 109)
(12, 113)
(12, 125)
(13, 149)
(13, 176)
(13, 132)
(13, 227)
(13, 147)
(13, 133)
(13, 48)
(13, 168)
(13, 137)
(13, 171)
(13, 237)
(13, 208)
(13, 40)
(13, 163)
(13, 139)
(13, 181)
(13, 183)
(13, 153)
(13, 117)
(13, 29)
(13, 159)
(14, 129)
(14, 214)
(14, 31)
(14, 170)
(14, 207)
(14, 80)
(14, 20)
(14, 150)
(14, 88)
(14, 22)
(14, 155)
(14, 30)
(14, 37)
(15, 130)
(15, 136)
(15, 160)
(15, 82)
(15, 166)
(15, 42)
(15, 172)
(15, 45)
(15, 50)
(15, 180)
(15, 184)
(15, 66)
(15, 195)
(15, 197)
(15, 74)
(15, 75)
(15, 209)
(15, 210)
(15, 217)
(15, 224)
(15, 228)
(15, 81)
(15, 235)
(15, 109)
(15, 113)
(15, 248)
(16, 129)
(16, 138)
(16, 145)
(16, 18)
(16, 20)
(16, 150)
(16, 157)
(16, 158)
(16, 31)
(16, 33)
(16, 162)
(16, 36)
(16, 37)
(16, 170)
(16, 194)
(16, 67)
(16, 214)
(16, 92)
(16, 94)
(16, 231)
(16, 106)
(16, 241)
(16, 242)
(16, 118)
(17, 134)
(17, 146)
(17, 148)
(17, 23)
(17, 161)
(17, 44)
(17, 53)
(17, 188)
(17, 193)
(17, 70)
(17, 200)
(17, 212)
(17, 215)
(17, 89)
(17, 219)
(17, 225)
(17, 102)
(17, 60)
(17, 107)
(17, 236)
(17, 111)
(17, 244)
(17, 119)
(17, 124)
(17, 127)
(18, 129)
(18, 138)
(18, 145)
(18, 20)
(18, 155)
(18, 157)
(18, 158)
(18, 31)
(18, 33)
(18, 162)
(18, 36)
(18, 37)
(18, 170)
(18, 194)
(18, 67)
(18, 68)
(18, 118)
(18, 83)
(18, 214)
(18, 92)
(18, 94)
(18, 231)
(18, 106)
(18, 241)
(18, 242)
(18, 246)
(18, 126)
(19, 64)
(19, 97)
(19, 35)
(19, 100)
(19, 104)
(19, 203)
(19, 205)
(20, 129)
(20, 36)
(20, 150)
(20, 31)
(20, 170)
(20, 80)
(20, 242)
(20, 106)
(20, 214)
(20, 88)
(20, 22)
(20, 155)
(20, 118)
(20, 30)
(20, 37)
(21, 151)
(21, 25)
(21, 27)
(21, 28)
(21, 167)
(21, 46)
(21, 175)
(21, 177)
(21, 51)
(21, 222)
(21, 54)
(21, 61)
(21, 62)
(21, 63)
(21, 194)
(21, 68)
(21, 198)
(21, 201)
(21, 77)
(21, 78)
(21, 79)
(21, 82)
(21, 83)
(21, 84)
(21, 86)
(21, 220)
(21, 94)
(21, 95)
(21, 99)
(21, 101)
(21, 238)
(21, 241)
(21, 246)
(21, 120)
(21, 121)
(22, 129)
(22, 141)
(22, 142)
(22, 150)
(22, 155)
(22, 30)
(22, 37)
(22, 170)
(22, 185)
(22, 192)
(22, 207)
(22, 80)
(22, 214)
(22, 88)
(22, 98)
(22, 106)
(22, 238)
(22, 239)
(22, 242)
(23, 128)
(23, 134)
(23, 146)
(23, 148)
(23, 24)
(23, 161)
(23, 34)
(23, 169)
(23, 44)
(23, 53)
(23, 59)
(23, 188)
(23, 193)
(23, 70)
(23, 200)
(23, 73)
(23, 212)
(23, 215)
(23, 89)
(23, 219)
(23, 223)
(23, 225)
(23, 102)
(23, 60)
(23, 107)
(23, 236)
(23, 111)
(23, 244)
(23, 119)
(23, 124)
(23, 127)
(24, 131)
(24, 138)
(24, 145)
(24, 146)
(24, 157)
(24, 158)
(24, 33)
(24, 162)
(24, 174)
(24, 59)
(24, 60)
(24, 190)
(24, 193)
(24, 200)
(24, 73)
(24, 76)
(24, 215)
(24, 92)
(24, 223)
(24, 225)
(24, 231)
(24, 107)
(24, 236)
(24, 241)
(24, 126)
(25, 151)
(25, 27)
(25, 28)
(25, 167)
(25, 46)
(25, 175)
(25, 177)
(25, 51)
(25, 222)
(25, 54)
(25, 61)
(25, 62)
(25, 194)
(25, 67)
(25, 68)
(25, 198)
(25, 201)
(25, 77)
(25, 78)
(25, 79)
(25, 82)
(25, 83)
(25, 84)
(25, 86)
(25, 220)
(25, 94)
(25, 95)
(25, 99)
(25, 101)
(25, 241)
(25, 246)
(25, 120)
(25, 121)
(26, 226)
(26, 115)
(26, 164)
(26, 135)
(26, 108)
(26, 234)
(26, 103)
(26, 140)
(26, 173)
(26, 112)
(26, 71)
(26, 179)
(26, 245)
(26, 182)
(26, 249)
(26, 154)
(26, 91)
(26, 58)
(27, 136)
(27, 151)
(27, 28)
(27, 166)
(27, 167)
(27, 42)
(27, 172)
(27, 177)
(27, 178)
(27, 54)
(27, 61)
(27, 195)
(27, 196)
(27, 49)
(27, 198)
(27, 201)
(27, 78)
(27, 79)
(27, 82)
(27, 83)
(27, 84)
(27, 87)
(27, 220)
(27, 222)
(27, 224)
(27, 99)
(27, 101)
(27, 113)
(27, 116)
(27, 120)
(27, 121)
(28, 51)
(28, 135)
(28, 68)
(28, 167)
(28, 46)
(28, 175)
(28, 177)
(28, 178)
(28, 179)
(28, 54)
(28, 189)
(28, 62)
(28, 196)
(28, 49)
(28, 201)
(28, 77)
(28, 78)
(28, 82)
(28, 84)
(28, 86)
(28, 87)
(28, 91)
(28, 220)
(28, 222)
(28, 95)
(28, 96)
(28, 99)
(28, 101)
(28, 61)
(28, 112)
(28, 120)
(28, 122)
(29, 149)
(29, 176)
(29, 227)
(29, 147)
(29, 48)
(29, 40)
(29, 137)
(29, 139)
(29, 96)
(29, 47)
(29, 208)
(29, 178)
(29, 163)
(29, 213)
(29, 183)
(29, 153)
(29, 117)
(29, 189)
(29, 39)
(29, 191)
(30, 141)
(30, 150)
(30, 155)
(30, 37)
(30, 170)
(30, 43)
(30, 185)
(30, 186)
(30, 192)
(30, 207)
(30, 80)
(30, 142)
(30, 88)
(30, 98)
(30, 238)
(30, 239)
(30, 242)
(31, 129)
(31, 138)
(31, 145)
(31, 157)
(31, 158)
(31, 33)
(31, 162)
(31, 36)
(31, 37)
(31, 170)
(31, 194)
(31, 67)
(31, 214)
(31, 92)
(31, 231)
(31, 106)
(31, 242)
(31, 118)
(32, 65)
(32, 130)
(32, 35)
(32, 66)
(32, 229)
(32, 230)
(32, 199)
(32, 168)
(32, 38)
(32, 204)
(32, 114)
(32, 48)
(32, 72)
(32, 210)
(32, 243)
(32, 181)
(32, 247)
(32, 57)
(32, 187)
(32, 159)
(33, 129)
(33, 138)
(33, 145)
(33, 146)
(33, 157)
(33, 158)
(33, 162)
(33, 36)
(33, 59)
(33, 60)
(33, 190)
(33, 193)
(33, 67)
(33, 73)
(33, 92)
(33, 231)
(33, 106)
(33, 241)
(33, 118)
(33, 126)
(34, 128)
(34, 131)
(34, 134)
(34, 144)
(34, 148)
(34, 165)
(34, 169)
(34, 44)
(34, 45)
(34, 174)
(34, 53)
(34, 55)
(34, 56)
(34, 190)
(34, 197)
(34, 200)
(34, 75)
(34, 76)
(34, 209)
(34, 215)
(34, 216)
(34, 90)
(34, 223)
(34, 81)
(34, 233)
(34, 236)
(34, 110)
(34, 240)
(34, 41)
(34, 248)
(34, 123)
(35, 64)
(35, 97)
(35, 100)
(35, 104)
(35, 203)
(35, 204)
(35, 205)
(35, 114)
(35, 243)
(35, 247)
(35, 57)
(35, 93)
(36, 129)
(36, 162)
(36, 67)
(36, 118)
(36, 231)
(36, 170)
(36, 138)
(36, 145)
(36, 106)
(36, 214)
(36, 92)
(36, 157)
(36, 158)
(36, 37)
(37, 129)
(37, 150)
(37, 155)
(37, 158)
(37, 162)
(37, 170)
(37, 194)
(37, 67)
(37, 118)
(37, 80)
(37, 214)
(37, 88)
(37, 92)
(37, 94)
(37, 106)
(37, 242)
(37, 246)
(38, 130)
(38, 139)
(38, 109)
(38, 159)
(38, 160)
(38, 168)
(38, 172)
(38, 48)
(38, 49)
(38, 50)
(38, 181)
(38, 57)
(38, 187)
(38, 65)
(38, 66)
(38, 195)
(38, 196)
(38, 199)
(38, 72)
(38, 210)
(38, 87)
(38, 224)
(38, 227)
(38, 228)
(38, 229)
(38, 230)
(38, 237)
(38, 40)
(38, 114)
(38, 243)
(38, 116)
(39, 140)
(39, 149)
(39, 153)
(39, 175)
(39, 163)
(39, 46)
(39, 47)
(39, 176)
(39, 179)
(39, 183)
(39, 189)
(39, 191)
(39, 69)
(39, 206)
(39, 208)
(39, 213)
(39, 91)
(39, 96)
(39, 103)
(39, 234)
(39, 245)
(39, 122)
(40, 139)
(40, 149)
(40, 159)
(40, 172)
(40, 48)
(40, 49)
(40, 178)
(40, 181)
(40, 187)
(40, 65)
(40, 196)
(40, 199)
(40, 72)
(40, 87)
(40, 222)
(40, 101)
(40, 224)
(40, 227)
(40, 229)
(40, 230)
(40, 237)
(40, 116)
(41, 128)
(41, 131)
(41, 134)
(41, 144)
(41, 148)
(41, 90)
(41, 165)
(41, 169)
(41, 45)
(41, 174)
(41, 52)
(41, 53)
(41, 55)
(41, 56)
(41, 197)
(41, 200)
(41, 76)
(41, 81)
(41, 211)
(41, 215)
(41, 216)
(41, 218)
(41, 223)
(41, 233)
(41, 236)
(41, 110)
(41, 240)
(41, 244)
(41, 248)
(41, 123)
(41, 125)
(42, 136)
(42, 151)
(42, 160)
(42, 166)
(42, 167)
(42, 172)
(42, 45)
(42, 49)
(42, 50)
(42, 61)
(42, 195)
(42, 196)
(42, 197)
(42, 198)
(42, 75)
(42, 79)
(42, 209)
(42, 210)
(42, 87)
(42, 222)
(42, 224)
(42, 99)
(42, 228)
(42, 101)
(42, 81)
(42, 82)
(42, 113)
(42, 116)
(42, 120)
(42, 121)
(43, 192)
(43, 98)
(43, 164)
(43, 108)
(43, 141)
(43, 142)
(43, 207)
(43, 185)
(43, 249)
(43, 186)
(43, 239)
(43, 156)
(43, 154)
(44, 128)
(44, 134)
(44, 60)
(44, 146)
(44, 148)
(44, 161)
(44, 169)
(44, 53)
(44, 188)
(44, 193)
(44, 70)
(44, 200)
(44, 73)
(44, 212)
(44, 215)
(44, 89)
(44, 90)
(44, 219)
(44, 223)
(44, 225)
(44, 102)
(44, 233)
(44, 107)
(44, 236)
(44, 111)
(44, 240)
(44, 244)
(44, 119)
(44, 124)
(44, 127)
(45, 128)
(45, 131)
(45, 136)
(45, 144)
(45, 56)
(45, 160)
(45, 165)
(45, 166)
(45, 174)
(45, 180)
(45, 184)
(45, 52)
(45, 197)
(45, 74)
(45, 75)
(45, 76)
(45, 209)
(45, 211)
(45, 217)
(45, 228)
(45, 81)
(45, 233)
(45, 235)
(45, 110)
(45, 113)
(45, 248)
(46, 51)
(46, 135)
(46, 173)
(46, 175)
(46, 177)
(46, 178)
(46, 179)
(46, 182)
(46, 183)
(46, 58)
(46, 189)
(46, 62)
(46, 63)
(46, 54)
(46, 201)
(46, 77)
(46, 78)
(46, 84)
(46, 86)
(46, 91)
(46, 220)
(46, 95)
(46, 96)
(46, 234)
(46, 112)
(46, 115)
(46, 120)
(46, 122)
(47, 149)
(47, 176)
(47, 163)
(47, 69)
(47, 232)
(47, 171)
(47, 140)
(47, 206)
(47, 143)
(47, 208)
(47, 147)
(47, 213)
(47, 183)
(47, 153)
(47, 117)
(47, 191)
(48, 133)
(48, 65)
(48, 227)
(48, 132)
(48, 229)
(48, 230)
(48, 199)
(48, 168)
(48, 137)
(48, 139)
(48, 237)
(48, 72)
(48, 181)
(48, 159)
(49, 136)
(49, 151)
(49, 166)
(49, 167)
(49, 172)
(49, 50)
(49, 178)
(49, 187)
(49, 61)
(49, 65)
(49, 195)
(49, 196)
(49, 72)
(49, 210)
(49, 99)
(49, 84)
(49, 87)
(49, 220)
(49, 222)
(49, 224)
(49, 227)
(49, 228)
(49, 101)
(49, 82)
(49, 113)
(49, 116)
(49, 120)
(49, 121)
(50, 130)
(50, 136)
(50, 160)
(50, 82)
(50, 166)
(50, 172)
(50, 184)
(50, 187)
(50, 65)
(50, 66)
(50, 195)
(50, 196)
(50, 72)
(50, 74)
(50, 210)
(50, 87)
(50, 222)
(50, 101)
(50, 224)
(50, 99)
(50, 228)
(50, 229)
(50, 109)
(50, 113)
(50, 116)
(51, 154)
(51, 167)
(51, 173)
(51, 175)
(51, 177)
(51, 54)
(51, 185)
(51, 61)
(51, 62)
(51, 63)
(51, 194)
(51, 67)
(51, 68)
(51, 201)
(51, 77)
(51, 78)
(51, 79)
(51, 83)
(51, 84)
(51, 86)
(51, 220)
(51, 221)
(51, 94)
(51, 95)
(51, 105)
(51, 106)
(51, 238)
(51, 241)
(51, 242)
(51, 115)
(51, 246)
(51, 120)
(52, 197)
(52, 81)
(52, 202)
(52, 235)
(52, 144)
(52, 184)
(52, 211)
(52, 180)
(52, 85)
(52, 56)
(52, 216)
(52, 217)
(52, 152)
(52, 125)
(52, 165)
(53, 128)
(53, 134)
(53, 144)
(53, 146)
(53, 148)
(53, 90)
(53, 161)
(53, 169)
(53, 55)
(53, 60)
(53, 193)
(53, 200)
(53, 212)
(53, 215)
(53, 216)
(53, 89)
(53, 218)
(53, 219)
(53, 223)
(53, 225)
(53, 102)
(53, 233)
(53, 107)
(53, 236)
(53, 110)
(53, 240)
(53, 244)
(53, 123)
(53, 124)
(53, 127)
(54, 135)
(54, 154)
(54, 173)
(54, 175)
(54, 177)
(54, 178)
(54, 179)
(54, 182)
(54, 189)
(54, 62)
(54, 63)
(54, 68)
(54, 201)
(54, 77)
(54, 78)
(54, 84)
(54, 86)
(54, 91)
(54, 220)
(54, 221)
(54, 95)
(54, 96)
(54, 105)
(54, 234)
(54, 238)
(54, 61)
(54, 112)
(54, 115)
(54, 246)
(54, 120)
(54, 122)
(55, 128)
(55, 134)
(55, 144)
(55, 148)
(55, 218)
(55, 165)
(55, 169)
(55, 56)
(55, 200)
(55, 211)
(55, 215)
(55, 216)
(55, 90)
(55, 233)
(55, 236)
(55, 110)
(55, 240)
(55, 244)
(55, 123)
(55, 124)
(55, 125)
(56, 128)
(56, 134)
(56, 144)
(56, 148)
(56, 218)
(56, 165)
(56, 169)
(56, 180)
(56, 197)
(56, 202)
(56, 76)
(56, 81)
(56, 211)
(56, 216)
(56, 90)
(56, 233)
(56, 235)
(56, 110)
(56, 240)
(56, 248)
(56, 123)
(56, 125)
(57, 229)
(57, 230)
(57, 199)
(57, 168)
(57, 204)
(57, 72)
(57, 114)
(57, 243)
(57, 181)
(57, 247)
(57, 159)
(58, 135)
(58, 154)
(58, 156)
(58, 164)
(58, 173)
(58, 175)
(58, 179)
(58, 182)
(58, 62)
(58, 63)
(58, 71)
(58, 77)
(58, 86)
(58, 91)
(58, 221)
(58, 226)
(58, 103)
(58, 105)
(58, 234)
(58, 108)
(58, 112)
(58, 115)
(58, 245)
(58, 249)
(58, 122)
(59, 225)
(59, 107)
(59, 193)
(59, 73)
(59, 138)
(59, 231)
(59, 60)
(59, 111)
(59, 145)
(59, 146)
(59, 119)
(59, 219)
(59, 92)
(59, 157)
(60, 138)
(60, 146)
(60, 188)
(60, 193)
(60, 70)
(60, 200)
(60, 73)
(60, 212)
(60, 215)
(60, 89)
(60, 219)
(60, 225)
(60, 102)
(60, 107)
(60, 236)
(60, 111)
(60, 119)
(61, 136)
(61, 151)
(61, 68)
(61, 167)
(61, 172)
(61, 177)
(61, 222)
(61, 194)
(61, 196)
(61, 198)
(61, 201)
(61, 75)
(61, 78)
(61, 79)
(61, 209)
(61, 82)
(61, 83)
(61, 84)
(61, 87)
(61, 220)
(61, 94)
(61, 95)
(61, 99)
(61, 101)
(61, 241)
(61, 246)
(61, 120)
(61, 121)
(62, 135)
(62, 154)
(62, 155)
(62, 164)
(62, 173)
(62, 175)
(62, 177)
(62, 182)
(62, 185)
(62, 63)
(62, 68)
(62, 201)
(62, 77)
(62, 78)
(62, 86)
(62, 220)
(62, 221)
(62, 94)
(62, 95)
(62, 226)
(62, 105)
(62, 234)
(62, 238)
(62, 112)
(62, 242)
(62, 115)
(62, 246)
(62, 249)
(62, 122)
(63, 135)
(63, 154)
(63, 164)
(63, 173)
(63, 175)
(63, 177)
(63, 182)
(63, 185)
(63, 68)
(63, 71)
(63, 201)
(63, 77)
(63, 78)
(63, 86)
(63, 91)
(63, 221)
(63, 95)
(63, 226)
(63, 105)
(63, 234)
(63, 108)
(63, 238)
(63, 112)
(63, 242)
(63, 115)
(63, 246)
(63, 249)
(63, 122)
(64, 97)
(64, 100)
(64, 104)
(64, 203)
(64, 205)
(64, 85)
(64, 93)
(65, 130)
(65, 139)
(65, 159)
(65, 172)
(65, 178)
(65, 181)
(65, 187)
(65, 195)
(65, 196)
(65, 199)
(65, 72)
(65, 82)
(65, 87)
(65, 222)
(65, 101)
(65, 224)
(65, 227)
(65, 229)
(65, 230)
(65, 210)
(65, 113)
(65, 114)
(65, 116)
(66, 130)
(66, 160)
(66, 166)
(66, 180)
(66, 184)
(66, 187)
(66, 100)
(66, 195)
(66, 72)
(66, 74)
(66, 210)
(66, 217)
(66, 93)
(66, 224)
(66, 228)
(66, 229)
(66, 235)
(66, 109)
(66, 113)
(66, 114)
(67, 129)
(67, 138)
(67, 145)
(67, 157)
(67, 158)
(67, 162)
(67, 167)
(67, 170)
(67, 177)
(67, 190)
(67, 194)
(67, 68)
(67, 246)
(67, 198)
(67, 79)
(67, 83)
(67, 92)
(67, 94)
(67, 231)
(67, 106)
(67, 241)
(67, 242)
(67, 118)
(67, 126)
(68, 155)
(68, 158)
(68, 162)
(68, 167)
(68, 170)
(68, 173)
(68, 177)
(68, 185)
(68, 194)
(68, 198)
(68, 201)
(68, 77)
(68, 78)
(68, 79)
(68, 83)
(68, 84)
(68, 86)
(68, 220)
(68, 221)
(68, 94)
(68, 95)
(68, 105)
(68, 106)
(68, 238)
(68, 241)
(68, 242)
(68, 115)
(68, 246)
(68, 120)
(69, 176)
(69, 163)
(69, 232)
(69, 171)
(69, 140)
(69, 206)
(69, 143)
(69, 208)
(69, 147)
(69, 213)
(69, 183)
(69, 191)
(70, 225)
(70, 102)
(70, 161)
(70, 124)
(70, 107)
(70, 111)
(70, 212)
(70, 119)
(70, 89)
(70, 219)
(70, 188)
(70, 127)
(71, 135)
(71, 140)
(71, 154)
(71, 164)
(71, 173)
(71, 175)
(71, 179)
(71, 182)
(71, 77)
(71, 91)
(71, 221)
(71, 226)
(71, 103)
(71, 105)
(71, 234)
(71, 108)
(71, 112)
(71, 115)
(71, 245)
(71, 249)
(71, 122)
(72, 130)
(72, 159)
(72, 160)
(72, 166)
(72, 172)
(72, 181)
(72, 187)
(72, 195)
(72, 196)
(72, 199)
(72, 74)
(72, 210)
(72, 87)
(72, 224)
(72, 228)
(72, 229)
(72, 230)
(72, 109)
(72, 113)
(72, 114)
(72, 243)
(72, 116)
(73, 131)
(73, 138)
(73, 145)
(73, 146)
(73, 157)
(73, 162)
(73, 174)
(73, 190)
(73, 193)
(73, 200)
(73, 76)
(73, 215)
(73, 92)
(73, 223)
(73, 225)
(73, 231)
(73, 107)
(73, 236)
(73, 126)
(74, 130)
(74, 160)
(74, 166)
(74, 180)
(74, 184)
(74, 187)
(74, 100)
(74, 195)
(74, 210)
(74, 217)
(74, 93)
(74, 224)
(74, 228)
(74, 229)
(74, 235)
(74, 109)
(74, 113)
(75, 131)
(75, 136)
(75, 151)
(75, 166)
(75, 167)
(75, 174)
(75, 190)
(75, 197)
(75, 198)
(75, 241)
(75, 76)
(75, 79)
(75, 209)
(75, 82)
(75, 83)
(75, 223)
(75, 99)
(75, 81)
(75, 233)
(75, 110)
(75, 113)
(75, 248)
(75, 121)
(75, 126)
(76, 128)
(76, 131)
(76, 144)
(76, 145)
(76, 169)
(76, 174)
(76, 190)
(76, 197)
(76, 198)
(76, 200)
(76, 209)
(76, 215)
(76, 223)
(76, 81)
(76, 233)
(76, 236)
(76, 110)
(76, 248)
(76, 121)
(76, 126)
(77, 135)
(77, 154)
(77, 164)
(77, 173)
(77, 175)
(77, 177)
(77, 179)
(77, 182)
(77, 185)
(77, 201)
(77, 78)
(77, 84)
(77, 86)
(77, 91)
(77, 220)
(77, 221)
(77, 95)
(77, 226)
(77, 105)
(77, 234)
(77, 108)
(77, 238)
(77, 112)
(77, 242)
(77, 115)
(77, 246)
(77, 249)
(77, 122)
(78, 135)
(78, 167)
(78, 173)
(78, 175)
(78, 177)
(78, 178)
(78, 179)
(78, 189)
(78, 201)
(78, 79)
(78, 83)
(78, 84)
(78, 86)
(78, 91)
(78, 220)
(78, 94)
(78, 95)
(78, 99)
(78, 101)
(78, 105)
(78, 234)
(78, 238)
(78, 112)
(78, 115)
(78, 246)
(78, 120)
(78, 122)
(79, 136)
(79, 145)
(79, 151)
(79, 157)
(79, 158)
(79, 162)
(79, 167)
(79, 177)
(79, 190)
(79, 194)
(79, 198)
(79, 209)
(79, 82)
(79, 83)
(79, 220)
(79, 94)
(79, 99)
(79, 106)
(79, 241)
(79, 246)
(79, 120)
(79, 121)
(79, 126)
(80, 192)
(80, 98)
(80, 150)
(80, 170)
(80, 239)
(80, 141)
(80, 207)
(80, 214)
(80, 88)
(80, 155)
(81, 128)
(81, 131)
(81, 144)
(81, 165)
(81, 169)
(81, 174)
(81, 180)
(81, 184)
(81, 197)
(81, 209)
(81, 211)
(81, 216)
(81, 223)
(81, 233)
(81, 235)
(81, 110)
(81, 240)
(81, 248)
(82, 136)
(82, 151)
(82, 166)
(82, 167)
(82, 172)
(82, 178)
(82, 187)
(82, 195)
(82, 196)
(82, 198)
(82, 210)
(82, 84)
(82, 87)
(82, 220)
(82, 222)
(82, 224)
(82, 99)
(82, 228)
(82, 101)
(82, 113)
(82, 116)
(82, 120)
(82, 121)
(83, 145)
(83, 151)
(83, 157)
(83, 158)
(83, 162)
(83, 167)
(83, 177)
(83, 194)
(83, 246)
(83, 198)
(83, 209)
(83, 220)
(83, 94)
(83, 95)
(83, 99)
(83, 106)
(83, 241)
(83, 242)
(83, 118)
(83, 120)
(83, 121)
(83, 126)
(84, 167)
(84, 172)
(84, 175)
(84, 177)
(84, 178)
(84, 179)
(84, 189)
(84, 196)
(84, 201)
(84, 99)
(84, 86)
(84, 87)
(84, 91)
(84, 220)
(84, 222)
(84, 95)
(84, 96)
(84, 227)
(84, 101)
(84, 112)
(84, 116)
(84, 120)
(84, 122)
(85, 97)
(85, 100)
(85, 202)
(85, 203)
(85, 205)
(85, 93)
(85, 211)
(85, 152)
(85, 217)
(85, 125)
(86, 135)
(86, 154)
(86, 164)
(86, 173)
(86, 175)
(86, 177)
(86, 182)
(86, 185)
(86, 201)
(86, 91)
(86, 220)
(86, 221)
(86, 94)
(86, 95)
(86, 226)
(86, 105)
(86, 234)
(86, 238)
(86, 112)
(86, 242)
(86, 115)
(86, 246)
(86, 120)
(86, 249)
(86, 122)
(87, 136)
(87, 139)
(87, 166)
(87, 172)
(87, 178)
(87, 187)
(87, 189)
(87, 195)
(87, 196)
(87, 210)
(87, 99)
(87, 220)
(87, 222)
(87, 224)
(87, 227)
(87, 101)
(87, 113)
(87, 116)
(87, 120)
(88, 129)
(88, 98)
(88, 155)
(88, 150)
(88, 170)
(88, 141)
(88, 207)
(88, 242)
(88, 214)
(88, 185)
(88, 239)
(89, 134)
(89, 146)
(89, 148)
(89, 161)
(89, 188)
(89, 200)
(89, 212)
(89, 219)
(89, 225)
(89, 102)
(89, 107)
(89, 111)
(89, 244)
(89, 119)
(89, 124)
(89, 127)
(90, 128)
(90, 134)
(90, 144)
(90, 148)
(90, 165)
(90, 200)
(90, 215)
(90, 216)
(90, 218)
(90, 233)
(90, 236)
(90, 110)
(90, 240)
(90, 244)
(90, 169)
(90, 123)
(90, 124)
(90, 127)
(91, 135)
(91, 140)
(91, 173)
(91, 175)
(91, 178)
(91, 179)
(91, 182)
(91, 183)
(91, 189)
(91, 201)
(91, 221)
(91, 95)
(91, 96)
(91, 226)
(91, 103)
(91, 105)
(91, 234)
(91, 112)
(91, 115)
(91, 245)
(91, 122)
(92, 129)
(92, 138)
(92, 145)
(92, 157)
(92, 158)
(92, 162)
(92, 190)
(92, 194)
(92, 231)
(92, 106)
(92, 241)
(92, 118)
(92, 126)
(93, 160)
(93, 100)
(93, 130)
(93, 228)
(93, 97)
(93, 235)
(93, 204)
(93, 205)
(93, 109)
(93, 152)
(93, 180)
(93, 184)
(93, 217)
(94, 145)
(94, 151)
(94, 157)
(94, 158)
(94, 162)
(94, 167)
(94, 170)
(94, 177)
(94, 194)
(94, 246)
(94, 198)
(94, 220)
(94, 95)
(94, 106)
(94, 238)
(94, 241)
(94, 242)
(94, 118)
(94, 120)
(94, 121)
(94, 126)
(95, 135)
(95, 154)
(95, 164)
(95, 173)
(95, 175)
(95, 177)
(95, 185)
(95, 194)
(95, 201)
(95, 220)
(95, 221)
(95, 105)
(95, 238)
(95, 112)
(95, 242)
(95, 115)
(95, 246)
(95, 120)
(95, 249)
(95, 122)
(96, 135)
(96, 140)
(96, 149)
(96, 153)
(96, 163)
(96, 175)
(96, 176)
(96, 178)
(96, 179)
(96, 182)
(96, 183)
(96, 189)
(96, 191)
(96, 201)
(96, 208)
(96, 227)
(96, 103)
(96, 234)
(96, 112)
(96, 245)
(96, 122)
(97, 100)
(97, 104)
(97, 203)
(97, 204)
(97, 205)
(97, 247)
(98, 141)
(98, 142)
(98, 150)
(98, 154)
(98, 155)
(98, 156)
(98, 164)
(98, 185)
(98, 186)
(98, 192)
(98, 207)
(98, 221)
(98, 105)
(98, 238)
(98, 239)
(98, 249)
(99, 136)
(99, 151)
(99, 166)
(99, 167)
(99, 172)
(99, 177)
(99, 178)
(99, 195)
(99, 196)
(99, 198)
(99, 209)
(99, 220)
(99, 222)
(99, 224)
(99, 101)
(99, 113)
(99, 116)
(99, 120)
(99, 121)
(100, 160)
(100, 203)
(100, 104)
(100, 235)
(100, 205)
(100, 109)
(100, 152)
(100, 184)
(100, 217)
(101, 136)
(101, 139)
(101, 151)
(101, 166)
(101, 167)
(101, 172)
(101, 178)
(101, 187)
(101, 195)
(101, 196)
(101, 210)
(101, 220)
(101, 222)
(101, 224)
(101, 227)
(101, 113)
(101, 116)
(101, 120)
(101, 121)
(102, 146)
(102, 148)
(102, 161)
(102, 193)
(102, 200)
(102, 212)
(102, 215)
(102, 219)
(102, 225)
(102, 188)
(102, 107)
(102, 236)
(102, 111)
(102, 119)
(102, 124)
(102, 127)
(103, 226)
(103, 135)
(103, 108)
(103, 234)
(103, 140)
(103, 112)
(103, 179)
(103, 245)
(103, 182)
(103, 122)
(104, 203)
(104, 204)
(104, 205)
(105, 135)
(105, 154)
(105, 156)
(105, 164)
(105, 173)
(105, 175)
(105, 182)
(105, 185)
(105, 201)
(105, 221)
(105, 226)
(105, 234)
(105, 108)
(105, 238)
(105, 112)
(105, 115)
(105, 246)
(105, 249)
(106, 129)
(106, 145)
(106, 150)
(106, 155)
(106, 157)
(106, 158)
(106, 162)
(106, 170)
(106, 177)
(106, 194)
(106, 246)
(106, 231)
(106, 241)
(106, 242)
(106, 118)
(107, 146)
(107, 161)
(107, 193)
(107, 200)
(107, 212)
(107, 215)
(107, 219)
(107, 225)
(107, 188)
(107, 236)
(107, 111)
(107, 119)
(108, 135)
(108, 154)
(108, 156)
(108, 164)
(108, 173)
(108, 221)
(108, 182)
(108, 186)
(108, 226)
(108, 234)
(108, 112)
(108, 115)
(108, 245)
(108, 249)
(109, 130)
(109, 160)
(109, 166)
(109, 180)
(109, 184)
(109, 187)
(109, 195)
(109, 210)
(109, 217)
(109, 224)
(109, 228)
(109, 229)
(109, 235)
(109, 113)
(109, 114)
(110, 128)
(110, 131)
(110, 144)
(110, 148)
(110, 165)
(110, 169)
(110, 174)
(110, 190)
(110, 197)
(110, 200)
(110, 209)
(110, 215)
(110, 216)
(110, 223)
(110, 233)
(110, 236)
(110, 240)
(110, 248)
(110, 126)
(111, 225)
(111, 161)
(111, 124)
(111, 193)
(111, 146)
(111, 212)
(111, 119)
(111, 219)
(111, 188)
(112, 135)
(112, 154)
(112, 164)
(112, 173)
(112, 175)
(112, 179)
(112, 189)
(112, 182)
(112, 201)
(112, 221)
(112, 226)
(112, 234)
(112, 238)
(112, 115)
(112, 245)
(112, 249)
(112, 122)
(113, 130)
(113, 136)
(113, 151)
(113, 160)
(113, 166)
(113, 172)
(113, 180)
(113, 184)
(113, 187)
(113, 195)
(113, 196)
(113, 210)
(113, 222)
(113, 224)
(113, 228)
(113, 229)
(113, 235)
(113, 116)
(113, 121)
(114, 130)
(114, 229)
(114, 230)
(114, 199)
(114, 168)
(114, 204)
(114, 210)
(114, 243)
(114, 181)
(114, 247)
(114, 187)
(114, 159)
(115, 179)
(115, 135)
(115, 154)
(115, 156)
(115, 164)
(115, 173)
(115, 175)
(115, 182)
(115, 185)
(115, 201)
(115, 221)
(115, 226)
(115, 234)
(115, 238)
(115, 246)
(115, 249)
(115, 122)
(116, 130)
(116, 136)
(116, 139)
(116, 166)
(116, 172)
(116, 178)
(116, 187)
(116, 195)
(116, 196)
(116, 210)
(116, 222)
(116, 224)
(116, 227)
(116, 228)
(116, 229)
(117, 176)
(117, 163)
(117, 133)
(117, 232)
(117, 137)
(117, 171)
(117, 206)
(117, 143)
(117, 208)
(117, 147)
(117, 213)
(117, 153)
(117, 149)
(118, 129)
(118, 138)
(118, 145)
(118, 157)
(118, 158)
(118, 162)
(118, 170)
(118, 194)
(118, 214)
(118, 231)
(118, 241)
(118, 242)
(118, 246)
(118, 126)
(119, 225)
(119, 161)
(119, 193)
(119, 146)
(119, 212)
(119, 219)
(119, 188)
(120, 136)
(120, 151)
(120, 167)
(120, 172)
(120, 175)
(120, 177)
(120, 178)
(120, 196)
(120, 198)
(120, 201)
(120, 220)
(120, 222)
(120, 241)
(120, 246)
(120, 121)
(121, 131)
(121, 136)
(121, 151)
(121, 166)
(121, 167)
(121, 172)
(121, 174)
(121, 177)
(121, 190)
(121, 195)
(121, 198)
(121, 209)
(121, 220)
(121, 222)
(121, 241)
(121, 126)
(122, 135)
(122, 140)
(122, 173)
(122, 175)
(122, 178)
(122, 179)
(122, 183)
(122, 189)
(122, 182)
(122, 201)
(122, 226)
(122, 234)
(122, 245)
(123, 128)
(123, 134)
(123, 144)
(123, 148)
(123, 218)
(123, 165)
(123, 216)
(123, 233)
(123, 240)
(123, 244)
(123, 169)
(123, 124)
(123, 125)
(123, 127)
(124, 134)
(124, 148)
(124, 161)
(124, 169)
(124, 188)
(124, 200)
(124, 212)
(124, 215)
(124, 218)
(124, 219)
(124, 225)
(124, 236)
(124, 240)
(124, 244)
(124, 127)
(125, 165)
(125, 202)
(125, 235)
(125, 144)
(125, 152)
(125, 211)
(125, 180)
(125, 216)
(125, 217)
(125, 218)
(126, 131)
(126, 138)
(126, 145)
(126, 151)
(126, 157)
(126, 158)
(126, 162)
(126, 167)
(126, 174)
(126, 190)
(126, 194)
(126, 198)
(126, 209)
(126, 223)
(126, 231)
(126, 241)
(127, 134)
(127, 148)
(127, 161)
(127, 169)
(127, 188)
(127, 200)
(127, 212)
(127, 218)
(127, 219)
(127, 225)
(127, 236)
(127, 240)
(127, 244)
(128, 131)
(128, 134)
(128, 144)
(128, 148)
(128, 165)
(128, 169)
(128, 174)
(128, 190)
(128, 197)
(128, 200)
(128, 215)
(128, 216)
(128, 218)
(128, 223)
(128, 225)
(128, 233)
(128, 236)
(128, 240)
(128, 244)
(128, 248)
(129, 150)
(129, 155)
(129, 157)
(129, 158)
(129, 162)
(129, 170)
(129, 194)
(129, 214)
(129, 231)
(129, 242)
(130, 160)
(130, 166)
(130, 172)
(130, 184)
(130, 187)
(130, 195)
(130, 196)
(130, 199)
(130, 210)
(130, 224)
(130, 228)
(130, 229)
(130, 243)
(131, 138)
(131, 144)
(131, 145)
(131, 146)
(131, 157)
(131, 174)
(131, 190)
(131, 197)
(131, 198)
(131, 200)
(131, 209)
(131, 215)
(131, 223)
(131, 233)
(131, 236)
(131, 241)
(131, 169)
(131, 248)
(132, 133)
(132, 230)
(132, 199)
(132, 168)
(132, 137)
(132, 237)
(132, 181)
(132, 159)
(133, 230)
(133, 168)
(133, 137)
(133, 139)
(133, 237)
(133, 181)
(133, 159)
(134, 144)
(134, 148)
(134, 200)
(134, 215)
(134, 216)
(134, 218)
(134, 225)
(134, 233)
(134, 236)
(134, 240)
(134, 244)
(134, 169)
(135, 140)
(135, 154)
(135, 164)
(135, 173)
(135, 175)
(135, 179)
(135, 189)
(135, 182)
(135, 201)
(135, 221)
(135, 226)
(135, 234)
(135, 238)
(135, 245)
(135, 249)
(136, 151)
(136, 166)
(136, 167)
(136, 172)
(136, 195)
(136, 196)
(136, 198)
(136, 209)
(136, 210)
(136, 220)
(136, 222)
(136, 224)
(136, 228)
(137, 139)
(137, 168)
(137, 171)
(137, 237)
(137, 208)
(137, 147)
(137, 149)
(137, 153)
(137, 159)
(138, 145)
(138, 157)
(138, 158)
(138, 162)
(138, 174)
(138, 190)
(138, 193)
(138, 223)
(138, 231)
(138, 146)
(138, 241)
(139, 149)
(139, 153)
(139, 159)
(139, 178)
(139, 181)
(139, 183)
(139, 189)
(139, 196)
(139, 208)
(139, 227)
(139, 230)
(139, 237)
(140, 149)
(140, 163)
(140, 176)
(140, 179)
(140, 182)
(140, 183)
(140, 189)
(140, 191)
(140, 206)
(140, 208)
(140, 213)
(140, 234)
(140, 245)
(141, 192)
(141, 155)
(141, 142)
(141, 207)
(141, 150)
(141, 185)
(141, 186)
(141, 239)
(141, 156)
(142, 192)
(142, 164)
(142, 207)
(142, 185)
(142, 249)
(142, 186)
(142, 239)
(142, 156)
(143, 176)
(143, 163)
(143, 232)
(143, 171)
(143, 206)
(143, 208)
(143, 147)
(143, 213)
(143, 191)
(144, 148)
(144, 165)
(144, 174)
(144, 197)
(144, 200)
(144, 211)
(144, 215)
(144, 216)
(144, 218)
(144, 223)
(144, 233)
(144, 236)
(144, 240)
(144, 244)
(144, 169)
(144, 248)
(145, 146)
(145, 157)
(145, 158)
(145, 162)
(145, 174)
(145, 190)
(145, 193)
(145, 194)
(145, 209)
(145, 223)
(145, 231)
(145, 241)
(146, 148)
(146, 190)
(146, 193)
(146, 200)
(146, 215)
(146, 219)
(146, 223)
(146, 225)
(146, 188)
(146, 236)
(147, 149)
(147, 176)
(147, 163)
(147, 232)
(147, 171)
(147, 206)
(147, 208)
(147, 213)
(147, 183)
(147, 153)
(147, 191)
(148, 200)
(148, 215)
(148, 216)
(148, 218)
(148, 223)
(148, 225)
(148, 233)
(148, 236)
(148, 240)
(148, 244)
(148, 169)
(148, 248)
(149, 153)
(149, 163)
(149, 176)
(149, 178)
(149, 183)
(149, 189)
(149, 191)
(149, 206)
(149, 208)
(149, 213)
(149, 227)
(150, 155)
(150, 170)
(150, 185)
(150, 207)
(150, 214)
(150, 239)
(150, 242)
(151, 166)
(151, 167)
(151, 172)
(151, 174)
(151, 177)
(151, 190)
(151, 195)
(151, 196)
(151, 198)
(151, 209)
(151, 220)
(151, 222)
(151, 224)
(151, 241)
(152, 165)
(152, 202)
(152, 235)
(152, 205)
(152, 211)
(152, 180)
(152, 184)
(152, 217)
(153, 163)
(153, 171)
(153, 176)
(153, 178)
(153, 183)
(153, 189)
(153, 191)
(153, 206)
(153, 208)
(153, 213)
(153, 227)
(154, 156)
(154, 164)
(154, 173)
(154, 175)
(154, 185)
(154, 182)
(154, 201)
(154, 186)
(154, 226)
(154, 234)
(154, 238)
(154, 221)
(154, 249)
(155, 170)
(155, 185)
(155, 207)
(155, 214)
(155, 238)
(155, 239)
(155, 242)
(155, 246)
(156, 192)
(156, 226)
(156, 164)
(156, 173)
(156, 182)
(156, 185)
(156, 249)
(156, 186)
(156, 221)
(157, 158)
(157, 162)
(157, 174)
(157, 190)
(157, 194)
(157, 223)
(157, 231)
(157, 241)
(158, 162)
(158, 167)
(158, 170)
(158, 190)
(158, 194)
(158, 198)
(158, 231)
(158, 241)
(158, 242)
(158, 246)
(159, 229)
(159, 230)
(159, 199)
(159, 168)
(159, 237)
(159, 243)
(159, 181)
(160, 166)
(160, 172)
(160, 180)
(160, 184)
(160, 187)
(160, 195)
(160, 210)
(160, 217)
(160, 224)
(160, 228)
(160, 229)
(160, 235)
(161, 225)
(161, 200)
(161, 244)
(161, 212)
(161, 219)
(161, 188)
(162, 170)
(162, 190)
(162, 194)
(162, 231)
(162, 241)
(162, 242)
(162, 246)
(163, 171)
(163, 176)
(163, 183)
(163, 189)
(163, 191)
(163, 206)
(163, 208)
(163, 213)
(163, 232)
(164, 173)
(164, 221)
(164, 182)
(164, 185)
(164, 186)
(164, 226)
(164, 234)
(164, 238)
(164, 249)
(165, 184)
(165, 180)
(165, 197)
(165, 202)
(165, 211)
(165, 216)
(165, 217)
(165, 218)
(165, 233)
(165, 235)
(165, 240)
(165, 169)
(165, 248)
(166, 172)
(166, 180)
(166, 184)
(166, 187)
(166, 195)
(166, 196)
(166, 209)
(166, 210)
(166, 222)
(166, 224)
(166, 228)
(167, 177)
(167, 172)
(167, 194)
(167, 198)
(167, 209)
(167, 220)
(167, 222)
(167, 241)
(167, 246)
(168, 230)
(168, 199)
(168, 237)
(168, 243)
(168, 181)
(169, 197)
(169, 200)
(169, 215)
(169, 216)
(169, 218)
(169, 223)
(169, 225)
(169, 233)
(169, 236)
(169, 240)
(169, 244)
(169, 248)
(170, 185)
(170, 194)
(170, 214)
(170, 242)
(170, 246)
(171, 176)
(171, 232)
(171, 206)
(171, 208)
(171, 213)
(171, 191)
(172, 178)
(172, 187)
(172, 195)
(172, 196)
(172, 198)
(172, 210)
(172, 220)
(172, 222)
(172, 224)
(172, 228)
(173, 179)
(173, 175)
(173, 182)
(173, 185)
(173, 201)
(173, 221)
(173, 226)
(173, 234)
(173, 238)
(173, 246)
(173, 249)
(174, 190)
(174, 197)
(174, 198)
(174, 200)
(174, 209)
(174, 215)
(174, 223)
(174, 233)
(174, 236)
(174, 241)
(174, 248)
(175, 179)
(175, 177)
(175, 178)
(175, 189)
(175, 182)
(175, 201)
(175, 220)
(175, 221)
(175, 226)
(175, 234)
(175, 238)
(176, 232)
(176, 206)
(176, 208)
(176, 213)
(176, 183)
(176, 191)
(177, 194)
(177, 198)
(177, 201)
(177, 220)
(177, 238)
(177, 241)
(177, 242)
(177, 246)
(178, 183)
(178, 189)
(178, 196)
(178, 201)
(178, 220)
(178, 222)
(178, 227)
(179, 183)
(179, 189)
(179, 182)
(179, 201)
(179, 226)
(179, 234)
(179, 245)
(180, 184)
(180, 197)
(180, 202)
(180, 210)
(180, 211)
(180, 217)
(180, 228)
(180, 235)
(180, 248)
(181, 229)
(181, 230)
(181, 199)
(181, 237)
(181, 243)
(181, 187)
(182, 201)
(182, 221)
(182, 226)
(182, 234)
(182, 245)
(182, 249)
(183, 189)
(183, 191)
(183, 206)
(183, 208)
(183, 213)
(183, 227)
(184, 217)
(184, 195)
(184, 197)
(184, 202)
(184, 210)
(184, 211)
(184, 228)
(184, 235)
(185, 186)
(185, 207)
(185, 221)
(185, 238)
(185, 242)
(185, 246)
(185, 249)
(186, 192)
(186, 207)
(186, 249)
(186, 239)
(186, 221)
(187, 195)
(187, 196)
(187, 199)
(187, 210)
(187, 222)
(187, 224)
(187, 228)
(187, 229)
(187, 230)
(187, 243)
(188, 225)
(188, 193)
(188, 212)
(188, 219)
(189, 201)
(189, 208)
(189, 227)
(189, 234)
(190, 198)
(190, 200)
(190, 209)
(190, 215)
(190, 223)
(190, 231)
(190, 233)
(190, 236)
(190, 241)
(190, 248)
(191, 232)
(191, 206)
(191, 208)
(191, 245)
(191, 213)
(192, 207)
(192, 239)
(193, 200)
(193, 215)
(193, 219)
(193, 225)
(193, 231)
(193, 236)
(194, 198)
(194, 231)
(194, 241)
(194, 242)
(194, 246)
(195, 196)
(195, 210)
(195, 222)
(195, 224)
(195, 228)
(195, 229)
(196, 210)
(196, 220)
(196, 222)
(196, 224)
(196, 227)
(196, 228)
(197, 211)
(197, 216)
(197, 223)
(197, 209)
(197, 233)
(197, 235)
(197, 240)
(197, 248)
(198, 222)
(198, 209)
(198, 220)
(198, 241)
(199, 229)
(199, 230)
(199, 204)
(199, 237)
(199, 243)
(199, 247)
(200, 215)
(200, 219)
(200, 223)
(200, 225)
(200, 233)
(200, 236)
(200, 240)
(200, 244)
(200, 248)
(201, 220)
(201, 221)
(201, 234)
(201, 238)
(202, 235)
(202, 211)
(202, 216)
(202, 217)
(203, 205)
(204, 229)
(204, 243)
(204, 247)
(205, 217)
(206, 232)
(206, 208)
(206, 213)
(207, 239)
(208, 213)
(208, 227)
(208, 232)
(209, 223)
(209, 233)
(209, 241)
(209, 248)
(210, 222)
(210, 224)
(210, 228)
(210, 229)
(211, 235)
(211, 216)
(211, 217)
(212, 225)
(212, 219)
(213, 232)
(215, 223)
(215, 225)
(215, 233)
(215, 236)
(215, 240)
(215, 244)
(215, 248)
(216, 218)
(216, 233)
(216, 240)
(216, 244)
(217, 228)
(217, 235)
(218, 233)
(218, 240)
(218, 244)
(219, 225)
(220, 222)
(220, 241)
(220, 246)
(221, 226)
(221, 234)
(221, 238)
(221, 246)
(221, 249)
(222, 224)
(222, 227)
(222, 228)
(223, 225)
(223, 233)
(223, 236)
(223, 248)
(224, 228)
(224, 229)
(225, 236)
(225, 244)
(226, 234)
(226, 245)
(226, 249)
(228, 229)
(228, 235)
(229, 230)
(229, 243)
(229, 247)
(230, 237)
(230, 243)
(231, 241)
(233, 236)
(233, 240)
(233, 244)
(233, 248)
(234, 245)
(234, 249)
(236, 240)
(236, 244)
(236, 248)
(238, 242)
(238, 246)
(238, 249)
(240, 244)
(240, 248)
(241, 246)
(241, 242)
(242, 246)
(243, 247)
