#Nodes
0
1
2
3
4
5
6
7
8
9
10
11
12
13
14
15
16
17
18
19
20
21
22
23
24
25
26
27
28
29
30
31
32
33
34
35
36
37
38
39
40
41
42
43
44
45
46
47
48
49
50
51
52
53
54
55
56
57
58
59
60
61
62
63
64
65
66
67
68
69
70
71
72
73
74
75
76
77
78
79
80
81
82
83
84
85
86
87
88
89
90
91
92
93
94
95
96
97
98
99
100
101
102
103
104
105
106
107
108
109
110
111
112
113
114
115
116
117
118
119
120
121
122
123
124
125
126
127
128
129
130
131
132
133
134
135
136
137
138
139
140
141
142
143
144
145
146
147
148
149
150
151
152
153
154
155
156
157
158
159
160
161
162
163
164
165
166
167
168
169
170
171
172
173
174
175
176
177
178
179
180
181
182
183
184
185
186
187
188
189
190
191
192
193
194
195
196
197
198
199
200
201
202
203
204
205
206
207
208
209
210
211
212
213
214
215
216
217
218
219
220
221
222
223
224
225
226
227
228
229
230
231
232
233
234
235
236
237
238
239
240
241
242
243
244
245
246
247
248
249
#Edges
(0, 131)
(0, 138)
(0, 140)
(0, 15)
(0, 147)
(0, 21)
(0, 32)
(0, 166)
(0, 167)
(0, 40)
(0, 44)
(0, 48)
(0, 50)
(0, 209)
(0, 60)
(0, 67)
(0, 197)
(0, 75)
(0, 81)
(0, 213)
(0, 103)
(0, 236)
(0, 242)
(0, 117)
(0, 121)
(0, 124)
(0, 85)
(1, 107)
(1, 233)
(1, 42)
(1, 203)
(1, 76)
(1, 49)
(1, 19)
(1, 214)
(1, 201)
(1, 90)
(1, 247)
(1, 191)
(2, 133)
(2, 139)
(2, 14)
(2, 15)
(2, 146)
(2, 30)
(2, 32)
(2, 161)
(2, 162)
(2, 36)
(2, 165)
(2, 44)
(2, 47)
(2, 176)
(2, 182)
(2, 58)
(2, 70)
(2, 189)
(2, 193)
(2, 197)
(2, 198)
(2, 97)
(2, 86)
(2, 216)
(2, 89)
(2, 225)
(2, 101)
(2, 236)
(2, 237)
(2, 238)
(2, 61)
(2, 243)
(2, 245)
(2, 118)
(3, 27)
(3, 196)
(3, 37)
(3, 134)
(3, 135)
(3, 200)
(3, 105)
(3, 170)
(3, 206)
(3, 239)
(3, 92)
(3, 136)
(3, 178)
(3, 17)
(3, 142)
(3, 24)
(3, 72)
(3, 68)
(3, 187)
(3, 188)
(3, 223)
(4, 34)
(4, 35)
(4, 22)
(4, 137)
(4, 43)
(4, 108)
(4, 141)
(4, 115)
(4, 20)
(4, 41)
(4, 54)
(4, 55)
(4, 9)
(4, 59)
(4, 221)
(4, 5)
(5, 137)
(5, 139)
(5, 141)
(5, 20)
(5, 22)
(5, 156)
(5, 162)
(5, 35)
(5, 198)
(5, 41)
(5, 43)
(5, 44)
(5, 47)
(5, 50)
(5, 243)
(5, 54)
(5, 55)
(5, 59)
(5, 61)
(5, 193)
(5, 70)
(5, 28)
(5, 216)
(5, 221)
(5, 225)
(5, 234)
(5, 108)
(5, 237)
(5, 110)
(5, 242)
(5, 115)
(5, 245)
(5, 248)
(6, 10)
(6, 11)
(6, 12)
(6, 16)
(6, 145)
(6, 148)
(6, 26)
(6, 159)
(6, 169)
(6, 174)
(6, 52)
(6, 185)
(6, 31)
(6, 190)
(6, 65)
(6, 79)
(6, 80)
(6, 220)
(6, 99)
(6, 229)
(6, 104)
(6, 235)
(6, 109)
(6, 111)
(6, 114)
(6, 116)
(6, 120)
(6, 125)
(6, 127)
(7, 194)
(7, 227)
(7, 132)
(7, 69)
(7, 130)
(7, 199)
(7, 74)
(7, 231)
(7, 29)
(7, 173)
(7, 175)
(7, 208)
(7, 71)
(7, 212)
(7, 246)
(7, 45)
(7, 180)
(7, 154)
(7, 155)
(7, 93)
(7, 94)
(8, 107)
(8, 133)
(8, 12)
(8, 16)
(8, 18)
(8, 158)
(8, 31)
(8, 160)
(8, 161)
(8, 164)
(8, 39)
(8, 42)
(8, 185)
(8, 186)
(8, 189)
(8, 62)
(8, 192)
(8, 33)
(8, 73)
(8, 84)
(8, 86)
(8, 88)
(8, 36)
(8, 219)
(8, 228)
(8, 235)
(8, 238)
(8, 114)
(8, 116)
(8, 118)
(8, 120)
(8, 249)
(8, 125)
(9, 34)
(9, 35)
(9, 137)
(9, 43)
(9, 108)
(9, 141)
(9, 115)
(9, 20)
(9, 54)
(9, 41)
(9, 59)
(9, 221)
(10, 129)
(10, 12)
(10, 13)
(10, 145)
(10, 148)
(10, 149)
(10, 26)
(10, 31)
(10, 172)
(10, 179)
(10, 190)
(10, 64)
(10, 195)
(10, 79)
(10, 80)
(10, 83)
(10, 215)
(10, 220)
(10, 229)
(10, 232)
(10, 109)
(10, 241)
(10, 116)
(10, 120)
(10, 122)
(10, 125)
(11, 135)
(11, 148)
(11, 151)
(11, 159)
(11, 37)
(11, 65)
(11, 168)
(11, 169)
(11, 170)
(11, 174)
(11, 178)
(11, 52)
(11, 53)
(11, 190)
(11, 96)
(11, 202)
(11, 77)
(11, 82)
(11, 218)
(11, 220)
(11, 224)
(11, 226)
(11, 99)
(11, 100)
(11, 229)
(11, 104)
(11, 109)
(11, 111)
(11, 112)
(11, 121)
(11, 127)
(12, 145)
(12, 149)
(12, 150)
(12, 26)
(12, 158)
(12, 31)
(12, 33)
(12, 39)
(12, 172)
(12, 179)
(12, 190)
(12, 64)
(12, 195)
(12, 79)
(12, 83)
(12, 215)
(12, 88)
(12, 219)
(12, 232)
(12, 235)
(12, 116)
(12, 120)
(12, 249)
(12, 122)
(12, 125)
(13, 128)
(13, 129)
(13, 144)
(13, 145)
(13, 149)
(13, 151)
(13, 24)
(13, 168)
(13, 46)
(13, 179)
(13, 187)
(13, 63)
(13, 64)
(13, 195)
(13, 80)
(13, 215)
(13, 220)
(13, 98)
(13, 99)
(13, 229)
(13, 232)
(13, 239)
(13, 241)
(13, 126)
(14, 133)
(14, 18)
(14, 153)
(14, 160)
(14, 161)
(14, 36)
(14, 176)
(14, 51)
(14, 181)
(14, 182)
(14, 186)
(14, 189)
(14, 62)
(14, 97)
(14, 78)
(14, 211)
(14, 84)
(14, 86)
(14, 87)
(14, 91)
(14, 58)
(14, 222)
(14, 225)
(14, 101)
(14, 102)
(14, 238)
(14, 240)
(14, 243)
(15, 131)
(15, 139)
(15, 140)
(15, 147)
(15, 21)
(15, 32)
(15, 162)
(15, 70)
(15, 166)
(15, 167)
(15, 44)
(15, 47)
(15, 48)
(15, 50)
(15, 61)
(15, 193)
(15, 67)
(15, 197)
(15, 198)
(15, 75)
(15, 213)
(15, 216)
(15, 89)
(15, 165)
(15, 103)
(15, 236)
(15, 237)
(15, 110)
(15, 242)
(15, 85)
(16, 133)
(16, 146)
(16, 158)
(16, 31)
(16, 161)
(16, 36)
(16, 176)
(16, 30)
(16, 185)
(16, 189)
(16, 190)
(16, 192)
(16, 65)
(16, 79)
(16, 84)
(16, 86)
(16, 88)
(16, 89)
(16, 97)
(16, 104)
(16, 235)
(16, 238)
(16, 114)
(16, 62)
(16, 118)
(16, 120)
(16, 249)
(16, 125)
(16, 127)
(17, 27)
(17, 196)
(17, 37)
(17, 134)
(17, 135)
(17, 200)
(17, 105)
(17, 170)
(17, 171)
(17, 206)
(17, 92)
(17, 136)
(17, 178)
(17, 142)
(17, 72)
(17, 68)
(17, 187)
(17, 188)
(17, 223)
(18, 133)
(18, 19)
(18, 153)
(18, 158)
(18, 160)
(18, 161)
(18, 164)
(18, 42)
(18, 51)
(18, 181)
(18, 182)
(18, 186)
(18, 189)
(18, 62)
(18, 192)
(18, 73)
(18, 76)
(18, 78)
(18, 211)
(18, 84)
(18, 86)
(18, 87)
(18, 36)
(18, 91)
(18, 222)
(18, 101)
(18, 102)
(18, 233)
(18, 107)
(18, 238)
(18, 240)
(18, 249)
(19, 153)
(19, 160)
(19, 164)
(19, 42)
(19, 49)
(19, 51)
(19, 181)
(19, 186)
(19, 62)
(19, 191)
(19, 73)
(19, 76)
(19, 211)
(19, 87)
(19, 36)
(19, 222)
(19, 101)
(19, 102)
(19, 233)
(19, 107)
(19, 240)
(20, 35)
(20, 50)
(20, 103)
(20, 137)
(20, 75)
(20, 108)
(20, 141)
(20, 110)
(20, 43)
(20, 242)
(20, 147)
(20, 41)
(20, 54)
(20, 55)
(20, 184)
(20, 57)
(20, 59)
(21, 131)
(21, 140)
(21, 146)
(21, 30)
(21, 32)
(21, 165)
(21, 166)
(21, 167)
(21, 44)
(21, 174)
(21, 48)
(21, 65)
(21, 67)
(21, 197)
(21, 202)
(21, 209)
(21, 213)
(21, 89)
(21, 96)
(21, 236)
(21, 111)
(21, 117)
(21, 121)
(21, 127)
(22, 137)
(22, 139)
(22, 141)
(22, 28)
(22, 157)
(22, 162)
(22, 198)
(22, 41)
(22, 47)
(22, 55)
(22, 61)
(22, 70)
(22, 156)
(22, 216)
(22, 221)
(22, 225)
(22, 234)
(22, 108)
(22, 237)
(22, 115)
(22, 245)
(22, 248)
(23, 163)
(23, 230)
(23, 199)
(23, 40)
(23, 140)
(23, 138)
(23, 167)
(23, 204)
(23, 205)
(23, 207)
(23, 81)
(23, 60)
(23, 131)
(23, 246)
(23, 183)
(23, 154)
(23, 124)
(23, 74)
(24, 128)
(24, 134)
(24, 142)
(24, 143)
(24, 144)
(24, 151)
(24, 27)
(24, 168)
(24, 220)
(24, 170)
(24, 46)
(24, 177)
(24, 187)
(24, 188)
(24, 63)
(24, 68)
(24, 72)
(24, 80)
(24, 92)
(24, 98)
(24, 99)
(24, 239)
(24, 244)
(25, 226)
(25, 66)
(25, 69)
(25, 38)
(25, 71)
(25, 200)
(25, 105)
(25, 171)
(25, 194)
(25, 206)
(25, 45)
(25, 136)
(25, 210)
(25, 180)
(25, 119)
(25, 217)
(25, 95)
(25, 29)
(25, 223)
(26, 129)
(26, 145)
(26, 148)
(26, 149)
(26, 159)
(26, 169)
(26, 179)
(26, 52)
(26, 185)
(26, 31)
(26, 190)
(26, 64)
(26, 195)
(26, 79)
(26, 80)
(26, 83)
(26, 220)
(26, 99)
(26, 229)
(26, 232)
(26, 235)
(26, 109)
(26, 104)
(26, 116)
(26, 120)
(26, 122)
(26, 125)
(27, 134)
(27, 135)
(27, 136)
(27, 142)
(27, 144)
(27, 151)
(27, 68)
(27, 159)
(27, 37)
(27, 168)
(27, 92)
(27, 170)
(27, 72)
(27, 178)
(27, 53)
(27, 187)
(27, 188)
(27, 196)
(27, 200)
(27, 77)
(27, 206)
(27, 218)
(27, 220)
(27, 223)
(27, 99)
(27, 105)
(27, 239)
(27, 112)
(28, 139)
(28, 141)
(28, 156)
(28, 157)
(28, 162)
(28, 198)
(28, 41)
(28, 47)
(28, 243)
(28, 55)
(28, 61)
(28, 70)
(28, 216)
(28, 221)
(28, 225)
(28, 234)
(28, 237)
(28, 115)
(28, 245)
(28, 248)
(29, 194)
(29, 132)
(29, 69)
(29, 130)
(29, 231)
(29, 71)
(29, 173)
(29, 45)
(29, 208)
(29, 210)
(29, 180)
(29, 119)
(29, 212)
(29, 155)
(29, 95)
(30, 146)
(30, 31)
(30, 32)
(30, 161)
(30, 165)
(30, 174)
(30, 176)
(30, 185)
(30, 189)
(30, 190)
(30, 65)
(30, 89)
(30, 96)
(30, 97)
(30, 104)
(30, 235)
(30, 236)
(30, 238)
(30, 111)
(30, 114)
(30, 118)
(30, 121)
(30, 127)
(31, 146)
(31, 148)
(31, 158)
(31, 161)
(31, 185)
(31, 189)
(31, 190)
(31, 192)
(31, 65)
(31, 33)
(31, 79)
(31, 88)
(31, 219)
(31, 104)
(31, 235)
(31, 238)
(31, 114)
(31, 116)
(31, 118)
(31, 120)
(31, 249)
(31, 122)
(31, 125)
(31, 127)
(32, 146)
(32, 165)
(32, 166)
(32, 174)
(32, 48)
(32, 185)
(32, 65)
(32, 67)
(32, 197)
(32, 213)
(32, 89)
(32, 96)
(32, 97)
(32, 104)
(32, 236)
(32, 111)
(32, 114)
(32, 117)
(32, 118)
(32, 121)
(32, 127)
(33, 150)
(33, 158)
(33, 164)
(33, 39)
(33, 42)
(33, 172)
(33, 49)
(33, 73)
(33, 56)
(33, 62)
(33, 192)
(33, 201)
(33, 83)
(33, 88)
(33, 219)
(33, 228)
(33, 107)
(33, 116)
(33, 120)
(33, 249)
(33, 122)
(33, 123)
(33, 125)
(34, 35)
(34, 137)
(34, 108)
(34, 141)
(34, 115)
(34, 41)
(34, 54)
(34, 55)
(34, 59)
(34, 221)
(35, 43)
(35, 137)
(35, 139)
(35, 108)
(35, 141)
(35, 110)
(35, 115)
(35, 41)
(35, 54)
(35, 55)
(35, 59)
(35, 221)
(36, 133)
(36, 153)
(36, 158)
(36, 160)
(36, 161)
(36, 164)
(36, 176)
(36, 51)
(36, 181)
(36, 182)
(36, 186)
(36, 189)
(36, 62)
(36, 192)
(36, 73)
(36, 78)
(36, 211)
(36, 84)
(36, 86)
(36, 87)
(36, 91)
(36, 58)
(36, 222)
(36, 97)
(36, 101)
(36, 102)
(36, 238)
(36, 240)
(36, 118)
(36, 249)
(37, 134)
(37, 135)
(37, 136)
(37, 142)
(37, 151)
(37, 68)
(37, 159)
(37, 168)
(37, 92)
(37, 170)
(37, 171)
(37, 178)
(37, 52)
(37, 53)
(37, 187)
(37, 188)
(37, 196)
(37, 200)
(37, 77)
(37, 206)
(37, 82)
(37, 218)
(37, 220)
(37, 223)
(37, 226)
(37, 99)
(37, 100)
(37, 105)
(37, 239)
(37, 112)
(38, 66)
(38, 171)
(38, 180)
(38, 53)
(38, 194)
(38, 69)
(38, 71)
(38, 200)
(38, 202)
(38, 77)
(38, 206)
(38, 209)
(38, 82)
(38, 217)
(38, 95)
(38, 224)
(38, 226)
(38, 100)
(38, 106)
(38, 113)
(38, 117)
(38, 119)
(39, 123)
(39, 228)
(39, 150)
(39, 49)
(39, 201)
(39, 203)
(39, 172)
(39, 56)
(39, 83)
(39, 116)
(39, 214)
(39, 88)
(39, 122)
(39, 219)
(40, 131)
(40, 138)
(40, 140)
(40, 163)
(40, 166)
(40, 167)
(40, 48)
(40, 183)
(40, 60)
(40, 67)
(40, 204)
(40, 205)
(40, 207)
(40, 81)
(40, 213)
(40, 230)
(40, 209)
(40, 117)
(40, 246)
(40, 124)
(40, 85)
(41, 137)
(41, 139)
(41, 141)
(41, 156)
(41, 43)
(41, 54)
(41, 59)
(41, 198)
(41, 55)
(41, 221)
(41, 234)
(41, 108)
(41, 115)
(41, 245)
(41, 248)
(42, 160)
(42, 164)
(42, 49)
(42, 51)
(42, 181)
(42, 201)
(42, 186)
(42, 62)
(42, 191)
(42, 192)
(42, 73)
(42, 203)
(42, 76)
(42, 211)
(42, 214)
(42, 88)
(42, 90)
(42, 219)
(42, 228)
(42, 233)
(42, 107)
(42, 247)
(42, 123)
(43, 50)
(43, 103)
(43, 137)
(43, 75)
(43, 108)
(43, 141)
(43, 110)
(43, 242)
(43, 147)
(43, 85)
(43, 54)
(43, 55)
(43, 184)
(43, 57)
(43, 59)
(44, 131)
(44, 139)
(44, 140)
(44, 147)
(44, 162)
(44, 165)
(44, 166)
(44, 167)
(44, 47)
(44, 48)
(44, 50)
(44, 70)
(44, 61)
(44, 193)
(44, 67)
(44, 197)
(44, 198)
(44, 75)
(44, 213)
(44, 216)
(44, 103)
(44, 236)
(44, 237)
(44, 110)
(44, 242)
(44, 245)
(44, 85)
(45, 194)
(45, 132)
(45, 69)
(45, 130)
(45, 231)
(45, 71)
(45, 173)
(45, 208)
(45, 210)
(45, 180)
(45, 119)
(45, 212)
(45, 155)
(45, 95)
(46, 128)
(46, 98)
(46, 143)
(46, 177)
(46, 244)
(46, 152)
(46, 126)
(46, 63)
(47, 139)
(47, 156)
(47, 157)
(47, 162)
(47, 70)
(47, 176)
(47, 243)
(47, 182)
(47, 55)
(47, 58)
(47, 61)
(47, 193)
(47, 197)
(47, 198)
(47, 216)
(47, 165)
(47, 225)
(47, 234)
(47, 236)
(47, 237)
(47, 110)
(47, 115)
(47, 245)
(47, 248)
(48, 131)
(48, 140)
(48, 147)
(48, 166)
(48, 167)
(48, 50)
(48, 67)
(48, 197)
(48, 209)
(48, 213)
(48, 96)
(48, 103)
(48, 236)
(48, 110)
(48, 242)
(48, 117)
(48, 121)
(48, 85)
(49, 160)
(49, 164)
(49, 201)
(49, 56)
(49, 191)
(49, 192)
(49, 73)
(49, 203)
(49, 76)
(49, 214)
(49, 88)
(49, 90)
(49, 219)
(49, 228)
(49, 233)
(49, 107)
(49, 247)
(49, 123)
(50, 139)
(50, 140)
(50, 147)
(50, 167)
(50, 54)
(50, 184)
(50, 57)
(50, 59)
(50, 193)
(50, 67)
(50, 197)
(50, 70)
(50, 75)
(50, 205)
(50, 85)
(50, 216)
(50, 103)
(50, 236)
(50, 110)
(50, 242)
(51, 133)
(51, 153)
(51, 160)
(51, 164)
(51, 181)
(51, 182)
(51, 186)
(51, 62)
(51, 192)
(51, 73)
(51, 76)
(51, 78)
(51, 211)
(51, 84)
(51, 86)
(51, 87)
(51, 91)
(51, 222)
(51, 101)
(51, 102)
(51, 233)
(51, 107)
(51, 238)
(51, 240)
(52, 144)
(52, 148)
(52, 151)
(52, 111)
(52, 159)
(52, 168)
(52, 169)
(52, 170)
(52, 174)
(52, 53)
(52, 190)
(52, 77)
(52, 79)
(52, 80)
(52, 82)
(52, 218)
(52, 220)
(52, 99)
(52, 100)
(52, 229)
(52, 104)
(52, 109)
(52, 239)
(52, 112)
(53, 134)
(53, 135)
(53, 148)
(53, 151)
(53, 111)
(53, 159)
(53, 168)
(53, 169)
(53, 170)
(53, 171)
(53, 174)
(53, 178)
(53, 188)
(53, 96)
(53, 200)
(53, 202)
(53, 77)
(53, 206)
(53, 82)
(53, 218)
(53, 220)
(53, 224)
(53, 226)
(53, 99)
(53, 100)
(53, 229)
(53, 105)
(53, 109)
(53, 239)
(53, 112)
(54, 137)
(54, 139)
(54, 141)
(54, 147)
(54, 184)
(54, 57)
(54, 59)
(54, 75)
(54, 55)
(54, 216)
(54, 221)
(54, 103)
(54, 108)
(54, 110)
(54, 242)
(54, 115)
(55, 137)
(55, 139)
(55, 141)
(55, 156)
(55, 157)
(55, 162)
(55, 198)
(55, 243)
(55, 59)
(55, 61)
(55, 193)
(55, 70)
(55, 216)
(55, 221)
(55, 225)
(55, 234)
(55, 108)
(55, 237)
(55, 110)
(55, 115)
(55, 245)
(55, 248)
(56, 123)
(56, 228)
(56, 150)
(56, 201)
(56, 203)
(56, 172)
(56, 214)
(56, 88)
(56, 90)
(56, 219)
(57, 230)
(57, 103)
(57, 75)
(57, 205)
(57, 110)
(57, 242)
(57, 147)
(57, 85)
(57, 184)
(57, 59)
(58, 133)
(58, 139)
(58, 146)
(58, 153)
(58, 156)
(58, 161)
(58, 162)
(58, 165)
(58, 176)
(58, 182)
(58, 70)
(58, 189)
(58, 193)
(58, 197)
(58, 198)
(58, 97)
(58, 78)
(58, 84)
(58, 86)
(58, 216)
(58, 89)
(58, 91)
(58, 222)
(58, 225)
(58, 101)
(58, 234)
(58, 237)
(58, 238)
(58, 61)
(58, 243)
(58, 245)
(58, 118)
(59, 137)
(59, 75)
(59, 108)
(59, 141)
(59, 110)
(59, 115)
(59, 184)
(59, 221)
(60, 131)
(60, 138)
(60, 140)
(60, 154)
(60, 163)
(60, 166)
(60, 167)
(60, 180)
(60, 183)
(60, 199)
(60, 74)
(60, 204)
(60, 207)
(60, 81)
(60, 212)
(60, 213)
(60, 230)
(60, 209)
(60, 106)
(60, 113)
(60, 117)
(60, 246)
(60, 124)
(61, 139)
(61, 156)
(61, 157)
(61, 162)
(61, 70)
(61, 176)
(61, 243)
(61, 182)
(61, 193)
(61, 197)
(61, 198)
(61, 216)
(61, 165)
(61, 225)
(61, 234)
(61, 237)
(61, 110)
(61, 115)
(61, 245)
(61, 248)
(62, 133)
(62, 153)
(62, 158)
(62, 160)
(62, 161)
(62, 164)
(62, 181)
(62, 182)
(62, 186)
(62, 189)
(62, 192)
(62, 73)
(62, 211)
(62, 84)
(62, 86)
(62, 88)
(62, 219)
(62, 222)
(62, 97)
(62, 101)
(62, 102)
(62, 107)
(62, 238)
(62, 240)
(62, 118)
(62, 249)
(63, 128)
(63, 98)
(63, 143)
(63, 144)
(63, 177)
(63, 244)
(63, 152)
(63, 187)
(63, 126)
(64, 129)
(64, 83)
(64, 195)
(64, 145)
(64, 232)
(64, 172)
(64, 241)
(64, 179)
(64, 116)
(64, 149)
(64, 215)
(64, 122)
(64, 126)
(65, 146)
(65, 148)
(65, 161)
(65, 169)
(65, 174)
(65, 185)
(65, 189)
(65, 190)
(65, 79)
(65, 89)
(65, 96)
(65, 97)
(65, 104)
(65, 235)
(65, 238)
(65, 111)
(65, 114)
(65, 118)
(65, 121)
(65, 127)
(66, 224)
(66, 226)
(66, 100)
(66, 113)
(66, 202)
(66, 171)
(66, 194)
(66, 77)
(66, 209)
(66, 82)
(66, 180)
(66, 117)
(66, 246)
(66, 119)
(66, 217)
(66, 71)
(66, 106)
(66, 95)
(67, 131)
(67, 81)
(67, 140)
(67, 147)
(67, 166)
(67, 167)
(67, 197)
(67, 75)
(67, 209)
(67, 213)
(67, 96)
(67, 103)
(67, 236)
(67, 242)
(67, 117)
(67, 121)
(67, 85)
(68, 134)
(68, 135)
(68, 136)
(68, 142)
(68, 151)
(68, 168)
(68, 170)
(68, 171)
(68, 72)
(68, 178)
(68, 187)
(68, 188)
(68, 196)
(68, 200)
(68, 77)
(68, 206)
(68, 218)
(68, 92)
(68, 223)
(68, 105)
(68, 239)
(69, 130)
(69, 132)
(69, 154)
(69, 155)
(69, 71)
(69, 173)
(69, 175)
(69, 180)
(69, 194)
(69, 199)
(69, 208)
(69, 212)
(69, 93)
(69, 94)
(69, 95)
(69, 227)
(69, 231)
(69, 106)
(69, 113)
(69, 119)
(70, 139)
(70, 156)
(70, 162)
(70, 165)
(70, 176)
(70, 243)
(70, 193)
(70, 197)
(70, 198)
(70, 216)
(70, 225)
(70, 103)
(70, 234)
(70, 236)
(70, 237)
(70, 110)
(70, 242)
(70, 115)
(70, 245)
(70, 248)
(71, 130)
(71, 132)
(71, 155)
(71, 171)
(71, 173)
(71, 180)
(71, 194)
(71, 199)
(71, 210)
(71, 212)
(71, 217)
(71, 95)
(71, 231)
(71, 106)
(71, 113)
(71, 246)
(71, 119)
(72, 128)
(72, 196)
(72, 134)
(72, 136)
(72, 92)
(72, 143)
(72, 142)
(72, 239)
(72, 244)
(72, 187)
(72, 188)
(72, 223)
(73, 133)
(73, 153)
(73, 158)
(73, 160)
(73, 164)
(73, 181)
(73, 186)
(73, 191)
(73, 192)
(73, 76)
(73, 211)
(73, 84)
(73, 86)
(73, 88)
(73, 219)
(73, 222)
(73, 101)
(73, 102)
(73, 233)
(73, 107)
(73, 238)
(73, 240)
(73, 249)
(74, 130)
(74, 227)
(74, 132)
(74, 155)
(74, 199)
(74, 204)
(74, 173)
(74, 207)
(74, 208)
(74, 163)
(74, 212)
(74, 246)
(74, 183)
(74, 154)
(74, 175)
(74, 124)
(74, 93)
(74, 94)
(75, 103)
(75, 140)
(75, 205)
(75, 110)
(75, 81)
(75, 242)
(75, 147)
(75, 85)
(75, 184)
(76, 160)
(76, 87)
(76, 164)
(76, 102)
(76, 233)
(76, 107)
(76, 240)
(76, 211)
(76, 181)
(76, 247)
(76, 186)
(76, 90)
(76, 191)
(77, 134)
(77, 135)
(77, 136)
(77, 151)
(77, 111)
(77, 159)
(77, 168)
(77, 170)
(77, 171)
(77, 178)
(77, 188)
(77, 196)
(77, 200)
(77, 202)
(77, 206)
(77, 82)
(77, 217)
(77, 218)
(77, 223)
(77, 224)
(77, 226)
(77, 100)
(77, 105)
(77, 239)
(77, 112)
(78, 133)
(78, 153)
(78, 157)
(78, 176)
(78, 181)
(78, 182)
(78, 211)
(78, 86)
(78, 87)
(78, 91)
(78, 222)
(78, 225)
(78, 101)
(78, 102)
(78, 234)
(78, 240)
(78, 243)
(79, 145)
(79, 148)
(79, 158)
(79, 159)
(79, 169)
(79, 179)
(79, 185)
(79, 190)
(79, 195)
(79, 80)
(79, 83)
(79, 220)
(79, 229)
(79, 104)
(79, 235)
(79, 109)
(79, 114)
(79, 116)
(79, 120)
(79, 122)
(79, 125)
(79, 127)
(80, 129)
(80, 144)
(80, 145)
(80, 148)
(80, 149)
(80, 151)
(80, 159)
(80, 168)
(80, 169)
(80, 170)
(80, 179)
(80, 187)
(80, 195)
(80, 215)
(80, 218)
(80, 220)
(80, 98)
(80, 99)
(80, 229)
(80, 232)
(80, 109)
(80, 239)
(80, 126)
(81, 163)
(81, 131)
(81, 230)
(81, 167)
(81, 140)
(81, 138)
(81, 204)
(81, 205)
(81, 207)
(81, 147)
(81, 85)
(81, 246)
(81, 183)
(81, 184)
(81, 124)
(82, 135)
(82, 159)
(82, 170)
(82, 171)
(82, 178)
(82, 188)
(82, 96)
(82, 200)
(82, 202)
(82, 206)
(82, 217)
(82, 218)
(82, 224)
(82, 226)
(82, 100)
(82, 105)
(82, 111)
(82, 112)
(82, 113)
(82, 117)
(83, 129)
(83, 195)
(83, 145)
(83, 232)
(83, 172)
(83, 241)
(83, 179)
(83, 116)
(83, 149)
(83, 150)
(83, 215)
(83, 120)
(83, 122)
(83, 125)
(84, 133)
(84, 146)
(84, 153)
(84, 158)
(84, 160)
(84, 161)
(84, 91)
(84, 164)
(84, 176)
(84, 181)
(84, 182)
(84, 185)
(84, 186)
(84, 189)
(84, 192)
(84, 211)
(84, 86)
(84, 88)
(84, 219)
(84, 222)
(84, 97)
(84, 101)
(84, 102)
(84, 235)
(84, 238)
(84, 240)
(84, 118)
(84, 249)
(85, 131)
(85, 140)
(85, 147)
(85, 166)
(85, 167)
(85, 184)
(85, 193)
(85, 197)
(85, 205)
(85, 213)
(85, 216)
(85, 103)
(85, 236)
(85, 110)
(85, 242)
(86, 133)
(86, 146)
(86, 153)
(86, 158)
(86, 160)
(86, 161)
(86, 164)
(86, 176)
(86, 181)
(86, 182)
(86, 186)
(86, 189)
(86, 192)
(86, 211)
(86, 87)
(86, 91)
(86, 222)
(86, 97)
(86, 101)
(86, 102)
(86, 238)
(86, 240)
(86, 243)
(86, 118)
(86, 249)
(87, 160)
(87, 133)
(87, 102)
(87, 240)
(87, 211)
(87, 181)
(87, 182)
(87, 153)
(87, 186)
(87, 91)
(87, 222)
(87, 101)
(88, 235)
(88, 150)
(88, 158)
(88, 160)
(88, 164)
(88, 186)
(88, 192)
(88, 201)
(88, 219)
(88, 228)
(88, 107)
(88, 116)
(88, 120)
(88, 249)
(88, 122)
(88, 123)
(88, 125)
(89, 146)
(89, 161)
(89, 165)
(89, 174)
(89, 176)
(89, 185)
(89, 189)
(89, 197)
(89, 97)
(89, 104)
(89, 235)
(89, 236)
(89, 238)
(89, 114)
(89, 243)
(89, 118)
(89, 121)
(89, 127)
(90, 123)
(90, 228)
(90, 233)
(90, 203)
(90, 107)
(90, 214)
(90, 201)
(90, 191)
(90, 247)
(91, 133)
(91, 153)
(91, 157)
(91, 160)
(91, 176)
(91, 181)
(91, 182)
(91, 211)
(91, 186)
(91, 222)
(91, 225)
(91, 101)
(91, 102)
(91, 234)
(91, 240)
(91, 243)
(92, 196)
(92, 134)
(92, 135)
(92, 136)
(92, 170)
(92, 142)
(92, 239)
(92, 178)
(92, 187)
(92, 188)
(92, 223)
(93, 194)
(93, 227)
(93, 132)
(93, 130)
(93, 199)
(93, 231)
(93, 173)
(93, 175)
(93, 208)
(93, 212)
(93, 154)
(93, 155)
(93, 94)
(94, 130)
(94, 227)
(94, 132)
(94, 199)
(94, 231)
(94, 204)
(94, 173)
(94, 175)
(94, 208)
(94, 212)
(94, 154)
(94, 155)
(95, 130)
(95, 132)
(95, 155)
(95, 171)
(95, 180)
(95, 194)
(95, 200)
(95, 206)
(95, 210)
(95, 212)
(95, 217)
(95, 226)
(95, 106)
(95, 113)
(95, 119)
(96, 166)
(96, 174)
(96, 202)
(96, 209)
(96, 213)
(96, 224)
(96, 100)
(96, 104)
(96, 236)
(96, 111)
(96, 117)
(96, 121)
(96, 127)
(97, 133)
(97, 146)
(97, 153)
(97, 158)
(97, 161)
(97, 165)
(97, 176)
(97, 182)
(97, 185)
(97, 186)
(97, 189)
(97, 222)
(97, 101)
(97, 235)
(97, 238)
(97, 114)
(97, 243)
(97, 118)
(97, 249)
(97, 127)
(98, 128)
(98, 129)
(98, 99)
(98, 145)
(98, 232)
(98, 168)
(98, 239)
(98, 144)
(98, 177)
(98, 179)
(98, 244)
(98, 149)
(98, 151)
(98, 187)
(98, 220)
(98, 126)
(99, 129)
(99, 135)
(99, 144)
(99, 145)
(99, 148)
(99, 151)
(99, 159)
(99, 134)
(99, 168)
(99, 169)
(99, 170)
(99, 178)
(99, 187)
(99, 188)
(99, 218)
(99, 220)
(99, 229)
(99, 109)
(99, 239)
(99, 112)
(100, 135)
(100, 159)
(100, 171)
(100, 174)
(100, 200)
(100, 202)
(100, 206)
(100, 209)
(100, 217)
(100, 218)
(100, 224)
(100, 226)
(100, 111)
(100, 112)
(100, 113)
(100, 117)
(100, 121)
(101, 133)
(101, 153)
(101, 160)
(101, 161)
(101, 164)
(101, 176)
(101, 181)
(101, 182)
(101, 186)
(101, 189)
(101, 192)
(101, 211)
(101, 222)
(101, 102)
(101, 238)
(101, 240)
(101, 243)
(101, 118)
(102, 133)
(102, 153)
(102, 160)
(102, 164)
(102, 181)
(102, 182)
(102, 186)
(102, 191)
(102, 211)
(102, 222)
(102, 233)
(102, 240)
(103, 131)
(103, 140)
(103, 147)
(103, 166)
(103, 167)
(103, 184)
(103, 193)
(103, 197)
(103, 205)
(103, 213)
(103, 216)
(103, 236)
(103, 110)
(103, 242)
(104, 146)
(104, 148)
(104, 159)
(104, 169)
(104, 174)
(104, 185)
(104, 190)
(104, 229)
(104, 235)
(104, 109)
(104, 111)
(104, 114)
(104, 118)
(104, 120)
(104, 121)
(104, 125)
(104, 127)
(105, 134)
(105, 135)
(105, 136)
(105, 170)
(105, 171)
(105, 178)
(105, 188)
(105, 196)
(105, 200)
(105, 206)
(105, 210)
(105, 218)
(105, 223)
(105, 226)
(105, 239)
(105, 112)
(106, 224)
(106, 194)
(106, 180)
(106, 132)
(106, 130)
(106, 199)
(106, 113)
(106, 173)
(106, 209)
(106, 212)
(106, 117)
(106, 246)
(106, 217)
(106, 154)
(106, 155)
(107, 160)
(107, 164)
(107, 181)
(107, 186)
(107, 191)
(107, 192)
(107, 201)
(107, 203)
(107, 211)
(107, 214)
(107, 219)
(107, 228)
(107, 233)
(107, 247)
(108, 137)
(108, 139)
(108, 141)
(108, 110)
(108, 115)
(108, 245)
(108, 156)
(108, 221)
(109, 144)
(109, 145)
(109, 148)
(109, 151)
(109, 111)
(109, 159)
(109, 168)
(109, 169)
(109, 170)
(109, 174)
(109, 190)
(109, 218)
(109, 220)
(109, 229)
(109, 239)
(109, 112)
(109, 120)
(109, 125)
(110, 139)
(110, 140)
(110, 147)
(110, 156)
(110, 162)
(110, 184)
(110, 193)
(110, 197)
(110, 198)
(110, 216)
(110, 236)
(110, 237)
(110, 242)
(110, 245)
(111, 148)
(111, 159)
(111, 169)
(111, 174)
(111, 190)
(111, 202)
(111, 224)
(111, 112)
(111, 114)
(111, 117)
(111, 121)
(111, 127)
(112, 134)
(112, 135)
(112, 148)
(112, 151)
(112, 159)
(112, 168)
(112, 169)
(112, 170)
(112, 174)
(112, 178)
(112, 188)
(112, 200)
(112, 202)
(112, 206)
(112, 218)
(112, 220)
(112, 224)
(112, 226)
(112, 229)
(112, 239)
(113, 132)
(113, 154)
(113, 155)
(113, 180)
(113, 194)
(113, 199)
(113, 202)
(113, 209)
(113, 212)
(113, 217)
(113, 224)
(113, 226)
(113, 117)
(113, 246)
(114, 146)
(114, 148)
(114, 158)
(114, 161)
(114, 169)
(114, 174)
(114, 185)
(114, 189)
(114, 190)
(114, 235)
(114, 238)
(114, 118)
(114, 120)
(114, 249)
(114, 125)
(114, 127)
(115, 137)
(115, 139)
(115, 141)
(115, 157)
(115, 162)
(115, 156)
(115, 193)
(115, 198)
(115, 216)
(115, 221)
(115, 225)
(115, 234)
(115, 237)
(115, 245)
(115, 248)
(116, 145)
(116, 149)
(116, 150)
(116, 158)
(116, 172)
(116, 179)
(116, 190)
(116, 195)
(116, 215)
(116, 219)
(116, 232)
(116, 235)
(116, 120)
(116, 122)
(116, 125)
(117, 131)
(117, 167)
(117, 174)
(117, 202)
(117, 209)
(117, 213)
(117, 217)
(117, 224)
(117, 166)
(117, 121)
(118, 133)
(118, 146)
(118, 161)
(118, 165)
(118, 176)
(118, 158)
(118, 185)
(118, 186)
(118, 189)
(118, 190)
(118, 192)
(118, 235)
(118, 238)
(118, 120)
(118, 249)
(118, 125)
(118, 127)
(119, 194)
(119, 132)
(119, 171)
(119, 206)
(119, 210)
(119, 180)
(119, 217)
(119, 155)
(120, 145)
(120, 148)
(120, 158)
(120, 169)
(120, 185)
(120, 190)
(120, 195)
(120, 219)
(120, 229)
(120, 235)
(120, 249)
(120, 122)
(120, 125)
(120, 127)
(121, 131)
(121, 166)
(121, 167)
(121, 174)
(121, 202)
(121, 209)
(121, 213)
(121, 224)
(121, 236)
(121, 127)
(122, 129)
(122, 145)
(122, 149)
(122, 150)
(122, 172)
(122, 179)
(122, 195)
(122, 215)
(122, 219)
(122, 232)
(122, 241)
(122, 125)
(123, 228)
(123, 150)
(123, 201)
(123, 203)
(123, 172)
(123, 214)
(123, 219)
(124, 163)
(124, 230)
(124, 199)
(124, 140)
(124, 138)
(124, 167)
(124, 204)
(124, 205)
(124, 207)
(124, 209)
(124, 131)
(124, 213)
(124, 246)
(124, 183)
(124, 154)
(125, 145)
(125, 148)
(125, 158)
(125, 169)
(125, 172)
(125, 185)
(125, 190)
(125, 192)
(125, 195)
(125, 219)
(125, 229)
(125, 235)
(125, 249)
(126, 129)
(126, 195)
(126, 145)
(126, 232)
(126, 144)
(126, 241)
(126, 179)
(126, 149)
(126, 215)
(127, 146)
(127, 148)
(127, 161)
(127, 169)
(127, 174)
(127, 185)
(127, 189)
(127, 190)
(127, 235)
(127, 238)
(128, 143)
(128, 177)
(128, 244)
(128, 152)
(128, 187)
(129, 195)
(129, 229)
(129, 145)
(129, 232)
(129, 144)
(129, 241)
(129, 179)
(129, 149)
(129, 215)
(129, 220)
(130, 132)
(130, 154)
(130, 155)
(130, 173)
(130, 175)
(130, 180)
(130, 194)
(130, 199)
(130, 204)
(130, 208)
(130, 212)
(130, 227)
(130, 231)
(130, 246)
(131, 138)
(131, 140)
(131, 147)
(131, 166)
(131, 167)
(131, 209)
(131, 205)
(131, 213)
(131, 236)
(131, 242)
(132, 154)
(132, 155)
(132, 173)
(132, 175)
(132, 180)
(132, 194)
(132, 199)
(132, 208)
(132, 212)
(132, 227)
(132, 231)
(132, 246)
(133, 146)
(133, 153)
(133, 158)
(133, 160)
(133, 161)
(133, 164)
(133, 176)
(133, 181)
(133, 182)
(133, 186)
(133, 189)
(133, 192)
(133, 211)
(133, 222)
(133, 238)
(133, 240)
(133, 243)
(133, 249)
(134, 135)
(134, 136)
(134, 142)
(134, 144)
(134, 151)
(134, 159)
(134, 168)
(134, 170)
(134, 178)
(134, 187)
(134, 188)
(134, 196)
(134, 200)
(134, 206)
(134, 218)
(134, 220)
(134, 223)
(134, 226)
(134, 239)
(135, 136)
(135, 142)
(135, 151)
(135, 159)
(135, 168)
(135, 170)
(135, 171)
(135, 178)
(135, 187)
(135, 188)
(135, 196)
(135, 200)
(135, 206)
(135, 218)
(135, 223)
(135, 224)
(135, 226)
(135, 239)
(136, 142)
(136, 196)
(136, 170)
(136, 171)
(136, 178)
(136, 187)
(136, 188)
(136, 200)
(136, 206)
(136, 210)
(136, 223)
(136, 226)
(136, 239)
(137, 141)
(137, 221)
(138, 163)
(138, 230)
(138, 199)
(138, 140)
(138, 167)
(138, 204)
(138, 205)
(138, 207)
(138, 209)
(138, 246)
(138, 183)
(138, 154)
(139, 157)
(139, 162)
(139, 165)
(139, 156)
(139, 193)
(139, 197)
(139, 198)
(139, 216)
(139, 221)
(139, 225)
(139, 234)
(139, 237)
(139, 242)
(139, 243)
(139, 245)
(139, 248)
(140, 147)
(140, 166)
(140, 167)
(140, 184)
(140, 205)
(140, 209)
(140, 213)
(140, 230)
(140, 236)
(140, 242)
(141, 156)
(141, 221)
(142, 196)
(142, 170)
(142, 239)
(142, 178)
(142, 187)
(142, 188)
(142, 223)
(143, 177)
(143, 244)
(143, 152)
(144, 145)
(144, 149)
(144, 151)
(144, 159)
(144, 168)
(144, 170)
(144, 179)
(144, 187)
(144, 188)
(144, 218)
(144, 220)
(144, 229)
(144, 232)
(144, 239)
(145, 149)
(145, 172)
(145, 179)
(145, 195)
(145, 215)
(145, 220)
(145, 229)
(145, 232)
(145, 241)
(146, 158)
(146, 161)
(146, 165)
(146, 174)
(146, 176)
(146, 185)
(146, 189)
(146, 190)
(146, 197)
(146, 235)
(146, 236)
(146, 238)
(146, 249)
(147, 166)
(147, 167)
(147, 184)
(147, 193)
(147, 197)
(147, 205)
(147, 236)
(147, 242)
(148, 151)
(148, 168)
(148, 169)
(148, 174)
(148, 185)
(148, 159)
(148, 190)
(148, 218)
(148, 220)
(148, 229)
(148, 235)
(149, 195)
(149, 232)
(149, 172)
(149, 241)
(149, 179)
(149, 215)
(150, 228)
(150, 201)
(150, 172)
(150, 214)
(150, 219)
(151, 159)
(151, 168)
(151, 169)
(151, 170)
(151, 178)
(151, 187)
(151, 188)
(151, 218)
(151, 220)
(151, 229)
(151, 239)
(152, 177)
(152, 244)
(153, 160)
(153, 161)
(153, 176)
(153, 181)
(153, 182)
(153, 189)
(153, 211)
(153, 186)
(153, 222)
(153, 238)
(153, 240)
(153, 243)
(154, 155)
(154, 163)
(154, 173)
(154, 175)
(154, 180)
(154, 183)
(154, 194)
(154, 199)
(154, 204)
(154, 207)
(154, 208)
(154, 212)
(154, 227)
(154, 231)
(154, 246)
(155, 173)
(155, 175)
(155, 180)
(155, 194)
(155, 199)
(155, 208)
(155, 212)
(155, 227)
(155, 231)
(155, 246)
(156, 157)
(156, 162)
(156, 193)
(156, 198)
(156, 216)
(156, 221)
(156, 225)
(156, 234)
(156, 237)
(156, 243)
(156, 245)
(156, 248)
(157, 225)
(157, 162)
(157, 198)
(157, 234)
(157, 237)
(157, 243)
(157, 245)
(157, 182)
(157, 248)
(158, 160)
(158, 161)
(158, 164)
(158, 185)
(158, 186)
(158, 189)
(158, 192)
(158, 219)
(158, 235)
(158, 238)
(158, 190)
(158, 249)
(159, 168)
(159, 169)
(159, 170)
(159, 174)
(159, 178)
(159, 188)
(159, 190)
(159, 218)
(159, 220)
(159, 229)
(159, 239)
(160, 161)
(160, 164)
(160, 181)
(160, 182)
(160, 186)
(160, 189)
(160, 191)
(160, 192)
(160, 211)
(160, 219)
(160, 222)
(160, 233)
(160, 238)
(160, 240)
(160, 249)
(161, 165)
(161, 176)
(161, 182)
(161, 185)
(161, 189)
(161, 192)
(161, 186)
(161, 222)
(161, 235)
(161, 238)
(161, 243)
(161, 249)
(162, 165)
(162, 176)
(162, 193)
(162, 197)
(162, 198)
(162, 216)
(162, 225)
(162, 234)
(162, 236)
(162, 237)
(162, 242)
(162, 243)
(162, 245)
(162, 248)
(163, 230)
(163, 199)
(163, 204)
(163, 205)
(163, 207)
(163, 246)
(163, 183)
(164, 181)
(164, 186)
(164, 191)
(164, 192)
(164, 211)
(164, 219)
(164, 222)
(164, 228)
(164, 233)
(164, 240)
(164, 249)
(165, 176)
(165, 182)
(165, 193)
(165, 197)
(165, 198)
(165, 216)
(165, 225)
(165, 236)
(165, 237)
(165, 238)
(165, 189)
(165, 243)
(165, 245)
(166, 167)
(166, 197)
(166, 209)
(166, 213)
(166, 236)
(166, 242)
(167, 209)
(167, 205)
(167, 213)
(167, 236)
(167, 242)
(168, 169)
(168, 170)
(168, 178)
(168, 187)
(168, 188)
(168, 218)
(168, 220)
(168, 229)
(168, 239)
(169, 174)
(169, 190)
(169, 218)
(169, 220)
(169, 229)
(169, 235)
(170, 178)
(170, 187)
(170, 188)
(170, 196)
(170, 200)
(170, 206)
(170, 218)
(170, 220)
(170, 223)
(170, 226)
(170, 229)
(170, 239)
(171, 196)
(171, 178)
(171, 223)
(171, 188)
(171, 200)
(171, 206)
(171, 210)
(171, 217)
(171, 226)
(172, 195)
(172, 232)
(172, 241)
(172, 179)
(172, 215)
(172, 219)
(173, 175)
(173, 180)
(173, 194)
(173, 199)
(173, 208)
(173, 212)
(173, 227)
(173, 231)
(173, 246)
(174, 185)
(174, 190)
(174, 202)
(174, 224)
(175, 227)
(175, 231)
(175, 208)
(175, 212)
(176, 182)
(176, 193)
(176, 197)
(176, 198)
(176, 216)
(176, 222)
(176, 225)
(176, 237)
(176, 238)
(176, 189)
(176, 243)
(177, 244)
(178, 220)
(178, 187)
(178, 188)
(178, 196)
(178, 200)
(178, 206)
(178, 218)
(178, 223)
(178, 226)
(178, 239)
(179, 195)
(179, 215)
(179, 220)
(179, 229)
(179, 232)
(179, 241)
(180, 194)
(180, 199)
(180, 209)
(180, 212)
(180, 217)
(180, 246)
(181, 186)
(181, 191)
(181, 192)
(181, 211)
(181, 222)
(181, 233)
(181, 240)
(182, 186)
(182, 222)
(182, 225)
(182, 234)
(182, 237)
(182, 238)
(182, 189)
(182, 240)
(182, 243)
(183, 230)
(183, 199)
(183, 204)
(183, 205)
(183, 207)
(183, 246)
(184, 230)
(184, 242)
(184, 205)
(185, 189)
(185, 190)
(185, 192)
(185, 235)
(185, 238)
(185, 249)
(186, 189)
(186, 192)
(186, 211)
(186, 222)
(186, 233)
(186, 238)
(186, 240)
(186, 249)
(187, 220)
(187, 188)
(187, 196)
(187, 218)
(187, 223)
(187, 239)
(187, 244)
(188, 220)
(188, 196)
(188, 200)
(188, 206)
(188, 218)
(188, 223)
(188, 226)
(188, 239)
(189, 190)
(189, 192)
(189, 222)
(189, 235)
(189, 238)
(189, 249)
(190, 229)
(190, 235)
(190, 249)
(191, 233)
(191, 203)
(191, 211)
(191, 214)
(191, 201)
(191, 247)
(192, 235)
(192, 219)
(192, 228)
(192, 238)
(192, 249)
(193, 197)
(193, 198)
(193, 216)
(193, 225)
(193, 234)
(193, 236)
(193, 237)
(193, 242)
(193, 243)
(193, 245)
(193, 248)
(194, 199)
(194, 208)
(194, 212)
(194, 217)
(194, 227)
(194, 231)
(194, 246)
(195, 232)
(195, 241)
(195, 215)
(196, 200)
(196, 206)
(196, 210)
(196, 218)
(196, 223)
(196, 226)
(196, 239)
(197, 198)
(197, 213)
(197, 216)
(197, 225)
(197, 236)
(197, 237)
(197, 242)
(197, 243)
(197, 245)
(198, 243)
(198, 216)
(198, 225)
(198, 234)
(198, 237)
(198, 245)
(198, 248)
(199, 204)
(199, 207)
(199, 208)
(199, 209)
(199, 212)
(199, 217)
(199, 227)
(199, 231)
(199, 246)
(200, 223)
(200, 206)
(200, 218)
(200, 224)
(200, 226)
(200, 210)
(201, 228)
(201, 233)
(201, 203)
(201, 214)
(201, 247)
(201, 219)
(202, 224)
(202, 226)
(202, 209)
(202, 213)
(202, 217)
(203, 228)
(203, 233)
(203, 214)
(203, 247)
(204, 227)
(204, 230)
(204, 207)
(204, 212)
(204, 246)
(205, 230)
(205, 207)
(205, 242)
(206, 223)
(206, 218)
(206, 226)
(206, 210)
(207, 230)
(207, 246)
(208, 227)
(208, 231)
(208, 212)
(209, 213)
(209, 217)
(209, 224)
(209, 246)
(210, 223)
(211, 222)
(211, 233)
(211, 240)
(212, 227)
(212, 231)
(212, 246)
(213, 236)
(213, 242)
(214, 228)
(214, 233)
(214, 247)
(215, 232)
(215, 241)
(216, 225)
(216, 234)
(216, 236)
(216, 237)
(216, 242)
(216, 243)
(216, 245)
(216, 248)
(217, 224)
(217, 226)
(217, 246)
(218, 220)
(218, 226)
(218, 229)
(218, 239)
(219, 228)
(219, 249)
(220, 229)
(220, 239)
(221, 245)
(221, 248)
(222, 238)
(222, 240)
(223, 226)
(223, 239)
(224, 226)
(225, 243)
(225, 234)
(225, 237)
(225, 245)
(225, 248)
(227, 231)
(227, 246)
(228, 247)
(229, 239)
(232, 241)
(233, 247)
(234, 243)
(234, 237)
(234, 245)
(234, 248)
(235, 238)
(235, 249)
(236, 237)
(236, 242)
(237, 243)
(237, 245)
(237, 248)
(238, 249)
(243, 245)
(243, 248)
(245, 248)
