#Nodes
0
1
2
3
4
5
6
7
8
9
10
11
12
13
14
15
16
17
18
19
20
21
22
23
24
25
26
27
28
29
30
31
32
33
34
35
36
37
38
39
40
41
42
43
44
45
46
47
48
49
50
51
52
53
54
55
56
57
58
59
60
61
62
63
64
65
66
67
68
69
70
71
72
73
74
75
76
77
78
79
80
81
82
83
84
85
86
87
88
89
90
91
92
93
94
95
96
97
98
99
100
101
102
103
104
105
106
107
108
109
110
111
112
113
114
115
116
117
118
119
120
121
122
123
124
125
126
127
128
129
130
131
132
133
134
135
136
137
138
139
140
141
142
143
144
145
146
147
148
149
150
151
152
153
154
155
156
157
158
159
160
161
162
163
164
165
166
167
168
169
170
171
172
173
174
175
176
177
178
179
180
181
182
183
184
185
186
187
188
189
190
191
192
193
194
195
196
197
198
199
200
201
202
203
204
205
206
207
208
209
210
211
212
213
214
215
216
217
218
219
220
221
222
223
224
225
226
227
228
229
230
231
232
233
234
235
236
237
238
239
240
241
242
243
244
245
246
247
248
249
#Edges
(0, 128)
(0, 3)
(0, 7)
(0, 145)
(0, 67)
(0, 23)
(0, 26)
(0, 218)
(0, 32)
(0, 36)
(0, 165)
(0, 167)
(0, 168)
(0, 42)
(0, 172)
(0, 173)
(0, 53)
(0, 60)
(0, 194)
(0, 195)
(0, 79)
(0, 81)
(0, 86)
(0, 90)
(0, 220)
(0, 93)
(0, 94)
(0, 97)
(0, 104)
(0, 114)
(0, 121)
(0, 127)
(1, 128)
(1, 15)
(1, 145)
(1, 23)
(1, 154)
(1, 28)
(1, 32)
(1, 41)
(1, 178)
(1, 55)
(1, 186)
(1, 65)
(1, 203)
(1, 206)
(1, 91)
(1, 220)
(1, 98)
(1, 227)
(1, 228)
(1, 106)
(1, 242)
(1, 247)
(2, 5)
(2, 9)
(2, 11)
(2, 140)
(2, 13)
(2, 15)
(2, 16)
(2, 146)
(2, 147)
(2, 24)
(2, 28)
(2, 30)
(2, 161)
(2, 164)
(2, 37)
(2, 47)
(2, 181)
(2, 184)
(2, 61)
(2, 190)
(2, 191)
(2, 64)
(2, 197)
(2, 201)
(2, 206)
(2, 80)
(2, 82)
(2, 118)
(2, 225)
(2, 226)
(2, 230)
(2, 232)
(2, 106)
(2, 238)
(2, 113)
(2, 19)
(2, 246)
(2, 63)
(3, 7)
(3, 45)
(3, 144)
(3, 17)
(3, 67)
(3, 26)
(3, 156)
(3, 218)
(3, 163)
(3, 36)
(3, 165)
(3, 167)
(3, 168)
(3, 42)
(3, 173)
(3, 53)
(3, 54)
(3, 60)
(3, 194)
(3, 195)
(3, 196)
(3, 69)
(3, 81)
(3, 216)
(3, 90)
(3, 93)
(3, 94)
(3, 114)
(3, 119)
(3, 121)
(3, 125)
(3, 127)
(4, 129)
(4, 130)
(4, 18)
(4, 149)
(4, 155)
(4, 156)
(4, 52)
(4, 160)
(4, 36)
(4, 169)
(4, 174)
(4, 48)
(4, 180)
(4, 183)
(4, 56)
(4, 185)
(4, 188)
(4, 198)
(4, 200)
(4, 202)
(4, 210)
(4, 84)
(4, 219)
(4, 233)
(4, 239)
(4, 244)
(5, 9)
(5, 140)
(5, 141)
(5, 15)
(5, 16)
(5, 146)
(5, 147)
(5, 24)
(5, 28)
(5, 29)
(5, 30)
(5, 161)
(5, 164)
(5, 37)
(5, 47)
(5, 61)
(5, 190)
(5, 63)
(5, 64)
(5, 65)
(5, 201)
(5, 206)
(5, 13)
(5, 80)
(5, 91)
(5, 224)
(5, 106)
(5, 238)
(5, 113)
(5, 242)
(5, 118)
(5, 247)
(5, 191)
(6, 192)
(6, 34)
(6, 75)
(6, 68)
(6, 133)
(6, 73)
(6, 235)
(6, 109)
(6, 110)
(6, 143)
(6, 49)
(6, 78)
(6, 150)
(6, 22)
(6, 92)
(6, 158)
(7, 144)
(7, 17)
(7, 153)
(7, 26)
(7, 155)
(7, 156)
(7, 163)
(7, 36)
(7, 165)
(7, 167)
(7, 168)
(7, 42)
(7, 173)
(7, 180)
(7, 53)
(7, 54)
(7, 183)
(7, 60)
(7, 195)
(7, 196)
(7, 69)
(7, 200)
(7, 79)
(7, 81)
(7, 84)
(7, 85)
(7, 86)
(7, 216)
(7, 90)
(7, 93)
(7, 94)
(7, 97)
(7, 104)
(7, 119)
(7, 125)
(7, 127)
(8, 38)
(8, 231)
(8, 31)
(8, 234)
(8, 237)
(8, 142)
(8, 208)
(8, 50)
(8, 74)
(8, 213)
(8, 214)
(8, 248)
(8, 217)
(8, 58)
(8, 95)
(8, 138)
(8, 159)
(9, 134)
(9, 141)
(9, 15)
(9, 16)
(9, 146)
(9, 147)
(9, 24)
(9, 154)
(9, 28)
(9, 29)
(9, 30)
(9, 161)
(9, 164)
(9, 37)
(9, 179)
(9, 55)
(9, 190)
(9, 191)
(9, 64)
(9, 65)
(9, 201)
(9, 206)
(9, 80)
(9, 91)
(9, 221)
(9, 224)
(9, 106)
(9, 238)
(9, 113)
(9, 242)
(9, 117)
(9, 118)
(9, 247)
(9, 63)
(10, 131)
(10, 135)
(10, 139)
(10, 12)
(10, 20)
(10, 151)
(10, 240)
(10, 35)
(10, 40)
(10, 71)
(10, 51)
(10, 199)
(10, 76)
(10, 205)
(10, 207)
(10, 215)
(10, 89)
(10, 105)
(10, 112)
(10, 116)
(10, 245)
(10, 120)
(11, 13)
(11, 16)
(11, 146)
(11, 147)
(11, 24)
(11, 30)
(11, 161)
(11, 37)
(11, 47)
(11, 181)
(11, 182)
(11, 184)
(11, 61)
(11, 63)
(11, 197)
(11, 77)
(11, 225)
(11, 226)
(11, 230)
(11, 232)
(11, 238)
(11, 113)
(11, 19)
(11, 246)
(11, 191)
(12, 135)
(12, 40)
(12, 105)
(12, 199)
(12, 76)
(12, 44)
(12, 240)
(12, 20)
(12, 151)
(12, 120)
(12, 124)
(13, 64)
(13, 140)
(13, 16)
(13, 146)
(13, 147)
(13, 24)
(13, 30)
(13, 161)
(13, 37)
(13, 47)
(13, 181)
(13, 61)
(13, 63)
(13, 192)
(13, 197)
(13, 206)
(13, 80)
(13, 82)
(13, 225)
(13, 226)
(13, 230)
(13, 232)
(13, 238)
(13, 19)
(13, 118)
(14, 194)
(14, 195)
(14, 228)
(14, 69)
(14, 102)
(14, 145)
(14, 72)
(14, 107)
(14, 172)
(14, 45)
(14, 241)
(14, 114)
(14, 67)
(14, 88)
(14, 121)
(14, 218)
(14, 59)
(14, 26)
(14, 81)
(15, 140)
(15, 141)
(15, 16)
(15, 147)
(15, 24)
(15, 154)
(15, 28)
(15, 29)
(15, 30)
(15, 164)
(15, 47)
(15, 55)
(15, 61)
(15, 190)
(15, 63)
(15, 64)
(15, 65)
(15, 201)
(15, 206)
(15, 80)
(15, 91)
(15, 224)
(15, 106)
(15, 238)
(15, 242)
(15, 118)
(15, 247)
(15, 191)
(16, 140)
(16, 146)
(16, 147)
(16, 24)
(16, 28)
(16, 30)
(16, 161)
(16, 164)
(16, 37)
(16, 47)
(16, 181)
(16, 184)
(16, 61)
(16, 190)
(16, 191)
(16, 64)
(16, 197)
(16, 201)
(16, 206)
(16, 80)
(16, 82)
(16, 225)
(16, 226)
(16, 230)
(16, 232)
(16, 106)
(16, 238)
(16, 113)
(16, 118)
(16, 63)
(17, 129)
(17, 137)
(17, 144)
(17, 149)
(17, 153)
(17, 26)
(17, 155)
(17, 156)
(17, 160)
(17, 36)
(17, 165)
(17, 166)
(17, 167)
(17, 168)
(17, 42)
(17, 171)
(17, 48)
(17, 180)
(17, 53)
(17, 54)
(17, 183)
(17, 196)
(17, 200)
(17, 84)
(17, 85)
(17, 216)
(17, 90)
(17, 93)
(17, 94)
(17, 97)
(17, 104)
(17, 108)
(17, 111)
(17, 119)
(17, 125)
(18, 136)
(18, 33)
(18, 162)
(18, 174)
(18, 52)
(18, 56)
(18, 244)
(18, 188)
(18, 66)
(18, 198)
(18, 202)
(18, 205)
(18, 210)
(18, 84)
(18, 89)
(18, 219)
(18, 229)
(18, 233)
(18, 239)
(18, 112)
(18, 116)
(18, 249)
(18, 126)
(19, 225)
(19, 226)
(19, 197)
(19, 230)
(19, 161)
(19, 232)
(19, 77)
(19, 47)
(19, 146)
(19, 147)
(19, 212)
(19, 181)
(19, 246)
(19, 184)
(19, 37)
(19, 61)
(19, 30)
(19, 182)
(20, 131)
(20, 105)
(20, 199)
(20, 40)
(20, 124)
(20, 215)
(20, 76)
(20, 207)
(20, 240)
(20, 83)
(20, 148)
(20, 245)
(20, 151)
(20, 120)
(20, 25)
(20, 122)
(20, 135)
(20, 44)
(21, 144)
(21, 163)
(21, 196)
(21, 166)
(21, 137)
(21, 171)
(21, 108)
(21, 111)
(21, 176)
(21, 123)
(21, 85)
(21, 54)
(21, 119)
(21, 216)
(21, 153)
(21, 90)
(21, 155)
(21, 156)
(21, 125)
(22, 34)
(22, 68)
(22, 133)
(22, 73)
(22, 235)
(22, 109)
(22, 110)
(22, 143)
(22, 49)
(22, 78)
(22, 150)
(22, 92)
(23, 128)
(23, 145)
(23, 154)
(23, 29)
(23, 32)
(23, 41)
(23, 173)
(23, 178)
(23, 55)
(23, 186)
(23, 60)
(23, 65)
(23, 203)
(23, 204)
(23, 218)
(23, 91)
(23, 220)
(23, 224)
(23, 227)
(23, 228)
(23, 236)
(23, 242)
(23, 247)
(23, 127)
(24, 140)
(24, 146)
(24, 147)
(24, 28)
(24, 30)
(24, 161)
(24, 164)
(24, 37)
(24, 47)
(24, 181)
(24, 61)
(24, 190)
(24, 191)
(24, 64)
(24, 65)
(24, 197)
(24, 201)
(24, 206)
(24, 80)
(24, 82)
(24, 225)
(24, 226)
(24, 230)
(24, 232)
(24, 106)
(24, 238)
(24, 118)
(24, 63)
(25, 131)
(25, 215)
(25, 148)
(25, 152)
(25, 159)
(25, 170)
(25, 43)
(25, 44)
(25, 46)
(25, 177)
(25, 57)
(25, 189)
(25, 62)
(25, 70)
(25, 205)
(25, 207)
(25, 83)
(25, 213)
(25, 87)
(25, 222)
(25, 95)
(25, 229)
(25, 237)
(25, 112)
(25, 245)
(25, 122)
(25, 124)
(26, 45)
(26, 144)
(26, 67)
(26, 218)
(26, 163)
(26, 165)
(26, 167)
(26, 42)
(26, 173)
(26, 53)
(26, 54)
(26, 60)
(26, 194)
(26, 195)
(26, 196)
(26, 69)
(26, 81)
(26, 216)
(26, 90)
(26, 93)
(26, 94)
(26, 114)
(26, 119)
(26, 125)
(27, 132)
(27, 136)
(27, 154)
(27, 33)
(27, 162)
(27, 36)
(27, 168)
(27, 174)
(27, 53)
(27, 56)
(27, 66)
(27, 200)
(27, 204)
(27, 79)
(27, 84)
(27, 86)
(27, 219)
(27, 220)
(27, 94)
(27, 97)
(27, 104)
(27, 236)
(27, 243)
(27, 244)
(27, 126)
(28, 141)
(28, 147)
(28, 154)
(28, 29)
(28, 30)
(28, 164)
(28, 55)
(28, 190)
(28, 63)
(28, 64)
(28, 65)
(28, 201)
(28, 203)
(28, 206)
(28, 80)
(28, 91)
(28, 224)
(28, 227)
(28, 106)
(28, 242)
(28, 118)
(28, 247)
(28, 191)
(29, 128)
(29, 132)
(29, 134)
(29, 141)
(29, 154)
(29, 157)
(29, 164)
(29, 179)
(29, 55)
(29, 190)
(29, 63)
(29, 193)
(29, 201)
(29, 204)
(29, 91)
(29, 220)
(29, 221)
(29, 223)
(29, 224)
(29, 101)
(29, 106)
(29, 236)
(29, 96)
(29, 242)
(29, 243)
(29, 117)
(29, 247)
(30, 140)
(30, 146)
(30, 147)
(30, 47)
(30, 161)
(30, 164)
(30, 37)
(30, 221)
(30, 179)
(30, 181)
(30, 182)
(30, 184)
(30, 61)
(30, 190)
(30, 191)
(30, 64)
(30, 197)
(30, 201)
(30, 206)
(30, 80)
(30, 82)
(30, 118)
(30, 225)
(30, 226)
(30, 230)
(30, 232)
(30, 106)
(30, 238)
(30, 113)
(30, 246)
(30, 63)
(31, 38)
(31, 231)
(31, 234)
(31, 142)
(31, 208)
(31, 50)
(31, 115)
(31, 74)
(31, 214)
(31, 217)
(31, 138)
(32, 128)
(32, 145)
(32, 154)
(32, 41)
(32, 173)
(32, 178)
(32, 55)
(32, 186)
(32, 60)
(32, 194)
(32, 203)
(32, 204)
(32, 86)
(32, 218)
(32, 91)
(32, 220)
(32, 224)
(32, 227)
(32, 228)
(32, 236)
(32, 242)
(32, 247)
(32, 127)
(33, 132)
(33, 136)
(33, 162)
(33, 174)
(33, 56)
(33, 244)
(33, 188)
(33, 62)
(33, 66)
(33, 198)
(33, 202)
(33, 205)
(33, 210)
(33, 84)
(33, 219)
(33, 229)
(33, 233)
(33, 239)
(33, 112)
(33, 116)
(33, 249)
(33, 126)
(34, 192)
(34, 65)
(34, 75)
(34, 68)
(34, 133)
(34, 73)
(34, 235)
(34, 78)
(34, 109)
(34, 206)
(34, 143)
(34, 49)
(34, 110)
(34, 150)
(34, 41)
(34, 92)
(34, 158)
(35, 198)
(35, 71)
(35, 40)
(35, 233)
(35, 202)
(35, 139)
(35, 205)
(35, 239)
(35, 51)
(35, 116)
(35, 120)
(35, 89)
(35, 52)
(36, 129)
(36, 149)
(36, 153)
(36, 155)
(36, 156)
(36, 160)
(36, 165)
(36, 167)
(36, 168)
(36, 42)
(36, 174)
(36, 48)
(36, 180)
(36, 53)
(36, 54)
(36, 183)
(36, 60)
(36, 200)
(36, 79)
(36, 84)
(36, 86)
(36, 216)
(36, 90)
(36, 93)
(36, 94)
(36, 97)
(36, 104)
(36, 111)
(37, 146)
(37, 147)
(37, 47)
(37, 161)
(37, 164)
(37, 221)
(37, 179)
(37, 181)
(37, 182)
(37, 184)
(37, 61)
(37, 190)
(37, 191)
(37, 197)
(37, 201)
(37, 77)
(37, 80)
(37, 209)
(37, 118)
(37, 225)
(37, 226)
(37, 230)
(37, 232)
(37, 106)
(37, 238)
(37, 113)
(37, 246)
(37, 63)
(38, 246)
(38, 231)
(38, 234)
(38, 103)
(38, 77)
(38, 142)
(38, 208)
(38, 209)
(38, 50)
(38, 115)
(38, 74)
(38, 214)
(38, 217)
(38, 138)
(38, 182)
(39, 134)
(39, 142)
(39, 152)
(39, 157)
(39, 159)
(39, 170)
(39, 46)
(39, 175)
(39, 177)
(39, 179)
(39, 189)
(39, 193)
(39, 70)
(39, 209)
(39, 217)
(39, 221)
(39, 222)
(39, 223)
(39, 96)
(39, 101)
(39, 234)
(39, 117)
(39, 248)
(40, 131)
(40, 135)
(40, 139)
(40, 151)
(40, 71)
(40, 44)
(40, 51)
(40, 199)
(40, 76)
(40, 205)
(40, 207)
(40, 215)
(40, 89)
(40, 105)
(40, 240)
(40, 116)
(40, 120)
(40, 124)
(41, 128)
(41, 143)
(41, 145)
(41, 158)
(41, 172)
(41, 49)
(41, 178)
(41, 186)
(41, 59)
(41, 65)
(41, 68)
(41, 203)
(41, 78)
(41, 88)
(41, 92)
(41, 98)
(41, 227)
(41, 228)
(41, 107)
(41, 241)
(41, 247)
(41, 121)
(42, 144)
(42, 67)
(42, 153)
(42, 155)
(42, 156)
(42, 218)
(42, 163)
(42, 165)
(42, 167)
(42, 168)
(42, 173)
(42, 53)
(42, 54)
(42, 60)
(42, 194)
(42, 195)
(42, 196)
(42, 69)
(42, 81)
(42, 85)
(42, 216)
(42, 90)
(42, 93)
(42, 94)
(42, 114)
(42, 119)
(42, 125)
(42, 127)
(43, 131)
(43, 215)
(43, 148)
(43, 152)
(43, 159)
(43, 170)
(43, 44)
(43, 46)
(43, 175)
(43, 177)
(43, 57)
(43, 189)
(43, 62)
(43, 70)
(43, 205)
(43, 207)
(43, 83)
(43, 213)
(43, 87)
(43, 222)
(43, 95)
(43, 229)
(43, 237)
(43, 112)
(43, 245)
(43, 122)
(44, 131)
(44, 105)
(44, 199)
(44, 124)
(44, 170)
(44, 151)
(44, 76)
(44, 207)
(44, 240)
(44, 83)
(44, 148)
(44, 245)
(44, 215)
(44, 57)
(44, 122)
(44, 135)
(45, 145)
(45, 67)
(45, 172)
(45, 173)
(45, 59)
(45, 194)
(45, 195)
(45, 69)
(45, 72)
(45, 81)
(45, 88)
(45, 218)
(45, 98)
(45, 228)
(45, 102)
(45, 107)
(45, 241)
(45, 114)
(45, 121)
(46, 131)
(46, 136)
(46, 148)
(46, 152)
(46, 159)
(46, 162)
(46, 170)
(46, 175)
(46, 177)
(46, 189)
(46, 62)
(46, 70)
(46, 205)
(46, 207)
(46, 215)
(46, 222)
(46, 229)
(46, 237)
(46, 112)
(46, 245)
(46, 248)
(46, 249)
(46, 122)
(46, 126)
(47, 64)
(47, 140)
(47, 146)
(47, 147)
(47, 161)
(47, 181)
(47, 61)
(47, 63)
(47, 192)
(47, 197)
(47, 206)
(47, 80)
(47, 82)
(47, 225)
(47, 226)
(47, 230)
(47, 232)
(47, 106)
(47, 238)
(47, 118)
(48, 129)
(48, 130)
(48, 137)
(48, 149)
(48, 153)
(48, 155)
(48, 156)
(48, 160)
(48, 165)
(48, 166)
(48, 169)
(48, 171)
(48, 180)
(48, 54)
(48, 183)
(48, 185)
(48, 85)
(48, 216)
(48, 108)
(48, 111)
(48, 123)
(49, 98)
(49, 107)
(49, 68)
(49, 133)
(49, 73)
(49, 235)
(49, 109)
(49, 110)
(49, 143)
(49, 75)
(49, 78)
(49, 150)
(49, 88)
(49, 186)
(49, 59)
(49, 92)
(49, 158)
(50, 115)
(50, 100)
(50, 231)
(50, 234)
(50, 103)
(50, 208)
(50, 99)
(50, 211)
(50, 74)
(50, 214)
(50, 138)
(51, 198)
(51, 71)
(51, 233)
(51, 202)
(51, 139)
(51, 205)
(51, 239)
(51, 210)
(51, 116)
(51, 120)
(51, 89)
(51, 52)
(52, 198)
(52, 71)
(52, 233)
(52, 202)
(52, 139)
(52, 239)
(52, 210)
(52, 116)
(52, 169)
(52, 89)
(52, 188)
(53, 153)
(53, 155)
(53, 156)
(53, 165)
(53, 167)
(53, 168)
(53, 173)
(53, 174)
(53, 180)
(53, 54)
(53, 183)
(53, 60)
(53, 200)
(53, 79)
(53, 84)
(53, 86)
(53, 216)
(53, 90)
(53, 93)
(53, 94)
(53, 97)
(53, 104)
(53, 243)
(53, 127)
(54, 137)
(54, 144)
(54, 153)
(54, 155)
(54, 156)
(54, 160)
(54, 163)
(54, 165)
(54, 166)
(54, 167)
(54, 168)
(54, 171)
(54, 180)
(54, 183)
(54, 195)
(54, 196)
(54, 200)
(54, 81)
(54, 85)
(54, 216)
(54, 90)
(54, 93)
(54, 94)
(54, 104)
(54, 108)
(54, 111)
(54, 119)
(54, 125)
(55, 128)
(55, 141)
(55, 145)
(55, 154)
(55, 164)
(55, 178)
(55, 186)
(55, 65)
(55, 201)
(55, 203)
(55, 204)
(55, 86)
(55, 91)
(55, 220)
(55, 224)
(55, 227)
(55, 106)
(55, 236)
(55, 242)
(55, 247)
(55, 127)
(56, 132)
(56, 136)
(56, 162)
(56, 174)
(56, 188)
(56, 66)
(56, 198)
(56, 200)
(56, 205)
(56, 79)
(56, 210)
(56, 84)
(56, 219)
(56, 97)
(56, 229)
(56, 104)
(56, 233)
(56, 239)
(56, 243)
(56, 244)
(56, 249)
(56, 126)
(57, 58)
(57, 83)
(57, 131)
(57, 170)
(57, 87)
(57, 237)
(57, 207)
(57, 95)
(57, 148)
(57, 213)
(57, 215)
(57, 152)
(57, 122)
(57, 159)
(57, 124)
(57, 189)
(57, 222)
(57, 245)
(58, 83)
(58, 231)
(58, 234)
(58, 87)
(58, 237)
(58, 177)
(58, 122)
(58, 213)
(58, 170)
(58, 248)
(58, 152)
(58, 95)
(58, 189)
(58, 159)
(59, 68)
(59, 194)
(59, 67)
(59, 228)
(59, 102)
(59, 145)
(59, 72)
(59, 107)
(59, 172)
(59, 98)
(59, 110)
(59, 241)
(59, 178)
(59, 88)
(59, 121)
(59, 218)
(59, 92)
(60, 128)
(60, 145)
(60, 165)
(60, 167)
(60, 168)
(60, 173)
(60, 194)
(60, 195)
(60, 200)
(60, 79)
(60, 86)
(60, 218)
(60, 220)
(60, 93)
(60, 94)
(60, 97)
(60, 104)
(60, 127)
(61, 140)
(61, 146)
(61, 147)
(61, 161)
(61, 181)
(61, 184)
(61, 190)
(61, 63)
(61, 64)
(61, 197)
(61, 206)
(61, 80)
(61, 82)
(61, 225)
(61, 226)
(61, 230)
(61, 232)
(61, 106)
(61, 238)
(61, 118)
(61, 191)
(62, 131)
(62, 136)
(62, 148)
(62, 152)
(62, 162)
(62, 70)
(62, 170)
(62, 175)
(62, 177)
(62, 189)
(62, 198)
(62, 205)
(62, 207)
(62, 215)
(62, 222)
(62, 229)
(62, 112)
(62, 245)
(62, 249)
(62, 126)
(63, 134)
(63, 140)
(63, 141)
(63, 146)
(63, 147)
(63, 161)
(63, 164)
(63, 221)
(63, 179)
(63, 184)
(63, 190)
(63, 191)
(63, 64)
(63, 197)
(63, 201)
(63, 206)
(63, 80)
(63, 118)
(63, 225)
(63, 230)
(63, 232)
(63, 106)
(63, 238)
(63, 113)
(63, 117)
(63, 246)
(64, 140)
(64, 147)
(64, 158)
(64, 181)
(64, 190)
(64, 192)
(64, 65)
(64, 201)
(64, 75)
(64, 206)
(64, 80)
(64, 82)
(64, 106)
(64, 238)
(64, 118)
(65, 128)
(65, 158)
(65, 178)
(65, 186)
(65, 203)
(65, 201)
(65, 75)
(65, 206)
(65, 80)
(65, 91)
(65, 227)
(65, 106)
(65, 242)
(65, 118)
(65, 247)
(66, 132)
(66, 136)
(66, 154)
(66, 162)
(66, 168)
(66, 174)
(66, 175)
(66, 193)
(66, 204)
(66, 79)
(66, 84)
(66, 86)
(66, 219)
(66, 223)
(66, 97)
(66, 104)
(66, 236)
(66, 243)
(66, 244)
(66, 249)
(66, 126)
(67, 145)
(67, 163)
(67, 172)
(67, 173)
(67, 194)
(67, 195)
(67, 69)
(67, 72)
(67, 81)
(67, 218)
(67, 228)
(67, 102)
(67, 241)
(67, 114)
(67, 121)
(68, 98)
(68, 107)
(68, 133)
(68, 73)
(68, 235)
(68, 109)
(68, 110)
(68, 143)
(68, 78)
(68, 150)
(68, 88)
(68, 92)
(68, 158)
(69, 194)
(69, 163)
(69, 196)
(69, 167)
(69, 144)
(69, 81)
(69, 114)
(69, 195)
(69, 90)
(69, 119)
(69, 218)
(69, 125)
(70, 134)
(70, 152)
(70, 157)
(70, 159)
(70, 162)
(70, 170)
(70, 175)
(70, 177)
(70, 223)
(70, 189)
(70, 193)
(70, 222)
(70, 101)
(70, 96)
(70, 229)
(70, 112)
(70, 248)
(70, 126)
(71, 198)
(71, 233)
(71, 202)
(71, 139)
(71, 205)
(71, 239)
(71, 116)
(71, 120)
(71, 89)
(72, 194)
(72, 228)
(72, 98)
(72, 102)
(72, 145)
(72, 107)
(72, 172)
(72, 114)
(72, 241)
(72, 178)
(72, 88)
(72, 121)
(72, 218)
(73, 75)
(73, 133)
(73, 235)
(73, 109)
(73, 110)
(73, 143)
(73, 78)
(73, 150)
(73, 92)
(73, 158)
(74, 231)
(74, 234)
(74, 142)
(74, 208)
(74, 209)
(74, 115)
(74, 214)
(74, 248)
(74, 217)
(74, 138)
(75, 192)
(75, 78)
(75, 143)
(75, 206)
(75, 92)
(75, 158)
(76, 135)
(76, 105)
(76, 139)
(76, 240)
(76, 151)
(76, 120)
(76, 124)
(76, 199)
(77, 142)
(77, 146)
(77, 161)
(77, 179)
(77, 182)
(77, 184)
(77, 191)
(77, 197)
(77, 208)
(77, 209)
(77, 212)
(77, 214)
(77, 217)
(77, 221)
(77, 225)
(77, 226)
(77, 230)
(77, 103)
(77, 232)
(77, 113)
(77, 115)
(77, 246)
(78, 98)
(78, 133)
(78, 235)
(78, 109)
(78, 110)
(78, 143)
(78, 150)
(78, 92)
(78, 158)
(79, 132)
(79, 162)
(79, 168)
(79, 173)
(79, 174)
(79, 180)
(79, 200)
(79, 204)
(79, 84)
(79, 86)
(79, 219)
(79, 94)
(79, 97)
(79, 104)
(79, 236)
(79, 243)
(79, 244)
(79, 127)
(80, 140)
(80, 146)
(80, 147)
(80, 161)
(80, 164)
(80, 181)
(80, 190)
(80, 191)
(80, 192)
(80, 197)
(80, 201)
(80, 206)
(80, 82)
(80, 230)
(80, 232)
(80, 106)
(80, 238)
(80, 118)
(81, 144)
(81, 218)
(81, 163)
(81, 165)
(81, 167)
(81, 172)
(81, 173)
(81, 194)
(81, 195)
(81, 196)
(81, 90)
(81, 93)
(81, 102)
(81, 114)
(81, 119)
(81, 121)
(81, 125)
(82, 192)
(82, 226)
(82, 230)
(82, 232)
(82, 140)
(82, 206)
(82, 147)
(82, 238)
(82, 118)
(82, 181)
(83, 131)
(83, 215)
(83, 148)
(83, 151)
(83, 159)
(83, 170)
(83, 199)
(83, 207)
(83, 213)
(83, 87)
(83, 95)
(83, 237)
(83, 240)
(83, 245)
(83, 122)
(83, 124)
(84, 149)
(84, 156)
(84, 160)
(84, 165)
(84, 168)
(84, 174)
(84, 180)
(84, 183)
(84, 188)
(84, 200)
(84, 210)
(84, 86)
(84, 219)
(84, 93)
(84, 94)
(84, 97)
(84, 104)
(84, 233)
(84, 243)
(84, 244)
(85, 137)
(85, 144)
(85, 153)
(85, 155)
(85, 156)
(85, 163)
(85, 165)
(85, 166)
(85, 167)
(85, 171)
(85, 176)
(85, 183)
(85, 196)
(85, 216)
(85, 90)
(85, 93)
(85, 108)
(85, 111)
(85, 119)
(85, 123)
(85, 125)
(86, 128)
(86, 132)
(86, 154)
(86, 168)
(86, 173)
(86, 174)
(86, 200)
(86, 204)
(86, 220)
(86, 94)
(86, 97)
(86, 104)
(86, 236)
(86, 243)
(86, 127)
(87, 95)
(87, 131)
(87, 170)
(87, 237)
(87, 177)
(87, 122)
(87, 148)
(87, 213)
(87, 215)
(87, 248)
(87, 152)
(87, 159)
(87, 189)
(87, 222)
(87, 245)
(88, 98)
(88, 107)
(88, 228)
(88, 133)
(88, 102)
(88, 235)
(88, 172)
(88, 110)
(88, 143)
(88, 241)
(88, 150)
(88, 121)
(88, 92)
(89, 198)
(89, 233)
(89, 202)
(89, 139)
(89, 239)
(89, 210)
(89, 116)
(89, 120)
(89, 188)
(90, 144)
(90, 153)
(90, 155)
(90, 156)
(90, 163)
(90, 165)
(90, 167)
(90, 173)
(90, 195)
(90, 196)
(90, 216)
(90, 93)
(90, 94)
(90, 108)
(90, 114)
(90, 119)
(90, 125)
(91, 128)
(91, 141)
(91, 154)
(91, 164)
(91, 190)
(91, 193)
(91, 201)
(91, 203)
(91, 204)
(91, 220)
(91, 224)
(91, 227)
(91, 106)
(91, 236)
(91, 242)
(91, 117)
(91, 247)
(92, 235)
(92, 133)
(92, 143)
(92, 150)
(92, 158)
(92, 186)
(92, 98)
(92, 228)
(92, 107)
(92, 109)
(92, 110)
(92, 241)
(93, 137)
(93, 144)
(93, 153)
(93, 155)
(93, 156)
(93, 163)
(93, 165)
(93, 167)
(93, 168)
(93, 173)
(93, 180)
(93, 183)
(93, 195)
(93, 196)
(93, 200)
(93, 216)
(93, 94)
(93, 104)
(93, 108)
(93, 111)
(93, 119)
(93, 125)
(94, 144)
(94, 156)
(94, 165)
(94, 167)
(94, 168)
(94, 173)
(94, 180)
(94, 183)
(94, 195)
(94, 196)
(94, 200)
(94, 216)
(94, 97)
(94, 104)
(94, 127)
(95, 170)
(95, 237)
(95, 177)
(95, 122)
(95, 148)
(95, 213)
(95, 248)
(95, 152)
(95, 189)
(95, 222)
(95, 159)
(96, 193)
(96, 113)
(96, 101)
(96, 134)
(96, 177)
(96, 141)
(96, 142)
(96, 175)
(96, 157)
(96, 209)
(96, 179)
(96, 117)
(96, 248)
(96, 217)
(96, 221)
(96, 223)
(97, 132)
(97, 162)
(97, 168)
(97, 174)
(97, 180)
(97, 200)
(97, 219)
(97, 104)
(97, 236)
(97, 243)
(97, 244)
(97, 127)
(98, 235)
(98, 133)
(98, 143)
(98, 145)
(98, 150)
(98, 172)
(98, 178)
(98, 186)
(98, 203)
(98, 227)
(98, 228)
(98, 102)
(98, 107)
(98, 110)
(98, 241)
(98, 121)
(99, 100)
(99, 211)
(99, 103)
(99, 208)
(99, 115)
(99, 212)
(99, 187)
(100, 211)
(100, 103)
(100, 115)
(100, 212)
(100, 187)
(101, 134)
(101, 141)
(101, 142)
(101, 164)
(101, 175)
(101, 177)
(101, 179)
(101, 190)
(101, 191)
(101, 193)
(101, 209)
(101, 217)
(101, 221)
(101, 223)
(101, 224)
(101, 157)
(101, 113)
(101, 117)
(101, 246)
(101, 248)
(102, 194)
(102, 228)
(102, 145)
(102, 107)
(102, 172)
(102, 114)
(102, 241)
(102, 178)
(102, 121)
(102, 218)
(103, 115)
(103, 182)
(103, 208)
(103, 211)
(103, 212)
(103, 214)
(103, 187)
(104, 132)
(104, 156)
(104, 165)
(104, 167)
(104, 168)
(104, 173)
(104, 174)
(104, 180)
(104, 200)
(104, 219)
(104, 243)
(104, 244)
(104, 127)
(105, 135)
(105, 139)
(105, 240)
(105, 151)
(105, 120)
(105, 124)
(105, 199)
(106, 140)
(106, 141)
(106, 147)
(106, 164)
(106, 190)
(106, 191)
(106, 201)
(106, 206)
(106, 224)
(106, 238)
(106, 242)
(106, 118)
(106, 247)
(107, 228)
(107, 133)
(107, 235)
(107, 172)
(107, 110)
(107, 143)
(107, 241)
(107, 150)
(107, 121)
(108, 129)
(108, 130)
(108, 137)
(108, 144)
(108, 149)
(108, 153)
(108, 155)
(108, 156)
(108, 160)
(108, 165)
(108, 166)
(108, 171)
(108, 176)
(108, 180)
(108, 183)
(108, 196)
(108, 216)
(108, 111)
(108, 119)
(108, 123)
(108, 125)
(109, 133)
(109, 235)
(109, 110)
(109, 143)
(109, 150)
(110, 133)
(110, 235)
(110, 143)
(110, 150)
(111, 129)
(111, 130)
(111, 137)
(111, 149)
(111, 153)
(111, 155)
(111, 156)
(111, 160)
(111, 165)
(111, 166)
(111, 169)
(111, 171)
(111, 180)
(111, 183)
(111, 185)
(111, 216)
(111, 123)
(112, 131)
(112, 136)
(112, 148)
(112, 162)
(112, 170)
(112, 175)
(112, 189)
(112, 198)
(112, 205)
(112, 207)
(112, 215)
(112, 222)
(112, 229)
(112, 116)
(112, 245)
(112, 249)
(112, 122)
(112, 126)
(113, 134)
(113, 141)
(113, 142)
(113, 146)
(113, 147)
(113, 157)
(113, 161)
(113, 164)
(113, 179)
(113, 182)
(113, 184)
(113, 190)
(113, 191)
(113, 197)
(113, 201)
(113, 209)
(113, 217)
(113, 221)
(113, 223)
(113, 225)
(113, 230)
(113, 117)
(113, 246)
(114, 144)
(114, 218)
(114, 163)
(114, 172)
(114, 173)
(114, 194)
(114, 195)
(114, 196)
(114, 241)
(114, 119)
(114, 121)
(115, 182)
(115, 231)
(115, 138)
(115, 208)
(115, 211)
(115, 212)
(115, 214)
(115, 187)
(116, 198)
(116, 233)
(116, 202)
(116, 139)
(116, 205)
(116, 239)
(116, 210)
(116, 120)
(116, 249)
(117, 134)
(117, 141)
(117, 142)
(117, 146)
(117, 164)
(117, 175)
(117, 179)
(117, 190)
(117, 191)
(117, 193)
(117, 201)
(117, 204)
(117, 209)
(117, 221)
(117, 223)
(117, 224)
(117, 236)
(117, 157)
(117, 246)
(118, 140)
(118, 147)
(118, 164)
(118, 190)
(118, 201)
(118, 206)
(118, 238)
(118, 247)
(118, 191)
(119, 144)
(119, 153)
(119, 155)
(119, 156)
(119, 163)
(119, 165)
(119, 167)
(119, 176)
(119, 195)
(119, 196)
(119, 216)
(119, 125)
(120, 139)
(120, 199)
(120, 215)
(120, 205)
(120, 207)
(120, 240)
(120, 131)
(120, 151)
(120, 135)
(121, 145)
(121, 172)
(121, 173)
(121, 178)
(121, 194)
(121, 195)
(121, 218)
(121, 228)
(121, 241)
(121, 127)
(122, 131)
(122, 148)
(122, 151)
(122, 152)
(122, 159)
(122, 170)
(122, 189)
(122, 199)
(122, 207)
(122, 213)
(122, 215)
(122, 222)
(122, 237)
(122, 240)
(122, 245)
(122, 124)
(123, 160)
(123, 129)
(123, 130)
(123, 166)
(123, 137)
(123, 171)
(123, 176)
(123, 149)
(123, 183)
(123, 216)
(123, 185)
(123, 155)
(123, 156)
(123, 153)
(124, 131)
(124, 199)
(124, 215)
(124, 207)
(124, 240)
(124, 148)
(124, 245)
(124, 151)
(124, 135)
(125, 144)
(125, 153)
(125, 155)
(125, 156)
(125, 163)
(125, 165)
(125, 167)
(125, 176)
(125, 195)
(125, 196)
(125, 216)
(126, 132)
(126, 136)
(126, 162)
(126, 174)
(126, 175)
(126, 193)
(126, 204)
(126, 205)
(126, 210)
(126, 219)
(126, 222)
(126, 223)
(126, 229)
(126, 236)
(126, 243)
(126, 244)
(126, 249)
(127, 128)
(127, 145)
(127, 154)
(127, 167)
(127, 168)
(127, 172)
(127, 173)
(127, 178)
(127, 194)
(127, 203)
(127, 218)
(127, 220)
(127, 227)
(127, 228)
(127, 247)
(128, 145)
(128, 154)
(128, 173)
(128, 178)
(128, 186)
(128, 203)
(128, 204)
(128, 220)
(128, 224)
(128, 227)
(128, 228)
(128, 236)
(128, 242)
(128, 247)
(129, 130)
(129, 137)
(129, 149)
(129, 153)
(129, 155)
(129, 156)
(129, 160)
(129, 166)
(129, 169)
(129, 171)
(129, 180)
(129, 183)
(129, 185)
(129, 188)
(129, 216)
(130, 160)
(130, 166)
(130, 169)
(130, 171)
(130, 180)
(130, 149)
(130, 183)
(130, 153)
(130, 185)
(130, 155)
(130, 156)
(130, 137)
(131, 148)
(131, 151)
(131, 159)
(131, 170)
(131, 189)
(131, 199)
(131, 205)
(131, 207)
(131, 215)
(131, 222)
(131, 229)
(131, 237)
(131, 240)
(131, 245)
(132, 136)
(132, 141)
(132, 154)
(132, 162)
(132, 174)
(132, 175)
(132, 193)
(132, 204)
(132, 219)
(132, 223)
(132, 224)
(132, 236)
(132, 243)
(132, 244)
(132, 249)
(133, 150)
(133, 235)
(133, 143)
(134, 141)
(134, 142)
(134, 157)
(134, 164)
(134, 175)
(134, 179)
(134, 190)
(134, 193)
(134, 201)
(134, 204)
(134, 209)
(134, 221)
(134, 223)
(134, 224)
(134, 236)
(134, 246)
(134, 191)
(135, 199)
(135, 240)
(135, 151)
(136, 162)
(136, 174)
(136, 175)
(136, 188)
(136, 198)
(136, 205)
(136, 210)
(136, 219)
(136, 229)
(136, 233)
(136, 243)
(136, 244)
(136, 249)
(137, 149)
(137, 153)
(137, 155)
(137, 156)
(137, 160)
(137, 176)
(137, 165)
(137, 166)
(137, 171)
(137, 180)
(137, 183)
(137, 185)
(137, 196)
(137, 216)
(138, 231)
(138, 234)
(138, 142)
(138, 208)
(138, 214)
(138, 217)
(139, 198)
(139, 202)
(139, 205)
(139, 239)
(140, 192)
(140, 232)
(140, 206)
(140, 147)
(140, 238)
(140, 181)
(141, 154)
(141, 164)
(141, 157)
(141, 179)
(141, 190)
(141, 191)
(141, 193)
(141, 201)
(141, 204)
(141, 220)
(141, 221)
(141, 223)
(141, 224)
(141, 236)
(141, 242)
(141, 247)
(142, 157)
(142, 177)
(142, 179)
(142, 182)
(142, 184)
(142, 191)
(142, 208)
(142, 209)
(142, 214)
(142, 217)
(142, 221)
(142, 231)
(142, 234)
(142, 246)
(142, 248)
(143, 228)
(143, 235)
(143, 150)
(143, 186)
(143, 158)
(144, 153)
(144, 155)
(144, 156)
(144, 163)
(144, 165)
(144, 167)
(144, 176)
(144, 195)
(144, 196)
(144, 216)
(145, 172)
(145, 173)
(145, 178)
(145, 186)
(145, 194)
(145, 203)
(145, 218)
(145, 220)
(145, 227)
(145, 228)
(145, 241)
(145, 247)
(146, 147)
(146, 161)
(146, 164)
(146, 179)
(146, 181)
(146, 182)
(146, 184)
(146, 190)
(146, 191)
(146, 197)
(146, 201)
(146, 209)
(146, 221)
(146, 225)
(146, 226)
(146, 230)
(146, 232)
(146, 238)
(146, 246)
(147, 161)
(147, 164)
(147, 181)
(147, 184)
(147, 190)
(147, 191)
(147, 197)
(147, 201)
(147, 206)
(147, 225)
(147, 226)
(147, 230)
(147, 232)
(147, 238)
(148, 151)
(148, 152)
(148, 159)
(148, 170)
(148, 189)
(148, 199)
(148, 205)
(148, 207)
(148, 213)
(148, 215)
(148, 222)
(148, 229)
(148, 237)
(148, 240)
(148, 245)
(149, 153)
(149, 155)
(149, 156)
(149, 160)
(149, 166)
(149, 169)
(149, 180)
(149, 183)
(149, 185)
(149, 188)
(149, 200)
(149, 216)
(149, 233)
(150, 235)
(151, 199)
(151, 207)
(151, 240)
(151, 245)
(151, 215)
(152, 159)
(152, 170)
(152, 175)
(152, 177)
(152, 189)
(152, 213)
(152, 222)
(152, 237)
(152, 245)
(152, 248)
(153, 155)
(153, 156)
(153, 160)
(153, 176)
(153, 165)
(153, 166)
(153, 167)
(153, 171)
(153, 180)
(153, 183)
(153, 196)
(153, 216)
(154, 164)
(154, 190)
(154, 193)
(154, 201)
(154, 203)
(154, 204)
(154, 220)
(154, 224)
(154, 227)
(154, 236)
(154, 242)
(154, 243)
(154, 247)
(155, 156)
(155, 160)
(155, 165)
(155, 166)
(155, 167)
(155, 171)
(155, 180)
(155, 183)
(155, 185)
(155, 196)
(155, 200)
(155, 216)
(156, 160)
(156, 165)
(156, 166)
(156, 167)
(156, 168)
(156, 171)
(156, 180)
(156, 183)
(156, 185)
(156, 196)
(156, 200)
(156, 216)
(157, 164)
(157, 175)
(157, 177)
(157, 179)
(157, 190)
(157, 191)
(157, 193)
(157, 204)
(157, 209)
(157, 221)
(157, 223)
(157, 224)
(157, 236)
(157, 248)
(158, 192)
(158, 206)
(158, 186)
(159, 170)
(159, 177)
(159, 189)
(159, 213)
(159, 222)
(159, 237)
(159, 245)
(159, 248)
(160, 166)
(160, 169)
(160, 171)
(160, 180)
(160, 183)
(160, 185)
(160, 188)
(160, 200)
(160, 216)
(160, 233)
(161, 164)
(161, 179)
(161, 181)
(161, 182)
(161, 184)
(161, 190)
(161, 191)
(161, 197)
(161, 201)
(161, 209)
(161, 221)
(161, 225)
(161, 226)
(161, 230)
(161, 232)
(161, 238)
(161, 246)
(162, 174)
(162, 175)
(162, 193)
(162, 198)
(162, 205)
(162, 210)
(162, 219)
(162, 223)
(162, 229)
(162, 236)
(162, 243)
(162, 244)
(162, 249)
(163, 196)
(163, 165)
(163, 167)
(163, 176)
(163, 195)
(164, 179)
(164, 190)
(164, 191)
(164, 193)
(164, 201)
(164, 204)
(164, 206)
(164, 221)
(164, 223)
(164, 224)
(164, 236)
(164, 242)
(165, 166)
(165, 167)
(165, 168)
(165, 171)
(165, 173)
(165, 180)
(165, 183)
(165, 195)
(165, 196)
(165, 200)
(165, 216)
(166, 169)
(166, 171)
(166, 180)
(166, 183)
(166, 185)
(166, 216)
(167, 168)
(167, 173)
(167, 183)
(167, 194)
(167, 195)
(167, 196)
(167, 200)
(167, 216)
(168, 173)
(168, 174)
(168, 180)
(168, 183)
(168, 200)
(168, 219)
(168, 243)
(168, 244)
(169, 233)
(169, 202)
(169, 239)
(169, 180)
(169, 183)
(169, 185)
(169, 188)
(170, 175)
(170, 177)
(170, 189)
(170, 205)
(170, 207)
(170, 213)
(170, 215)
(170, 222)
(170, 229)
(170, 237)
(170, 245)
(170, 248)
(171, 176)
(171, 183)
(171, 216)
(172, 173)
(172, 178)
(172, 194)
(172, 195)
(172, 203)
(172, 218)
(172, 227)
(172, 228)
(172, 241)
(173, 195)
(173, 218)
(173, 194)
(173, 220)
(174, 180)
(174, 188)
(174, 198)
(174, 200)
(174, 210)
(174, 219)
(174, 243)
(174, 244)
(174, 249)
(175, 177)
(175, 223)
(175, 189)
(175, 193)
(175, 222)
(175, 229)
(175, 248)
(175, 249)
(176, 196)
(177, 223)
(177, 189)
(177, 213)
(177, 217)
(177, 222)
(177, 234)
(177, 237)
(177, 248)
(178, 186)
(178, 194)
(178, 203)
(178, 218)
(178, 220)
(178, 227)
(178, 228)
(178, 241)
(178, 242)
(178, 247)
(179, 193)
(179, 182)
(179, 184)
(179, 190)
(179, 197)
(179, 201)
(179, 209)
(179, 217)
(179, 221)
(179, 223)
(179, 224)
(179, 225)
(179, 246)
(179, 191)
(180, 183)
(180, 185)
(180, 188)
(180, 200)
(180, 216)
(180, 219)
(180, 233)
(180, 244)
(181, 197)
(181, 225)
(181, 226)
(181, 230)
(181, 232)
(181, 238)
(182, 184)
(182, 191)
(182, 197)
(182, 208)
(182, 209)
(182, 212)
(182, 214)
(182, 217)
(182, 221)
(182, 225)
(182, 226)
(182, 230)
(182, 232)
(182, 246)
(183, 185)
(183, 200)
(183, 216)
(184, 190)
(184, 197)
(184, 209)
(184, 221)
(184, 225)
(184, 226)
(184, 230)
(184, 232)
(184, 246)
(184, 191)
(185, 233)
(185, 202)
(185, 239)
(185, 188)
(186, 227)
(186, 228)
(186, 203)
(186, 206)
(186, 242)
(186, 247)
(186, 220)
(187, 211)
(187, 212)
(188, 198)
(188, 200)
(188, 202)
(188, 210)
(188, 219)
(188, 233)
(188, 239)
(188, 244)
(188, 249)
(189, 215)
(189, 207)
(189, 213)
(189, 222)
(189, 229)
(189, 237)
(189, 245)
(189, 248)
(190, 197)
(190, 201)
(190, 206)
(190, 221)
(190, 224)
(190, 242)
(190, 246)
(190, 191)
(191, 197)
(191, 201)
(191, 209)
(191, 221)
(191, 225)
(191, 230)
(191, 232)
(191, 246)
(192, 206)
(192, 238)
(193, 204)
(193, 221)
(193, 223)
(193, 224)
(193, 236)
(193, 243)
(194, 195)
(194, 218)
(194, 228)
(194, 241)
(195, 218)
(195, 196)
(196, 216)
(197, 209)
(197, 221)
(197, 225)
(197, 226)
(197, 230)
(197, 232)
(197, 238)
(197, 246)
(198, 244)
(198, 202)
(198, 205)
(198, 210)
(198, 219)
(198, 229)
(198, 233)
(198, 239)
(198, 249)
(199, 207)
(199, 240)
(199, 215)
(200, 216)
(200, 219)
(200, 243)
(200, 244)
(201, 204)
(201, 206)
(201, 221)
(201, 224)
(201, 242)
(201, 247)
(202, 233)
(202, 239)
(202, 210)
(202, 219)
(203, 227)
(203, 228)
(203, 242)
(203, 247)
(203, 220)
(204, 220)
(204, 223)
(204, 224)
(204, 236)
(204, 242)
(204, 243)
(204, 247)
(205, 207)
(205, 210)
(205, 215)
(205, 219)
(205, 222)
(205, 229)
(205, 245)
(205, 249)
(206, 238)
(206, 247)
(207, 240)
(207, 215)
(207, 222)
(207, 229)
(207, 245)
(208, 246)
(208, 231)
(208, 234)
(208, 209)
(208, 211)
(208, 214)
(208, 217)
(209, 214)
(209, 217)
(209, 221)
(209, 223)
(209, 225)
(209, 234)
(209, 246)
(209, 248)
(210, 244)
(210, 219)
(210, 229)
(210, 233)
(210, 239)
(210, 249)
(211, 212)
(212, 226)
(213, 237)
(213, 248)
(214, 231)
(214, 234)
(214, 246)
(214, 217)
(215, 240)
(215, 222)
(215, 229)
(215, 245)
(217, 221)
(217, 231)
(217, 234)
(217, 246)
(217, 248)
(218, 228)
(218, 241)
(219, 233)
(219, 239)
(219, 243)
(219, 244)
(219, 249)
(220, 224)
(220, 227)
(220, 236)
(220, 242)
(220, 243)
(220, 247)
(221, 223)
(221, 225)
(221, 246)
(222, 229)
(222, 237)
(222, 245)
(222, 248)
(223, 224)
(223, 236)
(224, 236)
(224, 242)
(224, 243)
(224, 247)
(225, 226)
(225, 230)
(225, 232)
(225, 246)
(226, 230)
(226, 232)
(226, 238)
(226, 246)
(227, 228)
(227, 247)
(227, 242)
(228, 241)
(228, 247)
(229, 245)
(229, 249)
(230, 232)
(230, 238)
(230, 246)
(231, 234)
(231, 248)
(232, 238)
(232, 246)
(233, 244)
(233, 239)
(233, 249)
(234, 248)
(236, 242)
(236, 243)
(236, 247)
(237, 245)
(237, 248)
(239, 244)
(240, 245)
(242, 247)
(243, 244)
(244, 249)
