#Nodes
0
1
2
3
4
5
6
7
8
9
10
11
12
13
14
15
16
17
18
19
20
21
22
23
24
25
26
27
28
29
30
31
32
33
34
35
36
37
38
39
40
41
42
43
44
45
46
47
48
49
50
51
52
53
54
55
56
57
58
59
60
61
62
63
64
65
66
67
68
69
70
71
72
73
74
75
76
77
78
79
80
81
82
83
84
85
86
87
88
89
90
91
92
93
94
95
96
97
98
99
100
101
102
103
104
105
106
107
108
109
110
111
112
113
114
115
116
117
118
119
120
121
122
123
124
125
126
127
128
129
130
131
132
133
134
135
136
137
138
139
140
141
142
143
144
145
146
147
148
149
150
151
152
153
154
155
156
157
158
159
160
161
162
163
164
165
166
167
168
169
170
171
172
173
174
175
176
177
178
179
180
181
182
183
184
185
186
187
188
189
190
191
192
193
194
195
196
197
198
199
200
201
202
203
204
205
206
207
208
209
210
211
212
213
214
215
216
217
218
219
220
221
222
223
224
225
226
227
228
229
230
231
232
233
234
235
236
237
238
239
240
241
242
243
244
245
246
247
248
249
#Edges
(0, 4)
(0, 7)
(0, 137)
(0, 10)
(0, 15)
(0, 19)
(0, 153)
(0, 155)
(0, 156)
(0, 167)
(0, 44)
(0, 45)
(0, 48)
(0, 183)
(0, 58)
(0, 195)
(0, 75)
(0, 76)
(0, 173)
(0, 213)
(0, 97)
(0, 209)
(0, 39)
(0, 239)
(0, 126)
(1, 128)
(1, 133)
(1, 139)
(1, 22)
(1, 23)
(1, 24)
(1, 25)
(1, 26)
(1, 47)
(1, 29)
(1, 33)
(1, 162)
(1, 40)
(1, 170)
(1, 43)
(1, 175)
(1, 178)
(1, 180)
(1, 70)
(1, 71)
(1, 72)
(1, 73)
(1, 78)
(1, 84)
(1, 86)
(1, 219)
(1, 224)
(1, 235)
(1, 238)
(1, 114)
(1, 117)
(1, 247)
(1, 123)
(2, 131)
(2, 138)
(2, 12)
(2, 146)
(2, 21)
(2, 31)
(2, 49)
(2, 42)
(2, 189)
(2, 116)
(2, 60)
(2, 61)
(2, 193)
(2, 66)
(2, 201)
(2, 210)
(2, 89)
(2, 223)
(2, 226)
(2, 100)
(2, 229)
(2, 230)
(2, 233)
(2, 109)
(2, 111)
(2, 115)
(2, 244)
(2, 124)
(3, 144)
(3, 102)
(3, 231)
(3, 41)
(3, 135)
(3, 172)
(3, 237)
(3, 208)
(3, 216)
(3, 51)
(3, 248)
(3, 120)
(3, 218)
(3, 16)
(4, 7)
(4, 136)
(4, 10)
(4, 19)
(4, 156)
(4, 30)
(4, 32)
(4, 167)
(4, 45)
(4, 179)
(4, 183)
(4, 62)
(4, 63)
(4, 200)
(4, 75)
(4, 205)
(4, 79)
(4, 209)
(4, 213)
(4, 88)
(4, 218)
(4, 97)
(4, 227)
(4, 39)
(4, 241)
(4, 126)
(5, 161)
(5, 194)
(5, 227)
(5, 68)
(5, 102)
(5, 134)
(5, 199)
(5, 136)
(5, 135)
(5, 172)
(5, 237)
(5, 207)
(5, 211)
(5, 148)
(5, 54)
(5, 87)
(5, 216)
(5, 249)
(5, 63)
(5, 51)
(5, 101)
(6, 133)
(6, 9)
(6, 140)
(6, 20)
(6, 149)
(6, 33)
(6, 36)
(6, 38)
(6, 168)
(6, 92)
(6, 170)
(6, 114)
(6, 46)
(6, 47)
(6, 180)
(6, 181)
(6, 57)
(6, 59)
(6, 245)
(6, 67)
(6, 78)
(6, 212)
(6, 214)
(6, 220)
(6, 94)
(6, 104)
(6, 106)
(6, 108)
(6, 112)
(6, 113)
(6, 242)
(6, 117)
(6, 118)
(6, 121)
(7, 137)
(7, 10)
(7, 15)
(7, 19)
(7, 153)
(7, 155)
(7, 156)
(7, 167)
(7, 48)
(7, 179)
(7, 183)
(7, 58)
(7, 195)
(7, 75)
(7, 76)
(7, 79)
(7, 209)
(7, 213)
(7, 88)
(7, 97)
(7, 39)
(7, 239)
(7, 126)
(8, 192)
(8, 129)
(8, 99)
(8, 196)
(8, 166)
(8, 71)
(8, 64)
(8, 105)
(8, 234)
(8, 13)
(8, 143)
(8, 18)
(8, 35)
(8, 56)
(8, 132)
(8, 154)
(8, 28)
(9, 131)
(9, 20)
(9, 149)
(9, 159)
(9, 34)
(9, 164)
(9, 168)
(9, 220)
(9, 46)
(9, 49)
(9, 52)
(9, 57)
(9, 61)
(9, 193)
(9, 66)
(9, 201)
(9, 210)
(9, 212)
(9, 36)
(9, 92)
(9, 94)
(9, 226)
(9, 104)
(9, 108)
(9, 242)
(9, 244)
(9, 245)
(9, 118)
(9, 121)
(10, 136)
(10, 15)
(10, 19)
(10, 156)
(10, 30)
(10, 32)
(10, 167)
(10, 45)
(10, 179)
(10, 54)
(10, 183)
(10, 62)
(10, 63)
(10, 200)
(10, 75)
(10, 76)
(10, 205)
(10, 209)
(10, 213)
(10, 88)
(10, 97)
(10, 227)
(10, 39)
(10, 241)
(10, 126)
(11, 134)
(11, 141)
(11, 146)
(11, 147)
(11, 27)
(11, 160)
(11, 161)
(11, 164)
(11, 169)
(11, 171)
(11, 50)
(11, 185)
(11, 187)
(11, 199)
(11, 202)
(11, 204)
(11, 83)
(11, 96)
(11, 228)
(11, 101)
(11, 232)
(11, 249)
(11, 124)
(11, 125)
(12, 138)
(12, 146)
(12, 21)
(12, 27)
(12, 31)
(12, 169)
(12, 42)
(12, 171)
(12, 60)
(12, 189)
(12, 66)
(12, 201)
(12, 89)
(12, 223)
(12, 226)
(12, 100)
(12, 229)
(12, 230)
(12, 233)
(12, 109)
(12, 115)
(12, 244)
(12, 124)
(12, 125)
(13, 64)
(13, 129)
(13, 35)
(13, 196)
(13, 166)
(13, 105)
(13, 143)
(13, 176)
(13, 56)
(13, 28)
(14, 134)
(14, 141)
(14, 147)
(14, 159)
(14, 160)
(14, 34)
(14, 164)
(14, 220)
(14, 171)
(14, 49)
(14, 50)
(14, 185)
(14, 187)
(14, 191)
(14, 74)
(14, 204)
(14, 210)
(14, 83)
(14, 85)
(14, 215)
(14, 92)
(14, 101)
(14, 232)
(14, 108)
(14, 242)
(14, 245)
(14, 121)
(14, 125)
(15, 227)
(15, 167)
(15, 44)
(15, 74)
(15, 75)
(15, 76)
(15, 173)
(15, 45)
(15, 209)
(15, 213)
(15, 214)
(15, 183)
(15, 39)
(15, 156)
(15, 43)
(15, 126)
(15, 85)
(16, 32)
(16, 144)
(16, 102)
(16, 231)
(16, 200)
(16, 41)
(16, 208)
(16, 216)
(16, 248)
(16, 120)
(16, 218)
(17, 130)
(17, 163)
(17, 197)
(17, 103)
(17, 107)
(17, 174)
(17, 55)
(17, 240)
(17, 177)
(17, 37)
(17, 150)
(17, 122)
(17, 182)
(17, 151)
(17, 184)
(17, 217)
(17, 186)
(17, 157)
(17, 158)
(17, 127)
(18, 64)
(18, 132)
(18, 133)
(18, 143)
(18, 24)
(18, 26)
(18, 28)
(18, 33)
(18, 35)
(18, 70)
(18, 166)
(18, 176)
(18, 178)
(18, 181)
(18, 56)
(18, 59)
(18, 190)
(18, 192)
(18, 67)
(18, 198)
(18, 71)
(18, 203)
(18, 77)
(18, 95)
(18, 98)
(18, 99)
(18, 38)
(18, 234)
(18, 246)
(18, 106)
(19, 137)
(19, 153)
(19, 155)
(19, 156)
(19, 39)
(19, 48)
(19, 179)
(19, 183)
(19, 58)
(19, 195)
(19, 197)
(19, 97)
(19, 76)
(19, 209)
(19, 213)
(19, 88)
(19, 225)
(19, 239)
(19, 126)
(20, 128)
(20, 133)
(20, 149)
(20, 22)
(20, 33)
(20, 36)
(20, 38)
(20, 168)
(20, 170)
(20, 114)
(20, 46)
(20, 47)
(20, 180)
(20, 181)
(20, 57)
(20, 59)
(20, 245)
(20, 67)
(20, 72)
(20, 74)
(20, 78)
(20, 84)
(20, 214)
(20, 121)
(20, 220)
(20, 94)
(20, 104)
(20, 106)
(20, 108)
(20, 112)
(20, 242)
(20, 117)
(20, 212)
(21, 138)
(21, 146)
(21, 27)
(21, 160)
(21, 34)
(21, 164)
(21, 169)
(21, 42)
(21, 171)
(21, 49)
(21, 185)
(21, 60)
(21, 189)
(21, 193)
(21, 66)
(21, 201)
(21, 202)
(21, 210)
(21, 89)
(21, 223)
(21, 226)
(21, 100)
(21, 229)
(21, 230)
(21, 232)
(21, 233)
(21, 109)
(21, 115)
(21, 244)
(21, 124)
(21, 125)
(22, 128)
(22, 132)
(22, 133)
(22, 139)
(22, 23)
(22, 24)
(22, 26)
(22, 47)
(22, 29)
(22, 33)
(22, 40)
(22, 170)
(22, 43)
(22, 175)
(22, 178)
(22, 180)
(22, 181)
(22, 70)
(22, 71)
(22, 72)
(22, 73)
(22, 78)
(22, 84)
(22, 86)
(22, 219)
(22, 106)
(22, 235)
(22, 238)
(22, 112)
(22, 114)
(22, 117)
(22, 123)
(22, 234)
(23, 139)
(23, 24)
(23, 152)
(23, 154)
(23, 29)
(23, 162)
(23, 40)
(23, 175)
(23, 178)
(23, 70)
(23, 71)
(23, 72)
(23, 73)
(23, 247)
(23, 81)
(23, 86)
(23, 219)
(23, 93)
(23, 222)
(23, 224)
(23, 234)
(23, 236)
(23, 238)
(23, 243)
(23, 119)
(23, 123)
(24, 128)
(24, 132)
(24, 133)
(24, 139)
(24, 26)
(24, 47)
(24, 29)
(24, 33)
(24, 40)
(24, 170)
(24, 175)
(24, 178)
(24, 180)
(24, 181)
(24, 70)
(24, 71)
(24, 72)
(24, 73)
(24, 78)
(24, 84)
(24, 86)
(24, 219)
(24, 106)
(24, 235)
(24, 238)
(24, 112)
(24, 114)
(24, 117)
(24, 119)
(24, 123)
(24, 234)
(25, 224)
(25, 128)
(25, 139)
(25, 197)
(25, 48)
(25, 137)
(25, 235)
(25, 44)
(25, 239)
(25, 240)
(25, 43)
(25, 84)
(25, 182)
(25, 184)
(25, 153)
(25, 122)
(25, 219)
(25, 58)
(25, 150)
(26, 132)
(26, 133)
(26, 33)
(26, 70)
(26, 38)
(26, 40)
(26, 170)
(26, 178)
(26, 180)
(26, 181)
(26, 59)
(26, 190)
(26, 192)
(26, 67)
(26, 198)
(26, 71)
(26, 72)
(26, 73)
(26, 203)
(26, 77)
(26, 78)
(26, 86)
(26, 219)
(26, 95)
(26, 98)
(26, 99)
(26, 234)
(26, 117)
(26, 246)
(26, 106)
(27, 146)
(27, 160)
(27, 169)
(27, 42)
(27, 171)
(27, 185)
(27, 187)
(27, 60)
(27, 189)
(27, 66)
(27, 202)
(27, 89)
(27, 96)
(27, 228)
(27, 229)
(27, 232)
(27, 109)
(27, 124)
(27, 125)
(28, 192)
(28, 129)
(28, 99)
(28, 132)
(28, 166)
(28, 71)
(28, 64)
(28, 105)
(28, 234)
(28, 143)
(28, 35)
(28, 56)
(28, 196)
(29, 139)
(29, 150)
(29, 152)
(29, 154)
(29, 162)
(29, 40)
(29, 175)
(29, 178)
(29, 184)
(29, 186)
(29, 70)
(29, 72)
(29, 73)
(29, 247)
(29, 206)
(29, 81)
(29, 86)
(29, 219)
(29, 93)
(29, 222)
(29, 224)
(29, 235)
(29, 236)
(29, 238)
(29, 240)
(29, 243)
(29, 119)
(29, 123)
(30, 32)
(30, 227)
(30, 102)
(30, 167)
(30, 200)
(30, 75)
(30, 205)
(30, 45)
(30, 136)
(30, 241)
(30, 179)
(30, 62)
(30, 54)
(30, 39)
(30, 216)
(30, 88)
(30, 218)
(30, 126)
(30, 63)
(31, 42)
(31, 226)
(31, 100)
(31, 229)
(31, 230)
(31, 233)
(31, 138)
(31, 111)
(31, 115)
(31, 244)
(31, 89)
(31, 201)
(31, 116)
(31, 189)
(31, 223)
(32, 136)
(32, 216)
(32, 167)
(32, 51)
(32, 54)
(32, 62)
(32, 63)
(32, 200)
(32, 75)
(32, 205)
(32, 207)
(32, 88)
(32, 218)
(32, 227)
(32, 102)
(32, 231)
(32, 237)
(32, 241)
(32, 248)
(33, 128)
(33, 132)
(33, 133)
(33, 70)
(33, 38)
(33, 40)
(33, 170)
(33, 47)
(33, 178)
(33, 180)
(33, 181)
(33, 59)
(33, 192)
(33, 67)
(33, 198)
(33, 71)
(33, 72)
(33, 73)
(33, 78)
(33, 84)
(33, 86)
(33, 219)
(33, 98)
(33, 106)
(33, 235)
(33, 112)
(33, 114)
(33, 117)
(33, 246)
(34, 141)
(34, 147)
(34, 159)
(34, 160)
(34, 164)
(34, 168)
(34, 92)
(34, 171)
(34, 49)
(34, 50)
(34, 185)
(34, 60)
(34, 61)
(34, 193)
(34, 66)
(34, 201)
(34, 204)
(34, 210)
(34, 83)
(34, 85)
(34, 220)
(34, 94)
(34, 226)
(34, 232)
(34, 108)
(34, 242)
(34, 244)
(34, 245)
(34, 121)
(34, 124)
(34, 125)
(35, 192)
(35, 129)
(35, 99)
(35, 196)
(35, 166)
(35, 71)
(35, 64)
(35, 105)
(35, 234)
(35, 143)
(35, 56)
(35, 132)
(35, 154)
(36, 131)
(36, 140)
(36, 145)
(36, 149)
(36, 38)
(36, 168)
(36, 46)
(36, 52)
(36, 53)
(36, 57)
(36, 59)
(36, 61)
(36, 193)
(36, 67)
(36, 82)
(36, 212)
(36, 90)
(36, 220)
(36, 94)
(36, 104)
(36, 108)
(36, 110)
(36, 112)
(36, 113)
(36, 242)
(36, 245)
(36, 118)
(36, 121)
(37, 130)
(37, 163)
(37, 103)
(37, 122)
(37, 107)
(37, 174)
(37, 177)
(37, 206)
(37, 55)
(37, 217)
(37, 186)
(37, 157)
(37, 158)
(37, 127)
(38, 132)
(38, 133)
(38, 140)
(38, 145)
(38, 149)
(38, 165)
(38, 46)
(38, 176)
(38, 181)
(38, 57)
(38, 59)
(38, 188)
(38, 190)
(38, 192)
(38, 67)
(38, 69)
(38, 198)
(38, 203)
(38, 77)
(38, 80)
(38, 82)
(38, 212)
(38, 90)
(38, 91)
(38, 221)
(38, 95)
(38, 98)
(38, 104)
(38, 106)
(38, 112)
(38, 113)
(38, 117)
(38, 246)
(39, 136)
(39, 137)
(39, 173)
(39, 156)
(39, 167)
(39, 45)
(39, 54)
(39, 183)
(39, 62)
(39, 63)
(39, 75)
(39, 76)
(39, 205)
(39, 209)
(39, 213)
(39, 97)
(39, 227)
(39, 126)
(40, 128)
(40, 132)
(40, 133)
(40, 139)
(40, 47)
(40, 170)
(40, 43)
(40, 175)
(40, 178)
(40, 180)
(40, 181)
(40, 59)
(40, 70)
(40, 71)
(40, 72)
(40, 73)
(40, 78)
(40, 84)
(40, 86)
(40, 219)
(40, 234)
(40, 235)
(40, 238)
(40, 112)
(40, 114)
(40, 117)
(40, 106)
(41, 144)
(41, 102)
(41, 231)
(41, 135)
(41, 172)
(41, 237)
(41, 208)
(41, 216)
(41, 51)
(41, 248)
(41, 120)
(41, 218)
(42, 66)
(42, 100)
(42, 229)
(42, 230)
(42, 233)
(42, 109)
(42, 60)
(42, 146)
(42, 115)
(42, 169)
(42, 89)
(42, 124)
(42, 189)
(43, 128)
(43, 214)
(43, 156)
(43, 170)
(43, 44)
(43, 173)
(43, 47)
(43, 48)
(43, 180)
(43, 183)
(43, 72)
(43, 74)
(43, 76)
(43, 78)
(43, 209)
(43, 84)
(43, 213)
(43, 86)
(43, 235)
(43, 112)
(43, 114)
(44, 128)
(44, 137)
(44, 156)
(44, 170)
(44, 173)
(44, 47)
(44, 48)
(44, 180)
(44, 183)
(44, 74)
(44, 76)
(44, 78)
(44, 209)
(44, 84)
(44, 213)
(44, 214)
(44, 235)
(44, 114)
(44, 126)
(45, 136)
(45, 156)
(45, 167)
(45, 173)
(45, 54)
(45, 183)
(45, 62)
(45, 63)
(45, 74)
(45, 75)
(45, 76)
(45, 205)
(45, 209)
(45, 83)
(45, 85)
(45, 215)
(45, 227)
(45, 101)
(45, 191)
(45, 126)
(45, 213)
(46, 140)
(46, 145)
(46, 149)
(46, 165)
(46, 168)
(46, 47)
(46, 52)
(46, 181)
(46, 57)
(46, 59)
(46, 53)
(46, 245)
(46, 67)
(46, 203)
(46, 82)
(46, 212)
(46, 90)
(46, 220)
(46, 221)
(46, 94)
(46, 98)
(46, 104)
(46, 106)
(46, 108)
(46, 112)
(46, 113)
(46, 242)
(46, 117)
(46, 118)
(46, 121)
(47, 128)
(47, 133)
(47, 86)
(47, 168)
(47, 170)
(47, 173)
(47, 180)
(47, 181)
(47, 57)
(47, 59)
(47, 245)
(47, 67)
(47, 72)
(47, 74)
(47, 78)
(47, 84)
(47, 214)
(47, 220)
(47, 106)
(47, 235)
(47, 108)
(47, 112)
(47, 114)
(47, 117)
(47, 212)
(48, 137)
(48, 150)
(48, 153)
(48, 155)
(48, 156)
(48, 182)
(48, 183)
(48, 184)
(48, 58)
(48, 195)
(48, 197)
(48, 76)
(48, 209)
(48, 213)
(48, 239)
(48, 240)
(48, 122)
(49, 141)
(49, 147)
(49, 159)
(49, 160)
(49, 164)
(49, 168)
(49, 169)
(49, 171)
(49, 185)
(49, 60)
(49, 61)
(49, 193)
(49, 66)
(49, 201)
(49, 204)
(49, 92)
(49, 210)
(49, 89)
(49, 220)
(49, 94)
(49, 223)
(49, 226)
(49, 232)
(49, 108)
(49, 242)
(49, 244)
(49, 245)
(49, 121)
(49, 124)
(49, 125)
(50, 134)
(50, 141)
(50, 147)
(50, 159)
(50, 160)
(50, 161)
(50, 164)
(50, 171)
(50, 185)
(50, 187)
(50, 191)
(50, 204)
(50, 210)
(50, 83)
(50, 85)
(50, 215)
(50, 92)
(50, 228)
(50, 101)
(50, 232)
(50, 249)
(50, 125)
(51, 135)
(51, 136)
(51, 148)
(51, 172)
(51, 54)
(51, 63)
(51, 194)
(51, 68)
(51, 199)
(51, 205)
(51, 207)
(51, 208)
(51, 211)
(51, 87)
(51, 216)
(51, 227)
(51, 102)
(51, 237)
(52, 131)
(52, 140)
(52, 145)
(52, 149)
(52, 165)
(52, 168)
(52, 53)
(52, 57)
(52, 188)
(52, 65)
(52, 67)
(52, 69)
(52, 82)
(52, 212)
(52, 90)
(52, 91)
(52, 221)
(52, 94)
(52, 104)
(52, 110)
(52, 113)
(52, 118)
(53, 131)
(53, 140)
(53, 145)
(53, 149)
(53, 165)
(53, 57)
(53, 188)
(53, 65)
(53, 69)
(53, 80)
(53, 82)
(53, 90)
(53, 91)
(53, 221)
(53, 94)
(53, 104)
(53, 110)
(53, 113)
(53, 118)
(54, 135)
(54, 136)
(54, 87)
(54, 148)
(54, 167)
(54, 62)
(54, 63)
(54, 194)
(54, 68)
(54, 75)
(54, 205)
(54, 207)
(54, 211)
(54, 215)
(54, 216)
(54, 227)
(54, 101)
(54, 102)
(54, 237)
(54, 191)
(55, 139)
(55, 150)
(55, 157)
(55, 158)
(55, 162)
(55, 163)
(55, 174)
(55, 177)
(55, 182)
(55, 184)
(55, 186)
(55, 197)
(55, 206)
(55, 217)
(55, 222)
(55, 224)
(55, 103)
(55, 107)
(55, 240)
(55, 243)
(55, 247)
(55, 122)
(55, 127)
(56, 192)
(56, 129)
(56, 99)
(56, 196)
(56, 166)
(56, 64)
(56, 105)
(56, 77)
(56, 143)
(56, 176)
(56, 190)
(56, 95)
(57, 140)
(57, 145)
(57, 149)
(57, 165)
(57, 168)
(57, 181)
(57, 59)
(57, 245)
(57, 67)
(57, 198)
(57, 203)
(57, 82)
(57, 212)
(57, 90)
(57, 220)
(57, 94)
(57, 98)
(57, 104)
(57, 106)
(57, 108)
(57, 112)
(57, 113)
(57, 242)
(57, 117)
(57, 118)
(57, 121)
(58, 225)
(58, 195)
(58, 197)
(58, 97)
(58, 137)
(58, 142)
(58, 239)
(58, 209)
(58, 213)
(58, 182)
(58, 153)
(58, 155)
(59, 132)
(59, 133)
(59, 140)
(59, 149)
(59, 165)
(59, 170)
(59, 176)
(59, 180)
(59, 181)
(59, 70)
(59, 190)
(59, 192)
(59, 67)
(59, 198)
(59, 203)
(59, 77)
(59, 82)
(59, 212)
(59, 91)
(59, 95)
(59, 98)
(59, 104)
(59, 106)
(59, 112)
(59, 113)
(59, 117)
(59, 246)
(60, 138)
(60, 146)
(60, 160)
(60, 164)
(60, 169)
(60, 171)
(60, 185)
(60, 189)
(60, 66)
(60, 201)
(60, 202)
(60, 210)
(60, 89)
(60, 223)
(60, 96)
(60, 226)
(60, 100)
(60, 229)
(60, 230)
(60, 232)
(60, 233)
(60, 109)
(60, 115)
(60, 244)
(60, 124)
(60, 125)
(61, 131)
(61, 65)
(61, 138)
(61, 159)
(61, 164)
(61, 168)
(61, 220)
(61, 244)
(61, 193)
(61, 66)
(61, 201)
(61, 210)
(61, 92)
(61, 94)
(61, 223)
(61, 226)
(61, 233)
(61, 108)
(61, 111)
(61, 242)
(61, 116)
(61, 245)
(61, 118)
(61, 121)
(62, 136)
(62, 167)
(62, 183)
(62, 63)
(62, 200)
(62, 75)
(62, 205)
(62, 207)
(62, 211)
(62, 216)
(62, 218)
(62, 227)
(62, 102)
(62, 241)
(62, 126)
(63, 136)
(63, 167)
(63, 194)
(63, 200)
(63, 75)
(63, 205)
(63, 207)
(63, 211)
(63, 216)
(63, 218)
(63, 227)
(63, 102)
(63, 237)
(63, 241)
(63, 126)
(64, 192)
(64, 129)
(64, 99)
(64, 132)
(64, 166)
(64, 71)
(64, 105)
(64, 234)
(64, 143)
(64, 196)
(65, 193)
(65, 226)
(65, 131)
(65, 138)
(65, 110)
(65, 111)
(65, 145)
(65, 82)
(65, 116)
(65, 118)
(65, 90)
(65, 94)
(65, 223)
(66, 138)
(66, 141)
(66, 146)
(66, 159)
(66, 160)
(66, 116)
(66, 164)
(66, 169)
(66, 171)
(66, 185)
(66, 189)
(66, 193)
(66, 201)
(66, 204)
(66, 210)
(66, 89)
(66, 92)
(66, 223)
(66, 226)
(66, 232)
(66, 233)
(66, 109)
(66, 242)
(66, 115)
(66, 244)
(66, 121)
(66, 124)
(66, 125)
(67, 132)
(67, 133)
(67, 140)
(67, 145)
(67, 149)
(67, 69)
(67, 165)
(67, 176)
(67, 181)
(67, 188)
(67, 190)
(67, 192)
(67, 246)
(67, 198)
(67, 203)
(67, 77)
(67, 82)
(67, 212)
(67, 90)
(67, 91)
(67, 221)
(67, 95)
(67, 98)
(67, 104)
(67, 106)
(67, 112)
(67, 113)
(67, 117)
(67, 118)
(68, 161)
(68, 194)
(68, 102)
(68, 134)
(68, 199)
(68, 135)
(68, 172)
(68, 237)
(68, 207)
(68, 211)
(68, 148)
(68, 87)
(68, 216)
(68, 249)
(68, 101)
(69, 140)
(69, 145)
(69, 149)
(69, 165)
(69, 176)
(69, 188)
(69, 190)
(69, 198)
(69, 203)
(69, 77)
(69, 80)
(69, 82)
(69, 90)
(69, 91)
(69, 221)
(69, 95)
(69, 98)
(69, 104)
(69, 110)
(69, 113)
(70, 128)
(70, 132)
(70, 133)
(70, 139)
(70, 154)
(70, 170)
(70, 175)
(70, 178)
(70, 180)
(70, 181)
(70, 192)
(70, 71)
(70, 72)
(70, 73)
(70, 78)
(70, 84)
(70, 86)
(70, 219)
(70, 106)
(70, 235)
(70, 238)
(70, 112)
(70, 114)
(70, 117)
(70, 246)
(70, 119)
(70, 123)
(70, 234)
(71, 132)
(71, 133)
(71, 143)
(71, 152)
(71, 154)
(71, 166)
(71, 175)
(71, 178)
(71, 181)
(71, 190)
(71, 192)
(71, 72)
(71, 73)
(71, 86)
(71, 219)
(71, 95)
(71, 99)
(71, 234)
(71, 238)
(71, 246)
(71, 119)
(71, 106)
(72, 128)
(72, 132)
(72, 133)
(72, 139)
(72, 170)
(72, 175)
(72, 178)
(72, 180)
(72, 181)
(72, 73)
(72, 78)
(72, 84)
(72, 86)
(72, 219)
(72, 106)
(72, 235)
(72, 238)
(72, 112)
(72, 114)
(72, 117)
(72, 123)
(73, 128)
(73, 132)
(73, 133)
(73, 139)
(73, 170)
(73, 175)
(73, 178)
(73, 180)
(73, 181)
(73, 78)
(73, 84)
(73, 86)
(73, 219)
(73, 106)
(73, 235)
(73, 238)
(73, 114)
(73, 117)
(73, 119)
(73, 123)
(73, 234)
(74, 128)
(74, 156)
(74, 167)
(74, 173)
(74, 183)
(74, 191)
(74, 75)
(74, 76)
(74, 209)
(74, 83)
(74, 85)
(74, 214)
(74, 215)
(74, 242)
(74, 114)
(74, 126)
(74, 213)
(75, 136)
(75, 173)
(75, 156)
(75, 167)
(75, 183)
(75, 191)
(75, 76)
(75, 205)
(75, 209)
(75, 213)
(75, 215)
(75, 227)
(75, 126)
(76, 128)
(76, 137)
(76, 173)
(76, 156)
(76, 167)
(76, 183)
(76, 209)
(76, 84)
(76, 213)
(76, 214)
(76, 239)
(76, 126)
(77, 132)
(77, 140)
(77, 143)
(77, 145)
(77, 165)
(77, 176)
(77, 181)
(77, 188)
(77, 190)
(77, 192)
(77, 198)
(77, 203)
(77, 80)
(77, 82)
(77, 90)
(77, 91)
(77, 221)
(77, 95)
(77, 98)
(77, 99)
(77, 104)
(77, 106)
(77, 113)
(77, 246)
(78, 128)
(78, 133)
(78, 86)
(78, 170)
(78, 178)
(78, 180)
(78, 181)
(78, 84)
(78, 214)
(78, 219)
(78, 106)
(78, 235)
(78, 112)
(78, 114)
(78, 117)
(79, 97)
(79, 200)
(79, 241)
(79, 179)
(79, 88)
(79, 155)
(80, 98)
(80, 165)
(80, 198)
(80, 113)
(80, 203)
(80, 140)
(80, 176)
(80, 145)
(80, 82)
(80, 246)
(80, 90)
(80, 91)
(80, 188)
(80, 221)
(80, 190)
(80, 95)
(81, 224)
(81, 162)
(81, 123)
(81, 119)
(81, 234)
(81, 139)
(81, 236)
(81, 238)
(81, 175)
(81, 243)
(81, 206)
(81, 247)
(81, 152)
(81, 154)
(81, 219)
(81, 93)
(81, 222)
(82, 140)
(82, 145)
(82, 149)
(82, 165)
(82, 176)
(82, 188)
(82, 198)
(82, 203)
(82, 212)
(82, 90)
(82, 91)
(82, 221)
(82, 94)
(82, 98)
(82, 104)
(82, 110)
(82, 113)
(82, 118)
(83, 134)
(83, 141)
(83, 147)
(83, 159)
(83, 160)
(83, 161)
(83, 164)
(83, 171)
(83, 185)
(83, 187)
(83, 191)
(83, 204)
(83, 210)
(83, 85)
(83, 215)
(83, 92)
(83, 227)
(83, 101)
(83, 232)
(83, 249)
(83, 125)
(84, 128)
(84, 133)
(84, 86)
(84, 170)
(84, 173)
(84, 180)
(84, 214)
(84, 219)
(84, 235)
(84, 112)
(84, 114)
(84, 117)
(85, 108)
(85, 204)
(85, 173)
(85, 141)
(85, 92)
(85, 242)
(85, 147)
(85, 245)
(85, 214)
(85, 215)
(85, 159)
(85, 220)
(85, 191)
(86, 128)
(86, 132)
(86, 133)
(86, 139)
(86, 170)
(86, 175)
(86, 178)
(86, 180)
(86, 181)
(86, 219)
(86, 106)
(86, 235)
(86, 238)
(86, 112)
(86, 114)
(86, 117)
(86, 123)
(86, 234)
(87, 161)
(87, 194)
(87, 102)
(87, 134)
(87, 199)
(87, 135)
(87, 172)
(87, 237)
(87, 207)
(87, 211)
(87, 148)
(87, 216)
(87, 249)
(87, 101)
(88, 97)
(88, 200)
(88, 241)
(88, 179)
(88, 218)
(88, 155)
(89, 138)
(89, 146)
(89, 164)
(89, 169)
(89, 171)
(89, 185)
(89, 189)
(89, 201)
(89, 210)
(89, 223)
(89, 226)
(89, 100)
(89, 229)
(89, 230)
(89, 233)
(89, 109)
(89, 115)
(89, 244)
(89, 124)
(89, 125)
(90, 140)
(90, 145)
(90, 149)
(90, 165)
(90, 188)
(90, 198)
(90, 203)
(90, 212)
(90, 91)
(90, 221)
(90, 94)
(90, 98)
(90, 104)
(90, 110)
(90, 113)
(90, 118)
(91, 140)
(91, 145)
(91, 149)
(91, 165)
(91, 176)
(91, 188)
(91, 190)
(91, 198)
(91, 203)
(91, 221)
(91, 95)
(91, 98)
(91, 104)
(91, 113)
(91, 246)
(92, 141)
(92, 147)
(92, 159)
(92, 164)
(92, 168)
(92, 193)
(92, 204)
(92, 210)
(92, 220)
(92, 94)
(92, 108)
(92, 242)
(92, 244)
(92, 245)
(92, 121)
(92, 125)
(93, 224)
(93, 162)
(93, 123)
(93, 119)
(93, 234)
(93, 139)
(93, 236)
(93, 238)
(93, 175)
(93, 178)
(93, 243)
(93, 206)
(93, 247)
(93, 152)
(93, 154)
(93, 219)
(93, 222)
(94, 131)
(94, 140)
(94, 145)
(94, 149)
(94, 159)
(94, 168)
(94, 193)
(94, 212)
(94, 220)
(94, 104)
(94, 108)
(94, 110)
(94, 113)
(94, 242)
(94, 245)
(94, 118)
(94, 121)
(95, 132)
(95, 140)
(95, 143)
(95, 165)
(95, 176)
(95, 181)
(95, 188)
(95, 190)
(95, 192)
(95, 198)
(95, 203)
(95, 221)
(95, 98)
(95, 99)
(95, 104)
(95, 106)
(95, 113)
(95, 246)
(96, 160)
(96, 161)
(96, 228)
(96, 134)
(96, 232)
(96, 169)
(96, 202)
(96, 171)
(96, 109)
(96, 146)
(96, 147)
(96, 185)
(96, 249)
(96, 187)
(96, 124)
(96, 125)
(97, 225)
(97, 195)
(97, 200)
(97, 137)
(97, 239)
(97, 241)
(97, 179)
(97, 153)
(97, 155)
(98, 132)
(98, 140)
(98, 145)
(98, 149)
(98, 165)
(98, 176)
(98, 181)
(98, 188)
(98, 190)
(98, 192)
(98, 198)
(98, 203)
(98, 212)
(98, 221)
(98, 99)
(98, 104)
(98, 106)
(98, 113)
(98, 117)
(98, 246)
(99, 129)
(99, 132)
(99, 143)
(99, 154)
(99, 166)
(99, 176)
(99, 178)
(99, 181)
(99, 190)
(99, 192)
(99, 198)
(99, 234)
(99, 246)
(100, 226)
(100, 229)
(100, 230)
(100, 233)
(100, 138)
(100, 109)
(100, 115)
(100, 244)
(100, 201)
(100, 116)
(100, 189)
(100, 223)
(101, 134)
(101, 136)
(101, 141)
(101, 147)
(101, 148)
(101, 160)
(101, 161)
(101, 187)
(101, 191)
(101, 194)
(101, 199)
(101, 204)
(101, 207)
(101, 211)
(101, 215)
(101, 227)
(101, 232)
(101, 249)
(102, 135)
(102, 136)
(102, 144)
(102, 148)
(102, 172)
(102, 194)
(102, 200)
(102, 205)
(102, 207)
(102, 208)
(102, 120)
(102, 211)
(102, 216)
(102, 218)
(102, 227)
(102, 231)
(102, 237)
(102, 248)
(103, 130)
(103, 163)
(103, 122)
(103, 107)
(103, 174)
(103, 240)
(103, 177)
(103, 206)
(103, 217)
(103, 186)
(103, 157)
(103, 158)
(103, 127)
(104, 140)
(104, 145)
(104, 149)
(104, 165)
(104, 168)
(104, 181)
(104, 188)
(104, 190)
(104, 246)
(104, 198)
(104, 203)
(104, 212)
(104, 220)
(104, 221)
(104, 106)
(104, 108)
(104, 110)
(104, 112)
(104, 113)
(104, 245)
(104, 118)
(105, 129)
(105, 196)
(105, 166)
(105, 143)
(106, 132)
(106, 133)
(106, 140)
(106, 149)
(106, 170)
(106, 176)
(106, 178)
(106, 180)
(106, 181)
(106, 190)
(106, 192)
(106, 198)
(106, 203)
(106, 212)
(106, 112)
(106, 113)
(106, 117)
(106, 246)
(107, 130)
(107, 163)
(107, 150)
(107, 174)
(107, 240)
(107, 177)
(107, 122)
(107, 182)
(107, 151)
(107, 184)
(107, 217)
(107, 186)
(107, 157)
(107, 158)
(107, 127)
(108, 149)
(108, 159)
(108, 164)
(108, 168)
(108, 193)
(108, 210)
(108, 212)
(108, 214)
(108, 220)
(108, 112)
(108, 242)
(108, 245)
(108, 118)
(108, 121)
(109, 229)
(109, 230)
(109, 169)
(109, 202)
(109, 171)
(109, 146)
(109, 115)
(109, 185)
(109, 124)
(109, 189)
(110, 131)
(110, 165)
(110, 113)
(110, 140)
(110, 111)
(110, 145)
(110, 116)
(110, 149)
(110, 118)
(110, 188)
(110, 221)
(111, 193)
(111, 226)
(111, 131)
(111, 233)
(111, 138)
(111, 115)
(111, 244)
(111, 118)
(111, 201)
(111, 116)
(111, 223)
(112, 128)
(112, 133)
(112, 149)
(112, 168)
(112, 170)
(112, 180)
(112, 181)
(112, 245)
(112, 212)
(112, 214)
(112, 220)
(112, 114)
(112, 117)
(113, 140)
(113, 145)
(113, 149)
(113, 165)
(113, 168)
(113, 176)
(113, 188)
(113, 190)
(113, 181)
(113, 246)
(113, 198)
(113, 203)
(113, 212)
(113, 221)
(113, 118)
(114, 128)
(114, 133)
(114, 170)
(114, 173)
(114, 180)
(114, 214)
(114, 219)
(114, 235)
(114, 117)
(115, 138)
(115, 116)
(115, 189)
(115, 193)
(115, 201)
(115, 223)
(115, 226)
(115, 229)
(115, 230)
(115, 233)
(115, 244)
(115, 124)
(116, 193)
(116, 226)
(116, 131)
(116, 230)
(116, 233)
(116, 138)
(116, 244)
(116, 118)
(116, 201)
(116, 223)
(117, 128)
(117, 132)
(117, 133)
(117, 170)
(117, 178)
(117, 180)
(117, 181)
(117, 212)
(117, 214)
(117, 219)
(117, 235)
(117, 246)
(118, 131)
(118, 140)
(118, 145)
(118, 149)
(118, 165)
(118, 168)
(118, 188)
(118, 193)
(118, 212)
(118, 220)
(118, 221)
(118, 245)
(118, 121)
(119, 139)
(119, 152)
(119, 154)
(119, 162)
(119, 175)
(119, 178)
(119, 219)
(119, 222)
(119, 234)
(119, 236)
(119, 238)
(119, 243)
(119, 247)
(119, 123)
(120, 144)
(120, 231)
(120, 135)
(120, 172)
(120, 237)
(120, 208)
(120, 216)
(120, 248)
(121, 131)
(121, 149)
(121, 159)
(121, 164)
(121, 168)
(121, 193)
(121, 201)
(121, 210)
(121, 212)
(121, 220)
(121, 226)
(121, 242)
(121, 244)
(121, 245)
(122, 139)
(122, 150)
(122, 153)
(122, 158)
(122, 162)
(122, 163)
(122, 174)
(122, 182)
(122, 184)
(122, 186)
(122, 197)
(122, 217)
(122, 224)
(122, 240)
(122, 247)
(123, 150)
(123, 139)
(123, 152)
(123, 154)
(123, 162)
(123, 175)
(123, 178)
(123, 184)
(123, 186)
(123, 206)
(123, 219)
(123, 222)
(123, 224)
(123, 236)
(123, 238)
(123, 240)
(123, 243)
(123, 247)
(124, 141)
(124, 146)
(124, 147)
(124, 159)
(124, 160)
(124, 164)
(124, 169)
(124, 171)
(124, 185)
(124, 187)
(124, 189)
(124, 193)
(124, 201)
(124, 202)
(124, 204)
(124, 210)
(124, 223)
(124, 226)
(124, 228)
(124, 229)
(124, 232)
(124, 233)
(124, 244)
(124, 125)
(125, 134)
(125, 141)
(125, 146)
(125, 147)
(125, 159)
(125, 160)
(125, 161)
(125, 164)
(125, 169)
(125, 171)
(125, 185)
(125, 187)
(125, 189)
(125, 201)
(125, 202)
(125, 204)
(125, 210)
(125, 228)
(125, 232)
(125, 242)
(125, 244)
(126, 136)
(126, 137)
(126, 173)
(126, 156)
(126, 167)
(126, 183)
(126, 205)
(126, 209)
(126, 213)
(126, 227)
(127, 130)
(127, 163)
(127, 174)
(127, 177)
(127, 151)
(127, 217)
(127, 157)
(127, 158)
(128, 133)
(128, 170)
(128, 173)
(128, 180)
(128, 214)
(128, 219)
(128, 235)
(129, 196)
(129, 166)
(129, 143)
(130, 163)
(130, 174)
(130, 177)
(130, 217)
(130, 157)
(130, 158)
(131, 193)
(131, 226)
(131, 233)
(131, 138)
(131, 244)
(131, 201)
(131, 223)
(132, 133)
(132, 143)
(132, 166)
(132, 176)
(132, 178)
(132, 181)
(132, 190)
(132, 192)
(132, 198)
(132, 203)
(132, 234)
(132, 246)
(133, 170)
(133, 178)
(133, 180)
(133, 181)
(133, 192)
(133, 219)
(133, 235)
(133, 246)
(134, 141)
(134, 147)
(134, 148)
(134, 160)
(134, 161)
(134, 169)
(134, 171)
(134, 185)
(134, 187)
(134, 191)
(134, 194)
(134, 199)
(134, 202)
(134, 204)
(134, 207)
(134, 211)
(134, 215)
(134, 228)
(134, 232)
(134, 249)
(135, 194)
(135, 199)
(135, 172)
(135, 237)
(135, 207)
(135, 208)
(135, 211)
(135, 148)
(135, 216)
(136, 167)
(136, 194)
(136, 205)
(136, 207)
(136, 211)
(136, 215)
(136, 216)
(136, 227)
(136, 191)
(137, 150)
(137, 153)
(137, 155)
(137, 156)
(137, 182)
(137, 183)
(137, 184)
(137, 195)
(137, 197)
(137, 209)
(137, 213)
(137, 239)
(138, 189)
(138, 193)
(138, 201)
(138, 223)
(138, 226)
(138, 230)
(138, 233)
(138, 244)
(139, 150)
(139, 162)
(139, 175)
(139, 184)
(139, 186)
(139, 206)
(139, 219)
(139, 222)
(139, 224)
(139, 235)
(139, 236)
(139, 238)
(139, 240)
(139, 243)
(139, 247)
(140, 145)
(140, 149)
(140, 165)
(140, 168)
(140, 176)
(140, 188)
(140, 190)
(140, 181)
(140, 198)
(140, 203)
(140, 212)
(140, 221)
(140, 246)
(141, 147)
(141, 159)
(141, 160)
(141, 161)
(141, 164)
(141, 171)
(141, 185)
(141, 187)
(141, 191)
(141, 204)
(141, 210)
(141, 215)
(141, 232)
(141, 242)
(142, 225)
(142, 195)
(142, 151)
(142, 153)
(142, 155)
(143, 192)
(143, 196)
(143, 166)
(143, 234)
(143, 176)
(143, 246)
(143, 190)
(144, 231)
(144, 237)
(144, 208)
(144, 216)
(144, 248)
(144, 218)
(145, 149)
(145, 165)
(145, 176)
(145, 188)
(145, 198)
(145, 203)
(145, 221)
(146, 160)
(146, 169)
(146, 171)
(146, 185)
(146, 189)
(146, 202)
(146, 228)
(146, 229)
(146, 232)
(147, 159)
(147, 160)
(147, 161)
(147, 164)
(147, 169)
(147, 171)
(147, 185)
(147, 187)
(147, 191)
(147, 202)
(147, 204)
(147, 210)
(147, 215)
(147, 228)
(147, 232)
(147, 249)
(148, 161)
(148, 194)
(148, 199)
(148, 172)
(148, 237)
(148, 207)
(148, 211)
(148, 216)
(148, 249)
(149, 165)
(149, 168)
(149, 188)
(149, 181)
(149, 198)
(149, 203)
(149, 212)
(149, 220)
(149, 221)
(149, 245)
(150, 235)
(150, 153)
(150, 158)
(150, 162)
(150, 174)
(150, 182)
(150, 184)
(150, 197)
(150, 224)
(150, 239)
(150, 240)
(150, 247)
(151, 225)
(151, 163)
(151, 174)
(151, 177)
(151, 195)
(151, 182)
(151, 153)
(151, 157)
(151, 158)
(152, 162)
(152, 234)
(152, 236)
(152, 238)
(152, 175)
(152, 178)
(152, 243)
(152, 247)
(152, 154)
(152, 222)
(153, 225)
(153, 195)
(153, 197)
(153, 174)
(153, 239)
(153, 182)
(153, 184)
(153, 155)
(154, 162)
(154, 234)
(154, 236)
(154, 238)
(154, 175)
(154, 178)
(154, 247)
(154, 222)
(155, 225)
(155, 195)
(155, 197)
(155, 239)
(155, 179)
(156, 173)
(156, 167)
(156, 183)
(156, 209)
(156, 213)
(156, 239)
(157, 163)
(157, 174)
(157, 177)
(157, 217)
(157, 186)
(157, 158)
(158, 163)
(158, 174)
(158, 240)
(158, 177)
(158, 182)
(158, 184)
(158, 217)
(158, 186)
(159, 160)
(159, 164)
(159, 168)
(159, 171)
(159, 185)
(159, 193)
(159, 201)
(159, 204)
(159, 210)
(159, 215)
(159, 220)
(159, 232)
(159, 242)
(159, 244)
(159, 245)
(160, 161)
(160, 164)
(160, 169)
(160, 171)
(160, 185)
(160, 187)
(160, 191)
(160, 202)
(160, 204)
(160, 210)
(160, 215)
(160, 228)
(160, 232)
(160, 249)
(161, 169)
(161, 171)
(161, 185)
(161, 187)
(161, 191)
(161, 194)
(161, 199)
(161, 202)
(161, 204)
(161, 211)
(161, 215)
(161, 228)
(161, 232)
(161, 249)
(162, 175)
(162, 184)
(162, 186)
(162, 247)
(162, 206)
(162, 219)
(162, 222)
(162, 224)
(162, 236)
(162, 238)
(162, 240)
(162, 243)
(163, 174)
(163, 240)
(163, 177)
(163, 182)
(163, 217)
(163, 186)
(164, 169)
(164, 171)
(164, 185)
(164, 187)
(164, 193)
(164, 201)
(164, 204)
(164, 210)
(164, 220)
(164, 226)
(164, 232)
(164, 242)
(164, 244)
(165, 176)
(165, 188)
(165, 190)
(165, 198)
(165, 203)
(165, 221)
(165, 246)
(166, 192)
(166, 196)
(166, 234)
(167, 173)
(167, 183)
(167, 205)
(167, 209)
(167, 213)
(167, 215)
(167, 227)
(167, 191)
(168, 220)
(168, 193)
(168, 212)
(168, 242)
(168, 245)
(169, 171)
(169, 185)
(169, 187)
(169, 189)
(169, 202)
(169, 210)
(169, 228)
(169, 232)
(170, 180)
(170, 181)
(170, 212)
(170, 214)
(170, 219)
(170, 235)
(171, 185)
(171, 187)
(171, 189)
(171, 202)
(171, 204)
(171, 210)
(171, 228)
(171, 232)
(171, 249)
(172, 194)
(172, 199)
(172, 237)
(172, 207)
(172, 208)
(172, 211)
(172, 216)
(173, 209)
(173, 213)
(173, 214)
(173, 183)
(174, 225)
(174, 197)
(174, 240)
(174, 177)
(174, 182)
(174, 184)
(174, 217)
(175, 178)
(175, 219)
(175, 222)
(175, 224)
(175, 234)
(175, 236)
(175, 238)
(175, 243)
(175, 247)
(176, 181)
(176, 188)
(176, 190)
(176, 192)
(176, 196)
(176, 198)
(176, 203)
(176, 221)
(176, 246)
(177, 225)
(177, 217)
(178, 180)
(178, 181)
(178, 192)
(178, 219)
(178, 234)
(178, 238)
(178, 246)
(179, 200)
(179, 241)
(180, 214)
(180, 181)
(180, 219)
(180, 235)
(181, 190)
(181, 192)
(181, 198)
(181, 203)
(181, 212)
(181, 246)
(182, 224)
(182, 195)
(182, 197)
(182, 239)
(182, 240)
(182, 184)
(183, 209)
(183, 213)
(183, 227)
(183, 239)
(184, 235)
(184, 197)
(184, 222)
(184, 224)
(184, 240)
(184, 243)
(184, 247)
(185, 187)
(185, 202)
(185, 204)
(185, 210)
(185, 215)
(185, 228)
(185, 232)
(185, 249)
(186, 224)
(186, 236)
(186, 206)
(186, 240)
(186, 243)
(186, 247)
(186, 217)
(186, 222)
(187, 191)
(187, 194)
(187, 199)
(187, 202)
(187, 204)
(187, 215)
(187, 228)
(187, 232)
(187, 249)
(188, 190)
(188, 198)
(188, 203)
(188, 221)
(189, 201)
(189, 210)
(189, 223)
(189, 226)
(189, 229)
(189, 230)
(189, 233)
(189, 244)
(190, 192)
(190, 198)
(190, 203)
(190, 221)
(190, 246)
(191, 194)
(191, 204)
(191, 215)
(191, 227)
(191, 232)
(191, 249)
(192, 198)
(192, 203)
(192, 234)
(192, 246)
(193, 220)
(193, 201)
(193, 210)
(193, 223)
(193, 226)
(193, 233)
(193, 242)
(193, 244)
(193, 245)
(194, 215)
(194, 199)
(194, 207)
(194, 211)
(194, 216)
(194, 227)
(194, 237)
(194, 249)
(195, 225)
(195, 197)
(195, 239)
(195, 209)
(197, 224)
(197, 235)
(197, 239)
(197, 240)
(198, 203)
(198, 221)
(198, 246)
(199, 228)
(199, 237)
(199, 207)
(199, 211)
(199, 249)
(200, 205)
(200, 241)
(200, 248)
(200, 218)
(201, 244)
(201, 210)
(201, 223)
(201, 226)
(201, 230)
(201, 233)
(202, 228)
(202, 232)
(202, 249)
(203, 221)
(203, 246)
(204, 210)
(204, 215)
(204, 232)
(204, 242)
(204, 249)
(205, 207)
(205, 211)
(205, 216)
(205, 218)
(205, 227)
(205, 241)
(206, 224)
(206, 236)
(206, 240)
(206, 243)
(206, 247)
(206, 217)
(206, 222)
(207, 211)
(207, 216)
(207, 227)
(207, 237)
(207, 249)
(208, 231)
(208, 237)
(208, 216)
(208, 248)
(209, 213)
(209, 239)
(210, 220)
(210, 226)
(210, 232)
(210, 242)
(210, 244)
(211, 216)
(211, 227)
(211, 237)
(211, 249)
(212, 214)
(212, 220)
(212, 242)
(212, 245)
(213, 239)
(214, 242)
(214, 245)
(214, 220)
(215, 227)
(215, 232)
(215, 249)
(216, 248)
(216, 218)
(216, 227)
(216, 231)
(216, 237)
(217, 240)
(218, 231)
(218, 241)
(218, 248)
(219, 222)
(219, 224)
(219, 234)
(219, 235)
(219, 238)
(219, 247)
(220, 242)
(220, 245)
(222, 224)
(222, 236)
(222, 238)
(222, 240)
(222, 243)
(222, 247)
(223, 226)
(223, 230)
(223, 233)
(223, 244)
(224, 235)
(224, 236)
(224, 238)
(224, 240)
(224, 243)
(224, 247)
(225, 239)
(226, 230)
(226, 233)
(226, 244)
(228, 232)
(228, 249)
(229, 230)
(229, 233)
(230, 233)
(230, 244)
(231, 237)
(231, 248)
(232, 249)
(233, 244)
(234, 238)
(235, 240)
(236, 247)
(236, 238)
(236, 243)
(238, 243)
(238, 247)
(240, 243)
(240, 247)
(241, 248)
(242, 245)
(243, 247)
