#Nodes
0
1
2
3
4
5
6
7
8
9
10
11
12
13
14
15
16
17
18
19
20
21
22
23
24
25
26
27
28
29
30
31
32
33
34
35
36
37
38
39
40
41
42
43
44
45
46
47
48
49
50
51
52
53
54
55
56
57
58
59
60
61
62
63
64
65
66
67
68
69
70
71
72
73
74
75
76
77
78
79
80
81
82
83
84
85
86
87
88
89
90
91
92
93
94
95
96
97
98
99
100
101
102
103
104
105
106
107
108
109
110
111
112
113
114
115
116
117
118
119
120
121
122
123
124
125
126
127
128
129
130
131
132
133
134
135
136
137
138
139
140
141
142
143
144
145
146
147
148
149
150
151
152
153
154
155
156
157
158
159
160
161
162
163
164
165
166
167
168
169
170
171
172
173
174
175
176
177
178
179
180
181
182
183
184
185
186
187
188
189
190
191
192
193
194
195
196
197
198
199
200
201
202
203
204
205
206
207
208
209
210
211
212
213
214
215
216
217
218
219
220
221
222
223
224
225
226
227
228
229
230
231
232
233
234
235
236
237
238
239
240
241
242
243
244
245
246
247
248
249
#Edges
(0, 129)
(0, 1)
(0, 8)
(0, 140)
(0, 143)
(0, 145)
(0, 146)
(0, 22)
(0, 158)
(0, 37)
(0, 45)
(0, 177)
(0, 190)
(0, 96)
(0, 205)
(0, 220)
(0, 94)
(0, 224)
(0, 97)
(0, 101)
(0, 230)
(0, 103)
(0, 234)
(0, 237)
(0, 242)
(0, 117)
(1, 129)
(1, 140)
(1, 22)
(1, 154)
(1, 158)
(1, 37)
(1, 39)
(1, 45)
(1, 176)
(1, 177)
(1, 94)
(1, 190)
(1, 205)
(1, 220)
(1, 222)
(1, 96)
(1, 101)
(1, 103)
(1, 234)
(1, 242)
(1, 117)
(2, 139)
(2, 24)
(2, 18)
(2, 149)
(2, 46)
(2, 26)
(2, 33)
(2, 43)
(2, 174)
(2, 48)
(2, 183)
(2, 186)
(2, 60)
(2, 63)
(2, 197)
(2, 70)
(2, 73)
(2, 207)
(2, 80)
(2, 211)
(2, 86)
(2, 95)
(2, 225)
(2, 106)
(2, 107)
(2, 241)
(2, 249)
(2, 124)
(3, 134)
(3, 143)
(3, 146)
(3, 21)
(3, 27)
(3, 30)
(3, 160)
(3, 162)
(3, 168)
(3, 169)
(3, 171)
(3, 177)
(3, 53)
(3, 182)
(3, 58)
(3, 62)
(3, 54)
(3, 76)
(3, 205)
(3, 212)
(3, 87)
(3, 15)
(3, 93)
(3, 223)
(3, 224)
(3, 97)
(3, 230)
(3, 237)
(3, 238)
(3, 114)
(3, 243)
(3, 122)
(4, 128)
(4, 7)
(4, 136)
(4, 142)
(4, 148)
(4, 150)
(4, 157)
(4, 159)
(4, 163)
(4, 167)
(4, 40)
(4, 42)
(4, 44)
(4, 74)
(4, 193)
(4, 69)
(4, 202)
(4, 75)
(4, 77)
(4, 214)
(4, 216)
(4, 217)
(4, 227)
(4, 229)
(4, 110)
(4, 111)
(4, 20)
(5, 161)
(5, 34)
(5, 43)
(5, 197)
(5, 51)
(5, 113)
(5, 10)
(5, 139)
(5, 236)
(5, 174)
(5, 48)
(5, 209)
(5, 115)
(5, 33)
(5, 90)
(5, 155)
(5, 124)
(5, 126)
(5, 95)
(6, 23)
(6, 147)
(6, 148)
(6, 151)
(6, 25)
(6, 156)
(6, 159)
(6, 164)
(6, 41)
(6, 44)
(6, 180)
(6, 184)
(6, 189)
(6, 65)
(6, 82)
(6, 228)
(6, 100)
(6, 105)
(6, 244)
(6, 246)
(6, 119)
(6, 121)
(6, 123)
(6, 125)
(7, 65)
(7, 44)
(7, 142)
(7, 17)
(7, 148)
(7, 157)
(7, 159)
(7, 163)
(7, 166)
(7, 40)
(7, 172)
(7, 180)
(7, 187)
(7, 74)
(7, 193)
(7, 194)
(7, 67)
(7, 69)
(7, 202)
(7, 77)
(7, 78)
(7, 210)
(7, 219)
(7, 92)
(7, 20)
(7, 100)
(7, 38)
(7, 102)
(7, 244)
(7, 245)
(7, 248)
(7, 121)
(7, 127)
(8, 96)
(8, 45)
(8, 103)
(8, 234)
(8, 173)
(8, 206)
(8, 190)
(8, 145)
(8, 213)
(8, 143)
(8, 28)
(8, 158)
(8, 117)
(9, 130)
(9, 34)
(9, 133)
(9, 199)
(9, 203)
(9, 66)
(9, 239)
(9, 176)
(9, 22)
(9, 247)
(9, 39)
(9, 154)
(9, 220)
(9, 222)
(9, 101)
(10, 161)
(10, 43)
(10, 48)
(10, 197)
(10, 113)
(10, 139)
(10, 236)
(10, 174)
(10, 80)
(10, 209)
(10, 51)
(10, 33)
(10, 90)
(10, 155)
(10, 124)
(10, 126)
(10, 95)
(11, 132)
(11, 135)
(11, 13)
(11, 142)
(11, 17)
(11, 27)
(11, 160)
(11, 166)
(11, 168)
(11, 169)
(11, 171)
(11, 172)
(11, 53)
(11, 182)
(11, 74)
(11, 193)
(11, 54)
(11, 200)
(11, 202)
(11, 78)
(11, 81)
(11, 210)
(11, 212)
(11, 93)
(11, 227)
(11, 102)
(11, 109)
(11, 111)
(11, 245)
(11, 248)
(12, 137)
(12, 14)
(12, 149)
(12, 36)
(12, 47)
(12, 178)
(12, 52)
(12, 181)
(12, 73)
(12, 186)
(12, 59)
(12, 188)
(12, 191)
(12, 64)
(12, 195)
(12, 201)
(12, 203)
(12, 207)
(12, 208)
(12, 211)
(12, 84)
(12, 215)
(12, 91)
(12, 221)
(12, 225)
(12, 116)
(12, 120)
(12, 124)
(13, 134)
(13, 135)
(13, 17)
(13, 146)
(13, 47)
(13, 160)
(13, 166)
(13, 168)
(13, 171)
(13, 172)
(13, 221)
(13, 53)
(13, 54)
(13, 188)
(13, 191)
(13, 200)
(13, 208)
(13, 81)
(13, 210)
(13, 212)
(13, 215)
(13, 89)
(13, 91)
(13, 93)
(13, 102)
(13, 114)
(13, 116)
(13, 120)
(14, 130)
(14, 133)
(14, 137)
(14, 22)
(14, 36)
(14, 37)
(14, 39)
(14, 47)
(14, 176)
(14, 177)
(14, 178)
(14, 52)
(14, 181)
(14, 186)
(14, 59)
(14, 191)
(14, 64)
(14, 195)
(14, 199)
(14, 201)
(14, 203)
(14, 208)
(14, 84)
(14, 215)
(14, 91)
(14, 220)
(14, 221)
(14, 222)
(14, 101)
(14, 239)
(14, 114)
(14, 116)
(14, 247)
(15, 134)
(15, 143)
(15, 146)
(15, 21)
(15, 27)
(15, 30)
(15, 160)
(15, 37)
(15, 169)
(15, 171)
(15, 45)
(15, 177)
(15, 182)
(15, 58)
(15, 62)
(15, 54)
(15, 76)
(15, 205)
(15, 212)
(15, 87)
(15, 93)
(15, 94)
(15, 223)
(15, 224)
(15, 97)
(15, 230)
(15, 103)
(15, 237)
(15, 238)
(15, 114)
(15, 243)
(15, 117)
(15, 122)
(16, 131)
(16, 138)
(16, 141)
(16, 144)
(16, 19)
(16, 23)
(16, 153)
(16, 29)
(16, 35)
(16, 164)
(16, 165)
(16, 50)
(16, 180)
(16, 56)
(16, 189)
(16, 194)
(16, 70)
(16, 71)
(16, 98)
(16, 79)
(16, 82)
(16, 218)
(16, 92)
(16, 226)
(16, 100)
(16, 232)
(16, 105)
(16, 112)
(16, 104)
(16, 123)
(17, 135)
(17, 142)
(17, 152)
(17, 157)
(17, 35)
(17, 166)
(17, 168)
(17, 171)
(17, 172)
(17, 53)
(17, 54)
(17, 187)
(17, 74)
(17, 193)
(17, 194)
(17, 67)
(17, 200)
(17, 202)
(17, 78)
(17, 120)
(17, 210)
(17, 89)
(17, 219)
(17, 227)
(17, 38)
(17, 102)
(17, 81)
(17, 109)
(17, 111)
(17, 40)
(17, 245)
(17, 248)
(18, 33)
(18, 99)
(18, 197)
(18, 106)
(18, 139)
(18, 43)
(18, 174)
(18, 207)
(18, 80)
(18, 241)
(18, 46)
(18, 86)
(18, 183)
(18, 24)
(18, 249)
(18, 26)
(18, 60)
(18, 55)
(18, 63)
(19, 138)
(19, 147)
(19, 151)
(19, 25)
(19, 29)
(19, 32)
(19, 164)
(19, 175)
(19, 49)
(19, 50)
(19, 179)
(19, 56)
(19, 61)
(19, 198)
(19, 71)
(19, 72)
(19, 184)
(19, 82)
(19, 83)
(19, 85)
(19, 98)
(19, 104)
(19, 105)
(19, 108)
(19, 112)
(19, 123)
(20, 128)
(20, 132)
(20, 136)
(20, 142)
(20, 150)
(20, 157)
(20, 163)
(20, 38)
(20, 167)
(20, 40)
(20, 42)
(20, 44)
(20, 57)
(20, 187)
(20, 74)
(20, 193)
(20, 69)
(20, 202)
(20, 75)
(20, 77)
(20, 78)
(20, 214)
(20, 216)
(20, 217)
(20, 227)
(20, 229)
(20, 109)
(20, 110)
(20, 111)
(20, 245)
(20, 248)
(20, 127)
(21, 134)
(21, 143)
(21, 145)
(21, 146)
(21, 27)
(21, 28)
(21, 30)
(21, 162)
(21, 45)
(21, 58)
(21, 62)
(21, 76)
(21, 205)
(21, 212)
(21, 213)
(21, 87)
(21, 223)
(21, 224)
(21, 97)
(21, 230)
(21, 103)
(21, 237)
(21, 238)
(21, 243)
(21, 117)
(21, 122)
(22, 129)
(22, 133)
(22, 140)
(22, 146)
(22, 154)
(22, 158)
(22, 37)
(22, 39)
(22, 114)
(22, 176)
(22, 177)
(22, 222)
(22, 190)
(22, 66)
(22, 195)
(22, 199)
(22, 203)
(22, 220)
(22, 94)
(22, 96)
(22, 101)
(22, 103)
(22, 234)
(22, 242)
(22, 247)
(23, 147)
(23, 151)
(23, 25)
(23, 156)
(23, 29)
(23, 159)
(23, 164)
(23, 41)
(23, 175)
(23, 180)
(23, 184)
(23, 189)
(23, 65)
(23, 71)
(23, 82)
(23, 228)
(23, 100)
(23, 105)
(23, 108)
(23, 244)
(23, 246)
(23, 119)
(23, 121)
(23, 123)
(23, 125)
(24, 138)
(24, 141)
(24, 144)
(24, 149)
(24, 153)
(24, 26)
(24, 165)
(24, 46)
(24, 183)
(24, 56)
(24, 60)
(24, 63)
(24, 70)
(24, 73)
(24, 55)
(24, 207)
(24, 86)
(24, 218)
(24, 226)
(24, 99)
(24, 232)
(24, 106)
(24, 107)
(24, 112)
(24, 241)
(24, 249)
(25, 147)
(25, 151)
(25, 29)
(25, 164)
(25, 41)
(25, 175)
(25, 49)
(25, 50)
(25, 179)
(25, 184)
(25, 189)
(25, 198)
(25, 71)
(25, 72)
(25, 82)
(25, 83)
(25, 85)
(25, 228)
(25, 105)
(25, 108)
(25, 246)
(25, 119)
(25, 123)
(25, 125)
(26, 33)
(26, 99)
(26, 197)
(26, 106)
(26, 139)
(26, 43)
(26, 174)
(26, 207)
(26, 80)
(26, 241)
(26, 46)
(26, 86)
(26, 183)
(26, 249)
(26, 60)
(26, 55)
(26, 63)
(27, 132)
(27, 134)
(27, 30)
(27, 160)
(27, 162)
(27, 168)
(27, 169)
(27, 171)
(27, 53)
(27, 182)
(27, 58)
(27, 62)
(27, 192)
(27, 196)
(27, 54)
(27, 200)
(27, 81)
(27, 212)
(27, 87)
(27, 93)
(27, 223)
(27, 230)
(27, 235)
(27, 237)
(27, 238)
(27, 118)
(27, 122)
(28, 224)
(28, 97)
(28, 45)
(28, 103)
(28, 96)
(28, 76)
(28, 205)
(28, 206)
(28, 173)
(28, 145)
(28, 243)
(28, 213)
(28, 143)
(28, 117)
(28, 223)
(29, 131)
(29, 138)
(29, 144)
(29, 147)
(29, 151)
(29, 32)
(29, 164)
(29, 165)
(29, 175)
(29, 49)
(29, 50)
(29, 179)
(29, 184)
(29, 61)
(29, 198)
(29, 71)
(29, 72)
(29, 79)
(29, 56)
(29, 82)
(29, 83)
(29, 85)
(29, 218)
(29, 98)
(29, 104)
(29, 105)
(29, 108)
(29, 112)
(29, 123)
(30, 134)
(30, 146)
(30, 160)
(30, 162)
(30, 168)
(30, 169)
(30, 171)
(30, 53)
(30, 182)
(30, 58)
(30, 62)
(30, 54)
(30, 76)
(30, 205)
(30, 81)
(30, 212)
(30, 87)
(30, 93)
(30, 223)
(30, 224)
(30, 97)
(30, 230)
(30, 235)
(30, 237)
(30, 238)
(30, 243)
(30, 122)
(31, 128)
(31, 75)
(31, 68)
(31, 229)
(31, 231)
(31, 233)
(31, 170)
(31, 167)
(31, 204)
(31, 110)
(31, 240)
(31, 88)
(31, 214)
(31, 57)
(31, 216)
(31, 185)
(31, 42)
(31, 150)
(32, 98)
(32, 198)
(32, 72)
(32, 83)
(32, 108)
(32, 175)
(32, 49)
(32, 50)
(32, 179)
(32, 85)
(32, 56)
(32, 61)
(33, 161)
(33, 43)
(33, 48)
(33, 197)
(33, 51)
(33, 225)
(33, 139)
(33, 174)
(33, 80)
(33, 211)
(33, 86)
(33, 249)
(33, 90)
(33, 124)
(33, 126)
(33, 95)
(34, 161)
(34, 130)
(34, 66)
(34, 133)
(34, 51)
(34, 199)
(34, 236)
(34, 126)
(34, 239)
(34, 115)
(34, 181)
(34, 247)
(34, 155)
(34, 124)
(34, 222)
(35, 131)
(35, 141)
(35, 144)
(35, 152)
(35, 153)
(35, 166)
(35, 172)
(35, 187)
(35, 188)
(35, 194)
(35, 67)
(35, 73)
(35, 78)
(35, 79)
(35, 120)
(35, 210)
(35, 89)
(35, 219)
(35, 92)
(35, 226)
(35, 100)
(35, 38)
(35, 102)
(35, 232)
(35, 107)
(35, 248)
(35, 127)
(36, 137)
(36, 149)
(36, 47)
(36, 178)
(36, 52)
(36, 181)
(36, 73)
(36, 186)
(36, 59)
(36, 188)
(36, 191)
(36, 64)
(36, 195)
(36, 201)
(36, 203)
(36, 208)
(36, 211)
(36, 84)
(36, 215)
(36, 91)
(36, 221)
(36, 95)
(36, 225)
(36, 80)
(36, 115)
(36, 116)
(36, 124)
(36, 126)
(37, 129)
(37, 134)
(37, 140)
(37, 146)
(37, 158)
(37, 39)
(37, 114)
(37, 47)
(37, 176)
(37, 177)
(37, 190)
(37, 195)
(37, 203)
(37, 205)
(37, 208)
(37, 212)
(37, 91)
(37, 220)
(37, 94)
(37, 224)
(37, 101)
(37, 230)
(37, 103)
(37, 234)
(37, 237)
(37, 242)
(37, 116)
(37, 117)
(38, 65)
(38, 44)
(38, 142)
(38, 157)
(38, 166)
(38, 40)
(38, 172)
(38, 187)
(38, 74)
(38, 193)
(38, 194)
(38, 67)
(38, 202)
(38, 77)
(38, 78)
(38, 248)
(38, 210)
(38, 89)
(38, 219)
(38, 92)
(38, 100)
(38, 102)
(38, 245)
(38, 120)
(38, 127)
(39, 129)
(39, 130)
(39, 133)
(39, 154)
(39, 158)
(39, 176)
(39, 181)
(39, 59)
(39, 190)
(39, 66)
(39, 195)
(39, 199)
(39, 203)
(39, 220)
(39, 222)
(39, 101)
(39, 239)
(39, 242)
(39, 247)
(40, 65)
(40, 136)
(40, 142)
(40, 148)
(40, 150)
(40, 157)
(40, 159)
(40, 163)
(40, 166)
(40, 167)
(40, 42)
(40, 44)
(40, 187)
(40, 74)
(40, 193)
(40, 67)
(40, 69)
(40, 202)
(40, 77)
(40, 78)
(40, 210)
(40, 217)
(40, 219)
(40, 227)
(40, 109)
(40, 111)
(40, 244)
(40, 245)
(40, 248)
(40, 127)
(41, 147)
(41, 148)
(41, 151)
(41, 156)
(41, 159)
(41, 164)
(41, 175)
(41, 180)
(41, 184)
(41, 189)
(41, 65)
(41, 82)
(41, 228)
(41, 100)
(41, 105)
(41, 108)
(41, 244)
(41, 246)
(41, 119)
(41, 121)
(41, 123)
(41, 125)
(42, 128)
(42, 132)
(42, 142)
(42, 150)
(42, 163)
(42, 167)
(42, 185)
(42, 74)
(42, 192)
(42, 193)
(42, 202)
(42, 75)
(42, 204)
(42, 214)
(42, 57)
(42, 216)
(42, 227)
(42, 229)
(42, 233)
(42, 109)
(42, 110)
(42, 111)
(42, 245)
(42, 118)
(43, 137)
(43, 139)
(43, 46)
(43, 161)
(43, 174)
(43, 48)
(43, 51)
(43, 197)
(43, 207)
(43, 80)
(43, 211)
(43, 86)
(43, 90)
(43, 95)
(43, 225)
(43, 106)
(43, 115)
(43, 249)
(43, 124)
(43, 126)
(44, 136)
(44, 148)
(44, 156)
(44, 157)
(44, 159)
(44, 163)
(44, 180)
(44, 187)
(44, 189)
(44, 65)
(44, 67)
(44, 69)
(44, 202)
(44, 77)
(44, 78)
(44, 217)
(44, 92)
(44, 100)
(44, 244)
(44, 119)
(44, 248)
(44, 121)
(44, 127)
(45, 129)
(45, 140)
(45, 143)
(45, 145)
(45, 158)
(45, 173)
(45, 177)
(45, 190)
(45, 96)
(45, 76)
(45, 205)
(45, 206)
(45, 213)
(45, 87)
(45, 94)
(45, 223)
(45, 224)
(45, 97)
(45, 103)
(45, 234)
(45, 237)
(45, 242)
(45, 243)
(45, 117)
(46, 99)
(46, 70)
(46, 106)
(46, 107)
(46, 141)
(46, 174)
(46, 207)
(46, 80)
(46, 241)
(46, 149)
(46, 86)
(46, 183)
(46, 249)
(46, 60)
(46, 55)
(46, 63)
(47, 135)
(47, 137)
(47, 222)
(47, 146)
(47, 176)
(47, 177)
(47, 178)
(47, 52)
(47, 181)
(47, 186)
(47, 59)
(47, 188)
(47, 191)
(47, 64)
(47, 195)
(47, 201)
(47, 203)
(47, 208)
(47, 212)
(47, 215)
(47, 91)
(47, 221)
(47, 94)
(47, 101)
(47, 114)
(47, 116)
(47, 84)
(48, 225)
(48, 115)
(48, 197)
(48, 51)
(48, 161)
(48, 139)
(48, 236)
(48, 174)
(48, 80)
(48, 211)
(48, 90)
(48, 155)
(48, 124)
(48, 126)
(48, 95)
(49, 98)
(49, 198)
(49, 71)
(49, 72)
(49, 105)
(49, 138)
(49, 83)
(49, 108)
(49, 175)
(49, 50)
(49, 179)
(49, 85)
(49, 56)
(49, 61)
(50, 138)
(50, 151)
(50, 164)
(50, 165)
(50, 175)
(50, 179)
(50, 56)
(50, 61)
(50, 198)
(50, 71)
(50, 72)
(50, 184)
(50, 82)
(50, 83)
(50, 85)
(50, 98)
(50, 104)
(50, 105)
(50, 108)
(50, 112)
(50, 123)
(51, 161)
(51, 115)
(51, 197)
(51, 113)
(51, 139)
(51, 236)
(51, 174)
(51, 80)
(51, 209)
(51, 211)
(51, 90)
(51, 155)
(51, 124)
(51, 126)
(51, 95)
(52, 130)
(52, 133)
(52, 137)
(52, 176)
(52, 178)
(52, 181)
(52, 186)
(52, 59)
(52, 188)
(52, 191)
(52, 64)
(52, 195)
(52, 201)
(52, 203)
(52, 208)
(52, 211)
(52, 84)
(52, 215)
(52, 91)
(52, 221)
(52, 222)
(52, 225)
(52, 239)
(52, 116)
(52, 124)
(53, 132)
(53, 134)
(53, 135)
(53, 146)
(53, 160)
(53, 168)
(53, 169)
(53, 171)
(53, 172)
(53, 182)
(53, 62)
(53, 54)
(53, 200)
(53, 81)
(53, 212)
(53, 93)
(53, 230)
(53, 235)
(53, 109)
(53, 238)
(53, 111)
(53, 245)
(54, 134)
(54, 135)
(54, 109)
(54, 146)
(54, 160)
(54, 168)
(54, 171)
(54, 172)
(54, 221)
(54, 182)
(54, 200)
(54, 81)
(54, 212)
(54, 87)
(54, 91)
(54, 93)
(54, 102)
(54, 230)
(54, 237)
(54, 114)
(54, 116)
(54, 245)
(55, 98)
(55, 99)
(55, 165)
(55, 70)
(55, 138)
(55, 61)
(55, 112)
(55, 241)
(55, 183)
(55, 56)
(55, 249)
(55, 60)
(55, 106)
(55, 63)
(56, 131)
(56, 138)
(56, 144)
(56, 153)
(56, 165)
(56, 104)
(56, 60)
(56, 61)
(56, 70)
(56, 71)
(56, 79)
(56, 83)
(56, 85)
(56, 218)
(56, 98)
(56, 99)
(56, 232)
(56, 112)
(56, 241)
(57, 132)
(57, 142)
(57, 216)
(57, 167)
(57, 185)
(57, 192)
(57, 193)
(57, 196)
(57, 74)
(57, 75)
(57, 204)
(57, 214)
(57, 88)
(57, 227)
(57, 231)
(57, 233)
(57, 235)
(57, 109)
(57, 111)
(57, 118)
(58, 134)
(58, 143)
(58, 146)
(58, 160)
(58, 162)
(58, 169)
(58, 171)
(58, 182)
(58, 62)
(58, 76)
(58, 205)
(58, 212)
(58, 87)
(58, 93)
(58, 223)
(58, 224)
(58, 97)
(58, 230)
(58, 235)
(58, 237)
(58, 238)
(58, 243)
(58, 122)
(59, 130)
(59, 133)
(59, 137)
(59, 176)
(59, 178)
(59, 181)
(59, 186)
(59, 191)
(59, 64)
(59, 195)
(59, 199)
(59, 201)
(59, 203)
(59, 208)
(59, 211)
(59, 84)
(59, 215)
(59, 91)
(59, 221)
(59, 222)
(59, 225)
(59, 101)
(59, 239)
(59, 115)
(59, 116)
(59, 247)
(59, 124)
(59, 126)
(60, 138)
(60, 141)
(60, 144)
(60, 149)
(60, 153)
(60, 165)
(60, 183)
(60, 104)
(60, 63)
(60, 70)
(60, 207)
(60, 86)
(60, 218)
(60, 98)
(60, 99)
(60, 232)
(60, 106)
(60, 107)
(60, 112)
(60, 241)
(60, 249)
(61, 98)
(61, 165)
(61, 198)
(61, 71)
(61, 104)
(61, 138)
(61, 83)
(61, 108)
(61, 112)
(61, 179)
(61, 85)
(62, 160)
(62, 97)
(62, 162)
(62, 171)
(62, 196)
(62, 169)
(62, 235)
(62, 238)
(62, 243)
(62, 182)
(62, 87)
(62, 122)
(62, 93)
(62, 223)
(63, 99)
(63, 70)
(63, 106)
(63, 174)
(63, 207)
(63, 241)
(63, 86)
(63, 183)
(63, 249)
(64, 130)
(64, 133)
(64, 137)
(64, 176)
(64, 178)
(64, 181)
(64, 186)
(64, 188)
(64, 191)
(64, 195)
(64, 201)
(64, 203)
(64, 208)
(64, 211)
(64, 84)
(64, 215)
(64, 91)
(64, 221)
(64, 222)
(64, 225)
(64, 101)
(64, 239)
(64, 114)
(64, 116)
(65, 147)
(65, 148)
(65, 156)
(65, 157)
(65, 159)
(65, 180)
(65, 187)
(65, 189)
(65, 194)
(65, 67)
(65, 69)
(65, 202)
(65, 77)
(65, 78)
(65, 79)
(65, 228)
(65, 219)
(65, 92)
(65, 100)
(65, 244)
(65, 246)
(65, 119)
(65, 248)
(65, 121)
(65, 123)
(65, 127)
(66, 129)
(66, 130)
(66, 195)
(66, 133)
(66, 199)
(66, 203)
(66, 239)
(66, 176)
(66, 181)
(66, 247)
(66, 154)
(66, 220)
(66, 222)
(66, 101)
(67, 131)
(67, 152)
(67, 157)
(67, 166)
(67, 172)
(67, 180)
(67, 187)
(67, 194)
(67, 202)
(67, 77)
(67, 78)
(67, 79)
(67, 120)
(67, 210)
(67, 89)
(67, 219)
(67, 92)
(67, 226)
(67, 100)
(67, 102)
(67, 245)
(67, 248)
(67, 127)
(68, 128)
(68, 229)
(68, 231)
(68, 233)
(68, 170)
(68, 75)
(68, 204)
(68, 110)
(68, 240)
(68, 88)
(68, 216)
(68, 185)
(69, 128)
(69, 148)
(69, 163)
(69, 136)
(69, 77)
(69, 110)
(69, 244)
(69, 150)
(69, 121)
(69, 217)
(69, 127)
(69, 156)
(69, 157)
(69, 159)
(70, 131)
(70, 138)
(70, 141)
(70, 144)
(70, 149)
(70, 153)
(70, 165)
(70, 183)
(70, 104)
(70, 71)
(70, 73)
(70, 207)
(70, 86)
(70, 218)
(70, 79)
(70, 226)
(70, 99)
(70, 232)
(70, 106)
(70, 107)
(70, 112)
(70, 241)
(70, 249)
(71, 131)
(71, 138)
(71, 141)
(71, 144)
(71, 147)
(71, 151)
(71, 153)
(71, 164)
(71, 165)
(71, 180)
(71, 184)
(71, 189)
(71, 98)
(71, 79)
(71, 82)
(71, 83)
(71, 218)
(71, 92)
(71, 226)
(71, 100)
(71, 232)
(71, 105)
(71, 108)
(71, 112)
(71, 104)
(71, 119)
(71, 123)
(72, 83)
(72, 198)
(72, 105)
(72, 108)
(72, 175)
(72, 82)
(72, 179)
(72, 85)
(72, 151)
(72, 184)
(73, 137)
(73, 141)
(73, 149)
(73, 152)
(73, 153)
(73, 178)
(73, 183)
(73, 186)
(73, 188)
(73, 191)
(73, 201)
(73, 207)
(73, 211)
(73, 86)
(73, 215)
(73, 89)
(73, 221)
(73, 225)
(73, 226)
(73, 232)
(73, 107)
(73, 241)
(73, 120)
(74, 132)
(74, 142)
(74, 167)
(74, 192)
(74, 193)
(74, 200)
(74, 202)
(74, 75)
(74, 77)
(74, 78)
(74, 81)
(74, 214)
(74, 216)
(74, 227)
(74, 109)
(74, 111)
(74, 245)
(74, 118)
(74, 248)
(75, 128)
(75, 132)
(75, 142)
(75, 216)
(75, 150)
(75, 163)
(75, 167)
(75, 185)
(75, 192)
(75, 193)
(75, 204)
(75, 214)
(75, 88)
(75, 227)
(75, 229)
(75, 231)
(75, 233)
(75, 109)
(75, 110)
(75, 111)
(75, 118)
(76, 145)
(76, 173)
(76, 205)
(76, 206)
(76, 213)
(76, 87)
(76, 143)
(76, 223)
(76, 224)
(76, 97)
(76, 103)
(76, 237)
(76, 243)
(76, 117)
(76, 122)
(77, 136)
(77, 142)
(77, 148)
(77, 150)
(77, 157)
(77, 159)
(77, 163)
(77, 167)
(77, 180)
(77, 187)
(77, 202)
(77, 78)
(77, 217)
(77, 219)
(77, 100)
(77, 244)
(77, 245)
(77, 248)
(77, 121)
(77, 127)
(78, 142)
(78, 248)
(78, 166)
(78, 172)
(78, 157)
(78, 187)
(78, 193)
(78, 194)
(78, 200)
(78, 202)
(78, 81)
(78, 210)
(78, 89)
(78, 219)
(78, 92)
(78, 227)
(78, 102)
(78, 109)
(78, 111)
(78, 245)
(78, 120)
(78, 127)
(79, 131)
(79, 141)
(79, 144)
(79, 152)
(79, 153)
(79, 164)
(79, 165)
(79, 180)
(79, 189)
(79, 194)
(79, 82)
(79, 218)
(79, 219)
(79, 92)
(79, 226)
(79, 100)
(79, 232)
(79, 107)
(79, 112)
(79, 104)
(79, 119)
(79, 123)
(80, 137)
(80, 139)
(80, 149)
(80, 174)
(80, 183)
(80, 186)
(80, 197)
(80, 161)
(80, 207)
(80, 211)
(80, 86)
(80, 95)
(80, 225)
(80, 106)
(80, 249)
(80, 124)
(80, 126)
(81, 132)
(81, 135)
(81, 142)
(81, 160)
(81, 166)
(81, 168)
(81, 169)
(81, 171)
(81, 172)
(81, 182)
(81, 193)
(81, 200)
(81, 202)
(81, 210)
(81, 212)
(81, 93)
(81, 227)
(81, 102)
(81, 235)
(81, 109)
(81, 238)
(81, 111)
(81, 245)
(81, 248)
(82, 147)
(82, 151)
(82, 156)
(82, 164)
(82, 175)
(82, 180)
(82, 184)
(82, 189)
(82, 198)
(82, 83)
(82, 228)
(82, 100)
(82, 104)
(82, 105)
(82, 108)
(82, 246)
(82, 119)
(82, 121)
(82, 123)
(82, 125)
(83, 151)
(83, 164)
(83, 175)
(83, 179)
(83, 198)
(83, 184)
(83, 85)
(83, 98)
(83, 105)
(83, 108)
(83, 147)
(83, 123)
(84, 130)
(84, 133)
(84, 137)
(84, 176)
(84, 178)
(84, 181)
(84, 186)
(84, 188)
(84, 191)
(84, 195)
(84, 201)
(84, 203)
(84, 208)
(84, 211)
(84, 215)
(84, 91)
(84, 221)
(84, 222)
(84, 95)
(84, 225)
(84, 101)
(84, 239)
(84, 115)
(84, 116)
(84, 247)
(84, 124)
(84, 126)
(85, 98)
(85, 198)
(85, 105)
(85, 108)
(85, 175)
(85, 179)
(85, 151)
(86, 149)
(86, 174)
(86, 183)
(86, 186)
(86, 197)
(86, 207)
(86, 211)
(86, 95)
(86, 225)
(86, 99)
(86, 106)
(86, 107)
(86, 241)
(86, 249)
(86, 124)
(87, 134)
(87, 143)
(87, 146)
(87, 160)
(87, 169)
(87, 171)
(87, 177)
(87, 182)
(87, 205)
(87, 212)
(87, 93)
(87, 94)
(87, 223)
(87, 224)
(87, 97)
(87, 230)
(87, 103)
(87, 237)
(87, 238)
(87, 114)
(87, 243)
(87, 117)
(87, 122)
(88, 229)
(88, 231)
(88, 233)
(88, 170)
(88, 204)
(88, 110)
(88, 240)
(88, 216)
(88, 185)
(89, 135)
(89, 152)
(89, 166)
(89, 172)
(89, 186)
(89, 188)
(89, 191)
(89, 194)
(89, 141)
(89, 120)
(89, 210)
(89, 219)
(89, 92)
(89, 221)
(89, 226)
(89, 102)
(89, 107)
(89, 248)
(90, 161)
(90, 197)
(90, 113)
(90, 139)
(90, 236)
(90, 174)
(90, 209)
(91, 134)
(91, 135)
(91, 146)
(91, 176)
(91, 177)
(91, 178)
(91, 186)
(91, 188)
(91, 191)
(91, 195)
(91, 201)
(91, 203)
(91, 208)
(91, 212)
(91, 215)
(91, 221)
(91, 230)
(91, 114)
(91, 116)
(91, 120)
(92, 131)
(92, 141)
(92, 144)
(92, 152)
(92, 153)
(92, 157)
(92, 166)
(92, 180)
(92, 187)
(92, 189)
(92, 194)
(92, 210)
(92, 218)
(92, 219)
(92, 226)
(92, 100)
(92, 102)
(92, 232)
(92, 104)
(92, 119)
(92, 248)
(92, 121)
(92, 123)
(92, 127)
(93, 134)
(93, 135)
(93, 109)
(93, 146)
(93, 160)
(93, 168)
(93, 169)
(93, 171)
(93, 182)
(93, 200)
(93, 212)
(93, 230)
(93, 235)
(93, 237)
(93, 238)
(93, 114)
(93, 122)
(94, 129)
(94, 134)
(94, 140)
(94, 146)
(94, 158)
(94, 114)
(94, 176)
(94, 177)
(94, 190)
(94, 96)
(94, 195)
(94, 205)
(94, 212)
(94, 220)
(94, 224)
(94, 97)
(94, 101)
(94, 230)
(94, 103)
(94, 234)
(94, 237)
(94, 242)
(94, 117)
(95, 137)
(95, 139)
(95, 155)
(95, 161)
(95, 174)
(95, 178)
(95, 181)
(95, 186)
(95, 197)
(95, 201)
(95, 211)
(95, 225)
(95, 115)
(95, 124)
(95, 126)
(96, 129)
(96, 103)
(96, 234)
(96, 140)
(96, 205)
(96, 158)
(96, 173)
(96, 145)
(96, 242)
(96, 213)
(96, 143)
(96, 220)
(96, 190)
(96, 117)
(97, 134)
(97, 145)
(97, 146)
(97, 173)
(97, 177)
(97, 205)
(97, 206)
(97, 213)
(97, 143)
(97, 223)
(97, 224)
(97, 230)
(97, 103)
(97, 237)
(97, 243)
(97, 117)
(97, 122)
(98, 165)
(98, 198)
(98, 104)
(98, 138)
(98, 108)
(98, 112)
(98, 179)
(98, 218)
(99, 165)
(99, 138)
(99, 112)
(99, 241)
(99, 183)
(99, 249)
(99, 106)
(100, 131)
(100, 144)
(100, 147)
(100, 156)
(100, 157)
(100, 159)
(100, 164)
(100, 180)
(100, 187)
(100, 189)
(100, 194)
(100, 219)
(100, 226)
(100, 232)
(100, 104)
(100, 244)
(100, 119)
(100, 121)
(100, 123)
(100, 127)
(101, 129)
(101, 130)
(101, 133)
(101, 140)
(101, 154)
(101, 158)
(101, 176)
(101, 177)
(101, 181)
(101, 190)
(101, 195)
(101, 199)
(101, 203)
(101, 220)
(101, 222)
(101, 239)
(101, 242)
(101, 247)
(102, 135)
(102, 152)
(102, 157)
(102, 168)
(102, 172)
(102, 187)
(102, 191)
(102, 194)
(102, 200)
(102, 202)
(102, 120)
(102, 210)
(102, 219)
(102, 166)
(102, 245)
(102, 248)
(103, 129)
(103, 134)
(103, 140)
(103, 143)
(103, 145)
(103, 146)
(103, 158)
(103, 173)
(103, 177)
(103, 190)
(103, 205)
(103, 213)
(103, 220)
(103, 223)
(103, 224)
(103, 230)
(103, 234)
(103, 237)
(103, 242)
(103, 117)
(104, 131)
(104, 138)
(104, 141)
(104, 153)
(104, 164)
(104, 165)
(104, 180)
(104, 194)
(104, 218)
(104, 144)
(104, 226)
(104, 232)
(104, 105)
(104, 112)
(104, 241)
(104, 123)
(105, 151)
(105, 164)
(105, 175)
(105, 179)
(105, 180)
(105, 184)
(105, 189)
(105, 198)
(105, 228)
(105, 108)
(105, 147)
(105, 246)
(105, 119)
(105, 123)
(105, 125)
(106, 197)
(106, 174)
(106, 207)
(106, 241)
(106, 149)
(106, 183)
(106, 249)
(107, 131)
(107, 141)
(107, 144)
(107, 152)
(107, 149)
(107, 153)
(107, 165)
(107, 183)
(107, 186)
(107, 207)
(107, 218)
(107, 226)
(107, 232)
(107, 188)
(107, 241)
(107, 120)
(108, 151)
(108, 164)
(108, 175)
(108, 179)
(108, 184)
(108, 198)
(108, 228)
(108, 147)
(108, 123)
(108, 125)
(109, 132)
(109, 142)
(109, 160)
(109, 167)
(109, 168)
(109, 169)
(109, 171)
(109, 172)
(109, 182)
(109, 192)
(109, 193)
(109, 200)
(109, 202)
(109, 214)
(109, 227)
(109, 235)
(109, 111)
(109, 245)
(109, 118)
(109, 248)
(110, 128)
(110, 163)
(110, 229)
(110, 231)
(110, 136)
(110, 233)
(110, 170)
(110, 167)
(110, 240)
(110, 214)
(110, 216)
(110, 217)
(110, 150)
(111, 132)
(111, 142)
(111, 167)
(111, 171)
(111, 192)
(111, 193)
(111, 200)
(111, 202)
(111, 214)
(111, 216)
(111, 227)
(111, 168)
(111, 245)
(111, 118)
(111, 248)
(112, 131)
(112, 138)
(112, 141)
(112, 153)
(112, 165)
(112, 218)
(112, 144)
(112, 226)
(112, 232)
(112, 241)
(113, 161)
(113, 139)
(113, 236)
(113, 209)
(113, 155)
(114, 134)
(114, 135)
(114, 140)
(114, 146)
(114, 176)
(114, 177)
(114, 191)
(114, 195)
(114, 203)
(114, 205)
(114, 208)
(114, 212)
(114, 215)
(114, 221)
(114, 224)
(114, 230)
(114, 237)
(114, 116)
(115, 130)
(115, 133)
(115, 137)
(115, 155)
(115, 161)
(115, 181)
(115, 199)
(115, 203)
(115, 211)
(115, 225)
(115, 236)
(115, 239)
(115, 247)
(115, 124)
(115, 126)
(116, 134)
(116, 135)
(116, 146)
(116, 168)
(116, 176)
(116, 177)
(116, 178)
(116, 186)
(116, 188)
(116, 191)
(116, 195)
(116, 201)
(116, 203)
(116, 208)
(116, 212)
(116, 215)
(116, 221)
(116, 230)
(116, 120)
(117, 129)
(117, 140)
(117, 145)
(117, 158)
(117, 173)
(117, 177)
(117, 190)
(117, 205)
(117, 206)
(117, 213)
(117, 143)
(117, 223)
(117, 224)
(117, 234)
(117, 237)
(117, 242)
(117, 243)
(118, 192)
(118, 193)
(118, 132)
(118, 227)
(118, 196)
(118, 182)
(118, 167)
(118, 169)
(118, 235)
(118, 204)
(118, 238)
(118, 142)
(118, 214)
(118, 185)
(119, 147)
(119, 148)
(119, 151)
(119, 156)
(119, 157)
(119, 159)
(119, 164)
(119, 180)
(119, 184)
(119, 187)
(119, 189)
(119, 228)
(119, 244)
(119, 246)
(119, 121)
(119, 123)
(119, 125)
(119, 127)
(120, 135)
(120, 152)
(120, 172)
(120, 186)
(120, 188)
(120, 191)
(120, 194)
(120, 201)
(120, 208)
(120, 210)
(120, 215)
(120, 219)
(120, 221)
(120, 166)
(120, 248)
(121, 147)
(121, 148)
(121, 156)
(121, 157)
(121, 159)
(121, 164)
(121, 180)
(121, 184)
(121, 187)
(121, 189)
(121, 217)
(121, 228)
(121, 244)
(121, 246)
(121, 123)
(121, 125)
(121, 127)
(122, 134)
(122, 146)
(122, 160)
(122, 162)
(122, 169)
(122, 171)
(122, 182)
(122, 205)
(122, 212)
(122, 143)
(122, 223)
(122, 224)
(122, 230)
(122, 235)
(122, 237)
(122, 238)
(122, 243)
(123, 131)
(123, 151)
(123, 156)
(123, 164)
(123, 175)
(123, 180)
(123, 184)
(123, 189)
(123, 218)
(123, 144)
(123, 226)
(123, 228)
(123, 147)
(123, 246)
(123, 125)
(124, 137)
(124, 139)
(124, 155)
(124, 174)
(124, 178)
(124, 181)
(124, 186)
(124, 197)
(124, 161)
(124, 201)
(124, 211)
(124, 225)
(124, 126)
(125, 151)
(125, 147)
(125, 156)
(125, 159)
(125, 164)
(125, 175)
(125, 180)
(125, 184)
(125, 189)
(125, 228)
(125, 244)
(125, 246)
(126, 130)
(126, 137)
(126, 139)
(126, 155)
(126, 133)
(126, 161)
(126, 174)
(126, 181)
(126, 197)
(126, 211)
(126, 225)
(126, 236)
(126, 239)
(126, 247)
(127, 148)
(127, 156)
(127, 157)
(127, 159)
(127, 180)
(127, 187)
(127, 189)
(127, 194)
(127, 202)
(127, 210)
(127, 219)
(127, 166)
(127, 244)
(127, 248)
(128, 163)
(128, 229)
(128, 167)
(128, 136)
(128, 233)
(128, 170)
(128, 240)
(128, 150)
(128, 216)
(128, 217)
(129, 140)
(129, 154)
(129, 158)
(129, 176)
(129, 177)
(129, 222)
(129, 190)
(129, 220)
(129, 234)
(129, 242)
(130, 133)
(130, 154)
(130, 155)
(130, 176)
(130, 181)
(130, 195)
(130, 199)
(130, 203)
(130, 222)
(130, 239)
(130, 247)
(131, 141)
(131, 152)
(131, 153)
(131, 164)
(131, 165)
(131, 180)
(131, 194)
(131, 218)
(131, 219)
(131, 144)
(131, 226)
(131, 232)
(132, 142)
(132, 160)
(132, 167)
(132, 168)
(132, 169)
(132, 171)
(132, 182)
(132, 185)
(132, 192)
(132, 193)
(132, 196)
(132, 200)
(132, 202)
(132, 214)
(132, 216)
(132, 227)
(132, 235)
(132, 238)
(132, 245)
(133, 154)
(133, 176)
(133, 181)
(133, 195)
(133, 199)
(133, 203)
(133, 220)
(133, 222)
(133, 239)
(133, 247)
(134, 135)
(134, 140)
(134, 146)
(134, 160)
(134, 168)
(134, 171)
(134, 177)
(134, 205)
(134, 212)
(134, 223)
(134, 224)
(134, 230)
(134, 237)
(135, 146)
(135, 160)
(135, 166)
(135, 168)
(135, 171)
(135, 172)
(135, 191)
(135, 200)
(135, 208)
(135, 210)
(135, 212)
(135, 215)
(135, 221)
(135, 230)
(135, 237)
(136, 148)
(136, 163)
(136, 229)
(136, 167)
(136, 244)
(136, 150)
(136, 217)
(136, 159)
(137, 149)
(137, 178)
(137, 181)
(137, 186)
(137, 188)
(137, 191)
(137, 195)
(137, 201)
(137, 203)
(137, 207)
(137, 208)
(137, 211)
(137, 215)
(137, 221)
(137, 225)
(138, 153)
(138, 165)
(138, 218)
(138, 144)
(138, 232)
(138, 241)
(139, 161)
(139, 197)
(139, 236)
(139, 174)
(139, 211)
(139, 249)
(140, 143)
(140, 145)
(140, 146)
(140, 158)
(140, 176)
(140, 177)
(140, 190)
(140, 205)
(140, 220)
(140, 224)
(140, 230)
(140, 234)
(140, 237)
(140, 242)
(141, 152)
(141, 149)
(141, 153)
(141, 165)
(141, 183)
(141, 194)
(141, 207)
(141, 218)
(141, 144)
(141, 226)
(141, 232)
(141, 241)
(142, 157)
(142, 167)
(142, 172)
(142, 187)
(142, 193)
(142, 200)
(142, 202)
(142, 210)
(142, 214)
(142, 216)
(142, 227)
(142, 245)
(142, 248)
(143, 173)
(143, 145)
(143, 205)
(143, 206)
(143, 213)
(143, 223)
(143, 224)
(143, 234)
(143, 237)
(143, 243)
(144, 152)
(144, 153)
(144, 165)
(144, 194)
(144, 218)
(144, 226)
(144, 232)
(144, 241)
(145, 224)
(145, 234)
(145, 205)
(145, 206)
(145, 173)
(145, 243)
(145, 213)
(145, 158)
(145, 223)
(146, 160)
(146, 177)
(146, 195)
(146, 205)
(146, 212)
(146, 223)
(146, 224)
(146, 230)
(146, 237)
(146, 242)
(147, 151)
(147, 156)
(147, 164)
(147, 175)
(147, 180)
(147, 184)
(147, 189)
(147, 228)
(147, 244)
(147, 246)
(148, 150)
(148, 156)
(148, 157)
(148, 159)
(148, 163)
(148, 180)
(148, 189)
(148, 217)
(148, 244)
(148, 246)
(149, 152)
(149, 153)
(149, 186)
(149, 188)
(149, 201)
(149, 183)
(149, 207)
(149, 211)
(149, 225)
(149, 226)
(149, 232)
(149, 241)
(149, 249)
(150, 163)
(150, 229)
(150, 167)
(150, 216)
(150, 217)
(151, 164)
(151, 175)
(151, 179)
(151, 184)
(151, 189)
(151, 198)
(151, 228)
(151, 246)
(152, 153)
(152, 166)
(152, 172)
(152, 219)
(152, 186)
(152, 188)
(152, 191)
(152, 194)
(152, 210)
(152, 207)
(152, 221)
(152, 226)
(152, 232)
(153, 165)
(153, 183)
(153, 194)
(153, 207)
(153, 218)
(153, 226)
(153, 232)
(153, 241)
(154, 195)
(154, 199)
(154, 203)
(154, 158)
(154, 239)
(154, 176)
(154, 242)
(154, 190)
(154, 247)
(154, 220)
(154, 222)
(155, 161)
(155, 236)
(155, 239)
(155, 209)
(155, 181)
(156, 157)
(156, 159)
(156, 164)
(156, 180)
(156, 184)
(156, 189)
(156, 217)
(156, 228)
(156, 244)
(156, 246)
(157, 159)
(157, 180)
(157, 187)
(157, 189)
(157, 194)
(157, 202)
(157, 210)
(157, 219)
(157, 166)
(157, 244)
(157, 245)
(157, 248)
(158, 176)
(158, 177)
(158, 190)
(158, 205)
(158, 220)
(158, 234)
(158, 242)
(159, 163)
(159, 180)
(159, 187)
(159, 189)
(159, 217)
(159, 228)
(159, 244)
(159, 246)
(160, 168)
(160, 169)
(160, 171)
(160, 182)
(160, 200)
(160, 212)
(160, 230)
(160, 235)
(160, 237)
(160, 238)
(160, 245)
(161, 174)
(161, 181)
(161, 197)
(161, 211)
(161, 225)
(161, 236)
(162, 196)
(162, 169)
(162, 235)
(162, 238)
(162, 243)
(162, 182)
(163, 229)
(163, 167)
(163, 244)
(163, 216)
(163, 217)
(164, 175)
(164, 180)
(164, 184)
(164, 189)
(164, 228)
(164, 246)
(165, 183)
(165, 218)
(165, 226)
(165, 232)
(165, 241)
(166, 172)
(166, 187)
(166, 194)
(166, 200)
(166, 202)
(166, 210)
(166, 219)
(166, 245)
(166, 248)
(167, 193)
(167, 202)
(167, 214)
(167, 216)
(167, 227)
(167, 229)
(167, 233)
(167, 245)
(168, 169)
(168, 171)
(168, 172)
(168, 182)
(168, 200)
(168, 210)
(168, 212)
(168, 230)
(168, 238)
(168, 245)
(169, 171)
(169, 182)
(169, 192)
(169, 196)
(169, 200)
(169, 235)
(169, 238)
(170, 229)
(170, 231)
(170, 233)
(170, 240)
(170, 216)
(171, 172)
(171, 182)
(171, 200)
(171, 212)
(171, 230)
(171, 235)
(171, 237)
(171, 238)
(171, 245)
(172, 187)
(172, 191)
(172, 194)
(172, 200)
(172, 202)
(172, 210)
(172, 219)
(172, 245)
(172, 248)
(173, 205)
(173, 206)
(173, 243)
(173, 213)
(173, 223)
(174, 197)
(174, 211)
(174, 225)
(174, 249)
(175, 179)
(175, 184)
(175, 198)
(175, 228)
(176, 177)
(176, 178)
(176, 181)
(176, 195)
(176, 199)
(176, 203)
(176, 208)
(176, 215)
(176, 220)
(176, 222)
(176, 239)
(176, 242)
(176, 247)
(177, 190)
(177, 195)
(177, 205)
(177, 208)
(177, 212)
(177, 220)
(177, 224)
(177, 230)
(177, 234)
(177, 237)
(177, 242)
(178, 181)
(178, 186)
(178, 188)
(178, 191)
(178, 195)
(178, 201)
(178, 203)
(178, 208)
(178, 211)
(178, 215)
(178, 221)
(178, 225)
(179, 198)
(180, 184)
(180, 187)
(180, 189)
(180, 194)
(180, 226)
(180, 228)
(180, 244)
(180, 246)
(181, 186)
(181, 195)
(181, 199)
(181, 201)
(181, 203)
(181, 208)
(181, 211)
(181, 215)
(181, 222)
(181, 225)
(181, 239)
(181, 247)
(182, 192)
(182, 196)
(182, 200)
(182, 212)
(182, 235)
(182, 238)
(183, 207)
(183, 218)
(183, 232)
(183, 241)
(183, 249)
(184, 189)
(184, 198)
(184, 228)
(184, 246)
(185, 192)
(185, 196)
(185, 231)
(185, 233)
(185, 204)
(185, 214)
(185, 216)
(186, 188)
(186, 191)
(186, 201)
(186, 207)
(186, 211)
(186, 215)
(186, 221)
(186, 225)
(186, 208)
(187, 194)
(187, 202)
(187, 210)
(187, 219)
(187, 244)
(187, 245)
(187, 248)
(188, 191)
(188, 201)
(188, 207)
(188, 208)
(188, 211)
(188, 215)
(188, 221)
(188, 225)
(189, 228)
(189, 244)
(189, 246)
(190, 234)
(190, 242)
(190, 220)
(191, 201)
(191, 208)
(191, 215)
(191, 221)
(192, 193)
(192, 227)
(192, 196)
(192, 235)
(192, 204)
(192, 238)
(192, 214)
(193, 202)
(193, 200)
(193, 214)
(193, 216)
(193, 227)
(193, 245)
(193, 248)
(194, 248)
(194, 210)
(194, 218)
(194, 219)
(194, 226)
(194, 232)
(195, 199)
(195, 201)
(195, 203)
(195, 208)
(195, 215)
(195, 220)
(195, 221)
(195, 222)
(195, 239)
(195, 242)
(195, 247)
(196, 235)
(196, 204)
(196, 238)
(196, 214)
(197, 211)
(197, 225)
(197, 249)
(199, 203)
(199, 239)
(199, 247)
(199, 220)
(199, 222)
(200, 202)
(200, 210)
(200, 212)
(200, 214)
(200, 227)
(200, 235)
(200, 238)
(200, 245)
(200, 248)
(201, 203)
(201, 207)
(201, 208)
(201, 211)
(201, 215)
(201, 221)
(201, 225)
(202, 210)
(202, 214)
(202, 219)
(202, 227)
(202, 245)
(202, 248)
(203, 208)
(203, 215)
(203, 220)
(203, 222)
(203, 239)
(203, 247)
(204, 231)
(204, 233)
(204, 214)
(204, 216)
(205, 212)
(205, 213)
(205, 223)
(205, 224)
(205, 230)
(205, 234)
(205, 237)
(205, 242)
(205, 243)
(206, 243)
(206, 213)
(206, 223)
(207, 211)
(207, 225)
(207, 232)
(207, 241)
(207, 249)
(208, 215)
(208, 221)
(209, 236)
(210, 219)
(210, 245)
(210, 248)
(211, 215)
(211, 225)
(212, 221)
(212, 224)
(212, 230)
(212, 237)
(213, 224)
(213, 234)
(213, 243)
(213, 223)
(214, 216)
(214, 227)
(214, 233)
(214, 235)
(214, 245)
(215, 221)
(215, 225)
(216, 227)
(216, 229)
(216, 231)
(216, 233)
(216, 240)
(217, 244)
(218, 226)
(218, 232)
(218, 241)
(219, 226)
(219, 245)
(219, 248)
(220, 222)
(220, 234)
(220, 242)
(220, 247)
(222, 239)
(222, 242)
(222, 247)
(223, 224)
(223, 230)
(223, 237)
(223, 243)
(224, 230)
(224, 237)
(224, 243)
(226, 232)
(226, 241)
(227, 245)
(227, 248)
(228, 244)
(228, 246)
(229, 231)
(229, 233)
(229, 240)
(230, 237)
(231, 233)
(231, 240)
(232, 241)
(233, 240)
(234, 242)
(235, 238)
(239, 247)
(241, 249)
(244, 246)
(245, 248)
