#Nodes
0
1
2
3
4
5
6
7
8
9
10
11
12
13
14
15
16
17
18
19
20
21
22
23
24
25
26
27
28
29
30
31
32
33
34
35
36
37
38
39
40
41
42
43
44
45
46
47
48
49
50
51
52
53
54
55
56
57
58
59
60
61
62
63
64
65
66
67
68
69
70
71
72
73
74
75
76
77
78
79
80
81
82
83
84
85
86
87
88
89
90
91
92
93
94
95
96
97
98
99
100
101
102
103
104
105
106
107
108
109
110
111
112
113
114
115
116
117
118
119
120
121
122
123
124
125
126
127
128
129
130
131
132
133
134
135
136
137
138
139
140
141
142
143
144
145
146
147
148
149
150
151
152
153
154
155
156
157
158
159
160
161
162
163
164
165
166
167
168
169
170
171
172
173
174
175
176
177
178
179
180
181
182
183
184
185
186
187
188
189
190
191
192
193
194
195
196
197
198
199
200
201
202
203
204
205
206
207
208
209
210
211
212
213
214
215
216
217
218
219
220
221
222
223
224
225
226
227
228
229
230
231
232
233
234
235
236
237
238
239
240
241
242
243
244
245
246
247
248
249
#Edges
(0, 129)
(0, 130)
(0, 51)
(0, 10)
(0, 11)
(0, 12)
(0, 14)
(0, 145)
(0, 18)
(0, 151)
(0, 152)
(0, 155)
(0, 162)
(0, 91)
(0, 164)
(0, 6)
(0, 169)
(0, 42)
(0, 49)
(0, 179)
(0, 182)
(0, 55)
(0, 62)
(0, 68)
(0, 70)
(0, 202)
(0, 203)
(0, 204)
(0, 83)
(0, 36)
(0, 90)
(0, 219)
(0, 220)
(0, 221)
(0, 224)
(0, 237)
(0, 114)
(0, 116)
(0, 117)
(0, 123)
(1, 133)
(1, 139)
(1, 24)
(1, 30)
(1, 35)
(1, 39)
(1, 168)
(1, 175)
(1, 195)
(1, 199)
(1, 77)
(1, 215)
(1, 223)
(1, 226)
(1, 234)
(1, 239)
(1, 113)
(1, 245)
(1, 118)
(1, 121)
(1, 124)
(1, 106)
(2, 129)
(2, 130)
(2, 133)
(2, 10)
(2, 14)
(2, 143)
(2, 144)
(2, 147)
(2, 155)
(2, 34)
(2, 35)
(2, 36)
(2, 37)
(2, 41)
(2, 45)
(2, 46)
(2, 179)
(2, 180)
(2, 202)
(2, 77)
(2, 211)
(2, 220)
(2, 221)
(2, 226)
(2, 106)
(2, 240)
(2, 117)
(2, 118)
(2, 125)
(3, 134)
(3, 7)
(3, 8)
(3, 172)
(3, 19)
(3, 20)
(3, 25)
(3, 27)
(3, 38)
(3, 44)
(3, 176)
(3, 177)
(3, 178)
(3, 52)
(3, 54)
(3, 185)
(3, 186)
(3, 63)
(3, 192)
(3, 75)
(3, 209)
(3, 214)
(3, 87)
(3, 93)
(3, 94)
(3, 100)
(3, 102)
(3, 238)
(3, 112)
(4, 129)
(4, 130)
(4, 133)
(4, 51)
(4, 11)
(4, 14)
(4, 157)
(4, 30)
(4, 32)
(4, 35)
(4, 167)
(4, 169)
(4, 173)
(4, 179)
(4, 182)
(4, 61)
(4, 194)
(4, 199)
(4, 202)
(4, 77)
(4, 91)
(4, 221)
(4, 226)
(4, 233)
(4, 234)
(4, 39)
(4, 108)
(4, 240)
(4, 118)
(4, 121)
(4, 123)
(4, 124)
(5, 136)
(5, 23)
(5, 12)
(5, 22)
(5, 151)
(5, 158)
(5, 162)
(5, 219)
(5, 164)
(5, 167)
(5, 48)
(5, 51)
(5, 182)
(5, 183)
(5, 56)
(5, 11)
(5, 68)
(5, 70)
(5, 72)
(5, 203)
(5, 204)
(5, 205)
(5, 208)
(5, 81)
(5, 90)
(5, 91)
(5, 92)
(5, 224)
(5, 227)
(5, 101)
(5, 114)
(5, 243)
(5, 244)
(5, 123)
(6, 136)
(6, 9)
(6, 10)
(6, 12)
(6, 15)
(6, 145)
(6, 18)
(6, 151)
(6, 152)
(6, 33)
(6, 162)
(6, 164)
(6, 169)
(6, 42)
(6, 44)
(6, 49)
(6, 178)
(6, 181)
(6, 55)
(6, 56)
(6, 62)
(6, 68)
(6, 70)
(6, 72)
(6, 73)
(6, 203)
(6, 205)
(6, 83)
(6, 87)
(6, 88)
(6, 217)
(6, 219)
(6, 224)
(6, 100)
(6, 230)
(6, 237)
(6, 114)
(6, 116)
(6, 117)
(7, 8)
(7, 137)
(7, 20)
(7, 238)
(7, 25)
(7, 27)
(7, 159)
(7, 33)
(7, 38)
(7, 44)
(7, 47)
(7, 176)
(7, 177)
(7, 178)
(7, 181)
(7, 54)
(7, 9)
(7, 60)
(7, 190)
(7, 73)
(7, 74)
(7, 76)
(7, 80)
(7, 209)
(7, 88)
(7, 217)
(7, 93)
(7, 100)
(7, 230)
(7, 103)
(7, 235)
(7, 236)
(7, 110)
(7, 112)
(7, 241)
(7, 242)
(7, 115)
(7, 127)
(8, 9)
(8, 20)
(8, 238)
(8, 25)
(8, 27)
(8, 38)
(8, 44)
(8, 47)
(8, 176)
(8, 177)
(8, 178)
(8, 52)
(8, 181)
(8, 54)
(8, 192)
(8, 73)
(8, 74)
(8, 80)
(8, 209)
(8, 214)
(8, 88)
(8, 217)
(8, 93)
(8, 94)
(8, 100)
(8, 230)
(8, 103)
(8, 110)
(8, 112)
(8, 241)
(8, 115)
(8, 127)
(9, 136)
(9, 137)
(9, 15)
(9, 145)
(9, 20)
(9, 159)
(9, 33)
(9, 70)
(9, 38)
(9, 44)
(9, 242)
(9, 47)
(9, 178)
(9, 181)
(9, 55)
(9, 184)
(9, 60)
(9, 198)
(9, 72)
(9, 73)
(9, 74)
(9, 76)
(9, 205)
(9, 56)
(9, 88)
(9, 217)
(9, 224)
(9, 100)
(9, 230)
(9, 103)
(9, 241)
(9, 114)
(10, 129)
(10, 130)
(10, 51)
(10, 12)
(10, 14)
(10, 143)
(10, 145)
(10, 18)
(10, 152)
(10, 155)
(10, 164)
(10, 169)
(10, 42)
(10, 49)
(10, 179)
(10, 182)
(10, 62)
(10, 202)
(10, 83)
(10, 36)
(10, 91)
(10, 220)
(10, 221)
(10, 99)
(10, 228)
(10, 237)
(10, 240)
(10, 116)
(10, 117)
(10, 125)
(11, 129)
(11, 130)
(11, 51)
(11, 23)
(11, 12)
(11, 14)
(11, 151)
(11, 157)
(11, 32)
(11, 162)
(11, 219)
(11, 164)
(11, 167)
(11, 169)
(11, 48)
(11, 179)
(11, 182)
(11, 61)
(11, 62)
(11, 68)
(11, 203)
(11, 204)
(11, 90)
(11, 91)
(11, 224)
(11, 227)
(11, 233)
(11, 114)
(11, 243)
(11, 123)
(12, 129)
(12, 51)
(12, 136)
(12, 23)
(12, 145)
(12, 151)
(12, 162)
(12, 219)
(12, 164)
(12, 167)
(12, 169)
(12, 48)
(12, 179)
(12, 182)
(12, 62)
(12, 68)
(12, 70)
(12, 72)
(12, 203)
(12, 204)
(12, 205)
(12, 90)
(12, 91)
(12, 224)
(12, 227)
(12, 237)
(12, 114)
(12, 243)
(12, 117)
(12, 123)
(13, 128)
(13, 131)
(13, 16)
(13, 17)
(13, 146)
(13, 147)
(13, 148)
(13, 149)
(13, 29)
(13, 34)
(13, 163)
(13, 165)
(13, 40)
(13, 171)
(13, 45)
(13, 174)
(13, 180)
(13, 187)
(13, 189)
(13, 191)
(13, 196)
(13, 197)
(13, 71)
(13, 247)
(13, 78)
(13, 210)
(13, 211)
(13, 84)
(13, 37)
(13, 96)
(13, 46)
(13, 119)
(13, 122)
(13, 21)
(14, 129)
(14, 130)
(14, 133)
(14, 179)
(14, 155)
(14, 157)
(14, 30)
(14, 35)
(14, 36)
(14, 167)
(14, 169)
(14, 51)
(14, 182)
(14, 62)
(14, 202)
(14, 77)
(14, 91)
(14, 220)
(14, 221)
(14, 226)
(14, 233)
(14, 240)
(14, 117)
(14, 118)
(14, 123)
(15, 136)
(15, 137)
(15, 151)
(15, 159)
(15, 33)
(15, 162)
(15, 70)
(15, 114)
(15, 47)
(15, 181)
(15, 184)
(15, 193)
(15, 68)
(15, 198)
(15, 72)
(15, 73)
(15, 74)
(15, 203)
(15, 76)
(15, 205)
(15, 56)
(15, 88)
(15, 217)
(15, 219)
(15, 224)
(15, 230)
(15, 241)
(15, 242)
(15, 243)
(16, 128)
(16, 131)
(16, 17)
(16, 146)
(16, 147)
(16, 148)
(16, 149)
(16, 29)
(16, 160)
(16, 34)
(16, 165)
(16, 46)
(16, 57)
(16, 188)
(16, 189)
(16, 196)
(16, 197)
(16, 247)
(16, 206)
(16, 210)
(16, 211)
(16, 84)
(16, 78)
(16, 96)
(16, 98)
(16, 82)
(16, 111)
(16, 119)
(16, 122)
(17, 128)
(17, 96)
(17, 163)
(17, 196)
(17, 165)
(17, 71)
(17, 200)
(17, 171)
(17, 78)
(17, 146)
(17, 148)
(17, 149)
(17, 119)
(17, 84)
(17, 95)
(17, 189)
(17, 85)
(17, 191)
(18, 44)
(18, 141)
(18, 145)
(18, 19)
(18, 152)
(18, 42)
(18, 172)
(18, 49)
(18, 178)
(18, 54)
(18, 55)
(18, 63)
(18, 73)
(18, 209)
(18, 83)
(18, 87)
(18, 100)
(18, 220)
(18, 222)
(18, 99)
(18, 228)
(18, 104)
(18, 237)
(18, 238)
(18, 112)
(18, 116)
(18, 117)
(19, 134)
(19, 44)
(19, 141)
(19, 152)
(19, 42)
(19, 172)
(19, 49)
(19, 178)
(19, 54)
(19, 55)
(19, 186)
(19, 63)
(19, 209)
(19, 83)
(19, 87)
(19, 100)
(19, 222)
(19, 99)
(19, 228)
(19, 104)
(19, 237)
(19, 238)
(19, 112)
(19, 116)
(20, 238)
(20, 25)
(20, 27)
(20, 38)
(20, 44)
(20, 47)
(20, 176)
(20, 177)
(20, 178)
(20, 52)
(20, 181)
(20, 54)
(20, 190)
(20, 192)
(20, 74)
(20, 80)
(20, 209)
(20, 88)
(20, 217)
(20, 93)
(20, 94)
(20, 100)
(20, 230)
(20, 103)
(20, 235)
(20, 110)
(20, 112)
(20, 241)
(20, 115)
(20, 127)
(21, 131)
(21, 141)
(21, 143)
(21, 146)
(21, 147)
(21, 46)
(21, 26)
(21, 28)
(21, 34)
(21, 165)
(21, 40)
(21, 41)
(21, 171)
(21, 45)
(21, 174)
(21, 180)
(21, 187)
(21, 191)
(21, 196)
(21, 71)
(21, 78)
(21, 211)
(21, 84)
(21, 220)
(21, 222)
(21, 37)
(21, 96)
(21, 99)
(21, 228)
(21, 109)
(21, 119)
(21, 125)
(22, 48)
(22, 227)
(22, 101)
(22, 166)
(22, 135)
(22, 107)
(22, 208)
(22, 81)
(22, 243)
(22, 244)
(22, 183)
(22, 216)
(22, 23)
(22, 92)
(22, 158)
(23, 135)
(23, 136)
(23, 151)
(23, 158)
(23, 162)
(23, 91)
(23, 164)
(23, 167)
(23, 48)
(23, 51)
(23, 182)
(23, 183)
(23, 68)
(23, 72)
(23, 203)
(23, 204)
(23, 205)
(23, 208)
(23, 81)
(23, 90)
(23, 219)
(23, 92)
(23, 224)
(23, 227)
(23, 101)
(23, 114)
(23, 243)
(23, 244)
(23, 123)
(24, 66)
(24, 168)
(24, 106)
(24, 139)
(24, 175)
(24, 144)
(24, 113)
(24, 57)
(24, 212)
(24, 245)
(24, 150)
(24, 215)
(24, 111)
(24, 153)
(24, 239)
(24, 156)
(25, 110)
(25, 27)
(25, 38)
(25, 44)
(25, 176)
(25, 177)
(25, 178)
(25, 52)
(25, 54)
(25, 190)
(25, 192)
(25, 80)
(25, 209)
(25, 214)
(25, 93)
(25, 94)
(25, 103)
(25, 235)
(25, 236)
(25, 238)
(25, 112)
(25, 241)
(25, 115)
(25, 127)
(26, 132)
(26, 134)
(26, 141)
(26, 28)
(26, 31)
(26, 161)
(26, 40)
(26, 170)
(26, 171)
(26, 174)
(26, 187)
(26, 191)
(26, 65)
(26, 97)
(26, 207)
(26, 213)
(26, 71)
(26, 222)
(26, 95)
(26, 225)
(26, 99)
(26, 104)
(26, 109)
(26, 246)
(26, 120)
(26, 249)
(26, 63)
(26, 85)
(27, 38)
(27, 176)
(27, 177)
(27, 52)
(27, 190)
(27, 192)
(27, 80)
(27, 214)
(27, 93)
(27, 94)
(27, 103)
(27, 235)
(27, 236)
(27, 110)
(27, 241)
(27, 115)
(27, 127)
(28, 141)
(28, 143)
(28, 146)
(28, 161)
(28, 165)
(28, 40)
(28, 171)
(28, 174)
(28, 180)
(28, 187)
(28, 191)
(28, 196)
(28, 71)
(28, 211)
(28, 213)
(28, 37)
(28, 222)
(28, 95)
(28, 99)
(28, 228)
(28, 104)
(28, 109)
(28, 119)
(28, 63)
(28, 125)
(28, 85)
(29, 128)
(29, 131)
(29, 147)
(29, 148)
(29, 149)
(29, 160)
(29, 57)
(29, 188)
(29, 189)
(29, 197)
(29, 78)
(29, 82)
(29, 84)
(29, 206)
(29, 96)
(29, 98)
(29, 210)
(29, 111)
(29, 247)
(29, 122)
(30, 129)
(30, 130)
(30, 133)
(30, 51)
(30, 157)
(30, 32)
(30, 35)
(30, 167)
(30, 173)
(30, 179)
(30, 182)
(30, 61)
(30, 194)
(30, 199)
(30, 202)
(30, 77)
(30, 91)
(30, 221)
(30, 223)
(30, 226)
(30, 233)
(30, 234)
(30, 39)
(30, 108)
(30, 240)
(30, 118)
(30, 121)
(30, 123)
(30, 124)
(31, 225)
(31, 132)
(31, 229)
(31, 161)
(31, 200)
(31, 201)
(31, 170)
(31, 43)
(31, 207)
(31, 97)
(31, 213)
(31, 246)
(31, 85)
(31, 120)
(31, 249)
(31, 138)
(31, 126)
(31, 95)
(32, 140)
(32, 142)
(32, 154)
(32, 218)
(32, 167)
(32, 173)
(32, 157)
(32, 182)
(32, 183)
(32, 61)
(32, 194)
(32, 67)
(32, 69)
(32, 199)
(32, 204)
(32, 79)
(32, 208)
(32, 81)
(32, 216)
(32, 89)
(32, 90)
(32, 91)
(32, 227)
(32, 232)
(32, 233)
(32, 39)
(32, 108)
(32, 105)
(32, 123)
(33, 136)
(33, 137)
(33, 145)
(33, 151)
(33, 159)
(33, 162)
(33, 164)
(33, 70)
(33, 44)
(33, 242)
(33, 47)
(33, 178)
(33, 181)
(33, 55)
(33, 184)
(33, 193)
(33, 68)
(33, 198)
(33, 72)
(33, 73)
(33, 74)
(33, 203)
(33, 205)
(33, 56)
(33, 88)
(33, 217)
(33, 219)
(33, 224)
(33, 100)
(33, 230)
(33, 241)
(33, 114)
(34, 128)
(34, 131)
(34, 143)
(34, 144)
(34, 146)
(34, 147)
(34, 148)
(34, 149)
(34, 155)
(34, 35)
(34, 165)
(34, 41)
(34, 171)
(34, 45)
(34, 46)
(34, 180)
(34, 187)
(34, 196)
(34, 197)
(34, 71)
(34, 247)
(34, 78)
(34, 210)
(34, 211)
(34, 84)
(34, 37)
(34, 96)
(34, 111)
(34, 240)
(34, 119)
(34, 125)
(35, 129)
(35, 130)
(35, 133)
(35, 139)
(35, 144)
(35, 155)
(35, 36)
(35, 168)
(35, 41)
(35, 45)
(35, 175)
(35, 202)
(35, 77)
(35, 215)
(35, 221)
(35, 226)
(35, 234)
(35, 240)
(35, 113)
(35, 245)
(35, 118)
(35, 121)
(35, 124)
(35, 106)
(36, 129)
(36, 130)
(36, 133)
(36, 51)
(36, 143)
(36, 152)
(36, 155)
(36, 169)
(36, 49)
(36, 179)
(36, 180)
(36, 182)
(36, 62)
(36, 202)
(36, 83)
(36, 91)
(36, 220)
(36, 221)
(36, 240)
(36, 116)
(36, 117)
(36, 118)
(36, 41)
(36, 123)
(36, 125)
(37, 131)
(37, 143)
(37, 146)
(37, 147)
(37, 149)
(37, 155)
(37, 165)
(37, 40)
(37, 41)
(37, 171)
(37, 45)
(37, 174)
(37, 180)
(37, 187)
(37, 191)
(37, 196)
(37, 71)
(37, 78)
(37, 210)
(37, 211)
(37, 84)
(37, 220)
(37, 222)
(37, 96)
(37, 99)
(37, 228)
(37, 46)
(37, 109)
(37, 119)
(37, 125)
(38, 137)
(38, 238)
(38, 159)
(38, 44)
(38, 47)
(38, 176)
(38, 177)
(38, 178)
(38, 52)
(38, 181)
(38, 54)
(38, 60)
(38, 190)
(38, 74)
(38, 80)
(38, 209)
(38, 88)
(38, 217)
(38, 93)
(38, 100)
(38, 230)
(38, 103)
(38, 235)
(38, 236)
(38, 110)
(38, 241)
(38, 242)
(38, 115)
(38, 127)
(39, 130)
(39, 133)
(39, 142)
(39, 154)
(39, 157)
(39, 167)
(39, 173)
(39, 182)
(39, 61)
(39, 194)
(39, 69)
(39, 199)
(39, 77)
(39, 223)
(39, 226)
(39, 233)
(39, 234)
(39, 108)
(39, 121)
(39, 123)
(39, 124)
(40, 141)
(40, 143)
(40, 146)
(40, 161)
(40, 165)
(40, 171)
(40, 174)
(40, 187)
(40, 191)
(40, 196)
(40, 71)
(40, 78)
(40, 211)
(40, 85)
(40, 222)
(40, 95)
(40, 99)
(40, 228)
(40, 104)
(40, 109)
(40, 119)
(40, 213)
(41, 131)
(41, 143)
(41, 144)
(41, 147)
(41, 149)
(41, 155)
(41, 165)
(41, 45)
(41, 46)
(41, 180)
(41, 187)
(41, 196)
(41, 202)
(41, 247)
(41, 210)
(41, 211)
(41, 84)
(41, 220)
(41, 221)
(41, 106)
(41, 240)
(41, 118)
(41, 119)
(41, 125)
(42, 44)
(42, 143)
(42, 145)
(42, 152)
(42, 164)
(42, 172)
(42, 49)
(42, 178)
(42, 54)
(42, 55)
(42, 62)
(42, 63)
(42, 73)
(42, 203)
(42, 209)
(42, 83)
(42, 87)
(42, 228)
(42, 220)
(42, 222)
(42, 224)
(42, 99)
(42, 100)
(42, 104)
(42, 237)
(42, 238)
(42, 112)
(42, 114)
(42, 116)
(42, 117)
(43, 225)
(43, 132)
(43, 229)
(43, 161)
(43, 201)
(43, 170)
(43, 207)
(43, 97)
(43, 213)
(43, 246)
(43, 85)
(43, 120)
(43, 249)
(43, 138)
(43, 126)
(43, 95)
(44, 145)
(44, 172)
(44, 47)
(44, 178)
(44, 181)
(44, 54)
(44, 55)
(44, 63)
(44, 70)
(44, 73)
(44, 209)
(44, 87)
(44, 88)
(44, 217)
(44, 224)
(44, 100)
(44, 230)
(44, 237)
(44, 238)
(44, 112)
(44, 241)
(44, 116)
(45, 128)
(45, 131)
(45, 139)
(45, 143)
(45, 144)
(45, 146)
(45, 147)
(45, 148)
(45, 149)
(45, 155)
(45, 165)
(45, 171)
(45, 46)
(45, 180)
(45, 187)
(45, 196)
(45, 197)
(45, 247)
(45, 78)
(45, 210)
(45, 211)
(45, 84)
(45, 96)
(45, 106)
(45, 111)
(45, 240)
(45, 118)
(45, 119)
(45, 125)
(46, 128)
(46, 131)
(46, 143)
(46, 144)
(46, 146)
(46, 147)
(46, 148)
(46, 149)
(46, 155)
(46, 165)
(46, 171)
(46, 180)
(46, 187)
(46, 196)
(46, 197)
(46, 71)
(46, 247)
(46, 78)
(46, 210)
(46, 211)
(46, 84)
(46, 96)
(46, 119)
(46, 125)
(47, 136)
(47, 137)
(47, 159)
(47, 70)
(47, 50)
(47, 178)
(47, 181)
(47, 184)
(47, 60)
(47, 190)
(47, 193)
(47, 198)
(47, 72)
(47, 73)
(47, 74)
(47, 76)
(47, 205)
(47, 56)
(47, 88)
(47, 217)
(47, 100)
(47, 230)
(47, 103)
(47, 236)
(47, 241)
(47, 242)
(47, 115)
(48, 135)
(48, 136)
(48, 151)
(48, 158)
(48, 162)
(48, 164)
(48, 183)
(48, 68)
(48, 72)
(48, 203)
(48, 204)
(48, 205)
(48, 208)
(48, 81)
(48, 90)
(48, 219)
(48, 92)
(48, 227)
(48, 101)
(48, 114)
(48, 243)
(48, 244)
(49, 141)
(49, 143)
(49, 145)
(49, 152)
(49, 155)
(49, 172)
(49, 55)
(49, 187)
(49, 63)
(49, 109)
(49, 83)
(49, 87)
(49, 220)
(49, 222)
(49, 99)
(49, 228)
(49, 104)
(49, 237)
(49, 116)
(49, 117)
(49, 125)
(50, 193)
(50, 198)
(50, 103)
(50, 137)
(50, 74)
(50, 235)
(50, 236)
(50, 110)
(50, 76)
(50, 241)
(50, 242)
(50, 115)
(50, 60)
(50, 190)
(50, 159)
(51, 129)
(51, 130)
(51, 155)
(51, 157)
(51, 162)
(51, 219)
(51, 164)
(51, 167)
(51, 169)
(51, 179)
(51, 182)
(51, 61)
(51, 62)
(51, 68)
(51, 202)
(51, 203)
(51, 204)
(51, 90)
(51, 91)
(51, 221)
(51, 227)
(51, 233)
(51, 237)
(51, 114)
(51, 117)
(51, 123)
(52, 192)
(52, 80)
(52, 102)
(52, 75)
(52, 238)
(52, 176)
(52, 177)
(52, 110)
(52, 214)
(52, 93)
(52, 94)
(52, 127)
(53, 64)
(53, 67)
(53, 166)
(53, 231)
(53, 105)
(53, 107)
(53, 140)
(53, 142)
(53, 79)
(53, 216)
(53, 183)
(53, 248)
(53, 89)
(53, 218)
(53, 58)
(54, 134)
(54, 172)
(54, 178)
(54, 55)
(54, 186)
(54, 63)
(54, 192)
(54, 75)
(54, 209)
(54, 214)
(54, 87)
(54, 94)
(54, 100)
(54, 102)
(54, 104)
(54, 238)
(54, 112)
(55, 145)
(55, 152)
(55, 164)
(55, 172)
(55, 178)
(55, 181)
(55, 63)
(55, 70)
(55, 73)
(55, 203)
(55, 209)
(55, 83)
(55, 87)
(55, 88)
(55, 228)
(55, 224)
(55, 100)
(55, 230)
(55, 104)
(55, 237)
(55, 238)
(55, 112)
(55, 114)
(55, 116)
(55, 117)
(56, 136)
(56, 137)
(56, 145)
(56, 151)
(56, 159)
(56, 162)
(56, 164)
(56, 70)
(56, 114)
(56, 181)
(56, 184)
(56, 193)
(56, 68)
(56, 198)
(56, 72)
(56, 73)
(56, 74)
(56, 203)
(56, 205)
(56, 88)
(56, 217)
(56, 219)
(56, 224)
(56, 230)
(56, 242)
(56, 243)
(57, 128)
(57, 131)
(57, 139)
(57, 144)
(57, 147)
(57, 148)
(57, 149)
(57, 150)
(57, 156)
(57, 160)
(57, 188)
(57, 189)
(57, 66)
(57, 197)
(57, 206)
(57, 82)
(57, 84)
(57, 215)
(57, 98)
(57, 210)
(57, 111)
(57, 247)
(57, 122)
(58, 64)
(58, 67)
(58, 166)
(58, 231)
(58, 105)
(58, 107)
(58, 140)
(58, 79)
(58, 216)
(58, 183)
(58, 248)
(58, 89)
(58, 218)
(58, 81)
(59, 66)
(59, 239)
(59, 212)
(59, 150)
(59, 153)
(59, 156)
(60, 193)
(60, 198)
(60, 103)
(60, 137)
(60, 74)
(60, 235)
(60, 236)
(60, 110)
(60, 80)
(60, 241)
(60, 242)
(60, 115)
(60, 76)
(60, 217)
(60, 190)
(60, 159)
(61, 130)
(61, 133)
(61, 142)
(61, 154)
(61, 218)
(61, 167)
(61, 173)
(61, 157)
(61, 182)
(61, 194)
(61, 67)
(61, 69)
(61, 199)
(61, 79)
(61, 90)
(61, 91)
(61, 226)
(61, 227)
(61, 232)
(61, 233)
(61, 234)
(61, 108)
(61, 105)
(61, 123)
(62, 129)
(62, 130)
(62, 145)
(62, 155)
(62, 162)
(62, 91)
(62, 164)
(62, 167)
(62, 169)
(62, 179)
(62, 182)
(62, 68)
(62, 202)
(62, 203)
(62, 204)
(62, 90)
(62, 219)
(62, 220)
(62, 221)
(62, 224)
(62, 237)
(62, 114)
(62, 116)
(62, 117)
(62, 123)
(63, 134)
(63, 141)
(63, 152)
(63, 172)
(63, 178)
(63, 186)
(63, 209)
(63, 83)
(63, 87)
(63, 222)
(63, 99)
(63, 228)
(63, 104)
(63, 109)
(63, 238)
(63, 112)
(63, 116)
(64, 67)
(64, 69)
(64, 166)
(64, 231)
(64, 232)
(64, 105)
(64, 107)
(64, 140)
(64, 142)
(64, 79)
(64, 216)
(64, 248)
(64, 89)
(64, 218)
(64, 154)
(65, 246)
(65, 132)
(65, 229)
(65, 134)
(65, 225)
(65, 161)
(65, 170)
(65, 75)
(65, 207)
(65, 102)
(65, 213)
(65, 214)
(65, 185)
(65, 249)
(65, 186)
(65, 86)
(65, 138)
(65, 126)
(66, 160)
(66, 156)
(66, 139)
(66, 239)
(66, 212)
(66, 150)
(66, 215)
(66, 153)
(66, 111)
(66, 188)
(67, 140)
(67, 142)
(67, 154)
(67, 166)
(67, 173)
(67, 194)
(67, 69)
(67, 79)
(67, 216)
(67, 89)
(67, 218)
(67, 231)
(67, 232)
(67, 105)
(67, 107)
(67, 108)
(67, 248)
(68, 136)
(68, 145)
(68, 151)
(68, 162)
(68, 219)
(68, 164)
(68, 169)
(68, 182)
(68, 70)
(68, 72)
(68, 73)
(68, 203)
(68, 204)
(68, 205)
(68, 90)
(68, 91)
(68, 224)
(68, 227)
(68, 237)
(68, 114)
(68, 243)
(68, 123)
(69, 194)
(69, 199)
(69, 232)
(69, 108)
(69, 140)
(69, 173)
(69, 142)
(69, 79)
(69, 105)
(69, 89)
(69, 218)
(69, 154)
(69, 223)
(70, 136)
(70, 137)
(70, 145)
(70, 151)
(70, 162)
(70, 164)
(70, 181)
(70, 184)
(70, 72)
(70, 73)
(70, 203)
(70, 205)
(70, 88)
(70, 217)
(70, 219)
(70, 224)
(70, 100)
(70, 230)
(70, 237)
(70, 114)
(70, 243)
(71, 131)
(71, 146)
(71, 147)
(71, 148)
(71, 149)
(71, 163)
(71, 165)
(71, 171)
(71, 174)
(71, 180)
(71, 187)
(71, 191)
(71, 196)
(71, 200)
(71, 78)
(71, 211)
(71, 84)
(71, 85)
(71, 222)
(71, 95)
(71, 96)
(71, 109)
(71, 119)
(71, 125)
(72, 136)
(72, 137)
(72, 145)
(72, 151)
(72, 159)
(72, 162)
(72, 164)
(72, 181)
(72, 184)
(72, 193)
(72, 198)
(72, 73)
(72, 74)
(72, 203)
(72, 205)
(72, 88)
(72, 217)
(72, 219)
(72, 224)
(72, 230)
(72, 114)
(72, 243)
(73, 136)
(73, 137)
(73, 145)
(73, 151)
(73, 162)
(73, 164)
(73, 178)
(73, 181)
(73, 74)
(73, 203)
(73, 205)
(73, 209)
(73, 88)
(73, 217)
(73, 224)
(73, 100)
(73, 230)
(73, 237)
(73, 241)
(73, 114)
(74, 137)
(74, 159)
(74, 181)
(74, 184)
(74, 190)
(74, 193)
(74, 198)
(74, 76)
(74, 88)
(74, 217)
(74, 100)
(74, 230)
(74, 103)
(74, 235)
(74, 236)
(74, 110)
(74, 241)
(74, 242)
(74, 115)
(74, 127)
(75, 192)
(75, 102)
(75, 134)
(75, 170)
(75, 238)
(75, 207)
(75, 214)
(75, 185)
(75, 186)
(75, 86)
(75, 94)
(76, 193)
(76, 198)
(76, 103)
(76, 137)
(76, 235)
(76, 236)
(76, 241)
(76, 242)
(76, 115)
(76, 88)
(76, 184)
(76, 217)
(76, 190)
(76, 159)
(77, 130)
(77, 133)
(77, 144)
(77, 157)
(77, 168)
(77, 175)
(77, 194)
(77, 199)
(77, 202)
(77, 215)
(77, 221)
(77, 223)
(77, 226)
(77, 234)
(77, 108)
(77, 240)
(77, 113)
(77, 245)
(77, 118)
(77, 121)
(77, 124)
(77, 106)
(78, 128)
(78, 131)
(78, 146)
(78, 147)
(78, 148)
(78, 149)
(78, 163)
(78, 165)
(78, 171)
(78, 174)
(78, 187)
(78, 189)
(78, 191)
(78, 196)
(78, 197)
(78, 200)
(78, 210)
(78, 211)
(78, 84)
(78, 85)
(78, 96)
(78, 119)
(78, 122)
(79, 140)
(79, 142)
(79, 154)
(79, 166)
(79, 173)
(79, 183)
(79, 194)
(79, 216)
(79, 89)
(79, 218)
(79, 231)
(79, 232)
(79, 105)
(79, 107)
(79, 108)
(79, 248)
(80, 177)
(80, 235)
(80, 236)
(80, 110)
(80, 176)
(80, 241)
(80, 115)
(80, 103)
(80, 93)
(80, 190)
(80, 127)
(81, 227)
(81, 101)
(81, 166)
(81, 135)
(81, 105)
(81, 107)
(81, 208)
(81, 243)
(81, 244)
(81, 183)
(81, 216)
(81, 218)
(81, 92)
(81, 158)
(82, 160)
(82, 128)
(82, 98)
(82, 131)
(82, 197)
(82, 156)
(82, 206)
(82, 111)
(82, 210)
(82, 148)
(82, 149)
(82, 150)
(82, 247)
(82, 84)
(82, 122)
(82, 188)
(82, 189)
(83, 141)
(83, 143)
(83, 145)
(83, 152)
(83, 155)
(83, 172)
(83, 187)
(83, 109)
(83, 87)
(83, 220)
(83, 222)
(83, 99)
(83, 228)
(83, 104)
(83, 237)
(83, 112)
(83, 116)
(83, 117)
(84, 128)
(84, 131)
(84, 144)
(84, 146)
(84, 147)
(84, 148)
(84, 149)
(84, 165)
(84, 171)
(84, 180)
(84, 188)
(84, 189)
(84, 191)
(84, 196)
(84, 197)
(84, 119)
(84, 206)
(84, 210)
(84, 211)
(84, 96)
(84, 111)
(84, 247)
(84, 122)
(84, 125)
(85, 132)
(85, 146)
(85, 161)
(85, 163)
(85, 171)
(85, 174)
(85, 191)
(85, 200)
(85, 201)
(85, 213)
(85, 95)
(85, 97)
(85, 109)
(85, 120)
(86, 192)
(86, 246)
(86, 229)
(86, 134)
(86, 225)
(86, 170)
(86, 207)
(86, 94)
(86, 214)
(86, 185)
(86, 249)
(86, 186)
(86, 102)
(86, 126)
(87, 141)
(87, 145)
(87, 152)
(87, 134)
(87, 172)
(87, 178)
(87, 209)
(87, 100)
(87, 220)
(87, 222)
(87, 99)
(87, 228)
(87, 104)
(87, 237)
(87, 238)
(87, 112)
(87, 116)
(88, 136)
(88, 137)
(88, 145)
(88, 151)
(88, 159)
(88, 242)
(88, 178)
(88, 181)
(88, 184)
(88, 193)
(88, 198)
(88, 203)
(88, 205)
(88, 217)
(88, 224)
(88, 100)
(88, 230)
(88, 103)
(88, 241)
(88, 114)
(89, 166)
(89, 231)
(89, 232)
(89, 105)
(89, 107)
(89, 140)
(89, 173)
(89, 142)
(89, 216)
(89, 248)
(89, 218)
(89, 154)
(90, 129)
(90, 130)
(90, 151)
(90, 157)
(90, 162)
(90, 219)
(90, 164)
(90, 167)
(90, 169)
(90, 179)
(90, 182)
(90, 203)
(90, 204)
(90, 208)
(90, 91)
(90, 227)
(90, 233)
(90, 114)
(90, 243)
(90, 123)
(91, 129)
(91, 130)
(91, 133)
(91, 157)
(91, 162)
(91, 164)
(91, 167)
(91, 169)
(91, 179)
(91, 182)
(91, 202)
(91, 203)
(91, 204)
(91, 219)
(91, 221)
(91, 227)
(91, 233)
(91, 117)
(91, 123)
(92, 227)
(92, 101)
(92, 166)
(92, 135)
(92, 107)
(92, 208)
(92, 243)
(92, 244)
(92, 183)
(92, 158)
(93, 110)
(93, 176)
(93, 177)
(93, 178)
(93, 190)
(93, 192)
(93, 209)
(93, 214)
(93, 94)
(93, 102)
(93, 235)
(93, 236)
(93, 238)
(93, 241)
(93, 115)
(93, 127)
(94, 192)
(94, 112)
(94, 102)
(94, 134)
(94, 177)
(94, 238)
(94, 176)
(94, 209)
(94, 214)
(94, 185)
(94, 186)
(95, 132)
(95, 146)
(95, 161)
(95, 163)
(95, 171)
(95, 174)
(95, 191)
(95, 97)
(95, 200)
(95, 201)
(95, 213)
(95, 225)
(95, 109)
(95, 120)
(95, 249)
(96, 128)
(96, 131)
(96, 146)
(96, 147)
(96, 148)
(96, 149)
(96, 163)
(96, 165)
(96, 171)
(96, 174)
(96, 180)
(96, 187)
(96, 189)
(96, 191)
(96, 196)
(96, 197)
(96, 247)
(96, 210)
(96, 211)
(96, 119)
(96, 122)
(97, 225)
(97, 132)
(97, 229)
(97, 161)
(97, 200)
(97, 201)
(97, 138)
(97, 213)
(97, 246)
(97, 120)
(97, 249)
(97, 126)
(98, 160)
(98, 128)
(98, 131)
(98, 197)
(98, 156)
(98, 206)
(98, 111)
(98, 210)
(98, 148)
(98, 149)
(98, 150)
(98, 247)
(98, 122)
(98, 188)
(98, 189)
(99, 141)
(99, 143)
(99, 152)
(99, 155)
(99, 171)
(99, 172)
(99, 174)
(99, 180)
(99, 187)
(99, 211)
(99, 220)
(99, 222)
(99, 228)
(99, 104)
(99, 109)
(99, 116)
(99, 117)
(99, 125)
(100, 145)
(100, 172)
(100, 178)
(100, 181)
(100, 209)
(100, 217)
(100, 224)
(100, 230)
(100, 237)
(100, 238)
(100, 112)
(100, 241)
(100, 114)
(101, 135)
(101, 208)
(101, 243)
(101, 244)
(101, 158)
(102, 192)
(102, 134)
(102, 170)
(102, 238)
(102, 207)
(102, 177)
(102, 214)
(102, 185)
(102, 186)
(103, 137)
(103, 159)
(103, 176)
(103, 181)
(103, 190)
(103, 193)
(103, 198)
(103, 217)
(103, 230)
(103, 235)
(103, 236)
(103, 110)
(103, 241)
(103, 242)
(103, 115)
(103, 127)
(104, 134)
(104, 141)
(104, 143)
(104, 152)
(104, 172)
(104, 174)
(104, 187)
(104, 220)
(104, 222)
(104, 228)
(104, 109)
(104, 112)
(104, 116)
(105, 140)
(105, 142)
(105, 154)
(105, 166)
(105, 167)
(105, 173)
(105, 183)
(105, 194)
(105, 208)
(105, 216)
(105, 218)
(105, 231)
(105, 232)
(105, 233)
(105, 107)
(105, 108)
(105, 248)
(106, 133)
(106, 139)
(106, 144)
(106, 168)
(106, 175)
(106, 215)
(106, 221)
(106, 226)
(106, 234)
(106, 111)
(106, 240)
(106, 113)
(106, 245)
(106, 118)
(106, 247)
(106, 121)
(106, 124)
(107, 166)
(107, 231)
(107, 135)
(107, 140)
(107, 142)
(107, 208)
(107, 216)
(107, 183)
(107, 248)
(107, 218)
(107, 154)
(108, 130)
(108, 133)
(108, 142)
(108, 154)
(108, 157)
(108, 167)
(108, 173)
(108, 182)
(108, 194)
(108, 199)
(108, 218)
(108, 223)
(108, 226)
(108, 232)
(108, 233)
(108, 234)
(108, 121)
(108, 123)
(108, 124)
(109, 141)
(109, 143)
(109, 146)
(109, 152)
(109, 161)
(109, 165)
(109, 171)
(109, 174)
(109, 180)
(109, 187)
(109, 191)
(109, 196)
(109, 211)
(109, 213)
(109, 222)
(109, 228)
(109, 119)
(109, 125)
(110, 177)
(110, 235)
(110, 236)
(110, 176)
(110, 241)
(110, 115)
(110, 190)
(110, 127)
(111, 128)
(111, 131)
(111, 139)
(111, 147)
(111, 148)
(111, 149)
(111, 150)
(111, 156)
(111, 160)
(111, 168)
(111, 188)
(111, 197)
(111, 206)
(111, 210)
(111, 215)
(111, 144)
(111, 247)
(111, 122)
(112, 134)
(112, 172)
(112, 145)
(112, 178)
(112, 186)
(112, 192)
(112, 209)
(112, 214)
(112, 228)
(112, 238)
(112, 116)
(113, 226)
(113, 195)
(113, 133)
(113, 168)
(113, 234)
(113, 139)
(113, 239)
(113, 144)
(113, 245)
(113, 118)
(113, 215)
(113, 121)
(113, 175)
(113, 124)
(113, 223)
(114, 136)
(114, 145)
(114, 151)
(114, 162)
(114, 164)
(114, 169)
(114, 181)
(114, 203)
(114, 204)
(114, 205)
(114, 217)
(114, 219)
(114, 224)
(114, 230)
(114, 237)
(114, 243)
(115, 159)
(115, 176)
(115, 177)
(115, 190)
(115, 235)
(115, 236)
(115, 241)
(115, 242)
(115, 127)
(116, 172)
(116, 141)
(116, 143)
(116, 145)
(116, 152)
(116, 155)
(116, 220)
(116, 222)
(116, 228)
(116, 237)
(116, 117)
(117, 129)
(117, 130)
(117, 143)
(117, 145)
(117, 152)
(117, 155)
(117, 164)
(117, 169)
(117, 179)
(117, 182)
(117, 202)
(117, 203)
(117, 220)
(117, 221)
(117, 228)
(117, 237)
(117, 123)
(118, 130)
(118, 133)
(118, 129)
(118, 139)
(118, 144)
(118, 155)
(118, 168)
(118, 175)
(118, 179)
(118, 202)
(118, 215)
(118, 221)
(118, 226)
(118, 234)
(118, 240)
(118, 121)
(118, 124)
(118, 125)
(119, 128)
(119, 131)
(119, 146)
(119, 147)
(119, 148)
(119, 149)
(119, 163)
(119, 165)
(119, 171)
(119, 174)
(119, 180)
(119, 187)
(119, 191)
(119, 196)
(119, 197)
(119, 210)
(119, 211)
(119, 247)
(119, 125)
(120, 225)
(120, 132)
(120, 229)
(120, 161)
(120, 200)
(120, 201)
(120, 138)
(120, 213)
(120, 246)
(120, 249)
(120, 126)
(121, 133)
(121, 157)
(121, 168)
(121, 173)
(121, 175)
(121, 194)
(121, 195)
(121, 199)
(121, 223)
(121, 226)
(121, 245)
(121, 124)
(121, 234)
(122, 128)
(122, 131)
(122, 147)
(122, 148)
(122, 149)
(122, 160)
(122, 188)
(122, 189)
(122, 197)
(122, 206)
(122, 210)
(122, 247)
(123, 129)
(123, 130)
(123, 133)
(123, 157)
(123, 162)
(123, 164)
(123, 167)
(123, 169)
(123, 179)
(123, 182)
(123, 199)
(123, 202)
(123, 204)
(123, 219)
(123, 221)
(123, 226)
(123, 227)
(123, 233)
(124, 130)
(124, 133)
(124, 157)
(124, 168)
(124, 175)
(124, 194)
(124, 195)
(124, 199)
(124, 215)
(124, 221)
(124, 223)
(124, 226)
(124, 240)
(124, 245)
(124, 234)
(125, 131)
(125, 143)
(125, 147)
(125, 152)
(125, 155)
(125, 165)
(125, 171)
(125, 180)
(125, 187)
(125, 196)
(125, 202)
(125, 210)
(125, 211)
(125, 220)
(125, 221)
(125, 222)
(125, 228)
(125, 240)
(126, 225)
(126, 132)
(126, 229)
(126, 161)
(126, 170)
(126, 207)
(126, 213)
(126, 246)
(126, 185)
(126, 249)
(126, 138)
(127, 177)
(127, 235)
(127, 236)
(127, 176)
(127, 241)
(127, 190)
(128, 131)
(128, 146)
(128, 147)
(128, 148)
(128, 149)
(128, 160)
(128, 165)
(128, 188)
(128, 189)
(128, 196)
(128, 197)
(128, 206)
(128, 210)
(128, 211)
(128, 247)
(129, 133)
(129, 130)
(129, 155)
(129, 157)
(129, 164)
(129, 167)
(129, 169)
(129, 179)
(129, 182)
(129, 202)
(129, 204)
(129, 220)
(129, 221)
(129, 226)
(129, 233)
(129, 240)
(130, 133)
(130, 155)
(130, 157)
(130, 167)
(130, 169)
(130, 179)
(130, 182)
(130, 199)
(130, 202)
(130, 221)
(130, 226)
(130, 233)
(130, 240)
(131, 139)
(131, 146)
(131, 147)
(131, 148)
(131, 160)
(131, 165)
(131, 180)
(131, 188)
(131, 189)
(131, 196)
(131, 197)
(131, 206)
(131, 210)
(131, 211)
(131, 144)
(131, 247)
(131, 149)
(132, 225)
(132, 229)
(132, 161)
(132, 201)
(132, 170)
(132, 207)
(132, 213)
(132, 246)
(132, 249)
(132, 138)
(133, 155)
(133, 157)
(133, 168)
(133, 175)
(133, 179)
(133, 182)
(133, 194)
(133, 199)
(133, 202)
(133, 221)
(133, 226)
(133, 233)
(133, 234)
(133, 240)
(133, 245)
(134, 141)
(134, 161)
(134, 170)
(134, 172)
(134, 185)
(134, 186)
(134, 192)
(134, 207)
(134, 209)
(134, 213)
(134, 214)
(134, 238)
(134, 246)
(135, 227)
(135, 166)
(135, 208)
(135, 243)
(135, 244)
(135, 183)
(135, 216)
(135, 158)
(136, 151)
(136, 145)
(136, 158)
(136, 162)
(136, 164)
(136, 181)
(136, 184)
(136, 203)
(136, 204)
(136, 205)
(136, 217)
(136, 219)
(136, 224)
(136, 230)
(136, 243)
(137, 159)
(137, 198)
(137, 181)
(137, 190)
(137, 193)
(137, 205)
(137, 184)
(137, 217)
(137, 230)
(137, 236)
(137, 241)
(137, 242)
(138, 225)
(138, 229)
(138, 161)
(138, 201)
(138, 170)
(138, 207)
(138, 213)
(138, 246)
(138, 249)
(139, 144)
(139, 147)
(139, 150)
(139, 156)
(139, 160)
(139, 168)
(139, 175)
(139, 188)
(139, 197)
(139, 210)
(139, 215)
(139, 239)
(139, 245)
(139, 247)
(140, 166)
(140, 231)
(140, 232)
(140, 173)
(140, 142)
(140, 216)
(140, 248)
(140, 218)
(140, 154)
(141, 143)
(141, 152)
(141, 161)
(141, 170)
(141, 171)
(141, 172)
(141, 174)
(141, 187)
(141, 213)
(141, 222)
(141, 228)
(142, 154)
(142, 157)
(142, 166)
(142, 167)
(142, 173)
(142, 183)
(142, 194)
(142, 208)
(142, 216)
(142, 218)
(142, 231)
(142, 232)
(142, 233)
(142, 248)
(143, 152)
(143, 155)
(143, 165)
(143, 171)
(143, 174)
(143, 180)
(143, 187)
(143, 196)
(143, 202)
(143, 211)
(143, 220)
(143, 222)
(143, 228)
(144, 147)
(144, 149)
(144, 168)
(144, 175)
(144, 188)
(144, 197)
(144, 210)
(144, 215)
(144, 240)
(144, 247)
(145, 151)
(145, 152)
(145, 162)
(145, 164)
(145, 169)
(145, 172)
(145, 178)
(145, 181)
(145, 203)
(145, 205)
(145, 209)
(145, 217)
(145, 219)
(145, 224)
(145, 230)
(145, 237)
(146, 147)
(146, 148)
(146, 149)
(146, 163)
(146, 165)
(146, 171)
(146, 174)
(146, 180)
(146, 187)
(146, 191)
(146, 196)
(146, 200)
(146, 210)
(146, 211)
(147, 148)
(147, 149)
(147, 171)
(147, 180)
(147, 188)
(147, 196)
(147, 197)
(147, 210)
(147, 211)
(147, 165)
(147, 247)
(148, 149)
(148, 160)
(148, 165)
(148, 188)
(148, 189)
(148, 196)
(148, 197)
(148, 211)
(148, 206)
(148, 210)
(148, 247)
(149, 160)
(149, 180)
(149, 188)
(149, 189)
(149, 196)
(149, 197)
(149, 206)
(149, 210)
(149, 211)
(149, 165)
(149, 247)
(150, 160)
(150, 168)
(150, 156)
(150, 206)
(150, 239)
(150, 212)
(150, 215)
(150, 153)
(150, 188)
(151, 158)
(151, 162)
(151, 164)
(151, 184)
(151, 203)
(151, 204)
(151, 205)
(151, 217)
(151, 219)
(151, 224)
(151, 227)
(151, 230)
(151, 243)
(152, 155)
(152, 172)
(152, 187)
(152, 220)
(152, 222)
(152, 228)
(152, 237)
(153, 239)
(153, 212)
(153, 156)
(154, 157)
(154, 166)
(154, 167)
(154, 173)
(154, 183)
(154, 194)
(154, 199)
(154, 216)
(154, 218)
(154, 232)
(154, 233)
(154, 248)
(155, 179)
(155, 169)
(155, 180)
(155, 202)
(155, 211)
(155, 220)
(155, 221)
(155, 240)
(156, 160)
(156, 206)
(156, 239)
(156, 212)
(156, 215)
(156, 188)
(157, 179)
(157, 167)
(157, 169)
(157, 173)
(157, 182)
(157, 194)
(157, 199)
(157, 202)
(157, 204)
(157, 221)
(157, 226)
(157, 233)
(157, 234)
(158, 208)
(158, 243)
(158, 244)
(159, 181)
(159, 190)
(159, 193)
(159, 198)
(159, 184)
(159, 217)
(159, 230)
(159, 235)
(159, 236)
(159, 241)
(159, 242)
(160, 197)
(160, 206)
(160, 210)
(160, 247)
(160, 188)
(160, 189)
(161, 170)
(161, 174)
(161, 201)
(161, 207)
(161, 213)
(161, 225)
(161, 229)
(161, 246)
(161, 249)
(162, 164)
(162, 169)
(162, 182)
(162, 203)
(162, 204)
(162, 205)
(162, 219)
(162, 224)
(162, 227)
(162, 237)
(162, 243)
(163, 196)
(163, 165)
(163, 200)
(163, 201)
(163, 191)
(164, 169)
(164, 179)
(164, 182)
(164, 203)
(164, 204)
(164, 205)
(164, 219)
(164, 224)
(164, 237)
(164, 243)
(165, 171)
(165, 174)
(165, 180)
(165, 187)
(165, 191)
(165, 196)
(165, 197)
(165, 210)
(165, 211)
(165, 222)
(166, 231)
(166, 208)
(166, 216)
(166, 183)
(166, 248)
(166, 218)
(167, 179)
(167, 169)
(167, 182)
(167, 194)
(167, 199)
(167, 204)
(167, 216)
(167, 218)
(167, 227)
(167, 233)
(168, 226)
(168, 234)
(168, 239)
(168, 240)
(168, 245)
(168, 215)
(168, 175)
(169, 179)
(169, 182)
(169, 202)
(169, 203)
(169, 204)
(169, 219)
(169, 220)
(169, 221)
(169, 224)
(169, 233)
(169, 237)
(170, 225)
(170, 229)
(170, 207)
(170, 213)
(170, 246)
(170, 185)
(170, 249)
(170, 186)
(171, 174)
(171, 180)
(171, 187)
(171, 191)
(171, 196)
(171, 211)
(171, 222)
(172, 178)
(172, 209)
(172, 220)
(172, 222)
(172, 228)
(172, 237)
(172, 238)
(173, 194)
(173, 195)
(173, 199)
(173, 218)
(173, 223)
(173, 226)
(173, 232)
(173, 233)
(173, 234)
(174, 180)
(174, 187)
(174, 191)
(174, 196)
(174, 211)
(174, 213)
(174, 222)
(174, 228)
(175, 195)
(175, 199)
(175, 215)
(175, 223)
(175, 226)
(175, 234)
(175, 239)
(175, 240)
(175, 245)
(176, 177)
(176, 178)
(176, 190)
(176, 192)
(176, 209)
(176, 214)
(176, 235)
(176, 236)
(176, 238)
(176, 241)
(177, 192)
(177, 235)
(177, 214)
(177, 190)
(178, 181)
(178, 192)
(178, 209)
(178, 217)
(178, 230)
(178, 238)
(178, 241)
(179, 182)
(179, 202)
(179, 204)
(179, 220)
(179, 221)
(179, 226)
(179, 233)
(179, 237)
(179, 240)
(180, 187)
(180, 196)
(180, 202)
(180, 210)
(180, 211)
(180, 220)
(180, 222)
(180, 240)
(181, 198)
(181, 203)
(181, 205)
(181, 209)
(181, 217)
(181, 224)
(181, 230)
(181, 238)
(181, 241)
(181, 242)
(182, 202)
(182, 204)
(182, 219)
(182, 221)
(182, 226)
(182, 227)
(182, 233)
(183, 227)
(183, 208)
(183, 244)
(183, 216)
(183, 218)
(184, 193)
(184, 198)
(184, 205)
(184, 242)
(184, 217)
(185, 192)
(185, 246)
(185, 207)
(185, 214)
(185, 186)
(186, 192)
(186, 246)
(186, 238)
(186, 207)
(186, 209)
(186, 214)
(187, 191)
(187, 196)
(187, 220)
(187, 222)
(187, 228)
(187, 211)
(188, 189)
(188, 197)
(188, 206)
(188, 215)
(188, 210)
(188, 247)
(189, 197)
(189, 206)
(189, 210)
(189, 247)
(190, 235)
(190, 236)
(190, 241)
(190, 242)
(191, 196)
(191, 200)
(191, 211)
(191, 213)
(192, 209)
(192, 214)
(192, 238)
(193, 198)
(193, 205)
(193, 242)
(193, 217)
(194, 195)
(194, 199)
(194, 223)
(194, 226)
(194, 232)
(194, 233)
(194, 234)
(195, 199)
(195, 234)
(195, 245)
(195, 223)
(196, 197)
(196, 210)
(196, 211)
(196, 222)
(197, 247)
(197, 211)
(197, 206)
(197, 210)
(198, 205)
(198, 217)
(198, 230)
(198, 241)
(198, 242)
(199, 223)
(199, 226)
(199, 233)
(199, 234)
(199, 245)
(200, 201)
(201, 225)
(201, 213)
(201, 249)
(202, 220)
(202, 221)
(202, 226)
(202, 240)
(203, 204)
(203, 205)
(203, 219)
(203, 224)
(203, 230)
(203, 237)
(203, 243)
(204, 219)
(204, 208)
(204, 224)
(204, 227)
(204, 233)
(204, 243)
(205, 217)
(205, 219)
(205, 224)
(205, 230)
(205, 243)
(206, 210)
(206, 247)
(207, 225)
(207, 229)
(207, 213)
(207, 246)
(207, 249)
(208, 216)
(208, 218)
(208, 227)
(208, 243)
(208, 244)
(209, 214)
(209, 230)
(209, 238)
(210, 247)
(210, 211)
(211, 247)
(211, 220)
(211, 222)
(212, 239)
(213, 225)
(213, 229)
(213, 246)
(213, 249)
(214, 238)
(215, 239)
(215, 245)
(215, 247)
(216, 218)
(216, 227)
(216, 231)
(216, 248)
(217, 224)
(217, 230)
(217, 241)
(217, 242)
(218, 231)
(218, 232)
(218, 233)
(218, 248)
(219, 224)
(219, 227)
(219, 243)
(219, 244)
(220, 221)
(220, 222)
(220, 228)
(220, 237)
(221, 226)
(221, 233)
(221, 240)
(222, 228)
(223, 226)
(223, 234)
(223, 245)
(224, 230)
(224, 237)
(224, 243)
(225, 229)
(225, 246)
(225, 249)
(226, 233)
(226, 234)
(226, 240)
(226, 245)
(227, 233)
(227, 243)
(227, 244)
(228, 237)
(229, 246)
(229, 249)
(230, 237)
(230, 241)
(230, 242)
(231, 248)
(232, 248)
(234, 245)
(235, 236)
(235, 241)
(235, 242)
(236, 241)
(236, 242)
(239, 245)
(241, 242)
(243, 244)
(246, 249)
