#Nodes
0
1
2
3
4
5
6
7
8
9
10
11
12
13
14
15
16
17
18
19
20
21
22
23
24
25
26
27
28
29
30
31
32
33
34
35
36
37
38
39
40
41
42
43
44
45
46
47
48
49
50
51
52
53
54
55
56
57
58
59
60
61
62
63
64
65
66
67
68
69
70
71
72
73
74
75
76
77
78
79
80
81
82
83
84
85
86
87
88
89
90
91
92
93
94
95
96
97
98
99
100
101
102
103
104
105
106
107
108
109
110
111
112
113
114
115
116
117
118
119
120
121
122
123
124
125
126
127
128
129
130
131
132
133
134
135
136
137
138
139
140
141
142
143
144
145
146
147
148
149
150
151
152
153
154
155
156
157
158
159
160
161
162
163
164
165
166
167
168
169
170
171
172
173
174
175
176
177
178
179
180
181
182
183
184
185
186
187
188
189
190
191
192
193
194
195
196
197
198
199
200
201
202
203
204
205
206
207
208
209
210
211
212
213
214
215
216
217
218
219
220
221
222
223
224
225
226
227
228
229
230
231
232
233
234
235
236
237
238
239
240
241
242
243
244
245
246
247
248
249
#Edges
(0, 129)
(0, 131)
(0, 4)
(0, 5)
(0, 136)
(0, 9)
(0, 175)
(0, 180)
(0, 137)
(0, 184)
(0, 185)
(0, 188)
(0, 193)
(0, 199)
(0, 200)
(0, 207)
(0, 220)
(0, 95)
(0, 224)
(0, 225)
(0, 232)
(0, 125)
(1, 130)
(1, 135)
(1, 138)
(1, 140)
(1, 38)
(1, 172)
(1, 51)
(1, 182)
(1, 55)
(1, 65)
(1, 67)
(1, 68)
(1, 198)
(1, 74)
(1, 98)
(1, 206)
(1, 79)
(1, 85)
(1, 87)
(1, 90)
(1, 92)
(1, 226)
(1, 230)
(1, 233)
(1, 234)
(1, 107)
(1, 237)
(1, 244)
(1, 246)
(1, 105)
(1, 106)
(2, 33)
(2, 162)
(2, 17)
(2, 241)
(2, 8)
(2, 236)
(2, 143)
(2, 208)
(2, 209)
(2, 147)
(2, 21)
(2, 57)
(2, 249)
(2, 155)
(2, 60)
(2, 94)
(3, 132)
(3, 133)
(3, 10)
(3, 12)
(3, 145)
(3, 146)
(3, 19)
(3, 25)
(3, 157)
(3, 37)
(3, 171)
(3, 45)
(3, 243)
(3, 52)
(3, 54)
(3, 61)
(3, 192)
(3, 194)
(3, 71)
(3, 202)
(3, 213)
(3, 88)
(3, 89)
(3, 91)
(3, 223)
(3, 227)
(3, 231)
(3, 235)
(3, 18)
(3, 112)
(3, 115)
(3, 117)
(3, 118)
(3, 247)
(3, 127)
(4, 131)
(4, 5)
(4, 6)
(4, 136)
(4, 137)
(4, 20)
(4, 160)
(4, 43)
(4, 46)
(4, 175)
(4, 180)
(4, 9)
(4, 184)
(4, 185)
(4, 188)
(4, 189)
(4, 193)
(4, 199)
(4, 200)
(4, 207)
(4, 210)
(4, 211)
(4, 220)
(4, 95)
(4, 224)
(4, 225)
(4, 245)
(4, 125)
(5, 131)
(5, 6)
(5, 136)
(5, 9)
(5, 160)
(5, 46)
(5, 175)
(5, 180)
(5, 137)
(5, 184)
(5, 185)
(5, 188)
(5, 189)
(5, 193)
(5, 199)
(5, 200)
(5, 207)
(5, 210)
(5, 211)
(5, 220)
(5, 224)
(5, 225)
(5, 245)
(6, 160)
(6, 96)
(6, 123)
(6, 86)
(6, 166)
(6, 9)
(6, 46)
(6, 16)
(6, 24)
(6, 210)
(6, 211)
(6, 20)
(6, 245)
(6, 214)
(6, 119)
(6, 184)
(6, 187)
(6, 190)
(6, 35)
(7, 134)
(7, 215)
(7, 141)
(7, 143)
(7, 11)
(7, 150)
(7, 31)
(7, 33)
(7, 162)
(7, 163)
(7, 169)
(7, 172)
(7, 181)
(7, 57)
(7, 63)
(7, 65)
(7, 67)
(7, 197)
(7, 73)
(7, 208)
(7, 85)
(7, 87)
(7, 218)
(7, 226)
(7, 230)
(7, 103)
(7, 104)
(7, 237)
(7, 241)
(8, 33)
(8, 162)
(8, 196)
(8, 197)
(8, 241)
(8, 103)
(8, 111)
(8, 236)
(8, 143)
(8, 208)
(8, 209)
(8, 147)
(8, 17)
(8, 57)
(8, 249)
(8, 155)
(8, 60)
(8, 94)
(8, 63)
(9, 131)
(9, 136)
(9, 137)
(9, 20)
(9, 160)
(9, 43)
(9, 175)
(9, 180)
(9, 184)
(9, 185)
(9, 188)
(9, 189)
(9, 193)
(9, 199)
(9, 200)
(9, 207)
(9, 210)
(9, 211)
(9, 220)
(9, 95)
(9, 224)
(9, 225)
(9, 232)
(9, 245)
(9, 125)
(10, 84)
(10, 194)
(10, 171)
(10, 228)
(10, 69)
(10, 71)
(10, 54)
(10, 170)
(10, 247)
(10, 12)
(10, 13)
(10, 48)
(10, 243)
(10, 212)
(10, 89)
(10, 183)
(10, 88)
(10, 132)
(10, 91)
(10, 37)
(11, 134)
(11, 141)
(11, 143)
(11, 150)
(11, 31)
(11, 33)
(11, 162)
(11, 163)
(11, 169)
(11, 172)
(11, 181)
(11, 57)
(11, 63)
(11, 65)
(11, 67)
(11, 197)
(11, 73)
(11, 208)
(11, 85)
(11, 215)
(11, 218)
(11, 226)
(11, 230)
(11, 103)
(11, 104)
(11, 113)
(11, 242)
(12, 132)
(12, 133)
(12, 145)
(12, 146)
(12, 25)
(12, 157)
(12, 37)
(12, 170)
(12, 171)
(12, 45)
(12, 52)
(12, 53)
(12, 54)
(12, 61)
(12, 192)
(12, 194)
(12, 71)
(12, 202)
(12, 213)
(12, 88)
(12, 89)
(12, 91)
(12, 223)
(12, 227)
(12, 231)
(12, 18)
(12, 112)
(12, 114)
(12, 243)
(12, 116)
(12, 117)
(12, 118)
(12, 247)
(12, 127)
(13, 144)
(13, 216)
(13, 149)
(13, 27)
(13, 28)
(13, 32)
(13, 37)
(13, 40)
(13, 170)
(13, 171)
(13, 48)
(13, 179)
(13, 53)
(13, 183)
(13, 69)
(13, 201)
(13, 84)
(13, 88)
(13, 89)
(13, 101)
(13, 97)
(13, 228)
(13, 229)
(13, 238)
(13, 114)
(13, 243)
(13, 212)
(13, 124)
(13, 127)
(14, 142)
(14, 149)
(14, 22)
(14, 23)
(14, 159)
(14, 161)
(14, 165)
(14, 38)
(14, 167)
(14, 40)
(14, 49)
(14, 62)
(14, 201)
(14, 79)
(14, 82)
(14, 216)
(14, 217)
(14, 90)
(14, 219)
(14, 97)
(14, 229)
(14, 234)
(14, 39)
(14, 238)
(14, 124)
(15, 128)
(15, 134)
(15, 135)
(15, 215)
(15, 140)
(15, 141)
(15, 20)
(15, 150)
(15, 153)
(15, 26)
(15, 163)
(15, 169)
(15, 43)
(15, 172)
(15, 47)
(15, 181)
(15, 55)
(15, 56)
(15, 58)
(15, 64)
(15, 65)
(15, 67)
(15, 198)
(15, 72)
(15, 75)
(15, 205)
(15, 77)
(15, 85)
(15, 87)
(15, 226)
(15, 100)
(15, 230)
(15, 233)
(15, 237)
(15, 110)
(15, 120)
(16, 214)
(16, 24)
(16, 152)
(16, 156)
(16, 35)
(16, 166)
(16, 42)
(16, 44)
(16, 46)
(16, 187)
(16, 190)
(16, 81)
(16, 210)
(16, 86)
(16, 96)
(16, 102)
(16, 110)
(16, 239)
(16, 240)
(16, 119)
(16, 123)
(17, 33)
(17, 162)
(17, 197)
(17, 241)
(17, 103)
(17, 236)
(17, 143)
(17, 208)
(17, 209)
(17, 147)
(17, 57)
(17, 249)
(17, 155)
(17, 60)
(17, 94)
(17, 63)
(18, 132)
(18, 133)
(18, 145)
(18, 146)
(18, 19)
(18, 25)
(18, 157)
(18, 45)
(18, 115)
(18, 52)
(18, 54)
(18, 61)
(18, 191)
(18, 192)
(18, 194)
(18, 202)
(18, 213)
(18, 91)
(18, 222)
(18, 223)
(18, 227)
(18, 231)
(18, 235)
(18, 109)
(18, 112)
(18, 243)
(18, 117)
(18, 118)
(18, 247)
(18, 248)
(18, 122)
(18, 127)
(19, 145)
(19, 146)
(19, 25)
(19, 157)
(19, 45)
(19, 50)
(19, 54)
(19, 186)
(19, 61)
(19, 191)
(19, 194)
(19, 202)
(19, 80)
(19, 221)
(19, 227)
(19, 231)
(19, 235)
(19, 109)
(19, 115)
(19, 118)
(19, 248)
(19, 122)
(19, 126)
(20, 136)
(20, 137)
(20, 150)
(20, 153)
(20, 26)
(20, 163)
(20, 43)
(20, 184)
(20, 185)
(20, 187)
(20, 188)
(20, 64)
(20, 210)
(20, 211)
(20, 96)
(20, 110)
(20, 245)
(20, 119)
(21, 66)
(21, 99)
(21, 196)
(21, 174)
(21, 111)
(21, 209)
(21, 206)
(21, 249)
(21, 60)
(21, 94)
(22, 161)
(22, 68)
(22, 165)
(22, 38)
(22, 167)
(22, 105)
(22, 39)
(22, 108)
(22, 142)
(22, 79)
(22, 49)
(22, 82)
(22, 148)
(22, 149)
(22, 217)
(22, 62)
(22, 159)
(23, 138)
(23, 149)
(23, 27)
(23, 32)
(23, 164)
(23, 168)
(23, 41)
(23, 170)
(23, 48)
(23, 49)
(23, 179)
(23, 52)
(23, 53)
(23, 59)
(23, 62)
(23, 203)
(23, 83)
(23, 212)
(23, 90)
(23, 219)
(23, 97)
(23, 228)
(23, 229)
(23, 234)
(23, 107)
(23, 238)
(23, 112)
(23, 40)
(23, 114)
(23, 116)
(23, 121)
(23, 124)
(23, 127)
(24, 160)
(24, 96)
(24, 123)
(24, 102)
(24, 166)
(24, 42)
(24, 46)
(24, 110)
(24, 239)
(24, 210)
(24, 211)
(24, 245)
(24, 214)
(24, 119)
(24, 152)
(24, 187)
(24, 86)
(24, 190)
(24, 35)
(25, 132)
(25, 133)
(25, 145)
(25, 146)
(25, 157)
(25, 45)
(25, 243)
(25, 54)
(25, 61)
(25, 191)
(25, 194)
(25, 202)
(25, 213)
(25, 91)
(25, 221)
(25, 222)
(25, 223)
(25, 227)
(25, 231)
(25, 235)
(25, 109)
(25, 112)
(25, 115)
(25, 117)
(25, 118)
(25, 247)
(25, 248)
(25, 122)
(26, 128)
(26, 140)
(26, 152)
(26, 153)
(26, 154)
(26, 36)
(26, 47)
(26, 177)
(26, 178)
(26, 55)
(26, 56)
(26, 58)
(26, 187)
(26, 64)
(26, 70)
(26, 72)
(26, 75)
(26, 205)
(26, 77)
(26, 96)
(26, 100)
(26, 110)
(26, 240)
(26, 119)
(26, 120)
(27, 138)
(27, 149)
(27, 154)
(27, 32)
(27, 164)
(27, 37)
(27, 168)
(27, 41)
(27, 170)
(27, 48)
(27, 179)
(27, 52)
(27, 53)
(27, 59)
(27, 192)
(27, 203)
(27, 83)
(27, 212)
(27, 88)
(27, 90)
(27, 219)
(27, 228)
(27, 229)
(27, 107)
(27, 238)
(27, 112)
(27, 40)
(27, 114)
(27, 243)
(27, 116)
(27, 117)
(27, 121)
(27, 124)
(27, 127)
(28, 97)
(28, 228)
(28, 101)
(28, 48)
(28, 201)
(28, 170)
(28, 144)
(28, 179)
(28, 212)
(28, 183)
(28, 216)
(28, 84)
(28, 69)
(29, 34)
(29, 195)
(29, 139)
(29, 76)
(29, 80)
(29, 50)
(29, 30)
(29, 151)
(29, 186)
(29, 126)
(30, 80)
(30, 34)
(30, 195)
(30, 122)
(30, 235)
(30, 76)
(30, 173)
(30, 109)
(30, 176)
(30, 50)
(30, 139)
(30, 126)
(30, 151)
(30, 248)
(30, 186)
(30, 156)
(30, 221)
(30, 158)
(31, 134)
(31, 141)
(31, 150)
(31, 153)
(31, 162)
(31, 163)
(31, 169)
(31, 43)
(31, 172)
(31, 181)
(31, 185)
(31, 63)
(31, 67)
(31, 197)
(31, 73)
(31, 215)
(31, 218)
(31, 95)
(31, 103)
(31, 104)
(31, 113)
(31, 242)
(32, 138)
(32, 149)
(32, 164)
(32, 37)
(32, 168)
(32, 41)
(32, 170)
(32, 48)
(32, 179)
(32, 52)
(32, 53)
(32, 59)
(32, 192)
(32, 203)
(32, 83)
(32, 212)
(32, 88)
(32, 90)
(32, 219)
(32, 228)
(32, 229)
(32, 107)
(32, 238)
(32, 112)
(32, 40)
(32, 114)
(32, 243)
(32, 116)
(32, 117)
(32, 121)
(32, 124)
(32, 127)
(33, 162)
(33, 197)
(33, 103)
(33, 104)
(33, 73)
(33, 236)
(33, 143)
(33, 208)
(33, 241)
(33, 147)
(33, 57)
(33, 218)
(33, 155)
(33, 63)
(34, 195)
(34, 139)
(34, 76)
(34, 151)
(34, 186)
(35, 160)
(35, 102)
(35, 166)
(35, 46)
(35, 210)
(35, 214)
(35, 123)
(35, 86)
(35, 190)
(36, 128)
(36, 138)
(36, 140)
(36, 154)
(36, 164)
(36, 70)
(36, 168)
(36, 41)
(36, 47)
(36, 178)
(36, 52)
(36, 55)
(36, 56)
(36, 58)
(36, 59)
(36, 192)
(36, 75)
(36, 198)
(36, 72)
(36, 203)
(36, 205)
(36, 77)
(36, 83)
(36, 219)
(36, 92)
(36, 223)
(36, 100)
(36, 233)
(36, 106)
(36, 107)
(36, 116)
(36, 120)
(36, 121)
(37, 132)
(37, 133)
(37, 157)
(37, 170)
(37, 171)
(37, 48)
(37, 179)
(37, 52)
(37, 53)
(37, 54)
(37, 183)
(37, 61)
(37, 194)
(37, 69)
(37, 71)
(37, 84)
(37, 88)
(37, 89)
(37, 91)
(37, 228)
(37, 229)
(37, 112)
(37, 114)
(37, 243)
(37, 116)
(37, 117)
(37, 247)
(37, 212)
(37, 127)
(38, 130)
(38, 135)
(38, 138)
(38, 142)
(38, 148)
(38, 39)
(38, 161)
(38, 165)
(38, 167)
(38, 49)
(38, 51)
(38, 182)
(38, 59)
(38, 62)
(38, 68)
(38, 198)
(38, 74)
(38, 79)
(38, 82)
(38, 217)
(38, 90)
(38, 219)
(38, 92)
(38, 98)
(38, 105)
(38, 234)
(38, 107)
(38, 108)
(38, 244)
(38, 246)
(38, 106)
(39, 138)
(39, 142)
(39, 148)
(39, 149)
(39, 159)
(39, 161)
(39, 165)
(39, 167)
(39, 49)
(39, 62)
(39, 68)
(39, 79)
(39, 82)
(39, 217)
(39, 90)
(39, 219)
(39, 105)
(39, 234)
(39, 107)
(39, 108)
(39, 238)
(39, 244)
(39, 124)
(40, 138)
(40, 149)
(40, 164)
(40, 168)
(40, 41)
(40, 170)
(40, 48)
(40, 49)
(40, 179)
(40, 52)
(40, 53)
(40, 59)
(40, 62)
(40, 203)
(40, 83)
(40, 212)
(40, 90)
(40, 219)
(40, 97)
(40, 228)
(40, 229)
(40, 234)
(40, 107)
(40, 238)
(40, 112)
(40, 114)
(40, 116)
(40, 121)
(40, 124)
(40, 127)
(41, 128)
(41, 138)
(41, 140)
(41, 154)
(41, 164)
(41, 168)
(41, 47)
(41, 52)
(41, 53)
(41, 55)
(41, 56)
(41, 59)
(41, 192)
(41, 198)
(41, 72)
(41, 203)
(41, 205)
(41, 83)
(41, 90)
(41, 219)
(41, 92)
(41, 100)
(41, 229)
(41, 233)
(41, 234)
(41, 107)
(41, 112)
(41, 114)
(41, 116)
(41, 120)
(41, 121)
(41, 124)
(41, 106)
(42, 96)
(42, 86)
(42, 102)
(42, 166)
(42, 44)
(42, 119)
(42, 76)
(42, 173)
(42, 239)
(42, 176)
(42, 81)
(42, 158)
(42, 214)
(42, 151)
(42, 152)
(42, 123)
(42, 156)
(42, 93)
(42, 190)
(43, 136)
(43, 141)
(43, 150)
(43, 153)
(43, 163)
(43, 169)
(43, 137)
(43, 184)
(43, 185)
(43, 187)
(43, 188)
(43, 64)
(43, 210)
(43, 211)
(43, 215)
(43, 95)
(43, 225)
(43, 110)
(43, 245)
(44, 96)
(44, 176)
(44, 102)
(44, 81)
(44, 76)
(44, 119)
(44, 204)
(44, 173)
(44, 239)
(44, 240)
(44, 177)
(44, 158)
(44, 86)
(44, 151)
(44, 152)
(44, 156)
(44, 93)
(44, 190)
(45, 132)
(45, 133)
(45, 145)
(45, 146)
(45, 157)
(45, 54)
(45, 61)
(45, 191)
(45, 194)
(45, 202)
(45, 213)
(45, 91)
(45, 221)
(45, 222)
(45, 223)
(45, 227)
(45, 231)
(45, 235)
(45, 109)
(45, 112)
(45, 115)
(45, 117)
(45, 118)
(45, 247)
(45, 248)
(45, 122)
(46, 160)
(46, 86)
(46, 166)
(46, 210)
(46, 214)
(46, 123)
(46, 189)
(47, 128)
(47, 64)
(47, 140)
(47, 154)
(47, 164)
(47, 198)
(47, 168)
(47, 177)
(47, 178)
(47, 55)
(47, 56)
(47, 58)
(47, 59)
(47, 192)
(47, 70)
(47, 72)
(47, 75)
(47, 205)
(47, 77)
(47, 83)
(47, 223)
(47, 100)
(47, 233)
(47, 106)
(47, 240)
(47, 120)
(47, 121)
(48, 144)
(48, 149)
(48, 170)
(48, 171)
(48, 179)
(48, 53)
(48, 183)
(48, 69)
(48, 71)
(48, 201)
(48, 84)
(48, 88)
(48, 89)
(48, 97)
(48, 228)
(48, 229)
(48, 238)
(48, 114)
(48, 243)
(48, 212)
(48, 124)
(48, 127)
(49, 138)
(49, 142)
(49, 149)
(49, 159)
(49, 161)
(49, 165)
(49, 167)
(49, 62)
(49, 68)
(49, 201)
(49, 79)
(49, 82)
(49, 216)
(49, 217)
(49, 90)
(49, 219)
(49, 97)
(49, 229)
(49, 105)
(49, 234)
(49, 107)
(49, 238)
(49, 124)
(50, 195)
(50, 235)
(50, 76)
(50, 109)
(50, 80)
(50, 115)
(50, 139)
(50, 122)
(50, 248)
(50, 186)
(50, 221)
(50, 126)
(50, 191)
(51, 130)
(51, 134)
(51, 135)
(51, 68)
(51, 162)
(51, 172)
(51, 182)
(51, 65)
(51, 66)
(51, 67)
(51, 196)
(51, 74)
(51, 98)
(51, 206)
(51, 79)
(51, 85)
(51, 87)
(51, 92)
(51, 226)
(51, 230)
(51, 233)
(51, 234)
(51, 237)
(51, 111)
(51, 244)
(51, 246)
(51, 105)
(51, 249)
(51, 106)
(52, 132)
(52, 133)
(52, 145)
(52, 146)
(52, 154)
(52, 157)
(52, 164)
(52, 168)
(52, 53)
(52, 54)
(52, 59)
(52, 61)
(52, 192)
(52, 194)
(52, 202)
(52, 203)
(52, 83)
(52, 213)
(52, 88)
(52, 219)
(52, 222)
(52, 223)
(52, 229)
(52, 112)
(52, 114)
(52, 243)
(52, 116)
(52, 117)
(52, 118)
(52, 247)
(52, 121)
(52, 124)
(52, 127)
(53, 132)
(53, 133)
(53, 138)
(53, 164)
(53, 168)
(53, 170)
(53, 171)
(53, 179)
(53, 59)
(53, 192)
(53, 194)
(53, 203)
(53, 212)
(53, 88)
(53, 219)
(53, 84)
(53, 228)
(53, 229)
(53, 238)
(53, 112)
(53, 114)
(53, 243)
(53, 116)
(53, 117)
(53, 247)
(53, 121)
(53, 124)
(53, 127)
(54, 132)
(54, 133)
(54, 145)
(54, 146)
(54, 157)
(54, 171)
(54, 243)
(54, 61)
(54, 192)
(54, 194)
(54, 71)
(54, 202)
(54, 213)
(54, 88)
(54, 89)
(54, 91)
(54, 223)
(54, 227)
(54, 231)
(54, 235)
(54, 112)
(54, 114)
(54, 115)
(54, 117)
(54, 118)
(54, 247)
(54, 127)
(55, 128)
(55, 134)
(55, 135)
(55, 140)
(55, 154)
(55, 164)
(55, 168)
(55, 169)
(55, 172)
(55, 56)
(55, 58)
(55, 64)
(55, 65)
(55, 67)
(55, 198)
(55, 72)
(55, 74)
(55, 75)
(55, 205)
(55, 77)
(55, 83)
(55, 85)
(55, 87)
(55, 92)
(55, 226)
(55, 100)
(55, 230)
(55, 233)
(55, 106)
(55, 237)
(55, 246)
(55, 120)
(56, 128)
(56, 134)
(56, 135)
(56, 140)
(56, 153)
(56, 154)
(56, 168)
(56, 169)
(56, 172)
(56, 178)
(56, 58)
(56, 64)
(56, 65)
(56, 67)
(56, 198)
(56, 72)
(56, 75)
(56, 205)
(56, 77)
(56, 83)
(56, 85)
(56, 87)
(56, 92)
(56, 226)
(56, 100)
(56, 230)
(56, 233)
(56, 106)
(56, 237)
(56, 120)
(57, 143)
(57, 147)
(57, 155)
(57, 162)
(57, 60)
(57, 63)
(57, 65)
(57, 197)
(57, 73)
(57, 208)
(57, 218)
(57, 94)
(57, 103)
(57, 104)
(57, 236)
(57, 241)
(57, 249)
(58, 128)
(58, 140)
(58, 153)
(58, 154)
(58, 198)
(58, 178)
(58, 187)
(58, 64)
(58, 70)
(58, 72)
(58, 75)
(58, 77)
(58, 205)
(58, 83)
(58, 100)
(58, 233)
(58, 237)
(58, 110)
(58, 240)
(58, 120)
(59, 128)
(59, 138)
(59, 154)
(59, 164)
(59, 168)
(59, 62)
(59, 192)
(59, 198)
(59, 203)
(59, 205)
(59, 83)
(59, 90)
(59, 219)
(59, 92)
(59, 100)
(59, 229)
(59, 233)
(59, 234)
(59, 107)
(59, 238)
(59, 114)
(59, 116)
(59, 121)
(59, 124)
(59, 106)
(60, 66)
(60, 99)
(60, 196)
(60, 241)
(60, 236)
(60, 206)
(60, 111)
(60, 209)
(60, 147)
(60, 174)
(60, 249)
(60, 155)
(60, 94)
(61, 132)
(61, 133)
(61, 145)
(61, 146)
(61, 157)
(61, 115)
(61, 191)
(61, 192)
(61, 194)
(61, 202)
(61, 213)
(61, 91)
(61, 222)
(61, 223)
(61, 227)
(61, 231)
(61, 235)
(61, 109)
(61, 112)
(61, 114)
(61, 243)
(61, 116)
(61, 117)
(61, 118)
(61, 247)
(61, 122)
(61, 127)
(62, 138)
(62, 142)
(62, 148)
(62, 149)
(62, 159)
(62, 161)
(62, 165)
(62, 167)
(62, 68)
(62, 79)
(62, 82)
(62, 217)
(62, 90)
(62, 219)
(62, 97)
(62, 229)
(62, 105)
(62, 234)
(62, 107)
(62, 238)
(62, 244)
(62, 124)
(63, 141)
(63, 143)
(63, 147)
(63, 155)
(63, 162)
(63, 241)
(63, 181)
(63, 197)
(63, 73)
(63, 208)
(63, 215)
(63, 218)
(63, 103)
(63, 104)
(63, 236)
(63, 113)
(63, 242)
(64, 128)
(64, 134)
(64, 140)
(64, 150)
(64, 153)
(64, 163)
(64, 169)
(64, 172)
(64, 181)
(64, 65)
(64, 67)
(64, 72)
(64, 75)
(64, 77)
(64, 205)
(64, 85)
(64, 215)
(64, 226)
(64, 100)
(64, 230)
(64, 233)
(64, 237)
(64, 110)
(64, 120)
(65, 130)
(65, 134)
(65, 135)
(65, 215)
(65, 140)
(65, 162)
(65, 169)
(65, 172)
(65, 181)
(65, 182)
(65, 67)
(65, 74)
(65, 98)
(65, 85)
(65, 87)
(65, 218)
(65, 92)
(65, 226)
(65, 230)
(65, 233)
(65, 106)
(65, 237)
(65, 241)
(65, 246)
(66, 130)
(66, 99)
(66, 196)
(66, 246)
(66, 105)
(66, 108)
(66, 98)
(66, 206)
(66, 111)
(66, 209)
(66, 174)
(66, 182)
(66, 249)
(66, 94)
(67, 130)
(67, 134)
(67, 135)
(67, 215)
(67, 140)
(67, 150)
(67, 162)
(67, 169)
(67, 172)
(67, 181)
(67, 198)
(67, 72)
(67, 74)
(67, 75)
(67, 98)
(67, 85)
(67, 87)
(67, 218)
(67, 92)
(67, 226)
(67, 230)
(67, 233)
(67, 106)
(67, 237)
(67, 246)
(68, 130)
(68, 135)
(68, 138)
(68, 142)
(68, 148)
(68, 161)
(68, 165)
(68, 167)
(68, 182)
(68, 198)
(68, 74)
(68, 206)
(68, 79)
(68, 82)
(68, 87)
(68, 90)
(68, 92)
(68, 98)
(68, 105)
(68, 234)
(68, 107)
(68, 108)
(68, 244)
(68, 246)
(68, 106)
(69, 84)
(69, 228)
(69, 179)
(69, 71)
(69, 170)
(69, 171)
(69, 144)
(69, 243)
(69, 212)
(69, 183)
(69, 88)
(69, 89)
(69, 101)
(70, 128)
(70, 145)
(70, 152)
(70, 154)
(70, 164)
(70, 168)
(70, 176)
(70, 177)
(70, 178)
(70, 192)
(70, 72)
(70, 202)
(70, 204)
(70, 205)
(70, 77)
(70, 83)
(70, 213)
(70, 222)
(70, 223)
(70, 100)
(70, 240)
(70, 118)
(70, 120)
(70, 121)
(71, 132)
(71, 133)
(71, 157)
(71, 170)
(71, 171)
(71, 183)
(71, 194)
(71, 84)
(71, 88)
(71, 89)
(71, 91)
(71, 243)
(71, 117)
(71, 247)
(71, 127)
(72, 128)
(72, 140)
(72, 153)
(72, 154)
(72, 164)
(72, 168)
(72, 178)
(72, 198)
(72, 75)
(72, 77)
(72, 205)
(72, 83)
(72, 100)
(72, 233)
(72, 237)
(72, 110)
(72, 240)
(72, 120)
(73, 134)
(73, 141)
(73, 143)
(73, 150)
(73, 162)
(73, 163)
(73, 169)
(73, 181)
(73, 197)
(73, 208)
(73, 215)
(73, 218)
(73, 95)
(73, 103)
(73, 104)
(73, 113)
(73, 242)
(74, 130)
(74, 134)
(74, 135)
(74, 140)
(74, 172)
(74, 182)
(74, 196)
(74, 198)
(74, 98)
(74, 206)
(74, 79)
(74, 85)
(74, 87)
(74, 92)
(74, 226)
(74, 230)
(74, 233)
(74, 234)
(74, 237)
(74, 111)
(74, 244)
(74, 246)
(74, 105)
(74, 106)
(75, 128)
(75, 134)
(75, 135)
(75, 140)
(75, 150)
(75, 153)
(75, 154)
(75, 169)
(75, 172)
(75, 178)
(75, 198)
(75, 205)
(75, 77)
(75, 85)
(75, 92)
(75, 226)
(75, 100)
(75, 230)
(75, 233)
(75, 237)
(75, 110)
(75, 240)
(75, 120)
(76, 80)
(76, 102)
(76, 139)
(76, 204)
(76, 173)
(76, 93)
(76, 239)
(76, 176)
(76, 81)
(76, 126)
(76, 151)
(76, 186)
(76, 156)
(76, 122)
(76, 158)
(77, 128)
(77, 140)
(77, 152)
(77, 153)
(77, 154)
(77, 164)
(77, 177)
(77, 178)
(77, 187)
(77, 205)
(77, 83)
(77, 96)
(77, 100)
(77, 110)
(77, 240)
(77, 119)
(77, 120)
(78, 224)
(78, 193)
(78, 199)
(78, 232)
(78, 207)
(78, 200)
(78, 180)
(78, 175)
(78, 220)
(78, 189)
(79, 130)
(79, 135)
(79, 138)
(79, 142)
(79, 148)
(79, 159)
(79, 161)
(79, 165)
(79, 167)
(79, 182)
(79, 206)
(79, 82)
(79, 217)
(79, 90)
(79, 92)
(79, 98)
(79, 105)
(79, 234)
(79, 107)
(79, 108)
(79, 244)
(79, 246)
(79, 106)
(80, 139)
(80, 122)
(80, 235)
(80, 204)
(80, 109)
(80, 176)
(80, 115)
(80, 126)
(80, 151)
(80, 248)
(80, 186)
(80, 221)
(80, 158)
(80, 191)
(81, 151)
(81, 152)
(81, 156)
(81, 158)
(81, 166)
(81, 173)
(81, 176)
(81, 177)
(81, 187)
(81, 190)
(81, 204)
(81, 86)
(81, 96)
(81, 102)
(81, 110)
(81, 239)
(81, 240)
(81, 119)
(82, 138)
(82, 142)
(82, 148)
(82, 149)
(82, 159)
(82, 161)
(82, 165)
(82, 167)
(82, 217)
(82, 90)
(82, 105)
(82, 234)
(82, 107)
(82, 108)
(82, 238)
(82, 244)
(82, 124)
(83, 128)
(83, 138)
(83, 140)
(83, 154)
(83, 164)
(83, 168)
(83, 178)
(83, 192)
(83, 198)
(83, 203)
(83, 205)
(83, 219)
(83, 223)
(83, 100)
(83, 233)
(83, 106)
(83, 107)
(83, 112)
(83, 114)
(83, 116)
(83, 120)
(83, 121)
(84, 171)
(84, 228)
(84, 243)
(84, 170)
(84, 247)
(84, 179)
(84, 212)
(84, 183)
(84, 88)
(84, 89)
(84, 91)
(85, 130)
(85, 134)
(85, 135)
(85, 140)
(85, 162)
(85, 169)
(85, 172)
(85, 181)
(85, 182)
(85, 198)
(85, 98)
(85, 87)
(85, 218)
(85, 92)
(85, 226)
(85, 230)
(85, 233)
(85, 106)
(85, 237)
(85, 244)
(85, 246)
(86, 152)
(86, 156)
(86, 160)
(86, 166)
(86, 187)
(86, 190)
(86, 210)
(86, 214)
(86, 96)
(86, 102)
(86, 110)
(86, 239)
(86, 119)
(86, 123)
(87, 130)
(87, 134)
(87, 135)
(87, 140)
(87, 162)
(87, 169)
(87, 172)
(87, 181)
(87, 182)
(87, 198)
(87, 98)
(87, 206)
(87, 218)
(87, 92)
(87, 226)
(87, 230)
(87, 233)
(87, 106)
(87, 237)
(87, 244)
(87, 246)
(88, 132)
(88, 133)
(88, 157)
(88, 170)
(88, 171)
(88, 179)
(88, 183)
(88, 194)
(88, 212)
(88, 89)
(88, 91)
(88, 228)
(88, 229)
(88, 112)
(88, 114)
(88, 243)
(88, 116)
(88, 117)
(88, 247)
(88, 127)
(89, 132)
(89, 133)
(89, 157)
(89, 170)
(89, 171)
(89, 183)
(89, 194)
(89, 91)
(89, 228)
(89, 243)
(89, 117)
(89, 247)
(89, 127)
(90, 138)
(90, 142)
(90, 149)
(90, 159)
(90, 161)
(90, 165)
(90, 167)
(90, 168)
(90, 198)
(90, 203)
(90, 217)
(90, 219)
(90, 229)
(90, 105)
(90, 234)
(90, 107)
(90, 238)
(90, 244)
(90, 124)
(90, 106)
(91, 132)
(91, 133)
(91, 157)
(91, 171)
(91, 194)
(91, 227)
(91, 231)
(91, 146)
(91, 243)
(91, 117)
(91, 118)
(91, 247)
(91, 127)
(92, 128)
(92, 130)
(92, 98)
(92, 134)
(92, 135)
(92, 138)
(92, 140)
(92, 168)
(92, 172)
(92, 182)
(92, 198)
(92, 205)
(92, 226)
(92, 100)
(92, 230)
(92, 233)
(92, 234)
(92, 107)
(92, 237)
(92, 244)
(92, 246)
(92, 105)
(92, 106)
(93, 102)
(93, 173)
(93, 239)
(93, 151)
(93, 123)
(93, 156)
(93, 190)
(94, 162)
(94, 99)
(94, 196)
(94, 241)
(94, 111)
(94, 236)
(94, 206)
(94, 143)
(94, 209)
(94, 147)
(94, 249)
(94, 155)
(95, 129)
(95, 131)
(95, 136)
(95, 137)
(95, 141)
(95, 150)
(95, 163)
(95, 175)
(95, 184)
(95, 185)
(95, 188)
(95, 200)
(95, 207)
(95, 215)
(95, 225)
(95, 113)
(95, 242)
(95, 125)
(96, 214)
(96, 152)
(96, 156)
(96, 166)
(96, 176)
(96, 177)
(96, 187)
(96, 190)
(96, 102)
(96, 110)
(96, 240)
(96, 119)
(97, 228)
(97, 229)
(97, 201)
(97, 170)
(97, 238)
(97, 144)
(97, 179)
(97, 212)
(97, 149)
(97, 216)
(97, 217)
(97, 124)
(97, 159)
(98, 130)
(98, 135)
(98, 165)
(98, 172)
(98, 182)
(98, 196)
(98, 198)
(98, 206)
(98, 226)
(98, 230)
(98, 233)
(98, 234)
(98, 237)
(98, 111)
(98, 244)
(98, 246)
(98, 105)
(98, 106)
(99, 196)
(99, 108)
(99, 174)
(99, 111)
(99, 209)
(99, 148)
(99, 206)
(99, 182)
(99, 249)
(100, 128)
(100, 135)
(100, 138)
(100, 140)
(100, 154)
(100, 164)
(100, 168)
(100, 178)
(100, 192)
(100, 198)
(100, 203)
(100, 205)
(100, 233)
(100, 106)
(100, 107)
(100, 237)
(100, 120)
(100, 121)
(101, 228)
(101, 201)
(101, 144)
(101, 179)
(101, 183)
(101, 216)
(102, 214)
(102, 152)
(102, 151)
(102, 156)
(102, 158)
(102, 166)
(102, 173)
(102, 176)
(102, 187)
(102, 190)
(102, 239)
(102, 240)
(102, 119)
(102, 123)
(103, 141)
(103, 143)
(103, 147)
(103, 162)
(103, 241)
(103, 181)
(103, 197)
(103, 208)
(103, 215)
(103, 218)
(103, 104)
(103, 113)
(103, 242)
(104, 162)
(104, 163)
(104, 197)
(104, 169)
(104, 141)
(104, 143)
(104, 208)
(104, 113)
(104, 242)
(104, 147)
(104, 181)
(104, 215)
(104, 218)
(105, 130)
(105, 142)
(105, 148)
(105, 159)
(105, 161)
(105, 165)
(105, 167)
(105, 182)
(105, 196)
(105, 206)
(105, 234)
(105, 108)
(105, 111)
(105, 244)
(105, 246)
(105, 106)
(106, 128)
(106, 130)
(106, 135)
(106, 138)
(106, 140)
(106, 154)
(106, 168)
(106, 172)
(106, 182)
(106, 198)
(106, 205)
(106, 219)
(106, 226)
(106, 230)
(106, 233)
(106, 234)
(106, 107)
(106, 237)
(106, 244)
(106, 246)
(107, 128)
(107, 135)
(107, 138)
(107, 142)
(107, 154)
(107, 161)
(107, 164)
(107, 168)
(107, 116)
(107, 198)
(107, 203)
(107, 205)
(107, 219)
(107, 229)
(107, 233)
(107, 234)
(107, 238)
(107, 114)
(107, 244)
(107, 121)
(107, 124)
(108, 196)
(108, 165)
(108, 167)
(108, 142)
(108, 206)
(108, 111)
(108, 244)
(108, 174)
(108, 182)
(108, 148)
(109, 145)
(109, 157)
(109, 186)
(109, 191)
(109, 202)
(109, 221)
(109, 227)
(109, 231)
(109, 235)
(109, 146)
(109, 115)
(109, 118)
(109, 248)
(109, 122)
(109, 126)
(110, 152)
(110, 153)
(110, 166)
(110, 177)
(110, 178)
(110, 187)
(110, 211)
(110, 240)
(110, 245)
(110, 119)
(110, 120)
(111, 130)
(111, 196)
(111, 182)
(111, 241)
(111, 236)
(111, 206)
(111, 209)
(111, 174)
(111, 246)
(111, 249)
(112, 132)
(112, 133)
(112, 145)
(112, 146)
(112, 157)
(112, 164)
(112, 168)
(112, 192)
(112, 194)
(112, 202)
(112, 203)
(112, 213)
(112, 222)
(112, 223)
(112, 227)
(112, 229)
(112, 114)
(112, 243)
(112, 116)
(112, 117)
(112, 118)
(112, 247)
(112, 121)
(112, 127)
(113, 129)
(113, 163)
(113, 197)
(113, 141)
(113, 242)
(113, 125)
(114, 132)
(114, 133)
(114, 138)
(114, 146)
(114, 164)
(114, 168)
(114, 170)
(114, 192)
(114, 194)
(114, 203)
(114, 212)
(114, 213)
(114, 219)
(114, 223)
(114, 228)
(114, 229)
(114, 238)
(114, 243)
(114, 116)
(114, 117)
(114, 247)
(114, 121)
(114, 124)
(114, 127)
(115, 132)
(115, 145)
(115, 157)
(115, 186)
(115, 191)
(115, 194)
(115, 202)
(115, 221)
(115, 227)
(115, 231)
(115, 235)
(115, 146)
(115, 118)
(115, 248)
(115, 122)
(115, 126)
(116, 128)
(116, 133)
(116, 138)
(116, 146)
(116, 154)
(116, 164)
(116, 168)
(116, 170)
(116, 192)
(116, 203)
(116, 213)
(116, 219)
(116, 223)
(116, 229)
(116, 243)
(116, 117)
(116, 118)
(116, 121)
(116, 124)
(116, 127)
(117, 132)
(117, 133)
(117, 145)
(117, 146)
(117, 157)
(117, 164)
(117, 171)
(117, 192)
(117, 194)
(117, 202)
(117, 213)
(117, 222)
(117, 223)
(117, 227)
(117, 231)
(117, 243)
(117, 118)
(117, 247)
(117, 121)
(117, 127)
(118, 132)
(118, 133)
(118, 145)
(118, 146)
(118, 157)
(118, 191)
(118, 192)
(118, 194)
(118, 202)
(118, 204)
(118, 213)
(118, 222)
(118, 223)
(118, 227)
(118, 231)
(118, 235)
(118, 243)
(118, 247)
(118, 121)
(118, 122)
(118, 127)
(119, 214)
(119, 152)
(119, 156)
(119, 166)
(119, 177)
(119, 187)
(119, 190)
(119, 210)
(119, 211)
(119, 240)
(119, 245)
(120, 128)
(120, 140)
(120, 154)
(120, 164)
(120, 168)
(120, 177)
(120, 178)
(120, 192)
(120, 198)
(120, 205)
(120, 222)
(120, 223)
(120, 233)
(120, 240)
(120, 121)
(121, 128)
(121, 133)
(121, 138)
(121, 146)
(121, 154)
(121, 164)
(121, 168)
(121, 178)
(121, 192)
(121, 198)
(121, 203)
(121, 205)
(121, 213)
(121, 219)
(121, 222)
(121, 223)
(121, 229)
(121, 243)
(121, 124)
(121, 127)
(122, 145)
(122, 176)
(122, 158)
(122, 186)
(122, 191)
(122, 202)
(122, 204)
(122, 213)
(122, 221)
(122, 222)
(122, 227)
(122, 231)
(122, 235)
(122, 146)
(122, 248)
(122, 126)
(123, 166)
(123, 173)
(123, 239)
(123, 214)
(123, 190)
(124, 138)
(124, 149)
(124, 161)
(124, 168)
(124, 170)
(124, 179)
(124, 201)
(124, 203)
(124, 212)
(124, 216)
(124, 217)
(124, 219)
(124, 228)
(124, 229)
(124, 234)
(124, 238)
(125, 224)
(125, 225)
(125, 131)
(125, 193)
(125, 232)
(125, 137)
(125, 129)
(125, 207)
(125, 200)
(125, 242)
(125, 184)
(125, 185)
(125, 136)
(125, 175)
(125, 188)
(126, 195)
(126, 235)
(126, 139)
(126, 151)
(126, 248)
(126, 186)
(126, 221)
(126, 191)
(127, 132)
(127, 133)
(127, 145)
(127, 146)
(127, 157)
(127, 164)
(127, 170)
(127, 171)
(127, 192)
(127, 194)
(127, 202)
(127, 203)
(127, 212)
(127, 213)
(127, 219)
(127, 223)
(127, 227)
(127, 228)
(127, 229)
(127, 243)
(127, 247)
(128, 135)
(128, 138)
(128, 140)
(128, 154)
(128, 164)
(128, 168)
(128, 178)
(128, 192)
(128, 198)
(128, 203)
(128, 205)
(128, 219)
(128, 233)
(128, 237)
(129, 225)
(129, 131)
(129, 193)
(129, 232)
(129, 137)
(129, 207)
(129, 242)
(129, 185)
(129, 175)
(129, 188)
(130, 134)
(130, 135)
(130, 196)
(130, 162)
(130, 172)
(130, 182)
(130, 206)
(130, 226)
(130, 230)
(130, 233)
(130, 237)
(130, 241)
(130, 244)
(130, 246)
(130, 249)
(131, 136)
(131, 175)
(131, 180)
(131, 137)
(131, 184)
(131, 185)
(131, 188)
(131, 193)
(131, 199)
(131, 200)
(131, 207)
(131, 220)
(131, 224)
(131, 225)
(131, 232)
(132, 133)
(132, 145)
(132, 157)
(132, 171)
(132, 192)
(132, 194)
(132, 202)
(132, 213)
(132, 223)
(132, 227)
(132, 231)
(132, 146)
(132, 243)
(132, 247)
(133, 145)
(133, 157)
(133, 171)
(133, 192)
(133, 194)
(133, 202)
(133, 213)
(133, 222)
(133, 223)
(133, 227)
(133, 231)
(133, 146)
(133, 243)
(133, 247)
(134, 135)
(134, 140)
(134, 141)
(134, 150)
(134, 162)
(134, 163)
(134, 169)
(134, 172)
(134, 181)
(134, 215)
(134, 218)
(134, 226)
(134, 230)
(134, 233)
(134, 237)
(134, 246)
(135, 140)
(135, 172)
(135, 182)
(135, 198)
(135, 226)
(135, 230)
(135, 233)
(135, 234)
(135, 237)
(135, 244)
(135, 246)
(136, 137)
(136, 141)
(136, 150)
(136, 153)
(136, 163)
(136, 175)
(136, 184)
(136, 185)
(136, 188)
(136, 200)
(136, 207)
(136, 210)
(136, 211)
(136, 225)
(136, 245)
(137, 163)
(137, 175)
(137, 180)
(137, 184)
(137, 185)
(137, 188)
(137, 193)
(137, 200)
(137, 207)
(137, 210)
(137, 211)
(137, 224)
(137, 225)
(137, 232)
(137, 245)
(138, 154)
(138, 161)
(138, 164)
(138, 168)
(138, 198)
(138, 203)
(138, 205)
(138, 219)
(138, 229)
(138, 233)
(138, 234)
(138, 238)
(138, 244)
(139, 195)
(139, 151)
(139, 186)
(140, 154)
(140, 164)
(140, 168)
(140, 172)
(140, 198)
(140, 205)
(140, 226)
(140, 230)
(140, 233)
(140, 237)
(140, 169)
(141, 150)
(141, 153)
(141, 163)
(141, 169)
(141, 172)
(141, 181)
(141, 185)
(141, 188)
(141, 197)
(141, 215)
(141, 218)
(141, 242)
(142, 148)
(142, 159)
(142, 161)
(142, 165)
(142, 167)
(142, 182)
(142, 217)
(142, 234)
(142, 244)
(143, 162)
(143, 197)
(143, 236)
(143, 208)
(143, 241)
(143, 147)
(143, 249)
(143, 218)
(143, 155)
(144, 228)
(144, 201)
(144, 170)
(144, 238)
(144, 179)
(144, 212)
(144, 149)
(144, 216)
(145, 146)
(145, 157)
(145, 177)
(145, 178)
(145, 191)
(145, 192)
(145, 194)
(145, 202)
(145, 204)
(145, 213)
(145, 222)
(145, 223)
(145, 227)
(145, 231)
(145, 235)
(145, 247)
(145, 248)
(146, 157)
(146, 191)
(146, 192)
(146, 194)
(146, 202)
(146, 213)
(146, 222)
(146, 223)
(146, 227)
(146, 231)
(146, 235)
(146, 243)
(146, 247)
(147, 162)
(147, 197)
(147, 236)
(147, 208)
(147, 241)
(147, 249)
(147, 155)
(148, 161)
(148, 165)
(148, 167)
(148, 217)
(148, 159)
(149, 159)
(149, 161)
(149, 179)
(149, 201)
(149, 212)
(149, 216)
(149, 217)
(149, 219)
(149, 228)
(149, 229)
(149, 238)
(150, 153)
(150, 163)
(150, 169)
(150, 172)
(150, 181)
(150, 185)
(150, 211)
(150, 215)
(150, 218)
(150, 245)
(151, 173)
(151, 239)
(151, 176)
(151, 186)
(151, 156)
(151, 158)
(152, 156)
(152, 158)
(152, 166)
(152, 176)
(152, 177)
(152, 178)
(152, 187)
(152, 190)
(152, 204)
(152, 240)
(153, 163)
(153, 169)
(153, 181)
(153, 185)
(153, 187)
(153, 210)
(153, 211)
(153, 215)
(153, 245)
(154, 164)
(154, 198)
(154, 168)
(154, 178)
(154, 192)
(154, 203)
(154, 205)
(154, 219)
(154, 223)
(154, 233)
(155, 162)
(155, 197)
(155, 241)
(155, 236)
(155, 208)
(155, 209)
(155, 249)
(156, 204)
(156, 173)
(156, 239)
(156, 176)
(156, 177)
(156, 158)
(156, 190)
(157, 171)
(157, 191)
(157, 192)
(157, 194)
(157, 202)
(157, 213)
(157, 222)
(157, 223)
(157, 227)
(157, 231)
(157, 235)
(157, 243)
(157, 247)
(158, 176)
(158, 204)
(158, 173)
(158, 239)
(158, 240)
(158, 177)
(158, 186)
(158, 222)
(159, 161)
(159, 165)
(159, 167)
(159, 201)
(159, 238)
(159, 216)
(159, 217)
(160, 166)
(160, 200)
(160, 210)
(160, 211)
(160, 180)
(160, 245)
(160, 214)
(160, 184)
(160, 220)
(160, 189)
(161, 165)
(161, 167)
(161, 217)
(161, 234)
(161, 238)
(161, 244)
(162, 169)
(162, 172)
(162, 181)
(162, 197)
(162, 208)
(162, 215)
(162, 218)
(162, 226)
(162, 230)
(162, 236)
(162, 241)
(162, 246)
(162, 249)
(163, 169)
(163, 172)
(163, 181)
(163, 185)
(163, 188)
(163, 215)
(163, 218)
(163, 242)
(163, 245)
(164, 168)
(164, 178)
(164, 192)
(164, 198)
(164, 203)
(164, 205)
(164, 213)
(164, 219)
(164, 222)
(164, 223)
(164, 233)
(165, 167)
(165, 182)
(165, 206)
(165, 217)
(165, 234)
(165, 244)
(166, 214)
(166, 187)
(166, 190)
(166, 210)
(166, 211)
(166, 239)
(166, 245)
(167, 234)
(167, 244)
(167, 217)
(168, 198)
(168, 178)
(168, 192)
(168, 203)
(168, 205)
(168, 219)
(168, 223)
(168, 233)
(168, 234)
(169, 172)
(169, 181)
(169, 215)
(169, 218)
(169, 226)
(169, 230)
(169, 237)
(170, 171)
(170, 179)
(170, 183)
(170, 212)
(170, 228)
(170, 229)
(170, 238)
(170, 243)
(171, 183)
(171, 194)
(171, 212)
(171, 228)
(171, 243)
(171, 247)
(172, 181)
(172, 215)
(172, 218)
(172, 226)
(172, 230)
(172, 233)
(172, 237)
(172, 246)
(173, 239)
(173, 176)
(173, 190)
(174, 196)
(174, 206)
(174, 209)
(175, 180)
(175, 184)
(175, 185)
(175, 188)
(175, 189)
(175, 193)
(175, 199)
(175, 200)
(175, 207)
(175, 220)
(175, 224)
(175, 225)
(175, 232)
(176, 204)
(176, 239)
(176, 240)
(176, 177)
(176, 178)
(176, 222)
(177, 178)
(177, 192)
(177, 202)
(177, 204)
(177, 213)
(177, 222)
(177, 223)
(177, 240)
(178, 192)
(178, 204)
(178, 205)
(178, 213)
(178, 222)
(178, 223)
(178, 240)
(179, 216)
(179, 183)
(179, 201)
(179, 212)
(179, 229)
(179, 228)
(179, 238)
(180, 224)
(180, 225)
(180, 199)
(180, 232)
(180, 188)
(180, 193)
(180, 207)
(180, 200)
(180, 184)
(180, 220)
(180, 189)
(181, 215)
(181, 218)
(181, 226)
(181, 230)
(181, 237)
(182, 196)
(182, 206)
(182, 226)
(182, 230)
(182, 234)
(182, 237)
(182, 244)
(182, 246)
(183, 228)
(183, 212)
(184, 185)
(184, 188)
(184, 189)
(184, 193)
(184, 199)
(184, 200)
(184, 207)
(184, 210)
(184, 211)
(184, 220)
(184, 224)
(184, 225)
(184, 232)
(184, 245)
(185, 188)
(185, 200)
(185, 207)
(185, 210)
(185, 211)
(185, 225)
(185, 245)
(186, 195)
(186, 235)
(186, 248)
(186, 221)
(186, 191)
(187, 240)
(187, 210)
(187, 211)
(187, 245)
(188, 193)
(188, 200)
(188, 207)
(188, 210)
(188, 211)
(188, 224)
(188, 225)
(188, 232)
(188, 245)
(189, 224)
(189, 225)
(189, 199)
(189, 200)
(189, 193)
(189, 207)
(189, 220)
(190, 239)
(190, 214)
(191, 202)
(191, 221)
(191, 227)
(191, 231)
(191, 235)
(191, 248)
(192, 194)
(192, 202)
(192, 203)
(192, 205)
(192, 213)
(192, 222)
(192, 223)
(192, 227)
(192, 243)
(192, 247)
(193, 224)
(193, 225)
(193, 199)
(193, 232)
(193, 207)
(193, 200)
(193, 220)
(194, 202)
(194, 213)
(194, 223)
(194, 227)
(194, 231)
(194, 235)
(194, 243)
(194, 247)
(196, 241)
(196, 236)
(196, 206)
(196, 209)
(196, 246)
(196, 249)
(197, 208)
(197, 241)
(197, 242)
(197, 218)
(198, 203)
(198, 205)
(198, 219)
(198, 226)
(198, 230)
(198, 233)
(198, 234)
(198, 237)
(198, 244)
(199, 224)
(199, 225)
(199, 232)
(199, 207)
(199, 200)
(199, 220)
(200, 207)
(200, 210)
(200, 211)
(200, 220)
(200, 224)
(200, 225)
(200, 232)
(201, 228)
(201, 229)
(201, 238)
(201, 212)
(201, 216)
(201, 217)
(202, 204)
(202, 213)
(202, 222)
(202, 223)
(202, 227)
(202, 231)
(202, 235)
(202, 247)
(202, 248)
(203, 205)
(203, 219)
(203, 229)
(203, 234)
(203, 238)
(203, 243)
(204, 235)
(204, 240)
(204, 213)
(204, 222)
(204, 223)
(205, 223)
(205, 233)
(206, 244)
(206, 246)
(206, 249)
(207, 220)
(207, 224)
(207, 225)
(207, 232)
(208, 236)
(208, 241)
(208, 249)
(208, 218)
(209, 236)
(209, 249)
(210, 211)
(210, 214)
(210, 225)
(210, 245)
(211, 225)
(211, 245)
(212, 216)
(212, 228)
(212, 229)
(212, 238)
(212, 243)
(213, 222)
(213, 223)
(213, 227)
(213, 231)
(213, 235)
(213, 243)
(213, 247)
(215, 218)
(215, 242)
(216, 229)
(216, 238)
(216, 217)
(217, 238)
(218, 226)
(218, 230)
(218, 241)
(218, 242)
(219, 229)
(219, 234)
(219, 238)
(220, 224)
(220, 225)
(220, 232)
(221, 231)
(221, 235)
(221, 248)
(222, 240)
(222, 223)
(222, 227)
(222, 235)
(223, 227)
(223, 243)
(223, 247)
(224, 225)
(224, 232)
(225, 232)
(225, 245)
(226, 230)
(226, 233)
(226, 237)
(226, 244)
(226, 246)
(227, 243)
(227, 231)
(227, 235)
(227, 247)
(227, 248)
(228, 229)
(228, 238)
(228, 243)
(229, 238)
(229, 243)
(230, 233)
(230, 237)
(230, 244)
(230, 246)
(231, 235)
(231, 247)
(231, 248)
(233, 234)
(233, 237)
(233, 244)
(233, 246)
(234, 244)
(234, 246)
(235, 248)
(236, 241)
(236, 249)
(237, 244)
(237, 246)
(241, 249)
(243, 247)
(244, 246)
