#Nodes
0
1
2
3
4
5
6
7
8
9
10
11
12
13
14
15
16
17
18
19
20
21
22
23
24
25
26
27
28
29
30
31
32
33
34
35
36
37
38
39
40
41
42
43
44
45
46
47
48
49
50
51
52
53
54
55
56
57
58
59
60
61
62
63
64
65
66
67
68
69
70
71
72
73
74
75
76
77
78
79
80
81
82
83
84
85
86
87
88
89
90
91
92
93
94
95
96
97
98
99
100
101
102
103
104
105
106
107
108
109
110
111
112
113
114
115
116
117
118
119
120
121
122
123
124
125
126
127
128
129
130
131
132
133
134
135
136
137
138
139
140
141
142
143
144
145
146
147
148
149
150
151
152
153
154
155
156
157
158
159
160
161
162
163
164
165
166
167
168
169
170
171
172
173
174
175
176
177
178
179
180
181
182
183
184
185
186
187
188
189
190
191
192
193
194
195
196
197
198
199
200
201
202
203
204
205
206
207
208
209
210
211
212
213
214
215
216
217
218
219
220
221
222
223
224
225
226
227
228
229
230
231
232
233
234
235
236
237
238
239
240
241
242
243
244
245
246
247
248
249
#Edges
(0, 224)
(0, 128)
(0, 123)
(0, 38)
(0, 33)
(0, 232)
(0, 15)
(0, 170)
(0, 110)
(0, 175)
(0, 240)
(0, 209)
(0, 26)
(0, 87)
(0, 217)
(0, 90)
(0, 168)
(0, 74)
(0, 104)
(0, 31)
(1, 228)
(1, 230)
(1, 201)
(1, 75)
(1, 238)
(1, 137)
(1, 218)
(1, 156)
(1, 159)
(2, 129)
(2, 130)
(2, 136)
(2, 44)
(2, 10)
(2, 11)
(2, 144)
(2, 17)
(2, 152)
(2, 158)
(2, 167)
(2, 172)
(2, 46)
(2, 176)
(2, 55)
(2, 194)
(2, 69)
(2, 70)
(2, 71)
(2, 81)
(2, 213)
(2, 216)
(2, 89)
(2, 91)
(2, 92)
(2, 103)
(2, 39)
(2, 108)
(2, 244)
(3, 4)
(3, 133)
(3, 141)
(3, 148)
(3, 22)
(3, 154)
(3, 155)
(3, 34)
(3, 163)
(3, 173)
(3, 52)
(3, 181)
(3, 54)
(3, 184)
(3, 57)
(3, 62)
(3, 65)
(3, 199)
(3, 207)
(3, 214)
(3, 222)
(3, 234)
(3, 237)
(3, 239)
(3, 245)
(3, 121)
(4, 133)
(4, 143)
(4, 19)
(4, 148)
(4, 22)
(4, 154)
(4, 155)
(4, 34)
(4, 163)
(4, 164)
(4, 43)
(4, 173)
(4, 52)
(4, 82)
(4, 54)
(4, 184)
(4, 57)
(4, 62)
(4, 65)
(4, 197)
(4, 199)
(4, 77)
(4, 207)
(4, 210)
(4, 35)
(4, 214)
(4, 222)
(4, 105)
(4, 234)
(4, 237)
(4, 239)
(4, 245)
(4, 248)
(4, 121)
(5, 131)
(5, 135)
(5, 13)
(5, 142)
(5, 16)
(5, 146)
(5, 150)
(5, 171)
(5, 178)
(5, 59)
(5, 195)
(5, 202)
(5, 203)
(5, 208)
(5, 88)
(5, 225)
(5, 101)
(5, 102)
(5, 231)
(5, 111)
(5, 112)
(5, 116)
(5, 118)
(5, 247)
(5, 249)
(5, 124)
(6, 131)
(6, 243)
(6, 146)
(6, 147)
(6, 149)
(6, 23)
(6, 153)
(6, 30)
(6, 165)
(6, 7)
(6, 50)
(6, 179)
(6, 185)
(6, 59)
(6, 192)
(6, 67)
(6, 196)
(6, 202)
(6, 79)
(6, 211)
(6, 212)
(6, 101)
(6, 102)
(6, 18)
(6, 111)
(6, 113)
(6, 115)
(7, 51)
(7, 131)
(7, 135)
(7, 16)
(7, 146)
(7, 147)
(7, 149)
(7, 30)
(7, 162)
(7, 171)
(7, 178)
(7, 243)
(7, 59)
(7, 188)
(7, 192)
(7, 195)
(7, 196)
(7, 72)
(7, 202)
(7, 203)
(7, 79)
(7, 208)
(7, 211)
(7, 212)
(7, 225)
(7, 101)
(7, 102)
(7, 111)
(7, 112)
(7, 113)
(7, 115)
(7, 247)
(8, 64)
(8, 80)
(8, 233)
(8, 151)
(8, 236)
(8, 109)
(8, 78)
(8, 175)
(8, 144)
(8, 21)
(8, 246)
(8, 169)
(8, 216)
(8, 58)
(8, 60)
(8, 61)
(9, 134)
(9, 140)
(9, 143)
(9, 22)
(9, 24)
(9, 25)
(9, 155)
(9, 163)
(9, 166)
(9, 42)
(9, 173)
(9, 47)
(9, 27)
(9, 49)
(9, 52)
(9, 181)
(9, 54)
(9, 183)
(9, 184)
(9, 186)
(9, 62)
(9, 193)
(9, 68)
(9, 199)
(9, 72)
(9, 73)
(9, 205)
(9, 206)
(9, 82)
(9, 85)
(9, 220)
(9, 95)
(9, 96)
(9, 99)
(9, 239)
(9, 241)
(9, 117)
(9, 120)
(9, 125)
(9, 126)
(10, 129)
(10, 130)
(10, 136)
(10, 44)
(10, 11)
(10, 17)
(10, 18)
(10, 149)
(10, 152)
(10, 158)
(10, 39)
(10, 172)
(10, 46)
(10, 51)
(10, 194)
(10, 69)
(10, 71)
(10, 76)
(10, 81)
(10, 89)
(10, 92)
(10, 103)
(10, 244)
(11, 129)
(11, 130)
(11, 134)
(11, 136)
(11, 44)
(11, 140)
(11, 17)
(11, 147)
(11, 20)
(11, 149)
(11, 152)
(11, 158)
(11, 162)
(11, 166)
(11, 39)
(11, 172)
(11, 46)
(11, 51)
(11, 188)
(11, 66)
(11, 196)
(11, 71)
(11, 76)
(11, 81)
(11, 83)
(11, 223)
(11, 103)
(11, 211)
(12, 224)
(12, 128)
(12, 226)
(12, 164)
(12, 229)
(12, 198)
(12, 105)
(12, 237)
(12, 77)
(12, 209)
(12, 210)
(12, 19)
(12, 148)
(12, 245)
(12, 41)
(12, 57)
(12, 154)
(12, 15)
(12, 28)
(12, 63)
(13, 135)
(13, 142)
(13, 16)
(13, 145)
(13, 150)
(13, 25)
(13, 157)
(13, 171)
(13, 45)
(13, 177)
(13, 178)
(13, 180)
(13, 53)
(13, 189)
(13, 68)
(13, 203)
(13, 204)
(13, 208)
(13, 88)
(13, 219)
(13, 231)
(13, 106)
(13, 107)
(13, 114)
(13, 116)
(13, 118)
(13, 120)
(13, 249)
(13, 122)
(13, 124)
(14, 139)
(14, 151)
(14, 152)
(14, 26)
(14, 29)
(14, 31)
(14, 32)
(14, 44)
(14, 175)
(14, 55)
(14, 64)
(14, 69)
(14, 74)
(14, 84)
(14, 216)
(14, 217)
(14, 90)
(14, 91)
(14, 221)
(14, 227)
(14, 104)
(14, 110)
(14, 246)
(14, 119)
(14, 123)
(14, 127)
(15, 224)
(15, 128)
(15, 226)
(15, 229)
(15, 198)
(15, 33)
(15, 168)
(15, 41)
(15, 240)
(15, 209)
(15, 87)
(15, 38)
(15, 28)
(16, 131)
(16, 135)
(16, 142)
(16, 146)
(16, 150)
(16, 30)
(16, 171)
(16, 178)
(16, 59)
(16, 195)
(16, 202)
(16, 203)
(16, 208)
(16, 225)
(16, 101)
(16, 102)
(16, 111)
(16, 112)
(16, 116)
(16, 118)
(16, 247)
(16, 249)
(16, 124)
(17, 129)
(17, 130)
(17, 136)
(17, 44)
(17, 149)
(17, 152)
(17, 158)
(17, 167)
(17, 172)
(17, 46)
(17, 176)
(17, 51)
(17, 55)
(17, 194)
(17, 69)
(17, 70)
(17, 71)
(17, 81)
(17, 89)
(17, 91)
(17, 92)
(17, 103)
(17, 39)
(17, 108)
(17, 244)
(18, 179)
(18, 137)
(18, 147)
(18, 149)
(18, 23)
(18, 153)
(18, 156)
(18, 37)
(18, 172)
(18, 46)
(18, 48)
(18, 50)
(18, 51)
(18, 185)
(18, 194)
(18, 67)
(18, 201)
(18, 75)
(18, 212)
(18, 113)
(18, 243)
(19, 133)
(19, 141)
(19, 148)
(19, 154)
(19, 28)
(19, 34)
(19, 164)
(19, 41)
(19, 43)
(19, 182)
(19, 57)
(19, 63)
(19, 198)
(19, 77)
(19, 207)
(19, 210)
(19, 222)
(19, 226)
(19, 105)
(19, 237)
(19, 245)
(19, 121)
(20, 129)
(20, 134)
(20, 136)
(20, 139)
(20, 140)
(20, 152)
(20, 29)
(20, 158)
(20, 166)
(20, 39)
(20, 40)
(20, 42)
(20, 44)
(20, 47)
(20, 51)
(20, 183)
(20, 223)
(20, 188)
(20, 66)
(20, 76)
(20, 81)
(20, 83)
(20, 86)
(20, 94)
(20, 95)
(20, 99)
(20, 103)
(20, 119)
(20, 125)
(20, 126)
(21, 161)
(21, 100)
(21, 232)
(21, 233)
(21, 170)
(21, 236)
(21, 110)
(21, 175)
(21, 80)
(21, 78)
(21, 151)
(21, 56)
(21, 36)
(21, 58)
(21, 60)
(21, 61)
(22, 133)
(22, 143)
(22, 24)
(22, 155)
(22, 34)
(22, 163)
(22, 40)
(22, 43)
(22, 173)
(22, 27)
(22, 52)
(22, 181)
(22, 54)
(22, 183)
(22, 184)
(22, 57)
(22, 186)
(22, 62)
(22, 197)
(22, 199)
(22, 200)
(22, 206)
(22, 207)
(22, 82)
(22, 35)
(22, 214)
(22, 220)
(22, 94)
(22, 95)
(22, 96)
(22, 97)
(22, 99)
(22, 105)
(22, 234)
(22, 237)
(22, 239)
(22, 117)
(22, 248)
(22, 121)
(22, 125)
(23, 192)
(23, 67)
(23, 147)
(23, 179)
(23, 201)
(23, 79)
(23, 113)
(23, 50)
(23, 243)
(23, 212)
(23, 149)
(23, 153)
(23, 137)
(23, 185)
(23, 156)
(23, 37)
(23, 165)
(24, 143)
(24, 25)
(24, 155)
(24, 163)
(24, 42)
(24, 173)
(24, 47)
(24, 27)
(24, 49)
(24, 52)
(24, 181)
(24, 54)
(24, 184)
(24, 186)
(24, 62)
(24, 193)
(24, 68)
(24, 199)
(24, 73)
(24, 205)
(24, 206)
(24, 85)
(24, 220)
(24, 95)
(24, 96)
(24, 98)
(24, 99)
(24, 241)
(24, 117)
(24, 120)
(24, 125)
(25, 140)
(25, 145)
(25, 162)
(25, 49)
(25, 171)
(25, 47)
(25, 177)
(25, 178)
(25, 193)
(25, 195)
(25, 68)
(25, 72)
(25, 203)
(25, 205)
(25, 88)
(25, 219)
(25, 95)
(25, 96)
(25, 98)
(25, 231)
(25, 107)
(25, 241)
(25, 116)
(25, 247)
(25, 120)
(25, 249)
(25, 122)
(25, 124)
(25, 126)
(26, 139)
(26, 151)
(26, 31)
(26, 32)
(26, 170)
(26, 44)
(26, 175)
(26, 55)
(26, 61)
(26, 64)
(26, 69)
(26, 74)
(26, 78)
(26, 80)
(26, 84)
(26, 87)
(26, 216)
(26, 217)
(26, 90)
(26, 91)
(26, 221)
(26, 227)
(26, 104)
(26, 110)
(26, 246)
(26, 123)
(26, 127)
(27, 143)
(27, 155)
(27, 163)
(27, 166)
(27, 42)
(27, 173)
(27, 47)
(27, 49)
(27, 52)
(27, 181)
(27, 54)
(27, 183)
(27, 184)
(27, 186)
(27, 62)
(27, 193)
(27, 68)
(27, 199)
(27, 73)
(27, 205)
(27, 206)
(27, 207)
(27, 82)
(27, 85)
(27, 214)
(27, 220)
(27, 94)
(27, 95)
(27, 96)
(27, 99)
(27, 234)
(27, 239)
(27, 117)
(27, 248)
(27, 121)
(27, 125)
(28, 128)
(28, 226)
(28, 164)
(28, 229)
(28, 198)
(28, 105)
(28, 237)
(28, 77)
(28, 209)
(28, 210)
(28, 148)
(28, 245)
(28, 41)
(28, 57)
(28, 154)
(28, 63)
(29, 128)
(29, 134)
(29, 139)
(29, 152)
(29, 32)
(29, 35)
(29, 40)
(29, 43)
(29, 183)
(29, 197)
(29, 200)
(29, 82)
(29, 84)
(29, 86)
(29, 90)
(29, 94)
(29, 224)
(29, 97)
(29, 104)
(29, 105)
(29, 119)
(29, 248)
(29, 123)
(29, 127)
(30, 131)
(30, 135)
(30, 146)
(30, 147)
(30, 165)
(30, 59)
(30, 192)
(30, 195)
(30, 202)
(30, 79)
(30, 208)
(30, 212)
(30, 225)
(30, 101)
(30, 102)
(30, 111)
(30, 112)
(30, 113)
(30, 115)
(31, 128)
(31, 32)
(31, 33)
(31, 38)
(31, 168)
(31, 170)
(31, 175)
(31, 74)
(31, 209)
(31, 84)
(31, 87)
(31, 217)
(31, 90)
(31, 221)
(31, 224)
(31, 227)
(31, 232)
(31, 110)
(31, 240)
(31, 104)
(31, 123)
(31, 127)
(32, 134)
(32, 139)
(32, 152)
(32, 40)
(32, 183)
(32, 197)
(32, 200)
(32, 74)
(32, 84)
(32, 86)
(32, 87)
(32, 217)
(32, 90)
(32, 91)
(32, 221)
(32, 94)
(32, 224)
(32, 97)
(32, 227)
(32, 104)
(32, 119)
(32, 123)
(32, 127)
(33, 224)
(33, 128)
(33, 38)
(33, 232)
(33, 170)
(33, 110)
(33, 240)
(33, 209)
(33, 87)
(33, 217)
(33, 90)
(33, 168)
(34, 133)
(34, 141)
(34, 148)
(34, 154)
(34, 43)
(34, 182)
(34, 57)
(34, 62)
(34, 65)
(34, 54)
(34, 199)
(34, 77)
(34, 207)
(34, 210)
(34, 214)
(34, 222)
(34, 234)
(34, 237)
(34, 239)
(34, 245)
(34, 121)
(35, 128)
(35, 133)
(35, 134)
(35, 164)
(35, 40)
(35, 41)
(35, 43)
(35, 82)
(35, 183)
(35, 184)
(35, 57)
(35, 62)
(35, 197)
(35, 199)
(35, 200)
(35, 77)
(35, 207)
(35, 210)
(35, 84)
(35, 86)
(35, 94)
(35, 224)
(35, 97)
(35, 105)
(35, 237)
(35, 239)
(35, 119)
(35, 248)
(35, 121)
(35, 127)
(36, 161)
(36, 100)
(36, 232)
(36, 233)
(36, 170)
(36, 236)
(36, 175)
(36, 80)
(36, 56)
(36, 58)
(36, 60)
(36, 61)
(37, 194)
(37, 75)
(37, 228)
(37, 179)
(37, 201)
(37, 138)
(37, 235)
(37, 172)
(37, 46)
(37, 48)
(37, 50)
(37, 243)
(37, 149)
(37, 153)
(37, 137)
(37, 185)
(37, 218)
(37, 156)
(37, 67)
(38, 161)
(38, 232)
(38, 170)
(38, 110)
(38, 175)
(38, 240)
(38, 209)
(38, 87)
(38, 56)
(38, 217)
(38, 90)
(38, 168)
(38, 74)
(39, 129)
(39, 130)
(39, 136)
(39, 44)
(39, 66)
(39, 149)
(39, 152)
(39, 158)
(39, 172)
(39, 46)
(39, 51)
(39, 55)
(39, 194)
(39, 69)
(39, 71)
(39, 76)
(39, 81)
(39, 83)
(39, 89)
(39, 91)
(39, 92)
(39, 223)
(39, 103)
(39, 244)
(40, 134)
(40, 139)
(40, 152)
(40, 166)
(40, 42)
(40, 43)
(40, 183)
(40, 184)
(40, 223)
(40, 62)
(40, 66)
(40, 197)
(40, 200)
(40, 76)
(40, 206)
(40, 82)
(40, 84)
(40, 86)
(40, 94)
(40, 95)
(40, 97)
(40, 99)
(40, 103)
(40, 104)
(40, 105)
(40, 239)
(40, 117)
(40, 119)
(40, 248)
(40, 125)
(40, 127)
(41, 224)
(41, 128)
(41, 226)
(41, 164)
(41, 229)
(41, 198)
(41, 105)
(41, 43)
(41, 237)
(41, 77)
(41, 209)
(41, 210)
(41, 148)
(41, 57)
(41, 197)
(42, 134)
(42, 140)
(42, 143)
(42, 166)
(42, 47)
(42, 49)
(42, 52)
(42, 183)
(42, 184)
(42, 223)
(42, 188)
(42, 193)
(42, 66)
(42, 72)
(42, 76)
(42, 205)
(42, 206)
(42, 82)
(42, 83)
(42, 86)
(42, 220)
(42, 94)
(42, 95)
(42, 96)
(42, 97)
(42, 99)
(42, 103)
(42, 117)
(42, 119)
(42, 125)
(42, 126)
(43, 128)
(43, 133)
(43, 148)
(43, 164)
(43, 82)
(43, 183)
(43, 184)
(43, 57)
(43, 62)
(43, 197)
(43, 199)
(43, 200)
(43, 77)
(43, 207)
(43, 210)
(43, 214)
(43, 94)
(43, 224)
(43, 97)
(43, 105)
(43, 234)
(43, 237)
(43, 239)
(43, 248)
(43, 121)
(43, 127)
(44, 129)
(44, 130)
(44, 136)
(44, 139)
(44, 152)
(44, 158)
(44, 46)
(44, 55)
(44, 69)
(44, 70)
(44, 71)
(44, 81)
(44, 216)
(44, 89)
(44, 91)
(44, 92)
(44, 221)
(44, 227)
(44, 103)
(44, 108)
(44, 244)
(44, 246)
(44, 123)
(45, 106)
(45, 204)
(45, 142)
(45, 157)
(45, 114)
(45, 180)
(45, 53)
(45, 150)
(45, 88)
(45, 122)
(45, 124)
(45, 189)
(46, 129)
(46, 130)
(46, 51)
(46, 136)
(46, 149)
(46, 152)
(46, 158)
(46, 172)
(46, 50)
(46, 179)
(46, 194)
(46, 71)
(46, 81)
(46, 211)
(46, 92)
(46, 103)
(46, 243)
(46, 244)
(47, 134)
(47, 140)
(47, 143)
(47, 162)
(47, 166)
(47, 49)
(47, 52)
(47, 184)
(47, 186)
(47, 95)
(47, 188)
(47, 193)
(47, 66)
(47, 68)
(47, 72)
(47, 203)
(47, 76)
(47, 205)
(47, 206)
(47, 83)
(47, 85)
(47, 220)
(47, 223)
(47, 96)
(47, 99)
(47, 116)
(47, 117)
(47, 247)
(47, 120)
(47, 125)
(47, 126)
(48, 132)
(48, 137)
(48, 138)
(48, 156)
(48, 167)
(48, 172)
(48, 174)
(48, 176)
(48, 50)
(48, 179)
(48, 187)
(48, 190)
(48, 191)
(48, 194)
(48, 201)
(48, 75)
(48, 218)
(48, 93)
(48, 228)
(48, 235)
(48, 242)
(49, 140)
(49, 143)
(49, 162)
(49, 166)
(49, 171)
(49, 178)
(49, 223)
(49, 188)
(49, 193)
(49, 66)
(49, 68)
(49, 72)
(49, 203)
(49, 76)
(49, 205)
(49, 206)
(49, 83)
(49, 220)
(49, 95)
(49, 96)
(49, 99)
(49, 116)
(49, 117)
(49, 247)
(49, 120)
(49, 125)
(49, 126)
(50, 137)
(50, 147)
(50, 149)
(50, 153)
(50, 156)
(50, 172)
(50, 179)
(50, 185)
(50, 194)
(50, 67)
(50, 201)
(50, 75)
(50, 218)
(50, 165)
(50, 228)
(50, 235)
(50, 113)
(50, 243)
(51, 129)
(51, 130)
(51, 136)
(51, 140)
(51, 66)
(51, 147)
(51, 149)
(51, 152)
(51, 158)
(51, 162)
(51, 166)
(51, 172)
(51, 243)
(51, 188)
(51, 83)
(51, 196)
(51, 71)
(51, 76)
(51, 81)
(51, 211)
(51, 223)
(51, 103)
(51, 115)
(51, 126)
(52, 133)
(52, 143)
(52, 155)
(52, 163)
(52, 173)
(52, 181)
(52, 54)
(52, 183)
(52, 184)
(52, 186)
(52, 62)
(52, 193)
(52, 199)
(52, 73)
(52, 205)
(52, 206)
(52, 207)
(52, 82)
(52, 85)
(52, 214)
(52, 220)
(52, 95)
(52, 96)
(52, 99)
(52, 234)
(52, 239)
(52, 241)
(52, 117)
(52, 248)
(52, 121)
(52, 125)
(53, 98)
(53, 231)
(53, 145)
(53, 177)
(53, 106)
(53, 107)
(53, 204)
(53, 157)
(53, 241)
(53, 114)
(53, 180)
(53, 215)
(53, 88)
(53, 249)
(53, 122)
(53, 219)
(53, 124)
(53, 189)
(54, 133)
(54, 65)
(54, 143)
(54, 155)
(54, 163)
(54, 173)
(54, 181)
(54, 184)
(54, 186)
(54, 62)
(54, 193)
(54, 199)
(54, 73)
(54, 205)
(54, 206)
(54, 207)
(54, 82)
(54, 85)
(54, 214)
(54, 220)
(54, 95)
(54, 96)
(54, 99)
(54, 234)
(54, 237)
(54, 239)
(54, 117)
(54, 248)
(54, 121)
(55, 130)
(55, 139)
(55, 144)
(55, 151)
(55, 152)
(55, 64)
(55, 69)
(55, 70)
(55, 71)
(55, 74)
(55, 81)
(55, 213)
(55, 216)
(55, 89)
(55, 91)
(55, 92)
(55, 221)
(55, 227)
(55, 108)
(55, 109)
(55, 244)
(55, 246)
(55, 217)
(55, 123)
(56, 161)
(56, 100)
(56, 232)
(56, 233)
(56, 170)
(56, 236)
(56, 61)
(56, 110)
(56, 175)
(56, 80)
(56, 78)
(56, 151)
(56, 217)
(56, 58)
(56, 60)
(56, 74)
(57, 128)
(57, 133)
(57, 148)
(57, 154)
(57, 164)
(57, 82)
(57, 183)
(57, 184)
(57, 62)
(57, 197)
(57, 199)
(57, 200)
(57, 77)
(57, 207)
(57, 210)
(57, 214)
(57, 222)
(57, 224)
(57, 97)
(57, 105)
(57, 234)
(57, 237)
(57, 239)
(57, 245)
(57, 248)
(57, 121)
(58, 64)
(58, 161)
(58, 100)
(58, 232)
(58, 233)
(58, 170)
(58, 236)
(58, 61)
(58, 110)
(58, 175)
(58, 80)
(58, 78)
(58, 151)
(58, 217)
(58, 60)
(58, 74)
(59, 131)
(59, 135)
(59, 146)
(59, 147)
(59, 162)
(59, 171)
(59, 178)
(59, 192)
(59, 195)
(59, 196)
(59, 202)
(59, 203)
(59, 79)
(59, 208)
(59, 211)
(59, 212)
(59, 225)
(59, 101)
(59, 102)
(59, 111)
(59, 112)
(59, 113)
(59, 115)
(59, 116)
(59, 118)
(59, 247)
(60, 64)
(60, 161)
(60, 100)
(60, 232)
(60, 233)
(60, 170)
(60, 236)
(60, 61)
(60, 110)
(60, 175)
(60, 80)
(60, 78)
(60, 151)
(60, 217)
(60, 74)
(61, 151)
(61, 161)
(61, 170)
(61, 175)
(61, 64)
(61, 74)
(61, 78)
(61, 80)
(61, 217)
(61, 221)
(61, 100)
(61, 232)
(61, 233)
(61, 236)
(61, 110)
(61, 246)
(62, 133)
(62, 143)
(62, 155)
(62, 163)
(62, 173)
(62, 181)
(62, 183)
(62, 184)
(62, 186)
(62, 197)
(62, 199)
(62, 200)
(62, 77)
(62, 206)
(62, 207)
(62, 82)
(62, 214)
(62, 220)
(62, 94)
(62, 95)
(62, 97)
(62, 99)
(62, 105)
(62, 234)
(62, 237)
(62, 239)
(62, 117)
(62, 248)
(62, 121)
(63, 226)
(63, 164)
(63, 198)
(63, 141)
(63, 77)
(63, 210)
(63, 148)
(63, 245)
(63, 182)
(63, 154)
(64, 108)
(64, 144)
(64, 151)
(64, 175)
(64, 69)
(64, 70)
(64, 74)
(64, 78)
(64, 80)
(64, 213)
(64, 216)
(64, 89)
(64, 91)
(64, 221)
(64, 227)
(64, 233)
(64, 236)
(64, 109)
(64, 110)
(64, 246)
(64, 217)
(64, 123)
(65, 163)
(65, 133)
(65, 234)
(65, 173)
(65, 207)
(65, 141)
(65, 245)
(65, 214)
(65, 154)
(65, 155)
(65, 222)
(66, 129)
(66, 134)
(66, 136)
(66, 140)
(66, 152)
(66, 158)
(66, 162)
(66, 166)
(66, 223)
(66, 188)
(66, 193)
(66, 72)
(66, 76)
(66, 211)
(66, 86)
(66, 94)
(66, 95)
(66, 99)
(66, 103)
(66, 83)
(66, 119)
(66, 125)
(66, 126)
(67, 192)
(67, 179)
(67, 230)
(67, 201)
(67, 79)
(67, 113)
(67, 243)
(67, 153)
(67, 137)
(67, 185)
(67, 218)
(67, 156)
(67, 165)
(68, 140)
(68, 145)
(68, 166)
(68, 171)
(68, 177)
(68, 178)
(68, 181)
(68, 186)
(68, 193)
(68, 72)
(68, 73)
(68, 203)
(68, 205)
(68, 206)
(68, 85)
(68, 215)
(68, 88)
(68, 219)
(68, 220)
(68, 95)
(68, 96)
(68, 98)
(68, 99)
(68, 231)
(68, 107)
(68, 241)
(68, 116)
(68, 117)
(68, 247)
(68, 120)
(68, 249)
(68, 125)
(68, 126)
(69, 130)
(69, 136)
(69, 139)
(69, 144)
(69, 151)
(69, 152)
(69, 160)
(69, 70)
(69, 71)
(69, 81)
(69, 213)
(69, 216)
(69, 89)
(69, 91)
(69, 92)
(69, 221)
(69, 227)
(69, 108)
(69, 109)
(69, 244)
(69, 246)
(70, 130)
(70, 144)
(70, 160)
(70, 167)
(70, 169)
(70, 176)
(70, 71)
(70, 81)
(70, 213)
(70, 216)
(70, 89)
(70, 91)
(70, 92)
(70, 108)
(70, 109)
(70, 244)
(70, 246)
(71, 129)
(71, 136)
(71, 130)
(71, 152)
(71, 158)
(71, 172)
(71, 176)
(71, 194)
(71, 81)
(71, 216)
(71, 89)
(71, 91)
(71, 92)
(71, 103)
(71, 108)
(71, 244)
(72, 140)
(72, 146)
(72, 162)
(72, 166)
(72, 171)
(72, 178)
(72, 95)
(72, 188)
(72, 193)
(72, 83)
(72, 195)
(72, 196)
(72, 202)
(72, 203)
(72, 76)
(72, 206)
(72, 211)
(72, 223)
(72, 96)
(72, 99)
(72, 115)
(72, 116)
(72, 247)
(72, 120)
(72, 249)
(72, 125)
(72, 126)
(73, 143)
(73, 163)
(73, 173)
(73, 155)
(73, 181)
(73, 184)
(73, 186)
(73, 193)
(73, 205)
(73, 206)
(73, 85)
(73, 215)
(73, 219)
(73, 220)
(73, 96)
(73, 98)
(73, 107)
(73, 241)
(73, 117)
(74, 139)
(74, 151)
(74, 170)
(74, 175)
(74, 78)
(74, 80)
(74, 84)
(74, 87)
(74, 216)
(74, 217)
(74, 90)
(74, 91)
(74, 221)
(74, 227)
(74, 104)
(74, 233)
(74, 110)
(74, 246)
(74, 123)
(75, 132)
(75, 137)
(75, 138)
(75, 156)
(75, 159)
(75, 167)
(75, 174)
(75, 176)
(75, 179)
(75, 187)
(75, 190)
(75, 191)
(75, 194)
(75, 201)
(75, 218)
(75, 93)
(75, 228)
(75, 230)
(75, 235)
(75, 242)
(76, 129)
(76, 134)
(76, 136)
(76, 140)
(76, 152)
(76, 158)
(76, 162)
(76, 166)
(76, 223)
(76, 188)
(76, 81)
(76, 83)
(76, 86)
(76, 94)
(76, 95)
(76, 99)
(76, 103)
(76, 211)
(76, 119)
(76, 125)
(76, 126)
(77, 128)
(77, 133)
(77, 148)
(77, 154)
(77, 164)
(77, 197)
(77, 198)
(77, 207)
(77, 210)
(77, 222)
(77, 224)
(77, 226)
(77, 105)
(77, 234)
(77, 237)
(77, 239)
(77, 245)
(77, 248)
(77, 121)
(78, 161)
(78, 233)
(78, 236)
(78, 109)
(78, 110)
(78, 175)
(78, 80)
(78, 246)
(78, 151)
(78, 216)
(78, 217)
(78, 221)
(79, 192)
(79, 225)
(79, 131)
(79, 147)
(79, 165)
(79, 102)
(79, 202)
(79, 111)
(79, 113)
(79, 243)
(79, 212)
(79, 153)
(79, 185)
(79, 101)
(80, 151)
(80, 161)
(80, 175)
(80, 216)
(80, 217)
(80, 221)
(80, 100)
(80, 233)
(80, 236)
(80, 109)
(80, 110)
(80, 246)
(81, 129)
(81, 136)
(81, 172)
(81, 130)
(81, 149)
(81, 152)
(81, 158)
(81, 194)
(81, 89)
(81, 91)
(81, 92)
(81, 223)
(81, 103)
(81, 244)
(82, 133)
(82, 134)
(82, 143)
(82, 155)
(82, 183)
(82, 184)
(82, 193)
(82, 197)
(82, 199)
(82, 200)
(82, 206)
(82, 207)
(82, 86)
(82, 220)
(82, 94)
(82, 95)
(82, 97)
(82, 99)
(82, 105)
(82, 234)
(82, 237)
(82, 239)
(82, 117)
(82, 119)
(82, 248)
(82, 121)
(82, 125)
(82, 127)
(83, 129)
(83, 134)
(83, 136)
(83, 140)
(83, 149)
(83, 152)
(83, 158)
(83, 162)
(83, 166)
(83, 223)
(83, 188)
(83, 193)
(83, 196)
(83, 211)
(83, 86)
(83, 95)
(83, 99)
(83, 103)
(83, 115)
(83, 247)
(83, 125)
(83, 126)
(84, 134)
(84, 139)
(84, 152)
(84, 183)
(84, 197)
(84, 200)
(84, 86)
(84, 87)
(84, 217)
(84, 90)
(84, 91)
(84, 221)
(84, 94)
(84, 224)
(84, 97)
(84, 227)
(84, 104)
(84, 119)
(84, 123)
(84, 127)
(85, 143)
(85, 155)
(85, 163)
(85, 173)
(85, 177)
(85, 181)
(85, 184)
(85, 186)
(85, 193)
(85, 205)
(85, 206)
(85, 215)
(85, 219)
(85, 220)
(85, 95)
(85, 96)
(85, 98)
(85, 99)
(85, 107)
(85, 241)
(85, 117)
(86, 134)
(86, 136)
(86, 139)
(86, 152)
(86, 166)
(86, 183)
(86, 197)
(86, 200)
(86, 91)
(86, 94)
(86, 223)
(86, 97)
(86, 99)
(86, 103)
(86, 104)
(86, 119)
(86, 248)
(86, 125)
(86, 127)
(87, 224)
(87, 128)
(87, 168)
(87, 170)
(87, 110)
(87, 240)
(87, 209)
(87, 217)
(87, 90)
(87, 123)
(87, 104)
(87, 127)
(88, 145)
(88, 150)
(88, 157)
(88, 171)
(88, 177)
(88, 180)
(88, 189)
(88, 204)
(88, 215)
(88, 219)
(88, 98)
(88, 231)
(88, 106)
(88, 107)
(88, 241)
(88, 114)
(88, 116)
(88, 120)
(88, 249)
(88, 122)
(88, 124)
(89, 130)
(89, 144)
(89, 160)
(89, 167)
(89, 169)
(89, 174)
(89, 176)
(89, 213)
(89, 216)
(89, 91)
(89, 92)
(89, 108)
(89, 109)
(89, 244)
(89, 246)
(90, 128)
(90, 139)
(90, 170)
(90, 197)
(90, 200)
(90, 209)
(90, 217)
(90, 221)
(90, 224)
(90, 227)
(90, 104)
(90, 110)
(90, 240)
(90, 123)
(90, 127)
(91, 130)
(91, 136)
(91, 139)
(91, 152)
(91, 216)
(91, 217)
(91, 92)
(91, 221)
(91, 227)
(91, 103)
(91, 104)
(91, 244)
(91, 246)
(91, 119)
(91, 123)
(92, 129)
(92, 136)
(92, 130)
(92, 144)
(92, 152)
(92, 158)
(92, 160)
(92, 167)
(92, 172)
(92, 176)
(92, 194)
(92, 213)
(92, 216)
(92, 108)
(92, 109)
(92, 244)
(92, 246)
(93, 194)
(93, 228)
(93, 167)
(93, 201)
(93, 138)
(93, 235)
(93, 174)
(93, 176)
(93, 242)
(93, 137)
(93, 132)
(93, 218)
(93, 187)
(93, 190)
(93, 191)
(94, 134)
(94, 143)
(94, 152)
(94, 183)
(94, 184)
(94, 223)
(94, 197)
(94, 199)
(94, 200)
(94, 206)
(94, 95)
(94, 97)
(94, 99)
(94, 104)
(94, 105)
(94, 239)
(94, 117)
(94, 119)
(94, 248)
(94, 121)
(94, 125)
(94, 127)
(95, 134)
(95, 140)
(95, 143)
(95, 155)
(95, 163)
(95, 166)
(95, 181)
(95, 183)
(95, 184)
(95, 186)
(95, 193)
(95, 199)
(95, 205)
(95, 206)
(95, 220)
(95, 223)
(95, 96)
(95, 99)
(95, 117)
(95, 120)
(95, 125)
(95, 126)
(96, 140)
(96, 143)
(96, 155)
(96, 163)
(96, 166)
(96, 173)
(96, 181)
(96, 184)
(96, 186)
(96, 193)
(96, 199)
(96, 205)
(96, 206)
(96, 220)
(96, 98)
(96, 99)
(96, 241)
(96, 117)
(96, 120)
(96, 125)
(96, 126)
(97, 134)
(97, 183)
(97, 184)
(97, 197)
(97, 199)
(97, 200)
(97, 207)
(97, 224)
(97, 99)
(97, 104)
(97, 105)
(97, 237)
(97, 239)
(97, 119)
(97, 248)
(97, 121)
(97, 127)
(98, 231)
(98, 145)
(98, 177)
(98, 106)
(98, 107)
(98, 205)
(98, 241)
(98, 180)
(98, 215)
(98, 186)
(98, 219)
(98, 122)
(99, 134)
(99, 140)
(99, 143)
(99, 155)
(99, 163)
(99, 166)
(99, 173)
(99, 181)
(99, 183)
(99, 184)
(99, 186)
(99, 193)
(99, 199)
(99, 205)
(99, 206)
(99, 207)
(99, 220)
(99, 223)
(99, 239)
(99, 117)
(99, 119)
(99, 248)
(99, 121)
(99, 125)
(99, 126)
(100, 161)
(100, 232)
(100, 233)
(100, 236)
(101, 131)
(101, 135)
(101, 146)
(101, 171)
(101, 178)
(101, 192)
(101, 195)
(101, 196)
(101, 202)
(101, 208)
(101, 212)
(101, 225)
(101, 102)
(101, 111)
(101, 112)
(101, 113)
(101, 115)
(101, 118)
(102, 131)
(102, 135)
(102, 146)
(102, 147)
(102, 165)
(102, 178)
(102, 243)
(102, 192)
(102, 195)
(102, 196)
(102, 202)
(102, 208)
(102, 212)
(102, 225)
(102, 111)
(102, 112)
(102, 113)
(102, 115)
(102, 118)
(103, 129)
(103, 130)
(103, 134)
(103, 136)
(103, 140)
(103, 152)
(103, 158)
(103, 166)
(103, 172)
(103, 188)
(103, 139)
(103, 211)
(103, 223)
(103, 119)
(104, 128)
(104, 139)
(104, 197)
(104, 200)
(104, 217)
(104, 221)
(104, 224)
(104, 227)
(104, 119)
(104, 123)
(104, 127)
(105, 128)
(105, 133)
(105, 148)
(105, 164)
(105, 183)
(105, 197)
(105, 199)
(105, 200)
(105, 207)
(105, 209)
(105, 210)
(105, 224)
(105, 226)
(105, 237)
(105, 239)
(105, 248)
(105, 121)
(105, 127)
(106, 231)
(106, 145)
(106, 107)
(106, 204)
(106, 142)
(106, 157)
(106, 177)
(106, 114)
(106, 180)
(106, 150)
(106, 215)
(106, 249)
(106, 122)
(106, 219)
(106, 124)
(106, 189)
(107, 145)
(107, 157)
(107, 177)
(107, 180)
(107, 189)
(107, 204)
(107, 205)
(107, 215)
(107, 219)
(107, 231)
(107, 241)
(107, 114)
(107, 249)
(107, 122)
(108, 130)
(108, 144)
(108, 160)
(108, 167)
(108, 169)
(108, 174)
(108, 176)
(108, 187)
(108, 213)
(108, 216)
(108, 109)
(108, 242)
(108, 244)
(108, 246)
(109, 160)
(109, 144)
(109, 169)
(109, 176)
(109, 244)
(109, 213)
(109, 246)
(109, 151)
(109, 216)
(110, 151)
(110, 161)
(110, 170)
(110, 175)
(110, 217)
(110, 221)
(110, 227)
(110, 232)
(110, 233)
(110, 240)
(110, 246)
(110, 123)
(111, 131)
(111, 135)
(111, 146)
(111, 171)
(111, 178)
(111, 192)
(111, 195)
(111, 202)
(111, 208)
(111, 212)
(111, 225)
(111, 112)
(111, 113)
(111, 115)
(111, 118)
(112, 192)
(112, 225)
(112, 195)
(112, 135)
(112, 202)
(112, 171)
(112, 146)
(112, 142)
(112, 208)
(112, 178)
(112, 131)
(112, 212)
(112, 118)
(113, 131)
(113, 147)
(113, 153)
(113, 165)
(113, 243)
(113, 185)
(113, 192)
(113, 202)
(113, 212)
(113, 225)
(113, 115)
(114, 231)
(114, 145)
(114, 204)
(114, 157)
(114, 177)
(114, 180)
(114, 150)
(114, 122)
(114, 219)
(114, 124)
(114, 189)
(115, 131)
(115, 135)
(115, 140)
(115, 146)
(115, 147)
(115, 149)
(115, 162)
(115, 171)
(115, 178)
(115, 188)
(115, 192)
(115, 195)
(115, 196)
(115, 202)
(115, 203)
(115, 208)
(115, 211)
(115, 212)
(115, 243)
(115, 247)
(115, 126)
(116, 135)
(116, 140)
(116, 145)
(116, 146)
(116, 162)
(116, 171)
(116, 178)
(116, 193)
(116, 195)
(116, 196)
(116, 202)
(116, 203)
(116, 208)
(116, 231)
(116, 247)
(116, 120)
(116, 249)
(116, 124)
(116, 126)
(117, 134)
(117, 140)
(117, 143)
(117, 155)
(117, 163)
(117, 166)
(117, 173)
(117, 181)
(117, 183)
(117, 184)
(117, 186)
(117, 193)
(117, 199)
(117, 205)
(117, 206)
(117, 207)
(117, 220)
(117, 239)
(117, 248)
(117, 121)
(117, 125)
(117, 126)
(118, 225)
(118, 195)
(118, 135)
(118, 171)
(118, 146)
(118, 142)
(118, 208)
(118, 178)
(118, 131)
(118, 150)
(118, 249)
(118, 124)
(119, 134)
(119, 136)
(119, 139)
(119, 152)
(119, 183)
(119, 197)
(119, 200)
(119, 223)
(119, 248)
(119, 125)
(119, 127)
(120, 140)
(120, 145)
(120, 146)
(120, 162)
(120, 166)
(120, 171)
(120, 178)
(120, 188)
(120, 193)
(120, 195)
(120, 196)
(120, 203)
(120, 205)
(120, 206)
(120, 231)
(120, 241)
(120, 247)
(120, 249)
(120, 124)
(120, 125)
(120, 126)
(121, 133)
(121, 143)
(121, 148)
(121, 155)
(121, 163)
(121, 173)
(121, 181)
(121, 183)
(121, 184)
(121, 186)
(121, 197)
(121, 199)
(121, 200)
(121, 207)
(121, 210)
(121, 214)
(121, 220)
(121, 222)
(121, 234)
(121, 237)
(121, 239)
(121, 245)
(121, 248)
(122, 142)
(122, 145)
(122, 150)
(122, 157)
(122, 177)
(122, 180)
(122, 189)
(122, 204)
(122, 215)
(122, 219)
(122, 231)
(122, 249)
(122, 124)
(123, 139)
(123, 151)
(123, 175)
(123, 217)
(123, 221)
(123, 227)
(123, 246)
(123, 127)
(124, 135)
(124, 142)
(124, 145)
(124, 150)
(124, 157)
(124, 171)
(124, 177)
(124, 178)
(124, 180)
(124, 189)
(124, 195)
(124, 203)
(124, 204)
(124, 208)
(124, 219)
(124, 231)
(124, 249)
(125, 134)
(125, 140)
(125, 143)
(125, 166)
(125, 181)
(125, 183)
(125, 184)
(125, 186)
(125, 193)
(125, 199)
(125, 205)
(125, 206)
(125, 220)
(125, 223)
(125, 126)
(126, 140)
(126, 146)
(126, 162)
(126, 166)
(126, 171)
(126, 178)
(126, 188)
(126, 193)
(126, 195)
(126, 196)
(126, 202)
(126, 203)
(126, 206)
(126, 211)
(126, 220)
(126, 223)
(126, 247)
(127, 128)
(127, 134)
(127, 139)
(127, 183)
(127, 197)
(127, 200)
(127, 209)
(127, 224)
(127, 227)
(127, 248)
(128, 164)
(128, 168)
(128, 197)
(128, 198)
(128, 200)
(128, 209)
(128, 210)
(128, 224)
(128, 226)
(128, 229)
(128, 240)
(129, 136)
(129, 172)
(129, 194)
(129, 147)
(129, 149)
(129, 152)
(129, 158)
(129, 188)
(129, 130)
(129, 211)
(129, 223)
(129, 244)
(130, 136)
(130, 172)
(130, 149)
(130, 152)
(130, 158)
(130, 167)
(130, 176)
(130, 194)
(130, 244)
(131, 135)
(131, 146)
(131, 147)
(131, 162)
(131, 171)
(131, 178)
(131, 192)
(131, 195)
(131, 196)
(131, 202)
(131, 203)
(131, 208)
(131, 211)
(131, 212)
(131, 225)
(131, 247)
(132, 160)
(132, 228)
(132, 167)
(132, 138)
(132, 235)
(132, 174)
(132, 176)
(132, 242)
(132, 187)
(132, 190)
(132, 191)
(133, 143)
(133, 148)
(133, 154)
(133, 155)
(133, 163)
(133, 173)
(133, 184)
(133, 199)
(133, 207)
(133, 210)
(133, 214)
(133, 222)
(133, 234)
(133, 237)
(133, 239)
(133, 245)
(133, 248)
(134, 136)
(134, 140)
(134, 152)
(134, 166)
(134, 183)
(134, 139)
(134, 197)
(134, 200)
(134, 206)
(134, 223)
(134, 248)
(135, 142)
(135, 146)
(135, 150)
(135, 171)
(135, 178)
(135, 195)
(135, 196)
(135, 202)
(135, 203)
(135, 208)
(135, 212)
(135, 225)
(135, 247)
(135, 249)
(136, 172)
(136, 149)
(136, 152)
(136, 158)
(136, 188)
(136, 139)
(136, 223)
(136, 244)
(137, 138)
(137, 153)
(137, 156)
(137, 159)
(137, 179)
(137, 185)
(137, 194)
(137, 201)
(137, 218)
(137, 228)
(137, 230)
(137, 235)
(137, 238)
(138, 194)
(138, 228)
(138, 167)
(138, 201)
(138, 235)
(138, 174)
(138, 176)
(138, 242)
(138, 179)
(138, 218)
(138, 187)
(138, 190)
(138, 191)
(139, 152)
(139, 200)
(139, 217)
(139, 221)
(139, 227)
(139, 246)
(140, 146)
(140, 162)
(140, 166)
(140, 171)
(140, 178)
(140, 188)
(140, 193)
(140, 196)
(140, 203)
(140, 206)
(140, 211)
(140, 220)
(140, 223)
(140, 247)
(141, 148)
(141, 245)
(141, 182)
(141, 154)
(141, 222)
(142, 225)
(142, 204)
(142, 157)
(142, 208)
(142, 150)
(142, 249)
(142, 189)
(143, 163)
(143, 173)
(143, 155)
(143, 181)
(143, 183)
(143, 184)
(143, 186)
(143, 193)
(143, 199)
(143, 205)
(143, 206)
(143, 207)
(143, 214)
(143, 220)
(143, 234)
(143, 239)
(143, 248)
(144, 160)
(144, 167)
(144, 169)
(144, 174)
(144, 176)
(144, 244)
(144, 213)
(144, 246)
(144, 216)
(145, 157)
(145, 171)
(145, 177)
(145, 180)
(145, 189)
(145, 204)
(145, 215)
(145, 219)
(145, 231)
(145, 241)
(145, 249)
(146, 147)
(146, 162)
(146, 171)
(146, 178)
(146, 188)
(146, 195)
(146, 196)
(146, 202)
(146, 203)
(146, 208)
(146, 211)
(146, 212)
(146, 225)
(146, 247)
(147, 149)
(147, 162)
(147, 178)
(147, 188)
(147, 192)
(147, 195)
(147, 196)
(147, 202)
(147, 211)
(147, 212)
(147, 243)
(148, 154)
(148, 164)
(148, 182)
(148, 198)
(148, 207)
(148, 210)
(148, 214)
(148, 222)
(148, 226)
(148, 234)
(148, 237)
(148, 245)
(149, 158)
(149, 162)
(149, 172)
(149, 179)
(149, 188)
(149, 194)
(149, 196)
(149, 202)
(149, 211)
(149, 212)
(149, 243)
(150, 231)
(150, 204)
(150, 189)
(150, 249)
(150, 157)
(151, 175)
(151, 216)
(151, 217)
(151, 221)
(151, 227)
(151, 233)
(151, 236)
(151, 246)
(152, 158)
(152, 223)
(152, 227)
(152, 244)
(153, 192)
(153, 179)
(153, 230)
(153, 201)
(153, 243)
(153, 185)
(153, 218)
(153, 156)
(153, 165)
(154, 164)
(154, 182)
(154, 207)
(154, 210)
(154, 214)
(154, 222)
(154, 234)
(154, 237)
(154, 245)
(155, 163)
(155, 173)
(155, 181)
(155, 184)
(155, 186)
(155, 193)
(155, 199)
(155, 205)
(155, 206)
(155, 207)
(155, 214)
(155, 220)
(155, 234)
(155, 239)
(155, 241)
(156, 228)
(156, 165)
(156, 230)
(156, 201)
(156, 235)
(156, 238)
(156, 179)
(156, 185)
(156, 218)
(156, 159)
(157, 231)
(157, 204)
(157, 177)
(157, 180)
(157, 249)
(157, 219)
(157, 189)
(158, 172)
(158, 188)
(158, 194)
(158, 211)
(158, 223)
(158, 244)
(159, 228)
(159, 230)
(159, 201)
(159, 238)
(159, 218)
(160, 167)
(160, 169)
(160, 174)
(160, 176)
(160, 242)
(160, 244)
(160, 213)
(160, 216)
(160, 187)
(160, 191)
(161, 232)
(161, 233)
(161, 170)
(161, 236)
(161, 175)
(162, 166)
(162, 171)
(162, 178)
(162, 188)
(162, 195)
(162, 196)
(162, 202)
(162, 203)
(162, 211)
(162, 212)
(162, 223)
(162, 247)
(163, 173)
(163, 181)
(163, 184)
(163, 186)
(163, 193)
(163, 199)
(163, 205)
(163, 206)
(163, 207)
(163, 214)
(163, 220)
(163, 234)
(163, 239)
(163, 241)
(164, 197)
(164, 198)
(164, 209)
(164, 210)
(164, 224)
(164, 226)
(164, 229)
(164, 237)
(164, 248)
(165, 192)
(165, 243)
(165, 212)
(165, 185)
(166, 196)
(166, 188)
(166, 193)
(166, 203)
(166, 206)
(166, 211)
(166, 220)
(166, 223)
(166, 247)
(167, 176)
(167, 174)
(167, 187)
(167, 190)
(167, 191)
(167, 194)
(167, 213)
(167, 228)
(167, 235)
(167, 242)
(167, 244)
(168, 224)
(168, 229)
(168, 170)
(168, 240)
(168, 209)
(169, 174)
(169, 176)
(169, 213)
(169, 216)
(170, 232)
(170, 175)
(170, 240)
(170, 217)
(171, 196)
(171, 178)
(171, 195)
(171, 202)
(171, 203)
(171, 208)
(171, 231)
(171, 247)
(171, 249)
(172, 179)
(172, 194)
(172, 243)
(172, 244)
(173, 181)
(173, 184)
(173, 186)
(173, 193)
(173, 199)
(173, 205)
(173, 206)
(173, 207)
(173, 214)
(173, 220)
(173, 234)
(173, 239)
(173, 241)
(174, 228)
(174, 235)
(174, 176)
(174, 242)
(174, 213)
(174, 187)
(174, 190)
(174, 191)
(175, 217)
(175, 221)
(175, 227)
(175, 232)
(175, 233)
(175, 236)
(175, 246)
(176, 187)
(176, 190)
(176, 191)
(176, 194)
(176, 213)
(176, 228)
(176, 235)
(176, 242)
(176, 244)
(177, 180)
(177, 189)
(177, 204)
(177, 215)
(177, 219)
(177, 231)
(177, 241)
(177, 249)
(178, 196)
(178, 188)
(178, 195)
(178, 202)
(178, 203)
(178, 208)
(178, 211)
(178, 212)
(178, 225)
(178, 247)
(178, 249)
(179, 185)
(179, 194)
(179, 201)
(179, 218)
(179, 228)
(179, 235)
(179, 243)
(180, 231)
(180, 204)
(180, 241)
(180, 215)
(180, 249)
(180, 219)
(180, 189)
(181, 184)
(181, 186)
(181, 193)
(181, 199)
(181, 205)
(181, 206)
(181, 207)
(181, 214)
(181, 220)
(181, 234)
(181, 239)
(181, 241)
(182, 210)
(182, 245)
(182, 222)
(183, 184)
(183, 197)
(183, 199)
(183, 200)
(183, 206)
(183, 207)
(183, 220)
(183, 239)
(183, 248)
(184, 186)
(184, 193)
(184, 199)
(184, 205)
(184, 206)
(184, 207)
(184, 214)
(184, 220)
(184, 234)
(184, 237)
(184, 239)
(184, 248)
(185, 192)
(185, 230)
(185, 201)
(185, 243)
(185, 218)
(186, 193)
(186, 199)
(186, 205)
(186, 206)
(186, 207)
(186, 214)
(186, 220)
(186, 234)
(186, 239)
(186, 241)
(187, 228)
(187, 235)
(187, 242)
(187, 213)
(187, 190)
(187, 191)
(188, 196)
(188, 202)
(188, 203)
(188, 211)
(188, 223)
(188, 247)
(189, 231)
(189, 204)
(189, 249)
(189, 219)
(190, 228)
(190, 235)
(190, 242)
(190, 218)
(190, 191)
(191, 235)
(191, 228)
(191, 242)
(192, 202)
(192, 212)
(192, 225)
(192, 243)
(193, 199)
(193, 203)
(193, 205)
(193, 206)
(193, 220)
(193, 241)
(193, 247)
(194, 201)
(194, 228)
(194, 235)
(194, 242)
(194, 243)
(195, 196)
(195, 202)
(195, 203)
(195, 208)
(195, 211)
(195, 212)
(195, 225)
(195, 247)
(195, 249)
(196, 243)
(196, 202)
(196, 203)
(196, 208)
(196, 212)
(196, 211)
(196, 247)
(197, 199)
(197, 200)
(197, 207)
(197, 224)
(197, 237)
(197, 239)
(197, 248)
(198, 226)
(198, 229)
(198, 209)
(198, 210)
(199, 200)
(199, 206)
(199, 207)
(199, 214)
(199, 220)
(199, 234)
(199, 237)
(199, 239)
(199, 248)
(200, 207)
(200, 224)
(200, 239)
(200, 248)
(201, 228)
(201, 230)
(201, 235)
(201, 218)
(202, 243)
(202, 203)
(202, 208)
(202, 211)
(202, 212)
(202, 225)
(202, 247)
(203, 208)
(203, 211)
(203, 231)
(203, 247)
(203, 249)
(204, 231)
(204, 249)
(204, 219)
(205, 206)
(205, 215)
(205, 219)
(205, 220)
(205, 241)
(206, 220)
(206, 239)
(207, 210)
(207, 214)
(207, 220)
(207, 222)
(207, 234)
(207, 237)
(207, 239)
(207, 245)
(207, 248)
(208, 212)
(208, 225)
(208, 247)
(208, 249)
(209, 224)
(209, 226)
(209, 229)
(209, 240)
(210, 222)
(210, 226)
(210, 229)
(210, 237)
(210, 245)
(210, 248)
(211, 243)
(211, 212)
(211, 223)
(211, 247)
(212, 243)
(212, 225)
(213, 244)
(213, 246)
(213, 216)
(214, 222)
(214, 234)
(214, 237)
(214, 239)
(214, 245)
(214, 248)
(215, 231)
(215, 241)
(215, 219)
(216, 221)
(216, 227)
(216, 244)
(216, 246)
(217, 221)
(217, 227)
(217, 233)
(217, 246)
(218, 228)
(218, 230)
(218, 235)
(218, 238)
(219, 231)
(219, 241)
(219, 249)
(220, 239)
(220, 241)
(221, 227)
(221, 246)
(222, 234)
(222, 237)
(222, 245)
(224, 226)
(224, 229)
(224, 240)
(226, 229)
(227, 244)
(227, 246)
(228, 235)
(228, 242)
(229, 240)
(230, 238)
(231, 241)
(231, 249)
(232, 233)
(232, 240)
(233, 236)
(233, 246)
(234, 237)
(234, 239)
(234, 245)
(234, 248)
(235, 242)
(237, 239)
(237, 245)
(237, 248)
(239, 248)
(244, 246)
(247, 249)
