#Nodes
0
1
2
3
4
5
6
7
8
9
10
11
12
13
14
15
16
17
18
19
20
21
22
23
24
25
26
27
28
29
30
31
32
33
34
35
36
37
38
39
40
41
42
43
44
45
46
47
48
49
50
51
52
53
54
55
56
57
58
59
60
61
62
63
64
65
66
67
68
69
70
71
72
73
74
75
76
77
78
79
80
81
82
83
84
85
86
87
88
89
90
91
92
93
94
95
96
97
98
99
100
101
102
103
104
105
106
107
108
109
110
111
112
113
114
115
116
117
118
119
120
121
122
123
124
125
126
127
128
129
130
131
132
133
134
135
136
137
138
139
140
141
142
143
144
145
146
147
148
149
150
151
152
153
154
155
156
157
158
159
160
161
162
163
164
165
166
167
168
169
170
171
172
173
174
175
176
177
178
179
180
181
182
183
184
185
186
187
188
189
190
191
192
193
194
195
196
197
198
199
200
201
202
203
204
205
206
207
208
209
210
211
212
213
214
215
216
217
218
219
220
221
222
223
224
225
226
227
228
229
230
231
232
233
234
235
236
237
238
239
240
241
242
243
244
245
246
247
248
249
#Edges
(0, 136)
(0, 139)
(0, 144)
(0, 149)
(0, 22)
(0, 28)
(0, 159)
(0, 162)
(0, 40)
(0, 43)
(0, 49)
(0, 58)
(0, 189)
(0, 63)
(0, 200)
(0, 79)
(0, 211)
(0, 84)
(0, 213)
(0, 86)
(0, 88)
(0, 93)
(0, 223)
(0, 96)
(0, 226)
(0, 99)
(0, 228)
(0, 232)
(0, 107)
(0, 117)
(0, 118)
(0, 120)
(0, 121)
(1, 131)
(1, 132)
(1, 15)
(1, 145)
(1, 146)
(1, 20)
(1, 151)
(1, 24)
(1, 4)
(1, 155)
(1, 160)
(1, 161)
(1, 164)
(1, 166)
(1, 167)
(1, 41)
(1, 42)
(1, 172)
(1, 174)
(1, 176)
(1, 179)
(1, 73)
(1, 186)
(1, 62)
(1, 32)
(1, 195)
(1, 76)
(1, 204)
(1, 205)
(1, 82)
(1, 214)
(1, 233)
(1, 108)
(1, 18)
(1, 122)
(1, 124)
(1, 125)
(1, 127)
(2, 3)
(2, 4)
(2, 134)
(2, 7)
(2, 11)
(2, 14)
(2, 238)
(2, 24)
(2, 165)
(2, 166)
(2, 169)
(2, 174)
(2, 50)
(2, 188)
(2, 67)
(2, 71)
(2, 203)
(2, 205)
(2, 78)
(2, 214)
(2, 91)
(2, 222)
(2, 110)
(3, 134)
(3, 7)
(3, 11)
(3, 12)
(3, 14)
(3, 15)
(3, 165)
(3, 168)
(3, 46)
(3, 50)
(3, 180)
(3, 71)
(3, 202)
(3, 78)
(3, 209)
(3, 214)
(3, 91)
(3, 222)
(3, 97)
(3, 229)
(3, 234)
(3, 242)
(3, 244)
(4, 134)
(4, 12)
(4, 14)
(4, 15)
(4, 145)
(4, 146)
(4, 67)
(4, 20)
(4, 110)
(4, 24)
(4, 155)
(4, 161)
(4, 166)
(4, 169)
(4, 42)
(4, 172)
(4, 174)
(4, 179)
(4, 180)
(4, 62)
(4, 195)
(4, 71)
(4, 203)
(4, 205)
(4, 206)
(4, 82)
(4, 214)
(4, 91)
(4, 231)
(4, 238)
(4, 122)
(4, 124)
(4, 125)
(4, 127)
(5, 64)
(5, 65)
(5, 187)
(5, 68)
(5, 37)
(5, 48)
(5, 104)
(5, 105)
(5, 87)
(5, 109)
(5, 112)
(5, 72)
(5, 212)
(5, 182)
(5, 119)
(5, 39)
(5, 26)
(5, 123)
(5, 156)
(6, 224)
(6, 193)
(6, 83)
(6, 227)
(6, 196)
(6, 133)
(6, 103)
(6, 23)
(6, 192)
(6, 173)
(6, 34)
(6, 113)
(6, 114)
(6, 115)
(6, 247)
(6, 33)
(6, 27)
(6, 190)
(7, 67)
(7, 165)
(7, 134)
(7, 71)
(7, 169)
(7, 11)
(7, 14)
(7, 50)
(7, 91)
(7, 188)
(7, 222)
(8, 225)
(8, 130)
(8, 99)
(8, 36)
(8, 70)
(8, 200)
(8, 80)
(8, 76)
(8, 13)
(8, 189)
(8, 144)
(8, 211)
(8, 116)
(8, 213)
(8, 150)
(8, 249)
(8, 159)
(8, 28)
(8, 221)
(8, 158)
(8, 191)
(9, 193)
(9, 98)
(9, 115)
(9, 33)
(9, 177)
(9, 202)
(9, 103)
(9, 173)
(9, 111)
(9, 34)
(9, 241)
(9, 210)
(9, 243)
(9, 247)
(9, 47)
(9, 61)
(9, 190)
(10, 139)
(10, 38)
(10, 137)
(10, 170)
(10, 171)
(10, 77)
(10, 43)
(10, 51)
(10, 55)
(10, 217)
(10, 59)
(11, 67)
(11, 165)
(11, 134)
(11, 71)
(11, 169)
(11, 78)
(11, 50)
(11, 14)
(11, 91)
(11, 188)
(11, 222)
(12, 128)
(12, 142)
(12, 15)
(12, 145)
(12, 19)
(12, 20)
(12, 46)
(12, 150)
(12, 160)
(12, 91)
(12, 167)
(12, 168)
(12, 42)
(12, 45)
(12, 174)
(12, 179)
(12, 180)
(12, 73)
(12, 62)
(12, 195)
(12, 71)
(12, 201)
(12, 76)
(12, 205)
(12, 78)
(12, 209)
(12, 14)
(12, 214)
(12, 219)
(12, 97)
(12, 229)
(12, 234)
(12, 242)
(12, 246)
(12, 124)
(13, 128)
(13, 130)
(13, 131)
(13, 142)
(13, 19)
(13, 150)
(13, 158)
(13, 160)
(13, 36)
(13, 167)
(13, 45)
(13, 47)
(13, 73)
(13, 191)
(13, 70)
(13, 201)
(13, 76)
(13, 80)
(13, 219)
(13, 221)
(13, 225)
(13, 98)
(13, 116)
(13, 246)
(13, 247)
(13, 249)
(13, 124)
(14, 134)
(14, 15)
(14, 67)
(14, 46)
(14, 165)
(14, 166)
(14, 168)
(14, 169)
(14, 174)
(14, 50)
(14, 180)
(14, 62)
(14, 195)
(14, 71)
(14, 201)
(14, 205)
(14, 78)
(14, 209)
(14, 214)
(14, 91)
(14, 222)
(14, 97)
(14, 229)
(14, 244)
(15, 128)
(15, 131)
(15, 142)
(15, 145)
(15, 146)
(15, 19)
(15, 20)
(15, 150)
(15, 24)
(15, 160)
(15, 91)
(15, 166)
(15, 167)
(15, 168)
(15, 42)
(15, 174)
(15, 179)
(15, 180)
(15, 73)
(15, 186)
(15, 62)
(15, 195)
(15, 71)
(15, 201)
(15, 76)
(15, 205)
(15, 82)
(15, 214)
(15, 219)
(15, 97)
(15, 229)
(15, 234)
(15, 246)
(15, 124)
(15, 127)
(16, 149)
(16, 139)
(16, 102)
(16, 230)
(16, 232)
(16, 171)
(16, 236)
(16, 79)
(16, 136)
(16, 75)
(16, 107)
(16, 213)
(16, 56)
(16, 88)
(16, 58)
(16, 223)
(17, 132)
(17, 138)
(17, 141)
(17, 147)
(17, 148)
(17, 21)
(17, 26)
(17, 90)
(17, 30)
(17, 31)
(17, 32)
(17, 163)
(17, 164)
(17, 39)
(17, 41)
(17, 175)
(17, 176)
(17, 184)
(17, 57)
(17, 60)
(17, 74)
(17, 204)
(17, 207)
(17, 85)
(17, 215)
(17, 216)
(17, 218)
(17, 101)
(17, 233)
(17, 106)
(17, 108)
(17, 237)
(17, 112)
(17, 245)
(17, 126)
(18, 130)
(18, 131)
(18, 132)
(18, 141)
(18, 145)
(18, 146)
(18, 20)
(18, 151)
(18, 158)
(18, 160)
(18, 167)
(18, 42)
(18, 176)
(18, 179)
(18, 73)
(18, 184)
(18, 186)
(18, 62)
(18, 191)
(18, 32)
(18, 76)
(18, 204)
(18, 82)
(18, 89)
(18, 218)
(18, 101)
(18, 116)
(18, 124)
(18, 127)
(19, 128)
(19, 130)
(19, 131)
(19, 142)
(19, 20)
(19, 150)
(19, 158)
(19, 167)
(19, 168)
(19, 42)
(19, 45)
(19, 47)
(19, 179)
(19, 180)
(19, 73)
(19, 70)
(19, 97)
(19, 201)
(19, 202)
(19, 76)
(19, 80)
(19, 209)
(19, 210)
(19, 214)
(19, 219)
(19, 221)
(19, 225)
(19, 98)
(19, 229)
(19, 234)
(19, 111)
(19, 242)
(19, 246)
(19, 249)
(19, 124)
(20, 128)
(20, 130)
(20, 131)
(20, 145)
(20, 146)
(20, 150)
(20, 151)
(20, 24)
(20, 160)
(20, 166)
(20, 167)
(20, 42)
(20, 174)
(20, 176)
(20, 179)
(20, 180)
(20, 73)
(20, 186)
(20, 62)
(20, 195)
(20, 201)
(20, 76)
(20, 205)
(20, 82)
(20, 214)
(20, 219)
(20, 97)
(20, 229)
(20, 124)
(20, 127)
(21, 147)
(21, 148)
(21, 152)
(21, 26)
(21, 156)
(21, 29)
(21, 30)
(21, 163)
(21, 164)
(21, 39)
(21, 41)
(21, 48)
(21, 183)
(21, 57)
(21, 66)
(21, 69)
(21, 204)
(21, 81)
(21, 87)
(21, 94)
(21, 105)
(21, 108)
(21, 237)
(21, 112)
(21, 233)
(21, 123)
(22, 43)
(22, 136)
(22, 139)
(22, 144)
(22, 149)
(22, 159)
(22, 162)
(22, 40)
(22, 171)
(22, 49)
(22, 55)
(22, 58)
(22, 63)
(22, 200)
(22, 79)
(22, 211)
(22, 84)
(22, 213)
(22, 86)
(22, 88)
(22, 93)
(22, 223)
(22, 96)
(22, 226)
(22, 99)
(22, 228)
(22, 102)
(22, 232)
(22, 107)
(22, 117)
(22, 118)
(22, 120)
(22, 121)
(23, 224)
(23, 144)
(23, 133)
(23, 230)
(23, 200)
(23, 75)
(23, 236)
(23, 240)
(23, 113)
(23, 114)
(23, 211)
(23, 213)
(23, 56)
(24, 140)
(24, 145)
(24, 146)
(24, 67)
(24, 110)
(24, 154)
(24, 155)
(24, 161)
(24, 166)
(24, 169)
(24, 42)
(24, 172)
(24, 174)
(24, 176)
(24, 179)
(24, 53)
(24, 183)
(24, 62)
(24, 195)
(24, 203)
(24, 205)
(24, 206)
(24, 82)
(24, 214)
(24, 91)
(24, 231)
(24, 238)
(24, 122)
(24, 125)
(24, 127)
(25, 143)
(25, 153)
(25, 28)
(25, 35)
(25, 40)
(25, 49)
(25, 181)
(25, 54)
(25, 60)
(25, 189)
(25, 117)
(25, 194)
(25, 198)
(25, 74)
(25, 207)
(25, 120)
(25, 84)
(25, 85)
(25, 86)
(25, 215)
(25, 216)
(25, 90)
(25, 93)
(25, 95)
(25, 96)
(25, 228)
(25, 106)
(25, 245)
(25, 118)
(25, 248)
(25, 63)
(26, 109)
(26, 147)
(26, 148)
(26, 152)
(26, 156)
(26, 29)
(26, 30)
(26, 163)
(26, 164)
(26, 39)
(26, 41)
(26, 48)
(26, 57)
(26, 66)
(26, 68)
(26, 72)
(26, 81)
(26, 87)
(26, 94)
(26, 233)
(26, 108)
(26, 237)
(26, 112)
(26, 105)
(26, 123)
(27, 224)
(27, 193)
(27, 83)
(27, 227)
(27, 196)
(27, 133)
(27, 103)
(27, 192)
(27, 173)
(27, 34)
(27, 113)
(27, 114)
(27, 115)
(27, 33)
(28, 141)
(28, 143)
(28, 144)
(28, 158)
(28, 159)
(28, 35)
(28, 36)
(28, 40)
(28, 49)
(28, 189)
(28, 191)
(28, 200)
(28, 84)
(28, 216)
(28, 89)
(28, 95)
(28, 96)
(28, 99)
(28, 228)
(28, 106)
(28, 116)
(28, 117)
(28, 118)
(28, 120)
(28, 121)
(29, 66)
(29, 164)
(29, 69)
(29, 39)
(29, 233)
(29, 30)
(29, 108)
(29, 81)
(29, 147)
(29, 41)
(29, 183)
(29, 152)
(29, 57)
(29, 154)
(29, 155)
(29, 94)
(30, 147)
(30, 148)
(30, 152)
(30, 156)
(30, 163)
(30, 164)
(30, 39)
(30, 41)
(30, 48)
(30, 183)
(30, 57)
(30, 66)
(30, 69)
(30, 204)
(30, 81)
(30, 87)
(30, 94)
(30, 233)
(30, 108)
(30, 112)
(31, 132)
(31, 138)
(31, 141)
(31, 143)
(31, 147)
(31, 148)
(31, 151)
(31, 90)
(31, 32)
(31, 163)
(31, 164)
(31, 39)
(31, 41)
(31, 175)
(31, 184)
(31, 60)
(31, 65)
(31, 74)
(31, 204)
(31, 207)
(31, 85)
(31, 215)
(31, 216)
(31, 89)
(31, 218)
(31, 95)
(31, 101)
(31, 233)
(31, 106)
(31, 108)
(31, 237)
(31, 112)
(31, 245)
(31, 126)
(32, 131)
(32, 132)
(32, 138)
(32, 141)
(32, 143)
(32, 145)
(32, 146)
(32, 147)
(32, 148)
(32, 151)
(32, 160)
(32, 163)
(32, 164)
(32, 41)
(32, 42)
(32, 176)
(32, 179)
(32, 184)
(32, 186)
(32, 191)
(32, 74)
(32, 204)
(32, 207)
(32, 82)
(32, 215)
(32, 216)
(32, 89)
(32, 218)
(32, 101)
(32, 233)
(32, 106)
(32, 108)
(32, 237)
(32, 126)
(32, 127)
(33, 224)
(33, 193)
(33, 98)
(33, 115)
(33, 177)
(33, 103)
(33, 173)
(33, 111)
(33, 34)
(33, 241)
(33, 210)
(33, 243)
(33, 247)
(33, 83)
(33, 249)
(33, 47)
(33, 190)
(34, 45)
(34, 173)
(34, 47)
(34, 177)
(34, 243)
(34, 190)
(34, 193)
(34, 210)
(34, 83)
(34, 221)
(34, 224)
(34, 98)
(34, 103)
(34, 111)
(34, 241)
(34, 115)
(34, 247)
(34, 249)
(35, 141)
(35, 143)
(35, 151)
(35, 36)
(35, 40)
(35, 49)
(35, 184)
(35, 60)
(35, 189)
(35, 191)
(35, 74)
(35, 207)
(35, 84)
(35, 85)
(35, 215)
(35, 216)
(35, 89)
(35, 218)
(35, 93)
(35, 95)
(35, 96)
(35, 99)
(35, 228)
(35, 101)
(35, 106)
(35, 116)
(35, 117)
(35, 118)
(35, 120)
(36, 130)
(36, 131)
(36, 141)
(36, 144)
(36, 150)
(36, 151)
(36, 158)
(36, 159)
(36, 160)
(36, 167)
(36, 189)
(36, 191)
(36, 70)
(36, 200)
(36, 76)
(36, 80)
(36, 211)
(36, 89)
(36, 221)
(36, 225)
(36, 99)
(36, 116)
(37, 64)
(37, 129)
(37, 187)
(37, 68)
(37, 65)
(37, 104)
(37, 105)
(37, 87)
(37, 109)
(37, 48)
(37, 72)
(37, 212)
(37, 182)
(37, 119)
(37, 123)
(37, 156)
(38, 43)
(38, 137)
(38, 139)
(38, 107)
(38, 157)
(38, 162)
(38, 170)
(38, 171)
(38, 44)
(38, 51)
(38, 52)
(38, 181)
(38, 55)
(38, 59)
(38, 63)
(38, 197)
(38, 77)
(38, 86)
(38, 217)
(38, 226)
(38, 235)
(38, 239)
(39, 132)
(39, 138)
(39, 147)
(39, 148)
(39, 152)
(39, 156)
(39, 163)
(39, 164)
(39, 41)
(39, 175)
(39, 48)
(39, 57)
(39, 187)
(39, 65)
(39, 66)
(39, 72)
(39, 74)
(39, 204)
(39, 81)
(39, 87)
(39, 94)
(39, 233)
(39, 108)
(39, 237)
(39, 112)
(39, 245)
(39, 105)
(39, 123)
(39, 126)
(40, 139)
(40, 144)
(40, 159)
(40, 162)
(40, 49)
(40, 58)
(40, 189)
(40, 63)
(40, 200)
(40, 79)
(40, 84)
(40, 213)
(40, 86)
(40, 88)
(40, 93)
(40, 223)
(40, 96)
(40, 226)
(40, 99)
(40, 228)
(40, 232)
(40, 107)
(40, 117)
(40, 118)
(40, 120)
(40, 121)
(41, 132)
(41, 138)
(41, 146)
(41, 147)
(41, 148)
(41, 152)
(41, 155)
(41, 161)
(41, 163)
(41, 164)
(41, 176)
(41, 183)
(41, 184)
(41, 57)
(41, 66)
(41, 69)
(41, 204)
(41, 81)
(41, 218)
(41, 94)
(41, 101)
(41, 233)
(41, 108)
(41, 237)
(41, 112)
(41, 126)
(41, 127)
(42, 128)
(42, 130)
(42, 131)
(42, 145)
(42, 146)
(42, 150)
(42, 151)
(42, 160)
(42, 166)
(42, 167)
(42, 172)
(42, 174)
(42, 176)
(42, 179)
(42, 180)
(42, 73)
(42, 186)
(42, 62)
(42, 191)
(42, 195)
(42, 201)
(42, 76)
(42, 205)
(42, 82)
(42, 214)
(42, 219)
(42, 97)
(42, 229)
(42, 124)
(42, 127)
(43, 107)
(43, 137)
(43, 139)
(43, 149)
(43, 157)
(43, 162)
(43, 170)
(43, 171)
(43, 44)
(43, 51)
(43, 52)
(43, 181)
(43, 55)
(43, 59)
(43, 63)
(43, 197)
(43, 77)
(43, 84)
(43, 86)
(43, 217)
(43, 96)
(43, 226)
(43, 232)
(43, 235)
(43, 239)
(44, 226)
(44, 59)
(44, 77)
(44, 197)
(44, 135)
(44, 54)
(44, 170)
(44, 235)
(44, 162)
(44, 93)
(44, 239)
(44, 208)
(44, 52)
(44, 181)
(44, 86)
(44, 248)
(44, 63)
(44, 157)
(44, 117)
(45, 128)
(45, 130)
(45, 142)
(45, 150)
(45, 158)
(45, 167)
(45, 47)
(45, 180)
(45, 73)
(45, 190)
(45, 70)
(45, 97)
(45, 201)
(45, 202)
(45, 76)
(45, 80)
(45, 210)
(45, 219)
(45, 221)
(45, 225)
(45, 98)
(45, 229)
(45, 234)
(45, 111)
(45, 115)
(45, 246)
(45, 247)
(45, 249)
(45, 124)
(46, 128)
(46, 97)
(46, 229)
(46, 71)
(46, 168)
(46, 234)
(46, 142)
(46, 61)
(46, 209)
(46, 242)
(46, 243)
(46, 244)
(46, 78)
(46, 246)
(46, 180)
(46, 202)
(47, 128)
(47, 142)
(47, 150)
(47, 167)
(47, 173)
(47, 177)
(47, 115)
(47, 73)
(47, 61)
(47, 190)
(47, 70)
(47, 97)
(47, 201)
(47, 202)
(47, 80)
(47, 209)
(47, 210)
(47, 219)
(47, 221)
(47, 225)
(47, 98)
(47, 229)
(47, 234)
(47, 111)
(47, 241)
(47, 242)
(47, 243)
(47, 246)
(47, 247)
(47, 249)
(48, 64)
(48, 123)
(48, 68)
(48, 104)
(48, 105)
(48, 87)
(48, 109)
(48, 112)
(48, 81)
(48, 212)
(48, 119)
(48, 152)
(48, 72)
(48, 187)
(48, 156)
(49, 143)
(49, 162)
(49, 52)
(49, 181)
(49, 58)
(49, 223)
(49, 189)
(49, 63)
(49, 194)
(49, 84)
(49, 86)
(49, 88)
(49, 93)
(49, 95)
(49, 96)
(49, 226)
(49, 99)
(49, 228)
(49, 107)
(49, 117)
(49, 118)
(49, 120)
(49, 121)
(50, 67)
(50, 165)
(50, 134)
(50, 71)
(50, 169)
(50, 78)
(50, 91)
(50, 188)
(50, 222)
(51, 226)
(51, 139)
(51, 102)
(51, 232)
(51, 137)
(51, 170)
(51, 171)
(51, 162)
(51, 77)
(51, 107)
(51, 52)
(51, 149)
(51, 55)
(51, 217)
(51, 59)
(52, 135)
(52, 137)
(52, 139)
(52, 157)
(52, 162)
(52, 170)
(52, 171)
(52, 181)
(52, 54)
(52, 55)
(52, 59)
(52, 63)
(52, 197)
(52, 77)
(52, 84)
(52, 86)
(52, 93)
(52, 96)
(52, 226)
(52, 228)
(52, 235)
(52, 239)
(52, 117)
(52, 118)
(53, 67)
(53, 166)
(53, 231)
(53, 169)
(53, 122)
(53, 203)
(53, 172)
(53, 110)
(53, 206)
(53, 140)
(53, 238)
(53, 154)
(53, 91)
(53, 125)
(54, 135)
(54, 153)
(54, 157)
(54, 178)
(54, 181)
(54, 59)
(54, 194)
(54, 197)
(54, 198)
(54, 208)
(54, 228)
(54, 92)
(54, 93)
(54, 100)
(54, 235)
(54, 239)
(54, 117)
(54, 118)
(54, 248)
(55, 136)
(55, 137)
(55, 139)
(55, 149)
(55, 162)
(55, 170)
(55, 171)
(55, 59)
(55, 197)
(55, 77)
(55, 86)
(55, 88)
(55, 217)
(55, 226)
(55, 102)
(55, 232)
(55, 107)
(56, 230)
(56, 136)
(56, 75)
(56, 236)
(56, 79)
(56, 240)
(56, 211)
(56, 213)
(57, 132)
(57, 147)
(57, 152)
(57, 154)
(57, 155)
(57, 161)
(57, 164)
(57, 176)
(57, 183)
(57, 66)
(57, 69)
(57, 204)
(57, 81)
(57, 94)
(57, 233)
(57, 108)
(57, 112)
(57, 122)
(57, 125)
(57, 127)
(58, 136)
(58, 139)
(58, 144)
(58, 149)
(58, 159)
(58, 162)
(58, 189)
(58, 63)
(58, 200)
(58, 75)
(58, 79)
(58, 211)
(58, 84)
(58, 213)
(58, 86)
(58, 88)
(58, 223)
(58, 96)
(58, 226)
(58, 99)
(58, 228)
(58, 232)
(58, 107)
(58, 118)
(58, 120)
(58, 121)
(59, 135)
(59, 137)
(59, 139)
(59, 157)
(59, 162)
(59, 170)
(59, 171)
(59, 181)
(59, 63)
(59, 197)
(59, 77)
(59, 84)
(59, 86)
(59, 217)
(59, 93)
(59, 96)
(59, 226)
(59, 235)
(59, 239)
(59, 117)
(59, 118)
(60, 138)
(60, 141)
(60, 143)
(60, 148)
(60, 153)
(60, 90)
(60, 163)
(60, 175)
(60, 184)
(60, 185)
(60, 65)
(60, 194)
(60, 198)
(60, 199)
(60, 74)
(60, 207)
(60, 85)
(60, 215)
(60, 216)
(60, 89)
(60, 218)
(60, 220)
(60, 95)
(60, 101)
(60, 106)
(60, 237)
(60, 245)
(60, 120)
(60, 126)
(61, 128)
(61, 209)
(61, 168)
(61, 177)
(61, 234)
(61, 210)
(61, 142)
(61, 111)
(61, 241)
(61, 242)
(61, 243)
(61, 244)
(61, 246)
(61, 202)
(61, 190)
(62, 145)
(62, 146)
(62, 155)
(62, 160)
(62, 161)
(62, 91)
(62, 166)
(62, 167)
(62, 172)
(62, 174)
(62, 176)
(62, 179)
(62, 180)
(62, 73)
(62, 186)
(62, 195)
(62, 71)
(62, 201)
(62, 203)
(62, 205)
(62, 82)
(62, 214)
(62, 219)
(62, 97)
(62, 229)
(62, 110)
(62, 122)
(62, 124)
(62, 125)
(62, 127)
(63, 139)
(63, 162)
(63, 181)
(63, 194)
(63, 197)
(63, 79)
(63, 84)
(63, 86)
(63, 88)
(63, 93)
(63, 223)
(63, 96)
(63, 226)
(63, 228)
(63, 107)
(63, 239)
(63, 117)
(63, 118)
(63, 120)
(63, 121)
(64, 187)
(64, 68)
(64, 104)
(64, 105)
(64, 87)
(64, 109)
(64, 72)
(64, 212)
(64, 119)
(64, 123)
(64, 156)
(65, 129)
(65, 138)
(65, 87)
(65, 148)
(65, 163)
(65, 175)
(65, 182)
(65, 185)
(65, 187)
(65, 68)
(65, 199)
(65, 72)
(65, 74)
(65, 207)
(65, 212)
(65, 85)
(65, 215)
(65, 90)
(65, 220)
(65, 100)
(65, 105)
(65, 237)
(65, 112)
(65, 245)
(65, 119)
(65, 123)
(65, 126)
(66, 147)
(66, 154)
(66, 152)
(66, 155)
(66, 161)
(66, 164)
(66, 176)
(66, 183)
(66, 69)
(66, 204)
(66, 81)
(66, 94)
(66, 231)
(66, 233)
(66, 108)
(66, 122)
(66, 125)
(67, 134)
(67, 140)
(67, 238)
(67, 165)
(67, 166)
(67, 169)
(67, 172)
(67, 174)
(67, 188)
(67, 71)
(67, 203)
(67, 205)
(67, 206)
(67, 91)
(67, 222)
(67, 231)
(67, 110)
(67, 122)
(67, 125)
(68, 129)
(68, 187)
(68, 104)
(68, 105)
(68, 87)
(68, 109)
(68, 112)
(68, 72)
(68, 212)
(68, 182)
(68, 119)
(68, 123)
(68, 156)
(69, 147)
(69, 152)
(69, 154)
(69, 155)
(69, 161)
(69, 164)
(69, 183)
(69, 204)
(69, 206)
(69, 81)
(69, 94)
(69, 231)
(69, 233)
(69, 108)
(69, 122)
(69, 125)
(70, 128)
(70, 130)
(70, 131)
(70, 142)
(70, 150)
(70, 158)
(70, 167)
(70, 191)
(70, 73)
(70, 76)
(70, 80)
(70, 221)
(70, 225)
(70, 98)
(70, 115)
(70, 116)
(70, 247)
(70, 249)
(71, 134)
(71, 165)
(71, 168)
(71, 169)
(71, 174)
(71, 180)
(71, 195)
(71, 201)
(71, 205)
(71, 78)
(71, 209)
(71, 214)
(71, 91)
(71, 222)
(71, 97)
(71, 229)
(71, 244)
(72, 129)
(72, 148)
(72, 156)
(72, 163)
(72, 175)
(72, 182)
(72, 185)
(72, 187)
(72, 199)
(72, 212)
(72, 87)
(72, 90)
(72, 220)
(72, 105)
(72, 109)
(72, 112)
(72, 245)
(72, 119)
(72, 123)
(72, 126)
(73, 128)
(73, 130)
(73, 131)
(73, 142)
(73, 145)
(73, 146)
(73, 150)
(73, 151)
(73, 158)
(73, 160)
(73, 167)
(73, 179)
(73, 180)
(73, 186)
(73, 191)
(73, 195)
(73, 97)
(73, 201)
(73, 76)
(73, 80)
(73, 214)
(73, 219)
(73, 225)
(73, 229)
(73, 234)
(73, 116)
(73, 246)
(73, 124)
(74, 132)
(74, 138)
(74, 141)
(74, 143)
(74, 148)
(74, 153)
(74, 218)
(74, 163)
(74, 175)
(74, 184)
(74, 199)
(74, 207)
(74, 85)
(74, 215)
(74, 216)
(74, 89)
(74, 90)
(74, 95)
(74, 101)
(74, 106)
(74, 237)
(74, 245)
(74, 126)
(75, 224)
(75, 144)
(75, 230)
(75, 200)
(75, 236)
(75, 79)
(75, 240)
(75, 136)
(75, 211)
(75, 213)
(75, 159)
(75, 223)
(76, 128)
(76, 130)
(76, 131)
(76, 142)
(76, 146)
(76, 150)
(76, 151)
(76, 158)
(76, 160)
(76, 167)
(76, 179)
(76, 180)
(76, 186)
(76, 191)
(76, 201)
(76, 80)
(76, 89)
(76, 219)
(76, 221)
(76, 225)
(76, 116)
(76, 124)
(77, 226)
(77, 235)
(77, 197)
(77, 137)
(77, 170)
(77, 171)
(77, 162)
(77, 239)
(77, 139)
(77, 217)
(77, 157)
(78, 97)
(78, 229)
(78, 134)
(78, 168)
(78, 234)
(78, 209)
(78, 242)
(78, 244)
(78, 214)
(78, 180)
(78, 202)
(78, 222)
(78, 165)
(79, 136)
(79, 139)
(79, 144)
(79, 149)
(79, 159)
(79, 171)
(79, 200)
(79, 211)
(79, 84)
(79, 213)
(79, 86)
(79, 88)
(79, 223)
(79, 96)
(79, 226)
(79, 99)
(79, 230)
(79, 102)
(79, 232)
(79, 107)
(79, 236)
(79, 121)
(80, 128)
(80, 130)
(80, 131)
(80, 142)
(80, 150)
(80, 158)
(80, 167)
(80, 191)
(80, 210)
(80, 219)
(80, 221)
(80, 225)
(80, 98)
(80, 115)
(80, 116)
(80, 246)
(80, 247)
(80, 249)
(81, 164)
(81, 233)
(81, 87)
(81, 204)
(81, 112)
(81, 108)
(81, 147)
(81, 183)
(81, 152)
(81, 94)
(82, 145)
(82, 146)
(82, 155)
(82, 160)
(82, 161)
(82, 164)
(82, 166)
(82, 172)
(82, 174)
(82, 176)
(82, 179)
(82, 183)
(82, 186)
(82, 195)
(82, 203)
(82, 204)
(82, 205)
(82, 206)
(82, 214)
(82, 91)
(82, 231)
(82, 233)
(82, 108)
(82, 110)
(82, 122)
(82, 124)
(82, 125)
(82, 127)
(83, 224)
(83, 193)
(83, 227)
(83, 196)
(83, 133)
(83, 103)
(83, 192)
(83, 173)
(83, 113)
(83, 114)
(83, 115)
(84, 139)
(84, 162)
(84, 181)
(84, 189)
(84, 194)
(84, 200)
(84, 86)
(84, 88)
(84, 93)
(84, 223)
(84, 96)
(84, 226)
(84, 99)
(84, 228)
(84, 107)
(84, 117)
(84, 118)
(84, 120)
(84, 121)
(85, 138)
(85, 143)
(85, 148)
(85, 153)
(85, 90)
(85, 163)
(85, 175)
(85, 182)
(85, 184)
(85, 185)
(85, 194)
(85, 198)
(85, 199)
(85, 207)
(85, 215)
(85, 216)
(85, 218)
(85, 220)
(85, 95)
(85, 100)
(85, 101)
(85, 106)
(85, 237)
(85, 245)
(85, 126)
(86, 139)
(86, 162)
(86, 171)
(86, 181)
(86, 197)
(86, 88)
(86, 93)
(86, 223)
(86, 96)
(86, 226)
(86, 228)
(86, 232)
(86, 107)
(86, 239)
(86, 117)
(86, 118)
(86, 120)
(86, 121)
(87, 148)
(87, 152)
(87, 156)
(87, 163)
(87, 182)
(87, 187)
(87, 212)
(87, 104)
(87, 105)
(87, 109)
(87, 112)
(87, 119)
(87, 123)
(88, 136)
(88, 139)
(88, 144)
(88, 149)
(88, 159)
(88, 162)
(88, 171)
(88, 200)
(88, 211)
(88, 213)
(88, 223)
(88, 96)
(88, 226)
(88, 99)
(88, 230)
(88, 102)
(88, 232)
(88, 107)
(88, 118)
(88, 121)
(89, 130)
(89, 131)
(89, 132)
(89, 138)
(89, 141)
(89, 143)
(89, 151)
(89, 158)
(89, 160)
(89, 176)
(89, 184)
(89, 186)
(89, 189)
(89, 191)
(89, 207)
(89, 215)
(89, 216)
(89, 218)
(89, 95)
(89, 101)
(89, 106)
(89, 237)
(89, 116)
(90, 138)
(90, 143)
(90, 148)
(90, 153)
(90, 163)
(90, 175)
(90, 182)
(90, 184)
(90, 185)
(90, 187)
(90, 198)
(90, 199)
(90, 207)
(90, 215)
(90, 216)
(90, 218)
(90, 220)
(90, 95)
(90, 100)
(90, 101)
(90, 105)
(90, 106)
(90, 237)
(90, 245)
(90, 123)
(90, 126)
(91, 134)
(91, 145)
(91, 238)
(91, 161)
(91, 165)
(91, 166)
(91, 169)
(91, 172)
(91, 174)
(91, 179)
(91, 180)
(91, 195)
(91, 203)
(91, 205)
(91, 206)
(91, 214)
(91, 222)
(91, 231)
(91, 110)
(91, 122)
(91, 125)
(91, 127)
(92, 194)
(92, 100)
(92, 198)
(92, 199)
(92, 135)
(92, 208)
(92, 178)
(92, 181)
(92, 153)
(92, 248)
(92, 185)
(92, 220)
(93, 135)
(93, 153)
(93, 157)
(93, 162)
(93, 181)
(93, 194)
(93, 197)
(93, 198)
(93, 248)
(93, 95)
(93, 96)
(93, 226)
(93, 228)
(93, 239)
(93, 117)
(93, 118)
(93, 120)
(93, 121)
(94, 161)
(94, 164)
(94, 233)
(94, 204)
(94, 108)
(94, 147)
(94, 183)
(94, 152)
(94, 154)
(94, 155)
(94, 125)
(95, 138)
(95, 141)
(95, 143)
(95, 153)
(95, 175)
(95, 184)
(95, 185)
(95, 117)
(95, 194)
(95, 198)
(95, 199)
(95, 207)
(95, 248)
(95, 215)
(95, 216)
(95, 218)
(95, 220)
(95, 228)
(95, 101)
(95, 106)
(95, 245)
(95, 118)
(95, 120)
(95, 126)
(96, 139)
(96, 144)
(96, 159)
(96, 162)
(96, 181)
(96, 189)
(96, 200)
(96, 223)
(96, 226)
(96, 99)
(96, 228)
(96, 232)
(96, 107)
(96, 117)
(96, 118)
(96, 120)
(96, 121)
(97, 128)
(97, 142)
(97, 167)
(97, 168)
(97, 179)
(97, 180)
(97, 195)
(97, 201)
(97, 202)
(97, 205)
(97, 209)
(97, 214)
(97, 219)
(97, 229)
(97, 234)
(97, 242)
(97, 244)
(97, 246)
(97, 124)
(98, 142)
(98, 173)
(98, 150)
(98, 177)
(98, 190)
(98, 193)
(98, 210)
(98, 221)
(98, 224)
(98, 225)
(98, 111)
(98, 241)
(98, 115)
(98, 246)
(98, 247)
(98, 249)
(99, 144)
(99, 158)
(99, 159)
(99, 189)
(99, 191)
(99, 200)
(99, 211)
(99, 213)
(99, 223)
(99, 228)
(99, 116)
(99, 118)
(99, 120)
(99, 121)
(100, 129)
(100, 194)
(100, 198)
(100, 199)
(100, 135)
(100, 208)
(100, 178)
(100, 182)
(100, 153)
(100, 248)
(100, 185)
(100, 220)
(101, 132)
(101, 138)
(101, 141)
(101, 143)
(101, 147)
(101, 148)
(101, 151)
(101, 163)
(101, 175)
(101, 176)
(101, 184)
(101, 186)
(101, 204)
(101, 207)
(101, 215)
(101, 216)
(101, 218)
(101, 106)
(101, 237)
(101, 245)
(101, 126)
(102, 226)
(102, 139)
(102, 230)
(102, 232)
(102, 137)
(102, 171)
(102, 136)
(102, 107)
(102, 149)
(102, 217)
(102, 223)
(103, 192)
(103, 193)
(103, 227)
(103, 196)
(103, 173)
(103, 177)
(103, 190)
(104, 105)
(104, 109)
(104, 212)
(104, 119)
(104, 123)
(104, 156)
(105, 129)
(105, 148)
(105, 156)
(105, 163)
(105, 175)
(105, 182)
(105, 187)
(105, 212)
(105, 109)
(105, 112)
(105, 245)
(105, 119)
(105, 123)
(105, 126)
(106, 132)
(106, 138)
(106, 141)
(106, 143)
(106, 148)
(106, 151)
(106, 163)
(106, 175)
(106, 184)
(106, 207)
(106, 215)
(106, 216)
(106, 218)
(106, 237)
(106, 245)
(106, 126)
(107, 136)
(107, 139)
(107, 149)
(107, 159)
(107, 162)
(107, 171)
(107, 200)
(107, 213)
(107, 217)
(107, 223)
(107, 144)
(107, 226)
(107, 232)
(107, 118)
(107, 121)
(108, 132)
(108, 145)
(108, 146)
(108, 147)
(108, 148)
(108, 152)
(108, 154)
(108, 155)
(108, 161)
(108, 163)
(108, 164)
(108, 176)
(108, 183)
(108, 204)
(108, 233)
(108, 237)
(108, 112)
(108, 127)
(109, 187)
(109, 112)
(109, 212)
(109, 119)
(109, 123)
(109, 156)
(110, 134)
(110, 140)
(110, 145)
(110, 154)
(110, 155)
(110, 161)
(110, 165)
(110, 166)
(110, 169)
(110, 172)
(110, 174)
(110, 195)
(110, 203)
(110, 205)
(110, 206)
(110, 214)
(110, 222)
(110, 231)
(110, 238)
(110, 122)
(110, 125)
(110, 127)
(111, 128)
(111, 142)
(111, 173)
(111, 177)
(111, 243)
(111, 190)
(111, 193)
(111, 202)
(111, 209)
(111, 210)
(111, 234)
(111, 241)
(111, 242)
(111, 115)
(111, 246)
(111, 247)
(111, 249)
(112, 138)
(112, 147)
(112, 148)
(112, 152)
(112, 156)
(112, 163)
(112, 164)
(112, 175)
(112, 187)
(112, 233)
(112, 237)
(112, 245)
(112, 123)
(112, 126)
(113, 224)
(113, 192)
(113, 227)
(113, 196)
(113, 133)
(113, 193)
(113, 173)
(113, 240)
(113, 114)
(113, 115)
(114, 224)
(114, 193)
(114, 227)
(114, 196)
(114, 133)
(114, 240)
(115, 173)
(115, 177)
(115, 190)
(115, 193)
(115, 210)
(115, 221)
(115, 224)
(115, 225)
(115, 247)
(115, 249)
(116, 130)
(116, 131)
(116, 144)
(116, 150)
(116, 151)
(116, 158)
(116, 159)
(116, 160)
(116, 167)
(116, 189)
(116, 191)
(116, 141)
(116, 221)
(116, 225)
(116, 249)
(117, 153)
(117, 162)
(117, 181)
(117, 194)
(117, 197)
(117, 198)
(117, 248)
(117, 226)
(117, 228)
(117, 239)
(117, 118)
(117, 120)
(117, 121)
(118, 153)
(118, 162)
(118, 181)
(118, 189)
(118, 194)
(118, 198)
(118, 248)
(118, 226)
(118, 228)
(118, 239)
(118, 120)
(118, 121)
(119, 129)
(119, 187)
(119, 212)
(119, 182)
(119, 123)
(119, 156)
(120, 143)
(120, 153)
(120, 162)
(120, 181)
(120, 189)
(120, 194)
(120, 198)
(120, 216)
(120, 228)
(120, 121)
(121, 136)
(121, 139)
(121, 144)
(121, 149)
(121, 159)
(121, 162)
(121, 189)
(121, 200)
(121, 211)
(121, 213)
(121, 223)
(121, 226)
(121, 228)
(121, 232)
(122, 140)
(122, 145)
(122, 146)
(122, 154)
(122, 155)
(122, 161)
(122, 164)
(122, 166)
(122, 169)
(122, 172)
(122, 174)
(122, 176)
(122, 179)
(122, 183)
(122, 195)
(122, 203)
(122, 204)
(122, 205)
(122, 206)
(122, 214)
(122, 231)
(122, 233)
(122, 238)
(122, 125)
(122, 127)
(123, 129)
(123, 148)
(123, 156)
(123, 163)
(123, 175)
(123, 182)
(123, 187)
(123, 212)
(123, 245)
(123, 126)
(124, 128)
(124, 130)
(124, 131)
(124, 142)
(124, 145)
(124, 146)
(124, 150)
(124, 151)
(124, 158)
(124, 160)
(124, 167)
(124, 174)
(124, 176)
(124, 179)
(124, 180)
(124, 186)
(124, 191)
(124, 195)
(124, 201)
(124, 205)
(124, 214)
(124, 219)
(124, 229)
(124, 246)
(124, 127)
(125, 140)
(125, 145)
(125, 154)
(125, 155)
(125, 161)
(125, 164)
(125, 166)
(125, 169)
(125, 172)
(125, 174)
(125, 183)
(125, 195)
(125, 203)
(125, 204)
(125, 205)
(125, 206)
(125, 231)
(125, 238)
(125, 127)
(126, 132)
(126, 138)
(126, 141)
(126, 143)
(126, 147)
(126, 148)
(126, 163)
(126, 175)
(126, 184)
(126, 187)
(126, 207)
(126, 215)
(126, 216)
(126, 218)
(126, 237)
(126, 245)
(127, 131)
(127, 132)
(127, 145)
(127, 146)
(127, 147)
(127, 151)
(127, 155)
(127, 160)
(127, 161)
(127, 164)
(127, 166)
(127, 172)
(127, 174)
(127, 176)
(127, 179)
(127, 183)
(127, 186)
(127, 195)
(127, 204)
(127, 205)
(127, 214)
(127, 231)
(127, 233)
(128, 130)
(128, 142)
(128, 150)
(128, 167)
(128, 168)
(128, 180)
(128, 201)
(128, 202)
(128, 209)
(128, 210)
(128, 214)
(128, 219)
(128, 229)
(128, 234)
(128, 242)
(128, 244)
(128, 246)
(129, 199)
(129, 212)
(129, 182)
(129, 185)
(129, 187)
(129, 220)
(130, 131)
(130, 150)
(130, 151)
(130, 158)
(130, 160)
(130, 167)
(130, 186)
(130, 189)
(130, 191)
(130, 201)
(130, 219)
(130, 221)
(130, 225)
(130, 249)
(131, 141)
(131, 145)
(131, 150)
(131, 151)
(131, 158)
(131, 160)
(131, 167)
(131, 176)
(131, 179)
(131, 186)
(131, 191)
(131, 201)
(131, 219)
(131, 146)
(132, 138)
(132, 141)
(132, 145)
(132, 146)
(132, 147)
(132, 148)
(132, 151)
(132, 155)
(132, 160)
(132, 163)
(132, 164)
(132, 176)
(132, 184)
(132, 186)
(132, 204)
(132, 207)
(132, 215)
(132, 216)
(132, 218)
(132, 233)
(132, 237)
(132, 245)
(133, 224)
(133, 193)
(133, 227)
(133, 196)
(133, 240)
(134, 165)
(134, 166)
(134, 169)
(134, 174)
(134, 188)
(134, 195)
(134, 203)
(134, 205)
(134, 214)
(134, 222)
(134, 238)
(135, 194)
(135, 197)
(135, 198)
(135, 235)
(135, 239)
(135, 208)
(135, 178)
(135, 181)
(135, 248)
(135, 153)
(135, 157)
(136, 139)
(136, 149)
(136, 171)
(136, 200)
(136, 211)
(136, 213)
(136, 217)
(136, 223)
(136, 226)
(136, 230)
(136, 232)
(136, 236)
(137, 226)
(137, 139)
(137, 232)
(137, 170)
(137, 171)
(137, 162)
(137, 149)
(137, 217)
(138, 141)
(138, 143)
(138, 147)
(138, 148)
(138, 163)
(138, 175)
(138, 184)
(138, 207)
(138, 215)
(138, 216)
(138, 218)
(138, 237)
(138, 245)
(139, 171)
(139, 149)
(139, 162)
(139, 170)
(139, 217)
(139, 223)
(139, 226)
(139, 232)
(140, 161)
(140, 166)
(140, 231)
(140, 169)
(140, 203)
(140, 172)
(140, 206)
(140, 238)
(140, 154)
(141, 143)
(141, 148)
(141, 151)
(141, 158)
(141, 160)
(141, 176)
(141, 184)
(141, 186)
(141, 189)
(141, 191)
(141, 207)
(141, 215)
(141, 216)
(141, 218)
(141, 237)
(141, 245)
(142, 150)
(142, 167)
(142, 168)
(142, 180)
(142, 190)
(142, 201)
(142, 202)
(142, 209)
(142, 210)
(142, 219)
(142, 221)
(142, 225)
(142, 229)
(142, 234)
(142, 241)
(142, 242)
(142, 243)
(142, 244)
(142, 246)
(142, 247)
(142, 249)
(143, 151)
(143, 175)
(143, 184)
(143, 189)
(143, 194)
(143, 198)
(143, 207)
(143, 215)
(143, 216)
(143, 218)
(143, 228)
(143, 237)
(143, 245)
(143, 153)
(144, 159)
(144, 189)
(144, 200)
(144, 211)
(144, 213)
(144, 223)
(144, 240)
(145, 146)
(145, 151)
(145, 155)
(145, 160)
(145, 161)
(145, 164)
(145, 166)
(145, 172)
(145, 174)
(145, 176)
(145, 179)
(145, 186)
(145, 195)
(145, 201)
(145, 204)
(145, 205)
(145, 214)
(145, 231)
(145, 233)
(146, 151)
(146, 155)
(146, 160)
(146, 161)
(146, 164)
(146, 166)
(146, 167)
(146, 172)
(146, 174)
(146, 176)
(146, 179)
(146, 186)
(146, 195)
(146, 204)
(146, 205)
(146, 214)
(146, 233)
(147, 148)
(147, 152)
(147, 155)
(147, 161)
(147, 163)
(147, 164)
(147, 176)
(147, 183)
(147, 204)
(147, 218)
(147, 233)
(147, 237)
(148, 163)
(148, 164)
(148, 175)
(148, 184)
(148, 204)
(148, 207)
(148, 215)
(148, 216)
(148, 218)
(148, 233)
(148, 237)
(148, 245)
(149, 226)
(149, 230)
(149, 232)
(149, 171)
(149, 217)
(149, 223)
(150, 158)
(150, 160)
(150, 167)
(150, 191)
(150, 201)
(150, 219)
(150, 221)
(150, 225)
(150, 246)
(150, 249)
(151, 158)
(151, 160)
(151, 167)
(151, 176)
(151, 179)
(151, 184)
(151, 186)
(151, 189)
(151, 191)
(151, 215)
(151, 216)
(151, 218)
(151, 237)
(152, 164)
(152, 233)
(152, 183)
(152, 156)
(153, 220)
(153, 175)
(153, 178)
(153, 181)
(153, 185)
(153, 194)
(153, 198)
(153, 199)
(153, 207)
(153, 208)
(153, 216)
(153, 228)
(153, 245)
(153, 248)
(154, 238)
(154, 155)
(154, 161)
(154, 164)
(154, 166)
(154, 172)
(154, 183)
(154, 203)
(154, 206)
(154, 231)
(154, 233)
(155, 161)
(155, 164)
(155, 166)
(155, 172)
(155, 174)
(155, 176)
(155, 179)
(155, 183)
(155, 203)
(155, 204)
(155, 205)
(155, 206)
(155, 231)
(155, 233)
(157, 194)
(157, 197)
(157, 235)
(157, 162)
(157, 239)
(157, 208)
(157, 181)
(157, 248)
(158, 159)
(158, 160)
(158, 167)
(158, 186)
(158, 189)
(158, 191)
(158, 221)
(158, 225)
(158, 249)
(159, 189)
(159, 200)
(159, 211)
(159, 213)
(159, 223)
(159, 240)
(160, 167)
(160, 176)
(160, 179)
(160, 186)
(160, 191)
(160, 201)
(160, 219)
(161, 164)
(161, 166)
(161, 172)
(161, 174)
(161, 176)
(161, 179)
(161, 183)
(161, 195)
(161, 203)
(161, 204)
(161, 205)
(161, 206)
(161, 231)
(161, 233)
(161, 238)
(162, 170)
(162, 171)
(162, 181)
(162, 197)
(162, 217)
(162, 226)
(162, 228)
(162, 232)
(162, 235)
(162, 239)
(163, 164)
(163, 175)
(163, 184)
(163, 187)
(163, 204)
(163, 207)
(163, 215)
(163, 216)
(163, 218)
(163, 233)
(163, 237)
(163, 245)
(164, 172)
(164, 176)
(164, 183)
(164, 204)
(164, 233)
(164, 237)
(165, 169)
(165, 203)
(165, 174)
(165, 188)
(165, 222)
(166, 169)
(166, 172)
(166, 174)
(166, 179)
(166, 195)
(166, 203)
(166, 205)
(166, 206)
(166, 214)
(166, 231)
(166, 238)
(167, 179)
(167, 180)
(167, 186)
(167, 191)
(167, 201)
(167, 219)
(167, 221)
(167, 225)
(167, 229)
(167, 246)
(168, 180)
(168, 201)
(168, 202)
(168, 209)
(168, 219)
(168, 229)
(168, 234)
(168, 242)
(168, 243)
(168, 244)
(168, 246)
(169, 172)
(169, 174)
(169, 188)
(169, 195)
(169, 203)
(169, 205)
(169, 206)
(169, 214)
(169, 222)
(169, 231)
(169, 238)
(170, 226)
(170, 235)
(170, 197)
(170, 171)
(170, 217)
(171, 217)
(171, 223)
(171, 226)
(171, 232)
(172, 195)
(172, 174)
(172, 176)
(172, 179)
(172, 183)
(172, 203)
(172, 204)
(172, 205)
(172, 206)
(172, 214)
(172, 231)
(172, 238)
(173, 224)
(173, 193)
(173, 177)
(173, 241)
(173, 210)
(173, 247)
(173, 249)
(173, 190)
(174, 179)
(174, 180)
(174, 195)
(174, 203)
(174, 205)
(174, 206)
(174, 214)
(174, 222)
(174, 231)
(174, 238)
(175, 182)
(175, 184)
(175, 185)
(175, 187)
(175, 198)
(175, 199)
(175, 207)
(175, 215)
(175, 216)
(175, 218)
(175, 220)
(175, 237)
(175, 245)
(176, 179)
(176, 183)
(176, 184)
(176, 186)
(176, 195)
(176, 204)
(176, 218)
(176, 233)
(176, 237)
(177, 193)
(177, 202)
(177, 241)
(177, 210)
(177, 243)
(177, 247)
(177, 190)
(178, 194)
(178, 198)
(178, 199)
(178, 208)
(178, 181)
(178, 248)
(178, 185)
(178, 220)
(179, 180)
(179, 186)
(179, 195)
(179, 201)
(179, 205)
(179, 214)
(179, 219)
(179, 229)
(180, 195)
(180, 201)
(180, 202)
(180, 205)
(180, 209)
(180, 214)
(180, 219)
(180, 229)
(180, 234)
(180, 242)
(180, 244)
(180, 246)
(181, 194)
(181, 197)
(181, 198)
(181, 208)
(181, 228)
(181, 235)
(181, 239)
(181, 248)
(182, 199)
(182, 212)
(182, 245)
(182, 185)
(182, 187)
(182, 220)
(183, 204)
(183, 206)
(183, 231)
(183, 233)
(184, 207)
(184, 215)
(184, 216)
(184, 218)
(184, 237)
(184, 245)
(185, 194)
(185, 198)
(185, 199)
(185, 207)
(185, 245)
(185, 248)
(185, 187)
(185, 220)
(186, 191)
(186, 195)
(186, 201)
(186, 204)
(187, 199)
(187, 212)
(187, 220)
(187, 245)
(188, 222)
(189, 191)
(189, 200)
(189, 216)
(189, 228)
(190, 243)
(190, 193)
(190, 210)
(190, 221)
(190, 224)
(190, 241)
(190, 246)
(190, 247)
(190, 249)
(191, 221)
(191, 225)
(192, 193)
(192, 227)
(192, 196)
(193, 196)
(193, 210)
(193, 224)
(193, 227)
(193, 247)
(194, 220)
(194, 198)
(194, 199)
(194, 208)
(194, 216)
(194, 228)
(194, 239)
(194, 248)
(195, 219)
(195, 201)
(195, 203)
(195, 205)
(195, 214)
(195, 229)
(196, 224)
(196, 227)
(197, 226)
(197, 235)
(197, 239)
(197, 208)
(198, 220)
(198, 245)
(198, 199)
(198, 207)
(198, 208)
(198, 216)
(198, 228)
(198, 248)
(199, 207)
(199, 220)
(199, 245)
(199, 248)
(200, 211)
(200, 213)
(200, 223)
(200, 230)
(200, 236)
(200, 240)
(201, 205)
(201, 209)
(201, 214)
(201, 219)
(201, 229)
(201, 234)
(201, 246)
(202, 209)
(202, 210)
(202, 219)
(202, 229)
(202, 234)
(202, 241)
(202, 242)
(202, 243)
(202, 244)
(202, 246)
(203, 205)
(203, 206)
(203, 222)
(203, 231)
(203, 238)
(204, 218)
(204, 233)
(204, 237)
(205, 238)
(205, 206)
(205, 214)
(205, 229)
(205, 231)
(206, 238)
(206, 231)
(207, 215)
(207, 216)
(207, 218)
(207, 220)
(207, 237)
(207, 245)
(208, 235)
(208, 239)
(208, 248)
(209, 219)
(209, 229)
(209, 234)
(209, 241)
(209, 242)
(209, 243)
(209, 244)
(209, 246)
(210, 243)
(210, 221)
(210, 224)
(210, 225)
(210, 234)
(210, 241)
(210, 246)
(210, 247)
(210, 249)
(211, 230)
(211, 236)
(211, 240)
(211, 213)
(211, 223)
(213, 223)
(213, 230)
(213, 232)
(213, 236)
(213, 240)
(214, 219)
(214, 229)
(215, 216)
(215, 218)
(215, 237)
(215, 245)
(216, 218)
(216, 228)
(216, 237)
(216, 245)
(217, 226)
(217, 232)
(218, 237)
(218, 245)
(219, 229)
(219, 234)
(219, 242)
(219, 246)
(220, 245)
(220, 248)
(221, 224)
(221, 225)
(221, 247)
(221, 249)
(223, 226)
(223, 230)
(223, 232)
(223, 236)
(224, 225)
(224, 240)
(224, 247)
(224, 249)
(225, 247)
(225, 249)
(226, 228)
(226, 232)
(228, 239)
(228, 248)
(229, 234)
(229, 242)
(229, 244)
(229, 246)
(230, 232)
(230, 236)
(230, 240)
(231, 238)
(233, 237)
(234, 241)
(234, 242)
(234, 243)
(234, 244)
(234, 246)
(235, 239)
(235, 248)
(236, 240)
(237, 245)
(239, 248)
(241, 242)
(241, 243)
(241, 244)
(241, 246)
(241, 247)
(242, 243)
(242, 244)
(242, 246)
(243, 244)
(243, 246)
(243, 247)
(244, 246)
(246, 247)
(247, 249)
