#Nodes
0
1
2
3
4
5
6
7
8
9
10
11
12
13
14
15
16
17
18
19
20
21
22
23
24
25
26
27
28
29
30
31
32
33
34
35
36
37
38
39
40
41
42
43
44
45
46
47
48
49
50
51
52
53
54
55
56
57
58
59
60
61
62
63
64
65
66
67
68
69
70
71
72
73
74
75
76
77
78
79
80
81
82
83
84
85
86
87
88
89
90
91
92
93
94
95
96
97
98
99
100
101
102
103
104
105
106
107
108
109
110
111
112
113
114
115
116
117
118
119
120
121
122
123
124
125
126
127
128
129
130
131
132
133
134
135
136
137
138
139
140
141
142
143
144
145
146
147
148
149
150
151
152
153
154
155
156
157
158
159
160
161
162
163
164
165
166
167
168
169
170
171
172
173
174
175
176
177
178
179
180
181
182
183
184
185
186
187
188
189
190
191
192
193
194
195
196
197
198
199
200
201
202
203
204
205
206
207
208
209
210
211
212
213
214
215
216
217
218
219
220
221
222
223
224
225
226
227
228
229
230
231
232
233
234
235
236
237
238
239
240
241
242
243
244
245
246
247
248
249
#Edges
(0, 165)
(0, 138)
(0, 43)
(0, 80)
(0, 82)
(0, 152)
(0, 69)
(1, 2)
(1, 135)
(1, 8)
(1, 137)
(1, 11)
(1, 143)
(1, 27)
(1, 33)
(1, 167)
(1, 41)
(1, 53)
(1, 55)
(1, 185)
(1, 60)
(1, 196)
(1, 209)
(1, 210)
(1, 83)
(1, 88)
(1, 95)
(1, 230)
(1, 104)
(1, 113)
(1, 244)
(1, 117)
(1, 248)
(1, 249)
(2, 130)
(2, 135)
(2, 11)
(2, 143)
(2, 27)
(2, 159)
(2, 53)
(2, 55)
(2, 185)
(2, 59)
(2, 60)
(2, 65)
(2, 196)
(2, 210)
(2, 83)
(2, 86)
(2, 88)
(2, 95)
(2, 225)
(2, 230)
(2, 104)
(2, 110)
(2, 112)
(2, 113)
(2, 244)
(2, 117)
(2, 249)
(3, 128)
(3, 17)
(3, 134)
(3, 14)
(3, 15)
(3, 145)
(3, 20)
(3, 81)
(3, 160)
(3, 162)
(3, 164)
(3, 38)
(3, 168)
(3, 48)
(3, 186)
(3, 64)
(3, 67)
(3, 204)
(3, 206)
(3, 209)
(3, 84)
(3, 87)
(3, 216)
(3, 222)
(3, 224)
(3, 226)
(3, 99)
(3, 231)
(3, 234)
(3, 240)
(3, 241)
(3, 114)
(3, 116)
(3, 124)
(4, 130)
(4, 5)
(4, 7)
(4, 138)
(4, 13)
(4, 143)
(4, 148)
(4, 149)
(4, 151)
(4, 155)
(4, 159)
(4, 36)
(4, 37)
(4, 39)
(4, 40)
(4, 172)
(4, 175)
(4, 177)
(4, 191)
(4, 65)
(4, 68)
(4, 78)
(4, 86)
(4, 225)
(4, 103)
(4, 232)
(4, 110)
(4, 239)
(4, 112)
(4, 247)
(4, 122)
(4, 63)
(5, 130)
(5, 7)
(5, 13)
(5, 143)
(5, 148)
(5, 149)
(5, 151)
(5, 153)
(5, 155)
(5, 159)
(5, 27)
(5, 37)
(5, 40)
(5, 172)
(5, 46)
(5, 175)
(5, 177)
(5, 51)
(5, 60)
(5, 191)
(5, 65)
(5, 68)
(5, 78)
(5, 83)
(5, 86)
(5, 225)
(5, 230)
(5, 103)
(5, 232)
(5, 110)
(5, 112)
(5, 247)
(5, 122)
(5, 63)
(6, 160)
(6, 176)
(6, 164)
(6, 25)
(6, 166)
(6, 9)
(6, 170)
(6, 204)
(6, 126)
(6, 206)
(6, 111)
(6, 240)
(6, 17)
(6, 211)
(6, 52)
(6, 147)
(6, 183)
(6, 217)
(6, 219)
(6, 125)
(6, 158)
(7, 130)
(7, 13)
(7, 143)
(7, 149)
(7, 151)
(7, 26)
(7, 155)
(7, 157)
(7, 159)
(7, 36)
(7, 37)
(7, 39)
(7, 42)
(7, 175)
(7, 177)
(7, 59)
(7, 191)
(7, 65)
(7, 198)
(7, 78)
(7, 210)
(7, 83)
(7, 86)
(7, 221)
(7, 95)
(7, 225)
(7, 101)
(7, 230)
(7, 103)
(7, 232)
(7, 107)
(7, 82)
(7, 110)
(7, 239)
(7, 112)
(7, 247)
(7, 122)
(7, 63)
(8, 137)
(8, 11)
(8, 140)
(8, 18)
(8, 19)
(8, 156)
(8, 31)
(8, 33)
(8, 168)
(8, 41)
(8, 47)
(8, 179)
(8, 53)
(8, 55)
(8, 185)
(8, 186)
(8, 187)
(8, 62)
(8, 193)
(8, 196)
(8, 12)
(8, 88)
(8, 223)
(8, 226)
(8, 104)
(8, 106)
(8, 242)
(8, 243)
(8, 119)
(8, 248)
(9, 57)
(9, 16)
(9, 98)
(9, 147)
(9, 25)
(9, 166)
(9, 170)
(9, 61)
(9, 111)
(9, 176)
(9, 211)
(9, 52)
(9, 126)
(9, 183)
(9, 217)
(9, 219)
(9, 125)
(9, 158)
(10, 146)
(10, 28)
(10, 30)
(10, 32)
(10, 173)
(10, 174)
(10, 180)
(10, 54)
(10, 58)
(10, 76)
(10, 77)
(10, 89)
(10, 93)
(10, 94)
(10, 96)
(10, 227)
(10, 228)
(10, 229)
(10, 233)
(10, 236)
(10, 115)
(10, 121)
(10, 123)
(11, 135)
(11, 15)
(11, 33)
(11, 167)
(11, 168)
(11, 41)
(11, 178)
(11, 53)
(11, 55)
(11, 185)
(11, 186)
(11, 188)
(11, 209)
(11, 84)
(11, 214)
(11, 223)
(11, 226)
(11, 99)
(11, 104)
(11, 113)
(11, 114)
(11, 244)
(11, 248)
(11, 124)
(12, 137)
(12, 140)
(12, 18)
(12, 21)
(12, 156)
(12, 31)
(12, 41)
(12, 45)
(12, 47)
(12, 50)
(12, 179)
(12, 53)
(12, 182)
(12, 185)
(12, 187)
(12, 62)
(12, 193)
(12, 195)
(12, 196)
(12, 197)
(12, 88)
(12, 223)
(12, 104)
(12, 106)
(12, 242)
(12, 243)
(12, 119)
(12, 248)
(13, 130)
(13, 143)
(13, 148)
(13, 149)
(13, 151)
(13, 155)
(13, 159)
(13, 36)
(13, 37)
(13, 39)
(13, 40)
(13, 172)
(13, 175)
(13, 177)
(13, 60)
(13, 191)
(13, 65)
(13, 68)
(13, 78)
(13, 83)
(13, 86)
(13, 225)
(13, 230)
(13, 103)
(13, 232)
(13, 110)
(13, 239)
(13, 112)
(13, 247)
(13, 122)
(13, 63)
(14, 128)
(14, 134)
(14, 15)
(14, 145)
(14, 160)
(14, 162)
(14, 164)
(14, 38)
(14, 168)
(14, 48)
(14, 64)
(14, 67)
(14, 74)
(14, 204)
(14, 206)
(14, 81)
(14, 84)
(14, 87)
(14, 216)
(14, 222)
(14, 224)
(14, 234)
(14, 108)
(14, 240)
(14, 241)
(14, 116)
(14, 124)
(15, 134)
(15, 16)
(15, 19)
(15, 20)
(15, 81)
(15, 160)
(15, 33)
(15, 162)
(15, 164)
(15, 38)
(15, 113)
(15, 168)
(15, 48)
(15, 178)
(15, 186)
(15, 188)
(15, 64)
(15, 204)
(15, 209)
(15, 84)
(15, 214)
(15, 87)
(15, 226)
(15, 99)
(15, 231)
(15, 234)
(15, 167)
(15, 241)
(15, 114)
(15, 116)
(15, 124)
(16, 17)
(16, 145)
(16, 147)
(16, 20)
(16, 25)
(16, 160)
(16, 48)
(16, 162)
(16, 163)
(16, 164)
(16, 38)
(16, 167)
(16, 170)
(16, 176)
(16, 178)
(16, 52)
(16, 57)
(16, 188)
(16, 61)
(16, 204)
(16, 211)
(16, 213)
(16, 214)
(16, 219)
(16, 98)
(16, 99)
(16, 231)
(16, 111)
(16, 240)
(16, 114)
(16, 245)
(16, 125)
(16, 126)
(17, 128)
(17, 134)
(17, 145)
(17, 158)
(17, 160)
(17, 48)
(17, 162)
(17, 164)
(17, 166)
(17, 176)
(17, 67)
(17, 204)
(17, 206)
(17, 217)
(17, 219)
(17, 38)
(17, 231)
(17, 111)
(17, 240)
(17, 116)
(17, 125)
(18, 137)
(18, 140)
(18, 156)
(18, 45)
(18, 179)
(18, 53)
(18, 182)
(18, 55)
(18, 184)
(18, 185)
(18, 58)
(18, 187)
(18, 62)
(18, 193)
(18, 195)
(18, 196)
(18, 197)
(18, 200)
(18, 208)
(18, 210)
(18, 88)
(18, 54)
(18, 104)
(18, 106)
(18, 109)
(18, 243)
(18, 117)
(18, 119)
(18, 248)
(18, 249)
(18, 127)
(19, 22)
(19, 31)
(19, 33)
(19, 168)
(19, 41)
(19, 47)
(19, 56)
(19, 186)
(19, 64)
(19, 199)
(19, 201)
(19, 74)
(19, 84)
(19, 87)
(19, 223)
(19, 226)
(19, 234)
(19, 235)
(19, 108)
(19, 241)
(19, 242)
(19, 248)
(19, 124)
(19, 106)
(20, 25)
(20, 160)
(20, 48)
(20, 162)
(20, 163)
(20, 164)
(20, 38)
(20, 167)
(20, 46)
(20, 176)
(20, 178)
(20, 51)
(20, 57)
(20, 188)
(20, 61)
(20, 204)
(20, 209)
(20, 84)
(20, 213)
(20, 214)
(20, 219)
(20, 98)
(20, 99)
(20, 231)
(20, 111)
(20, 113)
(20, 114)
(20, 245)
(20, 126)
(21, 97)
(21, 195)
(21, 22)
(21, 72)
(21, 73)
(21, 106)
(21, 171)
(21, 140)
(21, 50)
(21, 47)
(21, 242)
(21, 243)
(21, 150)
(21, 62)
(21, 31)
(22, 140)
(22, 150)
(22, 23)
(22, 31)
(22, 171)
(22, 47)
(22, 50)
(22, 56)
(22, 62)
(22, 194)
(22, 199)
(22, 72)
(22, 207)
(22, 223)
(22, 97)
(22, 106)
(22, 108)
(22, 237)
(22, 242)
(22, 243)
(23, 161)
(23, 194)
(23, 34)
(23, 133)
(23, 102)
(23, 199)
(23, 171)
(23, 205)
(23, 142)
(23, 207)
(23, 144)
(23, 242)
(23, 237)
(23, 212)
(23, 150)
(23, 215)
(23, 47)
(23, 92)
(23, 118)
(24, 66)
(24, 43)
(24, 36)
(24, 101)
(24, 198)
(24, 39)
(24, 105)
(24, 42)
(24, 107)
(24, 238)
(24, 221)
(24, 80)
(24, 120)
(24, 82)
(24, 85)
(24, 246)
(24, 152)
(24, 26)
(24, 239)
(24, 189)
(24, 69)
(25, 147)
(25, 160)
(25, 163)
(25, 164)
(25, 166)
(25, 170)
(25, 176)
(25, 52)
(25, 57)
(25, 188)
(25, 61)
(25, 204)
(25, 211)
(25, 213)
(25, 214)
(25, 217)
(25, 219)
(25, 98)
(25, 231)
(25, 111)
(25, 114)
(25, 245)
(25, 125)
(25, 126)
(26, 132)
(26, 157)
(26, 159)
(26, 36)
(26, 39)
(26, 42)
(26, 181)
(26, 182)
(26, 184)
(26, 59)
(26, 189)
(26, 65)
(26, 66)
(26, 198)
(26, 71)
(26, 200)
(26, 208)
(26, 210)
(26, 85)
(26, 86)
(26, 221)
(26, 95)
(26, 101)
(26, 107)
(26, 109)
(26, 238)
(26, 117)
(26, 246)
(26, 249)
(27, 130)
(27, 135)
(27, 136)
(27, 143)
(27, 148)
(27, 153)
(27, 163)
(27, 167)
(27, 40)
(27, 172)
(27, 46)
(27, 178)
(27, 51)
(27, 57)
(27, 188)
(27, 191)
(27, 68)
(27, 78)
(27, 83)
(27, 213)
(27, 214)
(27, 99)
(27, 230)
(27, 232)
(27, 60)
(27, 110)
(27, 112)
(27, 113)
(27, 114)
(27, 244)
(27, 245)
(28, 227)
(28, 132)
(28, 229)
(28, 233)
(28, 139)
(28, 236)
(28, 173)
(28, 174)
(28, 29)
(28, 76)
(28, 146)
(28, 131)
(28, 180)
(28, 181)
(28, 54)
(28, 184)
(28, 121)
(28, 93)
(28, 30)
(28, 127)
(29, 66)
(29, 227)
(29, 132)
(29, 229)
(29, 233)
(29, 139)
(29, 146)
(29, 131)
(29, 181)
(29, 184)
(29, 189)
(30, 131)
(30, 173)
(30, 146)
(30, 32)
(30, 45)
(30, 174)
(30, 180)
(30, 54)
(30, 184)
(30, 58)
(30, 77)
(30, 89)
(30, 93)
(30, 227)
(30, 228)
(30, 229)
(30, 233)
(30, 119)
(30, 121)
(30, 123)
(30, 127)
(31, 137)
(31, 140)
(31, 150)
(31, 156)
(31, 33)
(31, 168)
(31, 41)
(31, 47)
(31, 179)
(31, 53)
(31, 56)
(31, 185)
(31, 186)
(31, 187)
(31, 62)
(31, 193)
(31, 199)
(31, 223)
(31, 226)
(31, 104)
(31, 106)
(31, 108)
(31, 241)
(31, 242)
(31, 243)
(31, 248)
(32, 146)
(32, 44)
(32, 173)
(32, 174)
(32, 180)
(32, 54)
(32, 58)
(32, 76)
(32, 77)
(32, 89)
(32, 93)
(32, 94)
(32, 96)
(32, 227)
(32, 228)
(32, 229)
(32, 233)
(32, 236)
(32, 115)
(32, 121)
(32, 123)
(32, 127)
(33, 135)
(33, 137)
(33, 167)
(33, 168)
(33, 41)
(33, 179)
(33, 53)
(33, 55)
(33, 185)
(33, 186)
(33, 241)
(33, 209)
(33, 84)
(33, 88)
(33, 223)
(33, 226)
(33, 99)
(33, 104)
(33, 234)
(33, 108)
(33, 113)
(33, 248)
(33, 124)
(33, 106)
(34, 161)
(34, 194)
(34, 118)
(34, 171)
(34, 205)
(34, 142)
(34, 237)
(34, 150)
(34, 207)
(35, 192)
(35, 75)
(35, 100)
(35, 102)
(35, 201)
(35, 202)
(35, 235)
(35, 141)
(35, 144)
(35, 49)
(35, 169)
(35, 218)
(35, 91)
(35, 92)
(35, 74)
(35, 190)
(36, 138)
(36, 143)
(36, 149)
(36, 151)
(36, 152)
(36, 157)
(36, 159)
(36, 37)
(36, 39)
(36, 42)
(36, 175)
(36, 59)
(36, 63)
(36, 65)
(36, 69)
(36, 198)
(36, 80)
(36, 210)
(36, 85)
(36, 86)
(36, 221)
(36, 95)
(36, 225)
(36, 101)
(36, 230)
(36, 103)
(36, 107)
(36, 82)
(36, 238)
(36, 239)
(36, 246)
(36, 247)
(36, 120)
(36, 122)
(37, 130)
(37, 143)
(37, 148)
(37, 149)
(37, 151)
(37, 155)
(37, 39)
(37, 40)
(37, 172)
(37, 175)
(37, 177)
(37, 191)
(37, 65)
(37, 68)
(37, 78)
(37, 86)
(37, 225)
(37, 103)
(37, 232)
(37, 110)
(37, 239)
(37, 112)
(37, 247)
(37, 122)
(37, 63)
(38, 128)
(38, 134)
(38, 145)
(38, 81)
(38, 160)
(38, 48)
(38, 162)
(38, 164)
(38, 176)
(38, 188)
(38, 61)
(38, 64)
(38, 67)
(38, 204)
(38, 206)
(38, 209)
(38, 84)
(38, 214)
(38, 87)
(38, 216)
(38, 219)
(38, 99)
(38, 231)
(38, 234)
(38, 240)
(38, 114)
(38, 116)
(38, 124)
(39, 138)
(39, 149)
(39, 151)
(39, 152)
(39, 157)
(39, 159)
(39, 42)
(39, 43)
(39, 175)
(39, 63)
(39, 65)
(39, 69)
(39, 80)
(39, 82)
(39, 85)
(39, 86)
(39, 221)
(39, 225)
(39, 101)
(39, 103)
(39, 105)
(39, 107)
(39, 239)
(39, 247)
(39, 120)
(39, 122)
(40, 130)
(40, 136)
(40, 148)
(40, 149)
(40, 151)
(40, 153)
(40, 155)
(40, 172)
(40, 46)
(40, 177)
(40, 51)
(40, 60)
(40, 63)
(40, 68)
(40, 78)
(40, 83)
(40, 225)
(40, 230)
(40, 103)
(40, 232)
(40, 110)
(40, 112)
(40, 122)
(40, 191)
(41, 137)
(41, 156)
(41, 168)
(41, 179)
(41, 53)
(41, 55)
(41, 185)
(41, 186)
(41, 187)
(41, 62)
(41, 193)
(41, 196)
(41, 209)
(41, 88)
(41, 223)
(41, 226)
(41, 104)
(41, 106)
(41, 108)
(41, 241)
(41, 243)
(41, 248)
(41, 124)
(42, 138)
(42, 152)
(42, 157)
(42, 43)
(42, 175)
(42, 189)
(42, 63)
(42, 65)
(42, 66)
(42, 69)
(42, 198)
(42, 80)
(42, 82)
(42, 85)
(42, 86)
(42, 221)
(42, 101)
(42, 105)
(42, 107)
(42, 238)
(42, 239)
(42, 246)
(42, 247)
(42, 120)
(43, 165)
(43, 105)
(43, 138)
(43, 107)
(43, 239)
(43, 80)
(43, 120)
(43, 82)
(43, 85)
(43, 152)
(43, 69)
(43, 101)
(44, 97)
(44, 228)
(44, 70)
(44, 72)
(44, 73)
(44, 203)
(44, 77)
(44, 79)
(44, 50)
(44, 180)
(44, 89)
(44, 154)
(44, 123)
(44, 220)
(44, 90)
(45, 131)
(45, 137)
(45, 140)
(45, 156)
(45, 179)
(45, 180)
(45, 182)
(45, 184)
(45, 58)
(45, 187)
(45, 193)
(45, 195)
(45, 196)
(45, 197)
(45, 71)
(45, 200)
(45, 208)
(45, 88)
(45, 54)
(45, 109)
(45, 243)
(45, 117)
(45, 119)
(45, 249)
(45, 127)
(46, 130)
(46, 135)
(46, 136)
(46, 153)
(46, 163)
(46, 167)
(46, 172)
(46, 178)
(46, 51)
(46, 57)
(46, 188)
(46, 61)
(46, 191)
(46, 68)
(46, 83)
(46, 213)
(46, 214)
(46, 98)
(46, 99)
(46, 60)
(46, 110)
(46, 112)
(46, 113)
(46, 114)
(46, 245)
(47, 140)
(47, 150)
(47, 171)
(47, 50)
(47, 179)
(47, 56)
(47, 62)
(47, 194)
(47, 199)
(47, 72)
(47, 223)
(47, 97)
(47, 106)
(47, 108)
(47, 241)
(47, 242)
(47, 243)
(48, 128)
(48, 134)
(48, 145)
(48, 160)
(48, 162)
(48, 164)
(48, 176)
(48, 188)
(48, 61)
(48, 64)
(48, 67)
(48, 204)
(48, 206)
(48, 81)
(48, 84)
(48, 214)
(48, 87)
(48, 216)
(48, 219)
(48, 99)
(48, 231)
(48, 240)
(48, 114)
(48, 116)
(48, 124)
(49, 192)
(49, 194)
(49, 75)
(49, 100)
(49, 102)
(49, 199)
(49, 201)
(49, 202)
(49, 235)
(49, 237)
(49, 141)
(49, 144)
(49, 169)
(49, 56)
(49, 218)
(49, 91)
(49, 92)
(49, 74)
(49, 190)
(50, 97)
(50, 195)
(50, 72)
(50, 73)
(50, 203)
(50, 140)
(50, 205)
(50, 79)
(50, 242)
(50, 243)
(50, 150)
(50, 220)
(50, 62)
(51, 130)
(51, 135)
(51, 136)
(51, 153)
(51, 163)
(51, 167)
(51, 172)
(51, 178)
(51, 57)
(51, 188)
(51, 61)
(51, 191)
(51, 68)
(51, 209)
(51, 83)
(51, 213)
(51, 214)
(51, 99)
(51, 230)
(51, 60)
(51, 110)
(51, 112)
(51, 113)
(51, 114)
(51, 244)
(51, 245)
(52, 98)
(52, 147)
(52, 166)
(52, 170)
(52, 61)
(52, 111)
(52, 176)
(52, 211)
(52, 245)
(52, 183)
(52, 57)
(52, 219)
(52, 125)
(52, 126)
(52, 213)
(53, 135)
(53, 137)
(53, 156)
(53, 179)
(53, 55)
(53, 185)
(53, 186)
(53, 187)
(53, 62)
(53, 193)
(53, 196)
(53, 197)
(53, 88)
(53, 223)
(53, 226)
(53, 104)
(53, 106)
(53, 243)
(53, 244)
(53, 117)
(53, 119)
(53, 248)
(53, 249)
(54, 131)
(54, 146)
(54, 173)
(54, 174)
(54, 180)
(54, 182)
(54, 184)
(54, 58)
(54, 195)
(54, 208)
(54, 89)
(54, 93)
(54, 227)
(54, 228)
(54, 229)
(54, 233)
(54, 109)
(54, 119)
(54, 123)
(54, 127)
(55, 135)
(55, 137)
(55, 143)
(55, 156)
(55, 159)
(55, 179)
(55, 182)
(55, 185)
(55, 187)
(55, 60)
(55, 196)
(55, 197)
(55, 200)
(55, 210)
(55, 83)
(55, 88)
(55, 95)
(55, 230)
(55, 104)
(55, 113)
(55, 244)
(55, 117)
(55, 248)
(55, 249)
(56, 150)
(56, 144)
(56, 168)
(56, 186)
(56, 192)
(56, 194)
(56, 199)
(56, 201)
(56, 74)
(56, 75)
(56, 223)
(56, 226)
(56, 234)
(56, 235)
(56, 108)
(56, 241)
(56, 242)
(56, 106)
(57, 136)
(57, 153)
(57, 160)
(57, 163)
(57, 167)
(57, 176)
(57, 178)
(57, 188)
(57, 61)
(57, 204)
(57, 211)
(57, 213)
(57, 214)
(57, 98)
(57, 99)
(57, 231)
(57, 113)
(57, 114)
(57, 245)
(57, 125)
(57, 126)
(58, 131)
(58, 146)
(58, 156)
(58, 173)
(58, 174)
(58, 180)
(58, 182)
(58, 184)
(58, 187)
(58, 193)
(58, 195)
(58, 197)
(58, 208)
(58, 89)
(58, 93)
(58, 228)
(58, 229)
(58, 109)
(58, 119)
(58, 123)
(58, 127)
(59, 143)
(59, 157)
(59, 159)
(59, 181)
(59, 182)
(59, 184)
(59, 65)
(59, 66)
(59, 196)
(59, 197)
(59, 198)
(59, 71)
(59, 200)
(59, 208)
(59, 210)
(59, 86)
(59, 88)
(59, 221)
(59, 95)
(59, 101)
(59, 230)
(59, 109)
(59, 238)
(59, 117)
(59, 246)
(59, 249)
(60, 130)
(60, 135)
(60, 143)
(60, 151)
(60, 159)
(60, 167)
(60, 172)
(60, 178)
(60, 191)
(60, 65)
(60, 78)
(60, 210)
(60, 83)
(60, 86)
(60, 95)
(60, 225)
(60, 230)
(60, 232)
(60, 110)
(60, 112)
(60, 113)
(60, 244)
(60, 117)
(60, 249)
(61, 147)
(61, 160)
(61, 163)
(61, 164)
(61, 167)
(61, 170)
(61, 176)
(61, 178)
(61, 188)
(61, 204)
(61, 211)
(61, 213)
(61, 214)
(61, 219)
(61, 98)
(61, 99)
(61, 231)
(61, 111)
(61, 114)
(61, 245)
(61, 125)
(61, 126)
(62, 137)
(62, 140)
(62, 150)
(62, 156)
(62, 179)
(62, 185)
(62, 187)
(62, 193)
(62, 195)
(62, 196)
(62, 72)
(62, 88)
(62, 223)
(62, 97)
(62, 104)
(62, 106)
(62, 242)
(62, 243)
(62, 119)
(62, 248)
(63, 130)
(63, 138)
(63, 143)
(63, 148)
(63, 149)
(63, 151)
(63, 152)
(63, 155)
(63, 159)
(63, 172)
(63, 175)
(63, 177)
(63, 191)
(63, 65)
(63, 78)
(63, 82)
(63, 83)
(63, 86)
(63, 225)
(63, 230)
(63, 103)
(63, 232)
(63, 107)
(63, 110)
(63, 239)
(63, 112)
(63, 247)
(63, 122)
(64, 128)
(64, 134)
(64, 145)
(64, 162)
(64, 168)
(64, 186)
(64, 67)
(64, 201)
(64, 74)
(64, 81)
(64, 84)
(64, 87)
(64, 216)
(64, 222)
(64, 224)
(64, 234)
(64, 235)
(64, 108)
(64, 241)
(64, 116)
(64, 124)
(65, 130)
(65, 143)
(65, 149)
(65, 151)
(65, 155)
(65, 157)
(65, 159)
(65, 172)
(65, 175)
(65, 177)
(65, 191)
(65, 198)
(65, 78)
(65, 210)
(65, 83)
(65, 86)
(65, 221)
(65, 95)
(65, 225)
(65, 101)
(65, 230)
(65, 103)
(65, 232)
(65, 107)
(65, 110)
(65, 239)
(65, 112)
(65, 244)
(65, 247)
(65, 122)
(66, 131)
(66, 132)
(66, 139)
(66, 157)
(66, 181)
(66, 189)
(66, 198)
(66, 71)
(66, 200)
(66, 208)
(66, 85)
(66, 221)
(66, 101)
(66, 105)
(66, 107)
(66, 238)
(66, 246)
(66, 120)
(67, 128)
(67, 134)
(67, 145)
(67, 158)
(67, 160)
(67, 162)
(67, 164)
(67, 204)
(67, 206)
(67, 81)
(67, 84)
(67, 87)
(67, 216)
(67, 217)
(67, 219)
(67, 222)
(67, 224)
(67, 231)
(67, 240)
(67, 116)
(68, 130)
(68, 136)
(68, 148)
(68, 149)
(68, 151)
(68, 153)
(68, 155)
(68, 172)
(68, 177)
(68, 191)
(68, 78)
(68, 103)
(68, 232)
(68, 110)
(68, 112)
(69, 101)
(69, 105)
(69, 138)
(69, 107)
(69, 239)
(69, 80)
(69, 120)
(69, 82)
(69, 85)
(69, 152)
(69, 189)
(70, 228)
(70, 73)
(70, 203)
(70, 79)
(70, 89)
(70, 154)
(70, 123)
(70, 220)
(70, 90)
(71, 131)
(71, 132)
(71, 139)
(71, 157)
(71, 181)
(71, 182)
(71, 184)
(71, 189)
(71, 196)
(71, 197)
(71, 198)
(71, 200)
(71, 208)
(71, 210)
(71, 221)
(71, 109)
(71, 238)
(71, 117)
(71, 246)
(71, 119)
(71, 249)
(71, 127)
(72, 97)
(72, 195)
(72, 73)
(72, 203)
(72, 140)
(72, 205)
(72, 79)
(72, 242)
(72, 243)
(72, 171)
(72, 150)
(72, 220)
(73, 97)
(73, 203)
(73, 205)
(73, 79)
(73, 89)
(73, 90)
(73, 220)
(73, 154)
(74, 141)
(74, 144)
(74, 168)
(74, 169)
(74, 190)
(74, 192)
(74, 199)
(74, 201)
(74, 75)
(74, 81)
(74, 87)
(74, 218)
(74, 91)
(74, 222)
(74, 224)
(74, 234)
(74, 235)
(74, 108)
(74, 241)
(75, 224)
(75, 192)
(75, 199)
(75, 201)
(75, 235)
(75, 108)
(75, 141)
(75, 144)
(75, 190)
(75, 169)
(75, 218)
(75, 91)
(75, 222)
(76, 96)
(76, 227)
(76, 229)
(76, 233)
(76, 236)
(76, 173)
(76, 174)
(76, 77)
(76, 146)
(76, 115)
(76, 121)
(76, 123)
(76, 93)
(76, 94)
(77, 96)
(77, 227)
(77, 228)
(77, 229)
(77, 233)
(77, 236)
(77, 173)
(77, 174)
(77, 115)
(77, 180)
(77, 89)
(77, 121)
(77, 123)
(77, 93)
(77, 94)
(78, 130)
(78, 143)
(78, 148)
(78, 149)
(78, 151)
(78, 153)
(78, 155)
(78, 172)
(78, 177)
(78, 191)
(78, 83)
(78, 225)
(78, 230)
(78, 103)
(78, 232)
(78, 110)
(78, 112)
(78, 247)
(78, 122)
(79, 97)
(79, 228)
(79, 203)
(79, 205)
(79, 89)
(79, 154)
(79, 220)
(79, 90)
(80, 165)
(80, 105)
(80, 138)
(80, 107)
(80, 175)
(80, 120)
(80, 82)
(80, 85)
(80, 152)
(80, 239)
(80, 101)
(81, 128)
(81, 134)
(81, 145)
(81, 160)
(81, 162)
(81, 164)
(81, 168)
(81, 204)
(81, 206)
(81, 84)
(81, 87)
(81, 216)
(81, 222)
(81, 224)
(81, 234)
(81, 108)
(81, 240)
(81, 241)
(81, 116)
(81, 124)
(82, 138)
(82, 152)
(82, 165)
(82, 175)
(82, 85)
(82, 101)
(82, 105)
(82, 107)
(82, 239)
(82, 247)
(82, 120)
(82, 122)
(83, 130)
(83, 135)
(83, 143)
(83, 149)
(83, 151)
(83, 159)
(83, 172)
(83, 191)
(83, 210)
(83, 86)
(83, 95)
(83, 225)
(83, 230)
(83, 232)
(83, 110)
(83, 112)
(83, 113)
(83, 244)
(83, 117)
(83, 247)
(83, 249)
(84, 128)
(84, 134)
(84, 145)
(84, 160)
(84, 162)
(84, 164)
(84, 168)
(84, 186)
(84, 204)
(84, 209)
(84, 87)
(84, 216)
(84, 222)
(84, 224)
(84, 226)
(84, 99)
(84, 231)
(84, 234)
(84, 108)
(84, 241)
(84, 114)
(84, 116)
(84, 124)
(85, 139)
(85, 157)
(85, 181)
(85, 189)
(85, 198)
(85, 221)
(85, 101)
(85, 105)
(85, 107)
(85, 238)
(85, 239)
(85, 246)
(85, 120)
(86, 130)
(86, 135)
(86, 143)
(86, 149)
(86, 151)
(86, 157)
(86, 159)
(86, 175)
(86, 191)
(86, 198)
(86, 200)
(86, 210)
(86, 221)
(86, 95)
(86, 225)
(86, 101)
(86, 230)
(86, 107)
(86, 110)
(86, 238)
(86, 239)
(86, 112)
(86, 244)
(86, 117)
(86, 246)
(86, 247)
(86, 249)
(86, 122)
(87, 128)
(87, 134)
(87, 145)
(87, 162)
(87, 164)
(87, 168)
(87, 186)
(87, 204)
(87, 216)
(87, 222)
(87, 224)
(87, 226)
(87, 234)
(87, 108)
(87, 241)
(87, 116)
(87, 124)
(88, 135)
(88, 137)
(88, 156)
(88, 179)
(88, 182)
(88, 185)
(88, 187)
(88, 193)
(88, 196)
(88, 197)
(88, 200)
(88, 208)
(88, 210)
(88, 95)
(88, 104)
(88, 106)
(88, 109)
(88, 244)
(88, 117)
(88, 119)
(88, 248)
(88, 249)
(89, 195)
(89, 228)
(89, 90)
(89, 203)
(89, 173)
(89, 174)
(89, 180)
(89, 154)
(89, 123)
(89, 220)
(89, 93)
(90, 228)
(90, 203)
(90, 205)
(90, 154)
(90, 220)
(91, 133)
(91, 141)
(91, 144)
(91, 169)
(91, 190)
(91, 192)
(91, 194)
(91, 199)
(91, 201)
(91, 202)
(91, 212)
(91, 215)
(91, 218)
(91, 92)
(91, 100)
(91, 102)
(91, 235)
(91, 237)
(91, 118)
(92, 129)
(92, 133)
(92, 141)
(92, 142)
(92, 144)
(92, 161)
(92, 171)
(92, 190)
(92, 192)
(92, 194)
(92, 199)
(92, 202)
(92, 207)
(92, 212)
(92, 215)
(92, 218)
(92, 100)
(92, 102)
(92, 237)
(92, 118)
(93, 131)
(93, 146)
(93, 173)
(93, 174)
(93, 180)
(93, 184)
(93, 94)
(93, 96)
(93, 227)
(93, 228)
(93, 229)
(93, 233)
(93, 236)
(93, 121)
(93, 123)
(93, 127)
(94, 96)
(94, 227)
(94, 229)
(94, 233)
(94, 236)
(94, 173)
(94, 174)
(94, 115)
(94, 180)
(94, 121)
(94, 123)
(95, 130)
(95, 135)
(95, 143)
(95, 157)
(95, 159)
(95, 196)
(95, 197)
(95, 198)
(95, 200)
(95, 210)
(95, 221)
(95, 225)
(95, 230)
(95, 104)
(95, 109)
(95, 110)
(95, 112)
(95, 244)
(95, 117)
(95, 249)
(96, 229)
(96, 233)
(96, 236)
(96, 173)
(96, 174)
(96, 115)
(96, 121)
(96, 123)
(97, 195)
(97, 203)
(97, 140)
(97, 205)
(97, 242)
(97, 243)
(97, 171)
(97, 150)
(97, 220)
(98, 136)
(98, 147)
(98, 153)
(98, 163)
(98, 170)
(98, 176)
(98, 178)
(98, 188)
(98, 211)
(98, 213)
(98, 214)
(98, 231)
(98, 111)
(98, 245)
(98, 125)
(98, 126)
(99, 160)
(99, 163)
(99, 164)
(99, 167)
(99, 178)
(99, 188)
(99, 204)
(99, 209)
(99, 213)
(99, 214)
(99, 226)
(99, 231)
(99, 113)
(99, 114)
(99, 245)
(99, 124)
(100, 129)
(100, 133)
(100, 102)
(100, 202)
(100, 141)
(100, 144)
(100, 212)
(100, 118)
(100, 215)
(100, 218)
(100, 190)
(101, 152)
(101, 157)
(101, 159)
(101, 175)
(101, 189)
(101, 198)
(101, 221)
(101, 105)
(101, 107)
(101, 238)
(101, 239)
(101, 246)
(101, 120)
(102, 133)
(102, 141)
(102, 142)
(102, 144)
(102, 150)
(102, 161)
(102, 171)
(102, 190)
(102, 192)
(102, 194)
(102, 199)
(102, 201)
(102, 202)
(102, 207)
(102, 212)
(102, 215)
(102, 218)
(102, 237)
(102, 118)
(103, 130)
(103, 138)
(103, 148)
(103, 149)
(103, 151)
(103, 155)
(103, 172)
(103, 175)
(103, 177)
(103, 191)
(103, 225)
(103, 232)
(103, 110)
(103, 239)
(103, 247)
(103, 122)
(104, 135)
(104, 137)
(104, 156)
(104, 179)
(104, 185)
(104, 186)
(104, 187)
(104, 193)
(104, 196)
(104, 197)
(104, 209)
(104, 223)
(104, 226)
(104, 106)
(104, 113)
(104, 244)
(104, 117)
(104, 248)
(104, 249)
(105, 138)
(105, 107)
(105, 239)
(105, 120)
(105, 152)
(105, 189)
(106, 137)
(106, 140)
(106, 156)
(106, 168)
(106, 179)
(106, 185)
(106, 186)
(106, 187)
(106, 193)
(106, 195)
(106, 196)
(106, 223)
(106, 226)
(106, 108)
(106, 241)
(106, 242)
(106, 243)
(106, 248)
(107, 138)
(107, 152)
(107, 157)
(107, 159)
(107, 175)
(107, 189)
(107, 198)
(107, 221)
(107, 225)
(107, 238)
(107, 239)
(107, 246)
(107, 247)
(107, 120)
(108, 168)
(108, 186)
(108, 192)
(108, 199)
(108, 201)
(108, 223)
(108, 226)
(108, 234)
(108, 235)
(108, 241)
(108, 242)
(108, 124)
(109, 131)
(109, 132)
(109, 156)
(109, 157)
(109, 181)
(109, 182)
(109, 184)
(109, 187)
(109, 193)
(109, 196)
(109, 197)
(109, 198)
(109, 200)
(109, 208)
(109, 210)
(109, 221)
(109, 238)
(109, 117)
(109, 246)
(109, 119)
(109, 249)
(109, 127)
(110, 130)
(110, 135)
(110, 143)
(110, 148)
(110, 149)
(110, 151)
(110, 153)
(110, 155)
(110, 159)
(110, 172)
(110, 175)
(110, 177)
(110, 191)
(110, 225)
(110, 230)
(110, 232)
(110, 112)
(110, 113)
(110, 244)
(110, 247)
(110, 122)
(111, 147)
(111, 158)
(111, 160)
(111, 164)
(111, 166)
(111, 170)
(111, 176)
(111, 183)
(111, 204)
(111, 211)
(111, 217)
(111, 219)
(111, 231)
(111, 240)
(111, 245)
(111, 125)
(111, 126)
(112, 130)
(112, 135)
(112, 143)
(112, 148)
(112, 149)
(112, 151)
(112, 153)
(112, 155)
(112, 159)
(112, 172)
(112, 177)
(112, 191)
(112, 225)
(112, 230)
(112, 232)
(112, 113)
(112, 244)
(112, 247)
(112, 122)
(113, 135)
(113, 163)
(113, 167)
(113, 178)
(113, 188)
(113, 209)
(113, 213)
(113, 214)
(113, 230)
(113, 114)
(113, 244)
(113, 245)
(114, 160)
(114, 163)
(114, 164)
(114, 167)
(114, 176)
(114, 178)
(114, 188)
(114, 204)
(114, 209)
(114, 213)
(114, 214)
(114, 231)
(114, 245)
(114, 124)
(114, 126)
(115, 236)
(115, 173)
(115, 174)
(115, 121)
(115, 123)
(116, 128)
(116, 134)
(116, 145)
(116, 160)
(116, 162)
(116, 164)
(116, 204)
(116, 206)
(116, 216)
(116, 219)
(116, 222)
(116, 224)
(116, 231)
(116, 234)
(116, 240)
(117, 135)
(117, 143)
(117, 156)
(117, 157)
(117, 159)
(117, 182)
(117, 185)
(117, 187)
(117, 196)
(117, 197)
(117, 198)
(117, 200)
(117, 208)
(117, 210)
(117, 221)
(117, 230)
(117, 244)
(117, 246)
(117, 119)
(117, 249)
(118, 161)
(118, 194)
(118, 133)
(118, 129)
(118, 202)
(118, 171)
(118, 237)
(118, 142)
(118, 207)
(118, 144)
(118, 141)
(118, 212)
(118, 150)
(118, 215)
(118, 190)
(119, 137)
(119, 140)
(119, 156)
(119, 179)
(119, 182)
(119, 184)
(119, 187)
(119, 193)
(119, 195)
(119, 196)
(119, 197)
(119, 200)
(119, 208)
(119, 243)
(119, 249)
(119, 127)
(120, 138)
(120, 175)
(120, 152)
(120, 239)
(120, 189)
(121, 227)
(121, 228)
(121, 229)
(121, 233)
(121, 236)
(121, 173)
(121, 174)
(121, 146)
(121, 180)
(121, 123)
(122, 130)
(122, 138)
(122, 143)
(122, 148)
(122, 149)
(122, 151)
(122, 152)
(122, 155)
(122, 172)
(122, 175)
(122, 177)
(122, 191)
(122, 225)
(122, 232)
(122, 239)
(122, 247)
(123, 146)
(123, 173)
(123, 174)
(123, 180)
(123, 227)
(123, 228)
(123, 229)
(123, 233)
(123, 236)
(123, 127)
(124, 168)
(124, 186)
(124, 209)
(124, 223)
(124, 226)
(124, 234)
(124, 241)
(124, 248)
(125, 147)
(125, 158)
(125, 160)
(125, 164)
(125, 166)
(125, 170)
(125, 176)
(125, 183)
(125, 204)
(125, 211)
(125, 217)
(125, 219)
(125, 231)
(125, 240)
(125, 245)
(125, 126)
(126, 136)
(126, 147)
(126, 153)
(126, 160)
(126, 163)
(126, 166)
(126, 170)
(126, 176)
(126, 178)
(126, 188)
(126, 204)
(126, 211)
(126, 213)
(126, 214)
(126, 219)
(126, 231)
(126, 245)
(127, 131)
(127, 132)
(127, 156)
(127, 173)
(127, 174)
(127, 180)
(127, 181)
(127, 182)
(127, 184)
(127, 187)
(127, 195)
(127, 197)
(127, 208)
(127, 227)
(127, 228)
(127, 229)
(127, 233)
(127, 146)
(128, 134)
(128, 160)
(128, 162)
(128, 164)
(128, 204)
(128, 206)
(128, 216)
(128, 222)
(128, 224)
(128, 145)
(128, 240)
(129, 133)
(129, 202)
(129, 212)
(129, 215)
(129, 190)
(130, 135)
(130, 143)
(130, 148)
(130, 149)
(130, 151)
(130, 155)
(130, 159)
(130, 172)
(130, 175)
(130, 177)
(130, 191)
(130, 225)
(130, 230)
(130, 232)
(130, 244)
(130, 247)
(131, 132)
(131, 139)
(131, 146)
(131, 173)
(131, 180)
(131, 181)
(131, 184)
(131, 182)
(131, 198)
(131, 200)
(131, 208)
(131, 227)
(131, 229)
(131, 233)
(131, 238)
(131, 246)
(132, 227)
(132, 198)
(132, 200)
(132, 139)
(132, 238)
(132, 189)
(132, 208)
(132, 146)
(132, 181)
(132, 246)
(132, 184)
(132, 221)
(133, 161)
(133, 194)
(133, 202)
(133, 237)
(133, 142)
(133, 207)
(133, 212)
(133, 215)
(133, 190)
(134, 145)
(134, 160)
(134, 162)
(134, 164)
(134, 204)
(134, 206)
(134, 216)
(134, 219)
(134, 222)
(134, 224)
(134, 231)
(134, 240)
(135, 143)
(135, 159)
(135, 167)
(135, 178)
(135, 185)
(135, 196)
(135, 209)
(135, 210)
(135, 230)
(135, 244)
(135, 248)
(135, 249)
(136, 163)
(136, 172)
(136, 178)
(136, 245)
(136, 153)
(136, 213)
(137, 156)
(137, 179)
(137, 182)
(137, 185)
(137, 186)
(137, 187)
(137, 193)
(137, 195)
(137, 196)
(137, 197)
(137, 140)
(137, 223)
(137, 226)
(137, 243)
(137, 248)
(137, 249)
(138, 165)
(138, 239)
(138, 247)
(138, 152)
(138, 175)
(139, 238)
(139, 146)
(139, 181)
(139, 246)
(139, 189)
(140, 150)
(140, 156)
(140, 179)
(140, 187)
(140, 193)
(140, 195)
(140, 242)
(140, 243)
(141, 192)
(141, 194)
(141, 199)
(141, 201)
(141, 202)
(141, 235)
(141, 237)
(141, 144)
(141, 215)
(141, 169)
(141, 218)
(141, 190)
(142, 161)
(142, 194)
(142, 171)
(142, 205)
(142, 207)
(142, 237)
(142, 150)
(142, 215)
(143, 149)
(143, 151)
(143, 157)
(143, 159)
(143, 172)
(143, 175)
(143, 191)
(143, 210)
(143, 221)
(143, 225)
(143, 230)
(143, 232)
(143, 244)
(143, 247)
(143, 249)
(144, 169)
(144, 190)
(144, 192)
(144, 194)
(144, 199)
(144, 201)
(144, 202)
(144, 218)
(144, 235)
(144, 237)
(145, 158)
(145, 160)
(145, 162)
(145, 164)
(145, 204)
(145, 206)
(145, 216)
(145, 217)
(145, 219)
(145, 222)
(145, 224)
(145, 166)
(145, 231)
(145, 240)
(146, 173)
(146, 174)
(146, 180)
(146, 181)
(146, 184)
(146, 208)
(146, 227)
(146, 229)
(146, 233)
(146, 236)
(147, 166)
(147, 170)
(147, 176)
(147, 211)
(147, 183)
(147, 217)
(147, 219)
(147, 158)
(148, 149)
(148, 151)
(148, 153)
(148, 155)
(148, 172)
(148, 177)
(148, 225)
(148, 232)
(148, 247)
(148, 191)
(149, 151)
(149, 155)
(149, 159)
(149, 172)
(149, 175)
(149, 177)
(149, 225)
(149, 230)
(149, 232)
(149, 239)
(149, 247)
(149, 191)
(150, 161)
(150, 171)
(150, 194)
(150, 199)
(150, 207)
(150, 237)
(150, 242)
(151, 155)
(151, 159)
(151, 172)
(151, 175)
(151, 177)
(151, 225)
(151, 230)
(151, 232)
(151, 239)
(151, 247)
(151, 191)
(152, 165)
(152, 239)
(152, 247)
(152, 175)
(153, 213)
(153, 163)
(153, 232)
(153, 172)
(153, 178)
(153, 245)
(153, 191)
(154, 228)
(154, 203)
(154, 220)
(155, 172)
(155, 175)
(155, 177)
(155, 225)
(155, 232)
(155, 247)
(155, 191)
(156, 179)
(156, 182)
(156, 185)
(156, 187)
(156, 193)
(156, 195)
(156, 196)
(156, 197)
(156, 223)
(156, 243)
(156, 248)
(156, 249)
(157, 159)
(157, 175)
(157, 181)
(157, 182)
(157, 197)
(157, 198)
(157, 200)
(157, 208)
(157, 210)
(157, 221)
(157, 225)
(157, 238)
(157, 239)
(157, 246)
(157, 249)
(158, 160)
(158, 176)
(158, 162)
(158, 164)
(158, 166)
(158, 170)
(158, 204)
(158, 206)
(158, 240)
(158, 211)
(158, 183)
(158, 217)
(158, 219)
(159, 175)
(159, 198)
(159, 200)
(159, 210)
(159, 221)
(159, 225)
(159, 230)
(159, 238)
(159, 239)
(159, 244)
(159, 246)
(159, 247)
(159, 249)
(160, 162)
(160, 164)
(160, 166)
(160, 176)
(160, 188)
(160, 204)
(160, 206)
(160, 214)
(160, 217)
(160, 219)
(160, 231)
(160, 240)
(160, 245)
(161, 194)
(161, 202)
(161, 171)
(161, 237)
(161, 207)
(161, 212)
(161, 215)
(162, 164)
(162, 204)
(162, 206)
(162, 216)
(162, 217)
(162, 219)
(162, 222)
(162, 224)
(162, 231)
(162, 240)
(163, 167)
(163, 176)
(163, 178)
(163, 188)
(163, 209)
(163, 213)
(163, 214)
(163, 231)
(163, 245)
(164, 166)
(164, 176)
(164, 188)
(164, 204)
(164, 206)
(164, 214)
(164, 217)
(164, 219)
(164, 231)
(164, 240)
(164, 245)
(166, 170)
(166, 176)
(166, 183)
(166, 204)
(166, 206)
(166, 211)
(166, 217)
(166, 219)
(166, 240)
(167, 178)
(167, 209)
(167, 213)
(167, 214)
(167, 231)
(167, 188)
(167, 244)
(167, 245)
(168, 185)
(168, 186)
(168, 199)
(168, 201)
(168, 209)
(168, 223)
(168, 226)
(168, 234)
(168, 235)
(168, 241)
(168, 248)
(169, 192)
(169, 201)
(169, 235)
(169, 218)
(169, 190)
(170, 176)
(170, 211)
(170, 183)
(170, 217)
(170, 219)
(171, 194)
(171, 205)
(171, 207)
(171, 242)
(171, 237)
(171, 215)
(172, 177)
(172, 225)
(172, 230)
(172, 232)
(172, 247)
(172, 191)
(173, 174)
(173, 180)
(173, 227)
(173, 228)
(173, 229)
(173, 233)
(173, 236)
(174, 180)
(174, 227)
(174, 228)
(174, 229)
(174, 233)
(174, 236)
(175, 177)
(175, 225)
(175, 230)
(175, 232)
(175, 239)
(175, 247)
(175, 191)
(176, 178)
(176, 188)
(176, 204)
(176, 211)
(176, 213)
(176, 214)
(176, 217)
(176, 219)
(176, 231)
(176, 240)
(176, 245)
(177, 225)
(177, 232)
(177, 247)
(177, 191)
(178, 209)
(178, 213)
(178, 214)
(178, 231)
(178, 188)
(178, 245)
(179, 182)
(179, 185)
(179, 187)
(179, 193)
(179, 195)
(179, 196)
(179, 197)
(179, 223)
(179, 243)
(179, 248)
(180, 184)
(180, 195)
(180, 227)
(180, 228)
(180, 229)
(180, 233)
(181, 182)
(181, 184)
(181, 189)
(181, 198)
(181, 200)
(181, 208)
(181, 221)
(181, 238)
(181, 246)
(182, 184)
(182, 193)
(182, 196)
(182, 197)
(182, 198)
(182, 200)
(182, 208)
(182, 210)
(182, 221)
(182, 187)
(182, 238)
(182, 246)
(182, 249)
(183, 211)
(183, 217)
(183, 219)
(184, 221)
(184, 197)
(184, 198)
(184, 200)
(184, 208)
(184, 227)
(184, 229)
(184, 238)
(184, 246)
(185, 186)
(185, 187)
(185, 193)
(185, 196)
(185, 197)
(185, 209)
(185, 223)
(185, 226)
(185, 243)
(185, 244)
(185, 248)
(185, 249)
(186, 209)
(186, 223)
(186, 226)
(186, 234)
(186, 241)
(186, 248)
(187, 193)
(187, 195)
(187, 196)
(187, 197)
(187, 200)
(187, 208)
(187, 223)
(187, 243)
(187, 248)
(187, 249)
(188, 204)
(188, 209)
(188, 213)
(188, 214)
(188, 231)
(188, 245)
(189, 198)
(189, 238)
(189, 246)
(189, 221)
(190, 192)
(190, 194)
(190, 199)
(190, 201)
(190, 202)
(190, 212)
(190, 215)
(190, 218)
(190, 235)
(190, 237)
(191, 225)
(191, 230)
(191, 232)
(191, 247)
(192, 194)
(192, 199)
(192, 201)
(192, 202)
(192, 235)
(192, 237)
(192, 218)
(193, 195)
(193, 196)
(193, 197)
(193, 223)
(193, 243)
(193, 248)
(194, 199)
(194, 201)
(194, 202)
(194, 207)
(194, 212)
(194, 215)
(194, 218)
(194, 237)
(194, 242)
(195, 197)
(195, 228)
(195, 243)
(196, 197)
(196, 200)
(196, 208)
(196, 210)
(196, 244)
(196, 248)
(196, 249)
(197, 198)
(197, 200)
(197, 208)
(197, 210)
(197, 221)
(197, 249)
(198, 200)
(198, 208)
(198, 210)
(198, 221)
(198, 238)
(198, 246)
(198, 249)
(199, 201)
(199, 218)
(199, 235)
(199, 237)
(199, 241)
(199, 242)
(200, 208)
(200, 210)
(200, 221)
(200, 238)
(200, 246)
(200, 249)
(201, 218)
(201, 234)
(201, 235)
(201, 241)
(202, 237)
(202, 212)
(202, 215)
(202, 218)
(203, 228)
(203, 205)
(203, 220)
(204, 206)
(204, 214)
(204, 217)
(204, 219)
(204, 231)
(204, 240)
(204, 245)
(205, 207)
(205, 220)
(206, 216)
(206, 217)
(206, 219)
(206, 240)
(207, 215)
(207, 237)
(207, 242)
(207, 212)
(208, 210)
(208, 221)
(208, 238)
(208, 246)
(208, 249)
(209, 214)
(209, 223)
(209, 226)
(209, 231)
(209, 234)
(209, 244)
(209, 248)
(210, 221)
(210, 225)
(210, 230)
(210, 238)
(210, 244)
(210, 246)
(210, 249)
(211, 213)
(211, 217)
(211, 219)
(211, 231)
(211, 245)
(212, 215)
(212, 237)
(213, 214)
(213, 231)
(213, 245)
(214, 231)
(214, 245)
(215, 237)
(216, 224)
(216, 240)
(216, 222)
(217, 219)
(217, 240)
(218, 237)
(218, 235)
(219, 231)
(219, 240)
(221, 238)
(221, 246)
(221, 249)
(222, 224)
(222, 234)
(222, 235)
(223, 226)
(223, 234)
(223, 241)
(223, 242)
(223, 243)
(223, 248)
(224, 234)
(225, 230)
(225, 232)
(225, 239)
(225, 244)
(225, 247)
(226, 234)
(226, 241)
(226, 248)
(227, 229)
(227, 233)
(227, 236)
(229, 233)
(229, 236)
(230, 232)
(230, 244)
(230, 247)
(230, 249)
(231, 240)
(231, 245)
(232, 247)
(233, 236)
(234, 235)
(234, 241)
(235, 241)
(237, 242)
(238, 246)
(239, 247)
(241, 248)
(242, 243)
(244, 249)
(246, 249)
