#Nodes
0
1
2
3
4
5
6
7
8
9
10
11
12
13
14
15
16
17
18
19
20
21
22
23
24
25
26
27
28
29
30
31
32
33
34
35
36
37
38
39
40
41
42
43
44
45
46
47
48
49
50
51
52
53
54
55
56
57
58
59
60
61
62
63
64
65
66
67
68
69
70
71
72
73
74
75
76
77
78
79
80
81
82
83
84
85
86
87
88
89
90
91
92
93
94
95
96
97
98
99
100
101
102
103
104
105
106
107
108
109
110
111
112
113
114
115
116
117
118
119
120
121
122
123
124
125
126
127
128
129
130
131
132
133
134
135
136
137
138
139
140
141
142
143
144
145
146
147
148
149
150
151
152
153
154
155
156
157
158
159
160
161
162
163
164
165
166
167
168
169
170
171
172
173
174
175
176
177
178
179
180
181
182
183
184
185
186
187
188
189
190
191
192
193
194
195
196
197
198
199
200
201
202
203
204
205
206
207
208
209
210
211
212
213
214
215
216
217
218
219
220
221
222
223
224
225
226
227
228
229
230
231
232
233
234
235
236
237
238
239
240
241
242
243
244
245
246
247
248
249
#Edges
(0, 135)
(0, 8)
(0, 13)
(0, 146)
(0, 165)
(0, 168)
(0, 41)
(0, 175)
(0, 189)
(0, 50)
(0, 55)
(0, 186)
(0, 61)
(0, 190)
(0, 66)
(0, 70)
(0, 73)
(0, 37)
(0, 98)
(0, 234)
(0, 235)
(0, 111)
(0, 40)
(0, 125)
(1, 134)
(1, 18)
(1, 26)
(1, 159)
(1, 160)
(1, 49)
(1, 31)
(1, 174)
(1, 177)
(1, 180)
(1, 54)
(1, 187)
(1, 62)
(1, 64)
(1, 194)
(1, 67)
(1, 196)
(1, 69)
(1, 203)
(1, 206)
(1, 212)
(1, 92)
(1, 101)
(1, 225)
(1, 229)
(1, 237)
(1, 241)
(1, 115)
(2, 128)
(2, 129)
(2, 4)
(2, 7)
(2, 138)
(2, 15)
(2, 16)
(2, 155)
(2, 158)
(2, 32)
(2, 27)
(2, 164)
(2, 166)
(2, 42)
(2, 172)
(2, 173)
(2, 47)
(2, 178)
(2, 53)
(2, 183)
(2, 58)
(2, 60)
(2, 10)
(2, 193)
(2, 74)
(2, 77)
(2, 207)
(2, 120)
(2, 83)
(2, 218)
(2, 221)
(2, 223)
(2, 230)
(2, 239)
(2, 240)
(2, 113)
(2, 245)
(2, 119)
(2, 248)
(2, 123)
(3, 128)
(3, 129)
(3, 6)
(3, 9)
(3, 13)
(3, 151)
(3, 154)
(3, 47)
(3, 27)
(3, 166)
(3, 42)
(3, 175)
(3, 177)
(3, 178)
(3, 185)
(3, 62)
(3, 196)
(3, 69)
(3, 199)
(3, 76)
(3, 206)
(3, 207)
(3, 217)
(3, 223)
(3, 234)
(3, 235)
(3, 111)
(3, 245)
(3, 248)
(4, 128)
(4, 129)
(4, 7)
(4, 16)
(4, 147)
(4, 155)
(4, 48)
(4, 164)
(4, 172)
(4, 47)
(4, 176)
(4, 53)
(4, 183)
(4, 57)
(4, 58)
(4, 60)
(4, 77)
(4, 248)
(4, 217)
(4, 221)
(4, 223)
(4, 96)
(4, 228)
(4, 102)
(4, 230)
(4, 232)
(4, 108)
(4, 239)
(4, 240)
(4, 113)
(4, 242)
(4, 245)
(4, 246)
(4, 119)
(4, 120)
(4, 123)
(5, 136)
(5, 138)
(5, 139)
(5, 14)
(5, 144)
(5, 149)
(5, 150)
(5, 156)
(5, 158)
(5, 32)
(5, 161)
(5, 173)
(5, 52)
(5, 56)
(5, 59)
(5, 195)
(5, 71)
(5, 74)
(5, 75)
(5, 79)
(5, 83)
(5, 213)
(5, 88)
(5, 218)
(5, 219)
(5, 33)
(5, 247)
(6, 128)
(6, 129)
(6, 9)
(6, 16)
(6, 147)
(6, 154)
(6, 27)
(6, 166)
(6, 42)
(6, 47)
(6, 176)
(6, 178)
(6, 183)
(6, 185)
(6, 198)
(6, 199)
(6, 201)
(6, 76)
(6, 77)
(6, 207)
(6, 217)
(6, 223)
(6, 230)
(6, 108)
(6, 113)
(6, 245)
(6, 248)
(6, 126)
(7, 128)
(7, 138)
(7, 15)
(7, 16)
(7, 155)
(7, 158)
(7, 32)
(7, 164)
(7, 166)
(7, 172)
(7, 173)
(7, 178)
(7, 53)
(7, 58)
(7, 60)
(7, 10)
(7, 193)
(7, 74)
(7, 77)
(7, 207)
(7, 248)
(7, 83)
(7, 218)
(7, 219)
(7, 221)
(7, 223)
(7, 230)
(7, 239)
(7, 240)
(7, 113)
(7, 245)
(7, 119)
(7, 120)
(7, 123)
(8, 135)
(8, 146)
(8, 148)
(8, 24)
(8, 165)
(8, 168)
(8, 41)
(8, 179)
(8, 181)
(8, 186)
(8, 189)
(8, 192)
(8, 66)
(8, 200)
(8, 73)
(8, 78)
(8, 211)
(8, 86)
(8, 90)
(8, 91)
(8, 222)
(8, 224)
(8, 98)
(8, 104)
(8, 107)
(8, 61)
(8, 40)
(8, 125)
(9, 128)
(9, 129)
(9, 13)
(9, 154)
(9, 27)
(9, 166)
(9, 42)
(9, 47)
(9, 178)
(9, 185)
(9, 199)
(9, 76)
(9, 77)
(9, 206)
(9, 207)
(9, 217)
(9, 223)
(9, 230)
(9, 234)
(9, 235)
(9, 113)
(9, 245)
(9, 248)
(10, 128)
(10, 138)
(10, 16)
(10, 155)
(10, 156)
(10, 158)
(10, 32)
(10, 161)
(10, 164)
(10, 172)
(10, 173)
(10, 178)
(10, 53)
(10, 58)
(10, 60)
(10, 193)
(10, 71)
(10, 74)
(10, 77)
(10, 83)
(10, 218)
(10, 219)
(10, 221)
(10, 100)
(10, 230)
(10, 239)
(10, 240)
(10, 113)
(10, 119)
(10, 120)
(10, 123)
(11, 137)
(11, 140)
(11, 141)
(11, 145)
(11, 21)
(11, 29)
(11, 162)
(11, 46)
(11, 182)
(11, 188)
(11, 197)
(11, 80)
(11, 81)
(11, 85)
(11, 216)
(11, 89)
(11, 227)
(11, 17)
(11, 233)
(11, 236)
(11, 109)
(11, 110)
(11, 114)
(11, 118)
(11, 105)
(11, 249)
(12, 135)
(12, 13)
(12, 146)
(12, 31)
(12, 18)
(12, 40)
(12, 41)
(12, 174)
(12, 175)
(12, 177)
(12, 50)
(12, 54)
(12, 55)
(12, 187)
(12, 61)
(12, 190)
(12, 64)
(12, 67)
(12, 222)
(12, 225)
(12, 237)
(12, 111)
(12, 112)
(12, 115)
(12, 62)
(13, 98)
(13, 199)
(13, 234)
(13, 235)
(13, 175)
(13, 112)
(13, 177)
(13, 50)
(13, 62)
(13, 55)
(13, 111)
(13, 135)
(13, 61)
(13, 190)
(13, 31)
(14, 136)
(14, 138)
(14, 139)
(14, 144)
(14, 149)
(14, 150)
(14, 156)
(14, 158)
(14, 32)
(14, 161)
(14, 173)
(14, 52)
(14, 56)
(14, 59)
(14, 195)
(14, 71)
(14, 74)
(14, 75)
(14, 79)
(14, 83)
(14, 213)
(14, 88)
(14, 218)
(14, 219)
(14, 33)
(14, 247)
(15, 128)
(15, 138)
(15, 158)
(15, 32)
(15, 37)
(15, 166)
(15, 173)
(15, 178)
(15, 58)
(15, 59)
(15, 60)
(15, 70)
(15, 71)
(15, 73)
(15, 74)
(15, 77)
(15, 207)
(15, 83)
(15, 213)
(15, 99)
(15, 230)
(15, 234)
(15, 235)
(15, 113)
(15, 125)
(16, 128)
(16, 129)
(16, 147)
(16, 155)
(16, 27)
(16, 164)
(16, 166)
(16, 172)
(16, 47)
(16, 176)
(16, 53)
(16, 183)
(16, 57)
(16, 58)
(16, 60)
(16, 77)
(16, 248)
(16, 217)
(16, 221)
(16, 223)
(16, 228)
(16, 102)
(16, 230)
(16, 232)
(16, 108)
(16, 239)
(16, 240)
(16, 113)
(16, 242)
(16, 245)
(16, 119)
(16, 120)
(16, 123)
(17, 137)
(17, 141)
(17, 145)
(17, 147)
(17, 20)
(17, 21)
(17, 157)
(17, 162)
(17, 35)
(17, 46)
(17, 29)
(17, 176)
(17, 182)
(17, 57)
(17, 188)
(17, 191)
(17, 197)
(17, 198)
(17, 202)
(17, 80)
(17, 81)
(17, 85)
(17, 216)
(17, 89)
(17, 97)
(17, 227)
(17, 228)
(17, 233)
(17, 106)
(17, 108)
(17, 109)
(17, 114)
(17, 118)
(17, 105)
(17, 249)
(18, 64)
(18, 225)
(18, 67)
(18, 237)
(18, 174)
(18, 111)
(18, 112)
(18, 50)
(18, 115)
(18, 212)
(18, 54)
(18, 55)
(18, 187)
(18, 190)
(18, 31)
(19, 130)
(19, 20)
(19, 22)
(19, 151)
(19, 152)
(19, 25)
(19, 154)
(19, 157)
(19, 35)
(19, 36)
(19, 185)
(19, 63)
(19, 198)
(19, 201)
(19, 202)
(19, 76)
(19, 82)
(19, 163)
(19, 84)
(19, 214)
(19, 106)
(19, 243)
(19, 191)
(19, 126)
(20, 130)
(20, 137)
(20, 147)
(20, 22)
(20, 157)
(20, 162)
(20, 163)
(20, 36)
(20, 29)
(20, 176)
(20, 57)
(20, 191)
(20, 198)
(20, 201)
(20, 202)
(20, 80)
(20, 35)
(20, 85)
(20, 185)
(20, 97)
(20, 106)
(20, 108)
(20, 114)
(20, 118)
(20, 126)
(21, 137)
(21, 140)
(21, 141)
(21, 145)
(21, 29)
(21, 162)
(21, 46)
(21, 182)
(21, 188)
(21, 197)
(21, 80)
(21, 81)
(21, 85)
(21, 216)
(21, 89)
(21, 227)
(21, 233)
(21, 236)
(21, 109)
(21, 110)
(21, 114)
(21, 118)
(21, 105)
(21, 249)
(22, 130)
(22, 151)
(22, 152)
(22, 25)
(22, 154)
(22, 157)
(22, 35)
(22, 36)
(22, 185)
(22, 63)
(22, 198)
(22, 201)
(22, 202)
(22, 76)
(22, 82)
(22, 163)
(22, 84)
(22, 214)
(22, 243)
(22, 126)
(23, 131)
(23, 142)
(23, 148)
(23, 24)
(23, 34)
(23, 170)
(23, 44)
(23, 179)
(23, 52)
(23, 181)
(23, 184)
(23, 192)
(23, 65)
(23, 72)
(23, 205)
(23, 79)
(23, 211)
(23, 86)
(23, 91)
(23, 220)
(23, 95)
(23, 224)
(23, 103)
(23, 104)
(23, 238)
(23, 127)
(24, 131)
(24, 142)
(24, 148)
(24, 165)
(24, 170)
(24, 44)
(24, 72)
(24, 179)
(24, 181)
(24, 192)
(24, 65)
(24, 66)
(24, 200)
(24, 78)
(24, 211)
(24, 86)
(24, 90)
(24, 91)
(24, 95)
(24, 224)
(24, 103)
(24, 104)
(24, 107)
(24, 127)
(25, 35)
(25, 130)
(25, 163)
(25, 36)
(25, 82)
(25, 243)
(25, 84)
(25, 152)
(25, 63)
(26, 160)
(26, 133)
(26, 194)
(26, 229)
(26, 134)
(26, 64)
(26, 92)
(26, 203)
(26, 241)
(26, 180)
(26, 87)
(26, 212)
(26, 101)
(26, 159)
(27, 128)
(27, 129)
(27, 147)
(27, 154)
(27, 166)
(27, 42)
(27, 47)
(27, 178)
(27, 185)
(27, 60)
(27, 199)
(27, 77)
(27, 207)
(27, 217)
(27, 223)
(27, 230)
(27, 234)
(27, 108)
(27, 113)
(27, 245)
(27, 248)
(28, 68)
(28, 43)
(28, 132)
(28, 39)
(28, 38)
(28, 167)
(28, 169)
(28, 30)
(28, 171)
(28, 45)
(28, 143)
(28, 208)
(28, 51)
(28, 116)
(28, 117)
(28, 215)
(28, 153)
(28, 122)
(28, 124)
(28, 94)
(28, 231)
(29, 137)
(29, 140)
(29, 141)
(29, 145)
(29, 162)
(29, 46)
(29, 176)
(29, 182)
(29, 57)
(29, 188)
(29, 191)
(29, 197)
(29, 202)
(29, 204)
(29, 80)
(29, 81)
(29, 85)
(29, 216)
(29, 89)
(29, 97)
(29, 227)
(29, 228)
(29, 233)
(29, 106)
(29, 236)
(29, 109)
(29, 110)
(29, 114)
(29, 118)
(29, 105)
(29, 249)
(30, 43)
(30, 132)
(30, 136)
(30, 143)
(30, 153)
(30, 161)
(30, 164)
(30, 38)
(30, 167)
(30, 169)
(30, 171)
(30, 93)
(30, 51)
(30, 56)
(30, 193)
(30, 68)
(30, 208)
(30, 215)
(30, 219)
(30, 221)
(30, 94)
(30, 96)
(30, 100)
(30, 231)
(30, 39)
(30, 239)
(30, 116)
(30, 117)
(30, 246)
(30, 120)
(30, 122)
(30, 124)
(31, 134)
(31, 49)
(31, 174)
(31, 175)
(31, 177)
(31, 50)
(31, 54)
(31, 55)
(31, 187)
(31, 62)
(31, 64)
(31, 67)
(31, 196)
(31, 69)
(31, 206)
(31, 212)
(31, 92)
(31, 225)
(31, 237)
(31, 111)
(31, 112)
(31, 115)
(31, 190)
(32, 128)
(32, 138)
(32, 156)
(32, 158)
(32, 37)
(32, 166)
(32, 172)
(32, 173)
(32, 178)
(32, 53)
(32, 58)
(32, 59)
(32, 60)
(32, 193)
(32, 71)
(32, 74)
(32, 77)
(32, 207)
(32, 83)
(32, 218)
(32, 219)
(32, 221)
(32, 99)
(32, 230)
(32, 234)
(32, 240)
(32, 113)
(32, 119)
(32, 123)
(33, 161)
(33, 195)
(33, 132)
(33, 39)
(33, 136)
(33, 171)
(33, 144)
(33, 56)
(33, 75)
(33, 139)
(33, 149)
(33, 43)
(33, 247)
(33, 88)
(33, 153)
(33, 219)
(33, 156)
(33, 93)
(34, 131)
(34, 148)
(34, 150)
(34, 170)
(34, 44)
(34, 179)
(34, 52)
(34, 181)
(34, 184)
(34, 59)
(34, 192)
(34, 65)
(34, 72)
(34, 75)
(34, 205)
(34, 79)
(34, 211)
(34, 213)
(34, 220)
(34, 103)
(34, 238)
(34, 247)
(34, 127)
(35, 162)
(35, 163)
(35, 82)
(35, 198)
(35, 201)
(35, 202)
(35, 130)
(35, 210)
(35, 243)
(35, 106)
(35, 118)
(35, 137)
(35, 36)
(35, 63)
(35, 157)
(35, 191)
(36, 130)
(36, 151)
(36, 152)
(36, 154)
(36, 157)
(36, 185)
(36, 63)
(36, 69)
(36, 198)
(36, 201)
(36, 76)
(36, 82)
(36, 163)
(36, 84)
(36, 214)
(36, 243)
(36, 126)
(37, 128)
(37, 98)
(37, 99)
(37, 165)
(37, 70)
(37, 168)
(37, 73)
(37, 234)
(37, 235)
(37, 77)
(37, 207)
(37, 113)
(37, 178)
(37, 83)
(37, 213)
(37, 175)
(37, 220)
(37, 125)
(38, 96)
(38, 43)
(38, 100)
(38, 231)
(38, 169)
(38, 167)
(38, 45)
(38, 143)
(38, 208)
(38, 209)
(38, 51)
(38, 116)
(38, 117)
(38, 246)
(38, 215)
(38, 68)
(38, 122)
(38, 94)
(39, 43)
(39, 132)
(39, 136)
(39, 143)
(39, 149)
(39, 153)
(39, 156)
(39, 161)
(39, 167)
(39, 169)
(39, 171)
(39, 56)
(39, 193)
(39, 195)
(39, 68)
(39, 208)
(39, 215)
(39, 88)
(39, 219)
(39, 93)
(39, 94)
(39, 231)
(39, 116)
(39, 117)
(39, 122)
(39, 124)
(40, 225)
(40, 98)
(40, 50)
(40, 135)
(40, 168)
(40, 41)
(40, 66)
(40, 175)
(40, 112)
(40, 146)
(40, 222)
(40, 55)
(40, 186)
(40, 111)
(40, 61)
(40, 190)
(41, 225)
(41, 66)
(41, 135)
(41, 168)
(41, 50)
(41, 61)
(41, 112)
(41, 146)
(41, 222)
(41, 55)
(41, 186)
(41, 189)
(41, 190)
(42, 128)
(42, 129)
(42, 147)
(42, 154)
(42, 166)
(42, 47)
(42, 178)
(42, 185)
(42, 60)
(42, 199)
(42, 77)
(42, 207)
(42, 217)
(42, 223)
(42, 230)
(42, 234)
(42, 235)
(42, 113)
(42, 245)
(42, 248)
(43, 132)
(43, 136)
(43, 143)
(43, 149)
(43, 153)
(43, 161)
(43, 167)
(43, 169)
(43, 171)
(43, 45)
(43, 51)
(43, 56)
(43, 193)
(43, 195)
(43, 68)
(43, 208)
(43, 215)
(43, 88)
(43, 219)
(43, 93)
(43, 94)
(43, 231)
(43, 116)
(43, 117)
(43, 122)
(43, 124)
(44, 131)
(44, 142)
(44, 148)
(44, 170)
(44, 179)
(44, 181)
(44, 184)
(44, 192)
(44, 65)
(44, 72)
(44, 205)
(44, 86)
(44, 90)
(44, 91)
(44, 95)
(44, 224)
(44, 103)
(44, 104)
(44, 127)
(45, 68)
(45, 132)
(45, 231)
(45, 171)
(45, 143)
(45, 116)
(45, 117)
(45, 215)
(45, 153)
(45, 122)
(45, 124)
(46, 137)
(46, 140)
(46, 141)
(46, 145)
(46, 162)
(46, 182)
(46, 188)
(46, 197)
(46, 80)
(46, 81)
(46, 210)
(46, 85)
(46, 216)
(46, 89)
(46, 227)
(46, 233)
(46, 106)
(46, 236)
(46, 109)
(46, 110)
(46, 114)
(46, 118)
(46, 105)
(46, 249)
(47, 128)
(47, 129)
(47, 147)
(47, 154)
(47, 166)
(47, 172)
(47, 176)
(47, 178)
(47, 183)
(47, 185)
(47, 60)
(47, 199)
(47, 77)
(47, 207)
(47, 217)
(47, 223)
(47, 230)
(47, 108)
(47, 113)
(47, 242)
(47, 245)
(47, 119)
(47, 248)
(48, 155)
(48, 164)
(48, 167)
(48, 169)
(48, 51)
(48, 183)
(48, 204)
(48, 208)
(48, 209)
(48, 228)
(48, 94)
(48, 96)
(48, 226)
(48, 227)
(48, 100)
(48, 102)
(48, 232)
(48, 239)
(48, 242)
(48, 244)
(48, 246)
(48, 120)
(48, 121)
(49, 134)
(49, 151)
(49, 159)
(49, 160)
(49, 174)
(49, 177)
(49, 180)
(49, 187)
(49, 62)
(49, 64)
(49, 194)
(49, 67)
(49, 196)
(49, 69)
(49, 203)
(49, 76)
(49, 206)
(49, 212)
(49, 214)
(49, 92)
(49, 229)
(49, 237)
(49, 111)
(49, 241)
(49, 115)
(50, 135)
(50, 146)
(50, 168)
(50, 175)
(50, 177)
(50, 55)
(50, 186)
(50, 187)
(50, 61)
(50, 190)
(50, 66)
(50, 222)
(50, 225)
(50, 98)
(50, 111)
(50, 112)
(51, 143)
(51, 164)
(51, 167)
(51, 169)
(51, 193)
(51, 68)
(51, 208)
(51, 209)
(51, 215)
(51, 94)
(51, 96)
(51, 100)
(51, 231)
(51, 239)
(51, 116)
(51, 117)
(51, 246)
(51, 120)
(51, 122)
(52, 139)
(52, 148)
(52, 150)
(52, 165)
(52, 179)
(52, 181)
(52, 184)
(52, 59)
(52, 70)
(52, 71)
(52, 75)
(52, 205)
(52, 79)
(52, 211)
(52, 213)
(52, 220)
(52, 99)
(52, 103)
(52, 238)
(52, 247)
(53, 128)
(53, 138)
(53, 155)
(53, 158)
(53, 164)
(53, 172)
(53, 173)
(53, 178)
(53, 183)
(53, 58)
(53, 60)
(53, 193)
(53, 74)
(53, 77)
(53, 83)
(53, 218)
(53, 219)
(53, 221)
(53, 96)
(53, 100)
(53, 230)
(53, 239)
(53, 240)
(53, 113)
(53, 242)
(53, 246)
(53, 119)
(53, 120)
(53, 123)
(54, 64)
(54, 225)
(54, 67)
(54, 203)
(54, 237)
(54, 174)
(54, 112)
(54, 115)
(54, 212)
(54, 187)
(55, 135)
(55, 146)
(55, 175)
(55, 177)
(55, 187)
(55, 61)
(55, 190)
(55, 67)
(55, 222)
(55, 225)
(55, 98)
(55, 237)
(55, 111)
(55, 112)
(55, 115)
(55, 62)
(56, 132)
(56, 136)
(56, 139)
(56, 144)
(56, 149)
(56, 153)
(56, 156)
(56, 161)
(56, 171)
(56, 173)
(56, 158)
(56, 193)
(56, 195)
(56, 71)
(56, 215)
(56, 88)
(56, 218)
(56, 219)
(56, 93)
(57, 140)
(57, 141)
(57, 145)
(57, 147)
(57, 114)
(57, 176)
(57, 182)
(57, 183)
(57, 191)
(57, 197)
(57, 204)
(57, 80)
(57, 81)
(57, 85)
(57, 216)
(57, 89)
(57, 97)
(57, 226)
(57, 227)
(57, 228)
(57, 102)
(57, 232)
(57, 233)
(57, 106)
(57, 108)
(57, 109)
(57, 242)
(57, 118)
(57, 249)
(58, 128)
(58, 138)
(58, 155)
(58, 156)
(58, 158)
(58, 164)
(58, 166)
(58, 172)
(58, 173)
(58, 178)
(58, 60)
(58, 193)
(58, 74)
(58, 77)
(58, 207)
(58, 83)
(58, 218)
(58, 219)
(58, 221)
(58, 230)
(58, 239)
(58, 240)
(58, 113)
(58, 119)
(58, 120)
(58, 123)
(59, 138)
(59, 139)
(59, 144)
(59, 149)
(59, 150)
(59, 156)
(59, 158)
(59, 173)
(59, 184)
(59, 70)
(59, 71)
(59, 74)
(59, 75)
(59, 205)
(59, 79)
(59, 83)
(59, 213)
(59, 220)
(59, 99)
(59, 238)
(59, 247)
(60, 128)
(60, 129)
(60, 138)
(60, 155)
(60, 158)
(60, 164)
(60, 166)
(60, 172)
(60, 178)
(60, 183)
(60, 74)
(60, 77)
(60, 207)
(60, 83)
(60, 217)
(60, 218)
(60, 221)
(60, 223)
(60, 230)
(60, 234)
(60, 240)
(60, 113)
(60, 245)
(60, 119)
(60, 248)
(60, 123)
(61, 135)
(61, 146)
(61, 168)
(61, 175)
(61, 186)
(61, 189)
(61, 190)
(61, 66)
(61, 200)
(61, 78)
(61, 222)
(61, 98)
(61, 112)
(61, 125)
(62, 134)
(62, 151)
(62, 159)
(62, 160)
(62, 175)
(62, 177)
(62, 187)
(62, 64)
(62, 67)
(62, 196)
(62, 69)
(62, 199)
(62, 76)
(62, 206)
(62, 214)
(62, 92)
(62, 237)
(62, 111)
(62, 115)
(63, 130)
(63, 163)
(63, 198)
(63, 201)
(63, 82)
(63, 243)
(63, 84)
(63, 214)
(63, 151)
(63, 152)
(63, 157)
(63, 126)
(64, 134)
(64, 177)
(64, 159)
(64, 174)
(64, 180)
(64, 187)
(64, 67)
(64, 203)
(64, 212)
(64, 87)
(64, 92)
(64, 225)
(64, 237)
(64, 115)
(65, 131)
(65, 142)
(65, 148)
(65, 165)
(65, 170)
(65, 72)
(65, 179)
(65, 181)
(65, 184)
(65, 192)
(65, 200)
(65, 205)
(65, 78)
(65, 211)
(65, 86)
(65, 90)
(65, 91)
(65, 220)
(65, 95)
(65, 224)
(65, 103)
(65, 104)
(65, 107)
(65, 127)
(66, 135)
(66, 146)
(66, 165)
(66, 168)
(66, 179)
(66, 186)
(66, 189)
(66, 200)
(66, 73)
(66, 78)
(66, 90)
(66, 222)
(66, 224)
(66, 98)
(66, 104)
(66, 107)
(66, 125)
(67, 134)
(67, 160)
(67, 159)
(67, 174)
(67, 177)
(67, 187)
(67, 196)
(67, 69)
(67, 203)
(67, 206)
(67, 212)
(67, 92)
(67, 225)
(67, 237)
(67, 111)
(67, 115)
(68, 132)
(68, 167)
(68, 169)
(68, 171)
(68, 143)
(68, 208)
(68, 116)
(68, 117)
(68, 215)
(68, 153)
(68, 122)
(68, 124)
(68, 94)
(68, 231)
(69, 160)
(69, 196)
(69, 134)
(69, 199)
(69, 76)
(69, 206)
(69, 177)
(69, 214)
(69, 151)
(69, 152)
(69, 154)
(69, 92)
(69, 126)
(69, 159)
(70, 148)
(70, 165)
(70, 168)
(70, 179)
(70, 181)
(70, 189)
(70, 73)
(70, 205)
(70, 79)
(70, 211)
(70, 213)
(70, 220)
(70, 98)
(70, 99)
(70, 234)
(70, 235)
(70, 238)
(70, 83)
(70, 125)
(71, 139)
(71, 144)
(71, 149)
(71, 150)
(71, 156)
(71, 158)
(71, 161)
(71, 173)
(71, 138)
(71, 74)
(71, 75)
(71, 79)
(71, 83)
(71, 213)
(71, 218)
(71, 219)
(71, 99)
(71, 238)
(71, 247)
(72, 131)
(72, 142)
(72, 148)
(72, 170)
(72, 179)
(72, 181)
(72, 184)
(72, 192)
(72, 200)
(72, 205)
(72, 78)
(72, 211)
(72, 86)
(72, 90)
(72, 91)
(72, 95)
(72, 224)
(72, 103)
(72, 104)
(72, 107)
(72, 127)
(73, 165)
(73, 98)
(73, 99)
(73, 179)
(73, 168)
(73, 234)
(73, 235)
(73, 205)
(73, 125)
(73, 211)
(73, 148)
(73, 213)
(73, 220)
(73, 189)
(73, 181)
(74, 138)
(74, 149)
(74, 156)
(74, 158)
(74, 161)
(74, 172)
(74, 173)
(74, 178)
(74, 193)
(74, 77)
(74, 83)
(74, 218)
(74, 219)
(74, 221)
(74, 99)
(74, 230)
(74, 240)
(74, 113)
(74, 119)
(74, 123)
(75, 161)
(75, 139)
(75, 173)
(75, 238)
(75, 205)
(75, 144)
(75, 213)
(75, 150)
(75, 247)
(75, 184)
(75, 79)
(75, 156)
(75, 149)
(76, 134)
(76, 151)
(76, 152)
(76, 154)
(76, 159)
(76, 160)
(76, 177)
(76, 185)
(76, 196)
(76, 198)
(76, 199)
(76, 201)
(76, 206)
(76, 214)
(76, 92)
(76, 126)
(77, 128)
(77, 129)
(77, 138)
(77, 158)
(77, 166)
(77, 172)
(77, 178)
(77, 207)
(77, 83)
(77, 217)
(77, 218)
(77, 221)
(77, 223)
(77, 230)
(77, 234)
(77, 235)
(77, 240)
(77, 113)
(77, 245)
(77, 119)
(77, 248)
(77, 123)
(78, 142)
(78, 148)
(78, 168)
(78, 179)
(78, 181)
(78, 186)
(78, 192)
(78, 200)
(78, 86)
(78, 90)
(78, 91)
(78, 95)
(78, 224)
(78, 104)
(78, 107)
(78, 189)
(79, 148)
(79, 150)
(79, 165)
(79, 179)
(79, 181)
(79, 184)
(79, 205)
(79, 211)
(79, 213)
(79, 220)
(79, 99)
(79, 103)
(79, 238)
(79, 247)
(80, 137)
(80, 140)
(80, 141)
(80, 145)
(80, 147)
(80, 162)
(80, 114)
(80, 176)
(80, 108)
(80, 182)
(80, 188)
(80, 191)
(80, 197)
(80, 204)
(80, 81)
(80, 85)
(80, 216)
(80, 89)
(80, 97)
(80, 226)
(80, 227)
(80, 228)
(80, 102)
(80, 232)
(80, 233)
(80, 106)
(80, 236)
(80, 109)
(80, 242)
(80, 118)
(80, 249)
(81, 140)
(81, 141)
(81, 182)
(81, 188)
(81, 197)
(81, 204)
(81, 85)
(81, 249)
(81, 216)
(81, 89)
(81, 226)
(81, 227)
(81, 228)
(81, 145)
(81, 233)
(81, 236)
(81, 109)
(81, 114)
(81, 244)
(81, 121)
(82, 130)
(82, 163)
(82, 201)
(82, 243)
(82, 84)
(82, 214)
(82, 151)
(82, 152)
(82, 157)
(82, 126)
(83, 128)
(83, 138)
(83, 156)
(83, 158)
(83, 172)
(83, 173)
(83, 178)
(83, 207)
(83, 213)
(83, 218)
(83, 221)
(83, 99)
(83, 230)
(83, 234)
(83, 235)
(83, 240)
(83, 113)
(83, 119)
(83, 123)
(84, 130)
(84, 163)
(84, 243)
(84, 214)
(84, 152)
(85, 137)
(85, 140)
(85, 141)
(85, 145)
(85, 162)
(85, 182)
(85, 188)
(85, 191)
(85, 197)
(85, 204)
(85, 216)
(85, 89)
(85, 97)
(85, 226)
(85, 227)
(85, 228)
(85, 233)
(85, 106)
(85, 236)
(85, 109)
(85, 110)
(85, 114)
(85, 118)
(85, 105)
(85, 249)
(86, 131)
(86, 142)
(86, 148)
(86, 165)
(86, 170)
(86, 179)
(86, 181)
(86, 192)
(86, 200)
(86, 211)
(86, 90)
(86, 91)
(86, 95)
(86, 224)
(86, 103)
(86, 104)
(86, 107)
(86, 127)
(87, 194)
(87, 229)
(87, 203)
(87, 241)
(87, 180)
(87, 212)
(87, 133)
(88, 161)
(88, 195)
(88, 132)
(88, 136)
(88, 124)
(88, 171)
(88, 144)
(88, 139)
(88, 149)
(88, 153)
(88, 219)
(88, 156)
(88, 93)
(89, 140)
(89, 141)
(89, 162)
(89, 182)
(89, 188)
(89, 197)
(89, 204)
(89, 216)
(89, 226)
(89, 227)
(89, 228)
(89, 145)
(89, 233)
(89, 236)
(89, 109)
(89, 110)
(89, 114)
(89, 118)
(89, 105)
(89, 249)
(90, 224)
(90, 192)
(90, 131)
(90, 200)
(90, 107)
(90, 142)
(90, 104)
(90, 91)
(90, 179)
(90, 148)
(90, 181)
(90, 95)
(90, 127)
(91, 131)
(91, 142)
(91, 148)
(91, 170)
(91, 179)
(91, 181)
(91, 192)
(91, 200)
(91, 211)
(91, 95)
(91, 224)
(91, 103)
(91, 104)
(91, 107)
(91, 127)
(92, 134)
(92, 151)
(92, 160)
(92, 177)
(92, 159)
(92, 180)
(92, 187)
(92, 194)
(92, 196)
(92, 203)
(92, 206)
(92, 212)
(92, 214)
(92, 101)
(92, 229)
(92, 237)
(92, 241)
(92, 115)
(93, 132)
(93, 136)
(93, 143)
(93, 149)
(93, 153)
(93, 171)
(93, 193)
(93, 195)
(93, 161)
(93, 215)
(93, 219)
(93, 231)
(93, 116)
(93, 117)
(93, 122)
(93, 124)
(94, 143)
(94, 153)
(94, 164)
(94, 167)
(94, 169)
(94, 193)
(94, 208)
(94, 209)
(94, 215)
(94, 219)
(94, 96)
(94, 100)
(94, 231)
(94, 239)
(94, 116)
(94, 117)
(94, 246)
(94, 120)
(94, 122)
(95, 224)
(95, 192)
(95, 131)
(95, 200)
(95, 170)
(95, 107)
(95, 142)
(95, 104)
(95, 179)
(95, 148)
(95, 181)
(95, 127)
(96, 155)
(96, 164)
(96, 167)
(96, 169)
(96, 172)
(96, 183)
(96, 193)
(96, 208)
(96, 209)
(96, 215)
(96, 221)
(96, 226)
(96, 100)
(96, 102)
(96, 232)
(96, 239)
(96, 240)
(96, 242)
(96, 244)
(96, 246)
(96, 119)
(96, 120)
(96, 121)
(97, 137)
(97, 141)
(97, 145)
(97, 147)
(97, 157)
(97, 162)
(97, 114)
(97, 176)
(97, 182)
(97, 183)
(97, 188)
(97, 191)
(97, 198)
(97, 201)
(97, 202)
(97, 216)
(97, 228)
(97, 232)
(97, 233)
(97, 106)
(97, 108)
(97, 109)
(97, 242)
(97, 118)
(97, 249)
(98, 135)
(98, 146)
(98, 165)
(98, 168)
(98, 175)
(98, 189)
(98, 186)
(98, 234)
(98, 235)
(98, 111)
(98, 125)
(99, 165)
(99, 234)
(99, 235)
(99, 205)
(99, 173)
(99, 178)
(99, 211)
(99, 213)
(99, 220)
(99, 125)
(100, 155)
(100, 164)
(100, 167)
(100, 169)
(100, 172)
(100, 193)
(100, 208)
(100, 209)
(100, 215)
(100, 218)
(100, 219)
(100, 221)
(100, 102)
(100, 239)
(100, 240)
(100, 246)
(100, 119)
(100, 120)
(100, 123)
(101, 160)
(101, 194)
(101, 229)
(101, 134)
(101, 203)
(101, 241)
(101, 180)
(101, 212)
(101, 159)
(102, 147)
(102, 155)
(102, 164)
(102, 172)
(102, 183)
(102, 204)
(102, 209)
(102, 226)
(102, 227)
(102, 228)
(102, 232)
(102, 108)
(102, 239)
(102, 242)
(102, 244)
(102, 246)
(102, 119)
(102, 120)
(103, 131)
(103, 142)
(103, 148)
(103, 165)
(103, 170)
(103, 179)
(103, 181)
(103, 184)
(103, 192)
(103, 205)
(103, 211)
(103, 213)
(103, 220)
(103, 224)
(103, 238)
(103, 127)
(104, 131)
(104, 142)
(104, 148)
(104, 165)
(104, 168)
(104, 170)
(104, 179)
(104, 181)
(104, 189)
(104, 192)
(104, 200)
(104, 211)
(104, 220)
(104, 224)
(104, 107)
(104, 127)
(105, 137)
(105, 141)
(105, 162)
(105, 182)
(105, 188)
(105, 197)
(105, 210)
(105, 216)
(105, 145)
(105, 233)
(105, 236)
(105, 109)
(105, 110)
(105, 114)
(105, 118)
(105, 249)
(106, 130)
(106, 137)
(106, 162)
(106, 157)
(106, 176)
(106, 188)
(106, 191)
(106, 198)
(106, 201)
(106, 202)
(106, 210)
(106, 233)
(106, 108)
(106, 114)
(106, 147)
(106, 118)
(106, 249)
(106, 126)
(107, 224)
(107, 192)
(107, 200)
(107, 142)
(107, 168)
(107, 179)
(107, 148)
(107, 181)
(107, 186)
(107, 189)
(108, 129)
(108, 147)
(108, 154)
(108, 155)
(108, 242)
(108, 176)
(108, 183)
(108, 185)
(108, 191)
(108, 198)
(108, 201)
(108, 217)
(108, 223)
(108, 228)
(108, 232)
(108, 114)
(108, 248)
(109, 140)
(109, 141)
(109, 182)
(109, 188)
(109, 197)
(109, 204)
(109, 249)
(109, 216)
(109, 226)
(109, 227)
(109, 228)
(109, 145)
(109, 233)
(109, 236)
(109, 114)
(109, 244)
(109, 118)
(109, 121)
(110, 162)
(110, 197)
(110, 233)
(110, 236)
(110, 141)
(110, 145)
(110, 182)
(110, 216)
(110, 188)
(110, 118)
(111, 135)
(111, 177)
(111, 175)
(111, 187)
(111, 199)
(111, 206)
(111, 225)
(111, 237)
(111, 112)
(111, 115)
(111, 190)
(112, 135)
(112, 146)
(112, 174)
(112, 175)
(112, 186)
(112, 187)
(112, 190)
(112, 222)
(112, 225)
(112, 237)
(112, 115)
(113, 128)
(113, 129)
(113, 138)
(113, 158)
(113, 166)
(113, 172)
(113, 178)
(113, 183)
(113, 207)
(113, 217)
(113, 218)
(113, 221)
(113, 223)
(113, 230)
(113, 234)
(113, 235)
(113, 240)
(113, 245)
(113, 119)
(113, 248)
(113, 123)
(114, 137)
(114, 140)
(114, 141)
(114, 145)
(114, 147)
(114, 162)
(114, 176)
(114, 182)
(114, 188)
(114, 191)
(114, 197)
(114, 202)
(114, 204)
(114, 216)
(114, 227)
(114, 228)
(114, 232)
(114, 233)
(114, 236)
(114, 118)
(114, 249)
(115, 134)
(115, 177)
(115, 159)
(115, 174)
(115, 187)
(115, 203)
(115, 212)
(115, 225)
(115, 237)
(116, 132)
(116, 167)
(116, 171)
(116, 143)
(116, 208)
(116, 117)
(116, 215)
(116, 153)
(116, 122)
(116, 124)
(116, 231)
(117, 132)
(117, 167)
(117, 171)
(117, 143)
(117, 215)
(117, 153)
(117, 122)
(117, 124)
(117, 231)
(118, 137)
(118, 141)
(118, 162)
(118, 157)
(118, 176)
(118, 182)
(118, 188)
(118, 191)
(118, 197)
(118, 202)
(118, 210)
(118, 216)
(118, 145)
(118, 233)
(118, 249)
(119, 128)
(119, 129)
(119, 138)
(119, 155)
(119, 158)
(119, 164)
(119, 166)
(119, 172)
(119, 178)
(119, 183)
(119, 193)
(119, 207)
(119, 120)
(119, 218)
(119, 221)
(119, 223)
(119, 230)
(119, 232)
(119, 239)
(119, 240)
(119, 242)
(119, 245)
(119, 246)
(119, 248)
(119, 123)
(120, 155)
(120, 164)
(120, 167)
(120, 169)
(120, 172)
(120, 183)
(120, 193)
(120, 208)
(120, 209)
(120, 215)
(120, 218)
(120, 221)
(120, 232)
(120, 239)
(120, 240)
(120, 242)
(120, 246)
(120, 123)
(121, 226)
(121, 227)
(121, 228)
(121, 140)
(121, 204)
(121, 209)
(121, 244)
(122, 171)
(122, 132)
(122, 143)
(122, 153)
(122, 167)
(122, 169)
(122, 208)
(122, 215)
(122, 231)
(122, 124)
(123, 128)
(123, 155)
(123, 158)
(123, 164)
(123, 172)
(123, 173)
(123, 178)
(123, 183)
(123, 138)
(123, 193)
(123, 218)
(123, 219)
(123, 221)
(123, 230)
(123, 239)
(123, 240)
(123, 246)
(123, 248)
(124, 132)
(124, 231)
(124, 136)
(124, 171)
(124, 143)
(124, 215)
(124, 153)
(125, 135)
(125, 165)
(125, 168)
(125, 175)
(125, 179)
(125, 181)
(125, 200)
(125, 211)
(125, 213)
(125, 220)
(125, 234)
(125, 235)
(125, 189)
(126, 130)
(126, 151)
(126, 152)
(126, 154)
(126, 157)
(126, 163)
(126, 176)
(126, 243)
(126, 185)
(126, 198)
(126, 201)
(126, 206)
(126, 214)
(126, 217)
(126, 147)
(126, 191)
(127, 131)
(127, 142)
(127, 148)
(127, 170)
(127, 179)
(127, 181)
(127, 184)
(127, 192)
(127, 205)
(127, 224)
(128, 129)
(128, 166)
(128, 172)
(128, 178)
(128, 199)
(128, 207)
(128, 217)
(128, 223)
(128, 230)
(128, 234)
(128, 235)
(128, 240)
(128, 245)
(128, 248)
(129, 147)
(129, 154)
(129, 166)
(129, 172)
(129, 176)
(129, 178)
(129, 183)
(129, 185)
(129, 199)
(129, 207)
(129, 217)
(129, 223)
(129, 230)
(129, 245)
(129, 248)
(130, 137)
(130, 152)
(130, 154)
(130, 157)
(130, 185)
(130, 198)
(130, 201)
(130, 202)
(130, 163)
(130, 214)
(130, 243)
(130, 191)
(131, 142)
(131, 148)
(131, 165)
(131, 170)
(131, 179)
(131, 181)
(131, 184)
(131, 192)
(131, 205)
(131, 211)
(131, 220)
(131, 224)
(131, 238)
(132, 136)
(132, 143)
(132, 149)
(132, 153)
(132, 171)
(132, 193)
(132, 195)
(132, 161)
(132, 215)
(132, 219)
(132, 231)
(133, 194)
(133, 229)
(133, 203)
(133, 180)
(133, 212)
(134, 151)
(134, 160)
(134, 177)
(134, 180)
(134, 159)
(134, 194)
(134, 196)
(134, 203)
(134, 206)
(134, 212)
(134, 214)
(134, 229)
(134, 237)
(134, 241)
(135, 146)
(135, 168)
(135, 175)
(135, 189)
(135, 186)
(135, 190)
(135, 200)
(135, 222)
(136, 138)
(136, 149)
(136, 153)
(136, 156)
(136, 161)
(136, 171)
(136, 173)
(136, 158)
(136, 193)
(136, 195)
(136, 208)
(136, 215)
(136, 218)
(136, 219)
(136, 221)
(137, 162)
(137, 157)
(137, 182)
(137, 188)
(137, 191)
(137, 202)
(137, 210)
(137, 216)
(137, 145)
(137, 233)
(138, 149)
(138, 156)
(138, 158)
(138, 161)
(138, 164)
(138, 172)
(138, 173)
(138, 178)
(138, 193)
(138, 218)
(138, 219)
(138, 221)
(138, 230)
(138, 240)
(139, 161)
(139, 195)
(139, 173)
(139, 144)
(139, 149)
(139, 150)
(139, 247)
(139, 156)
(140, 141)
(140, 145)
(140, 182)
(140, 188)
(140, 197)
(140, 204)
(140, 216)
(140, 226)
(140, 227)
(140, 228)
(140, 233)
(140, 236)
(140, 244)
(140, 249)
(141, 162)
(141, 182)
(141, 188)
(141, 197)
(141, 204)
(141, 216)
(141, 226)
(141, 227)
(141, 228)
(141, 145)
(141, 233)
(141, 236)
(141, 249)
(142, 148)
(142, 170)
(142, 179)
(142, 181)
(142, 192)
(142, 200)
(142, 224)
(143, 167)
(143, 171)
(143, 208)
(143, 215)
(143, 153)
(143, 231)
(144, 161)
(144, 195)
(144, 149)
(144, 150)
(144, 247)
(144, 156)
(145, 162)
(145, 182)
(145, 188)
(145, 197)
(145, 204)
(145, 216)
(145, 227)
(145, 228)
(145, 233)
(145, 236)
(145, 249)
(146, 168)
(146, 175)
(146, 222)
(146, 186)
(146, 189)
(146, 190)
(147, 154)
(147, 157)
(147, 166)
(147, 176)
(147, 183)
(147, 185)
(147, 191)
(147, 198)
(147, 201)
(147, 217)
(147, 223)
(147, 228)
(147, 232)
(147, 242)
(147, 245)
(147, 248)
(148, 165)
(148, 170)
(148, 179)
(148, 181)
(148, 184)
(148, 189)
(148, 192)
(148, 200)
(148, 205)
(148, 211)
(148, 213)
(148, 220)
(148, 224)
(148, 238)
(149, 153)
(149, 156)
(149, 158)
(149, 161)
(149, 171)
(149, 173)
(149, 193)
(149, 195)
(149, 218)
(149, 219)
(149, 247)
(150, 156)
(150, 205)
(150, 238)
(150, 173)
(150, 213)
(150, 247)
(150, 184)
(150, 220)
(151, 152)
(151, 154)
(151, 159)
(151, 160)
(151, 177)
(151, 185)
(151, 196)
(151, 198)
(151, 201)
(151, 206)
(151, 214)
(152, 154)
(152, 157)
(152, 160)
(152, 163)
(152, 185)
(152, 196)
(152, 198)
(152, 201)
(152, 206)
(152, 214)
(152, 243)
(153, 171)
(153, 193)
(153, 195)
(153, 161)
(153, 208)
(153, 215)
(153, 219)
(153, 231)
(153, 167)
(154, 157)
(154, 176)
(154, 185)
(154, 191)
(154, 198)
(154, 199)
(154, 201)
(154, 206)
(154, 214)
(154, 217)
(154, 223)
(154, 245)
(154, 248)
(155, 164)
(155, 169)
(155, 172)
(155, 183)
(155, 193)
(155, 208)
(155, 209)
(155, 221)
(155, 228)
(155, 230)
(155, 232)
(155, 239)
(155, 240)
(155, 242)
(155, 246)
(155, 248)
(156, 158)
(156, 161)
(156, 173)
(156, 193)
(156, 195)
(156, 218)
(156, 219)
(156, 221)
(156, 247)
(157, 176)
(157, 185)
(157, 198)
(157, 201)
(157, 202)
(157, 163)
(157, 243)
(157, 191)
(158, 161)
(158, 164)
(158, 172)
(158, 173)
(158, 193)
(158, 218)
(158, 219)
(158, 221)
(158, 230)
(158, 240)
(159, 160)
(159, 177)
(159, 180)
(159, 194)
(159, 196)
(159, 203)
(159, 206)
(159, 212)
(159, 214)
(159, 229)
(159, 237)
(159, 241)
(160, 180)
(160, 194)
(160, 196)
(160, 203)
(160, 206)
(160, 212)
(160, 214)
(160, 229)
(160, 241)
(161, 171)
(161, 173)
(161, 193)
(161, 195)
(161, 215)
(161, 218)
(161, 219)
(162, 182)
(162, 188)
(162, 191)
(162, 197)
(162, 202)
(162, 210)
(162, 216)
(162, 233)
(162, 249)
(163, 198)
(163, 243)
(163, 201)
(163, 202)
(164, 167)
(164, 169)
(164, 172)
(164, 183)
(164, 193)
(164, 208)
(164, 215)
(164, 218)
(164, 219)
(164, 221)
(164, 230)
(164, 232)
(164, 239)
(164, 240)
(164, 242)
(164, 246)
(165, 168)
(165, 179)
(165, 181)
(165, 184)
(165, 189)
(165, 192)
(165, 200)
(165, 205)
(165, 211)
(165, 213)
(165, 220)
(165, 224)
(165, 238)
(166, 172)
(166, 178)
(166, 199)
(166, 207)
(166, 217)
(166, 223)
(166, 230)
(166, 234)
(166, 235)
(166, 245)
(166, 248)
(167, 169)
(167, 193)
(167, 208)
(167, 209)
(167, 215)
(167, 219)
(167, 231)
(167, 239)
(167, 246)
(168, 175)
(168, 179)
(168, 181)
(168, 186)
(168, 200)
(168, 211)
(168, 220)
(168, 224)
(168, 189)
(169, 193)
(169, 208)
(169, 209)
(169, 215)
(169, 219)
(169, 221)
(169, 239)
(169, 246)
(170, 179)
(170, 181)
(170, 184)
(170, 192)
(170, 205)
(170, 211)
(170, 224)
(171, 195)
(171, 215)
(171, 219)
(171, 231)
(172, 178)
(172, 183)
(172, 193)
(172, 207)
(172, 218)
(172, 221)
(172, 223)
(172, 230)
(172, 232)
(172, 239)
(172, 240)
(172, 242)
(172, 245)
(172, 246)
(172, 248)
(173, 193)
(173, 218)
(173, 219)
(173, 221)
(173, 240)
(174, 225)
(174, 203)
(174, 237)
(174, 212)
(174, 187)
(175, 177)
(175, 199)
(175, 234)
(175, 235)
(175, 190)
(176, 183)
(176, 191)
(176, 198)
(176, 201)
(176, 185)
(176, 217)
(176, 223)
(176, 228)
(176, 232)
(176, 242)
(176, 248)
(177, 187)
(177, 196)
(177, 199)
(177, 206)
(177, 225)
(177, 237)
(178, 199)
(178, 207)
(178, 217)
(178, 223)
(178, 230)
(178, 234)
(178, 235)
(178, 245)
(178, 248)
(179, 181)
(179, 184)
(179, 189)
(179, 192)
(179, 200)
(179, 205)
(179, 211)
(179, 213)
(179, 220)
(179, 224)
(179, 238)
(180, 194)
(180, 229)
(180, 203)
(180, 241)
(180, 212)
(181, 184)
(181, 189)
(181, 192)
(181, 200)
(181, 205)
(181, 211)
(181, 213)
(181, 220)
(181, 224)
(181, 238)
(182, 188)
(182, 197)
(182, 204)
(182, 216)
(182, 227)
(182, 228)
(182, 233)
(182, 236)
(182, 249)
(183, 217)
(183, 223)
(183, 228)
(183, 230)
(183, 232)
(183, 239)
(183, 240)
(183, 242)
(183, 248)
(184, 192)
(184, 205)
(184, 211)
(184, 213)
(184, 220)
(184, 238)
(185, 191)
(185, 198)
(185, 201)
(185, 206)
(185, 214)
(185, 217)
(185, 223)
(185, 245)
(185, 248)
(186, 200)
(186, 222)
(186, 189)
(186, 190)
(187, 203)
(187, 212)
(187, 225)
(187, 237)
(187, 190)
(188, 197)
(188, 210)
(188, 216)
(188, 227)
(188, 233)
(188, 236)
(188, 249)
(189, 192)
(189, 200)
(189, 211)
(189, 220)
(189, 224)
(190, 225)
(190, 222)
(191, 198)
(191, 201)
(191, 202)
(191, 228)
(191, 233)
(192, 200)
(192, 205)
(192, 211)
(192, 220)
(192, 224)
(193, 221)
(193, 208)
(193, 215)
(193, 218)
(193, 219)
(193, 239)
(193, 240)
(193, 246)
(194, 229)
(194, 203)
(194, 241)
(194, 212)
(195, 219)
(196, 237)
(196, 206)
(196, 241)
(196, 214)
(197, 204)
(197, 216)
(197, 226)
(197, 227)
(197, 228)
(197, 236)
(197, 233)
(197, 249)
(198, 201)
(198, 202)
(198, 214)
(198, 217)
(199, 206)
(199, 207)
(199, 217)
(199, 223)
(199, 234)
(199, 235)
(199, 245)
(199, 248)
(200, 211)
(200, 224)
(201, 202)
(201, 214)
(201, 217)
(201, 243)
(202, 210)
(203, 212)
(203, 229)
(203, 237)
(203, 241)
(204, 242)
(204, 216)
(204, 226)
(204, 227)
(204, 228)
(204, 209)
(204, 232)
(204, 233)
(204, 236)
(204, 244)
(204, 249)
(205, 211)
(205, 213)
(205, 220)
(205, 224)
(205, 238)
(206, 214)
(207, 217)
(207, 223)
(207, 230)
(207, 234)
(207, 235)
(207, 245)
(207, 248)
(208, 209)
(208, 215)
(208, 219)
(208, 221)
(208, 239)
(208, 240)
(208, 246)
(209, 226)
(209, 227)
(209, 228)
(209, 239)
(209, 244)
(209, 246)
(211, 213)
(211, 220)
(211, 224)
(211, 238)
(212, 229)
(212, 237)
(212, 241)
(213, 220)
(213, 238)
(214, 243)
(215, 219)
(215, 231)
(215, 246)
(216, 227)
(216, 228)
(216, 233)
(216, 236)
(216, 249)
(217, 223)
(217, 230)
(217, 242)
(217, 245)
(217, 248)
(218, 219)
(218, 221)
(218, 230)
(218, 239)
(218, 240)
(219, 221)
(219, 240)
(220, 224)
(220, 238)
(221, 230)
(221, 239)
(221, 240)
(221, 246)
(222, 225)
(223, 230)
(223, 232)
(223, 242)
(223, 245)
(223, 248)
(225, 237)
(226, 227)
(226, 228)
(226, 232)
(226, 233)
(226, 244)
(226, 249)
(227, 249)
(227, 228)
(227, 232)
(227, 233)
(227, 236)
(227, 244)
(228, 242)
(228, 232)
(228, 233)
(228, 244)
(228, 249)
(229, 241)
(230, 234)
(230, 240)
(230, 242)
(230, 245)
(230, 248)
(232, 242)
(232, 248)
(232, 239)
(232, 246)
(232, 249)
(233, 236)
(233, 249)
(234, 235)
(234, 245)
(235, 245)
(236, 249)
(238, 247)
(239, 240)
(239, 242)
(239, 246)
(240, 242)
(240, 246)
(242, 248)
(242, 246)
(244, 246)
(245, 248)
