#Nodes
0
1
2
3
4
5
6
7
8
9
10
11
12
13
14
15
16
17
18
19
20
21
22
23
24
25
26
27
28
29
30
31
32
33
34
35
36
37
38
39
40
41
42
43
44
45
46
47
48
49
50
51
52
53
54
55
56
57
58
59
60
61
62
63
64
65
66
67
68
69
70
71
72
73
74
75
76
77
78
79
80
81
82
83
84
85
86
87
88
89
90
91
92
93
94
95
96
97
98
99
100
101
102
103
104
105
106
107
108
109
110
111
112
113
114
115
116
117
118
119
120
121
122
123
124
125
126
127
128
129
130
131
132
133
134
135
136
137
138
139
140
141
142
143
144
145
146
147
148
149
150
151
152
153
154
155
156
157
158
159
160
161
162
163
164
165
166
167
168
169
170
171
172
173
174
175
176
177
178
179
180
181
182
183
184
185
186
187
188
189
190
191
192
193
194
195
196
197
198
199
200
201
202
203
204
205
206
207
208
209
210
211
212
213
214
215
216
217
218
219
220
221
222
223
224
225
226
227
228
229
230
231
232
233
234
235
236
237
238
239
240
241
242
243
244
245
246
247
248
249
#Edges
(0, 1)
(0, 2)
(0, 4)
(0, 6)
(0, 10)
(0, 140)
(0, 142)
(0, 150)
(0, 25)
(0, 156)
(0, 31)
(0, 161)
(0, 168)
(0, 242)
(0, 46)
(0, 176)
(0, 180)
(0, 222)
(0, 57)
(0, 66)
(0, 33)
(0, 185)
(0, 94)
(0, 227)
(0, 114)
(0, 120)
(1, 3)
(1, 4)
(1, 140)
(1, 141)
(1, 142)
(1, 16)
(1, 146)
(1, 20)
(1, 149)
(1, 150)
(1, 44)
(1, 176)
(1, 177)
(1, 180)
(1, 57)
(1, 54)
(1, 185)
(1, 190)
(1, 191)
(1, 73)
(1, 247)
(1, 85)
(1, 87)
(1, 92)
(1, 222)
(1, 223)
(1, 98)
(1, 105)
(1, 18)
(1, 116)
(1, 233)
(1, 120)
(2, 4)
(2, 10)
(2, 144)
(2, 22)
(2, 24)
(2, 27)
(2, 158)
(2, 31)
(2, 33)
(2, 168)
(2, 41)
(2, 43)
(2, 173)
(2, 47)
(2, 180)
(2, 184)
(2, 64)
(2, 70)
(2, 202)
(2, 77)
(2, 211)
(2, 214)
(2, 94)
(2, 227)
(2, 242)
(2, 241)
(2, 114)
(2, 115)
(2, 117)
(3, 128)
(3, 129)
(3, 140)
(3, 142)
(3, 146)
(3, 20)
(3, 150)
(3, 153)
(3, 44)
(3, 48)
(3, 50)
(3, 57)
(3, 190)
(3, 191)
(3, 247)
(3, 92)
(3, 223)
(3, 100)
(3, 105)
(3, 18)
(3, 110)
(3, 116)
(3, 233)
(3, 120)
(4, 6)
(4, 10)
(4, 140)
(4, 142)
(4, 24)
(4, 25)
(4, 156)
(4, 31)
(4, 161)
(4, 168)
(4, 242)
(4, 46)
(4, 176)
(4, 180)
(4, 222)
(4, 185)
(4, 33)
(4, 77)
(4, 94)
(4, 227)
(4, 114)
(4, 120)
(5, 171)
(5, 101)
(5, 167)
(5, 203)
(5, 204)
(5, 109)
(5, 239)
(5, 99)
(5, 147)
(5, 86)
(5, 55)
(5, 152)
(5, 143)
(5, 93)
(5, 199)
(6, 33)
(6, 66)
(6, 227)
(6, 22)
(6, 168)
(6, 202)
(6, 205)
(6, 142)
(6, 77)
(6, 114)
(6, 25)
(6, 46)
(6, 150)
(6, 57)
(6, 120)
(6, 185)
(6, 122)
(6, 156)
(6, 31)
(7, 240)
(7, 162)
(7, 163)
(7, 174)
(7, 175)
(7, 49)
(7, 178)
(7, 187)
(7, 63)
(7, 65)
(7, 194)
(7, 68)
(7, 69)
(7, 200)
(7, 78)
(7, 208)
(7, 215)
(7, 217)
(7, 219)
(7, 224)
(7, 225)
(7, 102)
(7, 230)
(7, 103)
(7, 104)
(7, 107)
(7, 238)
(7, 112)
(7, 245)
(7, 123)
(7, 125)
(7, 127)
(8, 129)
(8, 195)
(8, 137)
(8, 236)
(8, 110)
(8, 60)
(8, 48)
(8, 50)
(8, 67)
(8, 116)
(8, 53)
(8, 105)
(8, 84)
(8, 92)
(8, 190)
(9, 135)
(9, 136)
(9, 144)
(9, 17)
(9, 26)
(9, 157)
(9, 158)
(9, 35)
(9, 198)
(9, 241)
(9, 41)
(9, 43)
(9, 47)
(9, 183)
(9, 184)
(9, 58)
(9, 193)
(9, 70)
(9, 74)
(9, 212)
(9, 91)
(9, 226)
(9, 235)
(9, 113)
(9, 249)
(10, 144)
(10, 21)
(10, 24)
(10, 159)
(10, 161)
(10, 241)
(10, 43)
(10, 114)
(10, 47)
(10, 176)
(10, 180)
(10, 222)
(10, 184)
(10, 185)
(10, 58)
(10, 31)
(10, 197)
(10, 70)
(10, 76)
(10, 214)
(10, 91)
(10, 94)
(10, 227)
(10, 237)
(10, 113)
(10, 242)
(10, 249)
(11, 138)
(11, 14)
(11, 143)
(11, 155)
(11, 30)
(11, 162)
(11, 165)
(11, 171)
(11, 61)
(11, 178)
(11, 182)
(11, 55)
(11, 189)
(11, 65)
(11, 194)
(11, 68)
(11, 201)
(11, 83)
(11, 86)
(11, 90)
(11, 228)
(11, 101)
(11, 102)
(11, 106)
(11, 109)
(11, 239)
(11, 112)
(11, 121)
(12, 19)
(12, 22)
(12, 25)
(12, 27)
(12, 33)
(12, 163)
(12, 168)
(12, 41)
(12, 173)
(12, 175)
(12, 49)
(12, 184)
(12, 186)
(12, 63)
(12, 64)
(12, 66)
(12, 69)
(12, 200)
(12, 202)
(12, 77)
(12, 211)
(12, 214)
(12, 219)
(12, 224)
(12, 225)
(12, 227)
(12, 104)
(12, 107)
(12, 238)
(12, 240)
(12, 115)
(12, 117)
(13, 32)
(13, 34)
(13, 75)
(13, 197)
(13, 231)
(13, 40)
(13, 108)
(13, 170)
(13, 139)
(13, 172)
(13, 45)
(13, 79)
(13, 37)
(13, 179)
(13, 154)
(13, 15)
(13, 234)
(13, 126)
(13, 95)
(14, 65)
(14, 138)
(14, 19)
(14, 152)
(14, 155)
(14, 30)
(14, 162)
(14, 163)
(14, 164)
(14, 165)
(14, 171)
(14, 61)
(14, 178)
(14, 182)
(14, 55)
(14, 189)
(14, 96)
(14, 194)
(14, 68)
(14, 201)
(14, 204)
(14, 206)
(14, 209)
(14, 210)
(14, 83)
(14, 86)
(14, 90)
(14, 219)
(14, 101)
(14, 224)
(14, 228)
(14, 229)
(14, 106)
(14, 109)
(14, 239)
(14, 112)
(14, 121)
(15, 32)
(15, 34)
(15, 75)
(15, 37)
(15, 231)
(15, 40)
(15, 108)
(15, 234)
(15, 139)
(15, 172)
(15, 45)
(15, 79)
(15, 179)
(15, 154)
(15, 170)
(15, 126)
(15, 95)
(16, 126)
(16, 139)
(16, 98)
(16, 140)
(16, 234)
(16, 151)
(16, 172)
(16, 141)
(16, 111)
(16, 177)
(16, 85)
(16, 149)
(16, 73)
(16, 247)
(16, 20)
(16, 87)
(16, 54)
(16, 222)
(16, 223)
(17, 130)
(17, 134)
(17, 135)
(17, 136)
(17, 26)
(17, 157)
(17, 158)
(17, 35)
(17, 41)
(17, 184)
(17, 193)
(17, 196)
(17, 70)
(17, 78)
(17, 80)
(17, 212)
(17, 214)
(17, 220)
(17, 225)
(17, 226)
(17, 235)
(17, 208)
(17, 241)
(17, 119)
(18, 128)
(18, 129)
(18, 142)
(18, 146)
(18, 20)
(18, 149)
(18, 150)
(18, 44)
(18, 48)
(18, 177)
(18, 50)
(18, 190)
(18, 191)
(18, 247)
(18, 92)
(18, 223)
(18, 100)
(18, 105)
(18, 110)
(18, 116)
(18, 233)
(19, 65)
(19, 138)
(19, 66)
(19, 25)
(19, 163)
(19, 164)
(19, 165)
(19, 168)
(19, 186)
(19, 96)
(19, 194)
(19, 69)
(19, 202)
(19, 77)
(19, 209)
(19, 210)
(19, 216)
(19, 219)
(19, 224)
(19, 229)
(19, 104)
(19, 106)
(19, 107)
(19, 115)
(19, 117)
(19, 248)
(19, 121)
(20, 140)
(20, 141)
(20, 142)
(20, 146)
(20, 149)
(20, 151)
(20, 44)
(20, 176)
(20, 177)
(20, 54)
(20, 185)
(20, 191)
(20, 73)
(20, 85)
(20, 87)
(20, 222)
(20, 223)
(20, 98)
(20, 233)
(20, 116)
(20, 247)
(20, 120)
(21, 144)
(21, 24)
(21, 154)
(21, 159)
(21, 161)
(21, 37)
(21, 170)
(21, 43)
(21, 47)
(21, 179)
(21, 183)
(21, 58)
(21, 197)
(21, 70)
(21, 74)
(21, 75)
(21, 76)
(21, 91)
(21, 237)
(21, 113)
(21, 242)
(21, 249)
(22, 25)
(22, 27)
(22, 156)
(22, 31)
(22, 33)
(22, 163)
(22, 168)
(22, 41)
(22, 173)
(22, 175)
(22, 184)
(22, 186)
(22, 64)
(22, 66)
(22, 69)
(22, 202)
(22, 77)
(22, 211)
(22, 214)
(22, 219)
(22, 224)
(22, 227)
(22, 104)
(22, 107)
(22, 238)
(22, 241)
(22, 114)
(22, 115)
(22, 117)
(23, 128)
(23, 137)
(23, 67)
(23, 150)
(23, 153)
(23, 29)
(23, 36)
(23, 39)
(23, 48)
(23, 50)
(23, 51)
(23, 52)
(23, 53)
(23, 57)
(23, 60)
(23, 195)
(23, 72)
(23, 205)
(23, 207)
(23, 81)
(23, 82)
(23, 88)
(23, 100)
(23, 188)
(23, 244)
(23, 118)
(23, 122)
(23, 124)
(24, 144)
(24, 159)
(24, 161)
(24, 241)
(24, 43)
(24, 47)
(24, 176)
(24, 180)
(24, 184)
(24, 58)
(24, 197)
(24, 70)
(24, 75)
(24, 76)
(24, 91)
(24, 94)
(24, 227)
(24, 237)
(24, 113)
(24, 242)
(24, 249)
(25, 156)
(25, 31)
(25, 33)
(25, 168)
(25, 173)
(25, 46)
(25, 186)
(25, 64)
(25, 66)
(25, 69)
(25, 202)
(25, 205)
(25, 77)
(25, 211)
(25, 219)
(25, 227)
(25, 229)
(25, 107)
(25, 114)
(25, 115)
(25, 117)
(26, 193)
(26, 226)
(26, 35)
(26, 196)
(26, 198)
(26, 136)
(26, 74)
(26, 235)
(26, 42)
(26, 212)
(26, 181)
(26, 183)
(26, 91)
(26, 157)
(26, 158)
(27, 135)
(27, 80)
(27, 33)
(27, 163)
(27, 168)
(27, 41)
(27, 173)
(27, 175)
(27, 49)
(27, 184)
(27, 186)
(27, 63)
(27, 64)
(27, 69)
(27, 200)
(27, 202)
(27, 77)
(27, 78)
(27, 208)
(27, 211)
(27, 214)
(27, 220)
(27, 224)
(27, 225)
(27, 227)
(27, 104)
(27, 107)
(27, 238)
(27, 240)
(27, 241)
(27, 115)
(27, 117)
(27, 125)
(28, 132)
(28, 133)
(28, 88)
(28, 29)
(28, 36)
(28, 166)
(28, 51)
(28, 56)
(28, 59)
(28, 188)
(28, 62)
(28, 192)
(28, 71)
(28, 72)
(28, 206)
(28, 207)
(28, 81)
(28, 82)
(28, 213)
(28, 216)
(28, 218)
(28, 97)
(28, 229)
(28, 209)
(28, 210)
(28, 243)
(28, 244)
(28, 118)
(28, 248)
(28, 122)
(28, 38)
(29, 132)
(29, 133)
(29, 88)
(29, 36)
(29, 38)
(29, 39)
(29, 51)
(29, 52)
(29, 56)
(29, 59)
(29, 188)
(29, 62)
(29, 192)
(29, 72)
(29, 207)
(29, 81)
(29, 82)
(29, 213)
(29, 216)
(29, 218)
(29, 244)
(29, 118)
(29, 248)
(29, 122)
(29, 124)
(30, 138)
(30, 143)
(30, 155)
(30, 162)
(30, 171)
(30, 61)
(30, 178)
(30, 182)
(30, 55)
(30, 189)
(30, 65)
(30, 194)
(30, 68)
(30, 201)
(30, 83)
(30, 215)
(30, 90)
(30, 228)
(30, 230)
(30, 102)
(30, 106)
(30, 239)
(30, 112)
(30, 121)
(31, 142)
(31, 156)
(31, 33)
(31, 168)
(31, 46)
(31, 180)
(31, 57)
(31, 66)
(31, 202)
(31, 205)
(31, 77)
(31, 185)
(31, 94)
(31, 227)
(31, 114)
(31, 117)
(31, 120)
(32, 34)
(32, 37)
(32, 231)
(32, 40)
(32, 234)
(32, 139)
(32, 108)
(32, 45)
(32, 111)
(32, 79)
(32, 170)
(32, 126)
(32, 95)
(33, 156)
(33, 168)
(33, 41)
(33, 173)
(33, 46)
(33, 184)
(33, 186)
(33, 64)
(33, 66)
(33, 69)
(33, 202)
(33, 77)
(33, 211)
(33, 214)
(33, 227)
(33, 107)
(33, 238)
(33, 241)
(33, 114)
(33, 115)
(33, 117)
(34, 139)
(34, 141)
(34, 154)
(34, 37)
(34, 40)
(34, 170)
(34, 172)
(34, 45)
(34, 179)
(34, 197)
(34, 75)
(34, 79)
(34, 95)
(34, 231)
(34, 234)
(34, 108)
(34, 237)
(34, 111)
(34, 126)
(35, 193)
(35, 226)
(35, 196)
(35, 198)
(35, 232)
(35, 74)
(35, 235)
(35, 130)
(35, 136)
(35, 42)
(35, 212)
(35, 181)
(35, 119)
(35, 157)
(35, 158)
(36, 132)
(36, 133)
(36, 88)
(36, 38)
(36, 39)
(36, 51)
(36, 52)
(36, 56)
(36, 59)
(36, 188)
(36, 62)
(36, 192)
(36, 72)
(36, 207)
(36, 81)
(36, 82)
(36, 213)
(36, 216)
(36, 218)
(36, 243)
(36, 244)
(36, 118)
(36, 248)
(36, 122)
(37, 75)
(37, 197)
(37, 231)
(37, 40)
(37, 108)
(37, 170)
(37, 139)
(37, 172)
(37, 76)
(37, 179)
(37, 154)
(38, 132)
(38, 133)
(38, 88)
(38, 152)
(38, 166)
(38, 56)
(38, 59)
(38, 188)
(38, 62)
(38, 192)
(38, 71)
(38, 72)
(38, 204)
(38, 206)
(38, 209)
(38, 82)
(38, 213)
(38, 216)
(38, 218)
(38, 96)
(38, 97)
(38, 99)
(38, 229)
(38, 210)
(38, 243)
(38, 244)
(38, 248)
(39, 128)
(39, 132)
(39, 142)
(39, 88)
(39, 150)
(39, 153)
(39, 156)
(39, 50)
(39, 51)
(39, 57)
(39, 59)
(39, 188)
(39, 66)
(39, 67)
(39, 72)
(39, 205)
(39, 207)
(39, 81)
(39, 82)
(39, 216)
(39, 218)
(39, 100)
(39, 244)
(39, 118)
(39, 248)
(39, 122)
(40, 231)
(40, 234)
(40, 139)
(40, 108)
(40, 45)
(40, 79)
(40, 154)
(40, 170)
(40, 126)
(40, 95)
(41, 135)
(41, 136)
(41, 158)
(41, 168)
(41, 173)
(41, 175)
(41, 184)
(41, 64)
(41, 70)
(41, 77)
(41, 80)
(41, 211)
(41, 214)
(41, 220)
(41, 225)
(41, 227)
(41, 208)
(41, 238)
(41, 240)
(41, 241)
(41, 115)
(41, 117)
(42, 193)
(42, 226)
(42, 196)
(42, 134)
(42, 232)
(42, 235)
(42, 130)
(42, 157)
(42, 145)
(42, 148)
(42, 181)
(42, 246)
(42, 119)
(42, 89)
(42, 221)
(43, 136)
(43, 144)
(43, 158)
(43, 159)
(43, 161)
(43, 198)
(43, 241)
(43, 47)
(43, 183)
(43, 184)
(43, 58)
(43, 70)
(43, 74)
(43, 75)
(43, 76)
(43, 212)
(43, 91)
(43, 113)
(43, 242)
(43, 249)
(44, 129)
(44, 105)
(44, 233)
(44, 177)
(44, 146)
(44, 116)
(44, 149)
(44, 54)
(44, 247)
(44, 191)
(44, 92)
(44, 190)
(44, 223)
(45, 231)
(45, 234)
(45, 139)
(45, 108)
(45, 111)
(45, 79)
(45, 170)
(45, 126)
(45, 95)
(46, 140)
(46, 142)
(46, 150)
(46, 156)
(46, 168)
(46, 180)
(46, 57)
(46, 66)
(46, 202)
(46, 205)
(46, 77)
(46, 185)
(46, 94)
(46, 227)
(46, 114)
(46, 120)
(46, 122)
(47, 136)
(47, 144)
(47, 158)
(47, 159)
(47, 161)
(47, 70)
(47, 179)
(47, 183)
(47, 58)
(47, 197)
(47, 198)
(47, 74)
(47, 75)
(47, 76)
(47, 212)
(47, 91)
(47, 94)
(47, 237)
(47, 113)
(47, 242)
(47, 249)
(48, 128)
(48, 129)
(48, 137)
(48, 142)
(48, 67)
(48, 150)
(48, 153)
(48, 50)
(48, 53)
(48, 57)
(48, 60)
(48, 190)
(48, 195)
(48, 92)
(48, 100)
(48, 105)
(48, 236)
(48, 110)
(48, 116)
(49, 80)
(49, 112)
(49, 163)
(49, 173)
(49, 174)
(49, 175)
(49, 178)
(49, 186)
(49, 187)
(49, 117)
(49, 64)
(49, 68)
(49, 69)
(49, 200)
(49, 78)
(49, 208)
(49, 211)
(49, 215)
(49, 217)
(49, 219)
(49, 224)
(49, 225)
(49, 103)
(49, 104)
(49, 63)
(49, 107)
(49, 238)
(49, 240)
(49, 115)
(49, 245)
(49, 123)
(49, 125)
(50, 128)
(50, 129)
(50, 142)
(50, 67)
(50, 150)
(50, 153)
(50, 51)
(50, 57)
(50, 190)
(50, 195)
(50, 81)
(50, 92)
(50, 100)
(50, 233)
(50, 110)
(50, 116)
(50, 105)
(51, 128)
(51, 132)
(51, 88)
(51, 150)
(51, 153)
(51, 156)
(51, 57)
(51, 59)
(51, 188)
(51, 66)
(51, 72)
(51, 205)
(51, 207)
(51, 81)
(51, 82)
(51, 216)
(51, 218)
(51, 100)
(51, 244)
(51, 118)
(51, 248)
(51, 122)
(52, 195)
(52, 137)
(52, 207)
(52, 81)
(52, 82)
(52, 67)
(52, 53)
(52, 124)
(53, 195)
(53, 137)
(53, 236)
(53, 110)
(53, 60)
(53, 67)
(53, 84)
(53, 124)
(54, 98)
(54, 139)
(54, 233)
(54, 151)
(54, 140)
(54, 141)
(54, 111)
(54, 177)
(54, 146)
(54, 85)
(54, 149)
(54, 73)
(54, 247)
(54, 87)
(54, 191)
(54, 222)
(54, 223)
(55, 138)
(55, 143)
(55, 147)
(55, 152)
(55, 155)
(55, 162)
(55, 165)
(55, 166)
(55, 167)
(55, 171)
(55, 61)
(55, 189)
(55, 65)
(55, 199)
(55, 201)
(55, 203)
(55, 204)
(55, 206)
(55, 83)
(55, 86)
(55, 71)
(55, 93)
(55, 99)
(55, 228)
(55, 101)
(55, 106)
(55, 109)
(55, 239)
(55, 121)
(56, 192)
(56, 97)
(56, 132)
(56, 133)
(56, 166)
(56, 216)
(56, 82)
(56, 243)
(56, 213)
(56, 248)
(56, 218)
(56, 59)
(56, 188)
(56, 62)
(57, 128)
(57, 140)
(57, 142)
(57, 150)
(57, 153)
(57, 156)
(57, 190)
(57, 66)
(57, 205)
(57, 81)
(57, 92)
(57, 100)
(57, 233)
(57, 114)
(57, 244)
(57, 118)
(57, 120)
(57, 122)
(58, 136)
(58, 144)
(58, 158)
(58, 159)
(58, 161)
(58, 70)
(58, 179)
(58, 183)
(58, 197)
(58, 198)
(58, 74)
(58, 75)
(58, 76)
(58, 212)
(58, 91)
(58, 113)
(58, 242)
(58, 249)
(59, 132)
(59, 133)
(59, 88)
(59, 166)
(59, 188)
(59, 62)
(59, 192)
(59, 71)
(59, 72)
(59, 206)
(59, 207)
(59, 209)
(59, 82)
(59, 213)
(59, 216)
(59, 218)
(59, 96)
(59, 97)
(59, 229)
(59, 81)
(59, 210)
(59, 243)
(59, 244)
(59, 118)
(59, 248)
(59, 122)
(60, 129)
(60, 195)
(60, 137)
(60, 236)
(60, 110)
(60, 67)
(60, 84)
(60, 124)
(61, 138)
(61, 143)
(61, 155)
(61, 162)
(61, 165)
(61, 171)
(61, 178)
(61, 182)
(61, 189)
(61, 65)
(61, 194)
(61, 68)
(61, 201)
(61, 83)
(61, 86)
(61, 215)
(61, 90)
(61, 228)
(61, 102)
(61, 230)
(61, 106)
(61, 239)
(61, 112)
(61, 121)
(62, 132)
(62, 133)
(62, 88)
(62, 152)
(62, 166)
(62, 188)
(62, 192)
(62, 71)
(62, 72)
(62, 204)
(62, 206)
(62, 209)
(62, 82)
(62, 213)
(62, 216)
(62, 218)
(62, 96)
(62, 97)
(62, 229)
(62, 210)
(62, 243)
(62, 244)
(62, 248)
(63, 80)
(63, 112)
(63, 162)
(63, 163)
(63, 173)
(63, 174)
(63, 175)
(63, 178)
(63, 186)
(63, 187)
(63, 65)
(63, 194)
(63, 68)
(63, 69)
(63, 200)
(63, 78)
(63, 208)
(63, 211)
(63, 215)
(63, 217)
(63, 219)
(63, 224)
(63, 225)
(63, 102)
(63, 230)
(63, 103)
(63, 104)
(63, 107)
(63, 238)
(63, 240)
(63, 245)
(63, 123)
(63, 125)
(63, 127)
(64, 168)
(64, 173)
(64, 175)
(64, 184)
(64, 186)
(64, 69)
(64, 200)
(64, 202)
(64, 77)
(64, 80)
(64, 211)
(64, 214)
(64, 225)
(64, 227)
(64, 104)
(64, 107)
(64, 208)
(64, 238)
(64, 240)
(64, 241)
(64, 115)
(64, 117)
(65, 138)
(65, 155)
(65, 162)
(65, 163)
(65, 164)
(65, 165)
(65, 171)
(65, 178)
(65, 182)
(65, 189)
(65, 96)
(65, 194)
(65, 68)
(65, 69)
(65, 201)
(65, 204)
(65, 209)
(65, 210)
(65, 83)
(65, 86)
(65, 215)
(65, 217)
(65, 90)
(65, 219)
(65, 101)
(65, 224)
(65, 228)
(65, 229)
(65, 230)
(65, 104)
(65, 106)
(65, 107)
(65, 109)
(65, 239)
(65, 112)
(65, 121)
(65, 102)
(66, 132)
(66, 88)
(66, 156)
(66, 168)
(66, 186)
(66, 72)
(66, 202)
(66, 205)
(66, 77)
(66, 216)
(66, 229)
(66, 114)
(66, 115)
(66, 244)
(66, 117)
(66, 118)
(66, 248)
(66, 122)
(67, 128)
(67, 129)
(67, 195)
(67, 100)
(67, 137)
(67, 236)
(67, 110)
(67, 92)
(67, 84)
(67, 153)
(67, 124)
(68, 138)
(68, 155)
(68, 162)
(68, 174)
(68, 178)
(68, 182)
(68, 189)
(68, 194)
(68, 200)
(68, 201)
(68, 83)
(68, 215)
(68, 217)
(68, 90)
(68, 228)
(68, 230)
(68, 102)
(68, 103)
(68, 104)
(68, 112)
(68, 245)
(68, 123)
(68, 127)
(69, 163)
(69, 164)
(69, 168)
(69, 173)
(69, 175)
(69, 178)
(69, 186)
(69, 96)
(69, 200)
(69, 202)
(69, 77)
(69, 209)
(69, 211)
(69, 217)
(69, 219)
(69, 224)
(69, 225)
(69, 229)
(69, 104)
(69, 107)
(69, 238)
(69, 240)
(69, 115)
(69, 117)
(70, 136)
(70, 144)
(70, 158)
(70, 159)
(70, 241)
(70, 184)
(70, 198)
(70, 74)
(70, 76)
(70, 212)
(70, 214)
(70, 91)
(70, 226)
(70, 227)
(70, 113)
(70, 242)
(70, 249)
(71, 133)
(71, 152)
(71, 165)
(71, 166)
(71, 171)
(71, 192)
(71, 204)
(71, 206)
(71, 209)
(71, 210)
(71, 213)
(71, 86)
(71, 93)
(71, 96)
(71, 97)
(71, 99)
(71, 101)
(71, 106)
(71, 109)
(71, 239)
(71, 243)
(71, 121)
(72, 132)
(72, 88)
(72, 156)
(72, 188)
(72, 192)
(72, 205)
(72, 207)
(72, 81)
(72, 82)
(72, 213)
(72, 216)
(72, 218)
(72, 243)
(72, 244)
(72, 118)
(72, 248)
(72, 122)
(73, 139)
(73, 140)
(73, 141)
(73, 149)
(73, 151)
(73, 172)
(73, 176)
(73, 177)
(73, 180)
(73, 185)
(73, 197)
(73, 85)
(73, 87)
(73, 222)
(73, 223)
(73, 98)
(73, 237)
(73, 111)
(73, 247)
(73, 120)
(73, 126)
(74, 226)
(74, 198)
(74, 136)
(74, 76)
(74, 144)
(74, 113)
(74, 212)
(74, 183)
(74, 249)
(74, 91)
(74, 157)
(74, 158)
(74, 159)
(75, 154)
(75, 159)
(75, 161)
(75, 170)
(75, 172)
(75, 179)
(75, 183)
(75, 197)
(75, 76)
(75, 91)
(75, 237)
(75, 113)
(75, 249)
(76, 144)
(76, 154)
(76, 159)
(76, 161)
(76, 179)
(76, 183)
(76, 197)
(76, 91)
(76, 94)
(76, 237)
(76, 113)
(76, 242)
(76, 249)
(77, 156)
(77, 168)
(77, 173)
(77, 175)
(77, 184)
(77, 186)
(77, 202)
(77, 211)
(77, 214)
(77, 219)
(77, 224)
(77, 227)
(77, 107)
(77, 238)
(77, 114)
(77, 115)
(77, 117)
(78, 130)
(78, 131)
(78, 134)
(78, 135)
(78, 145)
(78, 148)
(78, 160)
(78, 169)
(78, 174)
(78, 175)
(78, 187)
(78, 200)
(78, 208)
(78, 217)
(78, 220)
(78, 225)
(78, 103)
(78, 80)
(78, 235)
(78, 238)
(78, 240)
(78, 245)
(78, 119)
(78, 123)
(78, 125)
(78, 127)
(79, 231)
(79, 108)
(79, 234)
(79, 139)
(79, 172)
(79, 111)
(79, 170)
(79, 126)
(79, 95)
(80, 130)
(80, 134)
(80, 135)
(80, 169)
(80, 173)
(80, 174)
(80, 175)
(80, 187)
(80, 200)
(80, 208)
(80, 211)
(80, 214)
(80, 217)
(80, 220)
(80, 225)
(80, 235)
(80, 238)
(80, 240)
(80, 241)
(80, 119)
(80, 123)
(80, 125)
(81, 128)
(81, 132)
(81, 88)
(81, 150)
(81, 153)
(81, 156)
(81, 188)
(81, 205)
(81, 207)
(81, 82)
(81, 216)
(81, 218)
(81, 100)
(81, 244)
(81, 118)
(81, 248)
(81, 122)
(82, 132)
(82, 133)
(82, 88)
(82, 188)
(82, 192)
(82, 207)
(82, 213)
(82, 216)
(82, 218)
(82, 243)
(82, 244)
(82, 118)
(82, 248)
(83, 138)
(83, 143)
(83, 155)
(83, 162)
(83, 171)
(83, 178)
(83, 182)
(83, 189)
(83, 194)
(83, 201)
(83, 86)
(83, 215)
(83, 90)
(83, 228)
(83, 230)
(83, 102)
(83, 106)
(83, 239)
(83, 112)
(83, 121)
(84, 195)
(84, 137)
(84, 236)
(84, 124)
(85, 139)
(85, 140)
(85, 141)
(85, 149)
(85, 151)
(85, 161)
(85, 172)
(85, 176)
(85, 180)
(85, 222)
(85, 185)
(85, 197)
(85, 87)
(85, 94)
(85, 223)
(85, 98)
(85, 237)
(85, 242)
(85, 247)
(85, 120)
(86, 138)
(86, 143)
(86, 147)
(86, 152)
(86, 155)
(86, 162)
(86, 164)
(86, 165)
(86, 166)
(86, 167)
(86, 171)
(86, 189)
(86, 194)
(86, 199)
(86, 201)
(86, 203)
(86, 204)
(86, 206)
(86, 209)
(86, 210)
(86, 93)
(86, 96)
(86, 97)
(86, 99)
(86, 228)
(86, 101)
(86, 106)
(86, 109)
(86, 239)
(86, 121)
(87, 139)
(87, 140)
(87, 141)
(87, 149)
(87, 151)
(87, 172)
(87, 176)
(87, 177)
(87, 223)
(87, 222)
(87, 95)
(87, 98)
(87, 234)
(87, 111)
(87, 247)
(87, 126)
(88, 132)
(88, 156)
(88, 188)
(88, 192)
(88, 205)
(88, 207)
(88, 209)
(88, 210)
(88, 213)
(88, 216)
(88, 218)
(88, 229)
(88, 243)
(88, 244)
(88, 118)
(88, 248)
(88, 122)
(89, 130)
(89, 131)
(89, 196)
(89, 134)
(89, 232)
(89, 169)
(89, 235)
(89, 145)
(89, 148)
(89, 181)
(89, 246)
(89, 119)
(89, 221)
(90, 138)
(90, 143)
(90, 155)
(90, 162)
(90, 171)
(90, 189)
(90, 178)
(90, 182)
(90, 194)
(90, 201)
(90, 215)
(90, 228)
(90, 230)
(90, 102)
(90, 106)
(90, 239)
(90, 112)
(90, 121)
(91, 136)
(91, 144)
(91, 158)
(91, 159)
(91, 198)
(91, 179)
(91, 183)
(91, 212)
(91, 113)
(91, 249)
(92, 128)
(92, 129)
(92, 142)
(92, 150)
(92, 153)
(92, 190)
(92, 191)
(92, 247)
(92, 223)
(92, 100)
(92, 105)
(92, 146)
(92, 110)
(92, 116)
(92, 233)
(92, 120)
(93, 97)
(93, 99)
(93, 147)
(93, 165)
(93, 166)
(93, 199)
(93, 106)
(93, 171)
(93, 204)
(93, 109)
(93, 206)
(93, 239)
(93, 243)
(93, 152)
(93, 121)
(93, 167)
(93, 101)
(94, 140)
(94, 144)
(94, 161)
(94, 114)
(94, 176)
(94, 180)
(94, 185)
(94, 159)
(94, 197)
(94, 222)
(94, 98)
(94, 227)
(94, 237)
(94, 113)
(94, 242)
(94, 120)
(95, 231)
(95, 234)
(95, 139)
(95, 108)
(95, 111)
(95, 151)
(95, 126)
(96, 132)
(96, 138)
(96, 152)
(96, 163)
(96, 164)
(96, 165)
(96, 166)
(96, 171)
(96, 186)
(96, 194)
(96, 201)
(96, 204)
(96, 206)
(96, 209)
(96, 210)
(96, 216)
(96, 219)
(96, 101)
(96, 224)
(96, 97)
(96, 229)
(96, 106)
(96, 107)
(96, 109)
(96, 239)
(96, 243)
(96, 248)
(96, 121)
(97, 132)
(97, 133)
(97, 152)
(97, 165)
(97, 166)
(97, 192)
(97, 204)
(97, 206)
(97, 209)
(97, 210)
(97, 213)
(97, 216)
(97, 218)
(97, 101)
(97, 99)
(97, 229)
(97, 106)
(97, 109)
(97, 239)
(97, 243)
(97, 248)
(97, 121)
(98, 139)
(98, 140)
(98, 141)
(98, 149)
(98, 151)
(98, 161)
(98, 172)
(98, 176)
(98, 180)
(98, 185)
(98, 197)
(98, 222)
(98, 223)
(98, 237)
(98, 242)
(98, 247)
(98, 120)
(99, 147)
(99, 152)
(99, 165)
(99, 166)
(99, 171)
(99, 192)
(99, 199)
(99, 204)
(99, 206)
(99, 101)
(99, 106)
(99, 109)
(99, 239)
(99, 243)
(99, 121)
(100, 128)
(100, 129)
(100, 142)
(100, 150)
(100, 153)
(100, 190)
(100, 205)
(100, 233)
(100, 110)
(100, 116)
(100, 118)
(100, 105)
(100, 122)
(101, 138)
(101, 143)
(101, 152)
(101, 155)
(101, 162)
(101, 164)
(101, 165)
(101, 166)
(101, 171)
(101, 189)
(101, 194)
(101, 201)
(101, 204)
(101, 206)
(101, 209)
(101, 210)
(101, 106)
(101, 109)
(101, 239)
(101, 243)
(101, 121)
(102, 155)
(102, 162)
(102, 174)
(102, 178)
(102, 182)
(102, 194)
(102, 201)
(102, 215)
(102, 217)
(102, 228)
(102, 230)
(102, 103)
(102, 189)
(102, 112)
(102, 245)
(102, 123)
(102, 127)
(103, 160)
(103, 112)
(103, 123)
(103, 230)
(103, 200)
(103, 174)
(103, 240)
(103, 178)
(103, 245)
(103, 215)
(103, 217)
(103, 187)
(103, 125)
(103, 127)
(104, 240)
(104, 163)
(104, 164)
(104, 173)
(104, 175)
(104, 178)
(104, 186)
(104, 194)
(104, 200)
(104, 208)
(104, 211)
(104, 215)
(104, 217)
(104, 219)
(104, 224)
(104, 225)
(104, 107)
(104, 238)
(104, 112)
(104, 115)
(104, 117)
(105, 128)
(105, 129)
(105, 142)
(105, 150)
(105, 153)
(105, 190)
(105, 191)
(105, 223)
(105, 233)
(105, 146)
(105, 110)
(105, 116)
(105, 247)
(106, 138)
(106, 143)
(106, 152)
(106, 155)
(106, 162)
(106, 164)
(106, 165)
(106, 166)
(106, 171)
(106, 178)
(106, 182)
(106, 189)
(106, 194)
(106, 201)
(106, 204)
(106, 206)
(106, 209)
(106, 210)
(106, 228)
(106, 229)
(106, 109)
(106, 239)
(106, 112)
(106, 121)
(107, 163)
(107, 164)
(107, 168)
(107, 173)
(107, 175)
(107, 178)
(107, 186)
(107, 194)
(107, 200)
(107, 202)
(107, 209)
(107, 211)
(107, 217)
(107, 219)
(107, 224)
(107, 225)
(107, 229)
(107, 238)
(107, 240)
(107, 115)
(107, 117)
(108, 231)
(108, 234)
(108, 139)
(108, 172)
(108, 111)
(108, 154)
(108, 170)
(108, 126)
(109, 138)
(109, 143)
(109, 147)
(109, 152)
(109, 155)
(109, 162)
(109, 164)
(109, 165)
(109, 166)
(109, 171)
(109, 189)
(109, 194)
(109, 199)
(109, 201)
(109, 204)
(109, 206)
(109, 209)
(109, 210)
(109, 239)
(109, 243)
(109, 121)
(110, 128)
(110, 129)
(110, 195)
(110, 233)
(110, 236)
(110, 116)
(110, 150)
(110, 153)
(110, 190)
(110, 191)
(111, 231)
(111, 234)
(111, 139)
(111, 172)
(111, 141)
(111, 177)
(111, 149)
(111, 151)
(111, 126)
(112, 138)
(112, 155)
(112, 162)
(112, 163)
(112, 164)
(112, 165)
(112, 171)
(112, 178)
(112, 182)
(112, 189)
(112, 194)
(112, 200)
(112, 201)
(112, 215)
(112, 217)
(112, 224)
(112, 228)
(112, 230)
(112, 121)
(113, 144)
(113, 158)
(113, 159)
(113, 161)
(113, 179)
(113, 183)
(113, 197)
(113, 212)
(113, 237)
(113, 242)
(113, 249)
(114, 140)
(114, 142)
(114, 156)
(114, 168)
(114, 176)
(114, 180)
(114, 185)
(114, 202)
(114, 222)
(114, 227)
(114, 242)
(114, 120)
(115, 163)
(115, 168)
(115, 173)
(115, 175)
(115, 184)
(115, 186)
(115, 200)
(115, 202)
(115, 211)
(115, 214)
(115, 219)
(115, 224)
(115, 225)
(115, 227)
(115, 238)
(115, 240)
(115, 241)
(115, 117)
(116, 128)
(116, 129)
(116, 140)
(116, 142)
(116, 149)
(116, 150)
(116, 153)
(116, 177)
(116, 190)
(116, 191)
(116, 223)
(116, 233)
(116, 146)
(116, 247)
(117, 156)
(117, 163)
(117, 168)
(117, 173)
(117, 175)
(117, 184)
(117, 186)
(117, 200)
(117, 202)
(117, 211)
(117, 214)
(117, 219)
(117, 224)
(117, 227)
(117, 229)
(117, 238)
(118, 128)
(118, 132)
(118, 153)
(118, 156)
(118, 188)
(118, 205)
(118, 207)
(118, 216)
(118, 218)
(118, 244)
(118, 248)
(118, 122)
(119, 130)
(119, 131)
(119, 134)
(119, 135)
(119, 136)
(119, 148)
(119, 157)
(119, 169)
(119, 181)
(119, 187)
(119, 193)
(119, 196)
(119, 208)
(119, 220)
(119, 221)
(119, 226)
(119, 145)
(119, 232)
(119, 235)
(119, 246)
(119, 125)
(120, 140)
(120, 141)
(120, 142)
(120, 149)
(120, 150)
(120, 176)
(120, 180)
(120, 190)
(120, 185)
(120, 222)
(120, 223)
(120, 233)
(120, 247)
(121, 138)
(121, 143)
(121, 152)
(121, 155)
(121, 162)
(121, 164)
(121, 165)
(121, 166)
(121, 171)
(121, 189)
(121, 194)
(121, 201)
(121, 204)
(121, 206)
(121, 209)
(121, 210)
(121, 228)
(121, 229)
(121, 239)
(122, 128)
(122, 132)
(122, 150)
(122, 153)
(122, 156)
(122, 188)
(122, 205)
(122, 207)
(122, 216)
(122, 218)
(122, 244)
(122, 248)
(123, 160)
(123, 208)
(123, 230)
(123, 169)
(123, 174)
(123, 240)
(123, 245)
(123, 215)
(123, 217)
(123, 187)
(123, 125)
(123, 127)
(124, 195)
(124, 137)
(124, 236)
(125, 130)
(125, 131)
(125, 134)
(125, 135)
(125, 148)
(125, 160)
(125, 169)
(125, 174)
(125, 175)
(125, 187)
(125, 200)
(125, 208)
(125, 217)
(125, 220)
(125, 225)
(125, 238)
(125, 240)
(125, 245)
(125, 127)
(126, 231)
(126, 234)
(126, 139)
(126, 172)
(126, 141)
(126, 151)
(126, 170)
(127, 160)
(127, 230)
(127, 174)
(127, 245)
(127, 215)
(127, 217)
(127, 187)
(128, 129)
(128, 142)
(128, 150)
(128, 153)
(128, 190)
(128, 205)
(128, 233)
(129, 195)
(129, 236)
(129, 146)
(129, 153)
(129, 190)
(129, 191)
(130, 131)
(130, 134)
(130, 135)
(130, 136)
(130, 148)
(130, 157)
(130, 169)
(130, 181)
(130, 187)
(130, 193)
(130, 196)
(130, 208)
(130, 220)
(130, 221)
(130, 226)
(130, 145)
(130, 232)
(130, 235)
(130, 246)
(131, 160)
(131, 134)
(131, 232)
(131, 169)
(131, 145)
(131, 148)
(131, 246)
(131, 187)
(131, 220)
(131, 221)
(132, 133)
(132, 188)
(132, 192)
(132, 205)
(132, 207)
(132, 209)
(132, 210)
(132, 213)
(132, 216)
(132, 218)
(132, 229)
(132, 243)
(132, 244)
(132, 248)
(133, 192)
(133, 152)
(133, 166)
(133, 206)
(133, 216)
(133, 243)
(133, 213)
(133, 248)
(133, 218)
(133, 188)
(134, 135)
(134, 148)
(134, 160)
(134, 169)
(134, 181)
(134, 187)
(134, 193)
(134, 208)
(134, 220)
(134, 221)
(134, 145)
(134, 232)
(134, 235)
(134, 246)
(135, 136)
(135, 148)
(135, 157)
(135, 158)
(135, 169)
(135, 187)
(135, 193)
(135, 220)
(135, 221)
(135, 225)
(135, 226)
(135, 232)
(135, 235)
(135, 208)
(135, 241)
(136, 144)
(136, 157)
(136, 158)
(136, 198)
(136, 184)
(136, 193)
(136, 196)
(136, 212)
(136, 220)
(136, 226)
(136, 235)
(136, 241)
(136, 249)
(137, 195)
(137, 236)
(138, 152)
(138, 155)
(138, 162)
(138, 163)
(138, 164)
(138, 165)
(138, 171)
(138, 178)
(138, 182)
(138, 189)
(138, 194)
(138, 201)
(138, 204)
(138, 206)
(138, 209)
(138, 210)
(138, 224)
(138, 228)
(138, 239)
(139, 141)
(139, 151)
(139, 161)
(139, 170)
(139, 172)
(139, 176)
(139, 197)
(139, 222)
(139, 231)
(139, 234)
(139, 237)
(140, 141)
(140, 142)
(140, 146)
(140, 149)
(140, 150)
(140, 176)
(140, 180)
(140, 190)
(140, 185)
(140, 222)
(140, 223)
(140, 233)
(140, 247)
(141, 149)
(141, 151)
(141, 161)
(141, 172)
(141, 176)
(141, 180)
(141, 185)
(141, 197)
(141, 222)
(141, 223)
(141, 237)
(141, 247)
(142, 150)
(142, 153)
(142, 156)
(142, 190)
(142, 205)
(142, 185)
(142, 223)
(142, 233)
(142, 247)
(143, 147)
(143, 155)
(143, 167)
(143, 171)
(143, 189)
(143, 182)
(143, 199)
(143, 201)
(143, 203)
(143, 228)
(143, 239)
(144, 158)
(144, 159)
(144, 161)
(144, 198)
(144, 183)
(144, 184)
(144, 212)
(144, 214)
(144, 241)
(144, 242)
(144, 249)
(145, 160)
(145, 232)
(145, 169)
(145, 235)
(145, 148)
(145, 181)
(145, 246)
(145, 220)
(145, 221)
(146, 233)
(146, 177)
(146, 149)
(146, 247)
(146, 191)
(146, 190)
(146, 223)
(147, 167)
(147, 203)
(147, 239)
(147, 199)
(148, 232)
(148, 169)
(148, 235)
(148, 181)
(148, 246)
(148, 220)
(148, 221)
(149, 151)
(149, 177)
(149, 191)
(149, 222)
(149, 223)
(149, 233)
(149, 247)
(150, 153)
(150, 156)
(150, 190)
(150, 205)
(150, 223)
(150, 233)
(151, 234)
(151, 172)
(151, 177)
(151, 247)
(151, 223)
(152, 165)
(152, 166)
(152, 171)
(152, 192)
(152, 201)
(152, 204)
(152, 206)
(152, 209)
(152, 210)
(152, 239)
(152, 243)
(153, 156)
(153, 244)
(153, 190)
(153, 205)
(153, 207)
(153, 233)
(154, 197)
(154, 231)
(154, 170)
(154, 179)
(155, 162)
(155, 164)
(155, 165)
(155, 171)
(155, 189)
(155, 178)
(155, 182)
(155, 194)
(155, 201)
(155, 204)
(155, 228)
(155, 239)
(156, 168)
(156, 202)
(156, 205)
(156, 244)
(157, 193)
(157, 226)
(157, 196)
(157, 198)
(157, 232)
(157, 235)
(157, 212)
(157, 181)
(157, 220)
(157, 158)
(158, 198)
(158, 184)
(158, 193)
(158, 212)
(158, 214)
(158, 220)
(158, 226)
(158, 235)
(158, 241)
(158, 249)
(159, 161)
(159, 197)
(159, 237)
(159, 242)
(159, 179)
(159, 183)
(159, 249)
(160, 169)
(160, 174)
(160, 208)
(160, 245)
(160, 187)
(161, 172)
(161, 176)
(161, 180)
(161, 222)
(161, 185)
(161, 197)
(161, 237)
(161, 242)
(162, 163)
(162, 164)
(162, 165)
(162, 171)
(162, 189)
(162, 178)
(162, 182)
(162, 194)
(162, 201)
(162, 215)
(162, 217)
(162, 224)
(162, 228)
(162, 230)
(162, 239)
(163, 164)
(163, 173)
(163, 175)
(163, 178)
(163, 186)
(163, 194)
(163, 200)
(163, 202)
(163, 209)
(163, 211)
(163, 215)
(163, 217)
(163, 219)
(163, 224)
(163, 225)
(163, 229)
(163, 238)
(163, 240)
(164, 165)
(164, 171)
(164, 178)
(164, 201)
(164, 186)
(164, 189)
(164, 194)
(164, 204)
(164, 209)
(164, 210)
(164, 219)
(164, 224)
(164, 229)
(164, 239)
(165, 166)
(165, 171)
(165, 189)
(165, 194)
(165, 201)
(165, 204)
(165, 206)
(165, 209)
(165, 210)
(165, 228)
(165, 229)
(165, 239)
(165, 243)
(166, 192)
(166, 204)
(166, 206)
(166, 209)
(166, 210)
(166, 213)
(166, 218)
(166, 239)
(166, 243)
(166, 248)
(167, 199)
(167, 203)
(167, 239)
(168, 173)
(168, 175)
(168, 184)
(168, 186)
(168, 202)
(168, 211)
(168, 214)
(168, 219)
(168, 224)
(168, 227)
(168, 238)
(169, 232)
(169, 235)
(169, 208)
(169, 246)
(169, 187)
(169, 220)
(169, 221)
(170, 197)
(170, 231)
(170, 172)
(170, 179)
(171, 189)
(171, 182)
(171, 194)
(171, 199)
(171, 201)
(171, 204)
(171, 206)
(171, 210)
(171, 228)
(171, 239)
(172, 176)
(172, 179)
(172, 180)
(172, 197)
(172, 222)
(172, 231)
(172, 234)
(172, 237)
(173, 175)
(173, 184)
(173, 186)
(173, 200)
(173, 202)
(173, 208)
(173, 211)
(173, 214)
(173, 219)
(173, 224)
(173, 225)
(173, 227)
(173, 238)
(173, 240)
(173, 241)
(174, 178)
(174, 187)
(174, 200)
(174, 215)
(174, 217)
(174, 225)
(174, 230)
(174, 208)
(174, 240)
(174, 245)
(175, 178)
(175, 186)
(175, 187)
(175, 200)
(175, 208)
(175, 211)
(175, 214)
(175, 217)
(175, 219)
(175, 224)
(175, 225)
(175, 238)
(175, 240)
(176, 180)
(176, 222)
(176, 185)
(176, 197)
(176, 237)
(176, 242)
(177, 247)
(177, 191)
(177, 223)
(178, 182)
(178, 194)
(178, 200)
(178, 201)
(178, 215)
(178, 217)
(178, 219)
(178, 224)
(178, 228)
(178, 230)
(178, 189)
(178, 240)
(179, 197)
(179, 237)
(179, 183)
(179, 249)
(180, 242)
(180, 222)
(180, 185)
(180, 197)
(180, 227)
(180, 237)
(181, 193)
(181, 226)
(181, 196)
(181, 232)
(181, 235)
(181, 246)
(181, 221)
(182, 194)
(182, 201)
(182, 215)
(182, 228)
(182, 230)
(182, 189)
(183, 198)
(183, 212)
(183, 249)
(184, 211)
(184, 214)
(184, 227)
(184, 238)
(184, 241)
(185, 242)
(185, 222)
(185, 223)
(185, 227)
(185, 233)
(185, 237)
(186, 200)
(186, 202)
(186, 209)
(186, 211)
(186, 219)
(186, 224)
(186, 229)
(186, 238)
(186, 240)
(187, 200)
(187, 217)
(187, 220)
(187, 225)
(187, 208)
(187, 238)
(187, 240)
(187, 245)
(188, 192)
(188, 205)
(188, 207)
(188, 213)
(188, 216)
(188, 218)
(188, 243)
(188, 244)
(188, 248)
(189, 194)
(189, 201)
(189, 215)
(189, 228)
(189, 230)
(189, 239)
(190, 191)
(190, 247)
(190, 223)
(190, 233)
(191, 233)
(191, 247)
(191, 223)
(192, 204)
(192, 206)
(192, 213)
(192, 216)
(192, 218)
(192, 210)
(192, 243)
(192, 248)
(193, 196)
(193, 198)
(193, 212)
(193, 220)
(193, 221)
(193, 226)
(193, 232)
(193, 235)
(193, 246)
(194, 201)
(194, 215)
(194, 217)
(194, 219)
(194, 224)
(194, 228)
(194, 230)
(194, 239)
(195, 236)
(196, 226)
(196, 232)
(196, 235)
(196, 212)
(196, 246)
(196, 221)
(197, 222)
(197, 237)
(197, 242)
(198, 226)
(198, 212)
(198, 249)
(199, 203)
(199, 239)
(200, 211)
(200, 215)
(200, 217)
(200, 219)
(200, 224)
(200, 225)
(200, 208)
(200, 238)
(200, 240)
(201, 204)
(201, 228)
(201, 239)
(202, 211)
(202, 214)
(202, 219)
(202, 224)
(202, 227)
(202, 229)
(202, 238)
(203, 239)
(204, 206)
(204, 209)
(204, 210)
(204, 229)
(204, 239)
(204, 243)
(205, 207)
(205, 216)
(205, 244)
(206, 209)
(206, 210)
(206, 213)
(206, 229)
(206, 239)
(206, 243)
(206, 248)
(207, 213)
(207, 216)
(207, 218)
(207, 244)
(207, 248)
(208, 211)
(208, 217)
(208, 220)
(208, 225)
(208, 238)
(208, 240)
(208, 245)
(209, 210)
(209, 216)
(209, 219)
(209, 224)
(209, 229)
(209, 243)
(209, 248)
(210, 216)
(210, 218)
(210, 219)
(210, 229)
(210, 239)
(210, 243)
(210, 248)
(211, 214)
(211, 219)
(211, 224)
(211, 225)
(211, 227)
(211, 238)
(211, 240)
(211, 241)
(212, 226)
(212, 235)
(212, 249)
(213, 216)
(213, 218)
(213, 243)
(213, 244)
(213, 248)
(214, 225)
(214, 227)
(214, 238)
(214, 241)
(215, 240)
(215, 217)
(215, 230)
(215, 245)
(216, 218)
(216, 229)
(216, 243)
(216, 244)
(216, 248)
(217, 240)
(217, 219)
(217, 224)
(217, 225)
(217, 230)
(217, 238)
(217, 245)
(218, 243)
(218, 244)
(218, 248)
(219, 224)
(219, 229)
(219, 238)
(219, 240)
(220, 221)
(220, 225)
(220, 226)
(220, 232)
(220, 235)
(220, 241)
(221, 232)
(221, 235)
(221, 246)
(222, 242)
(222, 223)
(222, 233)
(222, 237)
(222, 247)
(223, 247)
(223, 233)
(224, 240)
(224, 229)
(224, 238)
(225, 238)
(225, 240)
(225, 241)
(226, 232)
(226, 235)
(227, 241)
(227, 242)
(228, 230)
(228, 239)
(229, 243)
(229, 248)
(230, 245)
(231, 234)
(232, 235)
(232, 246)
(233, 247)
(235, 246)
(237, 242)
(238, 240)
(238, 241)
(240, 245)
(242, 249)
(243, 248)
(244, 248)
