#Nodes
0
1
2
3
4
5
6
7
8
9
10
11
12
13
14
15
16
17
18
19
20
21
22
23
24
25
26
27
28
29
30
31
32
33
34
35
36
37
38
39
40
41
42
43
44
45
46
47
48
49
50
51
52
53
54
55
56
57
58
59
60
61
62
63
64
65
66
67
68
69
70
71
72
73
74
75
76
77
78
79
80
81
82
83
84
85
86
87
88
89
90
91
92
93
94
95
96
97
98
99
100
101
102
103
104
105
106
107
108
109
110
111
112
113
114
115
116
117
118
119
120
121
122
123
124
125
126
127
128
129
130
131
132
133
134
135
136
137
138
139
140
141
142
143
144
145
146
147
148
149
150
151
152
153
154
155
156
157
158
159
160
161
162
163
164
165
166
167
168
169
170
171
172
173
174
175
176
177
178
179
180
181
182
183
184
185
186
187
188
189
190
191
192
193
194
195
196
197
198
199
200
201
202
203
204
205
206
207
208
209
210
211
212
213
214
215
216
217
218
219
220
221
222
223
224
225
226
227
228
229
230
231
232
233
234
235
236
237
238
239
240
241
242
243
244
245
246
247
248
249
#Edges
(0, 225)
(0, 34)
(0, 187)
(0, 200)
(0, 173)
(0, 175)
(0, 176)
(0, 145)
(0, 149)
(0, 182)
(0, 219)
(0, 220)
(0, 191)
(1, 130)
(1, 134)
(1, 2)
(1, 145)
(1, 149)
(1, 26)
(1, 29)
(1, 33)
(1, 162)
(1, 6)
(1, 39)
(1, 42)
(1, 173)
(1, 51)
(1, 54)
(1, 58)
(1, 187)
(1, 67)
(1, 196)
(1, 70)
(1, 199)
(1, 78)
(1, 216)
(1, 219)
(1, 220)
(1, 223)
(1, 225)
(1, 99)
(1, 17)
(1, 106)
(1, 116)
(1, 21)
(2, 130)
(2, 134)
(2, 9)
(2, 13)
(2, 15)
(2, 145)
(2, 149)
(2, 26)
(2, 33)
(2, 162)
(2, 163)
(2, 39)
(2, 173)
(2, 177)
(2, 51)
(2, 54)
(2, 116)
(2, 58)
(2, 187)
(2, 74)
(2, 34)
(2, 78)
(2, 216)
(2, 219)
(2, 220)
(2, 221)
(2, 225)
(2, 106)
(2, 236)
(2, 244)
(2, 247)
(3, 135)
(3, 139)
(3, 150)
(3, 167)
(3, 46)
(3, 180)
(3, 52)
(3, 64)
(3, 66)
(3, 195)
(3, 69)
(3, 202)
(3, 205)
(3, 80)
(3, 209)
(3, 212)
(3, 85)
(3, 215)
(3, 218)
(3, 94)
(3, 97)
(3, 98)
(3, 101)
(3, 236)
(3, 239)
(3, 243)
(3, 117)
(3, 120)
(3, 123)
(3, 126)
(4, 133)
(4, 136)
(4, 11)
(4, 16)
(4, 146)
(4, 147)
(4, 148)
(4, 152)
(4, 25)
(4, 18)
(4, 168)
(4, 171)
(4, 49)
(4, 181)
(4, 185)
(4, 188)
(4, 198)
(4, 77)
(4, 207)
(4, 208)
(4, 82)
(4, 90)
(4, 91)
(4, 237)
(4, 246)
(4, 249)
(5, 129)
(5, 142)
(5, 20)
(5, 153)
(5, 157)
(5, 158)
(5, 159)
(5, 160)
(5, 37)
(5, 166)
(5, 53)
(5, 182)
(5, 59)
(5, 60)
(5, 190)
(5, 191)
(5, 200)
(5, 76)
(5, 206)
(5, 89)
(5, 227)
(5, 105)
(5, 110)
(5, 242)
(5, 115)
(6, 130)
(6, 134)
(6, 17)
(6, 19)
(6, 21)
(6, 24)
(6, 68)
(6, 29)
(6, 30)
(6, 31)
(6, 165)
(6, 39)
(6, 170)
(6, 51)
(6, 54)
(6, 56)
(6, 58)
(6, 65)
(6, 194)
(6, 67)
(6, 196)
(6, 70)
(6, 199)
(6, 201)
(6, 216)
(6, 92)
(6, 223)
(6, 99)
(6, 230)
(6, 231)
(6, 104)
(6, 106)
(6, 103)
(6, 114)
(6, 116)
(6, 119)
(6, 121)
(6, 122)
(6, 42)
(7, 44)
(7, 138)
(7, 143)
(7, 23)
(7, 25)
(7, 32)
(7, 35)
(7, 169)
(7, 172)
(7, 174)
(7, 48)
(7, 49)
(7, 178)
(7, 61)
(7, 198)
(7, 75)
(7, 77)
(7, 79)
(7, 83)
(7, 93)
(7, 228)
(7, 232)
(7, 107)
(7, 109)
(7, 246)
(7, 249)
(7, 124)
(8, 132)
(8, 86)
(8, 136)
(8, 137)
(8, 22)
(8, 152)
(8, 156)
(8, 36)
(8, 46)
(8, 47)
(8, 181)
(8, 57)
(8, 189)
(8, 192)
(8, 96)
(8, 69)
(8, 205)
(8, 208)
(8, 212)
(8, 214)
(8, 87)
(8, 88)
(8, 224)
(8, 226)
(8, 234)
(8, 235)
(8, 240)
(8, 117)
(8, 84)
(8, 125)
(9, 130)
(9, 141)
(9, 15)
(9, 145)
(9, 26)
(9, 33)
(9, 162)
(9, 163)
(9, 39)
(9, 40)
(9, 173)
(9, 177)
(9, 51)
(9, 180)
(9, 66)
(9, 71)
(9, 74)
(9, 203)
(9, 204)
(9, 34)
(9, 78)
(9, 13)
(9, 209)
(9, 216)
(9, 220)
(9, 221)
(9, 225)
(9, 233)
(9, 106)
(9, 236)
(9, 242)
(9, 244)
(9, 247)
(9, 123)
(10, 139)
(10, 144)
(10, 19)
(10, 21)
(10, 31)
(10, 165)
(10, 167)
(10, 42)
(10, 56)
(10, 194)
(10, 68)
(10, 201)
(10, 92)
(10, 223)
(10, 97)
(10, 230)
(10, 231)
(10, 104)
(10, 103)
(10, 114)
(10, 243)
(10, 119)
(10, 120)
(10, 121)
(11, 133)
(11, 12)
(11, 16)
(11, 18)
(11, 148)
(11, 25)
(11, 28)
(11, 146)
(11, 172)
(11, 174)
(11, 49)
(11, 185)
(11, 186)
(11, 188)
(11, 198)
(11, 77)
(11, 207)
(11, 82)
(11, 83)
(11, 90)
(11, 91)
(11, 237)
(11, 246)
(11, 249)
(12, 133)
(12, 23)
(12, 16)
(12, 151)
(12, 27)
(12, 28)
(12, 166)
(12, 172)
(12, 174)
(12, 49)
(12, 179)
(12, 185)
(12, 186)
(12, 59)
(12, 118)
(12, 198)
(12, 73)
(12, 76)
(12, 81)
(12, 213)
(12, 217)
(12, 93)
(12, 228)
(12, 229)
(12, 109)
(12, 111)
(12, 245)
(12, 246)
(12, 249)
(13, 141)
(13, 15)
(13, 20)
(13, 26)
(13, 33)
(13, 162)
(13, 163)
(13, 40)
(13, 177)
(13, 180)
(13, 183)
(13, 52)
(13, 74)
(13, 66)
(13, 71)
(13, 202)
(13, 203)
(13, 204)
(13, 34)
(13, 78)
(13, 209)
(13, 221)
(13, 233)
(13, 236)
(13, 110)
(13, 242)
(13, 244)
(13, 247)
(14, 128)
(14, 193)
(14, 226)
(14, 131)
(14, 164)
(14, 38)
(14, 100)
(14, 96)
(14, 234)
(14, 45)
(14, 117)
(14, 55)
(14, 248)
(14, 132)
(14, 95)
(14, 36)
(14, 222)
(14, 127)
(15, 141)
(15, 142)
(15, 145)
(15, 20)
(15, 149)
(15, 26)
(15, 158)
(15, 33)
(15, 162)
(15, 163)
(15, 37)
(15, 40)
(15, 173)
(15, 176)
(15, 177)
(15, 51)
(15, 182)
(15, 183)
(15, 71)
(15, 200)
(15, 74)
(15, 203)
(15, 204)
(15, 34)
(15, 78)
(15, 89)
(15, 220)
(15, 221)
(15, 225)
(15, 233)
(15, 242)
(15, 244)
(15, 247)
(16, 133)
(16, 18)
(16, 147)
(16, 148)
(16, 25)
(16, 27)
(16, 28)
(16, 49)
(16, 185)
(16, 186)
(16, 188)
(16, 118)
(16, 198)
(16, 77)
(16, 82)
(16, 217)
(16, 90)
(16, 91)
(16, 246)
(16, 249)
(17, 134)
(17, 21)
(17, 24)
(17, 196)
(17, 29)
(17, 30)
(17, 39)
(17, 170)
(17, 54)
(17, 56)
(17, 58)
(17, 65)
(17, 67)
(17, 68)
(17, 70)
(17, 199)
(17, 216)
(17, 219)
(17, 223)
(17, 99)
(17, 114)
(17, 116)
(17, 119)
(17, 121)
(17, 122)
(17, 42)
(18, 80)
(18, 148)
(18, 133)
(18, 168)
(18, 77)
(18, 239)
(18, 208)
(18, 82)
(18, 147)
(18, 212)
(18, 181)
(18, 215)
(18, 185)
(18, 90)
(18, 91)
(18, 188)
(18, 126)
(18, 52)
(19, 130)
(19, 144)
(19, 21)
(19, 39)
(19, 30)
(19, 31)
(19, 165)
(19, 167)
(19, 170)
(19, 54)
(19, 56)
(19, 58)
(19, 194)
(19, 68)
(19, 201)
(19, 216)
(19, 92)
(19, 223)
(19, 97)
(19, 230)
(19, 231)
(19, 104)
(19, 106)
(19, 103)
(19, 114)
(19, 243)
(19, 119)
(19, 121)
(19, 122)
(19, 42)
(20, 129)
(20, 141)
(20, 142)
(20, 158)
(20, 159)
(20, 34)
(20, 37)
(20, 176)
(20, 177)
(20, 182)
(20, 183)
(20, 191)
(20, 200)
(20, 203)
(20, 206)
(20, 89)
(20, 221)
(20, 233)
(20, 110)
(20, 242)
(20, 115)
(20, 244)
(21, 130)
(21, 134)
(21, 39)
(21, 30)
(21, 31)
(21, 165)
(21, 167)
(21, 170)
(21, 51)
(21, 54)
(21, 56)
(21, 58)
(21, 194)
(21, 68)
(21, 199)
(21, 201)
(21, 78)
(21, 216)
(21, 92)
(21, 223)
(21, 97)
(21, 230)
(21, 231)
(21, 104)
(21, 106)
(21, 103)
(21, 114)
(21, 243)
(21, 116)
(21, 119)
(21, 121)
(21, 122)
(21, 42)
(22, 224)
(22, 192)
(22, 226)
(22, 36)
(22, 86)
(22, 137)
(22, 235)
(22, 125)
(22, 240)
(22, 84)
(22, 214)
(22, 87)
(22, 88)
(22, 57)
(22, 47)
(22, 156)
(22, 189)
(23, 133)
(23, 138)
(23, 151)
(23, 28)
(23, 169)
(23, 172)
(23, 174)
(23, 48)
(23, 49)
(23, 178)
(23, 186)
(23, 197)
(23, 198)
(23, 79)
(23, 83)
(23, 213)
(23, 93)
(23, 228)
(23, 232)
(23, 109)
(23, 111)
(23, 211)
(23, 246)
(23, 249)
(24, 65)
(24, 99)
(24, 196)
(24, 70)
(24, 199)
(24, 170)
(24, 29)
(24, 67)
(24, 121)
(24, 122)
(24, 42)
(24, 30)
(25, 133)
(25, 44)
(25, 138)
(25, 140)
(25, 146)
(25, 148)
(25, 154)
(25, 171)
(25, 172)
(25, 174)
(25, 49)
(25, 178)
(25, 184)
(25, 61)
(25, 198)
(25, 75)
(25, 77)
(25, 207)
(25, 83)
(25, 79)
(25, 232)
(25, 237)
(25, 246)
(25, 249)
(25, 124)
(26, 130)
(26, 134)
(26, 145)
(26, 149)
(26, 33)
(26, 162)
(26, 163)
(26, 39)
(26, 173)
(26, 176)
(26, 177)
(26, 51)
(26, 54)
(26, 116)
(26, 58)
(26, 187)
(26, 74)
(26, 34)
(26, 78)
(26, 216)
(26, 219)
(26, 220)
(26, 221)
(26, 225)
(26, 106)
(26, 236)
(26, 244)
(26, 247)
(27, 133)
(27, 151)
(27, 153)
(27, 28)
(27, 166)
(27, 49)
(27, 179)
(27, 183)
(27, 185)
(27, 186)
(27, 59)
(27, 60)
(27, 198)
(27, 73)
(27, 76)
(27, 81)
(27, 213)
(27, 217)
(27, 227)
(27, 229)
(27, 105)
(27, 110)
(27, 245)
(27, 118)
(28, 133)
(28, 151)
(28, 166)
(28, 172)
(28, 174)
(28, 49)
(28, 179)
(28, 185)
(28, 186)
(28, 59)
(28, 118)
(28, 198)
(28, 73)
(28, 76)
(28, 81)
(28, 213)
(28, 217)
(28, 93)
(28, 109)
(28, 245)
(28, 246)
(28, 249)
(29, 134)
(29, 30)
(29, 42)
(29, 173)
(29, 54)
(29, 58)
(29, 187)
(29, 65)
(29, 67)
(29, 196)
(29, 70)
(29, 199)
(29, 219)
(29, 223)
(29, 99)
(29, 116)
(29, 121)
(29, 122)
(29, 170)
(30, 196)
(30, 165)
(30, 170)
(30, 56)
(30, 58)
(30, 65)
(30, 67)
(30, 68)
(30, 70)
(30, 199)
(30, 201)
(30, 223)
(30, 99)
(30, 230)
(30, 103)
(30, 104)
(30, 114)
(30, 119)
(30, 121)
(30, 122)
(30, 42)
(31, 130)
(31, 135)
(31, 139)
(31, 39)
(31, 165)
(31, 167)
(31, 42)
(31, 51)
(31, 54)
(31, 56)
(31, 58)
(31, 194)
(31, 68)
(31, 201)
(31, 78)
(31, 216)
(31, 92)
(31, 223)
(31, 97)
(31, 230)
(31, 231)
(31, 104)
(31, 106)
(31, 103)
(31, 236)
(31, 114)
(31, 243)
(31, 119)
(31, 120)
(31, 121)
(31, 122)
(31, 123)
(32, 35)
(32, 75)
(32, 232)
(32, 169)
(32, 138)
(32, 107)
(32, 172)
(32, 178)
(32, 44)
(32, 143)
(32, 210)
(32, 83)
(32, 184)
(32, 79)
(32, 124)
(32, 61)
(33, 130)
(33, 134)
(33, 141)
(33, 145)
(33, 162)
(33, 163)
(33, 167)
(33, 173)
(33, 177)
(33, 51)
(33, 180)
(33, 54)
(33, 116)
(33, 58)
(33, 187)
(33, 66)
(33, 71)
(33, 74)
(33, 203)
(33, 34)
(33, 78)
(33, 216)
(33, 219)
(33, 220)
(33, 221)
(33, 225)
(33, 106)
(33, 39)
(33, 236)
(33, 244)
(33, 247)
(33, 123)
(34, 142)
(34, 145)
(34, 149)
(34, 158)
(34, 162)
(34, 163)
(34, 37)
(34, 173)
(34, 175)
(34, 176)
(34, 177)
(34, 182)
(34, 187)
(34, 191)
(34, 200)
(34, 206)
(34, 89)
(34, 220)
(34, 221)
(34, 225)
(34, 242)
(35, 75)
(35, 232)
(35, 169)
(35, 138)
(35, 107)
(35, 172)
(35, 178)
(35, 44)
(35, 143)
(35, 210)
(35, 83)
(35, 184)
(35, 79)
(35, 124)
(35, 61)
(36, 128)
(36, 132)
(36, 214)
(36, 137)
(36, 164)
(36, 45)
(36, 46)
(36, 47)
(36, 57)
(36, 189)
(36, 192)
(36, 69)
(36, 205)
(36, 84)
(36, 86)
(36, 87)
(36, 88)
(36, 95)
(36, 96)
(36, 226)
(36, 100)
(36, 234)
(36, 235)
(36, 240)
(36, 117)
(36, 248)
(36, 127)
(37, 129)
(37, 142)
(37, 89)
(37, 153)
(37, 157)
(37, 158)
(37, 159)
(37, 176)
(37, 177)
(37, 182)
(37, 183)
(37, 60)
(37, 190)
(37, 191)
(37, 200)
(37, 76)
(37, 206)
(37, 217)
(37, 221)
(37, 227)
(37, 233)
(37, 110)
(37, 242)
(37, 115)
(37, 105)
(38, 131)
(38, 132)
(38, 135)
(38, 139)
(38, 144)
(38, 150)
(38, 164)
(38, 46)
(38, 55)
(38, 64)
(38, 193)
(38, 195)
(38, 69)
(38, 248)
(38, 85)
(38, 222)
(38, 95)
(38, 96)
(38, 234)
(38, 117)
(38, 120)
(38, 127)
(39, 130)
(39, 134)
(39, 162)
(39, 163)
(39, 165)
(39, 167)
(39, 42)
(39, 51)
(39, 54)
(39, 58)
(39, 194)
(39, 68)
(39, 199)
(39, 74)
(39, 247)
(39, 78)
(39, 216)
(39, 92)
(39, 223)
(39, 97)
(39, 231)
(39, 104)
(39, 106)
(39, 103)
(39, 236)
(39, 114)
(39, 243)
(39, 116)
(39, 119)
(39, 121)
(39, 122)
(39, 123)
(40, 141)
(40, 163)
(40, 177)
(40, 180)
(40, 183)
(40, 52)
(40, 74)
(40, 66)
(40, 71)
(40, 202)
(40, 203)
(40, 204)
(40, 209)
(40, 217)
(40, 91)
(40, 221)
(40, 98)
(40, 233)
(40, 236)
(40, 110)
(40, 242)
(40, 244)
(40, 118)
(40, 247)
(41, 224)
(41, 61)
(41, 136)
(41, 168)
(41, 75)
(41, 171)
(41, 140)
(41, 237)
(41, 207)
(41, 152)
(41, 146)
(41, 184)
(41, 154)
(41, 155)
(41, 156)
(41, 125)
(41, 62)
(42, 130)
(42, 134)
(42, 68)
(42, 165)
(42, 170)
(42, 54)
(42, 56)
(42, 58)
(42, 65)
(42, 194)
(42, 67)
(42, 196)
(42, 70)
(42, 199)
(42, 201)
(42, 216)
(42, 92)
(42, 223)
(42, 99)
(42, 230)
(42, 231)
(42, 104)
(42, 106)
(42, 103)
(42, 114)
(42, 116)
(42, 119)
(42, 121)
(42, 122)
(43, 160)
(43, 227)
(43, 113)
(43, 108)
(43, 241)
(43, 53)
(43, 60)
(43, 157)
(43, 190)
(44, 138)
(44, 143)
(44, 146)
(44, 154)
(44, 155)
(44, 169)
(44, 171)
(44, 172)
(44, 174)
(44, 178)
(44, 184)
(44, 61)
(44, 75)
(44, 77)
(44, 79)
(44, 210)
(44, 83)
(44, 207)
(44, 232)
(44, 107)
(44, 249)
(44, 124)
(45, 128)
(45, 100)
(45, 226)
(45, 164)
(45, 86)
(45, 102)
(45, 137)
(45, 234)
(45, 63)
(45, 88)
(45, 57)
(45, 214)
(45, 87)
(45, 248)
(45, 132)
(45, 95)
(45, 222)
(45, 127)
(46, 131)
(46, 132)
(46, 135)
(46, 215)
(46, 150)
(46, 55)
(46, 57)
(46, 189)
(46, 64)
(46, 195)
(46, 69)
(46, 205)
(46, 80)
(46, 212)
(46, 85)
(46, 87)
(46, 218)
(46, 94)
(46, 96)
(46, 234)
(46, 235)
(46, 239)
(46, 240)
(46, 117)
(46, 248)
(46, 84)
(46, 127)
(47, 224)
(47, 192)
(47, 226)
(47, 86)
(47, 137)
(47, 235)
(47, 125)
(47, 240)
(47, 84)
(47, 214)
(47, 87)
(47, 88)
(47, 57)
(47, 156)
(47, 189)
(48, 228)
(48, 197)
(48, 232)
(48, 169)
(48, 172)
(48, 109)
(48, 174)
(48, 111)
(48, 211)
(48, 213)
(48, 151)
(48, 249)
(48, 79)
(48, 93)
(49, 133)
(49, 138)
(49, 169)
(49, 172)
(49, 174)
(49, 178)
(49, 185)
(49, 186)
(49, 198)
(49, 77)
(49, 79)
(49, 83)
(49, 213)
(49, 93)
(49, 228)
(49, 232)
(49, 109)
(49, 246)
(49, 249)
(50, 161)
(50, 72)
(50, 108)
(50, 206)
(50, 241)
(50, 115)
(50, 53)
(50, 182)
(50, 159)
(50, 157)
(50, 190)
(50, 191)
(51, 130)
(51, 134)
(51, 145)
(51, 162)
(51, 163)
(51, 167)
(51, 220)
(51, 173)
(51, 54)
(51, 58)
(51, 187)
(51, 199)
(51, 74)
(51, 247)
(51, 78)
(51, 216)
(51, 219)
(51, 92)
(51, 223)
(51, 225)
(51, 231)
(51, 106)
(51, 236)
(51, 116)
(51, 119)
(51, 123)
(52, 141)
(52, 147)
(52, 180)
(52, 185)
(52, 188)
(52, 66)
(52, 71)
(52, 202)
(52, 203)
(52, 204)
(52, 80)
(52, 209)
(52, 82)
(52, 212)
(52, 215)
(52, 218)
(52, 91)
(52, 94)
(52, 98)
(52, 101)
(52, 233)
(52, 236)
(52, 239)
(52, 244)
(52, 126)
(53, 161)
(53, 113)
(53, 72)
(53, 108)
(53, 241)
(53, 115)
(53, 157)
(53, 190)
(53, 159)
(54, 130)
(54, 134)
(54, 68)
(54, 162)
(54, 220)
(54, 170)
(54, 173)
(54, 58)
(54, 187)
(54, 67)
(54, 196)
(54, 70)
(54, 199)
(54, 78)
(54, 216)
(54, 219)
(54, 92)
(54, 223)
(54, 225)
(54, 99)
(54, 231)
(54, 106)
(54, 114)
(54, 116)
(54, 119)
(54, 121)
(54, 122)
(55, 131)
(55, 132)
(55, 135)
(55, 139)
(55, 150)
(55, 164)
(55, 64)
(55, 193)
(55, 195)
(55, 69)
(55, 248)
(55, 85)
(55, 222)
(55, 95)
(55, 96)
(55, 234)
(55, 117)
(55, 120)
(55, 127)
(56, 165)
(56, 170)
(56, 58)
(56, 65)
(56, 194)
(56, 67)
(56, 68)
(56, 199)
(56, 201)
(56, 92)
(56, 223)
(56, 99)
(56, 230)
(56, 231)
(56, 104)
(56, 103)
(56, 114)
(56, 119)
(56, 121)
(56, 122)
(57, 128)
(57, 132)
(57, 214)
(57, 137)
(57, 164)
(57, 189)
(57, 192)
(57, 69)
(57, 205)
(57, 84)
(57, 86)
(57, 87)
(57, 88)
(57, 95)
(57, 96)
(57, 226)
(57, 100)
(57, 234)
(57, 235)
(57, 240)
(57, 117)
(57, 248)
(57, 127)
(58, 130)
(58, 134)
(58, 162)
(58, 165)
(58, 167)
(58, 170)
(58, 173)
(58, 67)
(58, 68)
(58, 70)
(58, 199)
(58, 78)
(58, 216)
(58, 219)
(58, 92)
(58, 223)
(58, 225)
(58, 99)
(58, 103)
(58, 106)
(58, 231)
(58, 114)
(58, 116)
(58, 119)
(58, 121)
(58, 122)
(59, 238)
(59, 151)
(59, 153)
(59, 157)
(59, 160)
(59, 166)
(59, 179)
(59, 186)
(59, 60)
(59, 73)
(59, 76)
(59, 81)
(59, 211)
(59, 213)
(59, 217)
(59, 227)
(59, 229)
(59, 105)
(59, 110)
(59, 111)
(59, 112)
(59, 245)
(59, 118)
(60, 129)
(60, 238)
(60, 151)
(60, 153)
(60, 157)
(60, 158)
(60, 159)
(60, 160)
(60, 166)
(60, 179)
(60, 190)
(60, 73)
(60, 76)
(60, 81)
(60, 217)
(60, 227)
(60, 229)
(60, 105)
(60, 110)
(60, 112)
(60, 113)
(60, 245)
(61, 138)
(61, 140)
(61, 146)
(61, 154)
(61, 155)
(61, 171)
(61, 172)
(61, 178)
(61, 184)
(61, 62)
(61, 75)
(61, 77)
(61, 79)
(61, 210)
(61, 83)
(61, 207)
(61, 232)
(61, 107)
(61, 124)
(62, 224)
(62, 136)
(62, 168)
(62, 75)
(62, 171)
(62, 140)
(62, 237)
(62, 207)
(62, 208)
(62, 152)
(62, 146)
(62, 181)
(62, 184)
(62, 154)
(62, 155)
(62, 156)
(62, 125)
(63, 128)
(63, 226)
(63, 164)
(63, 86)
(63, 102)
(63, 137)
(63, 214)
(63, 87)
(63, 88)
(63, 100)
(63, 95)
(64, 131)
(64, 135)
(64, 139)
(64, 150)
(64, 167)
(64, 66)
(64, 195)
(64, 69)
(64, 202)
(64, 205)
(64, 85)
(64, 218)
(64, 94)
(64, 97)
(64, 98)
(64, 101)
(64, 236)
(64, 243)
(64, 117)
(64, 120)
(64, 123)
(64, 126)
(65, 68)
(65, 99)
(65, 196)
(65, 70)
(65, 230)
(65, 199)
(65, 170)
(65, 114)
(65, 67)
(65, 121)
(65, 122)
(65, 223)
(66, 141)
(66, 163)
(66, 167)
(66, 177)
(66, 180)
(66, 74)
(66, 71)
(66, 202)
(66, 203)
(66, 204)
(66, 78)
(66, 80)
(66, 209)
(66, 218)
(66, 221)
(66, 94)
(66, 97)
(66, 98)
(66, 101)
(66, 233)
(66, 106)
(66, 236)
(66, 244)
(66, 247)
(66, 123)
(66, 126)
(67, 99)
(67, 196)
(67, 70)
(67, 134)
(67, 199)
(67, 170)
(67, 116)
(67, 121)
(67, 122)
(67, 223)
(68, 130)
(68, 165)
(68, 167)
(68, 170)
(68, 194)
(68, 199)
(68, 201)
(68, 216)
(68, 92)
(68, 223)
(68, 99)
(68, 230)
(68, 231)
(68, 104)
(68, 103)
(68, 114)
(68, 243)
(68, 116)
(68, 119)
(68, 121)
(68, 122)
(69, 131)
(69, 132)
(69, 135)
(69, 215)
(69, 150)
(69, 222)
(69, 189)
(69, 195)
(69, 205)
(69, 212)
(69, 85)
(69, 87)
(69, 218)
(69, 94)
(69, 95)
(69, 96)
(69, 234)
(69, 235)
(69, 239)
(69, 117)
(69, 248)
(69, 84)
(69, 127)
(70, 99)
(70, 196)
(70, 134)
(70, 199)
(70, 170)
(70, 116)
(70, 121)
(70, 122)
(71, 141)
(71, 163)
(71, 177)
(71, 180)
(71, 183)
(71, 74)
(71, 202)
(71, 203)
(71, 204)
(71, 209)
(71, 218)
(71, 91)
(71, 221)
(71, 98)
(71, 101)
(71, 233)
(71, 236)
(71, 244)
(71, 247)
(71, 123)
(71, 126)
(72, 161)
(72, 200)
(72, 206)
(72, 175)
(72, 241)
(72, 115)
(72, 142)
(72, 182)
(72, 190)
(72, 191)
(73, 133)
(73, 238)
(73, 151)
(73, 153)
(73, 160)
(73, 166)
(73, 179)
(73, 185)
(73, 186)
(73, 76)
(73, 81)
(73, 213)
(73, 217)
(73, 227)
(73, 229)
(73, 105)
(73, 110)
(73, 112)
(73, 245)
(73, 118)
(74, 130)
(74, 141)
(74, 162)
(74, 163)
(74, 167)
(74, 177)
(74, 180)
(74, 202)
(74, 203)
(74, 204)
(74, 78)
(74, 209)
(74, 216)
(74, 220)
(74, 221)
(74, 225)
(74, 98)
(74, 101)
(74, 233)
(74, 106)
(74, 236)
(74, 244)
(74, 247)
(74, 123)
(75, 138)
(75, 140)
(75, 146)
(75, 154)
(75, 155)
(75, 171)
(75, 172)
(75, 178)
(75, 184)
(75, 77)
(75, 79)
(75, 83)
(75, 207)
(75, 232)
(75, 107)
(75, 124)
(76, 129)
(76, 238)
(76, 151)
(76, 153)
(76, 157)
(76, 158)
(76, 159)
(76, 160)
(76, 166)
(76, 179)
(76, 183)
(76, 186)
(76, 81)
(76, 213)
(76, 217)
(76, 227)
(76, 229)
(76, 105)
(76, 110)
(76, 112)
(76, 245)
(76, 118)
(77, 133)
(77, 138)
(77, 146)
(77, 148)
(77, 154)
(77, 168)
(77, 171)
(77, 172)
(77, 174)
(77, 178)
(77, 198)
(77, 207)
(77, 83)
(77, 90)
(77, 79)
(77, 237)
(77, 246)
(77, 249)
(78, 130)
(78, 134)
(78, 145)
(78, 162)
(78, 163)
(78, 167)
(78, 220)
(78, 173)
(78, 177)
(78, 180)
(78, 116)
(78, 247)
(78, 216)
(78, 92)
(78, 221)
(78, 225)
(78, 231)
(78, 106)
(78, 236)
(78, 244)
(78, 119)
(78, 123)
(79, 138)
(79, 143)
(79, 146)
(79, 169)
(79, 172)
(79, 174)
(79, 178)
(79, 198)
(79, 83)
(79, 93)
(79, 228)
(79, 232)
(79, 109)
(79, 246)
(79, 249)
(79, 124)
(80, 147)
(80, 148)
(80, 90)
(80, 188)
(80, 195)
(80, 202)
(80, 205)
(80, 209)
(80, 82)
(80, 212)
(80, 215)
(80, 218)
(80, 91)
(80, 94)
(80, 98)
(80, 101)
(80, 239)
(80, 126)
(81, 133)
(81, 238)
(81, 151)
(81, 153)
(81, 160)
(81, 166)
(81, 179)
(81, 185)
(81, 186)
(81, 198)
(81, 213)
(81, 217)
(81, 93)
(81, 227)
(81, 229)
(81, 105)
(81, 110)
(81, 111)
(81, 112)
(81, 245)
(81, 118)
(82, 147)
(82, 148)
(82, 152)
(82, 168)
(82, 181)
(82, 185)
(82, 188)
(82, 202)
(82, 205)
(82, 208)
(82, 209)
(82, 212)
(82, 215)
(82, 90)
(82, 91)
(82, 94)
(82, 98)
(82, 239)
(82, 126)
(83, 138)
(83, 143)
(83, 146)
(83, 169)
(83, 172)
(83, 174)
(83, 178)
(83, 184)
(83, 198)
(83, 228)
(83, 232)
(83, 107)
(83, 109)
(83, 246)
(83, 249)
(83, 124)
(84, 132)
(84, 214)
(84, 137)
(84, 181)
(84, 189)
(84, 192)
(84, 96)
(84, 205)
(84, 212)
(84, 86)
(84, 87)
(84, 88)
(84, 224)
(84, 226)
(84, 234)
(84, 235)
(84, 240)
(84, 117)
(85, 132)
(85, 135)
(85, 139)
(85, 144)
(85, 131)
(85, 150)
(85, 193)
(85, 194)
(85, 195)
(85, 248)
(85, 218)
(85, 94)
(85, 96)
(85, 97)
(85, 243)
(85, 117)
(85, 120)
(85, 127)
(86, 128)
(86, 226)
(86, 164)
(86, 102)
(86, 137)
(86, 234)
(86, 214)
(86, 87)
(86, 88)
(86, 100)
(86, 189)
(87, 128)
(87, 132)
(87, 137)
(87, 189)
(87, 192)
(87, 214)
(87, 88)
(87, 96)
(87, 226)
(87, 100)
(87, 102)
(87, 234)
(87, 235)
(87, 240)
(88, 192)
(88, 128)
(88, 226)
(88, 100)
(88, 102)
(88, 137)
(88, 214)
(88, 189)
(89, 129)
(89, 142)
(89, 157)
(89, 158)
(89, 159)
(89, 175)
(89, 176)
(89, 177)
(89, 182)
(89, 183)
(89, 190)
(89, 191)
(89, 200)
(89, 206)
(89, 221)
(89, 110)
(89, 242)
(89, 115)
(90, 136)
(90, 147)
(90, 148)
(90, 152)
(90, 156)
(90, 168)
(90, 181)
(90, 188)
(90, 208)
(90, 212)
(90, 215)
(90, 91)
(90, 224)
(90, 235)
(90, 237)
(90, 239)
(90, 240)
(91, 133)
(91, 147)
(91, 148)
(91, 185)
(91, 188)
(91, 202)
(91, 204)
(91, 209)
(91, 212)
(91, 215)
(91, 94)
(91, 98)
(91, 239)
(91, 126)
(92, 130)
(92, 139)
(92, 165)
(92, 167)
(92, 194)
(92, 201)
(92, 216)
(92, 223)
(92, 97)
(92, 230)
(92, 231)
(92, 104)
(92, 106)
(92, 103)
(92, 114)
(92, 243)
(92, 116)
(92, 119)
(92, 120)
(92, 121)
(92, 122)
(92, 123)
(93, 151)
(93, 169)
(93, 172)
(93, 174)
(93, 186)
(93, 197)
(93, 198)
(93, 211)
(93, 213)
(93, 228)
(93, 229)
(93, 232)
(93, 109)
(93, 238)
(93, 111)
(93, 112)
(93, 245)
(93, 246)
(93, 249)
(94, 135)
(94, 139)
(94, 147)
(94, 150)
(94, 180)
(94, 188)
(94, 195)
(94, 202)
(94, 205)
(94, 212)
(94, 215)
(94, 218)
(94, 96)
(94, 97)
(94, 98)
(94, 101)
(94, 236)
(94, 239)
(94, 117)
(94, 120)
(94, 123)
(94, 126)
(95, 128)
(95, 100)
(95, 226)
(95, 131)
(95, 132)
(95, 102)
(95, 96)
(95, 234)
(95, 117)
(95, 248)
(95, 164)
(95, 222)
(95, 127)
(96, 131)
(96, 132)
(96, 150)
(96, 164)
(96, 189)
(96, 195)
(96, 205)
(96, 212)
(96, 222)
(96, 234)
(96, 235)
(96, 239)
(96, 117)
(96, 248)
(96, 127)
(97, 130)
(97, 135)
(97, 139)
(97, 144)
(97, 150)
(97, 165)
(97, 167)
(97, 180)
(97, 194)
(97, 195)
(97, 202)
(97, 216)
(97, 218)
(97, 98)
(97, 101)
(97, 231)
(97, 104)
(97, 106)
(97, 103)
(97, 236)
(97, 243)
(97, 119)
(97, 120)
(97, 123)
(98, 135)
(98, 139)
(98, 150)
(98, 167)
(98, 180)
(98, 188)
(98, 195)
(98, 202)
(98, 204)
(98, 205)
(98, 209)
(98, 212)
(98, 215)
(98, 218)
(98, 101)
(98, 236)
(98, 239)
(98, 243)
(98, 120)
(98, 123)
(98, 126)
(99, 134)
(99, 170)
(99, 196)
(99, 199)
(99, 223)
(99, 114)
(99, 116)
(99, 121)
(99, 122)
(100, 128)
(100, 226)
(100, 164)
(100, 102)
(100, 137)
(100, 234)
(100, 214)
(100, 132)
(100, 222)
(100, 127)
(101, 135)
(101, 139)
(101, 150)
(101, 167)
(101, 180)
(101, 195)
(101, 202)
(101, 204)
(101, 209)
(101, 215)
(101, 218)
(101, 106)
(101, 236)
(101, 243)
(101, 244)
(101, 247)
(101, 120)
(101, 123)
(101, 126)
(102, 128)
(102, 226)
(102, 164)
(102, 137)
(102, 214)
(103, 130)
(103, 144)
(103, 165)
(103, 167)
(103, 170)
(103, 194)
(103, 201)
(103, 216)
(103, 223)
(103, 230)
(103, 231)
(103, 104)
(103, 114)
(103, 243)
(103, 119)
(103, 121)
(103, 122)
(104, 144)
(104, 165)
(104, 167)
(104, 194)
(104, 201)
(104, 223)
(104, 230)
(104, 231)
(104, 114)
(104, 243)
(104, 119)
(104, 121)
(104, 122)
(105, 129)
(105, 238)
(105, 151)
(105, 153)
(105, 157)
(105, 158)
(105, 159)
(105, 160)
(105, 166)
(105, 179)
(105, 190)
(105, 217)
(105, 227)
(105, 229)
(105, 110)
(105, 112)
(105, 113)
(105, 245)
(106, 130)
(106, 134)
(106, 162)
(106, 163)
(106, 165)
(106, 167)
(106, 180)
(106, 194)
(106, 247)
(106, 216)
(106, 223)
(106, 231)
(106, 236)
(106, 114)
(106, 243)
(106, 116)
(106, 119)
(106, 123)
(107, 146)
(107, 232)
(107, 140)
(107, 138)
(107, 171)
(107, 143)
(107, 178)
(107, 207)
(107, 210)
(107, 184)
(107, 154)
(107, 155)
(107, 124)
(108, 241)
(108, 190)
(109, 151)
(109, 169)
(109, 172)
(109, 174)
(109, 197)
(109, 198)
(109, 213)
(109, 228)
(109, 229)
(109, 232)
(109, 111)
(109, 211)
(109, 246)
(109, 249)
(110, 129)
(110, 142)
(110, 153)
(110, 157)
(110, 158)
(110, 159)
(110, 166)
(110, 177)
(110, 179)
(110, 183)
(110, 200)
(110, 203)
(110, 206)
(110, 141)
(110, 217)
(110, 221)
(110, 227)
(110, 233)
(110, 242)
(110, 118)
(111, 197)
(111, 228)
(111, 229)
(111, 198)
(111, 238)
(111, 174)
(111, 112)
(111, 211)
(111, 213)
(111, 151)
(111, 245)
(112, 160)
(112, 229)
(112, 197)
(112, 166)
(112, 238)
(112, 113)
(112, 211)
(112, 213)
(112, 151)
(112, 153)
(112, 179)
(112, 245)
(113, 160)
(113, 227)
(113, 229)
(113, 238)
(113, 153)
(113, 157)
(114, 130)
(114, 165)
(114, 167)
(114, 170)
(114, 194)
(114, 199)
(114, 201)
(114, 216)
(114, 223)
(114, 230)
(114, 231)
(114, 243)
(114, 116)
(114, 119)
(114, 121)
(114, 122)
(115, 161)
(115, 142)
(115, 200)
(115, 129)
(115, 206)
(115, 175)
(115, 176)
(115, 242)
(115, 158)
(115, 182)
(115, 159)
(115, 157)
(115, 190)
(115, 191)
(116, 130)
(116, 145)
(116, 162)
(116, 134)
(116, 170)
(116, 173)
(116, 187)
(116, 196)
(116, 199)
(116, 216)
(116, 219)
(116, 220)
(116, 223)
(116, 225)
(116, 231)
(116, 119)
(116, 121)
(116, 122)
(117, 132)
(117, 135)
(117, 139)
(117, 131)
(117, 150)
(117, 164)
(117, 189)
(117, 193)
(117, 195)
(117, 205)
(117, 248)
(117, 218)
(117, 222)
(117, 234)
(117, 120)
(117, 127)
(118, 166)
(118, 198)
(118, 233)
(118, 183)
(118, 179)
(118, 245)
(118, 217)
(118, 153)
(118, 185)
(118, 186)
(118, 133)
(119, 130)
(119, 165)
(119, 167)
(119, 170)
(119, 134)
(119, 194)
(119, 199)
(119, 201)
(119, 216)
(119, 223)
(119, 230)
(119, 231)
(119, 243)
(119, 121)
(119, 122)
(119, 123)
(120, 135)
(120, 139)
(120, 144)
(120, 131)
(120, 150)
(120, 167)
(120, 193)
(120, 194)
(120, 195)
(120, 202)
(120, 218)
(120, 231)
(120, 236)
(120, 243)
(120, 123)
(121, 130)
(121, 165)
(121, 170)
(121, 134)
(121, 194)
(121, 196)
(121, 199)
(121, 201)
(121, 216)
(121, 223)
(121, 230)
(121, 231)
(121, 122)
(122, 130)
(122, 165)
(122, 134)
(122, 194)
(122, 196)
(122, 199)
(122, 201)
(122, 216)
(122, 223)
(122, 230)
(122, 231)
(122, 170)
(123, 130)
(123, 135)
(123, 139)
(123, 150)
(123, 163)
(123, 167)
(123, 180)
(123, 194)
(123, 202)
(123, 209)
(123, 216)
(123, 218)
(123, 231)
(123, 236)
(123, 243)
(123, 247)
(123, 126)
(124, 138)
(124, 143)
(124, 146)
(124, 154)
(124, 155)
(124, 169)
(124, 171)
(124, 172)
(124, 178)
(124, 184)
(124, 207)
(124, 210)
(124, 232)
(125, 224)
(125, 192)
(125, 168)
(125, 235)
(125, 208)
(125, 237)
(125, 240)
(125, 136)
(125, 181)
(125, 152)
(125, 156)
(126, 135)
(126, 147)
(126, 150)
(126, 180)
(126, 188)
(126, 195)
(126, 202)
(126, 204)
(126, 205)
(126, 209)
(126, 212)
(126, 215)
(126, 218)
(126, 236)
(126, 239)
(127, 193)
(127, 195)
(127, 164)
(127, 234)
(127, 131)
(127, 248)
(127, 132)
(127, 222)
(128, 226)
(128, 132)
(128, 137)
(128, 234)
(128, 214)
(128, 164)
(129, 142)
(129, 153)
(129, 157)
(129, 158)
(129, 159)
(129, 166)
(129, 182)
(129, 183)
(129, 190)
(129, 191)
(129, 200)
(129, 206)
(129, 221)
(129, 227)
(129, 242)
(130, 134)
(130, 162)
(130, 163)
(130, 165)
(130, 167)
(130, 194)
(130, 199)
(130, 216)
(130, 223)
(130, 231)
(130, 236)
(130, 243)
(130, 247)
(131, 132)
(131, 135)
(131, 139)
(131, 150)
(131, 164)
(131, 193)
(131, 195)
(131, 205)
(131, 248)
(131, 222)
(131, 234)
(132, 164)
(132, 189)
(132, 193)
(132, 195)
(132, 205)
(132, 222)
(132, 226)
(132, 234)
(132, 248)
(133, 148)
(133, 172)
(133, 174)
(133, 179)
(133, 185)
(133, 186)
(133, 198)
(133, 217)
(133, 246)
(133, 249)
(134, 149)
(134, 162)
(134, 170)
(134, 173)
(134, 187)
(134, 196)
(134, 199)
(134, 216)
(134, 219)
(134, 220)
(134, 223)
(134, 225)
(134, 145)
(135, 139)
(135, 144)
(135, 150)
(135, 167)
(135, 193)
(135, 194)
(135, 195)
(135, 202)
(135, 205)
(135, 218)
(135, 243)
(135, 248)
(136, 224)
(136, 208)
(136, 168)
(136, 140)
(136, 235)
(136, 192)
(136, 237)
(136, 207)
(136, 240)
(136, 147)
(136, 148)
(136, 181)
(136, 152)
(136, 156)
(137, 192)
(137, 226)
(137, 234)
(137, 235)
(137, 214)
(137, 189)
(138, 143)
(138, 146)
(138, 154)
(138, 169)
(138, 171)
(138, 172)
(138, 174)
(138, 178)
(138, 184)
(138, 198)
(138, 207)
(138, 210)
(138, 228)
(138, 232)
(138, 246)
(138, 249)
(139, 144)
(139, 150)
(139, 165)
(139, 167)
(139, 193)
(139, 194)
(139, 195)
(139, 218)
(139, 231)
(139, 236)
(139, 243)
(140, 168)
(140, 171)
(140, 237)
(140, 207)
(140, 146)
(140, 184)
(140, 154)
(140, 155)
(141, 162)
(141, 163)
(141, 177)
(141, 180)
(141, 183)
(141, 202)
(141, 203)
(141, 204)
(141, 209)
(141, 217)
(141, 221)
(141, 233)
(141, 236)
(141, 242)
(141, 244)
(141, 247)
(142, 157)
(142, 158)
(142, 159)
(142, 175)
(142, 176)
(142, 177)
(142, 182)
(142, 183)
(142, 190)
(142, 191)
(142, 200)
(142, 206)
(142, 221)
(142, 242)
(143, 232)
(143, 169)
(143, 178)
(143, 210)
(144, 193)
(144, 194)
(144, 165)
(144, 230)
(144, 231)
(144, 201)
(144, 243)
(145, 149)
(145, 162)
(145, 163)
(145, 173)
(145, 175)
(145, 176)
(145, 187)
(145, 200)
(145, 219)
(145, 220)
(145, 225)
(146, 148)
(146, 154)
(146, 155)
(146, 168)
(146, 171)
(146, 172)
(146, 178)
(146, 184)
(146, 207)
(146, 237)
(146, 246)
(146, 249)
(147, 148)
(147, 152)
(147, 168)
(147, 181)
(147, 188)
(147, 202)
(147, 205)
(147, 208)
(147, 212)
(147, 215)
(147, 235)
(147, 237)
(147, 239)
(147, 240)
(148, 152)
(148, 168)
(148, 181)
(148, 185)
(148, 188)
(148, 212)
(148, 215)
(148, 208)
(148, 237)
(148, 239)
(149, 225)
(149, 162)
(149, 187)
(149, 173)
(149, 175)
(149, 176)
(149, 219)
(149, 220)
(150, 167)
(150, 193)
(150, 195)
(150, 205)
(150, 248)
(150, 218)
(150, 243)
(151, 160)
(151, 166)
(151, 179)
(151, 186)
(151, 197)
(151, 211)
(151, 213)
(151, 228)
(151, 229)
(151, 238)
(151, 245)
(152, 224)
(152, 208)
(152, 168)
(152, 235)
(152, 192)
(152, 237)
(152, 240)
(152, 212)
(152, 181)
(152, 156)
(153, 238)
(153, 157)
(153, 158)
(153, 159)
(153, 160)
(153, 166)
(153, 179)
(153, 190)
(153, 217)
(153, 227)
(153, 229)
(153, 245)
(154, 171)
(154, 237)
(154, 207)
(154, 184)
(154, 155)
(155, 171)
(155, 237)
(155, 207)
(155, 184)
(156, 224)
(156, 192)
(156, 168)
(156, 235)
(156, 208)
(156, 237)
(156, 240)
(156, 181)
(156, 189)
(157, 158)
(157, 159)
(157, 160)
(157, 166)
(157, 190)
(157, 206)
(157, 227)
(158, 159)
(158, 176)
(158, 177)
(158, 182)
(158, 183)
(158, 190)
(158, 191)
(158, 200)
(158, 206)
(158, 221)
(158, 227)
(158, 242)
(159, 160)
(159, 166)
(159, 182)
(159, 183)
(159, 190)
(159, 191)
(159, 200)
(159, 206)
(159, 227)
(159, 242)
(160, 227)
(160, 229)
(160, 166)
(160, 238)
(160, 179)
(160, 245)
(161, 206)
(161, 241)
(161, 182)
(161, 190)
(161, 191)
(162, 163)
(162, 173)
(162, 176)
(162, 177)
(162, 180)
(162, 187)
(162, 203)
(162, 216)
(162, 219)
(162, 220)
(162, 221)
(162, 225)
(162, 236)
(162, 244)
(162, 247)
(163, 167)
(163, 173)
(163, 177)
(163, 180)
(163, 203)
(163, 204)
(163, 209)
(163, 216)
(163, 220)
(163, 221)
(163, 225)
(163, 233)
(163, 236)
(163, 244)
(163, 247)
(164, 226)
(164, 234)
(164, 248)
(164, 222)
(165, 167)
(165, 194)
(165, 201)
(165, 216)
(165, 223)
(165, 230)
(165, 231)
(165, 243)
(165, 170)
(166, 238)
(166, 179)
(166, 183)
(166, 186)
(166, 213)
(166, 217)
(166, 227)
(166, 229)
(166, 245)
(167, 180)
(167, 194)
(167, 201)
(167, 216)
(167, 218)
(167, 223)
(167, 231)
(167, 236)
(167, 243)
(167, 247)
(168, 181)
(168, 192)
(168, 207)
(168, 208)
(168, 212)
(168, 224)
(168, 235)
(168, 237)
(168, 240)
(169, 172)
(169, 174)
(169, 178)
(169, 210)
(169, 228)
(169, 232)
(169, 246)
(169, 249)
(170, 196)
(170, 199)
(170, 223)
(170, 230)
(171, 237)
(171, 207)
(171, 184)
(172, 174)
(172, 178)
(172, 198)
(172, 228)
(172, 232)
(172, 246)
(172, 249)
(173, 176)
(173, 187)
(173, 199)
(173, 216)
(173, 219)
(173, 220)
(173, 225)
(174, 178)
(174, 197)
(174, 198)
(174, 213)
(174, 228)
(174, 232)
(174, 246)
(174, 249)
(175, 200)
(175, 206)
(175, 176)
(175, 182)
(175, 191)
(176, 182)
(176, 187)
(176, 191)
(176, 200)
(176, 206)
(176, 220)
(176, 225)
(176, 242)
(177, 180)
(177, 183)
(177, 203)
(177, 204)
(177, 209)
(177, 221)
(177, 233)
(177, 236)
(177, 242)
(177, 244)
(177, 247)
(178, 184)
(178, 210)
(178, 228)
(178, 232)
(178, 246)
(178, 249)
(179, 238)
(179, 185)
(179, 186)
(179, 213)
(179, 217)
(179, 227)
(179, 229)
(179, 245)
(180, 202)
(180, 203)
(180, 204)
(180, 209)
(180, 218)
(180, 221)
(180, 233)
(180, 236)
(180, 244)
(180, 247)
(181, 189)
(181, 192)
(181, 208)
(181, 212)
(181, 224)
(181, 235)
(181, 237)
(181, 239)
(181, 240)
(182, 190)
(182, 191)
(182, 200)
(182, 206)
(182, 242)
(183, 217)
(183, 203)
(183, 204)
(183, 209)
(183, 221)
(183, 233)
(183, 242)
(183, 244)
(184, 207)
(184, 210)
(185, 186)
(185, 188)
(185, 198)
(185, 209)
(185, 217)
(185, 233)
(186, 246)
(186, 198)
(186, 213)
(186, 217)
(186, 229)
(186, 245)
(186, 249)
(187, 225)
(187, 199)
(187, 219)
(187, 220)
(188, 202)
(188, 205)
(188, 239)
(188, 209)
(188, 212)
(188, 215)
(189, 192)
(189, 205)
(189, 208)
(189, 214)
(189, 224)
(189, 226)
(189, 234)
(189, 235)
(189, 239)
(189, 240)
(189, 212)
(190, 191)
(190, 206)
(190, 227)
(190, 241)
(191, 200)
(191, 206)
(191, 242)
(192, 208)
(192, 214)
(192, 224)
(192, 235)
(192, 237)
(192, 240)
(193, 195)
(193, 248)
(193, 222)
(194, 201)
(194, 216)
(194, 223)
(194, 230)
(194, 231)
(194, 243)
(195, 202)
(195, 205)
(195, 212)
(195, 215)
(195, 218)
(195, 234)
(195, 239)
(195, 243)
(195, 248)
(196, 199)
(197, 228)
(197, 229)
(197, 238)
(197, 211)
(197, 213)
(197, 245)
(198, 213)
(198, 228)
(198, 232)
(198, 246)
(198, 249)
(199, 216)
(199, 219)
(199, 223)
(200, 206)
(200, 221)
(200, 242)
(201, 223)
(201, 230)
(201, 231)
(201, 243)
(202, 203)
(202, 204)
(202, 205)
(202, 209)
(202, 212)
(202, 215)
(202, 218)
(202, 233)
(202, 236)
(202, 239)
(202, 244)
(202, 247)
(203, 204)
(203, 209)
(203, 217)
(203, 221)
(203, 233)
(203, 236)
(203, 242)
(203, 244)
(203, 247)
(204, 209)
(204, 221)
(204, 233)
(204, 236)
(204, 244)
(204, 247)
(205, 215)
(205, 218)
(205, 234)
(205, 235)
(205, 239)
(205, 240)
(205, 212)
(206, 227)
(206, 242)
(207, 237)
(208, 212)
(208, 224)
(208, 235)
(208, 237)
(208, 239)
(208, 240)
(209, 215)
(209, 218)
(209, 221)
(209, 233)
(209, 236)
(209, 244)
(209, 247)
(211, 228)
(211, 229)
(211, 238)
(211, 213)
(211, 245)
(212, 215)
(212, 218)
(212, 235)
(212, 239)
(212, 240)
(213, 228)
(213, 229)
(213, 238)
(213, 245)
(213, 246)
(213, 249)
(214, 226)
(214, 234)
(214, 235)
(215, 218)
(215, 239)
(216, 223)
(216, 225)
(216, 231)
(216, 236)
(216, 243)
(216, 247)
(217, 227)
(217, 233)
(217, 245)
(218, 236)
(218, 239)
(218, 243)
(219, 225)
(219, 220)
(220, 221)
(220, 225)
(220, 247)
(221, 233)
(221, 236)
(221, 242)
(221, 244)
(221, 247)
(222, 234)
(222, 248)
(223, 230)
(223, 231)
(223, 243)
(224, 235)
(224, 237)
(224, 240)
(225, 247)
(226, 234)
(227, 229)
(227, 245)
(228, 232)
(228, 246)
(228, 249)
(229, 238)
(229, 245)
(230, 231)
(231, 243)
(232, 246)
(232, 249)
(233, 236)
(233, 242)
(233, 244)
(233, 247)
(234, 235)
(234, 248)
(235, 237)
(235, 239)
(235, 240)
(236, 243)
(236, 244)
(236, 247)
(237, 240)
(238, 245)
(239, 240)
(242, 244)
(244, 247)
(246, 249)
