10.004009
10.004009
15.004009
15.004009
15.004009
15.004009
10.004009
10.004009
25.004009
15.007005
10.004009
15.004009
10.004009
10.004009
15.004009
10.004009
20.004009
10.004009
15.004009
15.004009
15.004009
20.004009
10.004009
15.004009
15.004009
15.004009
10.004009
20.004009
10.004009
15.004009
15.004009
10.004009
15.004009
15.004009
10.004009
15.004009
15.004009
15.004009
15.004009
15.004009
10.004009
15.004009
15.004009
10.004009
15.004009
20.004009
15.004009
10.004009
15.004009
20.004009
10.004009
15.004009
10.004009
15.004009
10.012005
15.004009
10.004009
10.004009
20.004009
15.004009
10.004009
15.004009
10.004009
15.004009
10.004009
15.004009
10.004009
15.004009
10.004009
20.004009
10.004009
15.004009
15.004009
10.004009
15.004009
20.004009
15.004009
10.007005
10.004009
10.007005
15.004009
15.004009
15.004009
15.004009
15.007005
20.004009
15.004009
20.004009
10.007005
15.004009
15.004009
15.004009
15.004009
15.004009
15.004009
15.004009
10.007005
15.004009
20.004009
15.004009
